C_final_list: [1.6605856499872154e-06, 1.5095915068073935e-06, 1.3685376714360545e-06, 1.241000526306474e-06, 1.1261287016640952e-06, 1.0224298850878757e-06, 9.275179730420285e-07, 8.41729794996649e-07, 7.628283084787472e-07, 6.917747292762464e-07, 6.270101608756165e-07, 5.674857530125536e-07, 5.140296415970242e-07, 4.6535569228241256e-07, 4.206309699322129e-07, 3.8011991347844745e-07, 3.4354083909988556e-07, 3.108591926041321e-07, 2.806982839615096e-07, 2.5317855206336477e-07, 2.283518898959431e-07, 2.059450346562901e-07, 1.8578282072670331e-07, 1.677984386890678e-07, 1.5144681638690492e-07, 1.370658485315965e-07, 1.2401164834275197e-07, 1.123038950002501e-07, 1.0160627582153413e-07, 9.193988224025652e-08, 8.316168113129278e-08, 7.529658304124402e-08, 6.821305051120536e-08, 6.157920875049008e-08, 5.5553370512034474e-08, 5.0130490500460024e-08, 4.5196525077892966e-08, 4.068743479403696e-08, 3.67290689272243e-08, 3.31699684744748e-08, 2.996492423286712e-08, 2.7032273517599376e-08, 2.4383261559031966e-08, 2.1933195252166097e-08, 1.9774073844279573e-08, 1.7796505735938917e-08, 1.603241597679717e-08, 1.4471144055286677e-08, 1.307092406525448e-08, 1.1790729039305742e-08]
ndim2: 500
W_list: [3.6]
L_list: [10.128168169839116]
