C_final_list: [1.8740449227981804e-06, 1.8195505726936848e-06, 1.7760251402609752e-06, 1.7277396683608692e-06, 1.6821708427773332e-06, 1.6380154757687556e-06, 1.5952082597225108e-06, 1.554156940172906e-06, 1.514513196509686e-06, 1.4756529362573346e-06, 1.4379941151661495e-06, 1.4012933971344897e-06, 1.3654033976601587e-06, 1.3303794594836843e-06, 1.2960589289954374e-06, 1.2626771114740787e-06, 1.2301152451194622e-06, 1.1982385995708623e-06, 1.1667961266081145e-06, 1.1364278401330615e-06, 1.106369046665518e-06, 1.0775626163456157e-06, 1.0489286130694344e-06, 1.0215791207188745e-06, 9.950073889557466e-07, 9.688668383481857e-07, 9.432035768966292e-07, 9.180417585912594e-07, 8.932202710358466e-07, 8.689257118625475e-07, 8.451290335038476e-07, 8.216327559598745e-07, 7.991627319405717e-07, 7.770360306044953e-07, 7.554737946301509e-07]
ndim2: 500
W_list: [1.4]
L_list: [37.85689299414218]
