R_list= [ 1  2  3  4  5  6  7  8  9 10 11 12 13 14 15 16 17 18 19 20 21 22 23 24
 25 26 27 28 29 30 31 32 33 34 35 36 37 38]
C_final_list= [4.061498230117534e-07, 3.587100353641228e-07, 3.155102077961031e-07, 2.761195210105573e-07, 2.413678609051073e-07, 2.1065140370949034e-07, 1.839470854151327e-07, 1.6059409485631755e-07, 1.40401770580846e-07, 1.2266037676840518e-07, 1.0701986314084941e-07, 9.317927716213663e-08, 8.110276122822574e-08, 7.059023893557952e-08, 6.134388654475657e-08, 5.332622192086898e-08, 4.636131555805686e-08, 4.0282081555759015e-08, 3.500538978261244e-08, 3.0374030323523785e-08, 2.6378319992172578e-08, 2.289683088885318e-08, 1.987461146982248e-08, 1.72549461069659e-08, 1.4976645436170942e-08, 1.3000684062820826e-08, 1.1296233452935449e-08, 9.792154384611501e-09, 8.488594251652857e-09, 7.3553756779119146e-09, 6.365165533304497e-09, 5.505914452608773e-09, 4.756756346983912e-09, 4.1068382488567286e-09, 3.53802122759676e-09, 3.0545581337516557e-09, 2.6383170943215113e-09, 2.280852784014293e-09]
W_list: [7]
L_list: [7.412226488586443]
