C_final_list: [1.847725035741951e-06, 1.7203750432838974e-06, 1.597589668640735e-06, 1.4836520168580178e-06, 1.3787084280160717e-06, 1.2813637457302424e-06, 1.1912409832238975e-06, 1.1074764886674436e-06, 1.0284567581786914e-06, 9.558657403545278e-07, 8.869049123859629e-07, 8.241944483294254e-07, 7.654466734864083e-07, 7.112639033149193e-07, 6.605494949809478e-07, 6.131859939278771e-07, 5.700370654162609e-07, 5.296749540973107e-07, 4.926108762997201e-07, 4.5824673049259864e-07, 4.260534239493762e-07, 3.9557775452068725e-07, 3.675835473040473e-07, 3.4139154560361533e-07, 3.166577927834675e-07, 2.934836671523002e-07, 2.719825325509743e-07, 2.5204445952317525e-07, 2.3339135975542184e-07, 2.1610992376163462e-07, 2.002363369289471e-07, 1.8568134954037682e-07, 1.72046385822836e-07, 1.592907141041106e-07, 1.476261937320641e-07, 1.3664786116490526e-07, 1.2652057910481695e-07, 1.1731062972893027e-07, 1.0871089238106619e-07, 1.0075863558045328e-07, 9.344151718963929e-08, 8.660158819918768e-08, 8.023770845696569e-08, 7.424579717401698e-08, 6.877382845836688e-08, 6.372382092693139e-08, 5.904342812067052e-08, 5.474126264174892e-08, 5.063169114211578e-08, 4.682314881400731e-08]
ndim2: 500
W_list: [3.1999999999999997]
L_list: [13.549422953956881]
