C_final_list: [2.083886759020952e-06, 1.9747400398387888e-06, 1.8686312002102455e-06, 1.7700332717150268e-06, 1.6759848504468821e-06, 1.5873506954999557e-06, 1.5031328464908115e-06, 1.4211564652243324e-06, 1.3449258088366528e-06, 1.2718787768671685e-06, 1.2033088067997812e-06, 1.1387045474927806e-06, 1.0771282391856348e-06, 1.0190025549099902e-06, 9.630978075096393e-07, 9.086622058452544e-07, 8.5797546825386e-07, 8.108719134679018e-07, 7.656782482119568e-07, 7.225304059621956e-07, 6.82292720762378e-07, 6.440959245390182e-07, 6.084218090673254e-07, 5.745820589079405e-07, 5.426653370293934e-07, 5.119567195671552e-07, 4.830197149003102e-07, 4.554030610628418e-07, 4.296039595685893e-07, 4.0509810424074566e-07, 3.818626306192342e-07, 3.5994520738478935e-07, 3.393167705601069e-07, 3.1975739699422756e-07, 3.011391354401367e-07, 2.8340391116528896e-07, 2.666348054289974e-07, 2.5095978882595627e-07, 2.3596905566779133e-07, 2.2196820922251562e-07, 2.088871611767002e-07, 1.9674679112109156e-07, 1.8530195459296178e-07, 1.7461197384124153e-07, 1.64516022427614e-07, 1.5479883118435548e-07, 1.4557460700058232e-07, 1.3690955881950568e-07, 1.2865536757315788e-07, 1.209453462615225e-07]
ndim2: 500
W_list: [2.8499999999999996]
L_list: [17.677862954697375]
