C_list:
2.0272136256317473e-06 0.14079273865296618
ndim2: 500
W_list: [2.4]
L_list: [7.102639025048415]
