C_final_list: [1.4653334394829734e-06, 1.434056150926818e-06, 1.4026581889622865e-06, 1.3719754579959697e-06, 1.3419216343801227e-06, 1.312575684058869e-06, 1.2836192168229955e-06, 1.2553826074724892e-06, 1.228114898768943e-06, 1.2014828609097652e-06, 1.175545335454174e-06, 1.1501457961432406e-06, 1.1253228569720567e-06, 1.1013151603173636e-06, 1.0778937809019223e-06, 1.0547903162887413e-06, 1.0319492200236736e-06, 1.0097498789616026e-06, 9.8796171650789e-07, 9.665548237259762e-07, 9.454474297373201e-07, 9.247454833698221e-07, 9.044684864717379e-07, 8.846810996951064e-07, 8.65182122231061e-07, 8.461975769576728e-07, 8.2753935540102e-07, 8.092076790829304e-07, 7.91246352176139e-07, 7.737419313657943e-07, 7.564043035505252e-07, 7.39315849919726e-07, 7.226873420768832e-07, 7.067144340397769e-07, 6.910777645795709e-07, 6.759918614643505e-07, 6.611699189186731e-07, 6.465960167540954e-07, 6.323047892414346e-07, 6.182678058055934e-07, 6.045755976626952e-07, 5.911011239619229e-07, 5.778664615010324e-07, 5.648667882676828e-07, 5.521763811805725e-07, 5.397605491106413e-07, 5.276062309733639e-07, 5.156596825743463e-07, 5.040155307791402e-07, 4.927305702212152e-07]
ndim2: 500
W_list: [3.3]
L_list: [45.187217311144245]
