R_list= [ 1  2  3  4  5  6  7  8  9 10 11 12 13 14 15 16 17 18 19 20 21 22 23 24
 25 26 27 28 29 30 31 32 33 34 35 36 37 38]
C_final_list= [9.96374668245214e-07, 8.703632065240026e-07, 7.628060421935456e-07, 6.678045968608354e-07, 5.838692920583538e-07, 5.104666229836094e-07, 4.4644794587187615e-07, 3.8971932094454496e-07, 3.393354158184286e-07, 2.946357925663615e-07, 2.5614608027343324e-07, 2.2267607555264025e-07, 1.9354296326551177e-07, 1.6827125177472674e-07, 1.4602142979174973e-07, 1.2669919831448443e-07, 1.1022409177905409e-07, 9.573401652190852e-08, 8.333573709384104e-08, 7.266057022330441e-08, 6.322152990658489e-08, 5.498338359703939e-08, 4.779002347627746e-08, 4.1477809521281365e-08, 3.5940502897379544e-08, 3.110416858814248e-08, 2.6960863874713592e-08, 2.3317427690603607e-08, 2.0116845316720814e-08, 1.7324385281398523e-08, 1.491348281744616e-08, 1.2841718198168987e-08, 1.1087656321979765e-08, 9.524033476412436e-09, 8.170610963387794e-09, 7.0270900244064086e-09, 6.031055328035408e-09, 5.175052183926002e-09]
W_list: [6]
L_list: [7.330276744517026]
