R_list= [ 1  2  3  4  5  6  7  8  9 10 11 12 13 14 15 16 17 18 19 20 21 22 23 24
 25 26 27 28 29 30 31 32 33 34 35 36 37 38]
C_final_list= [1.6317363743407925e-07, 6.39907827760919e-08, 1.973296968256792e-08, 5.366223004678066e-09, 1.3730167081023671e-09, 3.4110610379082334e-10, 8.285626847768113e-11, 2.0016030532315832e-11, 4.915261616767229e-12, 1.2338115328365012e-12, 3.0881714806503e-13, 7.688062851055698e-14, 1.850975528241372e-14, 4.319533205740103e-15, 1.0095063826382396e-15, 2.358289296166013e-16, 5.605910036204652e-17, 1.3507689390899003e-17, 3.01839441139633e-18, 6.362103260094401e-19, 1.3458618651127698e-19, 2.9758411961463756e-20, 6.923660003656579e-21, 1.728504655187233e-21, 4.916560282442216e-22, 1.7513649599811352e-22, 8.359460543184105e-23, 5.141076085717627e-23, 3.755517433106305e-23, 3.097186611088503e-23, 2.752730210133723e-23, 2.6024984914656913e-23, 2.5646449853312207e-23, 2.605032990341925e-23, 2.766549504124528e-23, 2.8856992847576537e-23, 2.90551508693991e-23, 3.070499981597584e-23]
W_list: [6]
L_list: [1.0029910604163732]
