R_list= [ 1  2  3  4  5  6  7  8  9 10 11 12 13 14 15 16 17 18 19 20 21 22 23 24
 25 26 27 28 29 30 31 32 33 34 35 36 37 38]
C_final_list= [3.6369548311521116e-05, 2.3821071615150494e-05, 1.552812811689544e-05, 1.0108920992997612e-05, 6.562868142758478e-06, 4.255842524626634e-06, 2.742335524390304e-06, 1.765174855741823e-06, 1.1367109298827047e-06, 7.362116941876155e-07, 4.7635168901533377e-07, 3.0784972716828423e-07, 1.98964995848624e-07, 1.2776262250315508e-07, 8.231996212088344e-08, 5.288329014735132e-08, 3.39354179746962e-08, 2.1827751558113644e-08, 1.4032509408333977e-08, 9.047200446673449e-09, 5.82014155249986e-09, 3.725699638551231e-09, 2.3974477308110393e-09, 1.5331944606248582e-09, 9.75061380880809e-10, 6.228285638593961e-10, 3.9036999995791927e-10, 2.465816809895004e-10, 1.5555246810181818e-10, 1.0066842974494617e-10, 6.562471535676786e-11, 4.267778217022995e-11, 2.7703150874627322e-11, 1.782515893235824e-11, 1.1414437046922048e-11, 7.35639604387065e-12, 4.759238955378759e-12, 3.1238459786254227e-12]
W_list: [8.15]
L_list: [2.3371329377819894]
