R_list= [ 1  2  3  4  5  6  7  8  9 10 11 12 13 14 15 16 17 18 19 20 21 22 23 24
 25 26 27 28 29 30 31 32 33 34 35 36 37 38]
C_final_list= [2.1075362377506577e-06, 1.830960490178327e-06, 1.5730196010265097e-06, 1.344375314206318e-06, 1.147344186184717e-06, 9.79282126867669e-07, 8.345875249702866e-07, 7.106037055255267e-07, 6.048743929040507e-07, 5.144209590965316e-07, 4.3767135086351896e-07, 3.722545892295503e-07, 3.1662453327774694e-07, 2.6926958904499605e-07, 2.289412753172353e-07, 1.9460772819257846e-07, 1.65218106533518e-07, 1.4022590095787278e-07, 1.1896492081804102e-07, 1.0085956664150198e-07, 8.547046226968685e-08, 7.238950819352537e-08, 6.140028018121009e-08, 5.2041048685457116e-08, 4.408433893915705e-08, 3.7299123050678654e-08, 3.1552852128300514e-08, 2.6717190451187562e-08, 2.2601756455033075e-08, 1.911777349180875e-08, 1.6164634448649022e-08, 1.3680862225756873e-08, 1.1586505333915873e-08, 9.81079255605456e-09, 8.312477168478683e-09, 7.050476177458849e-09, 5.977752930012421e-09, 5.064805224380572e-09]
W_list: [8.45]
L_list: [6.339444788866814]
