R_list= [ 1  2  3  4  5  6  7  8  9 10 11 12 13 14 15 16 17 18 19 20 21 22 23 24
 25 26 27 28 29 30 31 32 33 34 35 36 37 38]
C_final_list= [2.067275154228539e-06, 2.019943546191306e-06, 1.9744628453432615e-06, 1.931272239545367e-06, 1.8891708085626658e-06, 1.8481127523763747e-06, 1.808472216219922e-06, 1.7693674263805157e-06, 1.7309976872347198e-06, 1.6935833436418767e-06, 1.6564783716078812e-06, 1.6204544785899843e-06, 1.5849893422369968e-06, 1.5500214093225415e-06, 1.5158458137329427e-06, 1.482298154872428e-06, 1.4499785028701623e-06, 1.4179444497119816e-06, 1.3868666615505978e-06, 1.356395598561478e-06, 1.3261260821386147e-06, 1.2966708444275733e-06, 1.2674214203384806e-06, 1.2394249136033835e-06, 1.2118232238908604e-06, 1.184798975560687e-06, 1.1583248863759868e-06, 1.132148581302055e-06, 1.1064390475164396e-06, 1.0815256442167265e-06, 1.0570961111679556e-06, 1.0331561508028598e-06, 1.0095359934650963e-06, 9.866456853352711e-07, 9.645042930901407e-07, 9.428654843761444e-07, 9.218327446812067e-07, 9.012614351910513e-07]
W_list: [4]
L_list: [44.77653678620003]
