C_final_list: [2.0713813903596682e-06, 1.9712495147162923e-06, 1.8721950416942171e-06, 1.7773007899991113e-06, 1.6874357461758445e-06, 1.602879887083183e-06, 1.522698805071123e-06, 1.4452251581421274e-06, 1.3724204190331343e-06, 1.3031803560089391e-06, 1.2376376577679566e-06, 1.17538448790086e-06, 1.1158766907213768e-06, 1.0596135405305359e-06, 1.0056856013220268e-06, 9.545050093272264e-07, 9.054482718535816e-07, 8.59531349004663e-07, 8.150686114093783e-07, 7.727427556765409e-07, 7.325913906922958e-07, 6.949888289572565e-07, 6.591260176243938e-07, 6.248651940584831e-07, 5.923555521555626e-07, 5.61942217269587e-07, 5.325931314006006e-07, 5.049814274956344e-07, 4.785731911869286e-07, 4.536245300148644e-07, 4.3016508898989354e-07, 4.0770409077402325e-07, 3.862824657273155e-07, 3.659867253767728e-07, 3.467496056792594e-07]
ndim2: 500
W_list: [2.6]
L_list: [19.153685240228608]
