R_list= [ 1  2  3  4  5  6  7  8  9 10 11 12 13 14 15 16 17 18 19 20 21 22 23 24
 25 26 27 28 29 30 31 32 33 34 35 36 37 38]
C_final_list= [8.735673716431923e-07, 6.731342840716256e-07, 5.324793493233854e-07, 4.213110777928147e-07, 3.318581744206943e-07, 2.6125690639652423e-07, 2.0554703798460577e-07, 1.6122330616471012e-07, 1.265676158625711e-07, 9.908260324711068e-08, 7.770108316982873e-08, 6.07917059001873e-08, 4.748158301498081e-08, 3.723926131046089e-08, 2.9045467969342576e-08, 2.265536958456456e-08, 1.7628496845411733e-08, 1.3681206448053282e-08, 1.0590527031089612e-08, 8.18839795001178e-09, 6.3704410570867956e-09, 4.9298169853825586e-09, 3.8209530007984525e-09, 2.9444768835897044e-09, 2.2626578451460304e-09, 1.7378958249551894e-09, 1.335389982811964e-09, 1.0317582653378753e-09, 7.966036635049733e-10, 6.134205362948968e-10, 4.733653468047879e-10, 3.6416091649062295e-10, 2.7926184512154057e-10, 2.1324722398308551e-10, 1.640834536683388e-10, 1.2715023075570904e-10, 9.952756788684735e-11, 7.833071978604717e-11]
W_list: [6]
L_list: [4.141469854900939]
