R_list= [ 1  2  3  4  5  6  7  8  9 10 11 12 13 14 15 16 17 18 19 20 21 22 23 24
 25 26 27 28 29 30 31 32 33 34 35 36 37 38]
C_final_list= [1.3525139865282774e-06, 1.294411492193067e-06, 1.2392297750136997e-06, 1.186274624332427e-06, 1.1347767930834864e-06, 1.0857235412877161e-06, 1.039130870872672e-06, 9.94006811858655e-07, 9.505686809980776e-07, 9.089883691903095e-07, 8.687828850988111e-07, 8.303964148685743e-07, 7.938248832399043e-07, 7.590346636896608e-07, 7.260513982951386e-07, 6.944516886082236e-07, 6.64053938023096e-07, 6.352115635599038e-07, 6.0779460650406e-07, 5.811456690614088e-07, 5.557100224709508e-07, 5.31279886288699e-07, 5.078701932886791e-07, 4.855734623871591e-07, 4.642947486251622e-07, 4.4399954481885094e-07, 4.244769890969433e-07, 4.059831144525544e-07, 3.881556437032517e-07, 3.709745971484309e-07, 3.5459433103668244e-07, 3.3880710733355553e-07, 3.2373661481800355e-07, 3.092366419748015e-07, 2.9544757071698416e-07, 2.8224499356214286e-07, 2.696823084596147e-07, 2.5770032263804656e-07]
W_list: [5]
L_list: [22.389453539123366]
