C_final_list: [1.7032170606058284e-06, 1.6788169641631346e-06, 1.6544882304960692e-06, 1.631216554258421e-06, 1.608454153602663e-06, 1.5863520140712073e-06, 1.5646561261075026e-06, 1.543603790729981e-06, 1.5225395004400005e-06, 1.5017970964947054e-06, 1.4814071215879853e-06, 1.4613381458531279e-06, 1.4417315149616732e-06, 1.422557799932802e-06, 1.4034869771080887e-06, 1.3845642615186316e-06, 1.3661443892188567e-06, 1.3478941856959505e-06, 1.329707994942502e-06, 1.3116986961045893e-06, 1.293923205676305e-06, 1.2763914115538321e-06, 1.25917153992507e-06, 1.2421495356160722e-06, 1.2255612704134858e-06, 1.2090119104166913e-06, 1.1926640248530344e-06, 1.1765079396267012e-06, 1.160542520647182e-06, 1.144907727813959e-06, 1.1294268719489233e-06, 1.114313508928928e-06, 1.09900649679005e-06, 1.084111030925751e-06, 1.0693479436904077e-06]
ndim2: 500
W_list: [2.8]
L_list: [73.37271433585359]
