C_final_list: [1.880559429853121e-06, 1.7575429098675816e-06, 1.6431777845219524e-06, 1.5351529547833049e-06, 1.4350341767135216e-06, 1.3407518215849724e-06, 1.2514107165783462e-06, 1.1673382113703375e-06, 1.0873431061433737e-06, 1.0135378027559204e-06, 9.446065017144178e-07, 8.814091548540427e-07, 8.216785469353471e-07, 7.658302786729722e-07, 7.13239383253279e-07, 6.639371560955103e-07, 6.17349347177018e-07, 5.739727652027963e-07, 5.346472253207291e-07, 4.972594997734631e-07, 4.6273286089583206e-07, 4.303986611842311e-07, 4.004354380526375e-07, 3.726538536197194e-07, 3.46648838061596e-07, 3.22625086077374e-07, 3.000541330851613e-07, 2.792990417766096e-07, 2.5989648890141295e-07, 2.416306245606293e-07, 2.248470555573889e-07, 2.0901110954344383e-07, 1.9411314085728876e-07, 1.8036541359443367e-07, 1.678978772863143e-07, 1.5603101953419273e-07, 1.4479672842817618e-07, 1.3438042971917678e-07, 1.246982956237469e-07, 1.1572575768725518e-07, 1.0751913993514691e-07, 9.985466041671287e-08, 9.26972420162068e-08, 8.604455908248521e-08, 7.982686964761037e-08, 7.397256506787476e-08, 6.847623427388579e-08, 6.349627096560464e-08, 5.8905568713908074e-08, 5.467547383694879e-08]
ndim2: 500
W_list: [3.15]
L_list: [14.18680786508991]
