C_final_list: [1.6320008774406336e-06, 1.608818473841395e-06, 1.5853345896599883e-06, 1.5627165992930516e-06, 1.5404878475337567e-06, 1.5186976745923314e-06, 1.4970218787045315e-06, 1.4759691006808767e-06, 1.4551126048032736e-06, 1.4348218358307105e-06, 1.4149906159039645e-06, 1.395433388966346e-06, 1.3759664487037314e-06, 1.356996531736389e-06, 1.3380851673530798e-06, 1.3192505471519385e-06, 1.3006346009859214e-06, 1.282256806068286e-06, 1.2642559124052037e-06, 1.246192788654211e-06, 1.228567612578434e-06, 1.2112427954677492e-06, 1.19414912700157e-06, 1.1771462480688631e-06, 1.1603806951510693e-06, 1.1440023097373623e-06, 1.1279342626039282e-06, 1.1118951678015543e-06, 1.0960460340127382e-06, 1.0802345683068545e-06, 1.064732722811481e-06, 1.0494259434818066e-06, 1.034154742555612e-06, 1.0193027104371397e-06, 1.0047275669153243e-06]
ndim2: 500
W_list: [2.4]
L_list: [70.384987183167]
