C_list:
1.4334375424002529e-06 0.0133797385256549
ndim2: 500
W_list: [1.5999999999999999]
L_list: [74.7398761255727]
