R_list= [ 1  2  3  4  5  6  7  8  9 10 11 12 13 14 15 16 17 18 19 20 21 22 23 24
 25 26 27 28 29 30 31 32 33 34 35 36 37 38]
C_final_list= [9.493909721703445e-07, 8.362928287289485e-07, 7.351464549251643e-07, 6.449969259812554e-07, 5.666758789135951e-07, 4.97090062825071e-07, 4.362742006042471e-07, 3.834211836079855e-07, 3.370723007705547e-07, 2.963012855603287e-07, 2.609712130324859e-07, 2.2985998574413196e-07, 2.0223086271370417e-07, 1.7732783876255423e-07, 1.5537551840568852e-07, 1.360083514965999e-07, 1.1884509566826194e-07, 1.0391797340167898e-07, 9.088143576819605e-08, 7.956327438019562e-08, 6.968253756054775e-08, 6.102677937929634e-08, 5.34032246651213e-08, 4.660604817391541e-08, 4.0616690277076514e-08, 3.5491184867884664e-08, 3.106236691441267e-08, 2.723366781232203e-08, 2.390152874609836e-08, 2.0949193391936504e-08, 1.8323413782608505e-08, 1.5990032435869754e-08, 1.3954971451193663e-08, 1.2192889645543246e-08, 1.063968247063149e-08, 9.263430000561207e-09, 8.056928422267913e-09, 7.017638495033233e-09]
W_list: [6]
L_list: [7.701297918148181]
