R_list= [ 1  2  3  4  5  6  7  8  9 10 11 12 13 14 15 16 17 18 19 20 21 22 23 24
 25 26 27 28 29 30 31 32 33 34 35 36 37 38]
C_final_list= [3.9512025217857977e-07, 3.605927043778513e-07, 3.2679271791902756e-07, 2.94740712060721e-07, 2.653550299853932e-07, 2.3863983526593696e-07, 2.1451524933717927e-07, 1.9282664995322198e-07, 1.7327324409364071e-07, 1.557622929082155e-07, 1.4002066721551887e-07, 1.2588702010474464e-07, 1.1312731273992573e-07, 1.0158754304263342e-07, 9.114036607971791e-08, 8.175076081666488e-08, 7.328171427206848e-08, 6.563517624828194e-08, 5.8775443880640125e-08, 5.2551215945447896e-08, 4.696690468687023e-08, 4.1980651249572145e-08, 3.751787955468492e-08, 3.3556547866255505e-08, 3.00200272278491e-08, 2.6850837515237103e-08, 2.4016589103388713e-08, 2.1452897155662412e-08, 1.9145274593720063e-08, 1.7065689346263263e-08, 1.5193120848967055e-08, 1.3522195319931699e-08, 1.2042934770557566e-08, 1.07228113783127e-08, 9.54117422669973e-09, 8.484718566432161e-09, 7.548613403363888e-09, 6.721108805704909e-09]
W_list: [7]
L_list: [9.433603650939515]
