C_final_list: [1.2092562165368186e-06, 1.1742174879092074e-06, 1.1385336310013194e-06, 1.103792807459266e-06, 1.0695659185696594e-06, 1.0358575797142625e-06, 1.003088099435534e-06, 9.714742411210844e-07, 9.407106628588099e-07, 9.111647327029288e-07, 8.8254400884122e-07, 8.548794844806147e-07, 8.282600883347807e-07, 8.022947023820297e-07, 7.769735502405201e-07, 7.524729701184795e-07, 7.289103914882258e-07, 7.059905171033112e-07, 6.835516559825914e-07, 6.619703423361068e-07, 6.407971770644029e-07, 6.203726958187353e-07, 6.007201533811391e-07, 5.818202584714329e-07, 5.633759708873937e-07, 5.453869368019608e-07, 5.281005670783401e-07, 5.113317999876066e-07, 4.950223317001724e-07, 4.792987302202621e-07, 4.639930419208945e-07, 4.491932561046246e-07, 4.3467293772097584e-07, 4.207494051300098e-07, 4.073061780257944e-07, 3.9435960526870213e-07, 3.818442144657044e-07, 3.695621213490423e-07, 3.5757465555933624e-07, 3.4599288148774276e-07, 3.3470383440196884e-07, 3.23747972798756e-07, 3.131564799174969e-07, 3.028552916290654e-07, 2.928297074279478e-07, 2.8305916191718037e-07, 2.7363689552589525e-07, 2.644811415081456e-07, 2.5566475365167833e-07, 2.4713557798985914e-07]
ndim2: 500
W_list: [3.6]
L_list: [31.09145443373414]
