R_list= [ 1  2  3  4  5  6  7  8  9 10 11 12 13 14 15 16 17 18 19 20 21 22 23 24
 25 26 27 28 29 30 31 32 33 34 35 36 37 38]
C_final_list= [6.261214676329032e-07, 5.201821371886908e-07, 4.2985358507476875e-07, 3.542303760395764e-07, 2.9174012540176527e-07, 2.4008643265060675e-07, 1.9755906904090967e-07, 1.6245805315050414e-07, 1.3353565727004762e-07, 1.0981821740212291e-07, 9.017250754788197e-08, 7.379681607308386e-08, 6.048716824697393e-08, 4.9507169530077684e-08, 4.04909178188656e-08, 3.306597083173042e-08, 2.691265076249278e-08, 2.188946393608228e-08, 1.7753481312495324e-08, 1.4343548181267571e-08, 1.1602761047455882e-08, 9.40148147928753e-09, 7.582754920408902e-09, 6.099173696383601e-09, 4.902299752460677e-09, 3.937466243762309e-09, 3.1724557617207468e-09, 2.553479179674524e-09, 2.055249111180791e-09, 1.6528726417530903e-09, 1.3274386227834441e-09, 1.0684113720683506e-09, 8.609472890409603e-10, 6.957784705619561e-10, 5.621054517749816e-10, 4.534150813882065e-10, 3.6684664776381347e-10, 2.95867407444127e-10]
W_list: [7.0]
L_list: [5.159015613451437]
