C_final_list: [1.6974248284741922e-06, 1.6426542086601174e-06, 1.587712745465817e-06, 1.5352699856759893e-06, 1.485123541703431e-06, 1.4368658061995851e-06, 1.3898724904289368e-06, 1.3441938280230944e-06, 1.300065263656435e-06, 1.2566698468324215e-06, 1.214079347232136e-06, 1.1734396178271926e-06, 1.1338892804189852e-06, 1.0959727250097545e-06, 1.0591389241425738e-06, 1.0237195735178238e-06, 9.892230339656887e-07, 9.561781154120938e-07, 9.236078183567106e-07, 8.925456371596166e-07, 8.625821680854465e-07, 8.333996700831355e-07, 8.049758464686369e-07, 7.774207941011003e-07, 7.504100445146866e-07, 7.245624440817186e-07, 6.998376901012015e-07, 6.758229550244225e-07, 6.52576078084222e-07, 6.301255340727474e-07, 6.084698571460456e-07, 5.874540468471695e-07, 5.672664623359822e-07, 5.477839447374975e-07, 5.291607540697832e-07]
ndim2: 500
W_list: [2.6]
L_list: [29.288881252639047]
