C_final_list: [1.8938466504327601e-06, 1.8681288924786864e-06, 1.8503851468913618e-06, 1.8294245496006971e-06, 1.8089071604462389e-06, 1.789256330005024e-06, 1.7698523240680085e-06, 1.7506556804721213e-06, 1.7319048446977028e-06, 1.7133659226908416e-06, 1.6948679473687346e-06, 1.6766896638515907e-06, 1.6586006796142212e-06, 1.640704994365024e-06, 1.6231723624811243e-06, 1.6058411687452371e-06, 1.589005042144732e-06, 1.5720784083271724e-06, 1.5554759469266555e-06, 1.539048458497587e-06, 1.5227534421878208e-06, 1.50668549453903e-06, 1.4907566005591272e-06, 1.4749965847050016e-06, 1.4594714542841787e-06, 1.4439556989203772e-06, 1.4285192937436259e-06, 1.4132263304482736e-06, 1.3980267782581627e-06, 1.3829292689279335e-06, 1.3680237758719137e-06, 1.3531738351596622e-06, 1.33849721348021e-06, 1.3238662242245315e-06, 1.3095320892769427e-06]
ndim2: 500
W_list: [1.2]
L_list: [92.88055059688426]
