C_final_list: [2.0102028897675364e-06, 1.7882114895279507e-06, 1.5798625356922257e-06, 1.3964841494666087e-06, 1.2356837693982492e-06, 1.0947215933297905e-06, 9.683687824546095e-07, 8.5831115081382e-07, 7.623208657043948e-07, 6.743467461743457e-07, 5.972573280376826e-07, 5.29425500118068e-07, 4.688665832367278e-07, 4.1410436197403704e-07, 3.6498909159519716e-07, 3.217748314828929e-07, 2.836041662309322e-07, 2.499823659780974e-07, 2.197841921929394e-07, 1.933401314866151e-07, 1.6987426451766838e-07, 1.4899384409645297e-07, 1.3120625613278683e-07, 1.1514090924999565e-07, 1.0126402470475882e-07, 8.866875411574245e-08, 7.760569229553793e-08, 6.800168456970419e-08, 5.966701480715638e-08, 5.232869696334253e-08, 4.593439663678636e-08, 4.028169840750862e-08, 3.533608529486565e-08, 3.0917509647955057e-08, 2.7081736217763256e-08]
ndim2: 500
W_list: [2.4]
L_list: [8.162282857650668]
