C_final_list: [1.2440634196469054e-06, 1.2127453021107136e-06, 1.1807256401385583e-06, 1.1491182446259616e-06, 1.1181320014259884e-06, 1.088009965756248e-06, 1.0586166449552814e-06, 1.0301751888278255e-06, 1.0022206314043044e-06, 9.748518790114536e-07, 9.481990363724696e-07, 9.225735087646833e-07, 8.976319217741152e-07, 8.732340983411134e-07, 8.494560481428694e-07, 8.262555834000998e-07, 8.035562156413618e-07, 7.813961436277023e-07, 7.59783099186825e-07, 7.387423802867501e-07, 7.180453064834792e-07, 6.977218264693053e-07, 6.780961725545885e-07, 6.590247344395547e-07, 6.402408282078168e-07, 6.222018268358697e-07, 6.046135061082266e-07, 5.874012146154009e-07, 5.705498158425284e-07, 5.540190342173366e-07, 5.380978543764714e-07, 5.226474210717613e-07, 5.076171872433437e-07, 4.93126541622924e-07, 4.791800900066295e-07]
ndim2: 500
W_list: [3.0]
L_list: [35.81746416477949]
