R_list= [ 1  2  3  4  5  6  7  8  9 10 11 12 13 14 15 16 17 18 19 20 21 22 23 24
 25 26 27 28 29 30 31 32 33 34 35 36 37 38]
C_final_list= [8.130942104419555e-07, 5.852402030779342e-07, 4.3078445386868666e-07, 3.2068295546431557e-07, 2.389997361752732e-07, 1.783559942950358e-07, 1.3347096513499103e-07, 9.9772430666311e-08, 7.447245533748146e-08, 5.5545564735380346e-08, 4.1489978794927546e-08, 3.0964504428749364e-08, 2.2923622573137157e-08, 1.694150526411872e-08, 1.2537991205117247e-08, 9.279140369266842e-09, 6.867578639963617e-09, 5.092289747458844e-09, 3.737392681027116e-09, 2.7301068672002824e-09, 1.9944283448929613e-09, 1.4419705427638677e-09, 1.050250421360134e-09, 7.692197340777131e-10, 5.639911047341237e-10, 4.1046764939992323e-10, 2.967206753440388e-10, 2.158977564750588e-10, 1.5843993055673486e-10, 1.1604656733937281e-10, 8.438097885169727e-11, 6.142288441904103e-11, 4.5025225771457237e-11, 3.346634844122753e-11, 2.5002773257659538e-11, 1.870799828211568e-11, 1.4053647492688843e-11, 1.0460610887957112e-11]
W_list: [6]
L_list: [3.2930655421342583]
