R_list= [ 1  2  3  4  5  6  7  8  9 10 11 12 13 14 15 16 17 18 19 20 21 22 23 24
 25 26 27 28 29 30 31 32 33 34 35 36 37 38]
C_final_list= [8.573836270088327e-07, 7.76857765052806e-07, 7.039931180210815e-07, 6.367684231823861e-07, 5.757578707694035e-07, 5.202568901675669e-07, 4.703020040446143e-07, 4.247503648945418e-07, 3.835897675834161e-07, 3.4640664519948933e-07, 3.126009003891359e-07, 2.820595382908648e-07, 2.541246927954998e-07, 2.2872591024389485e-07, 2.058376779915611e-07, 1.852140484331275e-07, 1.6679156889133608e-07, 1.498422379992232e-07, 1.345530178816938e-07, 1.2077718080054128e-07, 1.0846147113951897e-07, 9.736533744801193e-08, 8.731768573448154e-08, 7.828459686334388e-08, 7.009924495203575e-08, 6.272003156745003e-08, 5.612520183197138e-08, 5.0202782473413186e-08, 4.4937714812606865e-08, 4.0319516931280496e-08, 3.614213089917099e-08, 3.2415228722937594e-08, 2.9077495597450506e-08, 2.6054672837107507e-08, 2.3362250560520997e-08, 2.0945536062399126e-08, 1.8739506758656675e-08, 1.676592313519878e-08]
W_list: [6]
L_list: [9.730860249541816]
