C_list:
7.751948869472717e-07 0.1786985422225275
ndim2: 500
W_list: [4.2]
L_list: [5.596016551465386]
