R_list= [ 1  2  3  4  5  6  7  8  9 10 11 12 13 14 15 16 17 18 19 20 21 22 23 24
 25 26 27 28 29 30 31 32 33 34 35 36 37 38]
C_final_list= [3.389428655982906e-07, 3.043216915850411e-07, 2.704963093944541e-07, 2.3939663449082166e-07, 2.1094529930277424e-07, 1.8561743356923433e-07, 1.6303771980768217e-07, 1.4304016572442697e-07, 1.2532129822465247e-07, 1.0985648362323286e-07, 9.628404504263449e-08, 8.436607148071831e-08, 7.386716021640287e-08, 6.464270881113619e-08, 5.6553568431285816e-08, 4.941958362499938e-08, 4.314052952674294e-08, 3.7672577738590486e-08, 3.287913196449673e-08, 2.8721134367379973e-08, 2.510049394521372e-08, 2.1923517978120004e-08, 1.9151665890983886e-08, 1.6746077753654872e-08, 1.4636996232992768e-08, 1.276819004412026e-08, 1.111673103637488e-08, 9.656803527686766e-09, 8.376056838681515e-09, 7.2603926070721e-09, 6.296683752006351e-09, 5.460188512076327e-09, 4.731051642295434e-09, 4.0927564954599364e-09, 3.5395715043945307e-09, 3.0615576078899047e-09, 2.645774807054504e-09, 2.2876855847098123e-09]
W_list: [8.6]
L_list: [7.810161394270299]
