C_final_list: [2.1007268106655076e-06, 2.055166632799832e-06, 2.0094258661753238e-06, 1.965911800013637e-06, 1.9229599080045586e-06, 1.8813364208919001e-06, 1.8407012123417225e-06, 1.8001701337688312e-06, 1.7609581207375055e-06, 1.722151456466561e-06, 1.6840200069597102e-06, 1.646674366830996e-06, 1.610746547939377e-06, 1.5758341631708188e-06, 1.5410839474499944e-06, 1.507276766432329e-06, 1.4740009826203487e-06, 1.441530587852532e-06, 1.4095243671582694e-06, 1.378378026683708e-06, 1.347758059667504e-06, 1.3176764955160845e-06, 1.2880849045061724e-06, 1.258816460590871e-06, 1.2306651203018813e-06, 1.2027010753948526e-06, 1.175345610140333e-06, 1.1487204459248832e-06, 1.1226406552895976e-06, 1.0972680703572447e-06, 1.0725916162214623e-06, 1.0484809516196464e-06, 1.0248597160702073e-06, 1.0018910071540873e-06, 9.78964607026124e-07, 9.568340329057756e-07, 9.350763761685617e-07, 9.138334778813878e-07, 8.930700163987202e-07, 8.725837011640019e-07, 8.527265277187695e-07, 8.329078727706862e-07, 8.135759248554045e-07, 7.946325134201314e-07, 7.760796128931789e-07, 7.577049690806771e-07, 7.39825141286961e-07, 7.22308182807082e-07, 7.05302373241134e-07, 6.885486574677901e-07]
ndim2: 500
W_list: [2.6]
L_list: [44.29065330215647]
