C_final_list: [1.94999361460788e-06, 1.6998539141277367e-06, 1.4695991826588852e-06, 1.267558758397233e-06, 1.0942877102182405e-06, 9.451789060450505e-07, 8.152971097085927e-07, 7.018179065417882e-07, 6.047625593043995e-07, 5.213519366034363e-07, 4.5036122163770945e-07, 3.8946495382776863e-07, 3.372022003082282e-07, 2.9214320735695637e-07, 2.519062646381276e-07, 2.173602083793339e-07, 1.8733157393910346e-07, 1.612600350621645e-07, 1.382138052966726e-07, 1.1848309024196429e-07, 1.0170473740270238e-07, 8.7460649449715e-08, 7.560419613500273e-08, 6.532027286478167e-08, 5.637832931114263e-08, 4.8533694824764807e-08, 4.187475107711442e-08, 3.5975761862352495e-08, 3.099800577760484e-08, 2.6623438178202286e-08, 2.2826904637272734e-08, 1.955466346959927e-08, 1.6712775148640726e-08, 1.424921442766397e-08, 1.2196757413210386e-08, 1.0421226147241878e-08, 8.900471161815483e-09, 7.614701388599421e-09, 6.515702794306453e-09, 5.57391673320445e-09, 4.76146063650473e-09, 4.0398512642613124e-09, 3.4239551785502265e-09, 2.900772098367427e-09, 2.4713308471825507e-09, 2.085539582476872e-09, 1.7650924768734416e-09, 1.4937286507551718e-09, 1.2587674179721587e-09, 1.0629275329156993e-09]
ndim2: 500
W_list: [3.2]
L_list: [6.814447601708332]
