R_list= [ 1  2  3  4  5  6  7  8  9 10 11 12 13 14 15 16 17 18 19 20 21 22 23 24
 25 26 27 28 29 30 31 32 33 34 35 36 37 38]
C_final_list= [9.60237902700358e-07, 5.709447635289381e-07, 3.3931882154537784e-07, 2.0133390140326993e-07, 1.193593031602851e-07, 6.948864826974648e-08, 4.061658138337867e-08, 2.3669408718433033e-08, 1.3763542078647427e-08, 8.001067638763915e-09, 4.663817870928737e-09, 2.6979769153747387e-09, 1.5529218027710288e-09, 8.808994434517142e-10, 4.974062679600655e-10, 2.7183642577127547e-10, 1.4659387824047235e-10, 8.075337632010135e-11, 4.655432826223058e-11, 2.715367908153237e-11, 1.567866892616423e-11, 8.82572628012021e-12, 4.969230049733615e-12, 2.736486995284588e-12, 1.46155925791893e-12, 7.673701516164353e-13, 3.968387836609281e-13, 2.1886837432849042e-13, 1.206838208100954e-13, 7.004036446700459e-14, 4.4075191860600586e-14, 2.630529485287058e-14, 1.5021547374797223e-14, 8.692807969061774e-15, 5.302221079017278e-15, 3.42826000733962e-15, 2.107574209033738e-15, 1.1727348422726563e-15]
W_list: [9.0]
L_list: [1.9169652725322426]
