R_list= [ 1  2  3  4  5  6  7  8  9 10 11 12 13 14 15 16 17 18 19 20 21 22 23 24
 25 26 27 28 29 30 31 32 33 34 35 36 37 38]
C_final_list= [9.16173092481017e-07, 5.336272781914797e-07, 3.0902252986660254e-07, 1.777367505150342e-07, 1.0297700833928996e-07, 5.987698184802633e-08, 3.426093311388355e-08, 1.9769736521930872e-08, 1.12727544786733e-08, 6.510410615201969e-09, 3.745699017643396e-09, 2.1402679344531667e-09, 1.22804014118197e-09, 7.094140899699253e-10, 4.1225711879847976e-10, 2.3153609519433154e-10, 1.2875194187111548e-10, 7.193989682294274e-11, 4.058332090203544e-11, 2.190375771068801e-11, 1.1934377764540063e-11, 6.550487709835399e-12, 3.6013444002417934e-12, 1.928097033050625e-12, 9.833082875448247e-13, 5.682834105090963e-13, 3.2006800151356026e-13, 1.7170906288942463e-13, 9.356853973014764e-14, 5.0595779459902257e-14, 2.9715405352705484e-14, 1.7059122642387966e-14, 9.55851341240349e-15, 5.3544430068032916e-15, 3.3430220234007526e-15, 1.9202456925168276e-15, 1.0338765495281998e-15, 6.535902993869984e-16]
W_list: [9.200000000000001]
L_list: [1.8355714481050205]
