R_list= [ 1  2  3  4  5  6  7  8  9 10 11 12 13 14 15 16 17 18 19 20 21 22 23 24
 25 26 27 28 29 30 31 32 33 34 35 36 37 38]
C_final_list= [3.8081855400438497e-07, 3.35072006710016e-07, 2.920753062584528e-07, 2.5361172663300537e-07, 2.1968158575989962e-07, 1.9010500190566732e-07, 1.6443288419730833e-07, 1.4199331146513055e-07, 1.22214658710817e-07, 1.050782740351701e-07, 9.030562757560077e-08, 7.772401275620445e-08, 6.668125875677782e-08, 5.717377326859955e-08, 4.905944458436863e-08, 4.20047049967954e-08, 3.5899877615684904e-08, 3.075355714531778e-08, 2.6356344888192047e-08, 2.2590862677399468e-08, 1.9353572740061337e-08, 1.654953308432216e-08, 1.4158533913334353e-08, 1.2095299124767829e-08, 1.0340564953153784e-08, 8.831712894774593e-09, 7.545154349412794e-09, 6.436261281100942e-09, 5.4766649009900085e-09, 4.6584917789447725e-09, 3.96578076857032e-09, 3.383415190216769e-09, 2.88335441879207e-09, 2.4550654451568257e-09, 2.09581810369755e-09, 1.7862005791293368e-09, 1.5256439651497076e-09, 1.3031356797030071e-09]
W_list: [7.4]
L_list: [6.8822174659230635]
