C_final_list: [1.9381811796299278e-06, 1.8349187642833453e-06, 1.7340074415880582e-06, 1.6400080012621763e-06, 1.549386735451854e-06, 1.4656691966214042e-06, 1.3855295560357759e-06, 1.3092583925207721e-06, 1.2390879566682853e-06, 1.171992575191846e-06, 1.1082932882521681e-06, 1.0480651305887054e-06, 9.9140082160391e-07, 9.367684857346765e-07, 8.858095728830538e-07, 8.380995699829633e-07, 7.918255450616363e-07, 7.474183195694285e-07, 7.057503248780048e-07, 6.66502493137517e-07, 6.29167873124717e-07, 5.935214058135163e-07, 5.598748336867799e-07, 5.283572913441704e-07, 4.98899982231124e-07, 4.707773642900729e-07, 4.4487578422413376e-07, 4.201594560193125e-07, 3.9672714886701896e-07, 3.748004303460552e-07, 3.537266860753285e-07, 3.3398333238759666e-07, 3.150211343385734e-07, 2.971251785190484e-07, 2.7993142711101455e-07, 2.6391130337652965e-07, 2.4883325657193077e-07, 2.345130860877986e-07, 2.2098690050546831e-07, 2.0842073756117638e-07, 1.9652567120906144e-07, 1.851999055248398e-07, 1.7442100122357083e-07, 1.643242159222428e-07, 1.549829449638711e-07, 1.4596795534765088e-07, 1.3750071569600934e-07, 1.294768565941375e-07, 1.219226896642812e-07, 1.1465381538418548e-07]
ndim2: 500
W_list: [2.8499999999999996]
L_list: [17.633096925128893]
