C_final_list: [1.8776472765842327e-06, 1.7395412219788196e-06, 1.6082673250410604e-06, 1.490843146319316e-06, 1.382041284676934e-06, 1.2805974152034053e-06, 1.1860899505987417e-06, 1.0996394120649018e-06, 1.0195460834360878e-06, 9.458790840295795e-07, 8.765960194425995e-07, 8.111743005781588e-07, 7.505106152285195e-07, 6.955863614285266e-07, 6.443090508604366e-07, 5.963663114638456e-07, 5.515830053518657e-07, 5.099542629035389e-07, 4.704210343681666e-07, 4.339338400131217e-07, 4.0075856023359047e-07, 3.702075582558436e-07, 3.420185311200622e-07, 3.157960630066326e-07, 2.9138122768394905e-07, 2.6899408285457865e-07, 2.4849396092336765e-07, 2.2931210576325246e-07, 2.1141303594176449e-07, 1.9490551977468515e-07, 1.794593698293705e-07, 1.653272938369429e-07, 1.523065245880614e-07, 1.4017799431078245e-07, 1.291370457117648e-07, 1.1900353350082395e-07, 1.0948971572099862e-07, 1.0076902007323493e-07, 9.269216320229048e-08, 8.529066743334464e-08, 7.853020844366276e-08, 7.218795223998664e-08, 6.63127069624513e-08, 6.099046339842204e-08, 5.611724088372816e-08, 5.161120489115129e-08, 4.745769210583567e-08, 4.35849128509749e-08, 4.004234228877271e-08, 3.6724793074960507e-08]
ndim2: 500
W_list: [3.3]
L_list: [12.910540596516782]
