R_list= [ 1  2  3  4  5  6  7  8  9 10 11 12 13 14 15 16 17 18 19 20 21 22 23 24
 25 26 27 28 29 30 31 32 33 34 35 36 37 38]
C_final_list= [2.45983786651595e-07, 2.0395937642062684e-07, 1.663626563411213e-07, 1.3498644618913866e-07, 1.0912694351279249e-07, 8.8202112337115e-08, 7.111467997436832e-08, 5.723914213083102e-08, 4.5877414477197796e-08, 3.663919715820287e-08, 2.9210477201154722e-08, 2.3366892853482893e-08, 1.864948793372805e-08, 1.495519139507918e-08, 1.1961993605198699e-08, 9.564856912727653e-09, 7.651521940966864e-09, 6.0986400153110585e-09, 4.855856614877658e-09, 3.865193469182581e-09, 3.0808684865070285e-09, 2.4554179763191744e-09, 1.957470678579044e-09, 1.5573347549461787e-09, 1.2377852921225035e-09, 9.797685216355925e-10, 7.762278965782338e-10, 6.141595690282417e-10, 4.841324787689922e-10, 3.811536284945592e-10, 3.008770802743429e-10, 2.3722838048210794e-10, 1.8671255055738408e-10, 1.4665237699267457e-10, 1.1451257709640274e-10, 8.952417522561759e-11, 6.976382646149196e-11, 5.4199611012873256e-11]
W_list: [8.8]
L_list: [4.757726729607418]
