R_list= [ 1  2  3  4  5  6  7  8  9 10 11 12 13 14 15 16 17 18 19 20 21 22 23 24
 25 26 27 28 29 30 31 32]
C_final_list= [6.376115073475515e-07, 5.642767518827975e-07, 5.033883519421509e-07, 4.4719663078673763e-07, 3.966707122574411e-07, 3.5179780804016016e-07, 3.120311056621693e-07, 2.767683736954547e-07, 2.4529974548752033e-07, 2.1749883147996445e-07, 1.9263063464967795e-07, 1.707751800906411e-07, 1.5122595522252768e-07, 1.3378765329936825e-07, 1.1833319820705112e-07, 1.0462228840010296e-07, 9.253656826399175e-08, 8.168157716800126e-08, 7.198962561006152e-08, 6.340845550643286e-08, 5.579131456102416e-08, 4.903680218730219e-08, 4.306713310681784e-08, 3.7848406566357264e-08, 3.321710519892772e-08, 2.9195089905724902e-08, 2.565683583806142e-08, 2.2537690888047057e-08, 1.9816445133215452e-08, 1.7450272474474394e-08, 1.5347936879832567e-08, 1.3484986190747937e-08]
W_list: [6]
L_list: [8.292447041598583]
