R_list= [ 1  2  3  4  5  6  7  8  9 10 11 12 13 14 15 16 17 18 19 20 21 22 23 24
 25 26 27 28 29 30 31 32 33 34 35 36 37 38]
C_final_list= [4.775100566125402e-07, 4.1437327827829247e-07, 3.565525286371409e-07, 3.061053750321895e-07, 2.619324705928775e-07, 2.238977141488332e-07, 1.912001604756541e-07, 1.6294478849800509e-07, 1.3887111195257466e-07, 1.180531141662328e-07, 1.001277267985147e-07, 8.490292749102388e-08, 7.188299279140868e-08, 6.102306940995938e-08, 5.177997469163103e-08, 4.385723445146484e-08, 3.7157353992417666e-08, 3.1392184500294035e-08, 2.655931869053123e-08, 2.2506333272011813e-08, 1.9102980845170202e-08, 1.6185536143218843e-08, 1.369174516933171e-08, 1.157287284439349e-08, 9.790362853140046e-09, 8.29359214037599e-09, 7.014215070474996e-09, 5.934509725208243e-09, 5.02074548794837e-09, 4.254043339672076e-09, 3.600441519335669e-09, 3.039803519339004e-09, 2.5707564803787134e-09, 2.1741627106346814e-09, 1.8438959475053668e-09, 1.5576963826413834e-09, 1.3180146815788579e-09, 1.111889157771546e-09]
W_list: [7]
L_list: [6.371869382759105]
