R_list= [ 1  2  3  4  5  6  7  8  9 10 11 12 13 14 15 16 17 18 19 20 21 22 23 24
 25 26 27 28 29 30 31 32 33 34 35 36 37 38]
C_final_list= [1.1482528700901665e-06, 1.0871379651224533e-06, 1.0363104384527894e-06, 9.857027127600397e-07, 9.37043650743102e-07, 8.912926127922874e-07, 8.474543197157746e-07, 8.056152487094708e-07, 7.656993127360962e-07, 7.280116667183564e-07, 6.920050490258897e-07, 6.574393724191912e-07, 6.244419733122443e-07, 5.935207162731115e-07, 5.640415968177544e-07, 5.358786821714622e-07, 5.089343575384175e-07, 4.836036077970207e-07, 4.5962120808260485e-07, 4.367817127487233e-07, 4.153015505328507e-07, 3.9490092501422855e-07, 3.75431549575557e-07, 3.567359958406423e-07, 3.3880928280830633e-07, 3.2176558048006176e-07, 3.0544972503123247e-07, 2.897045674111686e-07, 2.749259031055632e-07, 2.609251910419756e-07, 2.4767238346949433e-07, 2.3507003779268086e-07, 2.2297905850248636e-07, 2.1165201184046594e-07, 2.0092198305909373e-07, 1.906580961042281e-07, 1.8082092932935204e-07, 1.7143073393556452e-07]
W_list: [5]
L_list: [19.62042102264285]
