R_list= [ 1  2  3  4  5  6  7  8  9 10 11 12 13 14 15 16 17 18 19 20 21 22 23 24
 25 26 27 28 29 30 31 32 33 34 35 36 37 38]
C_final_list= [8.881862004079526e-07, 8.423442517090153e-07, 7.961008211268458e-07, 7.504731215393513e-07, 7.064386520293313e-07, 6.643636819574005e-07, 6.247682423702218e-07, 5.875958179636925e-07, 5.52405212389193e-07, 5.191974793383789e-07, 4.878635950783216e-07, 4.584199666902148e-07, 4.3085613594120384e-07, 4.0491619980659287e-07, 3.805902056039671e-07, 3.577115067983353e-07, 3.3621917157831745e-07, 3.159201267961109e-07, 2.9676014906302045e-07, 2.786849292120063e-07, 2.6171077203847925e-07, 2.4565210135739605e-07, 2.305107069966863e-07, 2.1620908541662736e-07, 2.0271857230721672e-07, 1.9006066050003715e-07, 1.7818883729130564e-07, 1.6704786402675585e-07, 1.5664305862093972e-07, 1.4688660297352908e-07, 1.3771714536282684e-07, 1.2907083882143124e-07, 1.2093268881298688e-07, 1.1327556599729134e-07, 1.0604493257924979e-07, 9.928800726119534e-08, 9.295475681047105e-08, 8.69927102107687e-08]
W_list: [7.2]
L_list: [16.15576303346119]
