R_list= [ 1  2  3  4  5  6  7  8  9 10 11 12 13 14 15 16 17 18 19 20 21 22 23 24
 25 26 27 28 29 30 31 32 33 34 35 36 37 38]
C_final_list= [6.267949247289643e-06, 5.347529462264846e-06, 4.522469088248647e-06, 3.808560859680803e-06, 3.1986202174841748e-06, 2.682629274937222e-06, 2.2469860362246065e-06, 1.881765354405622e-06, 1.5753723905340246e-06, 1.3182111327828764e-06, 1.10243296996673e-06, 9.218589377200324e-07, 7.695263783598525e-07, 6.420219887287146e-07, 5.353823060186309e-07, 4.464342428908099e-07, 3.720616418776767e-07, 3.098151361858804e-07, 2.5804324223004595e-07, 2.149156563532559e-07, 1.78821675337164e-07, 1.4878758799796533e-07, 1.2390448045270522e-07, 1.0325140903325465e-07, 8.612024470719214e-08, 7.191520043603754e-08, 6.00807197573285e-08, 5.0215758596690566e-08, 4.194618621066036e-08, 3.5010921977724254e-08, 2.9164679303535104e-08, 2.427449516025645e-08, 2.0162789084807902e-08, 1.6742185642175327e-08, 1.3885317978655271e-08, 1.1533216976263999e-08, 9.587626023306935e-09, 7.961833215676414e-09]
W_list: [8.25]
L_list: [5.751679172586557]
