C_final_list: [1.6740854547319762e-06, 1.6482243628720622e-06, 1.6225893026569732e-06, 1.597646670145164e-06, 1.5734356453428494e-06, 1.5497461139501146e-06, 1.5264009648585e-06, 1.5037125245188045e-06, 1.4814533385051152e-06, 1.4592897212925267e-06, 1.4376066321375485e-06, 1.4162140929927169e-06, 1.3951779356501455e-06, 1.3742742518109737e-06, 1.3535825464097268e-06, 1.3335495610164281e-06, 1.3138044409294455e-06, 1.2945185207670827e-06, 1.2757012228161888e-06, 1.2572079227969245e-06, 1.238892893318257e-06, 1.2209521901769099e-06, 1.2033946070204478e-06, 1.1858882557923913e-06, 1.1686925673295388e-06, 1.151830310232301e-06, 1.1351694888587652e-06, 1.118756607804805e-06, 1.1025789363156226e-06, 1.0865225200228411e-06, 1.0707786715797557e-06, 1.055132711630596e-06, 1.0397175553301716e-06, 1.0243812353523559e-06, 1.0092826858744264e-06, 9.942413865938825e-07, 9.797141231717431e-07, 9.652538693218418e-07, 9.512069510574953e-07, 9.372426813128714e-07, 9.234977817196029e-07, 9.097468417024789e-07, 8.962342602451053e-07, 8.829593504660746e-07, 8.699399935455508e-07, 8.569367895389297e-07, 8.441833685707684e-07, 8.316328937292291e-07, 8.19169244737902e-07, 8.067309036959353e-07]
ndim2: 500
W_list: [3.0]
L_list: [67.46814332417466]
