R_list= [ 1  2  3  4  5  6  7  8  9 10 11 12 13 14 15 16 17 18 19 20 21 22 23 24
 25 26 27 28 29 30]
C_final_list= [2.6665310958179715e-07, 2.0592860533936096e-07, 1.573748119894601e-07, 1.2022369861859972e-07, 9.151044662237467e-08, 6.924491070308796e-08, 5.216445917937392e-08, 3.9273710782259026e-08, 2.9585880970353803e-08, 2.233364253674821e-08, 1.6858629573219316e-08, 1.2658226866395322e-08, 9.46175534670131e-09, 7.073673452147851e-09, 5.300299825925561e-09, 3.989344273425252e-09, 2.9956233768559516e-09, 2.2402622768050754e-09, 1.6612797221574002e-09, 1.227862174578224e-09, 9.09254409386893e-10, 6.725941486517938e-10, 4.983807635817543e-10, 3.685105474682849e-10, 2.739482139343103e-10, 2.0484709800969982e-10, 1.53929111621813e-10, 1.1531655983019741e-10, 8.609616106818408e-11, 6.412367477117063e-11]
W_list: [6]
L_list: [3.6815864294933878]
