R_list= [ 1  2  3  4  5  6  7  8  9 10 11 12 13 14 15 16 17 18 19 20 21 22 23 24
 25 26 27 28 29 30 31 32 33 34 35 36 37 38]
C_final_list= [3.580974595173023e-07, 3.2550005451935177e-07, 2.9382772465650367e-07, 2.6417763500958177e-07, 2.3718115385239761e-07, 2.1264309431118953e-07, 1.9056037590219156e-07, 1.7054937446576746e-07, 1.5245080580125296e-07, 1.3616507980494642e-07, 1.2152495980800774e-07, 1.0856751847451263e-07, 9.700955663294375e-08, 8.66433674214574e-08, 7.733116231132432e-08, 6.901397482408894e-08, 6.159441922093589e-08, 5.497429645754293e-08, 4.904023626493036e-08, 4.370932535257466e-08, 3.893951911220779e-08, 3.464423827993439e-08, 3.081483715711061e-08, 2.741075527587195e-08, 2.4382307055074173e-08, 2.1673836007584637e-08, 1.9276224490004128e-08, 1.7134627125694952e-08, 1.5216206138494263e-08, 1.3498203407083399e-08, 1.1969021742680946e-08, 1.0609926913469882e-08, 9.397257314440753e-09, 8.318855336414894e-09, 7.368640977706317e-09, 6.512002212073769e-09, 5.75399635763596e-09, 5.09093375612757e-09]
W_list: [7]
L_list: [9.067282073773022]
