C_final_list: [1.5988665355321894e-06, 1.5730986155662527e-06, 1.5470605355311973e-06, 1.521879003429904e-06, 1.4975351402290149e-06, 1.473176351131795e-06, 1.4499588797710898e-06, 1.4273768342578084e-06, 1.4049621820396627e-06, 1.383057600195207e-06, 1.3616654782724684e-06, 1.3405681817816996e-06, 1.319864495269668e-06, 1.2993209663194932e-06, 1.279153746280977e-06, 1.2591386821195656e-06, 1.2395001990296806e-06, 1.2202209645789178e-06, 1.201116421215497e-06, 1.1823467410464207e-06, 1.1639172430062002e-06, 1.1458608714703497e-06, 1.128043871794159e-06, 1.1104085383609451e-06, 1.0929907474087825e-06, 1.075648044050377e-06, 1.058639081126855e-06, 1.0419995718840377e-06, 1.0254727075165103e-06, 1.0092641278943918e-06, 9.92934094859856e-07, 9.76901808405674e-07, 9.610565780539393e-07, 9.453318650997359e-07, 9.297614854815186e-07, 9.143134153419517e-07, 8.993346040593415e-07, 8.84755473511605e-07, 8.702349547698527e-07, 8.560566566414497e-07, 8.422009956806168e-07, 8.284338146685771e-07, 8.149988087068488e-07, 8.0168234032381e-07, 7.885589213248117e-07, 7.756222102158409e-07, 7.629002341571209e-07, 7.504437937897125e-07, 7.381374846503645e-07, 7.260930374739791e-07]
ndim2: 500
W_list: [3.05]
L_list: [62.57961694807233]
