R_list= [ 1  2  3  4  5  6  7  8  9 10 11 12 13 14 15 16 17 18 19 20 21 22 23 24
 25 26 27 28 29 30 31 32 33 34 35 36 37 38]
C_final_list= [5.106986406740231e-07, 4.556652326978403e-07, 4.027527592824162e-07, 3.550597093413512e-07, 3.1262573214615934e-07, 2.7513908090836217e-07, 2.4232865724795013e-07, 2.1320277317505368e-07, 1.8750414801495547e-07, 1.6488535322450322e-07, 1.448677773707442e-07, 1.2716132466699754e-07, 1.1167853114602415e-07, 9.800572191076199e-08, 8.598817860179728e-08, 7.546910208338592e-08, 6.633938854111142e-08, 5.817366636748595e-08, 5.101312639544448e-08, 4.4660469650544827e-08, 3.9097968614736564e-08, 3.4191787889687397e-08, 2.98684290693145e-08, 2.6065061186073632e-08, 2.276295824108152e-08, 1.9892353574380424e-08, 1.7355341328159207e-08, 1.5129986739328806e-08, 1.3185570056540872e-08, 1.1471976453084381e-08, 9.976326734817964e-09, 8.66372343050064e-09, 7.520513828365374e-09, 6.52651363149014e-09, 5.658886130896481e-09, 4.909676056040738e-09, 4.260112595502982e-09, 3.7015326673754687e-09]
W_list: [7.6]
L_list: [7.8430820495388245]
