R_list= [ 1  2  3  4  5  6  7  8  9 10 11 12 13 14 15 16 17 18 19 20 21 22 23 24
 25 26 27 28 29 30 31 32 33 34 35 36 37 38]
C_final_list= [3.9489082721038847e-07, 1.5960445382388714e-07, 5.118790836696132e-08, 1.4595926907994775e-08, 3.894655162941121e-09, 1.0103349548425365e-09, 2.578053456233613e-10, 6.491656331298399e-11, 1.6614261506527647e-11, 4.501740900958403e-12, 1.3145399416329546e-12, 4.1144284194346277e-13, 1.2834368823210394e-13, 3.904429050412847e-14, 1.1731203930104635e-14, 4.032846921837751e-15, 1.2517220299061149e-15, 2.800305039733476e-16, 4.9408439685660206e-17, 1.0319941751235895e-17, 2.497721821506109e-18, 7.0660301379175125e-19, 2.0227062365279358e-19, 5.1199152443849933e-20, 1.2838192528735982e-20, 3.365666762048485e-21, 9.99481752781361e-22, 3.564716853005792e-22, 1.608922813258562e-22, 9.47304030792519e-23, 6.917879934777987e-23, 5.772010124799934e-23, 5.271448606590982e-23, 5.1734929052807926e-23, 5.2013860161630214e-23, 5.494569770661997e-23, 5.607552839431013e-23, 5.483402004448879e-23]
W_list: [6]
L_list: [1.0326879699545337]
