R_list= [ 1  2  3  4  5  6  7  8  9 10 11 12 13 14 15 16 17 18 19 20 21 22 23 24
 25 26 27 28 29 30 31 32 33 34 35 36 37 38]
C_final_list= [4.493414191059484e-06, 3.805447659807201e-06, 3.202714835366916e-06, 2.6939747958874196e-06, 2.263881023838002e-06, 1.9032420291577812e-06, 1.5958174593484807e-06, 1.337093500623826e-06, 1.1187959496618089e-06, 9.360286390827225e-07, 7.836773317897133e-07, 6.567790654929781e-07, 5.500161993704637e-07, 4.595922058135857e-07, 3.84185501395024e-07, 3.2125088099448985e-07, 2.683648596283514e-07, 2.243403475431103e-07, 1.8735640822758256e-07, 1.564901927476068e-07, 1.310444974041679e-07, 1.0965714857379071e-07, 9.163786996813344e-08, 7.64365713396701e-08, 6.36342804463786e-08, 5.291870792846115e-08, 4.401120459956801e-08, 3.662124025109765e-08, 3.047326664217048e-08, 2.5400508384311453e-08, 2.119301674570554e-08, 1.7684282254945752e-08, 1.476179148168364e-08, 1.2316830590012647e-08, 1.0287871677855751e-08, 8.629583875647167e-09, 7.216374728208257e-09, 6.029695697816975e-09]
W_list: [7.6]
L_list: [5.731494517999541]
