C_final_list: [1.38589136459907e-06, 1.303753291695142e-06, 1.2232988821920062e-06, 1.1477396783632151e-06, 1.0768303122983566e-06, 1.0106278322327844e-06, 9.486434226340546e-07, 8.9015963894385e-07, 8.352127479305974e-07, 7.827628388784386e-07, 7.336613209417205e-07, 6.876034467049029e-07, 6.4384723643095e-07, 6.035466959151275e-07, 5.661991414886304e-07, 5.306457280845096e-07, 4.972324353203568e-07, 4.6631203198314247e-07, 4.370343667265013e-07, 4.097960139893162e-07, 3.839704538943546e-07, 3.5968842600849063e-07, 3.371800506661803e-07, 3.1569435559521684e-07, 2.956423764416896e-07, 2.7683169920737944e-07, 2.590097453135228e-07, 2.420471915334327e-07, 2.2605672725449548e-07, 2.111715506527459e-07, 1.972326794203512e-07, 1.8409329935207682e-07, 1.7189520078907168e-07, 1.6031565445753973e-07, 1.495255590441545e-07, 1.394213126679092e-07, 1.2995437129437825e-07, 1.2116802165239257e-07, 1.1296364856283456e-07, 1.0530642514926525e-07, 9.81426529069256e-08, 9.142591926363862e-08, 8.513243200259841e-08, 7.928079477149995e-08, 7.39001100120562e-08, 6.894452818712199e-08, 6.432320203031169e-08, 5.996516356173861e-08, 5.5888758396800665e-08, 5.20564526563673e-08]
ndim2: 500
W_list: [3.8]
L_list: [15.407131419113766]
