R_list= [ 1  2  3  4  5  6  7  8  9 10 11 12 13 14 15 16 17 18 19 20 21 22 23 24
 25 26 27 28 29 30 31 32 33 34 35 36 37 38]
C_final_list= [2.308104981588439e-06, 1.7494234419371684e-06, 1.3139231163469356e-06, 9.815043103991833e-07, 7.355313797650408e-07, 5.511021848942724e-07, 4.1223087160532946e-07, 3.082303165177939e-07, 2.3049785849241177e-07, 1.7216108591274083e-07, 1.2826814474777902e-07, 9.521514737784708e-08, 7.07418053446773e-08, 5.2458978187391157e-08, 3.894730151402218e-08, 2.8846248274573802e-08, 2.1354004360746033e-08, 1.581581816791305e-08, 1.1757364385429904e-08, 8.694154026426124e-09, 6.39841374748016e-09, 4.702193038926516e-09, 3.488385388477681e-09, 2.593794265851968e-09, 1.9358483033641175e-09, 1.4482508896971699e-09, 1.0791159296209912e-09, 7.965624944211173e-10, 5.878564895809843e-10, 4.28654842839053e-10, 3.112123993842709e-10, 2.2807159572457267e-10, 1.666708856090922e-10, 1.2349213328272195e-10, 9.09450182041096e-11, 6.725179933797374e-11, 4.91896378635247e-11, 3.600692248140568e-11]
W_list: [9.2]
L_list: [3.4843744197725868]
