R_list= [ 1  2  3  4  5  6  7  8  9 10 11 12 13 14 15 16 17 18 19 20 21 22 23 24
 25 26 27 28 29 30 31 32 33 34 35 36 37 38]
C_final_list= [2.5175658352530643e-06, 1.947162380234429e-06, 1.4879473202760924e-06, 1.1300781543893026e-06, 8.560631320581706e-07, 6.461233252632627e-07, 4.878889804313315e-07, 3.6882138501967397e-07, 2.7816770631476687e-07, 2.0926833437894222e-07, 1.5745933173307162e-07, 1.184589791821326e-07, 8.916325728622204e-08, 6.682328786762706e-08, 5.007592329086548e-08, 3.7555106799188174e-08, 2.828337140462856e-08, 2.128446288570581e-08, 1.606019301816149e-08, 1.2087870150777751e-08, 9.12776219045159e-09, 6.855368625052755e-09, 5.172470182075574e-09, 3.883366039263564e-09, 2.919089442617325e-09, 2.2005348681700048e-09, 1.667259911279956e-09, 1.2609451274940593e-09, 9.542038031429627e-10, 7.167314640111908e-10, 5.335741685459405e-10, 3.974137196687352e-10, 2.956902550790013e-10, 2.1992413930564527e-10, 1.6410225442976758e-10, 1.2156545498282622e-10, 8.887082640862466e-11, 6.452263260437422e-11]
W_list: [9.0]
L_list: [3.6637706487782578]
