C_final_list: [1.4981995068051582e-06, 1.4662935397426626e-06, 1.4344374194099617e-06, 1.4036387627664676e-06, 1.3736634132325146e-06, 1.3440893141257117e-06, 1.3153187774261312e-06, 1.2874699641424386e-06, 1.2602025207323568e-06, 1.2333803754520132e-06, 1.2070481065887561e-06, 1.1813473514490176e-06, 1.1560991277950928e-06, 1.1310571464984948e-06, 1.1066265077019703e-06, 1.0826498541740456e-06, 1.0594722740639419e-06, 1.0368724994198747e-06, 1.0146785441470374e-06, 9.929827841170238e-07, 9.717851918328146e-07, 9.506940716266965e-07, 9.30174378445021e-07, 9.100603247434854e-07, 8.903856450845319e-07, 8.711392639455406e-07, 8.521249994085419e-07, 8.334605937459374e-07, 8.152932966071443e-07, 7.976263100235059e-07, 7.801964347878793e-07, 7.631278573112213e-07, 7.463200065252094e-07, 7.298273368317517e-07, 7.135698693140117e-07, 6.977023367907004e-07, 6.820751791305716e-07, 6.669542419427252e-07, 6.521810171626529e-07, 6.37696272752527e-07, 6.234625375057168e-07, 6.094910628858439e-07, 5.956946958503296e-07, 5.820818874914214e-07, 5.688192533114978e-07, 5.558577406596022e-07, 5.431338290156692e-07, 5.308116347756113e-07, 5.18741916568227e-07, 5.069192541083638e-07]
ndim2: 500
W_list: [3.3]
L_list: [45.60923420499322]
