C_final_list: [1.9371278395649607e-06, 1.808461118953342e-06, 1.685274026500908e-06, 1.569686405863225e-06, 1.4634098506421634e-06, 1.364494551874221e-06, 1.271067051501341e-06, 1.1835170733295805e-06, 1.101400575125826e-06, 1.025416849852786e-06, 9.554307338574358e-07, 8.911317040345197e-07, 8.306378486409352e-07, 7.740809227467878e-07, 7.210908664045841e-07, 6.716070259418827e-07, 6.251147442975511e-07, 5.824956625211447e-07, 5.418750761829235e-07, 5.039280206953558e-07, 4.686819568158867e-07, 4.359823653559625e-07, 4.051693970238376e-07, 3.766437211157554e-07, 3.5042074410598985e-07, 3.2596914239601264e-07, 3.029817796559645e-07, 2.815611470040519e-07, 2.611271437197716e-07, 2.421749407656899e-07, 2.2460273578822182e-07, 2.082321403713061e-07, 1.9294695672717976e-07, 1.789793659994061e-07, 1.6594732731716732e-07, 1.5403357653313523e-07, 1.429064092680304e-07, 1.3256202859691551e-07, 1.2292702466167483e-07, 1.1388318633957728e-07, 1.0558243503909528e-07, 9.770758759839633e-08, 9.045454033842289e-08, 8.367325650456514e-08, 7.746307878787312e-08, 7.166166541956047e-08, 6.620812126351243e-08, 6.124461866589536e-08, 5.658473304979156e-08, 5.2277115317002166e-08]
ndim2: 500
W_list: [3.15]
L_list: [13.990759076056795]
