R_list= [ 1  2  3  4  5  6  7  8  9 10 11 12 13 14 15 16 17 18 19 20 21 22 23 24
 25 26 27 28 29 30 31 32 33 34 35 36 37 38]
C_final_list= [2.187121636218701e-05, 1.7854296286391596e-05, 1.444876449292084e-05, 1.1638967722258282e-05, 9.353834885449332e-06, 7.512355568911196e-06, 6.035469245482394e-06, 4.851602989491601e-06, 3.899240779758413e-06, 3.1283295132095225e-06, 2.5088847755071772e-06, 2.0127355829958104e-06, 1.6135387444440742e-06, 1.2927794813695282e-06, 1.0363380532154718e-06, 8.302948590748201e-07, 6.643762506840658e-07, 5.313212897038736e-07, 4.2532771709574563e-07, 3.398531922934117e-07, 2.718694854007256e-07, 2.1790479014932865e-07, 1.7506450660100195e-07, 1.405242726478639e-07, 1.1259887252206804e-07, 9.024136442802989e-08, 7.226843456656362e-08, 5.788971810240741e-08, 4.646849281643516e-08, 3.735788167898396e-08, 3.008009237249134e-08, 2.4280960486727632e-08, 1.9587609287070094e-08, 1.575278384849578e-08, 1.2654979291328077e-08, 1.0170193595276292e-08, 8.173783324590339e-09, 6.571252463093026e-09]
W_list: [8.2]
L_list: [4.639691309169282]
