R_list= [ 1  2  3  4  5  6  7  8  9 10 11 12 13 14 15 16 17 18 19 20 21 22 23 24
 25 26 27 28 29 30 31 32 33 34 35 36 37 38]
C_final_list= [2.901319595747503e-07, 1.551015795706973e-07, 7.380466396992879e-08, 3.3407021715713895e-08, 1.4867629110488897e-08, 6.643960976738427e-09, 2.974036610794162e-09, 1.3260960323472992e-09, 5.844781439601356e-10, 2.5449469260874714e-10, 1.0991044889374389e-10, 4.787777798534701e-11, 2.1176614241405655e-11, 9.445625382283446e-12, 4.305394675271397e-12, 1.9724956785107313e-12, 9.277415278940625e-13, 4.4193181276058785e-13, 2.0234883700370527e-13, 8.546138246683173e-14, 3.4581448083510186e-14, 1.443087838279224e-14, 6.133753668978947e-15, 2.8277067136023548e-15, 1.4626367344977065e-15, 7.383342352723784e-16, 3.2410482422453523e-16, 1.2657921233093537e-16, 4.8005812403026874e-17, 1.7882025228122602e-17, 7.494827184088067e-18, 4.105359486083984e-18, 2.7945069388881225e-18, 2.063108584371937e-18, 1.1844547787595583e-18, 4.541727919041533e-19, 1.5367224925010147e-19, 5.750635431176427e-20]
W_list: [6]
L_list: [1.461008914324484]
