R_list= [ 1  2  3  4  5  6  7  8  9 10 11 12 13 14 15 16 17 18 19 20 21 22 23 24
 25 26 27 28 29 30 31 32 33 34 35 36 37 38]
C_final_list= [9.952426011743751e-07, 6.547666565054453e-07, 4.2452648830851144e-07, 2.74472775572544e-07, 1.7812823137083927e-07, 1.1464192306218846e-07, 7.451646363044756e-08, 4.810353816748593e-08, 3.126341567654051e-08, 2.0135206544098368e-08, 1.2967193430251537e-08, 8.31528475689252e-09, 5.403198016938168e-09, 3.468504129029002e-09, 2.2341779758853997e-09, 1.4344937781653113e-09, 9.314830218832863e-10, 6.034463526390389e-10, 3.960087673444853e-10, 2.545973791867879e-10, 1.618516908350091e-10, 1.0228589745256537e-10, 6.457300570037359e-11, 4.059506852670368e-11, 2.5095090414159092e-11, 1.5389197147841286e-11, 9.498332737515474e-12, 5.855004101963388e-12, 3.643007876579677e-12, 2.3469231849013124e-12, 1.5835037854410926e-12, 1.1123277316252234e-12, 7.888010247660617e-13, 5.503343576244914e-13, 3.921261283577328e-13, 2.5871558900916044e-13, 1.90191753205756e-13, 1.3245366831404131e-13]
W_list: [7.2]
L_list: [2.3295995547741155]
