R_list= [ 1  2  3  4  5  6  7  8  9 10 11 12 13 14 15 16 17 18 19 20 21 22 23 24
 25 26 27 28 29 30 31 32 33 34 35 36 37 38]
C_final_list= [3.2262465222147143e-07, 2.724033601156737e-07, 2.2670063376214672e-07, 1.868948701755836e-07, 1.537836591344975e-07, 1.2675723509155109e-07, 1.0431950471590882e-07, 8.578739770824081e-08, 7.054604609523685e-08, 5.792860020863344e-08, 4.74450030882551e-08, 3.880072947483086e-08, 3.164815997369755e-08, 2.5732167150696908e-08, 2.0891998492105415e-08, 1.692470446207778e-08, 1.3717042325420072e-08, 1.1146904778564432e-08, 9.055602156447196e-09, 7.35013702159317e-09, 5.9771627531440855e-09, 4.849447149585865e-09, 3.926489918774992e-09, 3.1777889704053977e-09, 2.569412322362804e-09, 2.0749128971139357e-09, 1.6731005499152763e-09, 1.3544083329259127e-09, 1.0984457369559463e-09, 8.952517417933383e-10, 7.267988710374921e-10, 5.910819081941345e-10, 4.803882951560533e-10, 3.890035352081414e-10, 3.140918564136235e-10, 2.525900583454436e-10, 2.031503157824657e-10, 1.6341826117293088e-10]
W_list: [8.8]
L_list: [5.220843645164906]
