C_final_list: [1.969565422703342e-06, 1.7288469603591015e-06, 1.5132987062093647e-06, 1.3259495195225082e-06, 1.1588353531624821e-06, 1.0110651490912225e-06, 8.846933636424632e-07, 7.708856717377885e-07, 6.741370134925011e-07, 5.874858102613122e-07, 5.121127513084424e-07, 4.470495127203639e-07, 3.888548674115758e-07, 3.3880120409645176e-07, 2.9525767413843927e-07, 2.5733327053490463e-07, 2.235368730675041e-07, 1.9460985141606834e-07, 1.6897412741312338e-07, 1.4664764524374012e-07, 1.2734093776752825e-07, 1.1068781649577006e-07, 9.647198401608722e-08, 8.417646816487469e-08, 7.337811367591981e-08, 6.373987791714207e-08, 5.522107360943145e-08, 4.7635414594441465e-08, 4.103385859726224e-08, 3.5328322515389837e-08, 3.040414114142692e-08, 2.6202667976892898e-08, 2.2571164195905476e-08, 1.9440518547316613e-08, 1.6753054325319228e-08, 1.4404656114220482e-08, 1.233136664462723e-08, 1.0641599160125363e-08, 9.149219599794137e-09, 7.863605158502609e-09, 6.75433668879784e-09, 5.8301665989328825e-09, 5.047160406731928e-09, 4.344650261453419e-09, 3.7334031991085075e-09, 3.200340372559251e-09, 2.740311067625547e-09, 2.3600091355951175e-09, 2.0349137143289126e-09, 1.7482958637091393e-09]
ndim2: 500
W_list: [3.0999999999999996]
L_list: [7.379936560692517]
