R_list= [ 1  2  3  4  5  6  7  8  9 10 11 12 13 14 15 16 17 18 19 20 21 22 23 24
 25 26 27 28 29 30 31 32 33 34 35 36 37 38]
C_final_list= [3.607915131035189e-05, 2.3458401975420863e-05, 1.5179578698194916e-05, 9.831569249643315e-06, 6.347765595786564e-06, 4.101202285066354e-06, 2.6502876517692373e-06, 1.712219245901334e-06, 1.1059536907100984e-06, 7.128173652794534e-07, 4.583710065014618e-07, 2.947125788106062e-07, 1.8936641279902176e-07, 1.2169965840689932e-07, 7.834091164456813e-08, 5.0502640376979924e-08, 3.2704692784437525e-08, 2.127731268403727e-08, 1.374783219505882e-08, 8.860399956416995e-09, 5.741821285737404e-09, 3.6786768665749456e-09, 2.3770561395283216e-09, 1.5338875671377045e-09, 9.908735545557936e-10, 6.387111097267946e-10, 4.076481619752615e-10, 2.606043115027936e-10, 1.673919367735488e-10, 1.0754829920782331e-10, 6.725824790493064e-11, 4.268716444734094e-11, 2.698582678843256e-11, 1.728063512156723e-11, 1.0987758343373864e-11, 6.977655594076933e-12, 4.42524058083729e-12, 2.823645392585219e-12]
W_list: [8.2]
L_list: [2.3047121965676802]
