C_final_list: [1.6802938574195243e-06, 1.6162498301375836e-06, 1.553579316323184e-06, 1.491975142798457e-06, 1.4339529327665806e-06, 1.3771500729944462e-06, 1.322513797878129e-06, 1.2695348298978758e-06, 1.2186194678250963e-06, 1.1696725881393906e-06, 1.1225538373381336e-06, 1.0777893559492153e-06, 1.0344849650777733e-06, 9.93216013356645e-07, 9.532378281357402e-07, 9.150506602168868e-07, 8.779486568454044e-07, 8.422743184607934e-07, 8.083037271093956e-07, 7.755573584688655e-07, 7.444236404669802e-07, 7.144172597868646e-07, 6.854656329618831e-07, 6.57562675660506e-07, 6.306251064270825e-07, 6.050587612430503e-07, 5.802591852498934e-07, 5.566447841594484e-07, 5.335590969838906e-07, 5.112903289163404e-07, 4.89761113207516e-07, 4.6956895161695624e-07, 4.5009489533861174e-07, 4.3144675199974646e-07, 4.1357294687450467e-07, 3.9638647808169077e-07, 3.7968864460301375e-07, 3.6368775881861644e-07, 3.482766084822042e-07, 3.333809893848214e-07, 3.1938494932496244e-07, 3.0586773690260293e-07, 2.9301319391760873e-07, 2.806420626143315e-07, 2.686789093202553e-07, 2.5718535313528373e-07, 2.46151925645116e-07, 2.3553518133144068e-07, 2.254383985796776e-07, 2.1579228754437848e-07]
ndim2: 500
W_list: [3.3]
L_list: [24.198142821396694]
