R_list= [ 1  2  3  4  5  6  7  8  9 10 11 12 13 14 15 16 17 18 19 20 21 22 23 24
 25 26 27 28 29 30 31 32 33 34 35 36 37 38]
C_final_list= [6.680239221219919e-07, 5.573313483183579e-07, 4.6221950393182054e-07, 3.8241432852679957e-07, 3.149934663190199e-07, 2.5860215647674946e-07, 2.1154725964484824e-07, 1.7324037025617945e-07, 1.4195304606926396e-07, 1.1630138575212076e-07, 9.533620994077789e-08, 7.794488690964283e-08, 6.373877413001302e-08, 5.213592719862356e-08, 4.2671651735981314e-08, 3.5009695776155e-08, 2.864465187284434e-08, 2.345965896942351e-08, 1.9181199061167107e-08, 1.567228861486007e-08, 1.279437590953701e-08, 1.0417782022215523e-08, 8.466589165589778e-09, 6.886328751547967e-09, 5.6010649541421764e-09, 4.55189944225988e-09, 3.7064606720482195e-09, 3.005143718353664e-09, 2.452307803176078e-09, 1.993548641783765e-09, 1.6215887598549783e-09, 1.3222371949929491e-09, 1.0772724296406978e-09, 8.770899963363176e-10, 7.131259970876055e-10, 5.804746522965808e-10, 4.716339023987022e-10, 3.813397220654226e-10]
W_list: [7]
L_list: [5.163121326705722]
