R_list= [ 1  2  3  4  5  6  7  8  9 10 11 12 13 14 15 16 17 18 19 20 21 22 23 24
 25 26 27 28 29 30 31 32 33 34 35 36 37 38]
C_final_list= [2.7721677035748846e-05, 2.046767927502289e-05, 1.5001107609934324e-05, 1.0995065685480208e-05, 8.052908213829983e-06, 5.8821648599523775e-06, 4.288592906388339e-06, 3.1256971323600824e-06, 2.2753179839579186e-06, 1.6560644229408071e-06, 1.2051714062220003e-06, 8.781730290728477e-07, 6.381132026702556e-07, 4.6429671033163285e-07, 3.369787206078438e-07, 2.4425481685308635e-07, 1.7654005603381843e-07, 1.2809451031558304e-07, 9.314437669519017e-08, 6.77171245459181e-08, 4.95465389114726e-08, 3.6332411776334256e-08, 2.6365704831222562e-08, 1.9182210741034645e-08, 1.3916327408661263e-08, 1.0166565676472172e-08, 7.469991928117198e-09, 5.531093705704592e-09, 4.107716514668688e-09, 3.0205369403732256e-09, 2.2225505146883265e-09, 1.6152947078960407e-09, 1.163275625631179e-09, 8.331443523005387e-10, 5.992021917251868e-10, 4.2907423330706635e-10, 3.0630851914089536e-10, 2.1953512002785838e-10]
W_list: [8.5]
L_list: [3.2215309452898717]
