R_list= [ 1  2  3  4  5  6  7  8  9 10 11 12 13 14 15 16 17 18 19 20 21 22 23 24
 25 26 27 28 29 30 31 32 33 34 35 36 37 38]
C_final_list= [4.0232108069706425e-07, 3.496673184405221e-07, 3.032250659824777e-07, 2.613358341526727e-07, 2.2490899254840345e-07, 1.927952064153098e-07, 1.650970732612516e-07, 1.4130295679933155e-07, 1.209933743448871e-07, 1.0365044302191421e-07, 8.898867233936391e-08, 7.637585042801522e-08, 6.549818746936548e-08, 5.620410755948554e-08, 4.8110186965232714e-08, 4.112797124777452e-08, 3.5136592863337115e-08, 2.9960299438985324e-08, 2.5514962156378867e-08, 2.169802052300337e-08, 1.841249188930502e-08, 1.562466436752096e-08, 1.3275097166526849e-08, 1.1268257923892162e-08, 9.587314617935285e-09, 8.145102648775551e-09, 6.911436807966087e-09, 5.865119651989115e-09, 4.984084445119336e-09, 4.231169038319981e-09, 3.59090468693551e-09, 3.0329304642511444e-09, 2.5575727825344093e-09, 2.1564292522231856e-09, 1.8170956250344208e-09, 1.5359222150211875e-09, 1.2961732398976923e-09, 1.0929503487890574e-09]
W_list: [7]
L_list: [6.601655147800313]
