R_list= [ 1  2  3  4  5  6  7  8  9 10 11 12 13 14 15 16 17 18 19 20 21 22 23 24
 25 26 27 28 29 30 31 32 33 34 35 36 37 38]
C_final_list= [3.1994770201971826e-06, 2.5758447964199295e-06, 2.051747218269648e-06, 1.6306181605282234e-06, 1.2944456713243804e-06, 1.0287464494216446e-06, 8.153456657149336e-07, 6.46207900151954e-07, 5.102832893009817e-07, 4.020498726807989e-07, 3.1694880983049766e-07, 2.5045183517847615e-07, 1.9752920514317935e-07, 1.5594470028999166e-07, 1.2285961957693804e-07, 9.667115685956413e-08, 7.613592382512146e-08, 6.00298537960314e-08, 4.7494701503966555e-08, 3.740676115651727e-08, 2.940110686819075e-08, 2.3139092913921004e-08, 1.821529713729307e-08, 1.4306884183052598e-08, 1.1257780859475893e-08, 8.879113399118415e-09, 7.003176778925449e-09, 5.516620050410899e-09, 4.343626860977334e-09, 3.4112492023874806e-09, 2.6614179081412186e-09, 2.0649579360949976e-09, 1.6044508710552599e-09, 1.248167169126767e-09, 9.706821561598575e-10, 7.557184034813749e-10, 5.874231491242094e-10, 4.587180406488521e-10]
W_list: [8.4]
L_list: [4.363012561592924]
