C_final_list: [6.700127261505796e-07, 6.349625950455197e-07, 5.992152767490183e-07, 5.648634397176832e-07, 5.318985654750628e-07, 5.008982559025345e-07, 4.7137225130928395e-07, 4.43328312945601e-07, 4.1646503385999827e-07, 3.9132880099105574e-07, 3.677063428003243e-07, 3.455612377699506e-07, 3.246351274163975e-07, 3.0515738589557747e-07, 2.866772879092342e-07, 2.6928193615911415e-07, 2.527253300804761e-07, 2.3728314322414777e-07, 2.2286160654995623e-07, 2.090182428968107e-07, 1.959238624928838e-07, 1.8377403555384886e-07, 1.7224286562285493e-07, 1.6145573138622658e-07, 1.5138839804736065e-07, 1.4197623202743865e-07, 1.3314426689482933e-07, 1.2478907473299385e-07, 1.1685068696216057e-07, 1.0941826392597348e-07, 1.0244579083939972e-07, 9.592738300181236e-08, 8.986296795645239e-08, 8.413568865448528e-08, 7.881417346339305e-08]
ndim2: 500
W_list: [3.0]
L_list: [16.106269293499974]
