C_final_list: [2.0196333772721444e-06, 1.813426242120437e-06, 1.616237789114027e-06, 1.4408988264379404e-06, 1.2847515845793827e-06, 1.1477891643110372e-06, 1.0237714865909878e-06, 9.14398771529405e-07, 8.163533670449288e-07, 7.287955397742618e-07, 6.492946824575501e-07, 5.798836799358376e-07, 5.166610910512441e-07, 4.607255134579503e-07, 4.1126789955848837e-07, 3.6690300138253677e-07, 3.277862150252163e-07, 2.925000442040767e-07, 2.6121067967008546e-07, 2.3342191841970184e-07, 2.082118298860472e-07, 1.8573706100021692e-07, 1.6559557684268922e-07, 1.4749849576500353e-07, 1.3125456373091084e-07, 1.1711008552750313e-07, 1.0451682013166195e-07, 9.333421539368669e-08, 8.317405196464702e-08, 7.407966288522114e-08, 6.609661865200593e-08, 5.903699931038144e-08, 5.254490161236167e-08, 4.6677084049058635e-08, 4.1540559016645736e-08]
ndim2: 500
W_list: [2.6]
L_list: [8.788151296777773]
