R_list= [ 1  2  3  4  5  6  7  8  9 10 11 12 13 14 15 16 17 18 19 20 21 22 23 24
 25 26 27 28 29 30 31 32 33 34 35 36 37 38]
C_final_list= [2.943307334428807e-07, 1.597975142678498e-07, 7.754350530427958e-08, 3.6026319511358e-08, 1.6410895821616036e-08, 7.352483364971519e-09, 3.253134533314061e-09, 1.4281458282906231e-09, 6.268706108450366e-10, 2.7558357841534685e-10, 1.2144587388928065e-10, 5.4024559509350395e-11, 2.4700026450945002e-11, 1.150915247854717e-11, 5.282457276316285e-12, 2.3512874553703477e-12, 1.0214123597159075e-12, 4.1199502669493247e-13, 1.590241072059732e-13, 5.914640321916404e-14, 2.2079985386549024e-14, 8.426477671312149e-15, 3.2358871021102703e-15, 1.25839606602796e-15, 4.976324249141328e-16, 1.9862791545420626e-16, 7.798508873834861e-17, 3.006212723056062e-17, 1.1856249898048663e-17, 5.327115101779996e-18, 2.7822119989964426e-18, 1.4016934970945848e-18, 5.970623714741318e-19, 2.2020298846048155e-19, 8.794747952760051e-20, 3.708312090672628e-20, 1.5590090102873097e-20, 6.493358996550121e-21]
W_list: [6]
L_list: [1.4955661643421108]
