R_list= [ 1  2  3  4  5  6  7  8  9 10 11 12 13 14 15 16 17 18 19 20 21 22 23 24
 25 26 27 28 29 30 31 32 33 34 35 36 37 38]
C_final_list= [2.1289298444715372e-07, 1.5349770596858911e-07, 1.1059015050665335e-07, 7.952465960624849e-08, 5.693325936509619e-08, 4.067858433085087e-08, 2.9010908991383844e-08, 2.0662295933021576e-08, 1.47334993051277e-08, 1.0465419916927801e-08, 7.421750454028022e-09, 5.239515446260521e-09, 3.702210819099166e-09, 2.6164641081148233e-09, 1.8537789262814914e-09, 1.3126280668658306e-09, 9.254164510597088e-10, 6.502766914401686e-10, 4.545887752121035e-10, 3.206878713424435e-10, 2.282774429385042e-10, 1.6248599526169456e-10, 1.1483272437237287e-10, 8.076327071459596e-11, 5.670716947192873e-11, 3.997919613312138e-11, 2.8178997262166332e-11, 1.9880626343918382e-11, 1.3964717669205231e-11, 9.784302003732429e-12, 6.8761639700064645e-12, 4.932845367331961e-12, 3.5858248821329902e-12, 2.6071952593074368e-12, 1.87675828822564e-12, 1.3332328918094286e-12, 9.102944522751917e-13, 6.085479942584538e-13]
W_list: [7]
L_list: [3.0213164663044774]
