R_list= [ 1  2  3  4  5  6  7  8  9 10 11 12 13 14 15 16 17 18 19 20 21 22 23 24
 25 26 27 28 29 30 31 32 33 34 35 36 37 38]
C_final_list= [7.857532529300924e-08, 3.716157435124521e-08, 1.4029859624746263e-08, 4.685155161383679e-09, 1.459088154935253e-09, 4.3644663672427394e-10, 1.268052390303345e-10, 3.614059744806179e-11, 1.0197940973128102e-11, 2.8669837158486328e-12, 8.085844079806282e-13, 2.288505071205574e-13, 6.490044863050135e-14, 1.8340286642442385e-14, 5.264315772554157e-15, 1.663529092010909e-15, 8.472407784409773e-16, 1.0218373479142624e-15, 1.3862855155469284e-15, 2.1172295186299142e-15, 2.2080893242862194e-15, 1.2224657800199378e-15, 4.2440150031222506e-16, 1.0168058556407437e-16, 2.177541773507287e-17, 4.554194124332211e-18, 1.0378394482721948e-18, 2.7900174976972208e-19, 8.611632792784598e-20, 2.3554887044217268e-20, 6.284339362710069e-21, 1.8343142921511603e-21, 7.039656854035373e-22, 3.8180833286980017e-22, 2.7354878948232623e-22, 2.30900783649617e-22, 2.1381548844140783e-22, 2.1030023452166003e-22]
W_list: [5]
L_list: [1.2035097086534616]
