R_list= [ 1  2  3  4  5  6  7  8  9 10 11 12 13 14 15 16 17 18 19 20 21 22 23 24
 25 26 27 28 29 30 31 32 33 34 35 36 37 38]
C_final_list= [1.8919619736921018e-06, 1.1926763135976455e-06, 6.449142189893339e-07, 3.1890927809354104e-07, 1.492271035147794e-07, 6.734483685537818e-08, 2.9645084658271227e-08, 1.2804250630887613e-08, 5.4771012677997894e-09, 2.339919596798992e-09, 1.0013603170590755e-09, 4.2904196152946093e-10, 1.8385224804620465e-10, 7.877920082839572e-11, 3.406887118821456e-11, 1.5009199843045886e-11, 6.821636699877983e-12, 3.2624275357127576e-12, 1.651992405371405e-12, 8.842882872583381e-13, 4.633243953343908e-13, 2.304881918325843e-13, 1.0861341613697145e-13, 5.00129971677134e-14, 2.3292842541482033e-14, 1.0696076253224866e-14, 5.045187032197417e-15, 2.5558537599496995e-15, 1.4020926926452449e-15, 8.120340859674837e-16, 4.65321243246785e-16, 2.321230231601015e-16, 1.020651185932167e-16, 4.070406673583713e-17, 1.6635206546830524e-17, 6.936460382063979e-18, 2.765590461687737e-18, 1.1812884327159222e-18]
W_list: [4]
L_list: [1.7660199956245208]
