C_final_list: [1.3986445675259067e-06, 1.216592786407235e-06, 1.0562821810282483e-06, 9.163187682282631e-07, 7.941090055007976e-07, 6.878514023542664e-07, 5.949283153163725e-07, 5.138927318047715e-07, 4.4468503230650477e-07, 3.8429943158510015e-07, 3.3229795272607306e-07, 2.868753615908205e-07, 2.4768797780229207e-07, 2.1366753457235587e-07, 1.8428788118574724e-07, 1.5845248502593896e-07, 1.3648303745828196e-07, 1.1732333216827252e-07, 1.0066555300599013e-07, 8.655625924065834e-08, 7.449143450861322e-08, 6.385430334082166e-08, 5.4720028796890184e-08, 4.684154633227653e-08, 4.019878958585055e-08, 3.451231757050273e-08, 2.9625517290949456e-08, 2.5414103137269486e-08, 2.1758098459400796e-08, 1.8676438163969917e-08, 1.596945766760497e-08, 1.3685580718929244e-08, 1.172958470927824e-08, 1.0026573914227205e-08, 8.559347245686273e-09, 7.286002876520551e-09, 6.185395763162622e-09, 5.25728678194084e-09, 4.463508364969125e-09, 3.775932363824274e-09, 3.1960396816540956e-09, 2.698279362473845e-09, 2.2888906655586276e-09, 1.9460313508110053e-09, 1.6452418975807378e-09, 1.3923798015671504e-09, 1.1752015381338194e-09, 9.99770921752582e-10, 8.545678092939892e-10, 7.314638006657439e-10]
ndim2: 500
W_list: [4.2]
L_list: [6.915370757295787]
