C_final_list: [2.3385433534460918e-06, 2.260356229091846e-06, 2.1815371061285863e-06, 2.1065744035775916e-06, 2.032869376422221e-06, 1.9631444302065315e-06, 1.8957133439495215e-06, 1.829808674202609e-06, 1.7667617309882976e-06, 1.7057858858855884e-06, 1.6476388305247925e-06, 1.5907454585360882e-06, 1.5346361692832746e-06, 1.4808303091420741e-06, 1.4297252084988647e-06, 1.3796168683521428e-06, 1.3307832683948356e-06, 1.2839099074351076e-06, 1.238715590340752e-06, 1.1947026777121925e-06, 1.1530053199852693e-06, 1.1124254434421046e-06, 1.0729009634019344e-06, 1.0340814016740766e-06, 9.970616302911905e-07, 9.61119613056226e-07, 9.267727594885625e-07, 8.93730531354696e-07, 8.62076099326554e-07, 8.311433984030651e-07, 8.010679939178967e-07, 7.722202387449298e-07, 7.44583386025595e-07, 7.180428006584622e-07, 6.91692176870354e-07, 6.664005488496218e-07, 6.421163360826627e-07, 6.185070755215662e-07, 5.95650145879961e-07, 5.738890934502365e-07, 5.530496537025366e-07, 5.328666786147747e-07, 5.135955143132591e-07, 4.947972877327212e-07, 4.769700713211944e-07, 4.596487950930766e-07, 4.4288134655331704e-07, 4.2672779316142314e-07, 4.109992427245931e-07, 3.9596011836263107e-07]
ndim2: 500
W_list: [2.0]
L_list: [27.843346151859734]
