C_final_list: [1.8477217314058182e-06, 1.5487997698126765e-06, 1.2974310874608629e-06, 1.0908445829426832e-06, 9.111559102321099e-07, 7.629055138296427e-07, 6.359752414175949e-07, 5.287632510142182e-07, 4.398033765993434e-07, 3.667714726341477e-07, 3.061551169761813e-07, 2.557742309401338e-07, 2.1278188481302726e-07, 1.76395263449477e-07, 1.463530655827192e-07, 1.214214732782008e-07, 1.004246882087098e-07, 8.325733095212596e-08, 6.87157026077337e-08, 5.6557824604641505e-08, 4.641774243960221e-08, 3.823058009922823e-08, 3.152586618892476e-08, 2.5865975861797115e-08, 2.1168017106515684e-08, 1.7328315058250845e-08, 1.4143938072332611e-08, 1.1572996725285834e-08, 9.482605907250612e-09, 7.763883148904999e-09, 6.349017395257613e-09, 5.204751736653951e-09, 4.2685976003487435e-09, 3.4893069104673e-09, 2.8836918558485646e-09, 2.3668285768131325e-09, 1.952834730875018e-09, 1.6119815016750638e-09, 1.3344552262281333e-09, 1.0913815582374383e-09, 8.973483134660076e-10, 7.341282199075956e-10, 6.027911592181254e-10, 4.897096315324937e-10, 3.978211681999821e-10, 3.2312354027796533e-10, 2.6344224047843814e-10, 2.1433798727666848e-10, 1.7339849086068547e-10, 1.4094053743477319e-10]
ndim2: 500
W_list: [3.6]
L_list: [5.566298543235083]
