C_list:
1.310510226172323e-06 0.06332420454386439
ndim2: 500
W_list: [2.6]
L_list: [15.791749887790607]
