C_final_list: [1.9688887054758812e-06, 1.946914768468351e-06, 1.925908813925531e-06, 1.9057478761344723e-06, 1.8860312202297863e-06, 1.866812733010535e-06, 1.847855969079738e-06, 1.8290442638274603e-06, 1.8104285686948795e-06, 1.7919226270073126e-06, 1.7737370681401194e-06, 1.7556519530435204e-06, 1.7377560764377676e-06, 1.7199658918381553e-06, 1.7025222690857062e-06, 1.6852522309342836e-06, 1.6682770411898682e-06, 1.6514489554693886e-06, 1.6344551233273079e-06, 1.617734695386516e-06, 1.6010984954499333e-06, 1.5847750420329497e-06, 1.5685750562431601e-06, 1.5525724135965765e-06, 1.536680127279645e-06, 1.520943745388371e-06, 1.5051977461815758e-06, 1.4895472086863928e-06, 1.4740588298806178e-06, 1.4588413607603764e-06, 1.443857782913496e-06, 1.4288778430922296e-06, 1.4139885353243719e-06, 1.399197121207272e-06, 1.3844697722852935e-06, 1.3699814126747792e-06, 1.3555803626536696e-06, 1.3412803204891725e-06, 1.3271929442868759e-06, 1.3132610647840285e-06, 1.2994565599277767e-06, 1.285834369858559e-06, 1.2722522737992369e-06, 1.2589955098296646e-06, 1.245791526754069e-06, 1.2327141115787536e-06, 1.2198005506355915e-06, 1.2069376019340331e-06, 1.1942970089564612e-06, 1.181702282209377e-06]
ndim2: 500
W_list: [2.6]
L_list: [96.51216881274753]
