C_final_list: [2.198815265859101e-06, 2.1638286424879688e-06, 2.1284450795250037e-06, 2.094388587184366e-06, 2.061393337789421e-06, 2.02874649634343e-06, 1.9967298338088656e-06, 1.9651081395290903e-06, 1.9337329005652595e-06, 1.9027207024181663e-06, 1.8723820459974207e-06, 1.8427361772291383e-06, 1.813085782462319e-06, 1.783895652380108e-06, 1.7554484740200734e-06, 1.727450898799328e-06, 1.6997160219625236e-06, 1.6723310351111007e-06, 1.6454428126389773e-06, 1.6188847730924234e-06, 1.5929906295592783e-06, 1.5676207967787137e-06, 1.542751041011806e-06, 1.5183569479199868e-06, 1.4940177569134978e-06, 1.470372348190982e-06, 1.4469345418275318e-06, 1.4234380142349977e-06, 1.400619754882985e-06, 1.3780752571704621e-06, 1.3559975088861761e-06, 1.3340681823185865e-06, 1.3125205734431783e-06, 1.291170063930577e-06, 1.270219141676778e-06, 1.2496188277895447e-06, 1.2294295458768995e-06, 1.2091961521600041e-06, 1.1894921053647153e-06, 1.1701193261746413e-06, 1.1512888500644477e-06, 1.1326261544659392e-06, 1.1143134703878403e-06, 1.0963773476478175e-06, 1.0785463706272088e-06, 1.0610272242874186e-06, 1.0436558763238653e-06, 1.0266764915637796e-06, 1.0099180466145255e-06, 9.932861799400457e-07]
ndim2: 500
W_list: [2.0]
L_list: [61.81605411333892]
