R_list= [ 1  2  3  4  5  6  7  8  9 10 11 12 13 14 15 16 17 18 19 20 21 22 23 24
 25 26 27 28 29 30 31 32 33 34 35 36 37 38]
C_final_list= [6.14311827931875e-06, 5.227806805966123e-06, 4.407746626998053e-06, 3.6976849847067367e-06, 3.095833784229814e-06, 2.587650739678702e-06, 2.162075550873198e-06, 1.8033382818256085e-06, 1.502383615868075e-06, 1.2510785447166708e-06, 1.0415717041466567e-06, 8.657918649641528e-07, 7.192358309354749e-07, 5.966593626023473e-07, 4.950797997284881e-07, 4.107999816462039e-07, 3.407278481245044e-07, 2.822894565093487e-07, 2.3408585238653466e-07, 1.9429166766900596e-07, 1.611227051692321e-07, 1.3370323032859077e-07, 1.1081033049714611e-07, 9.181128221018443e-08, 7.604075526557111e-08, 6.309053025574784e-08, 5.235684714081541e-08, 4.338534959436752e-08, 3.594584754767321e-08, 2.9737223971668414e-08, 2.4623583938931355e-08, 2.0438446659579097e-08, 1.6981688256622474e-08, 1.4100275012990313e-08, 1.1729625527593474e-08, 9.751637842842361e-09, 8.105407691566139e-09, 6.734754430564144e-09]
W_list: [8.3]
L_list: [5.637537154993658]
