R_list= [ 1  2  3  4  5  6  7  8  9 10 11 12 13 14 15 16 17 18 19 20 21 22 23 24
 25 26 27 28 29 30 31 32 33 34 35 36 37 38]
C_final_list= [9.207504711452701e-07, 8.430667889531261e-07, 7.680029989252722e-07, 6.986051564289162e-07, 6.345011776821823e-07, 5.752324726065544e-07, 5.210921235709698e-07, 4.7184472218689734e-07, 4.2738719990715706e-07, 3.868109059329633e-07, 3.50267523669641e-07, 3.1694643580029486e-07, 2.8663454691485863e-07, 2.5945649707790895e-07, 2.3486040999406567e-07, 2.124102232878865e-07, 1.9184454243566201e-07, 1.7299008437207053e-07, 1.560022960306877e-07, 1.4063615811713484e-07, 1.2666379777395172e-07, 1.1405923038495304e-07, 1.0266600420541727e-07, 9.235139404935762e-08, 8.306266357707268e-08, 7.45900177983777e-08, 6.685554462654414e-08, 5.992824542564694e-08, 5.3742810113000044e-08, 4.8205695536166066e-08, 4.3226709234745524e-08, 3.87768107653641e-08, 3.48148855399808e-08, 3.1269175564461214e-08, 2.8034201270484777e-08, 2.5139727494897433e-08, 2.2560142259981818e-08, 2.026696318054659e-08]
W_list: [7.4]
L_list: [10.101641207376275]
