C_final_list: [1.7908950614606043e-06, 1.7670017937926941e-06, 1.7433083543512704e-06, 1.7207332088255544e-06, 1.6985769220409262e-06, 1.6769398617418453e-06, 1.6559758841378795e-06, 1.6354379123554266e-06, 1.6150828525969057e-06, 1.5950603792853677e-06, 1.575246993154224e-06, 1.5556571105938936e-06, 1.5362834532774645e-06, 1.5171281007621775e-06, 1.4981356016686302e-06, 1.4794726845000228e-06, 1.4608894684147888e-06, 1.4426335735107087e-06, 1.4245807530553704e-06, 1.406502222916561e-06, 1.388794958290444e-06, 1.3710964126663951e-06, 1.3536850532928086e-06, 1.3366335999782975e-06, 1.3199759831178143e-06, 1.303311624268648e-06, 1.286994941296442e-06, 1.2707480173681385e-06, 1.2546024796114754e-06, 1.238737187616975e-06, 1.22314016338173e-06, 1.2076930006814942e-06, 1.192371408193466e-06, 1.1772465654202573e-06, 1.1625718556074899e-06, 1.1479122920025061e-06, 1.1334439641439321e-06, 1.1190104885136464e-06, 1.1048388127164378e-06, 1.090852162869105e-06, 1.0769863169617472e-06, 1.0633545882904174e-06, 1.04989253234478e-06, 1.0365051768427483e-06, 1.0233281941065013e-06, 1.010255368775694e-06, 9.9744322993743e-07, 9.847437041905252e-07, 9.722694810380218e-07, 9.59903839175051e-07]
ndim2: 500
W_list: [2.8499999999999996]
L_list: [78.87822257853988]
