R_list= [ 1  2  3  4  5  6  7  8  9 10 11 12 13 14 15 16 17 18 19 20 21 22 23 24
 25 26 27 28 29 30 31 32 33 34 35 36 37 38]
C_final_list= [6.737180695805264e-07, 5.534414198399484e-07, 4.5199627225886703e-07, 3.690371499065987e-07, 3.000196879667499e-07, 2.4331740488405744e-07, 1.9726365961357343e-07, 1.5974233028856648e-07, 1.2941795599218858e-07, 1.0475998379545412e-07, 8.493301850047153e-08, 6.856811083342036e-08, 5.5329474161368185e-08, 4.459132178517727e-08, 3.593405354824633e-08, 2.8950557334819554e-08, 2.3377800870557572e-08, 1.8775049484642934e-08, 1.5110509992430902e-08, 1.211703797769048e-08, 9.677464820544293e-09, 7.741077920256994e-09, 6.179210592222416e-09, 4.945932725350718e-09, 3.966196175830204e-09, 3.171494107680459e-09, 2.5412652857512217e-09, 2.041289318652742e-09, 1.637640415485802e-09, 1.3119696873129532e-09, 1.046029109937255e-09, 8.347779758847236e-10, 6.656466532183425e-10, 5.334200563161707e-10, 4.2589071965080686e-10, 3.404037905021122e-10, 2.718576151159433e-10, 2.1778507988848652e-10]
W_list: [7.8]
L_list: [4.8476679437033665]
