R_list= [ 1  2  3  4  5  6  7  8  9 10 11 12 13 14 15 16 17 18 19 20 21 22 23 24
 25 26 27 28 29 30 31 32 33 34 35 36 37 38]
C_final_list= [3.041524217393139e-07, 2.5661469193431905e-07, 2.136920972850798e-07, 1.769809588088867e-07, 1.4637704529692003e-07, 1.2075166496157334e-07, 9.954717506806498e-08, 8.184214020319957e-08, 6.727640476113897e-08, 5.5263992896339154e-08, 4.5326982672691855e-08, 3.7215767738937656e-08, 3.05493569356021e-08, 2.5049698955651796e-08, 2.0507218410651108e-08, 1.6780893991446922e-08, 1.3738054700962404e-08, 1.120818785923823e-08, 9.107380605682152e-09, 7.406935115864549e-09, 6.013797223363717e-09, 4.873968506978561e-09, 3.945675085394504e-09, 3.191052711304378e-09, 2.5828669921145324e-09, 2.091477902570991e-09, 1.6958812094092214e-09, 1.3739339062986528e-09, 1.1138588147642617e-09, 9.036913310535267e-10, 7.324381216490505e-10, 5.918523487427139e-10, 4.783189608444163e-10, 3.8564451889512214e-10, 3.1175183395386007e-10, 2.5294203488692625e-10, 2.057715462446516e-10, 1.6749604494938914e-10]
W_list: [8.8]
L_list: [5.276280192686307]
