R_list= [ 1  2  3  4  5  6  7  8  9 10 11 12 13 14 15 16 17 18 19 20 21 22 23 24
 25 26 27 28 29 30 31 32 33 34 35 36 37 38]
C_final_list= [1.8887345664289115e-06, 1.197933511455774e-06, 6.525239447809675e-07, 3.248854256435379e-07, 1.5326467959664102e-07, 7.015430238391666e-08, 3.166625139410115e-08, 1.4228520646826214e-08, 6.404618563590548e-09, 2.897288557090917e-09, 1.3161695201739585e-09, 6.009551340535948e-10, 2.7654003680648585e-10, 1.278507942880901e-10, 5.87911209485519e-11, 2.6699287232736514e-11, 1.1991188972984144e-11, 5.366828464603155e-12, 2.3971902301952277e-12, 1.065626197120583e-12, 4.743104930975772e-13, 2.1350655674139163e-13, 9.853270734948895e-14, 4.780015739966528e-14, 2.578074479284887e-14, 1.6243596107793578e-14, 1.1021011831778018e-14, 6.845324164523678e-15, 3.592353529953907e-15, 1.6080126472689898e-15, 6.734852538115481e-16, 2.809595145423329e-16, 1.172314931900415e-16, 4.8690017891010524e-17, 2.02399681712505e-17, 8.486204796142943e-18, 3.585165714688877e-18, 1.5218175502100625e-18]
W_list: [4]
L_list: [1.7836324696814565]
