C_final_list: [1.8408867954559467e-06, 1.5641924950126455e-06, 1.3207816664269877e-06, 1.1111588229984341e-06, 9.319594400035481e-07, 7.851899642683502e-07, 6.606324488175567e-07, 5.563686445046244e-07, 4.696419155323845e-07, 3.970861799722974e-07, 3.3341941400235583e-07, 2.8027896901026306e-07, 2.3576760703235497e-07, 1.9793522547530973e-07, 1.66192436849994e-07, 1.396468593199715e-07, 1.1801762019443202e-07, 9.920434223947334e-08, 8.32671288358038e-08, 6.982599570943667e-08, 5.834768952025711e-08, 4.886174476068327e-08, 4.107201713391395e-08, 3.449298962360594e-08, 2.8921898931222205e-08, 2.4175975545956972e-08, 2.0134359047959107e-08, 1.673357364450995e-08, 1.3906841032010171e-08, 1.1633321280956777e-08, 9.688906353778074e-09, 8.080747551442402e-09, 6.757219877460898e-09, 5.630840141077439e-09, 4.691431261929879e-09]
ndim2: 500
W_list: [3.0]
L_list: [5.833339787806202]
