R_list= [ 1  2  3  4  5  6  7  8  9 10 11 12 13 14 15 16 17 18 19 20 21 22 23 24
 25 26 27 28 29 30 31 32 33 34 35 36 37 38]
C_final_list= [8.352616518410148e-07, 7.327935459111958e-07, 6.470903021929562e-07, 5.698927814660171e-07, 5.015460713687253e-07, 4.4075690957899625e-07, 3.876689600158984e-07, 3.405703518426154e-07, 2.99257787615002e-07, 2.6250258799968844e-07, 2.3010669356342287e-07, 2.0214841008536633e-07, 1.777177698856468e-07, 1.559954983391435e-07, 1.369194689008322e-07, 1.2006252535844653e-07, 1.0525656435113769e-07, 9.237057373084839e-08, 8.109035454379558e-08, 7.108733483709542e-08, 6.230742832469372e-08, 5.462941208734122e-08, 4.7878208005331715e-08, 4.1833338469544e-08, 3.6527317034356495e-08, 3.1913453962582507e-08, 2.780012496765168e-08, 2.422059418945115e-08, 2.1100230196075284e-08, 1.8396228099616383e-08, 1.600690221895293e-08, 1.395239792591335e-08, 1.214525884021278e-08, 1.0561409633261549e-08, 9.187747222553177e-09, 7.998749182301414e-09, 6.958240224318478e-09, 6.06733293948591e-09]
W_list: [6]
L_list: [7.7438456558011035]
