C_final_list: [1.1533220813908896e-06, 1.1244366471534712e-06, 1.0945513392965848e-06, 1.0641741946711102e-06, 1.034447500767852e-06, 1.0053368735418611e-06, 9.771353162760609e-07, 9.503895188647462e-07, 9.2434650317959e-07, 8.98958409895158e-07, 8.741455566593544e-07, 8.499696895762147e-07, 8.267314531184575e-07, 8.039268695030889e-07, 7.815938231984854e-07, 7.59988021358913e-07, 7.389157001396003e-07, 7.18393405968798e-07, 6.981178536212231e-07, 6.783848969671099e-07, 6.592711655385646e-07, 6.407075502354438e-07, 6.225838300363596e-07, 6.047932531937323e-07, 5.873122348716696e-07, 5.704458291314861e-07, 5.540928774358573e-07, 5.383330021280801e-07, 5.228430054995055e-07, 5.078252476343683e-07, 4.932580939435339e-07, 4.789586461403688e-07, 4.6494300937040353e-07, 4.513201539448861e-07, 4.37968736866103e-07]
ndim2: 500
W_list: [2.2]
L_list: [35.29476538553794]
