C_final_list: [1.9730598041328534e-06, 1.715600879007677e-06, 1.488923184602739e-06, 1.2868952617430406e-06, 1.1129863711656277e-06, 9.63706447787314e-07, 8.360254862902918e-07, 7.256762516320996e-07, 6.293160836313648e-07, 5.453127858708033e-07, 4.723375853851896e-07, 4.065500247947511e-07, 3.5092748934131286e-07, 3.0201219493220005e-07, 2.602823969051015e-07, 2.2438294048252963e-07, 1.9326216627138493e-07, 1.662901604404448e-07, 1.430395726340154e-07, 1.2279904321251552e-07, 1.0548561423049828e-07, 9.108815660073801e-08, 7.841221427105608e-08, 6.729490877689526e-08, 5.7817861170574874e-08, 4.95935217597713e-08, 4.2592513228542714e-08, 3.651835280662185e-08, 3.129522177776049e-08, 2.684042728581916e-08, 2.299523549972374e-08, 1.9731129908180962e-08, 1.6943565413558797e-08, 1.44994239173544e-08, 1.243313847519706e-08, 1.064547910844389e-08, 9.121247302073119e-09, 7.817325858462716e-09, 6.683902809161175e-09, 5.706183242591163e-09, 4.900406265007754e-09, 4.189551013100837e-09, 3.583401173172715e-09, 3.0572183926731892e-09, 2.610223473119675e-09, 2.2304973252777185e-09, 1.916118979761458e-09, 1.6391617173812723e-09, 1.4049166885700221e-09, 1.2076628833026104e-09]
ndim2: 500
W_list: [3.2]
L_list: [6.925909014269309]
