C_final_list: [2.1122311493748257e-06, 2.0959058584023538e-06, 2.0801307041739503e-06, 2.0648908096490148e-06, 2.0498482011434527e-06, 2.0351867091226326e-06, 2.0207115133785845e-06, 2.006500502742353e-06, 1.992477606899191e-06, 1.9785071263092013e-06, 1.964884052157053e-06, 1.9513140298122066e-06, 1.9378551014781143e-06, 1.9245228727666206e-06, 1.911412218238816e-06, 1.898364263201073e-06, 1.8853200388173974e-06, 1.8724069734481004e-06, 1.8597822622475858e-06, 1.8471736997597795e-06, 1.8346560434594706e-06, 1.8223066150050105e-06, 1.8100847139084576e-06, 1.7979689547384942e-06, 1.78592265472199e-06, 1.7740154710254984e-06, 1.7621908802855547e-06, 1.7503244055466438e-06, 1.7385844365550173e-06, 1.7269844220014429e-06, 1.7153913105173677e-06, 1.703841228059121e-06, 1.692547508140095e-06, 1.6812510451003487e-06, 1.669871024781695e-06, 1.6585649016671055e-06, 1.6474775054516053e-06, 1.636549711819204e-06, 1.6257512723509935e-06, 1.6150267969602707e-06, 1.6044274298210224e-06, 1.5939921550417714e-06, 1.5835797432745834e-06, 1.5731902916473124e-06, 1.562726113347855e-06, 1.5522680288312451e-06, 1.5419727042437736e-06, 1.5316341924194486e-06, 1.5214194712718626e-06, 1.5112860558360026e-06]
ndim2: 500
W_list: [2.0]
L_list: [147.12982407544473]
