R_list= [ 1  2  3  4  5  6  7  8  9 10 11 12 13 14 15 16 17 18 19 20 21 22 23 24
 25 26 27 28 29 30 31 32 33 34 35 36 37 38]
C_final_list= [1.5835481602155742e-07, 7.728356749384184e-08, 3.0467875973211265e-08, 1.0697768648651258e-08, 3.515941174035659e-09, 1.1085652894032315e-09, 3.4059827815942127e-10, 1.0278125954717986e-10, 3.0488670996013705e-11, 8.951908177115814e-12, 2.6290528936638713e-12, 7.785498745366475e-13, 2.313194400664413e-13, 6.868781033558701e-14, 2.0458000917027672e-14, 6.132283179179645e-15, 1.880401697919026e-15, 5.805392231576658e-16, 1.7475264934900802e-16, 4.969462803049051e-17, 1.386028623171286e-17, 3.8829225345504415e-18, 1.1025594675451096e-18, 3.135878107997684e-19, 8.942739941125718e-20, 2.5392498704227063e-20, 7.26539287680083e-21, 2.1453463527494206e-21, 6.745111143635853e-22, 2.352534092438135e-22, 9.935137605569456e-23, 5.564024272721733e-23, 4.081299954285628e-23, 3.293027493439744e-23, 2.5143666379453943e-23, 1.897437522806503e-23, 1.5261536218508024e-23, 1.3168009651035831e-23]
W_list: [5]
L_list: [1.2488005376004236]
