C_final_list: [1.8129145607679448e-06, 1.7890501793566559e-06, 1.7659797714982325e-06, 1.7438516315677684e-06, 1.7223689400273702e-06, 1.7014335320053283e-06, 1.6808708260909139e-06, 1.6606125770162641e-06, 1.6403942318416131e-06, 1.6204549553193568e-06, 1.6006811784163676e-06, 1.5811439758415613e-06, 1.5617271319260678e-06, 1.5426846121644755e-06, 1.5238200732190332e-06, 1.5053429462299292e-06, 1.4870857674996116e-06, 1.4690765840687213e-06, 1.4514097709300257e-06, 1.4337397439076631e-06, 1.416082722097975e-06, 1.3985459135087486e-06, 1.3810774281114004e-06, 1.3638089024999924e-06, 1.3468066756876084e-06, 1.3301129188140512e-06, 1.3135641078075207e-06, 1.2971769666580001e-06, 1.280884564693632e-06, 1.264759252531399e-06, 1.2490026951845176e-06, 1.2335416381959632e-06, 1.2184167540832073e-06, 1.2034613629758402e-06, 1.1888666275240653e-06, 1.1743575676077905e-06, 1.1601284994770719e-06, 1.1459709717709166e-06, 1.1320023452265996e-06, 1.118237534255513e-06, 1.1047014790191842e-06, 1.0912488286072651e-06, 1.0780178026028826e-06, 1.0648158494399611e-06, 1.0516738624779905e-06, 1.0387036740691148e-06, 1.0258213791163505e-06, 1.0132226570891322e-06, 1.000859689002566e-06, 9.88680848165297e-07]
ndim2: 500
W_list: [2.8]
L_list: [80.90659263365721]
