C_final_list: [2.2052585233630797e-06, 2.1171520650178113e-06, 2.029103603693741e-06, 1.9433822662809652e-06, 1.861709468142016e-06, 1.7837294510105686e-06, 1.7105344789463123e-06, 1.6399734790837449e-06, 1.5730533490449373e-06, 1.5091690208636502e-06, 1.4475252632849207e-06, 1.3876037860129147e-06, 1.3298009397170166e-06, 1.274486898415282e-06, 1.2211791058824448e-06, 1.1697043848666157e-06, 1.1212291417163418e-06, 1.0744824801935866e-06, 1.0301227329515322e-06, 9.876777198431883e-07, 9.47289837336458e-07, 9.078485241776077e-07, 8.700400781437846e-07, 8.334143298026855e-07, 7.98583322834662e-07, 7.651310431043969e-07, 7.326886162156704e-07, 7.017445621309594e-07, 6.71775210633221e-07, 6.428188562168055e-07, 6.147568160821471e-07, 5.87838094554468e-07, 5.614332945630217e-07, 5.366253725434134e-07, 5.129429542424479e-07, 4.899404445538494e-07, 4.679448965326983e-07, 4.4646031935672807e-07, 4.260828771368338e-07, 4.067344893886422e-07, 3.8817697526595226e-07, 3.7080191679492663e-07, 3.540709321439216e-07, 3.3813349212084125e-07, 3.22756480910379e-07, 3.083319300189787e-07, 2.9442619811403265e-07, 2.811464193412547e-07, 2.684668969867428e-07, 2.560841173850002e-07]
ndim2: 500
W_list: [2.4]
L_list: [23.29229783761332]
