R_list= [ 1  2  3  4  5  6  7  8  9 10 11 12 13 14 15 16 17 18 19 20 21 22 23 24
 25 26 27 28 29 30 31 32 33 34 35 36 37 38]
C_final_list= [1.2024085823620068e-06, 8.193698662611303e-07, 5.55288299455566e-07, 3.786626145604936e-07, 2.5642818836224965e-07, 1.7519646677531895e-07, 1.185998687672779e-07, 8.02883961240276e-08, 5.394872115718179e-08, 3.6456412099764425e-08, 2.4810074179426098e-08, 1.6722230145678874e-08, 1.1100077394614876e-08, 7.418458337203194e-09, 4.952923647575749e-09, 3.32660721539873e-09, 2.207827055672148e-09, 1.469395530325215e-09, 9.776782537535998e-10, 6.436496016640332e-10, 4.277646257217052e-10, 2.8101223864421716e-10, 1.8428241666942864e-10, 1.2137898573481142e-10, 7.894285267901978e-11, 5.2507485106793234e-11, 3.451825159349551e-11, 2.336419791885215e-11, 1.556451275415483e-11, 1.041443554303522e-11, 7.0845431882974965e-12, 4.817554779127197e-12, 3.3492405170024372e-12, 2.516033877573743e-12, 1.9542256567437828e-12, 1.6765704894989685e-12, 1.332343881636668e-12, 9.302042361295332e-13]
W_list: [7.2]
L_list: [2.590410043185064]
