C_final_list: [1.8400200758467132e-06, 1.785343808926863e-06, 1.7306672139757112e-06, 1.6781971999888982e-06, 1.627517777477546e-06, 1.5783548221710704e-06, 1.5301010098511007e-06, 1.483835667559587e-06, 1.43909213417609e-06, 1.3959387836734946e-06, 1.3545377634693808e-06, 1.3141269880641423e-06, 1.2748279661710594e-06, 1.2363316834657567e-06, 1.1990843664780134e-06, 1.1629603420459455e-06, 1.1279410542247393e-06, 1.0940549178381479e-06, 1.0612707609127887e-06, 1.0290504584110497e-06, 9.976682495445127e-07, 9.6750067912852e-07, 9.377452718884157e-07, 9.089994808612334e-07, 8.809460568354569e-07, 8.537201474434265e-07, 8.2741784412938e-07, 8.015986201791167e-07, 7.761250359781847e-07, 7.517091363147921e-07, 7.281130830708536e-07, 7.053352481118171e-07, 6.833321237665363e-07, 6.620230931966499e-07, 6.415458521525994e-07, 6.215101645254795e-07, 6.020539584429216e-07, 5.831580576325914e-07, 5.648525498158574e-07, 5.470884948082284e-07, 5.3014224804921e-07, 5.135477718255777e-07, 4.973876971372423e-07, 4.814860242086394e-07, 4.662650710219214e-07, 4.514587053800413e-07, 4.3715339376439535e-07, 4.232022348555428e-07, 4.096976763082629e-07, 3.965915720893084e-07]
ndim2: 500
W_list: [3.0]
L_list: [32.225536447278955]
