R_list= [ 1  2  3  4  5  6  7  8  9 10 11 12 13 14 15 16 17 18 19 20 21 22 23 24
 25 26 27 28 29 30 31 32 33 34 35 36 37 38]
C_final_list= [2.054841693393525e-06, 1.991958418001463e-06, 1.9400474631879134e-06, 1.8879824328675508e-06, 1.8393788298029655e-06, 1.791040605258081e-06, 1.744522003821053e-06, 1.6997673542573432e-06, 1.6557593774767493e-06, 1.6128704886729915e-06, 1.5715881741505652e-06, 1.5310433596809949e-06, 1.4917576648294882e-06, 1.4533765176688411e-06, 1.4161255685222317e-06, 1.3795895420008297e-06, 1.3440754360563965e-06, 1.3094978206924978e-06, 1.275638526024349e-06, 1.2425784115554426e-06, 1.210338351039679e-06, 1.1789878828568464e-06, 1.1482187348467897e-06, 1.1182907914380506e-06, 1.0888800581693966e-06, 1.060195653431325e-06, 1.0323921437521083e-06, 1.0052564555912957e-06, 9.785950143993707e-07, 9.526189711441217e-07, 9.274170810181543e-07, 9.024030958270017e-07, 8.778242612909505e-07, 8.542664030956963e-07, 8.309571945356631e-07, 8.082342759509437e-07, 7.861235157658048e-07, 7.64647574777859e-07]
W_list: [4]
L_list: [37.878384020074144]
