R_list= [ 1  2  3  4  5  6  7  8  9 10 11 12 13 14 15 16 17 18 19 20 21 22 23 24
 25 26 27 28 29 30 31 32 33 34 35 36 37 38]
C_final_list= [1.0647286789576919e-06, 6.907891573961933e-07, 4.472275183995553e-07, 2.873046555561914e-07, 1.8238558783947182e-07, 1.1620905750613546e-07, 7.437861097503481e-08, 4.7854379487303446e-08, 3.0600670277282725e-08, 1.9517646872155706e-08, 1.241436246644905e-08, 7.879305297243191e-09, 4.976691027858152e-09, 3.1425989707014567e-09, 1.9764037491510677e-09, 1.198490754779825e-09, 7.493724181894703e-10, 4.5612019295657723e-10, 2.815019329609017e-10, 1.724453369884753e-10, 1.0590677311422932e-10, 6.590760141920604e-11, 4.1023969154148695e-11, 2.4943969527190733e-11, 1.5664785014984325e-11, 1.0019162704435781e-11, 6.3064430047525966e-12, 4.075179565627275e-12, 2.6466757101825995e-12, 1.8063635702853828e-12, 1.0730118780607175e-12, 6.567651298363945e-13, 3.6692368206604464e-13, 2.000900914182058e-13, 1.1967936814589952e-13, 6.965418188141143e-14, 4.1113387940094764e-14, 2.452649361179175e-14]
W_list: [8.0]
L_list: [2.279693429182783]
