R_list= [ 1  2  3  4  5  6  7  8  9 10 11 12 13 14 15 16 17 18 19 20 21 22 23 24
 25 26 27 28 29 30 31 32]
C_final_list= [1.5359128423698676e-07, 8.342354140267145e-08, 4.0730044044694715e-08, 1.915728750948892e-08, 8.95882587425732e-09, 4.1730276289072055e-09, 1.9162905639152053e-09, 8.655593068127087e-10, 3.8598284471823013e-10, 1.7136923217727307e-10, 7.618037596964968e-11, 3.400920871988668e-11, 1.5131287048262832e-11, 6.718881869692747e-12, 2.9445885870225997e-12, 1.2756108187864924e-12, 5.529234807765248e-13, 2.351632621781379e-13, 9.917907002252962e-14, 4.22012544716317e-14, 1.8286874499286776e-14, 8.197270059243356e-15, 3.798151926690955e-15, 1.8166480458054128e-15, 8.08038511294135e-16, 3.2699232243275024e-16, 1.3378092576305547e-16, 5.580617335468843e-17, 2.3764395496282864e-17, 9.885449770668987e-18, 3.956039978292826e-18, 1.5166456402348044e-18]
W_list: [6]
L_list: [1.5048182286950047]
