R_list= [ 1  2  3  4  5  6  7  8  9 10 11 12 13 14 15 16 17 18 19 20 21 22 23 24
 25 26 27 28 29 30 31 32 33 34 35 36 37 38]
C_final_list= [3.1030176571874813e-07, 2.55014864413698e-07, 2.0691912405852085e-07, 1.6646937378278397e-07, 1.3330653932528735e-07, 1.0607252995105764e-07, 8.424047686800542e-08, 6.679962295910244e-08, 5.290280690993035e-08, 4.1831941464899775e-08, 3.307255374767773e-08, 2.6067437314340757e-08, 2.0578530113206328e-08, 1.6228245331308087e-08, 1.2797399178527126e-08, 1.0076454182684436e-08, 7.925993381805179e-09, 6.209138544207334e-09, 4.864777552547151e-09, 3.810188542890803e-09, 2.9847184340589763e-09, 2.332354182432267e-09, 1.8267688065200799e-09, 1.4310112455368657e-09, 1.1160142098034068e-09, 8.719236619931194e-10, 6.806302768062197e-10, 5.322920745768685e-10, 4.1618026623855355e-10, 3.252888046436111e-10, 2.5337150363224027e-10, 1.9830547682400122e-10, 1.5433207367409564e-10, 1.1979047113561412e-10, 9.300653623461259e-11, 7.1971060406703e-11, 5.589703339163915e-11, 4.333658982652993e-11]
W_list: [9.4]
L_list: [4.545095859603091]
