C_final_list: [1.1301607836041722e-06, 1.0449447416471426e-06, 9.641324070762661e-07, 8.889705075283913e-07, 8.187118503323818e-07, 7.546636477954879e-07, 6.969241531013038e-07, 6.438370552371327e-07, 5.940654722291383e-07, 5.474982355413403e-07, 5.044783136105808e-07, 4.645141546708797e-07, 4.2790423057920304e-07, 3.939352733450767e-07, 3.622740315633203e-07, 3.3286870175197546e-07, 3.0595745757433525e-07, 2.8055285072116244e-07, 2.5734766062701216e-07, 2.3594682794933594e-07, 2.1610186280700864e-07, 1.9808375982043176e-07, 1.8159359436211878e-07, 1.6677660886172515e-07, 1.5299314664697118e-07, 1.4047678279010788e-07, 1.2894736963453304e-07, 1.1840306725354246e-07, 1.0875627759783758e-07, 9.980017486782887e-08, 9.166119192152696e-08, 8.416476401926463e-08, 7.720352043428734e-08, 7.076308978880215e-08, 6.476959358327958e-08]
ndim2: 500
W_list: [4.0]
L_list: [12.128133938387233]
