R_list= [ 1  2  3  4  5  6  7  8  9 10 11 12 13 14 15 16 17 18 19 20 21 22 23 24
 25 26 27 28 29 30 31 32 33 34 35 36 37 38]
C_final_list= [1.8375744639865333e-06, 1.7542190167641135e-06, 1.6952249506985684e-06, 1.639435399494179e-06, 1.5836988034434084e-06, 1.531231773428669e-06, 1.4817080317789528e-06, 1.4335237385618529e-06, 1.3862930414970682e-06, 1.3404054130627933e-06, 1.2961271538270022e-06, 1.2533220497429675e-06, 1.2123652983417737e-06, 1.1726785207791638e-06, 1.1339952813939787e-06, 1.0961704907878998e-06, 1.0592303777145673e-06, 1.0236004573702842e-06, 9.893237727329828e-07, 9.560965109180697e-07, 9.238802732540825e-07, 8.926490446870831e-07, 8.624357560113347e-07, 8.335038050321669e-07, 8.05300188619553e-07, 7.777857447586406e-07, 7.511419663229746e-07, 7.252517349786173e-07, 7.002851151339345e-07, 6.76206467342594e-07, 6.527151232778233e-07, 6.299314444555228e-07, 6.07982912146249e-07, 5.867079039368067e-07, 5.660009785830053e-07, 5.458725880830764e-07, 5.264248163613478e-07, 5.076587028462558e-07]
W_list: [4]
L_list: [29.27938053958577]
