R_list= [ 1  2  3  4  5  6  7  8  9 10 11 12 13 14 15 16 17 18 19 20 21 22 23 24
 25 26 27 28 29 30 31 32 33 34 35 36 37 38]
C_final_list= [2.360094486442983e-07, 1.941872349399336e-07, 1.5732964593792935e-07, 1.2670450496055182e-07, 1.0167245918255258e-07, 8.118667935762974e-08, 6.454885027154742e-08, 5.140739720435138e-08, 4.09640108664522e-08, 3.2675419670157596e-08, 2.603181555381553e-08, 2.0784781119425157e-08, 1.6539275010440527e-08, 1.3132242099888803e-08, 1.0430718018199132e-08, 8.265629345562305e-09, 6.5314871690128395e-09, 5.159814430651312e-09, 4.062042120647804e-09, 3.1904153524944277e-09, 2.5130366690840403e-09, 1.9878383986293302e-09, 1.5665388165212522e-09, 1.2355268987432827e-09, 9.759937648574259e-10, 7.711178136382781e-10, 6.070913988809844e-10, 4.763194936795795e-10, 3.727352768417616e-10, 2.910443470088639e-10, 2.2841769355987436e-10, 1.7992726612927812e-10, 1.4145445037089314e-10, 1.1165066178193649e-10, 8.81817894657933e-11, 6.888531361094231e-11, 5.398245130754809e-11, 4.260951009330633e-11]
W_list: [9.0]
L_list: [4.590387369526566]
