C_final_list: [1.9854391363542713e-06, 1.877539567233179e-06, 1.772087167058109e-06, 1.67428089940685e-06, 1.5795337946484347e-06, 1.4910840186851805e-06, 1.4084721312492868e-06, 1.3292568765483162e-06, 1.2538170639484521e-06, 1.18208818310561e-06, 1.1150813102979744e-06, 1.049938449285129e-06, 9.890825454298145e-07, 9.321792888412102e-07, 8.793164489996394e-07, 8.290410655343619e-07, 7.809545416686379e-07, 7.364113382660169e-07, 6.929076470068891e-07, 6.524457337342614e-07, 6.143234909221485e-07, 5.784211852382886e-07, 5.440639259765787e-07, 5.119633533851355e-07, 4.823658854850967e-07, 4.541215500633746e-07, 4.2724798560588946e-07, 4.023508908267141e-07, 3.781330781235381e-07, 3.551010957625667e-07, 3.340789209556103e-07, 3.1397469200889435e-07, 2.952275134037675e-07, 2.776420931538785e-07, 2.6106365406210816e-07, 2.4565202028434896e-07, 2.3102873738075253e-07, 2.1738061785465047e-07, 2.0428750475923373e-07, 1.919565076485988e-07, 1.8029120280269345e-07, 1.6927167685763436e-07, 1.5891215452653714e-07, 1.4898088209263478e-07, 1.3984493916676195e-07, 1.3140668866724826e-07, 1.2334570801421872e-07, 1.158985796328581e-07, 1.0880564344060527e-07, 1.0207460140445056e-07]
ndim2: 500
W_list: [2.9]
L_list: [16.859625911081757]
