R_list= [ 1  2  3  4  5  6  7  8  9 10 11 12 13 14 15 16 17 18 19 20 21 22 23 24
 25 26 27 28 29 30 31 32 33 34 35 36 37 38]
C_final_list= [3.023183114262502e-06, 2.4024791662478523e-06, 1.8915590897310669e-06, 1.4823273081765324e-06, 1.1602751619289767e-06, 9.084525283723831e-07, 7.090004215514133e-07, 5.528375302385606e-07, 4.3081644983213467e-07, 3.3567115906662487e-07, 2.6155283612401597e-07, 2.0350872672126688e-07, 1.5801703528022417e-07, 1.224122586858432e-07, 9.492198667966814e-08, 7.335042370838594e-08, 5.656612863786527e-08, 4.364056596292792e-08, 3.356010159007392e-08, 2.581543046440349e-08, 1.9839668126639927e-08, 1.5266541209008314e-08, 1.1756312852650908e-08, 9.08934455504754e-09, 7.008477240315542e-09, 5.392416478569173e-09, 4.143323907989006e-09, 3.1994343329022406e-09, 2.4772919588107247e-09, 1.915193331583093e-09, 1.4731069982616613e-09, 1.1280763756026604e-09, 8.591657186834593e-10, 6.531464835145956e-10, 4.987905976383687e-10, 3.8270081608786115e-10, 2.9359642009384765e-10, 2.2655382896489925e-10]
W_list: [8.6]
L_list: [4.122586286777818]
