C_final_list: [1.8382361674551176e-06, 1.6926818700051722e-06, 1.5554453017369632e-06, 1.4286589335376732e-06, 1.3115745690181818e-06, 1.2051962771446356e-06, 1.105792706264734e-06, 1.0152764763936772e-06, 9.324059601466166e-07, 8.566034264631034e-07, 7.868967249009426e-07, 7.23490307448909e-07, 6.644213988595226e-07, 6.101573542650001e-07, 5.593888273599497e-07, 5.132851493459846e-07, 4.710211721404169e-07, 4.3212195603303977e-07, 3.9645742691790284e-07, 3.637139494516328e-07, 3.3329429102468894e-07, 3.0549550515144195e-07, 2.795780910960582e-07, 2.5557717879057465e-07, 2.336291333031703e-07, 2.1368444517905908e-07, 1.9561718951613476e-07, 1.7918300256820784e-07, 1.6418561626109533e-07, 1.5022984634082458e-07, 1.376096646192257e-07, 1.258965564387749e-07, 1.1535632782789695e-07, 1.0560008514386926e-07, 9.654565888449429e-08, 8.823522697107425e-08, 8.055994468298895e-08, 7.347453219673826e-08, 6.701482298725564e-08, 6.122073866295727e-08, 5.591911480296307e-08, 5.1073711487054336e-08, 4.658485204396836e-08, 4.248710925582545e-08, 3.878815509203274e-08, 3.549759872575633e-08, 3.248567690954046e-08, 2.9747702516339754e-08, 2.7251972352050344e-08, 2.491209080329082e-08]
ndim2: 500
W_list: [3.4000000000000004]
L_list: [11.667692971015752]
