R_list= [ 1  2  3  4  5  6  7  8  9 10 11 12 13 14 15 16 17 18 19 20 21 22 23 24
 25 26 27 28 29 30 31 32]
C_final_list= [7.829094074115963e-07, 7.327801081685257e-07, 6.834826007111517e-07, 6.367124108310165e-07, 5.928123443107965e-07, 5.522032491359874e-07, 5.145560591734566e-07, 4.791942714641562e-07, 4.4638805301953437e-07, 4.156279216157342e-07, 3.866425231627302e-07, 3.5949767328601035e-07, 3.342462615698133e-07, 3.105882320238859e-07, 2.8849860670318404e-07, 2.677985223060506e-07, 2.486956229116058e-07, 2.3085872473584412e-07, 2.141649520429723e-07, 1.9873417385180635e-07, 1.8434238174852477e-07, 1.7098004014810347e-07, 1.5846538996080545e-07, 1.4680790819395091e-07, 1.3596498110792634e-07, 1.259390906728449e-07, 1.1670950329125556e-07, 1.0797911459503597e-07, 9.995893238899265e-08, 9.256672896359514e-08, 8.56539529356904e-08, 7.928720341647299e-08]
W_list: [6]
L_list: [13.79263009278778]
