R_list= [ 1  2  3  4  5  6  7  8  9 10 11 12 13 14 15 16 17 18 19 20 21 22 23 24
 25 26 27 28 29 30 31 32]
C_final_list= [7.586361274322879e-07, 7.07443005884362e-07, 6.582031385106575e-07, 6.112663612238047e-07, 5.673140134611207e-07, 5.263206571751838e-07, 4.883011887811734e-07, 4.5262683649879526e-07, 4.196831924258875e-07, 3.888576569958912e-07, 3.6035758951859954e-07, 3.3404922607013465e-07, 3.098528687370116e-07, 2.8742527351409916e-07, 2.662152414187391e-07, 2.4663893324038386e-07, 2.283740025869942e-07, 2.115958790818887e-07, 1.96130983755753e-07, 1.8153090059359965e-07, 1.6798302258665672e-07, 1.5529897030588e-07, 1.4345580832740982e-07, 1.325229054403106e-07, 1.2239766688166414e-07, 1.1305069787763996e-07, 1.0435121212605178e-07, 9.633414004701708e-08, 8.893116427623346e-08, 8.215645378638011e-08, 7.590424302443097e-08, 7.017614622640916e-08]
W_list: [6]
L_list: [13.206118119056146]
