R_list= [ 1  2  3  4  5  6  7  8  9 10 11 12 13 14 15 16 17 18 19 20 21 22 23 24
 25 26 27 28 29 30 31 32 33 34 35 36 37 38]
C_final_list= [4.0506537262435143e-07, 2.0791067526817653e-07, 1.0112049523705403e-07, 4.8979741215127124e-08, 2.364716190606801e-08, 1.1414276342240578e-08, 5.515410334360378e-09, 2.6535815098488093e-09, 1.269301559350039e-09, 6.032624734572731e-10, 2.854248851677872e-10, 1.338090772638059e-10, 6.078654518109074e-11, 2.7939092489003886e-11, 1.3175992214061096e-11, 5.9930353975674196e-12, 2.674033636982299e-12, 1.1642546211490607e-12, 5.123883150424848e-13, 2.319736022341023e-13, 1.0769902231536374e-13, 4.852592197138833e-14, 2.089726088934717e-14, 9.018654565218413e-15, 3.835710300735711e-15, 1.639031357818867e-15, 7.652719324699274e-16, 3.8923006946000746e-16, 1.8113177199778718e-16, 7.875866043383328e-17, 3.4381077429767634e-17, 1.589840237582617e-17, 8.410670571585017e-18, 5.066393025997593e-18, 2.59484139915412e-18, 1.2505586702182675e-18, 5.378417274978557e-19, 2.0889188826750107e-19]
W_list: [7]
L_list: [1.4469606551739678]
