R_list= [ 1  2  3  4  5  6  7  8  9 10 11 12 13 14 15 16 17 18 19 20 21 22 23 24
 25 26 27 28 29 30 31 32 33 34 35 36 37 38]
C_final_list= [1.308063654498071e-06, 1.1619961282889113e-06, 1.05332363078736e-06, 9.561347402320342e-07, 8.662711479150643e-07, 7.85466678732199e-07, 7.127674734351426e-07, 6.46824910240744e-07, 5.865866660583106e-07, 5.322119445031162e-07, 4.828776389290197e-07, 4.381055306410408e-07, 3.970288905383933e-07, 3.59559441354558e-07, 3.2567835202744e-07, 2.9495870483263937e-07, 2.667655136749618e-07, 2.4146708241095403e-07, 2.181439520631384e-07, 1.9679990045253206e-07, 1.7763545813632485e-07, 1.6030442266071852e-07, 1.4454614610120633e-07, 1.3037167893572505e-07, 1.1754186693317531e-07, 1.0595168592353845e-07, 9.528519810352975e-08, 8.560185888853404e-08, 7.697634386501129e-08, 6.92758602262792e-08, 6.227789765452477e-08, 5.598040386905103e-08, 5.026923958835125e-08, 4.514854310256662e-08, 4.0613107951477826e-08, 3.651109354594801e-08, 3.2846521807530724e-08, 2.9583952799683994e-08]
W_list: [5]
L_list: [10.071829696371445]
