R_list= [ 1  2  3  4  5  6  7  8  9 10 11 12 13 14 15 16 17 18 19 20 21 22 23 24
 25 26 27 28 29 30 31 32 33 34 35 36 37 38]
C_final_list= [1.1525653128378468e-06, 1.0708908066966678e-06, 9.905103812285856e-07, 9.143007046024257e-07, 8.431794707851372e-07, 7.772049899665996e-07, 7.163584246875066e-07, 6.594281121972094e-07, 6.06507999000752e-07, 5.57559821186949e-07, 5.125491096698265e-07, 4.7089739879615284e-07, 4.3268089449333787e-07, 3.974080828167259e-07, 3.6510211048648446e-07, 3.3510109509485385e-07, 3.0760272300935834e-07, 2.8208410284653494e-07, 2.5863609549708903e-07, 2.3710154121511866e-07, 2.173993405237877e-07, 1.9926792661854272e-07, 1.8271422013736406e-07, 1.675212391114788e-07, 1.535434014919923e-07, 1.4063653407973637e-07, 1.2881090368028156e-07, 1.1792242166146156e-07, 1.0797081933396581e-07, 9.886423343908984e-08, 9.051629962152701e-08, 8.287981171044543e-08, 7.588537305354336e-08, 6.946187866425804e-08, 6.356661524595949e-08, 5.8159947124125756e-08, 5.3227313848220065e-08, 4.8703139256080285e-08]
W_list: [7.0]
L_list: [11.967797948131132]
