C_final_list: [2.0242576713384724e-06, 1.7998300913660107e-06, 1.592652498550133e-06, 1.4082178693539785e-06, 1.2431733862965425e-06, 1.0981337415321055e-06, 9.726328903956287e-07, 8.599758167323216e-07, 7.617892375916806e-07, 6.736032772911786e-07, 5.962102265364603e-07, 5.269664283578248e-07, 4.652906292627526e-07, 4.111724099124556e-07, 3.634290767424406e-07, 3.211256914627234e-07, 2.826214395378622e-07, 2.4930422389061344e-07, 2.2001219338843818e-07, 1.9402390097329435e-07, 1.7082172492583385e-07, 1.507188069105781e-07, 1.3287456313149438e-07, 1.1689080502130828e-07, 1.0304646890684882e-07, 9.102161448364601e-08, 8.023437413823935e-08, 7.05577281202744e-08, 6.230072098250004e-08, 5.498769802686278e-08, 4.849314458278255e-08, 4.278513909940193e-08, 3.777325313173691e-08, 3.328199881147355e-08, 2.9473062184109313e-08]
ndim2: 500
W_list: [2.4]
L_list: [8.125185476779066]
