C_final_list: [8.516860270803423e-07, 7.62159977676111e-07, 6.768463599732167e-07, 5.998827885844115e-07, 5.311841442875639e-07, 4.695804200701267e-07, 4.1481266082670586e-07, 3.655546427492312e-07, 3.2188688989262944e-07, 2.835200787254222e-07, 2.497160720712446e-07, 2.1975412834679552e-07, 1.9340159153598313e-07, 1.7000179193121103e-07, 1.4921590267080308e-07, 1.3116639179233078e-07, 1.1544927538566296e-07, 1.0177478632172682e-07, 8.947294487045871e-08, 7.873825612069211e-08, 6.916227528549624e-08, 6.096265277213698e-08, 5.354993132734087e-08, 4.691450977638624e-08, 4.106969522459721e-08, 3.5899824531255584e-08, 3.137673342944006e-08, 2.742026355898054e-08, 2.403431758682642e-08, 2.1068857933674094e-08, 1.847630469717134e-08, 1.6218533611056547e-08, 1.4235679001936069e-08, 1.2500269399639148e-08, 1.099984312462857e-08]
ndim2: 500
W_list: [4.2]
L_list: [8.044488315964527]
