R_list= [ 1  2  3  4  5  6  7  8  9 10 11 12 13 14 15 16 17 18 19 20 21 22 23 24
 25 26 27 28 29 30 31 32 33 34 35 36 37 38]
C_final_list= [9.103124343628392e-07, 8.340007640230588e-07, 7.594020431401299e-07, 6.903290665894027e-07, 6.263797427852865e-07, 5.684043139872198e-07, 5.148734450593884e-07, 4.6629438300259694e-07, 4.223280527785684e-07, 3.8227477530304235e-07, 3.460282563617068e-07, 3.1300807939875187e-07, 2.827862098213629e-07, 2.554094563582026e-07, 2.306390217147721e-07, 2.0818581977524345e-07, 1.876843980632657e-07, 1.6921008390473233e-07, 1.524400785014498e-07, 1.371409485214949e-07, 1.2325755638810386e-07, 1.1078599737998863e-07, 9.959127790118602e-08, 8.954481248340687e-08, 8.044421509990285e-08, 7.218797134731323e-08, 6.47979529737763e-08, 5.8203806090503115e-08, 5.231071234210691e-08, 4.703705520542736e-08, 4.23419143526941e-08, 3.810343562840744e-08, 3.426905455524824e-08, 3.0841039980082766e-08, 2.7739533109073206e-08, 2.494939639975904e-08, 2.242614509889557e-08, 2.0124671018499743e-08]
W_list: [7.4]
L_list: [10.054208818953294]
