R_list= [ 1  2  3  4  5  6  7  8  9 10 11 12 13 14 15 16 17 18 19 20 21 22 23 24
 25 26 27 28 29 30 31 32 33 34 35 36 37 38]
C_final_list= [3.7778087277451796e-05, 2.5107752486112943e-05, 1.6616655280567883e-05, 1.0971920068766267e-05, 7.2264252984095676e-06, 4.760832554661227e-06, 3.130853211544476e-06, 2.0569797277252065e-06, 1.3498828462477468e-06, 8.856649018140204e-07, 5.824767575708547e-07, 3.824841737233717e-07, 2.5028183644550236e-07, 1.6389663485427013e-07, 1.0714688745961233e-07, 7.047079865000048e-08, 4.631727076830761e-08, 3.048737002686322e-08, 2.001149543603808e-08, 1.322789978373721e-08, 8.716806012736261e-09, 5.729654094896093e-09, 3.75455268573707e-09, 2.447578990251464e-09, 1.6218863366146071e-09, 1.069289236955071e-09, 7.154310363959454e-10, 4.682444166614003e-10, 3.03715953582643e-10, 1.984205481650065e-10, 1.3119295797793263e-10, 8.590635828431857e-11, 5.613643924820365e-11, 3.714327575460533e-11, 2.4235269909432995e-11, 1.5478750068099327e-11, 1.0093062425079196e-11, 6.600276897046278e-12]
W_list: [8.0]
L_list: [2.4209906109670145]
