R_list= [ 1  2  3  4  5  6  7  8  9 10 11 12 13 14 15 16 17 18 19 20 21 22 23 24
 25 26 27 28 29 30 31 32 33 34 35 36 37 38]
C_final_list= [3.5568139483194684e-05, 2.3065838295631743e-05, 1.488530098855316e-05, 9.607272471954878e-06, 6.198416030047968e-06, 3.98952498965049e-06, 2.566222290017439e-06, 1.6482302480583858e-06, 1.0598738975525222e-06, 6.821213141767027e-07, 4.364370570817783e-07, 2.7849765634422093e-07, 1.7757075879938106e-07, 1.1343127703862512e-07, 7.261061513199322e-08, 4.657978858313488e-08, 2.9858128552069515e-08, 1.9248037987103163e-08, 1.245802530531249e-08, 8.023039559923201e-09, 5.178035209696647e-09, 3.331127531455067e-09, 2.1394262105069904e-09, 1.3696328579101688e-09, 8.758438303664155e-10, 5.615199452330178e-10, 3.5833896458858364e-10, 2.2932676642279913e-10, 1.4771406767917631e-10, 9.628095381301043e-11, 6.151578705626359e-11, 3.981344250621112e-11, 2.573796783247693e-11, 1.6745221398604383e-11, 1.1093150207376648e-11, 7.0103963808099135e-12, 4.191445784957444e-12, 2.5217221149131305e-12]
W_list: [8.25]
L_list: [2.290146954609955]
