C_final_list: [1.65626675316212e-06, 1.6300621999247834e-06, 1.6043254614115612e-06, 1.5797772148231852e-06, 1.5557121857745553e-06, 1.5319292736263822e-06, 1.5089803023069467e-06, 1.4859295562283735e-06, 1.4632221540742398e-06, 1.4411166658482447e-06, 1.4194837367278855e-06, 1.3982948010794599e-06, 1.377438254831178e-06, 1.356949896996909e-06, 1.3368319909398e-06, 1.317013379294535e-06, 1.2975796504636495e-06, 1.2786711915274133e-06, 1.2598694730635488e-06, 1.2414963855450913e-06, 1.2232522509924996e-06, 1.20526646206225e-06, 1.187387539529957e-06, 1.1698283664806071e-06, 1.1525723957315748e-06, 1.1354393723125808e-06, 1.1186464777506943e-06, 1.1020170022385338e-06, 1.085597485427629e-06, 1.0695218055793844e-06, 1.0537594917423552e-06, 1.038175972759836e-06, 1.022715526258769e-06, 1.0076215304937188e-06, 9.927618363423124e-07, 9.779837486502857e-07, 9.635403743550573e-07, 9.492256829421011e-07, 9.352943224990765e-07, 9.214377826336584e-07, 9.077015588358413e-07, 8.940451427362008e-07, 8.807158285352122e-07, 8.675814850337932e-07, 8.547346494480133e-07, 8.420698924622441e-07, 8.296762212576826e-07, 8.173269185556307e-07, 8.050940972182337e-07, 7.931174085096608e-07]
ndim2: 500
W_list: [3.0]
L_list: [66.77645093722354]
