R_list= [ 1  2  3  4  5  6  7  8  9 10 11 12 13 14 15 16 17 18 19 20 21 22 23 24
 25 26 27 28 29 30 31 32 33 34 35 36 37 38]
C_final_list= [3.7028681003355424e-05, 2.4503751898909924e-05, 1.6143882383821488e-05, 1.0628422034005103e-05, 6.970025141791306e-06, 4.574244740002791e-06, 2.987791324671172e-06, 1.948662187599378e-06, 1.2737169511563364e-06, 8.298647424060818e-07, 5.40727281779067e-07, 3.521569677604078e-07, 2.2993212362765705e-07, 1.4982631513068828e-07, 9.728478287549753e-08, 6.311391350013576e-08, 4.0976988988909814e-08, 2.668018871473143e-08, 1.7241329495135536e-08, 1.1158957816354476e-08, 7.2206923170502986e-09, 4.704358529726244e-09, 3.056350029875236e-09, 1.9677582168482725e-09, 1.256066899115282e-09, 8.001950628538768e-10, 5.147111431902015e-10, 3.3425572567208164e-10, 2.161366681156983e-10, 1.4032684966849044e-10, 8.955220877614567e-11, 5.741025365644016e-11, 3.5959010126576846e-11, 2.239549840850136e-11, 1.408757215149774e-11, 8.623153070425562e-12, 5.3358474625691514e-12, 3.330563838318003e-12]
W_list: [8.05]
L_list: [2.3967138768576532]
