R_list= [ 1  2  3  4  5  6  7  8  9 10 11 12 13 14 15 16 17 18 19 20 21 22 23 24
 25 26 27 28 29 30 31 32 33 34 35 36 37 38]
C_final_list= [6.916905830133475e-08, 3.0585612021228865e-08, 1.1783746721107706e-08, 4.3114937140408e-09, 1.543142331611924e-09, 5.413068027585968e-10, 1.8743130425498628e-10, 6.506753858801552e-11, 2.259202118083124e-11, 7.710563913912692e-12, 2.6188879216055557e-12, 8.782831481724479e-13, 2.938517017559642e-13, 9.929638409078985e-14, 3.30569994177471e-14, 1.1035378692242162e-14, 3.772751134965802e-15, 1.6886891522996861e-15, 1.1736366072471183e-15, 6.245354525052264e-16, 1.7270521987344445e-16, 2.6105824024418498e-17, 5.2855270975970315e-18, 1.425121771869921e-18, 4.082160822866468e-19, 1.203067146272571e-19, 3.7047246515250534e-20, 1.1309043634257035e-20, 3.754375281749998e-21, 1.2031530273495352e-21, 3.9329101610859186e-22, 1.3774259574348687e-22, 4.3304316793564804e-23, 1.2237465410350279e-23, 3.381655383386004e-24, 9.515931114194026e-25, 2.715764262830535e-25, 8.6974003126573e-26]
W_list: [7]
L_list: [1.1588007994410625]
