R_list= [ 1  2  3  4  5  6  7  8  9 10 11 12 13 14 15 16 17 18 19 20 21 22 23 24
 25 26 27 28 29 30 31 32 33 34 35 36 37 38]
C_final_list= [3.166787628266959e-05, 2.40811586110245e-05, 1.8196970588500535e-05, 1.3723917710155268e-05, 1.03411615389932e-05, 7.791411361113766e-06, 5.865130860007053e-06, 4.407864422380122e-06, 3.305431392625301e-06, 2.4797248470218587e-06, 1.8557068087861802e-06, 1.391732891546357e-06, 1.0462661787316323e-06, 7.886407587486146e-07, 5.944091694939588e-07, 4.478917925909752e-07, 3.3677117747372753e-07, 2.52591778404421e-07, 1.8942613371224634e-07, 1.4178883316166143e-07, 1.0625239771190471e-07, 8.004795026546549e-08, 6.034910938155595e-08, 4.5398058772033394e-08, 3.4203877437482476e-08, 2.5715849630143023e-08, 1.936173615979415e-08, 1.45785974261996e-08, 1.0981319941410538e-08, 8.274493856051812e-09, 6.21434278966382e-09, 4.657245729293294e-09, 3.4957358186657926e-09, 2.631273824384725e-09, 1.97812308254605e-09, 1.4980061961387148e-09, 1.1292348150482431e-09, 8.614166338031016e-10]
W_list: [8.1]
L_list: [3.557535922246912]
