C_final_list: [1.7495075907145967e-06, 1.6898730580060652e-06, 1.6315303202359447e-06, 1.5757172991941903e-06, 1.5219485881314274e-06, 1.4687139441541852e-06, 1.417464381313591e-06, 1.3683504808755742e-06, 1.321082980024611e-06, 1.276187457324113e-06, 1.2317606046189727e-06, 1.1886078951686477e-06, 1.1473611507279972e-06, 1.107316467007129e-06, 1.0689112187336725e-06, 1.0316916442525858e-06, 9.95707514524941e-07, 9.61412922395582e-07, 9.277753554279123e-07, 8.953909516669582e-07, 8.641206301163375e-07, 8.337543626666592e-07, 8.043893207099589e-07, 7.760188105582024e-07, 7.487517081908408e-07, 7.221373526174666e-07, 6.962144921431459e-07, 6.714949012625378e-07, 6.47235924211023e-07, 6.23939581058542e-07, 6.012980728196656e-07, 5.794605032606775e-07, 5.586102987113148e-07, 5.385675614202487e-07, 5.1904527373748e-07, 5.002904126953302e-07, 4.822543873975526e-07, 4.646002794116344e-07, 4.4764800407174165e-07, 4.3119637273943246e-07, 4.1541618456547424e-07, 4.001972982413334e-07, 3.852426433167047e-07, 3.709768214008073e-07, 3.5721015210105953e-07, 3.442234931541506e-07, 3.3152553488654614e-07, 3.1947706976658987e-07, 3.079302464148027e-07, 2.9662663838845895e-07]
ndim2: 500
W_list: [3.15]
L_list: [27.924300700992237]
