C_final_list: [1.4881821337193517e-06, 1.3328924557610649e-06, 1.188902663443817e-06, 1.0629149978442116e-06, 9.481233271738466e-07, 8.462501966587603e-07, 7.544393240660171e-07, 6.717412666448244e-07, 5.97584254675752e-07, 5.311840437312021e-07, 4.7243777892416573e-07, 4.199331105607017e-07, 3.741068215285367e-07, 3.331354631572253e-07, 2.9652360983474957e-07, 2.638329596266009e-07, 2.3434941076662991e-07, 2.0793384663503157e-07, 1.8442630743430417e-07, 1.6405052125730423e-07, 1.4573567199406622e-07, 1.2942359057861994e-07, 1.1469958946590851e-07, 1.0178203577666363e-07, 9.038094969032127e-08, 8.0255817841231e-08, 7.115013504992159e-08, 6.30750285770547e-08, 5.59549671707133e-08, 4.96448880150986e-08, 4.3929825575231494e-08, 3.89248631193142e-08, 3.440627938087777e-08, 3.032883829157302e-08, 2.679347148813929e-08]
ndim2: 500
W_list: [3.4000000000000004]
L_list: [8.652995405947724]
