C_final_list: [1.2359272466911309e-06, 1.1491501899647995e-06, 1.0642523184608674e-06, 9.850703231255302e-07, 9.11497733981843e-07, 8.423305893176118e-07, 7.777599621260065e-07, 7.183791999116956e-07, 6.627428100010198e-07, 6.113451753626253e-07, 5.645299661936449e-07, 5.209905049420188e-07, 4.805406818551743e-07, 4.4320442361792255e-07, 4.092817834053012e-07, 3.774442748394236e-07, 3.477499581743412e-07, 3.1994844317483196e-07, 2.9433034835282803e-07, 2.7063054397616354e-07, 2.4905669274475393e-07, 2.2941124619543497e-07, 2.11341229520615e-07, 1.9450153673492598e-07, 1.7892704565843556e-07, 1.6465556010580964e-07, 1.513940802823813e-07, 1.392173877246902e-07, 1.2801555678962161e-07, 1.1751612358860088e-07, 1.0783694684988013e-07, 9.889547230198696e-08, 9.066250945541098e-08, 8.32062674735649e-08, 7.626439068043092e-08, 6.991395263499655e-08, 6.401398454948315e-08, 5.8624147522388174e-08, 5.380652183894107e-08, 4.933329504892562e-08, 4.531222935087203e-08, 4.162195506414278e-08, 3.8193539115297966e-08, 3.501805830540568e-08, 3.2079125870422534e-08, 2.9412822198672663e-08, 2.6949760450656272e-08, 2.4690834246548814e-08, 2.2610568207054075e-08, 2.071141901307194e-08]
ndim2: 500
W_list: [4.0]
L_list: [12.424272653916818]
