R_list= [ 1  2  3  4  5  6  7  8  9 10 11 12 13 14 15 16 17 18 19 20 21 22 23 24
 25 26 27 28 29 30]
C_final_list= [7.06574751447344e-07, 6.699486710056996e-07, 6.330467534938023e-07, 5.978241121541859e-07, 5.641558289562903e-07, 5.321019032519724e-07, 5.016103945702642e-07, 4.729421562088186e-07, 4.458636074781437e-07, 4.2025546564427697e-07, 3.9611790332412244e-07, 3.7353950042257175e-07, 3.519647468230661e-07, 3.317723493306017e-07, 3.126949007346185e-07, 2.9460794707308114e-07, 2.774117481213571e-07, 2.611420440210886e-07, 2.4582143176015894e-07, 2.313312489345946e-07, 2.1768463047310574e-07, 2.0481596730942364e-07, 1.927557022485188e-07, 1.812426863865215e-07, 1.7045515374977803e-07, 1.6025121183518764e-07, 1.506725784179353e-07, 1.4161161569707012e-07, 1.3298946415969077e-07, 1.249307849667138e-07]
W_list: [6]
L_list: [16.89544541997109]
