C_final_list: [1.757848886189637e-06, 1.7354884006204635e-06, 1.713549913977916e-06, 1.6926006885543247e-06, 1.672132080115659e-06, 1.6519321314627464e-06, 1.6322719878762384e-06, 1.613018050952845e-06, 1.5937969981463512e-06, 1.5748136104226887e-06, 1.5559749094273412e-06, 1.537404440303996e-06, 1.5190768600069922e-06, 1.5011393865967354e-06, 1.483554468171707e-06, 1.4661758466342105e-06, 1.448986280084742e-06, 1.4321333873957953e-06, 1.4153074225337054e-06, 1.3985235155870185e-06, 1.382203863617304e-06, 1.365794653692993e-06, 1.3496595057953903e-06, 1.3336297647910091e-06, 1.3177619933756028e-06, 1.3022887000468152e-06, 1.2869289976049483e-06, 1.2715955596304472e-06, 1.25653514960785e-06, 1.241550368087371e-06, 1.2269272504590758e-06, 1.212390891998657e-06, 1.197954804690993e-06, 1.1837748999522633e-06, 1.1697234661031563e-06, 1.1559111989566341e-06, 1.1422166590960281e-06, 1.1286872379826582e-06, 1.11526991628482e-06, 1.101919692698225e-06, 1.0887177405545976e-06, 1.0756963391075686e-06, 1.0627825399881659e-06, 1.050011997631239e-06, 1.0374529614696107e-06, 1.0250257982048788e-06, 1.0127071788448195e-06, 1.0005860550014363e-06, 9.887330473799458e-07, 9.7697632219539e-07]
ndim2: 500
W_list: [2.8]
L_list: [83.79805369187622]
