R_list= [ 1  2  3  4  5  6  7  8  9 10 11 12 13 14 15 16 17 18 19 20 21 22 23 24
 25 26 27 28 29 30 31 32 33 34 35 36 37 38]
C_final_list= [3.185857920720732e-05, 2.4246296044074805e-05, 1.8329902278208552e-05, 1.3841609986403375e-05, 1.0448199029076742e-05, 7.872254798646082e-06, 5.921404174336489e-06, 4.462970086078039e-06, 3.362673973148101e-06, 2.5334593215604712e-06, 1.9078854046420514e-06, 1.4316065524274558e-06, 1.074202295411948e-06, 8.056857945990488e-07, 6.059812905448056e-07, 4.5607316690929006e-07, 3.434575310703488e-07, 2.581487410201969e-07, 1.9348472361019392e-07, 1.4522671129003207e-07, 1.0880200045752024e-07, 8.18397524383064e-08, 6.150691405078026e-08, 4.601106312345983e-08, 3.4325364774091474e-08, 2.5692399656154527e-08, 1.930971361869709e-08, 1.4460431695957776e-08, 1.0806531372245347e-08, 8.115061815802584e-09, 6.114683371557657e-09, 4.647464341079485e-09, 3.53015322436739e-09, 2.6756291805227813e-09, 2.0254164249214554e-09, 1.5269226063591705e-09, 1.1424749468125968e-09, 8.47915170287755e-10]
W_list: [8.1]
L_list: [3.57079332237091]
