R_list= [ 1  2  3  4  5  6  7  8  9 10 11 12 13 14 15 16 17 18 19 20 21 22 23 24
 25 26 27 28 29 30 31 32 33 34 35 36 37 38]
C_final_list= [6.5307320882367e-07, 5.494431156210564e-07, 4.5787554198015227e-07, 3.8145750917234955e-07, 3.167252469811407e-07, 2.640386880507917e-07, 2.2010213767127032e-07, 1.8338609313162084e-07, 1.52515459224147e-07, 1.2612650593560872e-07, 1.0410508567385837e-07, 8.583137371437243e-08, 7.074431033364191e-08, 5.82880461585901e-08, 4.797366854655354e-08, 3.943843742746666e-08, 3.2278520752353934e-08, 2.6470732296800695e-08, 2.1693938354484035e-08, 1.7789864977404647e-08, 1.4559180268582836e-08, 1.1918936466349482e-08, 9.776397715171098e-09, 8.031533377207226e-09, 6.6100558769776045e-09, 5.4483478432902395e-09, 4.467444603840031e-09, 3.6586868124567057e-09, 2.9997854489371116e-09, 2.4470482537062783e-09, 2.003958859126306e-09, 1.6434488271578102e-09, 1.342715078351553e-09, 1.0941623701785667e-09, 8.973134092124276e-10, 7.346754890907705e-10, 6.031019014146358e-10, 4.960539457466007e-10]
W_list: [6.800000000000001]
L_list: [5.438047334096694]
