C_final_list: [1.0396375686917912e-06, 9.524551271750089e-07, 8.701302405039071e-07, 7.953479281369266e-07, 7.260208938525738e-07, 6.628556995140596e-07, 6.055192445576422e-07, 5.53103441546071e-07, 5.0459453546265e-07, 4.5989730485771863e-07, 4.1938643387137374e-07, 3.826438026223879e-07, 3.488911224789027e-07, 3.181811754180763e-07, 2.9017571307379847e-07, 2.645876750479704e-07, 2.410747642935825e-07, 2.1947176527763415e-07, 1.9980627181920793e-07, 1.8217443411824497e-07, 1.6603260479068308e-07, 1.511128527692174e-07, 1.3745533258190692e-07, 1.2496137581278567e-07, 1.1365041148420596e-07, 1.0316723511497777e-07, 9.362520084067442e-08, 8.492539642781887e-08, 7.710060965507386e-08, 6.996721084660901e-08, 6.362302811712397e-08, 5.782535673230695e-08, 5.25942627825961e-08, 4.78684097024947e-08, 4.3592449548534386e-08]
ndim2: 500
W_list: [3.8]
L_list: [10.894737671241757]
