R_list= [ 1  2  3  4  5  6  7  8  9 10 11 12 13 14 15 16 17 18 19 20 21 22 23 24
 25 26 27 28 29 30 31 32 33 34 35 36 37 38]
C_final_list= [1.1531740716867158e-06, 7.533047183036816e-07, 4.85250670306027e-07, 3.13627192915824e-07, 2.015725222069427e-07, 1.2941899966405287e-07, 8.316209164243603e-08, 5.391032095561983e-08, 3.453562825978223e-08, 2.229896838274744e-08, 1.4269391895731144e-08, 9.044906939927524e-09, 5.72654739575039e-09, 3.656236900216361e-09, 2.326484500353864e-09, 1.4756601784131444e-09, 9.452085994571103e-10, 6.008447848642179e-10, 3.8245838762091736e-10, 2.4880070868021314e-10, 1.6072710439717256e-10, 1.0237659223520034e-10, 6.609319910953676e-11, 4.2678559735913947e-11, 2.8188562599684892e-11, 1.8945804276749663e-11, 1.1833374704504943e-11, 7.389797887539937e-12, 4.547766589730768e-12, 2.7774566615754405e-12, 1.744980946037008e-12, 1.0872599106236732e-12, 6.499973149831908e-13, 3.888674629505652e-13, 2.3493887501146584e-13, 1.446377606158148e-13, 8.63726838309106e-14, 4.847935833707723e-14]
W_list: [7.800000000000001]
L_list: [2.2993741295901815]
