R_list= [ 1  2  3  4  5  6  7  8  9 10 11 12 13 14 15 16 17 18 19 20 21 22 23 24
 25 26 27 28 29 30 31 32 33 34 35 36 37 38]
C_final_list= [8.175009827756454e-07, 7.170087251410979e-07, 6.331843331375861e-07, 5.582987436864642e-07, 4.91065341369181e-07, 4.3317864566094455e-07, 3.820147031601092e-07, 3.3691151168015744e-07, 2.967935222750602e-07, 2.610716962089969e-07, 2.2934484583479302e-07, 2.0135902870173211e-07, 1.7667690274358815e-07, 1.55249779624225e-07, 1.3641549845865688e-07, 1.1996309711757467e-07, 1.0552250870874546e-07, 9.274605571246489e-08, 8.127123253733103e-08, 7.116239340215497e-08, 6.232807463732496e-08, 5.47238946928669e-08, 4.7916760555408756e-08, 4.189031703576801e-08, 3.6663147613451806e-08, 3.2145817339399604e-08, 2.8145067961551844e-08, 2.466868673809471e-08, 2.1570318052623526e-08, 1.8815267657338978e-08, 1.6419921354952772e-08, 1.4326848289530924e-08, 1.2482632358971395e-08, 1.0873797301347965e-08, 9.478655987708508e-09, 8.273497199906507e-09, 7.222058828733016e-09, 6.2923336961854896e-09]
W_list: [6]
L_list: [7.832736417585318]
