C_final_list: [1.878434774358185e-06, 1.7581238717474486e-06, 1.6555674592830552e-06, 1.5497852676743674e-06, 1.4542023938046308e-06, 1.3659942517585188e-06, 1.281907893167004e-06, 1.2029799183451057e-06, 1.1265123602268076e-06, 1.0561926062604476e-06, 9.904383479852416e-07, 9.284960034244805e-07, 8.707078092503305e-07, 8.15119142546535e-07, 7.644208765178728e-07, 7.166108685867901e-07, 6.704161625883428e-07, 6.27700796035503e-07, 5.887821406040686e-07, 5.513184276596344e-07, 5.157334983830687e-07, 4.82342394919971e-07, 4.514157789872855e-07, 4.224478025838437e-07, 3.9493230212640626e-07, 3.699068536831233e-07, 3.4579619075622803e-07, 3.2332972216049365e-07, 3.024735205589943e-07, 2.825953394854472e-07, 2.642339365184103e-07, 2.4728660024431547e-07, 2.310727084297393e-07, 2.1597685412945213e-07, 2.0159373116035483e-07]
ndim2: 500
W_list: [1.6]
L_list: [15.42623825794091]
