R_list= [ 1  2  3  4  5  6  7  8  9 10 11 12 13 14 15 16 17 18 19 20 21 22 23 24
 25 26 27 28 29 30 31 32 33 34 35 36 37 38]
C_final_list= [3.02394143612354e-05, 2.2762167895342977e-05, 1.7020591677165683e-05, 1.2700211166443622e-05, 9.471298480874263e-06, 7.058878802128095e-06, 5.2500215309000425e-06, 3.9071488677044576e-06, 2.9057856671652125e-06, 2.1657773599802113e-06, 1.6120495041038803e-06, 1.2010968618120994e-06, 8.953480620685791e-07, 6.665619918121825e-07, 4.946929592409807e-07, 3.654091633626522e-07, 2.702124908019208e-07, 1.9959227958005813e-07, 1.4831172041464325e-07, 1.0962060096054521e-07, 8.121224480023084e-08, 6.02880420365117e-08, 4.471443363570693e-08, 3.3065447540584426e-08, 2.4475119381213528e-08, 1.811036210539387e-08, 1.3385215304684623e-08, 9.851161518785924e-09, 7.289939701193236e-09, 5.376155511042046e-09, 3.950140091849202e-09, 2.9112895328303746e-09, 2.1496932863119224e-09, 1.5758871721900908e-09, 1.1604018492576002e-09, 8.514868673971862e-10, 6.326174693640978e-10, 4.664447429604422e-10]
W_list: [8.25]
L_list: [3.4328599454122757]
