R_list= [ 1  2  3  4  5  6  7  8  9 10 11 12 13 14 15 16 17 18 19 20 21 22 23 24
 25 26 27 28 29 30 31 32 33 34 35 36 37 38]
C_final_list= [2.151155847920364e-06, 1.8397494899390648e-06, 1.6137038670071448e-06, 1.4319657348744292e-06, 1.2714476508120986e-06, 1.1327406838824923e-06, 1.0113373999741419e-06, 9.005191064962443e-07, 8.011292010382149e-07, 7.131705490523299e-07, 6.349758211628608e-07, 5.650172419180571e-07, 5.017905570561659e-07, 4.453586061342032e-07, 3.9528704981945237e-07, 3.4984323260372685e-07, 3.0891005847117645e-07, 2.72639684452451e-07, 2.4092950484110576e-07, 2.1290692222177548e-07, 1.8844567547298286e-07, 1.666518987871072e-07, 1.470524633988153e-07, 1.2985167802683913e-07, 1.148816269435625e-07, 1.0157234002147609e-07, 8.98421404611568e-08, 7.946071225837638e-08, 7.019304287511243e-08, 6.192158411235546e-08, 5.47009522663702e-08, 4.8372575027477225e-08, 4.2817925624966656e-08, 3.792481464505631e-08, 3.3595106501374734e-08, 2.9748477273961987e-08, 2.6328772634855754e-08, 2.3306348398540882e-08]
W_list: [4]
L_list: [8.28525180772159]
