R_list= [ 1  2  3  4  5  6  7  8  9 10 11 12 13 14 15 16 17 18 19 20 21 22 23 24
 25 26 27 28 29 30 31 32 33 34 35 36 37 38]
C_final_list= [2.0200477718291206e-06, 1.963680804649322e-06, 1.9217622580313187e-06, 1.877442067981311e-06, 1.8363584263426158e-06, 1.79588143313565e-06, 1.755999254221252e-06, 1.717311123401372e-06, 1.6796395606946423e-06, 1.642563473356108e-06, 1.6062356746152026e-06, 1.5707509648662446e-06, 1.5361504480907418e-06, 1.5019778093286046e-06, 1.4684899259346257e-06, 1.4357662255526696e-06, 1.4039690654721617e-06, 1.3730697982952189e-06, 1.3428419754262035e-06, 1.313070971163725e-06, 1.284207679530039e-06, 1.2561464546721879e-06, 1.2284460408513305e-06, 1.2011393247491934e-06, 1.174387604055902e-06, 1.1479379192953719e-06, 1.1217138502958816e-06, 1.0960648725224243e-06, 1.0705720297711397e-06, 1.0456840305416192e-06, 1.0213956428318943e-06, 9.97634927050161e-07, 9.743958580065973e-07, 9.515080000697707e-07, 9.291512875728011e-07, 9.075399016372674e-07, 8.862129774771952e-07, 8.652716490918344e-07]
W_list: [4]
L_list: [44.24272672671691]
