C_final_list: [1.5940376193591948e-06, 1.2583238163146137e-06, 9.937650750859276e-07, 7.813619952377271e-07, 6.134079711428371e-07, 4.805900047465364e-07, 3.7549013689883653e-07, 2.928519387427239e-07, 2.2939391254030834e-07, 1.793589711015246e-07, 1.4099066362251277e-07, 1.1014476723016952e-07, 8.564785452158432e-08, 6.6609849692366e-08, 5.201288179777216e-08, 4.048104342880194e-08, 3.146872909931697e-08, 2.4556825184071013e-08, 1.9124732363934722e-08, 1.488799471296909e-08, 1.1619887895866168e-08, 9.081155919664494e-09, 7.124507105755582e-09, 5.588002915951724e-09, 4.3821575418733e-09, 3.3997395172303077e-09, 2.621588582977641e-09, 2.0274798052987594e-09, 1.5731822194057232e-09, 1.2160776684031141e-09, 9.428337661447574e-10, 7.297422114696156e-10, 5.580675887681086e-10, 4.283772296931634e-10, 3.327234050614013e-10, 2.568131859688364e-10, 1.9987539617348887e-10, 1.551097734607028e-10, 1.1974454625560513e-10, 9.263853135602907e-11, 7.240320539674269e-11, 5.591590691336369e-11, 4.328376548023357e-11, 3.280034122692738e-11, 2.4970077857010495e-11, 1.8709231186627964e-11, 1.4097015205954727e-11, 1.0504425543902294e-11, 7.995038022776854e-12, 6.0163829370499874e-12]
ndim2: 500
W_list: [4.2]
L_list: [4.144884832991259]
