R_list= [ 1  2  3  4  5  6  7  8  9 10 11 12 13 14 15 16 17 18 19 20 21 22 23 24
 25 26 27 28 29 30 31 32 33 34 35 36 37 38]
C_final_list= [7.043824289073034e-07, 5.988894390411228e-07, 5.081115968223541e-07, 4.31042846428214e-07, 3.6447998649969083e-07, 3.0740936408969766e-07, 2.604379371623844e-07, 2.1989615610811236e-07, 1.8497810934170974e-07, 1.5580811722965945e-07, 1.3102039116260508e-07, 1.1032883780828255e-07, 9.275498284323252e-08, 7.82558315418881e-08, 6.571062895144035e-08, 5.5044463344866935e-08, 4.608445887752147e-08, 3.861224898239572e-08, 3.234910728118692e-08, 2.7095424680552342e-08, 2.2649593799469212e-08, 1.898494373202245e-08, 1.5831407924104487e-08, 1.3199209329620742e-08, 1.0990969422297162e-08, 9.168567800242151e-09, 7.659055364401783e-09, 6.403189801287834e-09, 5.36525825944611e-09, 4.497271244088069e-09, 3.773502651533077e-09, 3.1673342925462132e-09, 2.6652861324364803e-09, 2.239216364626917e-09, 1.8838699456865765e-09, 1.589366634500164e-09, 1.3413408078683282e-09, 1.1321303744297001e-09]
W_list: [6.6000000000000005]
L_list: [5.94317766590293]
