C_final_list: [1.8583267881211338e-06, 1.5730799402454946e-06, 1.3270406095702653e-06, 1.1189122593499507e-06, 9.48744014392253e-07, 8.01855540999993e-07, 6.771174972811321e-07, 5.713465490293746e-07, 4.824828648675912e-07, 4.0397470339211103e-07, 3.390920508378818e-07, 2.843290420406615e-07, 2.379622618930484e-07, 1.9846845749041118e-07, 1.657978033553355e-07, 1.3871427415473118e-07, 1.1564988679289275e-07, 9.598351023255768e-08, 7.981448549815437e-08, 6.65992352101925e-08, 5.555572188447796e-08, 4.6508614396129886e-08, 3.872079040128383e-08, 3.2228630917201704e-08, 2.6942784215630907e-08, 2.2473218999553868e-08, 1.8663691313516548e-08, 1.5563810101862477e-08, 1.2975260007050992e-08, 1.0895422553668527e-08, 9.094379478104128e-09, 7.62465734199722e-09, 6.404680684128055e-09, 5.378699720421134e-09, 4.507375423306512e-09]
ndim2: 500
W_list: [3.4000000000000004]
L_list: [5.862003523362245]
