C_final_list: [8.639970614768824e-07, 7.743214651654617e-07, 6.892140432540687e-07, 6.115278581322242e-07, 5.437747610082008e-07, 4.826115430099671e-07, 4.2705637642450517e-07, 3.78654566381592e-07, 3.355998967627909e-07, 2.9740149797856994e-07, 2.6365360231375323e-07, 2.3345589362891273e-07, 2.0628068124760644e-07, 1.8225771198790562e-07, 1.6093613625648218e-07, 1.4174040475694062e-07, 1.247757468446326e-07, 1.0968624214658082e-07, 9.654193244321727e-08, 8.49468037235782e-08, 7.464778633846506e-08, 6.555719360530545e-08, 5.7618601118070745e-08, 5.0632162568660153e-08, 4.4472749086375344e-08, 3.9070538961484606e-08, 3.433618388218325e-08, 3.021522836109284e-08, 2.6587129778086434e-08, 2.3369506602346743e-08, 2.0555651785396474e-08, 1.8066003708544002e-08, 1.581223852830538e-08, 1.3859244844491081e-08, 1.2144404407681625e-08]
ndim2: 500
W_list: [4.2]
L_list: [8.281604472932615]
