C_final_list: [1.9945372867320377e-06, 1.7285868803517416e-06, 1.4948592865013884e-06, 1.2924794406796765e-06, 1.117073514561431e-06, 9.669572247353943e-07, 8.363019909961016e-07, 7.235755529065479e-07, 6.263388221921167e-07, 5.414401694949685e-07, 4.6681978299764107e-07, 4.029290325290874e-07, 3.48850193559631e-07, 3.017567448520879e-07, 2.6155587847785686e-07, 2.2642319091060022e-07, 1.958896456824531e-07, 1.6944091563019336e-07, 1.4619115811579878e-07, 1.259635080496246e-07, 1.0822017201882948e-07, 9.309954360983103e-08, 8.013866751220873e-08, 6.886722513408293e-08, 5.906698529579919e-08, 5.0647869769154216e-08, 4.3322315314148466e-08, 3.709812443822639e-08, 3.171360360029567e-08, 2.7058291155007185e-08, 2.3141794249303042e-08, 1.9846473211990413e-08, 1.698975880842465e-08, 1.4519028114818362e-08, 1.245193488192541e-08, 1.0659211689692396e-08, 9.113805384876679e-09, 7.806694498490826e-09, 6.658517739615401e-09, 5.664012290973505e-09, 4.832098817466626e-09, 4.120855773847671e-09, 3.4914500371364572e-09, 2.9487814540302604e-09, 2.509512916439353e-09, 2.135177770266533e-09, 1.8213262364920246e-09, 1.5563565161076323e-09, 1.3255856557710977e-09, 1.1297600976528637e-09]
ndim2: 500
W_list: [3.2]
L_list: [6.880621792212534]
