C_list:
1.2482230163722227e-06 0.07286866418350926
ndim2: 500
W_list: [2.8]
L_list: [13.723320047169297]
