C_final_list: [1.800652893115116e-06, 1.6586515225508279e-06, 1.5243895284371445e-06, 1.4035892270042258e-06, 1.2895101118863211e-06, 1.1891612217390509e-06, 1.0952646012016918e-06, 1.0095466540322513e-06, 9.293308852789426e-07, 8.555904642587335e-07, 7.88552040547023e-07, 7.256342976720685e-07, 6.676020632494954e-07, 6.145536849418244e-07, 5.651128710919596e-07, 5.1986305184286e-07, 4.778802978790591e-07, 4.3931501220357087e-07, 4.0345764757393584e-07, 3.703825952648094e-07, 3.3997810778688156e-07, 3.1214495193499886e-07, 2.8652553691823916e-07, 2.629461030579119e-07, 2.416079774313544e-07, 2.2200314655637728e-07, 2.035587213395177e-07, 1.864342006286012e-07, 1.7041042451922713e-07, 1.560319213891702e-07, 1.4270204638016007e-07, 1.3038358322673236e-07, 1.1922070139955844e-07, 1.0919802155235019e-07, 9.982912234804411e-08, 9.118849558533209e-08, 8.336011673437754e-08, 7.607604643355483e-08, 6.941921660091593e-08, 6.345604079278821e-08, 5.799008464577791e-08, 5.300125597852096e-08, 4.8381296288801875e-08, 4.414882669689759e-08, 4.028403322039712e-08, 3.682155156446868e-08, 3.363642745200527e-08, 3.072120418938291e-08, 2.8071595830179802e-08, 2.562696866095082e-08]
ndim2: 500
W_list: [3.4000000000000004]
L_list: [11.964332437554216]
