C_final_list: [2.051976058633866e-06, 1.9314448148715977e-06, 1.8486026125801133e-06, 1.757492855200856e-06, 1.6689533164836061e-06, 1.5892276339328005e-06, 1.511313441769348e-06, 1.4402691002602563e-06, 1.3707818999209948e-06, 1.303680741731611e-06, 1.2412044621183446e-06, 1.1819017978585678e-06, 1.1240134196517275e-06, 1.0693452486419723e-06, 1.0166896021252873e-06, 9.664797270477458e-07, 9.200372793493802e-07, 8.755074149812412e-07, 8.320149462057206e-07, 7.90668498509457e-07, 7.509060368192877e-07, 7.133244524761272e-07, 6.773203271297804e-07, 6.429602970166698e-07, 6.106486084764263e-07, 5.80026172943769e-07, 5.507245600584304e-07, 5.227174457937071e-07, 4.963455061622547e-07, 4.7084912837732716e-07, 4.4640932952985626e-07, 4.234486243463317e-07, 4.0131713868428366e-07, 3.806155943259818e-07, 3.6082303832232026e-07]
ndim2: 500
W_list: [1.2]
L_list: [19.874133343690506]
