C_final_list: [1.6436919963922906e-06, 1.3436880449989015e-06, 1.093361575002838e-06, 8.916383646842155e-07, 7.304363391516309e-07, 5.980011213715555e-07, 4.898128585432718e-07, 3.989421850043517e-07, 3.2351904553977085e-07, 2.632655161259978e-07, 2.1491455084850781e-07, 1.7486019443539032e-07, 1.434188907124577e-07, 1.1701009561110644e-07, 9.597105690800702e-08, 7.803460900010339e-08, 6.351404209008425e-08, 5.1834304822519315e-08, 4.19097427011452e-08, 3.373615236393676e-08, 2.718140160033952e-08, 2.1969157527038247e-08, 1.7774592979167554e-08, 1.4316969009688626e-08, 1.1492321451076275e-08, 9.273596338434591e-09, 7.49291671760749e-09, 6.079407633683413e-09, 4.9285767516483465e-09, 4.013202905539914e-09, 3.2520804341243935e-09, 2.6505840000845596e-09, 2.158286020242567e-09, 1.7378278474037794e-09, 1.3997894155885278e-09]
ndim2: 500
W_list: [3.4000000000000004]
L_list: [4.925443539251717]
