R_list= [ 1  2  3  4  5  6  7  8  9 10 11 12 13 14 15 16 17 18 19 20 21 22 23 24
 25 26 27 28 29 30 31 32 33 34 35 36 37 38]
C_final_list= [1.2874436096900842e-06, 1.2503221093783637e-06, 1.2129778466662862e-06, 1.1768607560067856e-06, 1.1411251944772515e-06, 1.1064730108844414e-06, 1.0730996090959941e-06, 1.040974033767199e-06, 1.009410591745309e-06, 9.788437394168336e-07, 9.492058395932894e-07, 9.206634427179854e-07, 8.928661257169974e-07, 8.659136341602698e-07, 8.397511904615573e-07, 8.143199458708572e-07, 7.896156805314965e-07, 7.657471069832243e-07, 7.42312744916478e-07, 7.195552953917399e-07, 6.975082228882755e-07, 6.762126836702223e-07, 6.555306694214161e-07, 6.352954872480908e-07, 6.158310602901996e-07, 5.968234485675501e-07, 5.783306938034792e-07, 5.604906952363307e-07, 5.430917434525456e-07, 5.262081913427505e-07, 5.097395066845982e-07, 4.936627980252538e-07, 4.7813603399029e-07, 4.629851124260412e-07, 4.482603118408308e-07, 4.340649842106351e-07, 4.2040960197796833e-07, 4.072109699784648e-07]
W_list: [5]
L_list: [32.3224059223586]
