C_list:
9.054105535458002e-07 0.14324658921025923
ndim2: 500
W_list: [3.8000000000000003]
L_list: [6.980969009546096]
