R_list= [ 1  2  3  4  5  6  7  8  9 10 11 12 13 14 15 16 17 18 19 20 21 22 23 24
 25 26 27 28 29 30 31 32 33 34 35 36 37 38]
C_final_list= [1.571377723531495e-07, 7.592425189175406e-08, 2.9529873368064594e-08, 1.0198674912592758e-08, 3.3019371922933086e-09, 1.0289114384559982e-09, 3.134759293253986e-10, 9.43700027193025e-11, 2.8158640909104677e-11, 8.349622070051792e-12, 2.4691250374650718e-12, 7.35141175568027e-13, 2.2212590420107566e-13, 6.740670133066157e-14, 2.0417565375961196e-14, 6.179637567051963e-15, 1.8432197179434026e-15, 5.460202822630487e-16, 1.6189308800265964e-16, 4.8354891489262985e-17, 1.4643913513995053e-17, 4.482600131726424e-18, 1.407967600994341e-18, 4.537631998960591e-19, 1.5224548970421442e-19, 5.594518370176831e-20, 2.308285518456182e-20, 1.0207606901583885e-20, 4.967555121360194e-21, 2.8859343874882347e-21, 2.0137948281276287e-21, 1.6232953185524354e-21, 1.447327416447043e-21, 1.3691776500723038e-21, 1.3418204279975804e-21, 1.3449848943688223e-21, 1.3751137691879754e-21, 1.4069945616156974e-21]
W_list: [5]
L_list: [1.234049287311935]
