C_final_list: [2.152206214474101e-06, 1.9629635035387815e-06, 1.7796164174512706e-06, 1.6107883052610872e-06, 1.4608188713437732e-06, 1.3196965266420075e-06, 1.1953249501300061e-06, 1.0814643945114037e-06, 9.780608002080301e-07, 8.85500061610724e-07, 7.991245727057777e-07, 7.234589588527968e-07, 6.541544857252187e-07, 5.915834088686358e-07, 5.354874723678228e-07, 4.830167250141899e-07, 4.354933609529739e-07, 3.9213188602827366e-07, 3.5404974447625825e-07, 3.195714965610483e-07, 2.8868251114163134e-07, 2.609665659820677e-07, 2.3602895344092823e-07, 2.1358839149013832e-07, 1.9307192923060083e-07, 1.7454097957087435e-07, 1.582197983348606e-07, 1.4325107433931364e-07, 1.2956982009947457e-07, 1.1706563548327757e-07, 1.0579019065078473e-07, 9.528639911032101e-08, 8.582143899051489e-08, 7.762779655850238e-08, 7.016624312390754e-08]
ndim2: 500
W_list: [2.0]
L_list: [9.99285319775283]
