R_list= [ 1  2  3  4  5  6  7  8  9 10 11 12 13 14 15 16 17 18 19 20 21 22 23 24
 25 26 27 28 29 30 31 32 33 34 35 36 37 38]
C_final_list= [4.1347164186183303e-07, 3.7818016930803115e-07, 3.429371976188218e-07, 3.096884176870556e-07, 2.7934317484621507e-07, 2.5177893297654755e-07, 2.2685656203311587e-07, 2.0448890741912326e-07, 1.8411408040868612e-07, 1.656833193622586e-07, 1.4903647518044302e-07, 1.3399882913160242e-07, 1.2048030336930932e-07, 1.0829438390919134e-07, 9.722633999352594e-08, 8.729504428954112e-08, 7.838702090912842e-08, 7.034390110717955e-08, 6.310358711803026e-08, 5.6601552162509547e-08, 5.082910796733692e-08, 4.561376194090053e-08, 4.0950929422236826e-08, 3.674984757551388e-08, 3.29755453879935e-08, 2.9548644747347222e-08, 2.6461645068950995e-08, 2.3679774986865912e-08, 2.1176328753217337e-08, 1.894404027599107e-08, 1.6951981191266944e-08, 1.5155796342061227e-08, 1.3524809720300722e-08, 1.2066234148626405e-08, 1.077622820592028e-08, 9.6176979801949e-09, 8.578720297490323e-09, 7.65429044993031e-09]
W_list: [7]
L_list: [9.57893943645815]
