C_final_list: [1.5338555983210942e-06, 1.2043992601205336e-06, 9.49465506670117e-07, 7.438207909252138e-07, 5.827753852094337e-07, 4.578714202467827e-07, 3.579306078100907e-07, 2.8046586285417443e-07, 2.1969898808848214e-07, 1.712888874025451e-07, 1.34478472922504e-07, 1.0449638606818238e-07, 8.172229192730059e-08, 6.390478938261e-08, 5.001200313395257e-08, 3.885684653263559e-08, 3.019034242796952e-08, 2.3506483857287648e-08, 1.8237697214087578e-08, 1.42067871675583e-08, 1.1024393575478409e-08, 8.574292510331408e-09, 6.508735215730076e-09, 5.014189654105098e-09, 3.862331219694496e-09, 2.9797046018582197e-09, 2.2755984518782077e-09, 1.7482248227608453e-09, 1.3586863654441067e-09, 1.0440229711876342e-09, 8.041691680762341e-10, 6.156935235695229e-10, 4.722688470506235e-10, 3.586754987747145e-10, 2.762788024268759e-10, 2.1071233619260163e-10, 1.6170018810996348e-10, 1.2498760392284265e-10, 9.821106162063807e-11, 7.544174976342704e-11, 5.877923452155261e-11, 4.5622849945463346e-11, 3.5354272528825655e-11, 2.692714091609253e-11, 2.0505821589113502e-11, 1.5518061147762585e-11, 1.1747497026704097e-11, 8.806648089752418e-12, 6.641808280344743e-12, 5.054726227353714e-12]
ndim2: 500
W_list: [4.2]
L_list: [4.119681520243525]
