C_list:
1.5374657414429826e-06 0.12960010377548228
ndim2: 500
W_list: [3.0]
L_list: [7.716043204196722]
