R_list= [ 1  2  3  4  5  6  7  8  9 10 11 12 13 14 15 16 17 18 19 20 21 22 23 24
 25 26 27 28 29 30 31 32 33 34 35 36 37 38]
C_final_list= [6.010164395831127e-07, 3.1302219541253893e-07, 1.4542058227247145e-07, 6.505764711589634e-08, 2.855471718070945e-08, 1.2373284920590793e-08, 5.327718562473216e-09, 2.290836592331992e-09, 9.873299716720927e-10, 4.2268969509918335e-10, 1.797260517601022e-10, 7.570996130691089e-11, 3.171881856071657e-11, 1.3325434367679285e-11, 5.558650462829977e-12, 2.2785607233782982e-12, 9.139359731993473e-13, 3.6103423582046293e-13, 1.4322695448290388e-13, 5.5955728811621544e-14, 2.1975404570244102e-14, 8.513954672951278e-15, 3.214138052435471e-15, 1.215429520997273e-15, 4.728909889922971e-16, 1.9047682016835105e-16, 8.018613143383756e-17, 3.435627745928491e-17, 1.3857681701086044e-17, 5.3860561668407774e-18, 2.1041134840751657e-18, 8.105741918017779e-19, 3.3840399129944603e-19, 1.5779823180328695e-19, 6.35277052142393e-20, 2.082510879211062e-20, 6.885390291266812e-21, 2.2508096073425397e-21]
W_list: [6]
L_list: [1.4166328550524745]
