R_list= [ 1  2  3  4  5  6  7  8  9 10 11 12 13 14 15 16 17 18 19 20 21 22 23 24
 25 26 27 28 29 30 31 32 33 34 35 36 37 38]
C_final_list= [8.960515751220285e-07, 7.257511028486784e-07, 5.977517911687835e-07, 4.910236706640307e-07, 4.0273591927080653e-07, 3.315262996549928e-07, 2.7312151296733765e-07, 2.2477533879905378e-07, 1.852801576234218e-07, 1.5273901342062952e-07, 1.2565021146795337e-07, 1.0302963724886258e-07, 8.443347401664054e-08, 6.899910450754527e-08, 5.642126997496162e-08, 4.6166275520012985e-08, 3.7669395288737294e-08, 3.0801788453781026e-08, 2.520016702134861e-08, 2.053699530171908e-08, 1.6747911241137585e-08, 1.3682778808728803e-08, 1.1193117341825244e-08, 9.148938331451288e-09, 7.474286770541667e-09, 6.080108336684376e-09, 4.961803314554039e-09, 4.023388644277496e-09, 3.2738116261941357e-09, 2.6572401243172983e-09, 2.161080627429538e-09, 1.7526039289467237e-09, 1.4151869371944957e-09, 1.1429360801413336e-09, 9.250761725465234e-10, 7.505982601319775e-10, 6.069908884960922e-10, 4.905980340915036e-10]
W_list: [6]
L_list: [5.06816319290625]
