R_list= [ 1  2  3  4  5  6  7  8  9 10 11 12 13 14 15 16 17 18 19 20 21 22 23 24
 25 26 27 28 29 30 31 32 33 34 35 36 37 38]
C_final_list= [4.422141461028129e-07, 4.118248175468532e-07, 3.8100847670279173e-07, 3.51259372163484e-07, 3.2323465451542935e-07, 2.9724243921231033e-07, 2.7319644424336543e-07, 2.508208463807464e-07, 2.302440112434949e-07, 2.1119718930196106e-07, 1.9359474166064612e-07, 1.7723477603065967e-07, 1.622860969958964e-07, 1.4862650699582345e-07, 1.3601267057146926e-07, 1.2436874613979688e-07, 1.138240091764591e-07, 1.0409076449853423e-07, 9.522893986740801e-08, 8.716250775988662e-08, 7.973981599490955e-08, 7.290885163891634e-08, 6.658815265562941e-08, 6.081073148290548e-08, 5.5535830504966104e-08, 5.066361552460397e-08, 4.618772274468446e-08, 4.212120069685001e-08, 3.837802879029585e-08, 3.495840776087897e-08, 3.18215138149072e-08, 2.894862214137158e-08, 2.6309631197163396e-08, 2.3902995422001113e-08, 2.1712329453680295e-08, 1.972061071213948e-08, 1.790263553150387e-08, 1.626774223513091e-08]
W_list: [7.4]
L_list: [11.629029056581748]
