R_list= [ 1  2  3  4  5  6  7  8  9 10 11 12 13 14 15 16 17 18 19 20 21 22 23 24
 25 26 27 28 29 30 31 32 33 34 35 36 37 38]
C_final_list= [4.255542226621656e-07, 3.62356866091306e-07, 3.0523447033180615e-07, 2.559984724500152e-07, 2.1399519400062185e-07, 1.7819117942990149e-07, 1.4810610646523843e-07, 1.2311253694425013e-07, 1.0237250336212209e-07, 8.520475601166817e-08, 7.078008019767084e-08, 5.8805905881131235e-08, 4.8820751880151804e-08, 4.052373657107905e-08, 3.36457812359055e-08, 2.7867834194601877e-08, 2.3050483735502325e-08, 1.9037822030117753e-08, 1.5750259199354086e-08, 1.3010155105921803e-08, 1.0737332324929593e-08, 8.843406906210815e-09, 7.3031876402536455e-09, 6.020762307436601e-09, 4.9590350450914246e-09, 4.078153414735802e-09, 3.3436488548876413e-09, 2.7387156752817643e-09, 2.2412509659399327e-09, 1.8374299887135363e-09, 1.507052488760548e-09, 1.2392100198108662e-09, 1.0195014985788166e-09, 8.412186928414576e-10, 6.926838655180842e-10, 5.701102124987805e-10, 4.675296567530158e-10, 3.8300960076041817e-10]
W_list: [8.8]
L_list: [5.5841560685175455]
