C_final_list: [1.8096236186108305e-06, 1.7475587586615799e-06, 1.68683454585588e-06, 1.6286549508313777e-06, 1.5714544567049341e-06, 1.5174834062522524e-06, 1.465357649373268e-06, 1.4152073711229633e-06, 1.3667007686005966e-06, 1.3197096556032116e-06, 1.2743184928134934e-06, 1.2303335195966926e-06, 1.1874994208344465e-06, 1.1463073789997405e-06, 1.106795155504802e-06, 1.0687966348032785e-06, 1.0316023502352014e-06, 9.957267217139288e-07, 9.613863181906306e-07, 9.283426451616896e-07, 8.964568559460963e-07, 8.653182446051022e-07, 8.35054223350238e-07, 8.061414566208045e-07, 7.778636801921816e-07, 7.509207455893767e-07, 7.246180901605344e-07, 6.990044259287059e-07, 6.7445354517011e-07, 6.505919256316426e-07, 6.275195268105337e-07, 6.053482735277059e-07, 5.840235189261924e-07, 5.636602393043147e-07, 5.439846685210708e-07, 5.244693943812981e-07, 5.05750770376103e-07, 4.875455072568241e-07, 4.7004187086810305e-07, 4.529782682114372e-07, 4.3648948244385997e-07, 4.204308981151912e-07, 4.0487122477795925e-07, 3.8974290485704794e-07, 3.7523695150849063e-07, 3.6092887474473057e-07, 3.4731381352168793e-07, 3.3415035738624627e-07, 3.213881856405196e-07, 3.091344734014027e-07]
ndim2: 500
W_list: [3.15]
L_list: [28.185810485929938]
