C_final_list: [2.0398715316945114e-06, 1.77457279024908e-06, 1.5334904833825543e-06, 1.323055308076385e-06, 1.1418178448758778e-06, 9.839208217162818e-07, 8.494743358487793e-07, 7.311793185042182e-07, 6.261825035404629e-07, 5.365419021778528e-07, 4.591936566483274e-07, 3.943205948597411e-07, 3.382222292862511e-07, 2.906355894464942e-07, 2.5032392787638887e-07, 2.1587839459266606e-07, 1.8554099194990147e-07, 1.5983112759592998e-07, 1.3696694464685187e-07, 1.1705766503615329e-07, 9.975992576278792e-08, 8.525502648183154e-08, 7.258461086862609e-08, 6.197970853292772e-08, 5.256480615095783e-08, 4.474777930313854e-08, 3.8215181355043994e-08, 3.256266382813166e-08, 2.786947000089948e-08, 2.3810491547536375e-08, 2.0373514217486722e-08, 1.7416644240018004e-08, 1.4915360839918443e-08, 1.27681618387453e-08, 1.086478775938975e-08, 9.260980518627315e-09, 7.844730760625439e-09, 6.663274971382931e-09, 5.6655166463535205e-09, 4.859273429542087e-09, 4.1603049879694365e-09, 3.557176757844132e-09, 3.037408595203821e-09, 2.596337604042536e-09, 2.2193383888174344e-09, 1.901610513985084e-09, 1.625055513649977e-09, 1.3911898524409128e-09, 1.198082860140116e-09, 1.0316165130983919e-09]
ndim2: 500
W_list: [3.25]
L_list: [6.7015973756166805]
