C_final_list: [9.955372322915343e-07, 9.653540632515317e-07, 9.332908216820583e-07, 9.01587020104347e-07, 8.706991228587009e-07, 8.403680488674121e-07, 8.110517266554348e-07, 7.830230156303015e-07, 7.555186734593082e-07, 7.288796365583219e-07, 7.030867135763785e-07, 6.782892707128224e-07, 6.543200352548056e-07, 6.314474788870561e-07, 6.093255920847392e-07, 5.876783516841484e-07, 5.667155423948461e-07, 5.465138320633373e-07, 5.268969962874306e-07, 5.080645562537324e-07, 4.900566643889402e-07, 4.726183185164796e-07, 4.558882490816318e-07, 4.395270462871207e-07, 4.23568424893037e-07, 4.081400468495919e-07, 3.9317624608980065e-07, 3.7893437460507825e-07, 3.6507362942465675e-07, 3.5172671838026273e-07, 3.3890847655811725e-07, 3.266072568038779e-07, 3.146905176588519e-07, 3.0307861756266196e-07, 2.918486025876537e-07]
ndim2: 500
W_list: [2.4000000000000004]
L_list: [27.80671820725393]
