R_list= [ 1  2  3  4  5  6  7  8  9 10 11 12 13 14 15 16 17 18 19 20 21 22 23 24
 25 26 27 28 29 30 31 32 33 34 35 36 37 38]
C_final_list= [6.06612981861692e-06, 5.1381593412682375e-06, 4.308441269115245e-06, 3.598423539297703e-06, 3.0015007773910825e-06, 2.5005404294081547e-06, 2.082484186779967e-06, 1.7348810897235495e-06, 1.4448574323111176e-06, 1.2019499694184345e-06, 9.993187063325184e-07, 8.300166123348603e-07, 6.886340404044472e-07, 5.711064725440991e-07, 4.7348134581281174e-07, 3.920916165176541e-07, 3.2405182602451673e-07, 2.678438374713758e-07, 2.2117420734734744e-07, 1.827933866484371e-07, 1.5130448140977182e-07, 1.253075212000748e-07, 1.0378801402990102e-07, 8.596638543846077e-08, 7.131238655559033e-08, 5.9102181791290156e-08, 4.8992601496319514e-08, 4.060533663063666e-08, 3.369184926578163e-08, 2.789275394343479e-08, 2.3092279887296002e-08, 1.9146203476310783e-08, 1.5848465956338827e-08, 1.3157688010396778e-08, 1.0938322475716997e-08, 9.10892977858673e-09, 7.594200461278484e-09, 6.3297015222232314e-09]
W_list: [8.35]
L_list: [5.54135179176964]
