C_final_list: [1.357843810783781e-06, 1.2833791223860272e-06, 1.2096021262298385e-06, 1.1398832852122083e-06, 1.0732997982081834e-06, 1.0107285448241755e-06, 9.515885395394872e-07, 8.961147002532442e-07, 8.439074947698315e-07, 7.937246525111656e-07, 7.466039214802528e-07, 7.027799306837109e-07, 6.60933833145044e-07, 6.214417139084831e-07, 5.844708044543543e-07, 5.499320334629819e-07, 5.176353735867475e-07, 4.871517041816327e-07, 4.588708687228473e-07, 4.319022442676875e-07, 4.066075535660336e-07, 3.8282179535801307e-07, 3.600908473297155e-07, 3.384958185084445e-07, 3.1804972062019796e-07, 2.9850707960352626e-07, 2.801361978102349e-07, 2.628408615671702e-07, 2.465282065601074e-07, 2.3094662835548878e-07, 2.1644024238019135e-07, 2.0269021106305583e-07, 1.8978549017925158e-07, 1.7771054840498826e-07, 1.6636332031969595e-07]
ndim2: 500
W_list: [3.6]
L_list: [16.44931440175382]
