R_list= [ 1  2  3  4  5  6  7  8  9 10 11 12 13 14 15 16 17 18 19 20 21 22 23 24
 25 26 27 28 29 30 31 32 33 34 35 36 37 38]
C_final_list= [1.2300107070135498e-06, 8.312922997626574e-07, 5.565369320902641e-07, 3.710826038507617e-07, 2.474114906050846e-07, 1.6448559329589732e-07, 1.0977143880708711e-07, 7.334062293146854e-08, 4.9060348447044034e-08, 3.2702979991654104e-08, 2.1986847683180423e-08, 1.4679790301539435e-08, 9.930267682636251e-09, 6.630121511806503e-09, 4.444362239155268e-09, 2.978889498735138e-09, 1.9811055743793228e-09, 1.3142347227822508e-09, 8.49841800271102e-10, 5.521706424984362e-10, 3.579214110066226e-10, 2.340691764533629e-10, 1.5291690884544522e-10, 1.0101782648009987e-10, 6.54455361119556e-11, 4.36811458132303e-11, 2.9659469435147255e-11, 1.9775233004364783e-11, 1.3033683717972962e-11, 8.387869846289361e-12, 5.318503911516252e-12, 3.4269285147087404e-12, 2.2295231224956765e-12, 1.5040958808336839e-12, 1.0061509105143758e-12, 6.545305514547845e-13, 4.259712581131911e-13, 2.5821955543546e-13]
W_list: [7.4]
L_list: [2.499019171052851]
