C_list:
6.456489893884983e-07 0.07954119744903472
ndim2: 500
W_list: [3.4]
L_list: [12.572101402430365]
