R_list= [ 1  2  3  4  5  6  7  8  9 10 11 12 13 14 15 16 17 18 19 20 21 22 23 24
 25 26 27 28 29 30 31 32 33 34 35 36 37 38]
C_final_list= [6.061577988100832e-06, 5.136390300020792e-06, 4.311890873767733e-06, 3.6050007650656268e-06, 3.0030515936726803e-06, 2.4986269610613455e-06, 2.0779891395149934e-06, 1.7265087546012266e-06, 1.4343822486351747e-06, 1.1904912632042993e-06, 9.877950275333643e-07, 8.197389339195168e-07, 6.798970179038068e-07, 5.633777563877409e-07, 4.6679167629490273e-07, 3.8611661291970616e-07, 3.1938083372487533e-07, 2.6420513284787234e-07, 2.1842371908835878e-07, 1.805098298104567e-07, 1.490531376548113e-07, 1.2304645293048724e-07, 1.0169652693368512e-07, 8.407119187528982e-08, 6.94659986926897e-08, 5.7478272200890845e-08, 4.764024731204851e-08, 3.9498340116715214e-08, 3.278192158939133e-08, 2.7201265211921954e-08, 2.2542552647587305e-08, 1.86455450347143e-08, 1.543116063420171e-08, 1.2748499094425706e-08, 1.0542289619667102e-08, 8.72943772758346e-09, 7.2545222259133445e-09, 6.035988783062607e-09]
W_list: [8.35]
L_list: [5.521233065459026]
