C_final_list: [1.896764953146969e-06, 1.6111749628537916e-06, 1.3727560723418253e-06, 1.172311969193979e-06, 1.0018763119741104e-06, 8.531933746203985e-07, 7.23127857442881e-07, 6.13045041548517e-07, 5.199360394175579e-07, 4.4032891987483937e-07, 3.7322459409770143e-07, 3.1651347989309263e-07, 2.674332213752065e-07, 2.2608464870425966e-07, 1.907341721832859e-07, 1.6097483550553256e-07, 1.355451265208034e-07, 1.1415307495322635e-07, 9.651484895606172e-08, 8.130684116688047e-08, 6.813590611216282e-08, 5.7256533748477184e-08, 4.8006052071178643e-08, 4.038124429641846e-08, 3.4207496065924914e-08, 2.8964560232888434e-08, 2.4503313208688197e-08, 2.0662429646538685e-08, 1.7395854360730853e-08, 1.4693041211005939e-08, 1.2343589947179111e-08, 1.0375651984730396e-08, 8.750183203690641e-09, 7.341142696237508e-09, 6.115825998032701e-09, 5.094494188527227e-09, 4.2521790173734214e-09, 3.574840664099437e-09, 3.0102553885839642e-09, 2.5234444285267957e-09, 2.128669431080409e-09, 1.7841619113126095e-09, 1.4830258967713562e-09, 1.2321689771535901e-09, 1.0204666594025331e-09, 8.482228817311642e-10, 7.013482949228467e-10, 5.787762531873679e-10, 4.792878223693869e-10, 3.9619254975405795e-10]
ndim2: 500
W_list: [3.4000000000000004]
L_list: [6.146365427672447]
