R_list= [ 1  2  3  4  5  6  7  8  9 10 11 12 13 14 15 16 17 18 19 20 21 22 23 24
 25 26 27 28 29 30 31 32 33 34 35 36 37 38]
C_final_list= [2.0490208343866165e-06, 1.992378814437385e-06, 1.9506448451801e-06, 1.9060408141529996e-06, 1.8644417814744186e-06, 1.823243190652067e-06, 1.7822184163646942e-06, 1.7424749141955362e-06, 1.7037032282680488e-06, 1.6656792826652186e-06, 1.6286940637169716e-06, 1.592380854263895e-06, 1.5572098867462925e-06, 1.5224203554306107e-06, 1.488439960886339e-06, 1.455335644758042e-06, 1.4225932836653925e-06, 1.3903637239883247e-06, 1.3589950449242633e-06, 1.328458499352959e-06, 1.2984996717810473e-06, 1.269355124830637e-06, 1.2408498078963423e-06, 1.213028572707548e-06, 1.185866407096189e-06, 1.1592066703998388e-06, 1.1331539811142468e-06, 1.1074189827888026e-06, 1.0825008304661335e-06, 1.0581155756825198e-06, 1.0340405437238781e-06, 1.0104199084227608e-06, 9.87193834769346e-07, 9.644206601476105e-07, 9.420718957713352e-07, 9.203515217640269e-07, 8.989318104289118e-07, 8.77861481509307e-07]
W_list: [4]
L_list: [44.03025828575104]
