R_list= [ 1  2  3  4  5  6  7  8  9 10 11 12 13 14 15 16 17 18 19 20 21 22 23 24
 25 26 27 28 29 30 31 32 33 34 35 36 37 38]
C_final_list= [6.303018120405613e-06, 5.373117619684916e-06, 4.536747821084396e-06, 3.811440201417083e-06, 3.1962583967208573e-06, 2.6782277815027406e-06, 2.2435994935319657e-06, 1.8756188439728215e-06, 1.5661094434184933e-06, 1.3072772618839233e-06, 1.0911572458940764e-06, 9.10495196791305e-07, 7.599388771273579e-07, 6.338534613458586e-07, 5.283035813622023e-07, 4.407185485885445e-07, 3.679683031059255e-07, 3.0739904568162053e-07, 2.5674177204463284e-07, 2.1436422138889838e-07, 1.7878120791486642e-07, 1.492158207767914e-07, 1.2454857558590577e-07, 1.039291004542828e-07, 8.67686282278522e-08, 7.238539742730755e-08, 6.036859741713158e-08, 5.0331559555507195e-08, 4.194001329254285e-08, 3.4902393259193154e-08, 2.9076035589930277e-08, 2.4290208866093724e-08, 2.028218962358581e-08, 1.6941528185779765e-08, 1.4156452508387069e-08, 1.1840379387023544e-08, 9.901140829893519e-09, 8.280684260174668e-09]
W_list: [8.25]
L_list: [5.709166469668561]
