R_list= [ 1  2  3  4  5  6  7  8  9 10 11 12 13 14 15 16 17 18 19 20 21 22 23 24
 25 26 27 28 29 30 31 32 33 34 35 36 37 38]
C_final_list= [3.575370688444266e-05, 2.3328177149408035e-05, 1.5156141612140056e-05, 9.826720269294056e-06, 6.360114870972804e-06, 4.1081863199647256e-06, 2.647397371500757e-06, 1.6996761068476876e-06, 1.0936716489374047e-06, 7.040755794714866e-07, 4.526507285828348e-07, 2.89770266295318e-07, 1.8671029779271836e-07, 1.2066222545984926e-07, 7.797847154980234e-08, 5.0392526060342145e-08, 3.2425017353506166e-08, 2.08121663911784e-08, 1.3311526385401003e-08, 8.579072590442727e-09, 5.530383689568579e-09, 3.54287112086629e-09, 2.276282525311241e-09, 1.4631332048732763e-09, 9.460419198369048e-10, 6.13857249165925e-10, 3.9185663185587924e-10, 2.548345794991085e-10, 1.6585816026800955e-10, 1.0755618458976412e-10, 6.83786979173417e-11, 4.347334468786517e-11, 2.7370111996166776e-11, 1.7397456464438127e-11, 1.1207987520347426e-11, 7.1524528180494605e-12, 4.572641580677523e-12, 2.9205062088167415e-12]
W_list: [8.2]
L_list: [2.3182156694954887]
