R_list= [ 1  2  3  4  5  6  7  8  9 10 11 12 13 14 15 16 17 18 19 20 21 22 23 24
 25 26 27 28 29 30 31 32 33 34 35 36 37 38]
C_final_list= [4.1328985531262045e-07, 3.825072718837599e-07, 3.515620009509369e-07, 3.221255444821282e-07, 2.9442702932433357e-07, 2.6875160300975243e-07, 2.4510083349636956e-07, 2.235184703475821e-07, 2.0367322295272118e-07, 1.8566788178839514e-07, 1.6919344172250503e-07, 1.5418515295009615e-07, 1.4040458421290257e-07, 1.2776981473125458e-07, 1.162745125598954e-07, 1.0578231263110458e-07, 9.620916853463789e-08, 8.739463605646472e-08, 7.938670107351647e-08, 7.206383594967215e-08, 6.539202264321365e-08, 5.930401790197919e-08, 5.372944596983975e-08, 4.866374634492192e-08, 4.409040065612781e-08, 3.994313941516345e-08, 3.617679507334227e-08, 3.272566571532217e-08, 2.9597898186878585e-08, 2.6764727602731222e-08, 2.419408570247317e-08, 2.1865483690372165e-08, 1.9758501117584424e-08, 1.785705027853343e-08, 1.612362426747713e-08, 1.4554026190931059e-08, 1.3133349665604013e-08, 1.1855997918241253e-08]
W_list: [7.6]
L_list: [10.83296720789135]
