R_list= [ 1  2  3  4  5  6  7  8  9 10 11 12 13 14 15 16 17 18 19 20 21 22 23 24
 25 26 27 28 29 30 31 32 33 34 35 36 37 38]
C_final_list= [7.232307373885615e-06, 6.269012646228371e-06, 5.387214980392332e-06, 4.61262657721188e-06, 3.941847845611005e-06, 3.3688378512822903e-06, 2.8763579096157716e-06, 2.4550169576286943e-06, 2.0961707107223046e-06, 1.7877154095092198e-06, 1.5241086716760299e-06, 1.2987077487687452e-06, 1.106198087281629e-06, 9.41535707511768e-07, 8.019358219094765e-07, 6.823419245281561e-07, 5.799261407637293e-07, 4.925305267392229e-07, 4.177752284347364e-07, 3.5437502957839533e-07, 3.0037711737109256e-07, 2.5453546783081816e-07, 2.1596437630140537e-07, 1.8329532216215165e-07, 1.556215119202806e-07, 1.3216169895951898e-07, 1.1233533992265256e-07, 9.540107724766215e-08, 8.105300958210812e-08, 6.889519392194701e-08, 5.849741662454726e-08, 4.9684375022292465e-08, 4.221354339377814e-08, 3.584453895917796e-08, 3.046615304201011e-08, 2.592123000312757e-08, 2.2024346535692793e-08, 1.8704238080866242e-08]
W_list: [7.95]
L_list: [6.392573782680274]
