R_list= [ 1  2  3  4  5  6  7  8  9 10 11 12 13 14 15 16 17 18 19 20 21 22 23 24
 25 26 27 28 29 30 31 32 33 34 35 36 37 38]
C_final_list= [6.767673670289244e-07, 5.329911463668485e-07, 4.1231668926932443e-07, 3.2127238874109506e-07, 2.511885708183816e-07, 1.9617331610932088e-07, 1.5321643231742165e-07, 1.1980898337412665e-07, 9.369616826619377e-08, 7.33822811073569e-08, 5.748826973097366e-08, 4.4969511103261196e-08, 3.509552870489044e-08, 2.7305437432844618e-08, 2.1160046166317467e-08, 1.6364664597487883e-08, 1.2695525618795564e-08, 9.876066188695106e-09, 7.675074024047326e-09, 5.945810157142162e-09, 4.594434833009102e-09, 3.5397618641590317e-09, 2.7164390107732585e-09, 2.0735131346783142e-09, 1.5814596832734056e-09, 1.2093568456437948e-09, 9.286721729130459e-10, 7.147416676421772e-10, 5.48673813420124e-10, 4.1969062096573807e-10, 3.206554465744082e-10, 2.449562163696041e-10, 1.8804843906095057e-10, 1.4540047845698822e-10, 1.1290698651874813e-10, 8.779887212768129e-11, 6.843177231622923e-11, 5.3534877260913386e-11]
W_list: [5]
L_list: [4.036171870228479]
