R_list= [ 1  2  3  4  5  6  7  8  9 10 11 12 13 14 15 16 17 18 19 20 21 22 23 24
 25 26 27 28 29 30 31 32 33 34 35 36 37 38]
C_final_list= [9.373813037122393e-07, 7.843810934361155e-07, 6.656667517137465e-07, 5.623612913090834e-07, 4.7520554746101406e-07, 4.0253987187289494e-07, 3.418503624991823e-07, 2.891377675812262e-07, 2.440897076296391e-07, 2.0611596430789615e-07, 1.7370527280833475e-07, 1.4658405240246182e-07, 1.2362547092650982e-07, 1.0411483287402794e-07, 8.779449197498244e-08, 7.388012899513858e-08, 6.194536232179778e-08, 5.18642257668158e-08, 4.342843067165523e-08, 3.6464802819932154e-08, 3.0524860644628984e-08, 2.548954154199134e-08, 2.125922075504534e-08, 1.777451130439809e-08, 1.4896804211065562e-08, 1.2465487694712734e-08, 1.0420829339617021e-08, 8.69478125668816e-09, 7.246662819581662e-09, 6.0333922832310665e-09, 5.025353746134799e-09, 4.182037088791003e-09, 3.4886742543911832e-09, 2.9147685262792086e-09, 2.4307014759739294e-09, 2.033086803193544e-09, 1.7021100158436905e-09, 1.4238472615638559e-09]
W_list: [6]
L_list: [5.9289527562421105]
