R_list= [ 1  2  3  4  5  6  7  8  9 10 11 12 13 14 15 16 17 18 19 20 21 22 23 24
 25 26 27 28 29 30 31 32 33 34 35 36 37 38]
C_final_list= [1.5314633173282216e-06, 1.3365116727375466e-06, 1.1912340005195673e-06, 1.0619463081076623e-06, 9.479341758536359e-07, 8.470057156276792e-07, 7.564141037503729e-07, 6.746029454650516e-07, 6.012386972660137e-07, 5.354594478374939e-07, 4.771181733538341e-07, 4.245699905093395e-07, 3.782515821432306e-07, 3.373292258501037e-07, 2.9997834090470105e-07, 2.66078775376375e-07, 2.361090188127673e-07, 2.0930025776380824e-07, 1.854708604255553e-07, 1.643397327093759e-07, 1.4544226309683036e-07, 1.2870089449819756e-07, 1.1386527695476593e-07, 1.0078060480344664e-07, 8.939151604563186e-08, 7.928507029660622e-08, 7.029989834824565e-08, 6.221926541594965e-08, 5.50502325073285e-08, 4.876769282224582e-08, 4.315575319806084e-08, 3.818622356947231e-08, 3.380847043981558e-08, 2.9896982222654965e-08, 2.6475314966462893e-08, 2.346234045877337e-08, 2.0750764369248554e-08, 1.8318377374713165e-08]
W_list: [5]
L_list: [8.587578940312467]
