R_list= [ 1  2  3  4  5  6  7  8  9 10 11 12 13 14 15 16 17 18 19 20 21 22 23 24
 25 26 27 28 29 30 31 32 33 34 35 36 37 38]
C_final_list= [1.7017623942186465e-07, 1.4898390737671048e-07, 1.2896870565814736e-07, 1.1080136440600249e-07, 9.475555413842586e-08, 8.076341800063369e-08, 6.863088979760324e-08, 5.822921897467042e-08, 4.9355152903459466e-08, 4.178965024148223e-08, 3.534368502837816e-08, 2.988754266008842e-08, 2.529067740067977e-08, 2.1386796966804305e-08, 1.8076320065965336e-08, 1.527448614375562e-08, 1.2900693209012593e-08, 1.0879453907838848e-08, 9.178547476754968e-09, 7.736193536234373e-09, 6.515186338111615e-09, 5.487063708675443e-09, 4.6290067913928864e-09, 3.906087118107327e-09, 3.299989764921062e-09, 2.7867530559632102e-09, 2.356716477766703e-09, 1.9920761210652114e-09, 1.6831207204316838e-09, 1.4232356914795523e-09, 1.2031184588484333e-09, 1.0153206556917344e-09, 8.557462944713473e-10, 7.192897007042925e-10, 6.058080131957044e-10, 5.100925426550315e-10, 4.29206499656862e-10, 3.6153181182993733e-10]
W_list: [8.600000000000001]
L_list: [6.338426547201889]
