R_list= [ 1  2  3  4  5  6  7  8  9 10 11 12 13 14 15 16 17 18 19 20 21 22 23 24
 25 26 27 28 29 30 31 32 33 34 35 36 37 38]
C_final_list= [1.944166003735158e-06, 1.2329737950695893e-06, 6.714239271511912e-07, 3.3550270930635486e-07, 1.5935684104087878e-07, 7.333368492486333e-08, 3.3270264664838315e-08, 1.5023408427206542e-08, 6.7653867287864285e-09, 3.053723679864205e-09, 1.3857845921305918e-09, 6.312119311386059e-10, 2.877655543728246e-10, 1.323325996933844e-10, 6.14994332504749e-11, 2.9098656188120838e-11, 1.3982922477654661e-11, 6.718484626264348e-12, 3.2277370239935725e-12, 1.5717889911847945e-12, 7.895694929616568e-13, 4.1033143504576204e-13, 2.173628078602618e-13, 1.1572638019230437e-13, 6.169824659287819e-14, 3.338920807766589e-14, 1.8593489688614237e-14, 1.1236030362277843e-14, 7.757432379839658e-15, 5.394120343284073e-15, 3.311903332993311e-15, 1.6743553544516004e-15, 8.089050414905479e-16, 3.974778971952497e-16, 1.96458969358828e-16, 9.264602377016426e-17, 4.27719413745042e-17, 2.1335304771669397e-17]
W_list: [4]
L_list: [1.7856001922302782]
