R_list= [ 1  2  3  4  5  6  7  8  9 10 11 12 13 14 15 16 17 18 19 20 21 22 23 24
 25 26 27 28 29 30 31 32 33 34 35 36 37 38]
C_final_list= [7.549294917196626e-07, 4.623571974440189e-07, 2.730105078817988e-07, 1.6248465907130424e-07, 9.745488075074604e-08, 5.858888797428397e-08, 3.496600406341232e-08, 2.0514970348252182e-08, 1.1928421791544884e-08, 6.96434807058787e-09, 4.099492567409395e-09, 2.418126938432349e-09, 1.4369986473959702e-09, 8.44177025552266e-10, 4.932774626979314e-10, 2.887834660797623e-10, 1.690284205296859e-10, 9.699778881317654e-11, 5.5282710872127483e-11, 3.165890868759889e-11, 1.7823697574317074e-11, 9.914138948798492e-12, 5.696109441922031e-12, 3.4048239790046377e-12, 2.0784521368160637e-12, 1.3004784417303008e-12, 8.152496325000309e-13, 5.134270073562243e-13, 3.233547755313281e-13, 1.9402611022391209e-13, 1.169689345697084e-13, 7.237067445634567e-14, 4.608211687703119e-14, 3.211154412527287e-14, 2.468384037453734e-14, 2.2330825288551818e-14, 2.117844098601449e-14, 2.0364863011874524e-14]
W_list: [6]
L_list: [1.9656954709024275]
