R_list= [ 1  2  3  4  5  6  7  8  9 10 11 12 13 14 15 16 17 18 19 20 21 22 23 24
 25 26 27 28 29 30 31 32 33 34 35 36 37 38]
C_final_list= [4.198732285930737e-07, 3.1827345565551874e-07, 2.3806491665761822e-07, 1.7717850255050293e-07, 1.3151944982987917e-07, 9.735546443580027e-08, 7.186089352339859e-08, 5.324065227601683e-08, 3.943486953612348e-08, 2.9151094816533565e-08, 2.1565888954621984e-08, 1.5862034556695968e-08, 1.1702418116005118e-08, 8.570331546314716e-09, 6.246013811600191e-09, 4.581919830496089e-09, 3.3859976763943446e-09, 2.5083952685977923e-09, 1.8544079899004337e-09, 1.3718255804139205e-09, 1.0083195136516301e-09, 7.422672760173586e-10, 5.455066115294351e-10, 4.0191035149956623e-10, 2.9674460082594353e-10, 2.1903025081854272e-10, 1.6226442512532746e-10, 1.199256160311047e-10, 8.839714135683519e-11, 6.492091940888172e-11, 4.806025887285681e-11, 3.5953537555608625e-11, 2.6676194046030903e-11, 1.9559166531523787e-11, 1.4330538922827723e-11, 1.0615435864783942e-11, 7.82963078803335e-12, 5.748825767764158e-12]
W_list: [8.8]
L_list: [3.4164688572901984]
