C_final_list: [1.5060144280516647e-06, 1.3427556255100078e-06, 1.1918132740898298e-06, 1.0601860238238736e-06, 9.417863637887177e-07, 8.365787483315932e-07, 7.424762014922678e-07, 6.58762294303497e-07, 5.837783612015536e-07, 5.17723664406351e-07, 4.582619353226221e-07, 4.0611203096630305e-07, 3.5900008829922797e-07, 3.173772677824915e-07, 2.8078388502687076e-07, 2.486318954081148e-07, 2.2045949907169116e-07, 1.9528514428555713e-07, 1.7293537517066355e-07, 1.5321927336806888e-07, 1.3590237471044738e-07, 1.2032358916976433e-07, 1.0667114709213903e-07, 9.470445428712141e-08, 8.406679696327483e-08, 7.462283601570778e-08, 6.624661355778162e-08, 5.863161364068027e-08, 5.183428330275708e-08, 4.5757670045204725e-08, 4.034425205229817e-08, 3.5523754289535914e-08, 3.127281516425738e-08, 2.748358690439028e-08, 2.4192646940939745e-08]
ndim2: 500
W_list: [3.8]
L_list: [8.352219064175703]
