R_list= [ 1  2  3  4  5  6  7  8  9 10 11 12 13 14 15 16 17 18 19 20 21 22 23 24
 25 26 27 28 29 30 31 32 33 34 35 36 37 38]
C_final_list= [9.254313896286625e-07, 8.418517246037821e-07, 7.7283543074043e-07, 7.108104450764047e-07, 6.530666365018585e-07, 5.9993623966911e-07, 5.507327069565849e-07, 5.046335715772172e-07, 4.6226844021647523e-07, 4.234640451618076e-07, 3.879708588216976e-07, 3.5546552120224256e-07, 3.256390895221394e-07, 2.984269863435818e-07, 2.732868572544566e-07, 2.5009376697868875e-07, 2.2882583793111413e-07, 2.0935528365223994e-07, 1.91374101991262e-07, 1.7479070281317897e-07, 1.597083345677638e-07, 1.4591191948461787e-07, 1.3329013652126218e-07, 1.2181030060814753e-07, 1.1126277742142636e-07, 1.0160737871019525e-07, 9.278253434674924e-08, 8.469501023889197e-08, 7.72971894492594e-08, 7.054583575454673e-08, 6.436773075664139e-08, 5.8691697958316883e-08, 5.3494669098464523e-08, 4.8741853915438776e-08, 4.439406265133445e-08, 4.044588985572636e-08, 3.6889636880063736e-08, 3.367294905413481e-08]
W_list: [5]
L_list: [11.423037102386804]
