R_list= [ 1  2  3  4  5  6  7  8  9 10 11 12 13 14 15 16 17 18 19 20 21 22 23 24
 25 26 27 28 29 30 31 32 33 34 35 36 37 38]
C_final_list= [2.0375301880396037e-06, 1.7666635962019954e-06, 1.5150854614078055e-06, 1.2941093269536034e-06, 1.1010051866631835e-06, 9.343463945437562e-07, 7.921017509308742e-07, 6.706070929958836e-07, 5.672674969180655e-07, 4.798999979363251e-07, 4.059549557583909e-07, 3.4344647167153336e-07, 2.9048234575484546e-07, 2.4575129317423353e-07, 2.0786055013320072e-07, 1.7566740197190472e-07, 1.484107742111828e-07, 1.2545485200252302e-07, 1.0611052006770387e-07, 8.988734235214623e-08, 7.626323766588783e-08, 6.483415697984482e-08, 5.504304668923433e-08, 4.667914833857451e-08, 3.954604733841465e-08, 3.348832354017844e-08, 2.8386049820574903e-08, 2.4007213969433605e-08, 2.0282910062960682e-08, 1.7123327290864082e-08, 1.4455957315655306e-08, 1.2205030147233292e-08, 1.0296032301121917e-08, 8.684951090924555e-09, 7.345964737140741e-09, 6.214985738646016e-09, 5.244688148439212e-09, 4.423396302237817e-09]
W_list: [8.5]
L_list: [6.192841656024053]
