C_final_list: [1.2553462939957382e-06, 1.1780824348359654e-06, 1.1019784837007425e-06, 1.029882362903933e-06, 9.622083643112216e-07, 8.992335814336964e-07, 8.406367749218913e-07, 7.860740199174599e-07, 7.347845666084779e-07, 6.867769641989372e-07, 6.41794389343143e-07, 5.999419523757496e-07, 5.602471343104823e-07, 5.231030001672941e-07, 4.883671229335611e-07, 4.5585224203312717e-07, 4.254535551773918e-07, 3.9723637938017186e-07, 3.707250465557393e-07, 3.462011437057215e-07, 3.235688744405082e-07, 3.018985731991942e-07, 2.816915377303622e-07, 2.625615377394898e-07, 2.4452024229236136e-07, 2.278342930560092e-07, 2.1223301191435984e-07, 1.9740472392285173e-07, 1.8345958590101534e-07, 1.705175344344099e-07, 1.5840779047250338e-07, 1.470095344551904e-07, 1.36446968192831e-07, 1.2665899145017368e-07, 1.175795146671243e-07]
ndim2: 500
W_list: [3.4000000000000004]
L_list: [14.65170858747405]
