R_list= [ 1  2  3  4  5  6  7  8  9 10 11 12 13 14 15 16 17 18 19 20 21 22 23 24
 25 26 27 28 29 30 31 32 33 34 35 36 37 38]
C_final_list= [2.988640836865887e-06, 2.3722493516446818e-06, 1.868545108696241e-06, 1.458863013431207e-06, 1.134842263068176e-06, 8.839914930987116e-07, 6.898164238540243e-07, 5.381841366463826e-07, 4.197868971147022e-07, 3.2773965114079694e-07, 2.5531576185295833e-07, 1.9850339976936257e-07, 1.5416709203305273e-07, 1.1975362162326395e-07, 9.278863106506094e-08, 7.200542052132424e-08, 5.580615122879282e-08, 4.334514375879588e-08, 3.365492327359725e-08, 2.6000062899643796e-08, 2.007944060505128e-08, 1.549574302228662e-08, 1.1970948926070283e-08, 9.268850656117384e-09, 7.1882544568882246e-09, 5.6049711892430905e-09, 4.382007732450275e-09, 3.4385588022136906e-09, 2.7144799103517897e-09, 2.1394960623737595e-09, 1.6814641033880641e-09, 1.3251310245433707e-09, 1.045980962347282e-09, 8.292735059139337e-10, 6.575773743163868e-10, 5.246864016872615e-10, 4.249432030627357e-10, 3.4221684910317777e-10]
W_list: [8.6]
L_list: [4.09002084154287]
