R_list= [ 1  2  3  4  5  6  7  8  9 10 11 12 13 14 15 16 17 18 19 20 21 22 23 24
 25 26 27 28 29 30 31 32 33 34 35 36 37 38]
C_final_list= [2.298705072527217e-05, 1.8932762171637527e-05, 1.5464163640098128e-05, 1.2598793981233305e-05, 1.0246874246639532e-05, 8.332241728912263e-06, 6.776802178141932e-06, 5.510346498066273e-06, 4.479569169956235e-06, 3.6389773678746555e-06, 2.956300390783079e-06, 2.4020274850595105e-06, 1.952980096827789e-06, 1.5875088892716462e-06, 1.2905951942265753e-06, 1.0485239985800454e-06, 8.521236968216305e-07, 6.920371879228064e-07, 5.622781549389436e-07, 4.569355181199197e-07, 3.7149839508814676e-07, 3.0202186697006463e-07, 2.4627580604038673e-07, 2.0074262396422074e-07, 1.6356623839875798e-07, 1.3322375179865442e-07, 1.0843892090575405e-07, 8.813360065679248e-08, 7.157161430365148e-08, 5.8075082057732246e-08, 4.714150243921277e-08, 3.827808889085621e-08, 3.119625176628556e-08, 2.541200411004648e-08, 2.070422081977292e-08, 1.6898169425787506e-08, 1.3816296565771038e-08, 1.1294914730607551e-08]
W_list: [8.05]
L_list: [4.889864666509872]
