C_final_list: [1.1082956721077856e-06, 1.0165923689186508e-06, 9.300648548937026e-07, 8.503179389501733e-07, 7.768745525323454e-07, 7.089373311110803e-07, 6.460410665401508e-07, 5.89148247779236e-07, 5.366877350764141e-07, 4.894216555500658e-07, 4.4561811299845186e-07, 4.0575073439285574e-07, 3.6933711607592424e-07, 3.357627914318221e-07, 3.0494830667964996e-07, 2.7681917363354176e-07, 2.5123876584034836e-07, 2.2788790759698045e-07, 2.068628088181817e-07, 1.8789079712160024e-07, 1.7080759237659067e-07, 1.5535348384255546e-07, 1.4122548738915252e-07, 1.2825081120599836e-07, 1.1660767610447278e-07, 1.0594688103451881e-07, 9.610462698834926e-08, 8.721452576239519e-08, 7.897298434201018e-08, 7.143147457445184e-08, 6.454530921240064e-08, 5.836147975602058e-08, 5.269929682375545e-08, 4.7551858484782223e-08, 4.288808511646422e-08, 3.8648531738892393e-08, 3.483577163086126e-08, 3.144695993363791e-08, 2.830156683184839e-08, 2.5497908245634845e-08, 2.2999950707586934e-08, 2.0774602164752826e-08, 1.8778638561142605e-08, 1.697371106989211e-08, 1.5302736159065912e-08, 1.3791507657120266e-08, 1.2407818239042233e-08, 1.117747963726176e-08, 1.0090110358714589e-08, 9.106638904852386e-09]
ndim2: 500
W_list: [4.2]
L_list: [10.713171074920234]
