C_list:
1.4551663047205925e-06 0.04430238440300457
ndim2: 500
W_list: [2.2]
L_list: [22.57214850792953]
