C_final_list: [1.573700282721673e-06, 1.41168259053663e-06, 1.2633176648931754e-06, 1.1309849204117253e-06, 1.0122323150433495e-06, 9.06765539499456e-07, 8.115193100319027e-07, 7.264250901964891e-07, 6.514099708399182e-07, 5.833304831575472e-07, 5.219097814532654e-07, 4.669444751313661e-07, 4.186253640758141e-07, 3.7552507746312734e-07, 3.360987539275146e-07, 3.011240816063044e-07, 2.6969679563227813e-07, 2.416897425214267e-07, 2.1644008911274409e-07, 1.938042461318108e-07, 1.732635869806208e-07, 1.5485938711143e-07, 1.381954701760001e-07, 1.2314017302900545e-07, 1.0947731080279823e-07, 9.734574447119368e-08, 8.64888054475161e-08, 7.682131593430901e-08, 6.827010439192998e-08, 6.072964332969376e-08, 5.394163517724338e-08, 4.793772685811006e-08, 4.259903018882085e-08, 3.7873374145831576e-08, 3.362880125892815e-08, 2.992024244746658e-08, 2.661231814172337e-08, 2.3646037526716732e-08, 2.1004387761320563e-08, 1.8635976140169733e-08, 1.6562347979355082e-08, 1.4740568962148211e-08, 1.3103292625064691e-08, 1.167278400110099e-08, 1.0411284791988418e-08, 9.28347539592515e-09, 8.294675156399705e-09, 7.413468277091369e-09, 6.609692300209825e-09, 5.884701591426848e-09]
ndim2: 500
W_list: [3.8]
L_list: [9.035115869484134]
