C_final_list: [1.924221091398182e-06, 1.9034444208711783e-06, 1.8828550533625698e-06, 1.8631270313246998e-06, 1.843578819075706e-06, 1.8244476827973623e-06, 1.8054585556987325e-06, 1.7869001783495406e-06, 1.7688847713977184e-06, 1.7508611924272126e-06, 1.7334305703372596e-06, 1.7160881826737333e-06, 1.6989305027542588e-06, 1.6818793792609994e-06, 1.6650930335449653e-06, 1.6486296111140989e-06, 1.6323651092396193e-06, 1.616128342510496e-06, 1.599909698724146e-06, 1.5839016952300288e-06, 1.5680290641892026e-06, 1.5522557598630004e-06, 1.5367419234614851e-06, 1.5213483715852163e-06, 1.5061195435825117e-06, 1.4912565764720587e-06, 1.4764378187036257e-06, 1.461780083793585e-06, 1.4472705240168266e-06, 1.4327754351874774e-06, 1.4184768608601558e-06, 1.4043561880523466e-06, 1.390425137136002e-06, 1.376656732626531e-06, 1.3630810104237207e-06, 1.3494270240227097e-06, 1.335789893752656e-06, 1.3223091694893936e-06, 1.3089652551028573e-06, 1.295762859347978e-06, 1.2828085718722587e-06, 1.269759118007749e-06, 1.25687571283091e-06, 1.244046351635991e-06, 1.231180427015103e-06, 1.2184968465909807e-06, 1.205929154982788e-06, 1.1934890356962243e-06, 1.1811254119060288e-06, 1.1688910746986857e-06]
ndim2: 500
W_list: [2.6]
L_list: [99.07814192938287]
