R_list= [ 1  2  3  4  5  6  7  8  9 10 11 12 13 14 15 16 17 18 19 20 21 22 23 24
 25 26 27 28 29 30 31 32 33 34 35 36 37 38]
C_final_list= [8.192343482403359e-07, 6.598383268910894e-07, 5.018843100571681e-07, 3.7318586868104e-07, 2.760192842091881e-07, 2.041575423073179e-07, 1.5127167690385083e-07, 1.1225814648982069e-07, 8.343593245164155e-08, 6.206502611563507e-08, 4.614069419137995e-08, 3.425332667925646e-08, 2.5388957060018904e-08, 1.8792424497762223e-08, 1.3876949058992203e-08, 1.019886426338111e-08, 7.456513220085653e-09, 5.430385026837349e-09, 3.948951941429579e-09, 2.8748438597853737e-09, 2.0982430345157014e-09, 1.534112651024127e-09, 1.1210990147199638e-09, 8.175250198793309e-10, 5.957968333010873e-10, 4.3412398283542857e-10, 3.1679570796121796e-10, 2.316821479521809e-10, 1.701403621330298e-10, 1.2601666282589188e-10, 9.377930096691585e-11, 6.987795558730066e-11, 5.2152874952199676e-11, 3.88927150515914e-11, 2.893240651056933e-11, 2.1574868964729612e-11, 1.6103467785549474e-11, 1.2027077303041534e-11]
W_list: [4]
L_list: [3.5916249247132264]
