R_list= [ 1  2  3  4  5  6  7  8  9 10 11 12 13 14 15 16 17 18 19 20 21 22 23 24
 25 26 27 28 29 30 31 32]
C_final_list= [7.744370736709088e-07, 7.235778347846912e-07, 6.745090583986402e-07, 6.278135471890481e-07, 5.841362897049095e-07, 5.434400249392177e-07, 5.053888971194286e-07, 4.7042305608754474e-07, 4.3800560430205505e-07, 4.0762808601476023e-07, 3.790609506904337e-07, 3.521859494596466e-07, 3.273538096795895e-07, 3.0430929427512936e-07, 2.825929756746491e-07, 2.623758402734681e-07, 2.434679532556664e-07, 2.2587872484714784e-07, 2.0953421958555743e-07, 1.9443808963935703e-07, 1.8027083697803652e-07, 1.6722352964773062e-07, 1.550293464034284e-07, 1.4363538398818576e-07, 1.3305753246569043e-07, 1.233371544039589e-07, 1.1415076893268257e-07, 1.0558187353894936e-07, 9.761949630074399e-08, 9.021895217608803e-08, 8.334517247769104e-08, 7.699654135874748e-08]
W_list: [6]
L_list: [13.688483275219795]
