R_list= [ 1  2  3  4  5  6  7  8  9 10 11 12 13 14 15 16 17 18 19 20 21 22 23 24
 25 26 27 28 29 30 31 32 33 34 35 36 37 38]
C_final_list= [2.5405010261512087e-06, 2.2530459447142856e-06, 1.9776433995142527e-06, 1.730598677647973e-06, 1.5109306220216245e-06, 1.3170451761304511e-06, 1.1471951177179745e-06, 9.979701755689913e-07, 8.684885773716668e-07, 7.55960580224397e-07, 6.573918171630571e-07, 5.71797617289373e-07, 4.973416344821418e-07, 4.321401722561886e-07, 3.75192983440534e-07, 3.254481575100484e-07, 2.821500300670287e-07, 2.4454432064214165e-07, 2.1199226974758657e-07, 1.836359144012557e-07, 1.589708157992388e-07, 1.3753187700321573e-07, 1.1895546925536021e-07, 1.0302131219056215e-07, 8.918156772164191e-08, 7.715232499478339e-08, 6.674976586115888e-08, 5.7722697284366245e-08, 4.9933072712026726e-08, 4.322543180577167e-08, 3.742214439837365e-08, 3.238107404187673e-08, 2.802707452642112e-08, 2.42487526579024e-08, 2.0995029068368995e-08, 1.818102662669344e-08, 1.5751046064742803e-08, 1.3635376453851435e-08]
W_list: [8.1]
L_list: [7.320902853147703]
