C_final_list: [2.1781860068584505e-06, 2.08333053399042e-06, 1.9895142083236158e-06, 1.9004139778327685e-06, 1.8152887246621688e-06, 1.7335324334818993e-06, 1.6562475145803824e-06, 1.5810049726099559e-06, 1.5096622077533644e-06, 1.4411023886698417e-06, 1.3763795545442348e-06, 1.3148137385595235e-06, 1.2550756963989843e-06, 1.198379947174576e-06, 1.1434557105275908e-06, 1.090641165727629e-06, 1.0393270908149536e-06, 9.906667328121842e-07, 9.442999048690006e-07, 8.99808231691562e-07, 8.577353885742225e-07, 8.178657061580092e-07, 7.802164471648408e-07, 7.437815529576346e-07, 7.086730441154587e-07, 6.758691931241495e-07, 6.441642868313726e-07, 6.136785489448743e-07, 5.848864483272883e-07, 5.573164363163346e-07, 5.312114095210031e-07, 5.065454405472078e-07, 4.827221169534245e-07, 4.6023212822830807e-07, 4.3881702048658024e-07]
ndim2: 500
W_list: [2.4]
L_list: [21.342440945124526]
