R_list= [ 1  2  3  4  5  6  7  8  9 10 11 12 13 14 15 16 17 18 19 20 21 22 23 24
 25 26 27 28 29 30 31 32 33 34 35 36 37 38]
C_final_list= [2.225664377387691e-06, 2.113560891797957e-06, 2.0195031761648635e-06, 1.9266362049303708e-06, 1.8399525038557673e-06, 1.7566698242249616e-06, 1.677337761089639e-06, 1.6027880729001058e-06, 1.5323707943773687e-06, 1.464514569515216e-06, 1.4001630657698347e-06, 1.3380916137027438e-06, 1.2777407988323647e-06, 1.2199475640718239e-06, 1.165226459595424e-06, 1.1115440288128655e-06, 1.0602755865847219e-06, 1.0114708840119699e-06, 9.648124172111597e-07, 9.199807963327482e-07, 8.773280975369062e-07, 8.370826419566004e-07, 7.98097418982336e-07, 7.605378864306887e-07, 7.254441078249678e-07, 6.915173298644657e-07, 6.593944165124132e-07, 6.284745421403162e-07, 5.991249022221788e-07, 5.707826860668187e-07, 5.437749291241484e-07, 5.178278920373317e-07, 4.933437932893028e-07, 4.6999694744734324e-07, 4.4766903570579034e-07, 4.263810667663694e-07, 4.057188667894027e-07, 3.8584554480424673e-07]
W_list: [4]
L_list: [21.431576472324775]
