R_list= [ 1  2  3  4  5  6  7  8  9 10 11 12 13 14 15 16 17 18 19 20 21 22 23 24
 25 26 27 28 29 30 31 32 33 34 35 36 37 38]
C_final_list= [4.2058409287978754e-07, 3.847283179931299e-07, 3.495169210200354e-07, 3.1658041538427234e-07, 2.8621150754749365e-07, 2.587252957255975e-07, 2.337438428878148e-07, 2.112201438573664e-07, 1.9070562463009545e-07, 1.720985591071871e-07, 1.5515188382411272e-07, 1.3989908276498246e-07, 1.2614246874606932e-07, 1.1368028978797297e-07, 1.0236450895004972e-07, 9.217839235563777e-08, 8.299831791900981e-08, 7.472160301581266e-08, 6.72051477318734e-08, 6.046090368440038e-08, 5.436312230878805e-08, 4.887578218121452e-08, 4.3964168602232574e-08, 3.948114762172675e-08, 3.544392387511911e-08, 3.1777714076243715e-08, 2.8478806257299712e-08, 2.5479636643962532e-08, 2.2768667479903027e-08, 2.0339066537998842e-08, 1.8167911775177348e-08, 1.6201003957516998e-08, 1.4464794865716257e-08, 1.2917306918875222e-08, 1.1530275027593147e-08, 1.0290222080466439e-08, 9.171755309276773e-09, 8.185228892611555e-09]
W_list: [7]
L_list: [9.799335914460325]
