R_list= [ 1  2  3  4  5  6  7  8  9 10 11 12 13 14 15 16 17 18 19 20 21 22 23 24
 25 26 27 28 29 30 31 32 33 34 35 36 37 38]
C_final_list= [3.6524171264634503e-07, 3.3587088186577193e-07, 3.0628595151263265e-07, 2.7842858061332694e-07, 2.5252751233849615e-07, 2.2841997640931504e-07, 2.0640566897758747e-07, 1.864284284760047e-07, 1.6825085754491853e-07, 1.518040584684676e-07, 1.3693697111804013e-07, 1.2341695590161596e-07, 1.1114965024284687e-07, 1.0019433945705318e-07, 9.02861318417104e-08, 8.132230559463433e-08, 7.327300593395526e-08, 6.601887474865225e-08, 5.9437336109793614e-08, 5.347211704137108e-08, 4.8075142740101295e-08, 4.324005209489164e-08, 3.885654411066179e-08, 3.489191653050554e-08, 3.1350620194575127e-08, 2.815716350678738e-08, 2.5295439791028138e-08, 2.2740609017654945e-08, 2.0397112240460143e-08, 1.8287750892391192e-08, 1.6387869653772764e-08, 1.4688794757637033e-08, 1.3169714272778232e-08, 1.1807446316847925e-08, 1.0591769397889904e-08, 9.502038094770687e-09, 8.513281740445053e-09, 7.624440524579606e-09]
W_list: [7.8]
L_list: [9.894604657390902]
