R_list= [ 1  2  3  4  5  6  7  8  9 10 11 12 13 14 15 16 17 18 19 20 21 22 23 24
 25 26 27 28 29 30 31 32 33 34 35 36 37 38]
C_final_list= [5.709883709120771e-07, 4.991060038341914e-07, 4.332893784272354e-07, 3.742484944534767e-07, 3.220466975786775e-07, 2.770740119143695e-07, 2.385479081857212e-07, 2.056429208069902e-07, 1.7744343163226948e-07, 1.528301244632863e-07, 1.3141310456399053e-07, 1.129521139460359e-07, 9.705070969444997e-08, 8.342969256448141e-08, 7.15854044871238e-08, 6.134035607794794e-08, 5.260744709550708e-08, 4.5070859119099415e-08, 3.873903115262907e-08, 3.326467132957599e-08, 2.854960469618909e-08, 2.4489275976060517e-08, 2.101982216743332e-08, 1.80361760378937e-08, 1.5458162331831113e-08, 1.3251259745822447e-08, 1.1349370540501273e-08, 9.71763401838862e-09, 8.315980188513186e-09, 7.11442461254946e-09, 6.0862215168956555e-09, 5.215195204726618e-09, 4.466237826925925e-09, 3.833864248043732e-09, 3.2858455898264176e-09, 2.803252813709713e-09, 2.3926439805060717e-09, 2.036317985569032e-09]
W_list: [7]
L_list: [6.758607466316331]
