C_final_list: [2.060195254760847e-06, 1.8326872119515773e-06, 1.623059485982966e-06, 1.4387284197387726e-06, 1.2741665451138536e-06, 1.1269202465978332e-06, 9.97708579511302e-07, 8.831953967720508e-07, 7.813188356703622e-07, 6.891774697142423e-07, 6.097623277321256e-07, 5.39477021739444e-07, 4.787593663640107e-07, 4.2307355787652423e-07, 3.7478686322151456e-07, 3.3105460692227247e-07, 2.935530590199949e-07, 2.5970071264943876e-07, 2.2924812327150687e-07, 2.0219753324020406e-07, 1.785609685103552e-07, 1.5739982406381336e-07, 1.3877648542897582e-07, 1.2216272021916673e-07, 1.0783127460889181e-07, 9.528407232437082e-08, 8.396515506870068e-08, 7.407497438750268e-08, 6.531256951572327e-08, 5.7405026542516554e-08, 5.031063468731015e-08, 4.4275277939867073e-08, 3.892720888990694e-08, 3.4176301616544987e-08, 2.99980791837961e-08, 2.6295415292371396e-08, 2.3016764387777266e-08, 2.0251451682560926e-08, 1.7759534760875858e-08, 1.5580025502777687e-08, 1.364590034485212e-08, 1.1949572816734702e-08, 1.042813138094903e-08, 9.133539224194951e-09, 7.990731077811476e-09, 6.966605738586905e-09, 6.080771559597379e-09, 5.307389612516021e-09, 4.6341148255804344e-09, 4.043495471214099e-09]
ndim2: 500
W_list: [2.9]
L_list: [8.188702156342844]
