C_final_list: [1.6541693078835436e-06, 1.6289633653003557e-06, 1.6038774886397374e-06, 1.5797390771714194e-06, 1.5561645823773658e-06, 1.5326479675220548e-06, 1.5095840766282915e-06, 1.4869798300947269e-06, 1.4648735607704416e-06, 1.4433113337429467e-06, 1.4220169287516097e-06, 1.4010120480824073e-06, 1.380449753005658e-06, 1.3599249341598615e-06, 1.339684060327488e-06, 1.319698978340211e-06, 1.3000337844970216e-06, 1.2803800899256058e-06, 1.2613247858355308e-06, 1.2423510049285314e-06, 1.2237142460027974e-06, 1.2052053816584045e-06, 1.1869802759022287e-06, 1.169081345796565e-06, 1.1515037972973342e-06, 1.1341820846804325e-06, 1.1171389774640255e-06, 1.1003416068785737e-06, 1.0837685792506457e-06, 1.0673659761055138e-06, 1.0510900791578506e-06, 1.035030261217377e-06, 1.0191941783577373e-06, 1.0037443564141493e-06, 9.882705748183873e-07, 9.729934000251101e-07, 9.581090435832094e-07, 9.43131965786037e-07, 9.284770357177322e-07, 9.141169078904709e-07, 8.99763149273563e-07, 8.857354594955552e-07, 8.720257033400604e-07, 8.584056666822347e-07, 8.451273972357648e-07, 8.320677713854737e-07, 8.191729403767784e-07, 8.063999251939733e-07, 7.938989932372058e-07, 7.81604622808696e-07]
ndim2: 500
W_list: [3.0]
L_list: [65.72700321110936]
