C_final_list: [1.6786108760674003e-06, 1.6530114828980123e-06, 1.6274544517802532e-06, 1.602964150064561e-06, 1.578543676240794e-06, 1.5546048317668233e-06, 1.5312623973506904e-06, 1.5081056991165374e-06, 1.4855189962284362e-06, 1.463248221850088e-06, 1.4415610895764242e-06, 1.4202932785983146e-06, 1.3991332756602556e-06, 1.3783299283016248e-06, 1.3579303526224768e-06, 1.337900381815163e-06, 1.3180934095318783e-06, 1.2984665205268126e-06, 1.2793746934641412e-06, 1.2603426913681758e-06, 1.2416270554502608e-06, 1.223077218693301e-06, 1.2047188127913076e-06, 1.1867373755044818e-06, 1.1686935589087658e-06, 1.1507816403013535e-06, 1.1334637716665423e-06, 1.1162394555667835e-06, 1.0992344388355404e-06, 1.0825497835158548e-06, 1.0659444374194102e-06, 1.0497208350812368e-06, 1.0336369447667905e-06, 1.0177910857621856e-06, 1.0023085995827429e-06, 9.869064286453843e-07, 9.71627970789933e-07, 9.564551959529962e-07, 9.415494909507108e-07, 9.270122178070492e-07, 9.125545707355759e-07, 8.983722058646004e-07, 8.844838934871036e-07, 8.708563929013765e-07, 8.573331656650609e-07, 8.439931579801252e-07, 8.309360627579621e-07, 8.18021673964577e-07, 8.053351690594945e-07, 7.926934931142733e-07]
ndim2: 500
W_list: [3.0]
L_list: [65.72170309992086]
