R_list= [ 1  2  3  4  5  6  7  8  9 10 11 12 13 14 15 16 17 18 19 20 21 22 23 24
 25 26 27 28 29 30 31 32 33 34 35 36 37 38]
C_final_list= [9.956095476468253e-07, 9.499801002451084e-07, 9.036887543421398e-07, 8.582246230842879e-07, 8.142844707764108e-07, 7.722317433356298e-07, 7.320873766176567e-07, 6.940636941500276e-07, 6.576167912630462e-07, 6.229894558247506e-07, 5.902652340522997e-07, 5.58925064277875e-07, 5.291687410829501e-07, 5.006240892203749e-07, 4.7375602297183827e-07, 4.483090826680193e-07, 4.242046427682627e-07, 4.0121592278633363e-07, 3.7921433696788213e-07, 3.583135387192292e-07, 3.38668181082524e-07, 3.200628275907957e-07, 3.022736789779966e-07, 2.8538825839884555e-07, 2.694361695515422e-07, 2.543368685852097e-07, 2.400857384678384e-07, 2.265893104411832e-07, 2.1387647969590514e-07, 2.0187657461003272e-07, 1.9051163876027556e-07, 1.7970235929204392e-07, 1.6949161657114791e-07, 1.5985049405187874e-07, 1.507296635281748e-07, 1.4216542988930497e-07, 1.340975951428686e-07, 1.26454403682865e-07]
W_list: [7.0]
L_list: [18.235848815590884]
