R_list= [ 1  2  3  4  5  6  7  8  9 10 11 12 13 14 15 16 17 18 19 20 21 22 23 24
 25 26 27 28 29 30 31 32 33 34 35 36 37 38]
C_final_list= [8.245388494240279e-07, 7.469247082004282e-07, 6.728840235670323e-07, 6.056004048829099e-07, 5.443551481186777e-07, 4.887655988015767e-07, 4.383771373990118e-07, 3.935812877047326e-07, 3.530630270803303e-07, 3.166323174396126e-07, 2.839513056565503e-07, 2.54829932636069e-07, 2.2886435525943655e-07, 2.0522762956431145e-07, 1.8411451080799484e-07, 1.6489993125344323e-07, 1.4752664640731147e-07, 1.3185740279805418e-07, 1.178042688564804e-07, 1.053200283317107e-07, 9.411704189227159e-08, 8.409514636303495e-08, 7.503374667312987e-08, 6.688274716647015e-08, 5.9596385846490165e-08, 5.3095359438990765e-08, 4.7284991778575556e-08, 4.209058210932318e-08, 3.7414631110658025e-08, 3.3197393676227826e-08, 2.9490937428069738e-08, 2.6211098341695626e-08, 2.3318475322474363e-08, 2.073607759619363e-08, 1.8419169128527306e-08, 1.6355159892687382e-08, 1.4500887449677505e-08, 1.285332196866587e-08]
W_list: [7.6]
L_list: [9.248173262254761]
