R_list= [ 1  2  3  4  5  6  7  8  9 10 11 12 13 14 15 16 17 18 19 20 21 22 23 24
 25 26 27 28 29 30 31 32 33 34 35 36 37 38]
C_final_list= [1.5284773068230197e-07, 7.426714998729971e-08, 2.914540668879069e-08, 1.017189577993614e-08, 3.319461699188324e-09, 1.0411021791497552e-09, 3.184892976083286e-10, 9.584072493832694e-11, 2.84966784922946e-11, 8.441333404455844e-12, 2.50751930949856e-12, 7.505299081079752e-13, 2.2651976403190564e-13, 6.69805321379412e-14, 1.9911876511578755e-14, 6.156214293815056e-15, 2.169176683669215e-15, 9.653412431823523e-16, 4.785826218059121e-16, 2.179555328057137e-16, 7.968480013685077e-17, 2.2081529726749015e-17, 5.9734926494653544e-18, 1.5863153417733098e-18, 4.752636507471004e-19, 1.6108832562523814e-19, 5.927248952078417e-20, 1.9980709960556908e-20, 6.673581367581839e-21, 2.6651584949696273e-21, 1.2731353498634708e-21, 7.583526600184337e-22, 5.52716255788277e-22, 4.676835748210017e-22, 4.292606599784427e-22, 4.097717203035058e-22, 4.0409760731674055e-22, 4.0413065877475396e-22]
W_list: [5]
L_list: [1.242780458471899]
