C_list:
1.3011631393514458e-06 0.22044446750242697
ndim2: 500
W_list: [4.0]
L_list: [4.536289848095147]
