R_list= [ 1  2  3  4  5  6  7  8  9 10 11 12 13 14 15 16 17 18 19 20 21 22 23 24
 25 26 27 28 29 30 31 32 33 34 35 36 37 38]
C_final_list= [4.5066213002621677e-07, 4.129465632248618e-07, 3.7556683869810516e-07, 3.4050857284666987e-07, 3.076286927823357e-07, 2.7809572530536664e-07, 2.5123936395120755e-07, 2.269894219547432e-07, 2.05167291195458e-07, 1.8558743615757595e-07, 1.6766631191273317e-07, 1.512931126803132e-07, 1.3651181953224914e-07, 1.2312476606827812e-07, 1.1089596058436504e-07, 9.990544864499815e-08, 9.006678393223906e-08, 8.119226547834359e-08, 7.315080975891901e-08, 6.594816679514717e-08, 5.944389127727521e-08, 5.359767713085179e-08, 4.832378694937842e-08, 4.3561955959897525e-08, 3.9257509279624044e-08, 3.534894213713773e-08, 3.183842832898758e-08, 2.8660769066550853e-08, 2.579571491828694e-08, 2.3227684391771816e-08, 2.0872306328887797e-08, 1.87507684215741e-08, 1.6835919986978712e-08, 1.5099490436729297e-08, 1.3526865910372864e-08, 1.2129873903434225e-08, 1.0887582006665346e-08, 9.766512888109563e-09]
W_list: [7]
L_list: [9.893684620095154]
