C_final_list: [1.8206012381960284e-06, 1.7680161875410573e-06, 1.7164797757330871e-06, 1.6667021194100067e-06, 1.6185147523210386e-06, 1.5719517093569875e-06, 1.526851259412361e-06, 1.4824526926389173e-06, 1.4403205932702775e-06, 1.3992320577931155e-06, 1.3590709261648432e-06, 1.3200509815665279e-06, 1.2825095825213583e-06, 1.2459705174694088e-06, 1.2102998554831718e-06, 1.1755156380405417e-06, 1.1420018059807396e-06, 1.1093367999684184e-06, 1.0769222235375676e-06, 1.0461424754388425e-06, 1.0156658551486892e-06, 9.860318783613703e-07, 9.572900344397537e-07, 9.292414470131049e-07, 9.017579544535938e-07, 8.749076736771272e-07, 8.486546640810056e-07, 8.23631223769636e-07, 7.990333279322882e-07, 7.751292792240463e-07, 7.519689846702703e-07, 7.295101608530301e-07, 7.078752718869489e-07, 6.866981504371479e-07, 6.662064191101638e-07, 6.465778247813675e-07, 6.274271179004812e-07, 6.088634578919255e-07, 5.907239005270394e-07, 5.731385330024254e-07, 5.559651895520347e-07, 5.394829993077886e-07, 5.232209317704723e-07, 5.074495285579103e-07, 4.918773677995517e-07, 4.769231142782855e-07, 4.624297592691001e-07, 4.4826306324704564e-07, 4.345125679154868e-07, 4.211480809790523e-07]
ndim2: 500
W_list: [2.9499999999999997]
L_list: [33.79358073374881]
