C_final_list: [1.219697361025037e-06, 1.1539922963843227e-06, 1.0879144751731527e-06, 1.0259812440759828e-06, 9.675784635922691e-07, 9.120467366156748e-07, 8.595091494396307e-07, 8.096032457708477e-07, 7.629485747551316e-07, 7.188278307349672e-07, 6.772810515617752e-07, 6.38298481198037e-07, 6.012221168917266e-07, 5.659652342979896e-07, 5.331130736178379e-07, 5.019411608141153e-07, 4.730953930218117e-07, 4.456671225708255e-07, 4.197020607327969e-07, 3.948845189691892e-07, 3.7138055734502827e-07, 3.493785817362256e-07, 3.2866907286506904e-07, 3.090157185037085e-07, 2.9048163256961275e-07, 2.730765119876627e-07, 2.568232355532055e-07, 2.4123755723657544e-07, 2.2674031042748262e-07, 2.130215145872197e-07, 2.0023896109286685e-07, 1.8845909458550465e-07, 1.7723205331668774e-07, 1.6642420695874755e-07, 1.5621785317281206e-07]
ndim2: 500
W_list: [2.4000000000000004]
L_list: [16.70751974531694]
