R_list= [ 1  2  3  4  5  6  7  8  9 10 11 12 13 14 15 16 17 18 19 20 21 22 23 24
 25 26 27 28 29 30 31 32 33 34 35 36 37 38]
C_final_list= [9.455243822332868e-07, 8.278115514415433e-07, 7.272213440959351e-07, 6.36967974353635e-07, 5.576393616566215e-07, 4.887308621661075e-07, 4.2806930098893457e-07, 3.7430195575523523e-07, 3.2658922365409356e-07, 2.848336994712254e-07, 2.484430575031876e-07, 2.1670492511359538e-07, 1.8878214746300206e-07, 1.6435420628440573e-07, 1.4304708686087544e-07, 1.2418731373928643e-07, 1.0798970138028937e-07, 9.364265758719957e-08, 8.109741410283832e-08, 7.034470024357663e-08, 6.097262179087308e-08, 5.291612610882784e-08, 4.593541064464919e-08, 3.981029493086771e-08, 3.445585426100923e-08, 2.986238829409528e-08, 2.5922190799847326e-08, 2.2488830864483003e-08, 1.952189253536266e-08, 1.697318999112769e-08, 1.4690949748231998e-08, 1.272617357436703e-08, 1.1057719000167882e-08, 9.590331120535018e-09, 8.290618402194434e-09, 7.1671883702429635e-09, 6.1916950433312936e-09, 5.340179712787777e-09]
W_list: [6]
L_list: [7.424187251735407]
