R_list= [ 1  2  3  4  5  6  7  8  9 10 11 12 13 14 15 16 17 18 19 20 21 22 23 24
 25 26 27 28 29 30 31 32 33 34 35 36 37 38]
C_final_list= [1.2851848331217956e-06, 9.016350152045599e-07, 6.363500152166805e-07, 4.4806436694341996e-07, 3.139794222064382e-07, 2.2087618691032313e-07, 1.5448618105116735e-07, 1.0749080787553995e-07, 7.44278290768e-08, 5.113984463230366e-08, 3.565852365258539e-08, 2.4845884187775348e-08, 1.7212381590944524e-08, 1.1850659511001532e-08, 8.150332967913272e-09, 5.5289785202716665e-09, 3.746217621075342e-09, 2.5631915181906275e-09, 1.7342862921508756e-09, 1.1767465404698731e-09, 7.878584225968841e-10, 5.204174592472624e-10, 3.5031035299706857e-10, 2.3532592096140775e-10, 1.5802065741554281e-10, 1.0875458902745874e-10, 7.185390922831558e-11, 4.7305364726437473e-11, 3.1161612366959064e-11, 2.0425535470117534e-11, 1.3414531771119239e-11, 8.98558664698433e-12, 5.9910628884238074e-12, 4.122601260734268e-12, 2.8644723390722187e-12, 1.9748088330723016e-12, 1.35874030791812e-12, 9.311203016992398e-13]
W_list: [6.800000000000001]
L_list: [2.8330729046692444]
