C_final_list: [1.3416162485702913e-06, 1.2609818142798751e-06, 1.183842555409168e-06, 1.1104676014195425e-06, 1.0411208544623164e-06, 9.767177616234519e-07, 9.154134533327416e-07, 8.579003169894677e-07, 8.043575569076777e-07, 7.538645864403622e-07, 7.065138193001669e-07, 6.616673259493977e-07, 6.200022077639882e-07, 5.804632032480853e-07, 5.433836888018853e-07, 5.089242794347912e-07, 4.768996088436646e-07, 4.4646636763471874e-07, 4.1789793684678686e-07, 3.9122719519807747e-07, 3.6590182460141135e-07, 3.4217455387851245e-07, 3.198943104599257e-07, 2.986375602998689e-07, 2.788138931004631e-07, 2.6033604457306555e-07, 2.430996335451001e-07, 2.2680374863065807e-07, 2.1164943854946314e-07, 1.972320789445547e-07, 1.837497396266692e-07, 1.711146395396305e-07, 1.5941157747993607e-07, 1.4840422834796197e-07, 1.3823089211663243e-07, 1.286623507516941e-07, 1.1982392375296844e-07, 1.1156361744711462e-07, 1.0388425220606731e-07, 9.668789310202179e-08, 8.997913789952706e-08, 8.369859275594424e-08, 7.784946400822314e-08, 7.238926004008512e-08, 6.727182207009444e-08, 6.252769035681541e-08, 5.812156124286729e-08, 5.4060154731926925e-08, 5.0324310047686976e-08, 4.681727940757162e-08]
ndim2: 500
W_list: [3.8]
L_list: [15.16834336554576]
