C_final_list: [1.2591073924895229e-06, 1.194564773945754e-06, 1.1282162964276685e-06, 1.064147585423871e-06, 1.0042351580506796e-06, 9.472933659875841e-07, 8.927195556877488e-07, 8.419329381282364e-07, 7.944435030892429e-07, 7.48903067729838e-07, 7.062030256872811e-07, 6.658961262872748e-07, 6.277497657130971e-07, 5.914939393947591e-07, 5.576613962951982e-07, 5.25689609642137e-07, 4.950630592906015e-07, 4.6589335627216444e-07, 4.389767554536502e-07, 4.1306148937965655e-07, 3.886554140066996e-07, 3.657704345834556e-07, 3.441538421370739e-07, 3.239914223534472e-07, 3.0472305196531283e-07, 2.865595897108953e-07, 2.694200472416871e-07, 2.531785155706397e-07, 2.3764988291002547e-07, 2.2332241298984382e-07, 2.0982873287488945e-07, 1.9695137421611165e-07, 1.8494029785625137e-07, 1.736379844874745e-07, 1.6308737784064452e-07]
ndim2: 500
W_list: [2.4000000000000004]
L_list: [16.86674301931201]
