C_final_list: [1.2688856785603364e-06, 1.2020153799099079e-06, 1.1347386018567705e-06, 1.0707146997589824e-06, 1.010038952484621e-06, 9.513334109208151e-07, 8.967578382286013e-07, 8.445536361745221e-07, 7.956595724134775e-07, 7.49562260236111e-07, 7.06043773734669e-07, 6.656226988129278e-07, 6.275428128246528e-07, 5.917097879668767e-07, 5.579627811495752e-07, 5.262792261059117e-07, 4.960400721780219e-07, 4.674619282704106e-07, 4.400769976244927e-07, 4.142121306445104e-07, 3.895410489770663e-07, 3.661996149132358e-07, 3.445570642756177e-07, 3.2409593265945084e-07, 3.0483537579228495e-07, 2.865455740554809e-07, 2.6926324015564814e-07, 2.5313923766160906e-07, 2.3803311409498862e-07, 2.2367515409618395e-07, 2.1000429440965125e-07, 1.971882411055286e-07, 1.8513468615309527e-07, 1.7387033636051325e-07, 1.6335292708406288e-07]
ndim2: 500
W_list: [2.4000000000000004]
L_list: [16.785444804419885]
