C_final_list: [2.0434495395409203e-06, 1.8153197776544292e-06, 1.6095594044964684e-06, 1.4246123935541017e-06, 1.264029509158772e-06, 1.119741678317942e-06, 9.925023769232345e-07, 8.815883018905299e-07, 7.817238943755208e-07, 6.932332546665674e-07, 6.148966788236124e-07, 5.451940704333919e-07, 4.837324528037955e-07, 4.276452135055589e-07, 3.7713161127192114e-07, 3.3341502036234547e-07, 2.9432554454448426e-07, 2.5932840658541784e-07, 2.2861355963538167e-07, 2.009995134046197e-07, 1.7676062312401667e-07, 1.5552360440141696e-07, 1.365999083553276e-07, 1.2031444193159287e-07, 1.0554256847162333e-07, 9.301124263844501e-08, 8.16293350188271e-08, 7.177316463373499e-08, 6.301032795895664e-08, 5.5516510696966756e-08, 4.879410044247271e-08, 4.274028305819162e-08, 3.734203561335511e-08, 3.2502008618302954e-08, 2.8397560722644792e-08, 2.4816457884441925e-08, 2.1692797371834824e-08, 1.8995937022666393e-08, 1.662271228894037e-08, 1.4539133633485232e-08, 1.2705682255427392e-08, 1.1137016205769842e-08, 9.748580909614104e-09, 8.553768190325271e-09, 7.453490796116435e-09, 6.521803278710449e-09, 5.681213168612009e-09, 4.960272159785817e-09, 4.327266578836481e-09, 3.78437013038495e-09]
ndim2: 500
W_list: [2.9]
L_list: [8.243878095273532]
