C_list:
1.6093545895934856e-06 0.10101763819239237
ndim2: 500
W_list: [2.6]
L_list: [9.89926133588134]
