R_list= [ 1  2  3  4  5  6  7  8  9 10 11 12 13 14 15 16 17 18 19 20 21 22 23 24
 25 26 27 28 29 30 31 32 33 34 35 36 37 38]
C_final_list= [1.4006831827654223e-06, 1.2953714499873056e-06, 1.2101588583180464e-06, 1.1269879861827973e-06, 1.0504758984416944e-06, 9.787744099038107e-07, 9.127024950973825e-07, 8.50540189366386e-07, 7.919634678222813e-07, 7.369614381801306e-07, 6.860620703685134e-07, 6.380823333174648e-07, 5.936541716358832e-07, 5.52054777957981e-07, 5.132297248536205e-07, 4.768636924635767e-07, 4.4296212512422974e-07, 4.112760741489865e-07, 3.818818383172443e-07, 3.547116855792799e-07, 3.2940675794539526e-07, 3.0587809504218045e-07, 2.8400597381726966e-07, 2.6377995528873526e-07, 2.4479684245763226e-07, 2.2728840790349e-07, 2.10976712815447e-07, 1.9585393485931564e-07, 1.8169492010083738e-07, 1.6846062088716525e-07, 1.5620436629501225e-07, 1.4491164935230852e-07, 1.343939025917931e-07, 1.2465286544646658e-07, 1.1565570123285534e-07, 1.0713355935813469e-07, 9.928423885215491e-08, 9.203421954855818e-08]
W_list: [5]
L_list: [13.829383623440501]
