R_list= [ 1  2  3  4  5  6  7  8  9 10 11 12 13 14 15 16 17 18 19 20 21 22 23 24
 25 26 27 28 29 30 31 32]
C_final_list= [1.5643690181058612e-07, 8.524700960270496e-08, 4.181738810907933e-08, 1.972929361202388e-08, 9.133271350273575e-09, 4.172497890915709e-09, 1.8945244805605856e-09, 8.544848933195105e-10, 3.83224074261022e-10, 1.7008556869410848e-10, 7.517264165401178e-11, 3.29826165650275e-11, 1.4548226807549786e-11, 6.352306152589168e-12, 2.7019791188439915e-12, 1.1274019123325637e-12, 4.764916614785133e-13, 2.0162519267751732e-13, 8.411213646976836e-14, 3.541260998118649e-14, 1.5104176027311976e-14, 6.322058659229979e-15, 2.6979349925388123e-15, 1.156302072892609e-15, 4.750759551959803e-16, 2.0552670110756536e-16, 8.947243455638673e-17, 3.7812062974777184e-17, 1.618249233555032e-17, 7.211265887044276e-18, 3.0952126507477583e-18, 1.240175384900995e-18]
W_list: [6]
L_list: [1.5108527554465077]
