R_list= [ 1  2  3  4  5  6  7  8  9 10 11 12 13 14 15 16 17 18 19 20 21 22 23 24
 25 26 27 28 29 30 31 32 33 34 35 36 37 38]
C_final_list= [7.213873487125026e-06, 6.246450421020363e-06, 5.36046729009155e-06, 4.588086222414553e-06, 3.923118491764242e-06, 3.351215046284162e-06, 2.860417313391114e-06, 2.440364842895339e-06, 2.0814484979719755e-06, 1.7744991507642429e-06, 1.5115840712746212e-06, 1.2865456474973345e-06, 1.0957306692432705e-06, 9.332163342252036e-07, 7.948080121585555e-07, 6.767818438459958e-07, 5.761064344169142e-07, 4.905069759847329e-07, 4.176151049204588e-07, 3.5572843976493314e-07, 3.030481025601277e-07, 2.5810069104025035e-07, 2.1986273004136066e-07, 1.8731803708432045e-07, 1.5962526810007784e-07, 1.3600921835818359e-07, 1.1590246551392453e-07, 9.878889358570235e-08, 8.420523195426405e-08, 7.182699788034891e-08, 6.128090430689624e-08, 5.223920166499577e-08, 4.444981700737787e-08, 3.7798043017568624e-08, 3.20930608325169e-08, 2.725789808110772e-08, 2.3186481219537455e-08, 1.9736392741139778e-08]
W_list: [7.95]
L_list: [6.379986007527011]
