C_list:
1.959799350076211e-06 0.07654224145732078
ndim2: 500
W_list: [1.5999999999999999]
L_list: [13.064681422448158]
