C_list:
1.985660289013459e-06 0.10643740395160753
ndim2: 500
W_list: [2.0]
L_list: [9.395193445855337]
