R_list= [ 1  2  3  4  5  6  7  8  9 10 11 12 13 14 15 16 17 18 19 20 21 22 23 24
 25 26 27 28 29 30 31 32 33 34 35 36 37 38]
C_final_list= [4.3221295901559135e-07, 1.8760227924772465e-07, 6.626783882960257e-08, 2.108313379714308e-08, 6.3238629137262725e-09, 1.8506522073511614e-09, 5.315691588129614e-10, 1.5058805105758424e-10, 4.291925477997703e-11, 1.2221928052047174e-11, 3.3906577700979822e-12, 9.156986905561396e-13, 2.403259680095308e-13, 6.21512858471599e-14, 1.607669247059968e-14, 4.260794539162231e-15, 1.1238081362395827e-15, 3.0045954833568255e-16, 8.060091862457489e-17, 2.091963350647704e-17, 5.3700796351193426e-18, 1.3587085034458941e-18, 3.4197390641939427e-19, 8.724403545492902e-20, 2.2638074676991957e-20, 6.155348178254729e-21, 1.73451223272577e-21, 4.809975130117394e-22, 1.3628035366876271e-22, 3.9588752243527016e-23, 1.2253270472714752e-23, 4.632000941236897e-24, 2.4926871114271094e-24, 1.842777987887619e-24, 1.2740963775697444e-24, 8.23225617369608e-25, 6.573240835875661e-25, 5.722655052556499e-25]
W_list: [6]
L_list: [1.1116428524355846]
