R_list= [ 1  2  3  4  5  6  7  8  9 10 11 12 13 14 15 16 17 18 19 20 21 22 23 24
 25 26 27 28 29 30 31 32 33 34 35 36 37 38]
C_final_list= [4.4914884258119605e-07, 4.1227056825560037e-07, 3.755130065640833e-07, 3.4082255280229134e-07, 3.087087791802202e-07, 2.7950796962464427e-07, 2.527201954455819e-07, 2.285243917478336e-07, 2.067138168379789e-07, 1.869250485408481e-07, 1.688395790461688e-07, 1.5228852246974873e-07, 1.3740086597428788e-07, 1.2396745641270378e-07, 1.1179618739909043e-07, 1.0080295398280657e-07, 9.091822124906878e-08, 8.200405068370332e-08, 7.396590207523849e-08, 6.671325717874955e-08, 6.017884011716276e-08, 5.433405156297312e-08, 4.9050066654478635e-08, 4.426597851625402e-08, 3.990658299050177e-08, 3.597983461906669e-08, 3.244747364790959e-08, 2.9281087420058565e-08, 2.641620876612909e-08, 2.3797862544050514e-08, 2.141781337290874e-08, 1.9244133891196183e-08, 1.727087510870832e-08, 1.5476520151303708e-08, 1.3862234742705408e-08, 1.2419979865135894e-08, 1.1118487784027795e-08, 9.950320384389354e-09]
W_list: [7]
L_list: [9.976645173562588]
