R_list= [ 1  2  3  4  5  6  7  8  9 10 11 12 13 14 15 16 17 18 19 20 21 22 23 24
 25 26 27 28 29 30 31 32 33 34 35 36 37 38]
C_final_list= [2.334135605687379e-05, 1.932392549586095e-05, 1.58912848266026e-05, 1.3020867103553836e-05, 1.0645600382805716e-05, 8.706598899591003e-06, 7.120828276161156e-06, 5.817000350545832e-06, 4.744440580290705e-06, 3.8633874093320095e-06, 3.144855850181473e-06, 2.558674474047571e-06, 2.0838246293834914e-06, 1.696329309396584e-06, 1.3805517329874748e-06, 1.124463134462993e-06, 9.161047267392782e-07, 7.470437856630335e-07, 6.094319017898206e-07, 4.967107461682845e-07, 4.0468468154784215e-07, 3.2962544808940726e-07, 2.684652853741353e-07, 2.1861324148108067e-07, 1.780059900098134e-07, 1.449523395516863e-07, 1.1816036612296971e-07, 9.622311147629314e-08, 7.827534375141805e-08, 6.368347677224967e-08, 5.1806334891369836e-08, 4.2179249254291646e-08, 3.4382176410337593e-08, 2.8045485601401757e-08, 2.290085086654099e-08, 1.8636156399872895e-08, 1.519325987901053e-08, 1.2377441363568568e-08]
W_list: [8.0]
L_list: [5.009999151011359]
