C_final_list: [1.9346653576061244e-06, 1.8260564179147818e-06, 1.721670490885872e-06, 1.6239710029697728e-06, 1.5312242650716534e-06, 1.4443650242827553e-06, 1.3609900701159994e-06, 1.2818389210516326e-06, 1.206968619998728e-06, 1.1343587174229908e-06, 1.0672101074536531e-06, 1.0041757828927732e-06, 9.442267298462906e-07, 8.874512847515543e-07, 8.337747414070025e-07, 7.835900471778137e-07, 7.37088638630187e-07, 6.928913814006198e-07, 6.51357064707722e-07, 6.12304529031049e-07, 5.75579455483863e-07, 5.408511497161405e-07, 5.081883142818727e-07, 4.773594115097908e-07, 4.480818953406707e-07, 4.209977970815791e-07, 3.954464108334741e-07, 3.714719590628511e-07, 3.487869610429049e-07, 3.2731702147989683e-07, 3.070117776520752e-07, 2.878508058699065e-07, 2.7034341442565536e-07, 2.537387657150317e-07, 2.3810221174151188e-07, 2.2344616299775834e-07, 2.0974715829676365e-07, 1.970708240939931e-07, 1.8502319144190242e-07, 1.7374972162311407e-07, 1.6324904391119302e-07, 1.5317966126588726e-07, 1.4379351691864036e-07, 1.3488099482883474e-07, 1.2652944492657639e-07, 1.186942306596533e-07, 1.1153267988348546e-07, 1.0464248177873091e-07, 9.813505459984128e-08, 9.200457746591886e-08]
ndim2: 500
W_list: [2.9499999999999997]
L_list: [16.332599407416296]
