C_final_list: [1.7149678143360277e-06, 1.596257614838582e-06, 1.487360671010593e-06, 1.3809818190302287e-06, 1.2850695619782212e-06, 1.1969988147073874e-06, 1.11313432405145e-06, 1.0353400873226405e-06, 9.625913574378826e-07, 8.965479522832982e-07, 8.353412511808771e-07, 7.767730913487408e-07, 7.227122282013278e-07, 6.72875173663921e-07, 6.257879735869768e-07, 5.82576650132966e-07, 5.421157692828017e-07, 5.036523106082797e-07, 4.685180256078398e-07, 4.353380163187927e-07, 4.0476244869886716e-07, 3.767336555445409e-07, 3.4958113547717164e-07, 3.251107821338386e-07, 3.0223043406838876e-07, 2.811636584385289e-07, 2.6146085162893475e-07, 2.4288587830867586e-07, 2.2559055347356507e-07, 2.0932028250361687e-07, 1.9435731001330227e-07, 1.8033369108961963e-07, 1.6729051669746935e-07, 1.551745639869738e-07, 1.4387551144404237e-07]
ndim2: 500
W_list: [1.8]
L_list: [13.836842553103812]
