R_list= [ 1  2  3  4  5  6  7  8  9 10 11 12 13 14 15 16 17 18 19 20 21 22 23 24
 25 26 27 28 29 30 31 32 33 34 35 36 37 38]
C_final_list= [3.6343822128789275e-05, 2.3781250385563464e-05, 1.5473380653898046e-05, 1.0054563878337143e-05, 6.516271489906828e-06, 4.219434362379365e-06, 2.7391973248109527e-06, 1.7775482160555195e-06, 1.1534020363931919e-06, 7.470270723853197e-07, 4.844989254862493e-07, 3.147841922274643e-07, 2.040874597550051e-07, 1.3175749171474632e-07, 8.487274272212535e-08, 5.4697089279534804e-08, 3.522678276728691e-08, 2.2692927380132905e-08, 1.4703402416411876e-08, 9.570880561850917e-09, 6.204014328496287e-09, 4.0220084216762e-09, 2.5620380726888265e-09, 1.625459544109475e-09, 1.0308174986024326e-09, 6.436297366900658e-10, 4.0811556272230734e-10, 2.584346175750973e-10, 1.6417300233164388e-10, 1.0296719815850481e-10, 6.393115617313394e-11, 4.0351868887763076e-11, 2.544456401198916e-11, 1.6087880574979306e-11, 1.0143769640218193e-11, 6.35445133066623e-12, 3.914150082044297e-12, 2.389243061445672e-12]
W_list: [8.15]
L_list: [2.331387368135499]
