R_list= [ 1  2  3  4  5  6  7  8  9 10 11 12 13 14 15 16 17 18 19 20 21 22 23 24
 25 26 27 28 29 30 31 32 33 34 35 36 37 38]
C_final_list= [2.894129787682685e-07, 1.5827427681843547e-07, 7.711705301171895e-08, 3.5904537499632175e-08, 1.641483783841385e-08, 7.454797303644657e-09, 3.363408131545136e-09, 1.5137905333108854e-09, 6.783020009809745e-10, 3.0433457060988643e-10, 1.354929940394383e-10, 5.901787211435793e-11, 2.5391187565584607e-11, 1.0984764564606129e-11, 4.721989171170187e-12, 2.0198464540367526e-12, 8.495884541858209e-13, 3.560408702642325e-13, 1.4502356824104054e-13, 5.803569414819141e-14, 2.359011821120575e-14, 9.822628891979474e-15, 4.348726057870528e-15, 1.9797253795514777e-15, 8.909220193241536e-16, 3.868641715755175e-16, 1.730220977622908e-16, 7.908122543662828e-17, 3.6699564127435056e-17, 1.2813754429864186e-17, 4.771307460487437e-18, 1.936814736478619e-18, 6.86636459355409e-19, 2.0446285609032249e-19, 6.378341714073949e-20, 1.9073908965966338e-20, 6.03304316746479e-21, 2.1378021190737178e-21]
W_list: [6]
L_list: [1.5072692924756892]
