C_final_list: [1.910909485157503e-06, 1.7813013230949192e-06, 1.6556526181470163e-06, 1.5397724635425485e-06, 1.4332212608684838e-06, 1.3337289168475754e-06, 1.241998852471561e-06, 1.1553740268239619e-06, 1.0749348842776476e-06, 1.0003684011478022e-06, 9.308773601785759e-07, 8.659251198950933e-07, 8.055072848731096e-07, 7.48912436488571e-07, 6.961267950058105e-07, 6.472119995579647e-07, 6.013230063009579e-07, 5.585003861770847e-07, 5.187341193253636e-07, 4.814291747186316e-07, 4.465846250300014e-07, 4.137496106839791e-07, 3.8296136497869454e-07, 3.5465070097828045e-07, 3.286932093733892e-07, 3.043178366153117e-07, 2.816680809194088e-07, 2.606902829615969e-07, 2.4129418520431875e-07, 2.232261745503282e-07, 2.0660743709331798e-07, 1.9139226338118018e-07, 1.7702382753277493e-07, 1.6365947386439015e-07, 1.5100015657497705e-07, 1.3940105009749697e-07, 1.284955453583082e-07, 1.1852482923754876e-07, 1.093395276140507e-07, 1.008641674494579e-07, 9.302451045961217e-08, 8.579788837996562e-08, 7.909691504567909e-08, 7.304990394427895e-08, 6.732481988319408e-08, 6.20983021225695e-08, 5.724488707526206e-08, 5.2774682673775977e-08, 4.872385035428142e-08, 4.498211808497173e-08]
ndim2: 500
W_list: [3.2]
L_list: [13.62209487985353]
