R_list= [ 1  2  3  4  5  6  7  8  9 10 11 12 13 14 15 16 17 18 19 20 21 22 23 24
 25 26 27 28 29 30 31 32 33 34 35 36 37 38]
C_final_list= [8.962541590186311e-07, 6.901073832873842e-07, 5.427115064329451e-07, 4.2906939680418906e-07, 3.3806754413634636e-07, 2.665135291084487e-07, 2.0957767884741742e-07, 1.6455700600141058e-07, 1.288400782469458e-07, 1.0067444067392333e-07, 7.865553360985147e-08, 6.173442153337213e-08, 4.841834548786627e-08, 3.801092253892261e-08, 2.97341193654438e-08, 2.323037306338156e-08, 1.8158733880598218e-08, 1.4168127928594973e-08, 1.1114165085719083e-08, 8.757782929787788e-09, 6.9029998067052855e-09, 5.44062212778595e-09, 4.271937842420214e-09, 3.362427081709811e-09, 2.632271026870378e-09, 2.0617308901185727e-09, 1.6161782322033292e-09, 1.2589536077648474e-09, 9.83140815764437e-10, 7.68390822659133e-10, 6.000840780086871e-10, 4.705798058928808e-10, 3.70203166834484e-10, 2.9356529406368183e-10, 2.3113420180582604e-10, 1.81577204712343e-10, 1.4189990962116858e-10, 1.1004281711952427e-10]
W_list: [6]
L_list: [4.121040989635078]
