C_final_list: [2.015189100866649e-06, 1.9711224355803025e-06, 1.9275939678648933e-06, 1.8852908506199468e-06, 1.8446993546535756e-06, 1.8053624351671974e-06, 1.7672548625695265e-06, 1.7294662269204677e-06, 1.6922035934055696e-06, 1.6562972508360697e-06, 1.6209713629492367e-06, 1.586702766887629e-06, 1.552663844880887e-06, 1.5197479813694187e-06, 1.487271634813742e-06, 1.4557925473434262e-06, 1.4246516365136982e-06, 1.3940704004576463e-06, 1.3642293592098445e-06, 1.3350604884653724e-06, 1.3067500602216129e-06, 1.2788952833524539e-06, 1.2517178374483058e-06, 1.2248541795433026e-06, 1.198448627270162e-06, 1.1726281775665349e-06, 1.1471941658745108e-06, 1.1223177637582408e-06, 1.0977653014497994e-06, 1.0735705600062644e-06, 1.0500309027481746e-06, 1.0266264590900201e-06, 1.0037669303771367e-06, 9.813130276953174e-07, 9.594392449795501e-07, 9.37876626208482e-07, 9.168848356028704e-07, 8.962726444935536e-07, 8.761329282852128e-07, 8.565017796187371e-07, 8.374523910753627e-07, 8.187315669523962e-07, 8.003034238746296e-07, 7.819564849168953e-07, 7.641731436632868e-07, 7.466524638692933e-07, 7.296860178867196e-07, 7.131627726940167e-07, 6.968034023092248e-07, 6.806560458066308e-07]
ndim2: 500
W_list: [2.6]
L_list: [45.64666381788318]
