R_list= [ 1  2  3  4  5  6  7  8  9 10 11 12 13 14 15 16 17 18 19 20 21 22 23 24
 25 26 27 28 29 30 31 32 33 34 35 36 37 38]
C_final_list= [9.378687930350704e-07, 8.527105298308654e-07, 7.821644299707648e-07, 7.183829896128263e-07, 6.586209290027883e-07, 6.034753239069904e-07, 5.530366459947836e-07, 5.065104270456407e-07, 4.63896404740807e-07, 4.2505209524811865e-07, 3.8941497531133473e-07, 3.5650688510577073e-07, 3.2628803376721487e-07, 2.986053849235518e-07, 2.7315822831295355e-07, 2.498157571878289e-07, 2.2857185951340277e-07, 2.0919919403348883e-07, 1.9157542124550028e-07, 1.753375834024052e-07, 1.6034474299362874e-07, 1.4656673248562688e-07, 1.3394116727606913e-07, 1.2232866794137732e-07, 1.1174855535764016e-07, 1.0210551395605081e-07, 9.326533388653823e-08, 8.515566882361807e-08, 7.774242355110431e-08, 7.094522872957695e-08, 6.472345294867869e-08, 5.901794081024567e-08, 5.377592192507102e-08, 4.90061643042305e-08, 4.464907621629754e-08, 4.0660169603940076e-08, 3.7046917705659645e-08, 3.3770656908225805e-08]
W_list: [5]
L_list: [11.33702186156494]
