R_list= [ 1  2  3  4  5  6  7  8  9 10 11 12 13 14 15 16 17 18 19 20 21 22 23 24
 25 26 27 28 29 30 31 32 33 34 35 36 37 38]
C_final_list= [6.008256128246675e-06, 5.090876220647685e-06, 4.2640622463616805e-06, 3.5604083387058167e-06, 2.9628151229109143e-06, 2.462533991833949e-06, 2.044801968871171e-06, 1.6970635615181325e-06, 1.407671467916496e-06, 1.167294545784578e-06, 9.680315264729916e-07, 8.020543818279294e-07, 6.64295156689557e-07, 5.502251446262669e-07, 4.552452447934444e-07, 3.768691749089699e-07, 3.117742548031251e-07, 2.576076615061596e-07, 2.1296188504320964e-07, 1.7600994610826885e-07, 1.454981395540616e-07, 1.2041109131449252e-07, 9.972564307932685e-08, 8.242342683683754e-08, 6.808051753705308e-08, 5.6248450082089146e-08, 4.648231249178796e-08, 3.842988755289623e-08, 3.18042034395868e-08, 2.6362147169888325e-08, 2.1855740051241636e-08, 1.8167340076897415e-08, 1.5097635276475902e-08, 1.2542856025096124e-08, 1.0426279675650359e-08, 8.663226202338917e-09, 7.1834174314305385e-09, 5.943910291791688e-09]
W_list: [8.35]
L_list: [5.4867457317270825]
