R_list= [ 1  2  3  4  5  6  7  8  9 10 11 12 13 14 15 16 17 18 19 20 21 22 23 24
 25 26 27 28 29 30 31 32 33 34 35 36 37 38]
C_final_list= [7.227820550904847e-06, 6.254632947223184e-06, 5.368088376931896e-06, 4.5880446728949795e-06, 3.918782868581829e-06, 3.345086543820607e-06, 2.854674371662096e-06, 2.4335188233578306e-06, 2.0730540932359994e-06, 1.7652377954904529e-06, 1.5022251713396807e-06, 1.2787340492763255e-06, 1.0890034713917128e-06, 9.277452052112453e-07, 7.895766339226334e-07, 6.715672770042923e-07, 5.713365069639564e-07, 4.857182470581936e-07, 4.132590191767216e-07, 3.515941892353216e-07, 2.992835437725067e-07, 2.5423362128570143e-07, 2.1615337130811764e-07, 1.8375595081501047e-07, 1.5622440084419756e-07, 1.329089300438321e-07, 1.1321690364194824e-07, 9.662444314106259e-08, 8.257867417883484e-08, 7.058324742479483e-08, 6.023139922065134e-08, 5.138667521009687e-08, 4.3816417173580944e-08, 3.7366146540456643e-08, 3.180644305476381e-08, 2.703462938051541e-08, 2.2986678160669232e-08, 1.9545494891344602e-08]
W_list: [7.95]
L_list: [6.351212283955644]
