C_list:
8.973965392315273e-07 0.14406522533081717
ndim2: 500
W_list: [3.8000000000000003]
L_list: [6.941300356860572]
