C_final_list: [2.0826950553077423e-06, 1.971549393599372e-06, 1.8632456169676455e-06, 1.7610064770171266e-06, 1.6644252034871949e-06, 1.5727984216730548e-06, 1.4852385198987048e-06, 1.401676435800403e-06, 1.32246006841683e-06, 1.247889536003846e-06, 1.1776590071636095e-06, 1.1123249450276716e-06, 1.0499536569771935e-06, 9.912812563576592e-07, 9.359912850225179e-07, 8.840288757887798e-07, 8.345990139468256e-07, 7.877640989412014e-07, 7.43638534863454e-07, 7.018757345851837e-07, 6.620550515864108e-07, 6.250525772965266e-07, 5.901959319487279e-07, 5.564983891504566e-07, 5.249073296412274e-07, 4.949592098053621e-07, 4.6654552016770967e-07, 4.399698452145992e-07, 4.148470976414501e-07, 3.9067078086116703e-07, 3.6811125723353735e-07, 3.4678271853660405e-07, 3.2650624919041415e-07, 3.0731307624069056e-07, 2.8921438899768757e-07, 2.7232117642475857e-07, 2.564762330429053e-07, 2.416453399272973e-07, 2.2781316841028797e-07, 2.1462137634456976e-07, 2.0205763214346442e-07, 1.9014466649239647e-07, 1.7897024324110383e-07, 1.6848371620320354e-07, 1.5858616815220064e-07, 1.4921795299291713e-07, 1.4033107274558078e-07, 1.3201539594113858e-07, 1.241395631902916e-07, 1.1673745224616519e-07]
ndim2: 500
W_list: [2.8499999999999996]
L_list: [17.29004068303385]
