C_final_list: [1.308675786176436e-06, 1.2300034404391445e-06, 1.1527413033785191e-06, 1.0793325475080806e-06, 1.0103639356285273e-06, 9.454817685644288e-07, 8.85279468137776e-07, 8.28312771839112e-07, 7.750144895000735e-07, 7.251988700426954e-07, 6.782386243224225e-07, 6.339237812652341e-07, 5.92508322877156e-07, 5.538954067352062e-07, 5.177560050911634e-07, 4.833828476388528e-07, 4.5187406284280705e-07, 4.2254344086575376e-07, 3.94987615519779e-07, 3.691786922341114e-07, 3.451416902482802e-07, 3.2251032386637955e-07, 3.0129515899069925e-07, 2.813938285830917e-07, 2.6274651593580804e-07, 2.4537993415436997e-07, 2.2897889201827474e-07, 2.1368307035239505e-07, 1.994379909325897e-07, 1.860548056195168e-07, 1.7352569295100747e-07, 1.6192514386407457e-07, 1.5099342878947753e-07, 1.408732765451295e-07, 1.3139311707804997e-07, 1.225504754017412e-07, 1.1417569320811428e-07, 1.0646578917247459e-07, 9.917330057454205e-08, 9.241926739949891e-08, 8.610568727416054e-08, 8.02615812753383e-08, 7.484862500472078e-08, 6.981530259165823e-08, 6.51315890196546e-08, 6.067530405865698e-08, 5.6572092786153945e-08, 5.2789572400612856e-08, 4.924838334535976e-08, 4.591923457060093e-08]
ndim2: 500
W_list: [3.8]
L_list: [14.88017560276775]
