R_list= [ 1  2  3  4  5  6  7  8  9 10 11 12 13 14 15 16 17 18 19 20 21 22 23 24
 25 26 27 28 29 30 31 32 33 34 35 36 37 38]
C_final_list= [5.774169512040705e-07, 4.769074753803247e-07, 3.920360327451762e-07, 3.2264440321225033e-07, 2.642226268640365e-07, 2.165898602988947e-07, 1.7730488406817523e-07, 1.4505396204818597e-07, 1.1890181080657397e-07, 9.713718758522434e-08, 7.942285781184341e-08, 6.475056517709935e-08, 5.282117080984626e-08, 4.3051396856584905e-08, 3.5218145906470276e-08, 2.880152715442103e-08, 2.3583860761652856e-08, 1.9267770585638262e-08, 1.56942799734781e-08, 1.2777631592496066e-08, 1.0380330414848468e-08, 8.414607241685208e-09, 6.839943509294275e-09, 5.571880439066484e-09, 4.540537848237296e-09, 3.6864375465543105e-09, 2.980056596916559e-09, 2.4034668201158794e-09, 1.933210987306683e-09, 1.554988973826249e-09, 1.248521571834235e-09, 1.002270633926526e-09, 8.073418249316629e-10, 6.50907395984047e-10, 5.248538396933147e-10, 4.2494796124445454e-10, 3.4365113775628345e-10, 2.8031661146921087e-10]
W_list: [7]
L_list: [5.051404775419984]
