C_list:
1.3436035671917183e-06 0.01710510476894417
ndim2: 500
W_list: [1.7999999999999998]
L_list: [58.462079800621176]
