R_list= [ 1  2  3  4  5  6  7  8  9 10 11 12 13 14 15 16 17 18 19 20 21 22 23 24
 25 26 27 28 29 30 31 32 33 34 35 36 37 38]
C_final_list= [4.0375901125448403e-07, 3.521051433256897e-07, 3.03582425230818e-07, 2.605958511061547e-07, 2.2311148966326803e-07, 1.9057175617963648e-07, 1.6282193973867725e-07, 1.3887104321560048e-07, 1.1823964639213853e-07, 1.0063872533454801e-07, 8.550277904608029e-08, 7.263102862478927e-08, 6.169708691043321e-08, 5.231545684975639e-08, 4.42924853234736e-08, 3.744332631013812e-08, 3.168402650207888e-08, 2.6726236654897337e-08, 2.257123280090527e-08, 1.9065704205987393e-08, 1.6095882624753244e-08, 1.358058997420117e-08, 1.1445465733388962e-08, 9.626446012921714e-09, 8.10901255051548e-09, 6.822977306337206e-09, 5.731092606805096e-09, 4.828567718945784e-09, 4.058644179143282e-09, 3.4080587790256584e-09, 2.857402878296881e-09, 2.4000257227237523e-09, 2.018120995575636e-09, 1.6976397085094781e-09, 1.4236217160847975e-09, 1.1940395046270877e-09, 1.0020553888825717e-09, 8.402524177052463e-10]
W_list: [8.2]
L_list: [6.398085493395972]
