R_list= [ 1  2  3  4  5  6  7  8  9 10 11 12 13 14 15 16 17 18 19 20 21 22 23 24
 25 26 27 28 29 30 31 32 33 34 35 36 37 38]
C_final_list= [9.614144426427986e-07, 8.471774035080146e-07, 7.463839739464835e-07, 6.566845284302055e-07, 5.776541129655457e-07, 5.069887300644107e-07, 4.454363231340211e-07, 3.9078777637164185e-07, 3.427138368690597e-07, 3.00211645910532e-07, 2.6333516890128967e-07, 2.3081487967316488e-07, 2.0234515415859454e-07, 1.772600911596138e-07, 1.5508174787298177e-07, 1.3570369562582245e-07, 1.186830982849039e-07, 1.0362837314410862e-07, 9.027320121217621e-08, 7.850750233054914e-08, 6.823208199387903e-08, 5.934637200515443e-08, 5.1591416275053616e-08, 4.4916621473379324e-08, 3.917455898493663e-08, 3.4153186046040636e-08, 2.974399018373964e-08, 2.5875903101861292e-08, 2.251507154661643e-08, 1.963211908216125e-08, 1.7087894267542457e-08, 1.4883483195444334e-08, 1.2949715568653535e-08, 1.1256344806889105e-08, 9.812897704658366e-09, 8.54239885372328e-09, 7.4244910881104725e-09, 6.4568337625857775e-09]
W_list: [6]
L_list: [7.6619268285145115]
