C_final_list: [2.1764994956058503e-06, 1.8997489111327253e-06, 1.7853525866123424e-06, 1.6098350077576772e-06, 1.456699909483832e-06, 1.32638063388663e-06, 1.2032723206002113e-06, 1.090248857190913e-06, 9.906358101581474e-07, 9.010993972059523e-07, 8.186195311690397e-07, 7.409756035785494e-07, 6.714211901419488e-07, 6.086766624570055e-07, 5.525518683262812e-07, 5.017700763724623e-07, 4.5414311512433166e-07, 4.107126490912545e-07, 3.7159592386300306e-07, 3.350149290326835e-07, 3.031190873666011e-07, 2.7386541466311593e-07, 2.4667013529763836e-07, 2.2278825681195623e-07, 2.0140285903148473e-07, 1.8152478549807096e-07, 1.6343399190077142e-07, 1.4690218831235242e-07, 1.325004556805416e-07, 1.1928378723930234e-07, 1.0751917773516964e-07, 9.664945338742088e-08, 8.668624156452475e-08, 7.787297420850048e-08, 7.003343150161288e-08]
ndim2: 500
W_list: [1.0]
L_list: [10.237171838181446]
