C_list:
1.6074217038510345e-06 0.11453598243745328
ndim2: 500
W_list: [2.8]
L_list: [8.730880712933056]
