C_final_list: [2.0102755909663657e-06, 1.8976732903525331e-06, 1.7863689157478578e-06, 1.6813892817459301e-06, 1.5832425657371563e-06, 1.488886926112519e-06, 1.4015363500640264e-06, 1.319041810379007e-06, 1.2414687904753616e-06, 1.1685190185646303e-06, 1.0995159904859631e-06, 1.033795918202813e-06, 9.72310308003585e-07, 9.149785656430673e-07, 8.602383584853349e-07, 8.089187275262524e-07, 7.601461071378576e-07, 7.14501206420248e-07, 6.711132148090094e-07, 6.307218828808496e-07, 5.926376174195776e-07, 5.572484384748769e-07, 5.23564100011495e-07, 4.9209363849655e-07, 4.6223489267394805e-07, 4.342480347179644e-07, 4.076872713667914e-07, 3.8256115672680045e-07, 3.591585180783709e-07, 3.3711679395963243e-07, 3.167603693329532e-07, 2.9737402619430175e-07, 2.7930816458294664e-07, 2.6206661997906816e-07, 2.458800880054444e-07, 2.3070534003166788e-07, 2.1646473517037098e-07, 2.0307793455238344e-07, 1.9053490893634944e-07, 1.7851859227977484e-07, 1.6737288971387613e-07, 1.5699006517753948e-07, 1.4723755535883827e-07, 1.3809517924378962e-07, 1.2946225645798828e-07, 1.214037714088638e-07, 1.138031676852735e-07, 1.068075578772308e-07, 1.0006347588464227e-07, 9.388200504810314e-08]
ndim2: 500
W_list: [2.9499999999999997]
L_list: [16.249844514889535]
