R_list= [ 1  2  3  4  5  6  7  8  9 10 11 12 13 14 15 16 17 18 19 20 21 22 23 24
 25 26 27 28 29 30 31 32 33 34 35 36 37 38]
C_final_list= [2.071120659802551e-06, 2.017322761025872e-06, 1.968923796485856e-06, 1.9219762894080525e-06, 1.8766800002030578e-06, 1.8318340680045912e-06, 1.7885330078799318e-06, 1.7463196586746997e-06, 1.7049019685502135e-06, 1.6638706042713262e-06, 1.6244043383285913e-06, 1.585409308697663e-06, 1.5469405873109247e-06, 1.5093519398807387e-06, 1.4729650936774544e-06, 1.4374516419111974e-06, 1.4024918045597224e-06, 1.3685836807711909e-06, 1.3354206949301396e-06, 1.3032497100654015e-06, 1.2720996805607377e-06, 1.2414543253477154e-06, 1.2112203333095013e-06, 1.1817047300260095e-06, 1.1528203239361547e-06, 1.1244141318327961e-06, 1.0964772293369805e-06, 1.0693490775462305e-06, 1.0427327915835246e-06, 1.016823518379102e-06, 9.91533178343081e-07, 9.66908548010842e-07, 9.42833246736725e-07, 9.195743659227856e-07, 8.966958140265593e-07, 8.747429525171948e-07, 8.532414120024418e-07, 8.3226199715413e-07]
W_list: [4]
L_list: [40.80040462435023]
