C_final_list: [2.3084295117818557e-06, 2.229984633061458e-06, 2.1516164560205916e-06, 2.075665568671313e-06, 2.0031826699985996e-06, 1.9328937425078163e-06, 1.8650428063056116e-06, 1.8001760925770298e-06, 1.7374581303528526e-06, 1.6770654916464832e-06, 1.617465988953965e-06, 1.5604589495296277e-06, 1.5050724758879715e-06, 1.4520003988390755e-06, 1.3997405712048926e-06, 1.3500756099306054e-06, 1.3018172272029204e-06, 1.2547085434084503e-06, 1.2099346354226476e-06, 1.1666525630130877e-06, 1.1249589468188447e-06, 1.084896209263646e-06, 1.0459033161513053e-06, 1.0081005531173453e-06, 9.715352427120028e-07, 9.36306322935999e-07, 9.022253949966322e-07, 8.68971239216705e-07, 8.370594280385145e-07, 8.060896136089803e-07, 7.763409146475686e-07, 7.479243733569721e-07, 7.207286041509948e-07, 6.941504418529728e-07, 6.686232301677868e-07]
ndim2: 500
W_list: [2.0]
L_list: [27.60378337544371]
