C_final_list: [1.7585939591117977e-06, 1.4598497784467687e-06, 1.2140594837223095e-06, 1.0028825978391926e-06, 8.285996331480684e-07, 6.854824262026592e-07, 5.687491682748877e-07, 4.7007751810688776e-07, 3.893165411084556e-07, 3.2238828793896635e-07, 2.669639007743812e-07, 2.2106825313965887e-07, 1.8304531068218572e-07, 1.5064776786495184e-07, 1.2452213831677312e-07, 1.0340267133468547e-07, 8.509446147414153e-08, 7.007757842154883e-08, 5.785751161052994e-08, 4.766901928508893e-08, 3.912233807196952e-08, 3.205112892469414e-08, 2.6371108137899812e-08, 2.1521337740470306e-08, 1.7667920036027124e-08, 1.4459003827967126e-08, 1.1826243080970461e-08, 9.700754582169266e-09, 7.889020283247847e-09, 6.439775964537098e-09, 5.258569908671198e-09, 4.296527288596853e-09, 3.512941458384175e-09, 2.8664365089265957e-09, 2.3548848080380258e-09]
ndim2: 500
W_list: [3.6]
L_list: [5.298987748177988]
