C_final_list: [1.54708584817436e-06, 1.3875761188703306e-06, 1.2415847765943757e-06, 1.1107651321698267e-06, 9.933528611099829e-07, 8.89178513225774e-07, 7.964777392271758e-07, 7.124222932304726e-07, 6.373389033901783e-07, 5.702347003706628e-07, 5.107012613252806e-07, 4.557778995229317e-07, 4.066242837792773e-07, 3.63537726767021e-07, 3.2455053507805166e-07, 2.8994419865186464e-07, 2.584141034629432e-07, 2.2995205168470493e-07, 2.051459355723527e-07, 1.8311890147027306e-07, 1.633170068286483e-07, 1.4576001053596284e-07, 1.299401427449216e-07, 1.1602824782588752e-07, 1.0364730797173994e-07, 9.244127159175085e-08, 8.243289265404346e-08, 7.356806757549452e-08, 6.554007016729064e-08, 5.8335792474213824e-08, 5.181695128790162e-08, 4.6132865359236295e-08, 4.095354305899506e-08, 3.637058889132566e-08, 3.223463589319278e-08, 2.8583325227381987e-08, 2.530977630179493e-08, 2.2469263217578417e-08, 2.0027520117676284e-08, 1.7828120748607842e-08, 1.5927314878565084e-08, 1.4175131534322245e-08, 1.261526306794632e-08, 1.122286796554182e-08, 9.965128019498083e-09, 8.83467036266678e-09, 7.84217845734986e-09, 6.93922610219681e-09, 6.147552524987865e-09, 5.4526752264382e-09]
ndim2: 500
W_list: [3.8]
L_list: [8.935824955714148]
