R_list= [ 1  2  3  4  5  6  7  8  9 10 11 12 13 14 15 16 17 18 19 20 21 22 23 24
 25 26 27 28 29 30 31 32 33 34 35 36 37 38]
C_final_list= [1.0505677961256502e-06, 8.517149555029523e-07, 6.988123011091984e-07, 5.809512684966037e-07, 4.828129142586373e-07, 4.0001592198310136e-07, 3.319217512356354e-07, 2.7523167137763994e-07, 2.278565069762931e-07, 1.884709743118373e-07, 1.557086626723528e-07, 1.2864704579072744e-07, 1.063280121245773e-07, 8.773522047238149e-08, 7.231074123579262e-08, 5.960823041796597e-08, 4.913832318747319e-08, 4.0438621726359827e-08, 3.318250181905162e-08, 2.7152322632368895e-08, 2.224446105269826e-08, 1.8274684916549866e-08, 1.501082284977381e-08, 1.231540222454409e-08, 1.0105814013245423e-08, 8.279135000485093e-09, 6.769673757109998e-09, 5.527019150771706e-09, 4.520670677256007e-09, 3.69856489025593e-09, 3.022487264060984e-09, 2.4590717210139254e-09, 1.9961618508131504e-09, 1.6195388148277433e-09, 1.3138481347401073e-09, 1.0683072780435153e-09, 8.685061853894278e-10, 7.038034203789961e-10]
W_list: [5]
L_list: [5.230172043320888]
