C_final_list: [2.069032523124073e-06, 1.8472122933935346e-06, 1.6433649945632107e-06, 1.4619269687635019e-06, 1.299530575176805e-06, 1.1566782280372344e-06, 1.0270790875406625e-06, 9.140920459148574e-07, 8.15394710355557e-07, 7.270045146534584e-07, 6.454316025867213e-07, 5.750604296749136e-07, 5.106268508526143e-07, 4.5388497612743556e-07, 4.031193846468347e-07, 3.583930896614144e-07, 3.184561711476612e-07, 2.8293873642842004e-07, 2.5175803743644553e-07, 2.2371062284933708e-07, 1.9905806531663347e-07, 1.7700769434498955e-07, 1.5759809135054595e-07, 1.4025759913619126e-07, 1.2480205183863407e-07, 1.1150519017657605e-07, 9.933401835772647e-08, 8.832789195659234e-08, 7.838668078458694e-08, 6.952565741601299e-08, 6.151019839528767e-08, 5.43797068201018e-08, 4.806907678558491e-08, 4.252069477470546e-08, 3.7674944355944215e-08, 3.3333877255315685e-08, 2.9469878659164596e-08, 2.6035606750772456e-08, 2.3039270537276733e-08, 2.0391291248016733e-08, 1.8072821874111633e-08, 1.6015062413205186e-08, 1.411921960427393e-08, 1.2421117262678476e-08, 1.0982296291960702e-08, 9.66794594284478e-09, 8.531355587994558e-09, 7.549407054512391e-09, 6.697192076335619e-09, 5.90783618958546e-09]
ndim2: 500
W_list: [2.8]
L_list: [8.552551155914621]
