R_list= [ 1  2  3  4  5  6  7  8  9 10 11 12 13 14 15 16 17 18 19 20 21 22 23 24
 25 26 27 28 29 30 31 32 33 34 35 36 37 38]
C_final_list= [2.0025432158409768e-05, 1.612716375103194e-05, 1.285719004827979e-05, 1.0213574252326665e-05, 8.094347678404461e-06, 6.414880696202395e-06, 5.0795825192060165e-06, 4.016762160283657e-06, 3.176359507933063e-06, 2.513817526205345e-06, 1.989078820117801e-06, 1.5748586958660621e-06, 1.2462656100304676e-06, 9.854399089892242e-07, 7.777898207857172e-07, 6.139837888098467e-07, 4.844338231578036e-07, 3.8227657798419885e-07, 3.0178443556944785e-07, 2.3829386341153835e-07, 1.8829015275926445e-07, 1.4877891947931028e-07, 1.175477630952639e-07, 9.28615703212571e-08, 7.336087870423981e-08, 5.792777775414081e-08, 4.5847295292300924e-08, 3.627636015614387e-08, 2.866580847208588e-08, 2.2547139342897246e-08, 1.7668417381651043e-08, 1.3842318673870306e-08, 1.0856707898736058e-08, 8.494645574480989e-09, 6.639324937843818e-09, 5.1960059846717445e-09, 4.074791747294941e-09, 3.185637065549339e-09]
W_list: [8.4]
L_list: [4.3584571473111895]
