R_list= [ 1  2  3  4  5  6  7  8  9 10 11 12 13 14 15 16 17 18 19 20 21 22 23 24
 25 26 27 28 29 30 31 32 33 34 35 36 37 38]
C_final_list= [2.7244533811898926e-06, 2.1358594038526365e-06, 1.6538386546158008e-06, 1.2773912626636233e-06, 9.810809148522727e-07, 7.553269522435009e-07, 5.813480093696298e-07, 4.4747965366144283e-07, 3.4398354100076674e-07, 2.64738507016795e-07, 2.0340734877892926e-07, 1.5612395000169892e-07, 1.1977171379515444e-07, 9.169997572464335e-08, 7.011859952213247e-08, 5.3359118393019264e-08, 4.06594101124401e-08, 3.0916401059428185e-08, 2.356729681105036e-08, 1.798715181408082e-08, 1.3742276282988071e-08, 1.0478497904138166e-08, 7.993868943862153e-09, 6.086239946112227e-09, 4.627958357427354e-09, 3.518430687504393e-09, 2.6737817616101292e-09, 2.03986362573172e-09, 1.5421549898038868e-09, 1.1595519755537736e-09, 8.654492161506334e-10, 6.493590994191875e-10, 4.853291350056088e-10, 3.6595379898128916e-10, 2.725761782701002e-10, 2.0235727561168385e-10, 1.5083546774734664e-10, 1.1191447716477454e-10]
W_list: [8.8]
L_list: [3.8835971929449156]
