C_final_list: [1.4450948975059037e-06, 1.4190548853144064e-06, 1.3937906447567825e-06, 1.367648483493908e-06, 1.342769160228502e-06, 1.3185651324273968e-06, 1.295151935803698e-06, 1.2717927487335354e-06, 1.24919576360411e-06, 1.226849994754614e-06, 1.20464625732346e-06, 1.1829431388767428e-06, 1.1615090991944395e-06, 1.1404260143804252e-06, 1.1195723673862446e-06, 1.0990528598565015e-06, 1.07890474927497e-06, 1.0592789510967353e-06, 1.0397099666703818e-06, 1.0205446656677884e-06, 1.0018245866848428e-06, 9.833346869152968e-07, 9.653403897668536e-07, 9.477570300959534e-07, 9.302409849763608e-07, 9.130211276832227e-07, 8.959100590019249e-07, 8.792930056738363e-07, 8.629165041394528e-07, 8.467235468802924e-07, 8.305581299197509e-07, 8.147274988462737e-07, 7.990238324299911e-07, 7.83716058662689e-07, 7.686570674720969e-07]
ndim2: 500
W_list: [1.8]
L_list: [54.175940624641285]
