R_list= [ 1  2  3  4  5  6  7  8  9 10 11 12 13 14 15 16 17 18 19 20 21 22 23 24
 25 26 27 28 29 30 31 32 33 34 35 36 37 38]
C_final_list= [6.022760642573293e-07, 3.1280963711783034e-07, 1.4452293799092432e-07, 6.408297987963351e-08, 2.7843770367984498e-08, 1.2016394747216005e-08, 5.129646114132044e-09, 2.1768612775403427e-09, 9.270060023791639e-10, 3.9945812705627004e-10, 1.7200347207437056e-10, 7.333031897847424e-11, 3.032525020558898e-11, 1.2339528828600295e-11, 4.856676708482188e-12, 1.94299234943194e-12, 7.919351367309647e-13, 3.3101037382096514e-13, 1.41233171073014e-13, 6.074877304290412e-14, 2.5229043515250807e-14, 1.0426127750336398e-14, 4.190036824827456e-15, 1.611429955787944e-15, 6.065017849777596e-16, 2.3242449843375963e-16, 9.688998020677813e-17, 4.8109188822324615e-17, 3.440449323093541e-17, 3.455987603391452e-17, 3.257986297208839e-17, 2.855067534553038e-17, 1.3303105854921595e-17, 4.0108692104501434e-18, 1.0074874098532532e-18, 2.2453037356597774e-19, 4.3220478682284196e-20, 9.239889213500865e-21]
W_list: [6]
L_list: [1.4089155078136886]
