R_list= [ 1  2  3  4  5  6  7  8  9 10 11 12 13 14 15 16 17 18 19 20 21 22 23 24
 25 26 27 28 29 30 31 32 33 34 35 36 37 38]
C_final_list= [6.2945971218040095e-06, 5.373549779409167e-06, 4.540050195490864e-06, 3.815085456924953e-06, 3.1992248793018007e-06, 2.679614801306086e-06, 2.245198971645336e-06, 1.879872480824209e-06, 1.5739762825070143e-06, 1.3167015869861885e-06, 1.1011229445274594e-06, 9.205422775232497e-07, 7.694079215351229e-07, 6.430738587744383e-07, 5.370738189635133e-07, 4.4823011827636783e-07, 3.7417201677013244e-07, 3.1235872798981127e-07, 2.6064849958164493e-07, 2.1759373191876514e-07, 1.8168155810013225e-07, 1.5168266727133558e-07, 1.2654295953487034e-07, 1.0555959206237338e-07, 8.80165988265771e-08, 7.339606441806761e-08, 6.116441789442047e-08, 5.094967424129825e-08, 4.2450688715596423e-08, 3.536903780804931e-08, 2.9430764861944173e-08, 2.446749937034176e-08, 2.0332002919199642e-08, 1.6886832410239567e-08, 1.4022946930365202e-08, 1.1634865118850938e-08, 9.646678057968988e-09, 7.998143746616416e-09]
W_list: [8.25]
L_list: [5.734392246868504]
