R_list= [ 1  2  3  4  5  6  7  8  9 10 11 12 13 14 15 16 17 18 19 20 21 22 23 24
 25 26 27 28 29 30 31 32 33 34 35 36 37 38]
C_final_list= [8.079778675859491e-07, 7.103804288642432e-07, 6.299013893261705e-07, 5.56784757403753e-07, 4.917443633634774e-07, 4.33639424876526e-07, 3.817451620815313e-07, 3.363180599003454e-07, 2.959894451297704e-07, 2.6041737995060085e-07, 2.2881475990851984e-07, 2.0102442261957833e-07, 1.765150704745159e-07, 1.5475169402823268e-07, 1.355917372866638e-07, 1.1882656595891865e-07, 1.0431844906298259e-07, 9.158620261166045e-08, 8.02433326153781e-08, 7.015747577002704e-08, 6.133214356414587e-08, 5.373494829494073e-08, 4.6978495250586685e-08, 4.0999192445544694e-08, 3.5722315977919554e-08, 3.116984485926568e-08, 2.7154183481471356e-08, 2.363804997359979e-08, 2.0618644247236768e-08, 1.7999551215506088e-08, 1.573427226069803e-08, 1.3736757894753261e-08, 1.1970289086536086e-08, 1.0412917305063059e-08, 9.048240793114256e-09, 7.856837622664014e-09, 6.830380801237019e-09, 5.938388098561333e-09]
W_list: [6]
L_list: [7.859773656545656]
