R_list= [ 1  2  3  4  5  6  7  8  9 10 11 12 13 14 15 16 17 18 19 20 21 22 23 24
 25 26 27 28 29 30 31 32 33 34 35 36 37 38]
C_final_list= [3.591612982391379e-07, 3.1322122629901544e-07, 2.7005605885830454e-07, 2.316926620825598e-07, 1.9846455796399221e-07, 1.6991018807698242e-07, 1.4554789886244649e-07, 1.2458124358903164e-07, 1.066338693755286e-07, 9.119995973285245e-08, 7.786517578694574e-08, 6.64112750095678e-08, 5.656995856154925e-08, 4.806867063275397e-08, 4.0812440894030964e-08, 3.4668325701541986e-08, 2.9537440920499043e-08, 2.5191004631307663e-08, 2.1469176319683047e-08, 1.8289284622225417e-08, 1.5559674627022403e-08, 1.3205341643268926e-08, 1.1211865145920764e-08, 9.5273233847725e-09, 8.09723489881993e-09, 6.889614143207369e-09, 5.852670402061096e-09, 4.981081334788247e-09, 4.238625608750894e-09, 3.6008301151302587e-09, 3.0550279414675076e-09, 2.58707103517672e-09, 2.1844815252144192e-09, 1.843883119584533e-09, 1.5581056323076857e-09, 1.3143878946963444e-09, 1.1110874541690361e-09, 9.403310869654289e-10]
W_list: [7.6000000000000005]
L_list: [6.489208291922178]
