C_final_list: [1.7590453734590732e-06, 1.464479938736445e-06, 1.2138796395982658e-06, 1.0054578661024952e-06, 8.38019704722496e-07, 6.963904482071006e-07, 5.780942809074992e-07, 4.795143252491274e-07, 3.972692726540166e-07, 3.286628775910436e-07, 2.7167880833753635e-07, 2.2334971849929321e-07, 1.8446322102045943e-07, 1.5208806351710527e-07, 1.2487518386625076e-07, 1.0270024968937635e-07, 8.406118115740069e-08, 6.881152831805518e-08, 5.645776640094659e-08, 4.6284547897441074e-08, 3.7939666990502965e-08, 3.128412405991307e-08, 2.5824927660761466e-08, 2.1283475705998198e-08, 1.75465384733744e-08, 1.4554160327479983e-08, 1.1962877778284949e-08, 9.864580835229086e-09, 8.075899737808272e-09, 6.618273129888334e-09, 5.409971389430419e-09, 4.3878859044301405e-09, 3.5787891703046717e-09, 2.918442495110946e-09, 2.387885463289853e-09]
ndim2: 500
W_list: [3.6]
L_list: [5.345037328125319]
