R_list= [ 1  2  3  4  5  6  7  8  9 10 11 12 13 14 15 16 17 18 19 20 21 22 23 24
 25 26 27 28 29 30 31 32 33 34 35 36 37 38]
C_final_list= [4.034584754454654e-07, 1.6437994077253348e-07, 5.294654723552038e-08, 1.5096859830904905e-08, 4.041512197144925e-09, 1.049660234299796e-09, 2.6832386591547497e-10, 6.787603055106028e-11, 1.7588403593392898e-11, 4.8951508466155456e-12, 1.4886436347373697e-12, 5.342402690463018e-13, 2.2311945113201742e-13, 8.139836188706447e-14, 2.707947009772111e-14, 7.545150910051886e-15, 1.9478238311549333e-15, 4.719682885040557e-16, 1.1150846738917475e-16, 2.609612748385266e-17, 6.358052173066474e-18, 1.538981593871919e-18, 3.879420679541845e-19, 1.0191502210047276e-19, 2.798391018114861e-20, 8.603955669886652e-21, 3.2383798232337826e-21, 1.6660918355737486e-21, 1.0923609222294115e-21, 8.624274253750974e-22, 7.833014820561364e-22, 7.773832165702778e-22, 7.877256223131408e-22, 7.847594692353652e-22, 7.635433648788942e-22, 7.407540367552251e-22, 7.140131967936957e-22, 6.807932291660631e-22]
W_list: [6]
L_list: [1.039360196703419]
