C_final_list: [2.2159712939767476e-06, 2.0105428708651335e-06, 1.8151040910184328e-06, 1.6437266116269133e-06, 1.4870895699472267e-06, 1.3442668045763225e-06, 1.2132335636919446e-06, 1.0965281324862117e-06, 9.928760089423151e-07, 8.977210804985842e-07, 8.118809600984784e-07, 7.339303591268804e-07, 6.630826164043557e-07, 6.000121288699135e-07, 5.421504771800738e-07, 4.893093313858151e-07, 4.4051168787235923e-07, 3.9651263456566996e-07, 3.5714476464055157e-07, 3.217732901144097e-07, 2.8964686229298785e-07, 2.6021549365206814e-07, 2.3355150159530652e-07, 2.0975603223533805e-07, 1.884961899334917e-07, 1.6918549551729388e-07, 1.5148598234795544e-07, 1.3557882203373374e-07, 1.217721105222489e-07, 1.0926041213875446e-07, 9.80421994129608e-08, 8.794221600360244e-08, 7.884130843216503e-08, 7.084553780118229e-08, 6.357845061452515e-08]
ndim2: 500
W_list: [2.4]
L_list: [9.848810072816809]
