C_final_list: [1.5803862940045147e-06, 1.4534670072245946e-06, 1.3286207653687777e-06, 1.2140237921800223e-06, 1.1095091629646519e-06, 1.0148333962922272e-06, 9.272764500306534e-07, 8.484495796038231e-07, 7.745942308537886e-07, 7.074702021649627e-07, 6.452015567410684e-07, 5.879035521361891e-07, 5.354440231598315e-07, 4.877276789580378e-07, 4.445062555304821e-07, 4.045067782247999e-07, 3.68294104946329e-07, 3.354245691294525e-07, 3.0570456869759933e-07, 2.782415445684461e-07, 2.532994693056659e-07, 2.3076153300662392e-07, 2.1021864042585654e-07, 1.9111177960439815e-07, 1.7379922310242346e-07, 1.5812992989855164e-07, 1.438879789646504e-07, 1.3081645718836217e-07, 1.1867843754407484e-07, 1.0764992707969427e-07, 9.772617735383993e-08, 8.864492027218206e-08, 8.053652813833979e-08, 7.294785056589767e-08, 6.599079534519909e-08]
ndim2: 500
W_list: [2.2]
L_list: [10.942570506591279]
