R_list= [ 1  2  3  4  5  6  7  8  9 10 11 12 13 14 15 16 17 18 19 20 21 22 23 24
 25 26 27 28 29 30 31 32 33 34 35 36 37 38]
C_final_list= [2.118850341665659e-06, 1.5825965638663057e-06, 1.1655072860045586e-06, 8.559857267107561e-07, 6.276620768276414e-07, 4.582391975129979e-07, 3.3496304900202745e-07, 2.4515946604105307e-07, 1.7881058199368218e-07, 1.3026870019403088e-07, 9.491162142189771e-08, 6.941376700954175e-08, 5.089288827894461e-08, 3.727118102937483e-08, 2.7218367022453633e-08, 1.97398778552877e-08, 1.424816957429165e-08, 1.0261722014181295e-08, 7.413199904109966e-09, 5.38441022144317e-09, 3.887504379458487e-09, 2.8133695746309038e-09, 2.0516639767611183e-09, 1.5059944048364188e-09, 1.1021235108529939e-09, 8.045887971760704e-10, 5.918517870085348e-10, 4.394136429788602e-10, 3.245373348043351e-10, 2.3726135550157715e-10, 1.7170640512624682e-10, 1.2435852327959853e-10, 9.126682937120037e-11, 6.818389726524073e-11, 5.074834149601746e-11, 3.749725546387791e-11, 2.6741065527185912e-11, 1.843450054992977e-11]
W_list: [9.4]
L_list: [3.2676435808369586]
