R_list= [ 1  2  3  4  5  6  7  8  9 10 11 12 13 14 15 16 17 18 19 20 21 22 23 24
 25 26 27 28 29 30 31 32 33 34 35 36 37 38]
C_final_list= [4.19448778948283e-07, 3.5748110943510727e-07, 3.017589575579183e-07, 2.528218709553026e-07, 2.1129539657340914e-07, 1.76299404200658e-07, 1.4666156642743602e-07, 1.221573027495371e-07, 1.0147699414882412e-07, 8.422058449186867e-08, 6.975270754275163e-08, 5.769874485427857e-08, 4.768662274972124e-08, 3.944310222014386e-08, 3.26648008463001e-08, 2.705083201798807e-08, 2.2384931769521557e-08, 1.8543609756224092e-08, 1.5323865346891847e-08, 1.2663934668156727e-08, 1.047606156843774e-08, 8.675582828896448e-09, 7.1803649492691604e-09, 5.935054002293157e-09, 4.901195900406645e-09, 4.0577701218644145e-09, 3.35385541070652e-09, 2.766214372124038e-09, 2.2824756847979527e-09, 1.8799436275923625e-09, 1.5491919520536687e-09, 1.272986178515174e-09, 1.0436145209507893e-09, 8.540831033372368e-10, 7.011414345910575e-10, 5.740661912694612e-10, 4.690151797221826e-10, 3.8297881925918637e-10]
W_list: [8.8]
L_list: [5.586662257996454]
