R_list= [ 1  2  3  4  5  6  7  8  9 10 11 12 13 14 15 16 17 18 19 20 21 22 23 24
 25 26 27 28 29 30 31 32 33 34 35 36 37 38]
C_final_list= [6.17166333219572e-07, 3.2325639254563113e-07, 1.508114737174381e-07, 6.74975217275925e-08, 2.9737156028117295e-08, 1.3004318327043873e-08, 5.661684609827265e-09, 2.4485049793122285e-09, 1.0476744132007205e-09, 4.414420961407637e-10, 1.8130495243981348e-10, 7.45904804942679e-11, 3.114351536421452e-11, 1.3230412867320697e-11, 5.7189308050610284e-12, 2.433372032852961e-12, 9.86189337559597e-13, 3.927150353623246e-13, 1.6193340934798114e-13, 6.847747144751089e-14, 2.915418378264245e-14, 1.260152278359457e-14, 5.41280142898692e-15, 2.1713706407461326e-15, 8.16470200623541e-16, 3.010124050532011e-16, 1.1292530430308433e-16, 4.251154890991854e-17, 1.649154813105364e-17, 6.4569441358890316e-18, 2.6182310455787414e-18, 1.0964153504789586e-18, 4.47540561220516e-19, 1.7686387520793383e-19, 7.014404042219565e-20, 3.039422051662486e-20, 1.2784905896971752e-20, 4.811149084684439e-21]
W_list: [6]
L_list: [1.425299516534252]
