C_final_list: [1.7253646280313288e-06, 1.418266556875586e-06, 1.169809022503175e-06, 9.632623720533568e-07, 7.936666545456018e-07, 6.543164304016993e-07, 5.392082881852283e-07, 4.4352855536483943e-07, 3.6246109160068646e-07, 2.963282068668733e-07, 2.4168559173471525e-07, 1.9618379263050617e-07, 1.5985571037441337e-07, 1.2983342448967626e-07, 1.0567059926600681e-07, 8.636867678098657e-08, 7.041700460962973e-08, 5.7490319160148393e-08, 4.6793177742252015e-08, 3.805132076391878e-08, 3.094627845010232e-08, 2.507842299754971e-08, 2.0318814844219228e-08, 1.6367975594792872e-08, 1.3151916195640818e-08, 1.0552098068303765e-08, 8.489835214168097e-09, 6.768816139783577e-09, 5.4522355259376076e-09, 4.387164917317332e-09, 3.5434795942811087e-09, 2.848829985086356e-09, 2.2931208452192186e-09, 1.8365883569682169e-09, 1.4664646590746467e-09, 1.1818043074112652e-09, 9.576717129821607e-10, 7.759846569585997e-10, 6.173477336424812e-10, 4.952418108838445e-10, 4.0160068336191664e-10, 3.2152335351337466e-10, 2.570940664806901e-10, 2.087922436508839e-10, 1.6658327967080178e-10, 1.3446055122288587e-10, 1.0850877716099694e-10, 8.784532773926118e-11, 7.177720543135361e-11, 5.880189656431939e-11]
ndim2: 500
W_list: [3.8]
L_list: [5.1020288277390575]
