R_list= [ 1  2  3  4  5  6  7  8  9 10 11 12 13 14 15 16 17 18 19 20 21 22 23 24
 25 26 27 28 29 30 31 32 33 34 35 36 37 38]
C_final_list= [3.5760467830091774e-05, 2.3264336832877775e-05, 1.5084324715278739e-05, 9.750148431311809e-06, 6.299288986921641e-06, 4.054279452345894e-06, 2.6035494936391423e-06, 1.6755672388602607e-06, 1.078057441174315e-06, 6.922484400481893e-07, 4.454473430623158e-07, 2.8655176878843996e-07, 1.8454243964834609e-07, 1.1854066199154532e-07, 7.603864066084989e-08, 4.8739895024340155e-08, 3.123186297742937e-08, 2.0094695406495586e-08, 1.2890589348066828e-08, 8.316851050299817e-09, 5.368048446311039e-09, 3.48535698690718e-09, 2.2752451126520518e-09, 1.4874736691054307e-09, 9.786869305411947e-10, 6.367317747896364e-10, 4.0656076820161433e-10, 2.6213467401436063e-10, 1.6626265727578846e-10, 1.058953306356541e-10, 6.778007191025102e-11, 4.306070799084984e-11, 2.8675145215433165e-11, 1.8942417279382563e-11, 1.2518614989107772e-11, 8.000271634998613e-12, 5.226932409003365e-12, 3.297026032540397e-12]
W_list: [8.2]
L_list: [2.304825114671654]
