R_list= [ 1  2  3  4  5  6  7  8  9 10 11 12 13 14 15 16 17 18 19 20 21 22 23 24
 25 26 27 28 29 30 31 32 33 34 35 36 37 38]
C_final_list= [8.225680531727404e-07, 7.466815567449869e-07, 6.723809182535385e-07, 6.039740278471096e-07, 5.414708444897104e-07, 4.848319879166055e-07, 4.3405478031638245e-07, 3.88750729953075e-07, 3.4799549944501197e-07, 3.1155189691646445e-07, 2.7865145682588053e-07, 2.4903465310372283e-07, 2.2256955041029063e-07, 1.9883142563346727e-07, 1.7728861719780835e-07, 1.579761823480515e-07, 1.407389489832713e-07, 1.254971757605675e-07, 1.1185650948112537e-07, 9.962848504220795e-08, 8.874013524376743e-08, 7.907659412435232e-08, 7.03969579464282e-08, 6.258918866775298e-08, 5.56114890055829e-08, 4.9422248397021975e-08, 4.393826025574733e-08, 3.902058458236028e-08, 3.467238464363206e-08, 3.0787211040786735e-08, 2.7338649627873077e-08, 2.427724060423782e-08, 2.1549011327148086e-08, 1.9120914794543396e-08, 1.697407609849694e-08, 1.5065807388052864e-08, 1.3388472177758072e-08, 1.188887850645465e-08]
W_list: [7.6]
L_list: [9.045764681632189]
