R_list= [ 1  2  3  4  5  6  7  8  9 10 11 12 13 14 15 16 17 18 19 20 21 22 23 24
 25 26 27 28 29 30 31 32 33 34 35 36 37 38]
C_final_list= [2.3623131639529995e-06, 2.080873922496274e-06, 1.8150148924845306e-06, 1.5765452529226102e-06, 1.3663973428734217e-06, 1.1820408045176297e-06, 1.0219610267682307e-06, 8.824883515409021e-07, 7.614568818360317e-07, 6.569737126888841e-07, 5.66167163280668e-07, 4.87731226623603e-07, 4.196998150416461e-07, 3.6086276750270145e-07, 3.102448679078712e-07, 2.6634777095191443e-07, 2.2880417074201123e-07, 1.9646858967957435e-07, 1.686431542663206e-07, 1.447049237207935e-07, 1.2415541461260057e-07, 1.06655849266766e-07, 9.16287623369985e-08, 7.869926877536356e-08, 6.765263726781334e-08, 5.8099858413870196e-08, 4.985280332393692e-08, 4.279005078014025e-08, 3.676518185600304e-08, 3.157126998940672e-08, 2.708906781328755e-08, 2.324376990212106e-08, 1.994312131572517e-08, 1.7125734876809353e-08, 1.4722856064798572e-08, 1.2659535031665109e-08, 1.0882353592219408e-08, 9.350209090328708e-09]
W_list: [8.25]
L_list: [6.932878213427219]
