R_list= [ 1  2  3  4  5  6  7  8  9 10 11 12 13 14 15 16 17 18 19 20 21 22 23 24
 25 26 27 28 29 30 31 32 33 34 35 36 37 38]
C_final_list= [3.663462528993416e-05, 2.4046822675935184e-05, 1.5732996286263295e-05, 1.0284694118148647e-05, 6.719126170689307e-06, 4.389836522099412e-06, 2.866026902724368e-06, 1.8710345328488154e-06, 1.2209519531260768e-06, 7.95959241340238e-07, 5.183261848676942e-07, 3.360990689280513e-07, 2.1770474861243774e-07, 1.4053520688452844e-07, 9.056095119180985e-08, 5.8556654110820743e-08, 3.828118748696862e-08, 2.5156261277038706e-08, 1.6569414105748203e-08, 1.0903485599774409e-08, 7.207538500736775e-09, 4.7178163926448356e-09, 3.0773602143907542e-09, 2.0008676394883435e-09, 1.2941852273869597e-09, 8.401686232418914e-10, 5.500506407143423e-10, 3.48891195515033e-10, 2.1954336054147426e-10, 1.410397838558722e-10, 9.138740158560413e-11, 5.934861283255237e-11, 3.822613504697914e-11, 2.4402313989712716e-11, 1.549113825863699e-11, 9.963623673739197e-12, 6.30546636445564e-12, 4.003292088849497e-12]
W_list: [8.1]
L_list: [2.3601388290326524]
