R_list= [ 1  2  3  4  5  6  7  8  9 10 11 12 13 14 15 16 17 18 19 20 21 22 23 24
 25 26 27 28 29 30 31 32 33 34 35 36 37 38]
C_final_list= [1.3814306150000776e-07, 6.007488377679303e-08, 2.286994377596392e-08, 8.279546738895586e-09, 2.9211714060077758e-09, 1.0054701003153482e-09, 3.4111185765048626e-10, 1.137318157523207e-10, 3.7446872499426284e-11, 1.247598814905539e-11, 4.218549242361322e-12, 1.4791048751824234e-12, 5.339562000746947e-13, 2.2684077478023066e-13, 1.431477017585128e-13, 6.31660096278988e-14, 2.1238537389980376e-14, 4.448900708831193e-15, 1.0430900879454086e-15, 2.971592868540799e-16, 1.0889698966464906e-16, 4.8876762844817064e-17, 1.908924488409847e-17, 5.88706620272223e-18, 1.5948783711404276e-18, 4.625505601455698e-19, 1.892059441867001e-19, 8.29036612511392e-20, 2.6353791569970374e-20, 7.220241908589153e-21, 1.807827957128619e-21, 4.567051381552048e-22, 1.2549315142482556e-22, 3.501307723256252e-23, 8.873842232500096e-24, 2.2544080281624193e-24, 5.76851317454417e-25, 1.5823594004056702e-25]
W_list: [7]
L_list: [1.1403468551279685]
