R_list= [ 1  2  3  4  5  6  7  8  9 10 11 12 13 14 15 16 17 18 19 20 21 22 23 24
 25 26 27 28 29 30 31 32 33 34 35 36 37 38]
C_final_list= [2.7192145262600896e-06, 2.4226983721057632e-06, 2.140848228719792e-06, 1.885868749432305e-06, 1.6578019562672363e-06, 1.4555982023188837e-06, 1.2775726477229327e-06, 1.120168240758786e-06, 9.818753901996115e-07, 8.602222928913235e-07, 7.535801257802112e-07, 6.593909736731144e-07, 5.765960616490138e-07, 5.038279844477191e-07, 4.4011172132706217e-07, 3.840739618564957e-07, 3.351490490737758e-07, 2.924876420499862e-07, 2.553199675332627e-07, 2.22892520528007e-07, 1.9441554561834292e-07, 1.6957351865024878e-07, 1.479601676944444e-07, 1.2917234445343497e-07, 1.1281022711419062e-07, 9.852880665623559e-08, 8.608110469044326e-08, 7.511448055792534e-08, 6.55517880965751e-08, 5.7164964182794254e-08, 4.980575444509996e-08, 4.3436224734445716e-08, 3.783409428698112e-08, 3.290990299243196e-08, 2.8640356779641446e-08, 2.4912536553744514e-08, 2.167983848023364e-08, 1.8864824821902966e-08]
W_list: [8.0]
L_list: [7.688437067822733]
