C_final_list: [2.2001938335813167e-06, 2.162199648159633e-06, 2.1243362987710976e-06, 2.087782886046449e-06, 2.0513687729183935e-06, 2.01600597654273e-06, 1.9809766081754083e-06, 1.946711812140855e-06, 1.9124756952457064e-06, 1.8793600054258655e-06, 1.8465949996836845e-06, 1.8148681891277668e-06, 1.7833864019811065e-06, 1.7524088505191089e-06, 1.7223640780583931e-06, 1.6926586443283149e-06, 1.6635704941097305e-06, 1.634803707900822e-06, 1.6061924540596624e-06, 1.577987879942943e-06, 1.5503459475697327e-06, 1.5234192711439715e-06, 1.4966614934041133e-06, 1.47075005855423e-06, 1.4452577531662892e-06, 1.420176757795256e-06, 1.3955569989487704e-06, 1.3714481521456622e-06, 1.3476581397282865e-06, 1.324176920560319e-06, 1.3010218988227243e-06, 1.2782300797830837e-06, 1.2559539173799073e-06, 1.2341097019967372e-06, 1.2124326379640395e-06, 1.1912368229302885e-06, 1.1703804871324064e-06, 1.149950197150044e-06, 1.129764329286938e-06, 1.1098478167990741e-06, 1.0899491972179039e-06, 1.070759476099239e-06, 1.0516510555265003e-06, 1.03288537679257e-06, 1.014293850322951e-06, 9.96265277351781e-07, 9.783236024546063e-07, 9.606504641758547e-07, 9.433662761048919e-07, 9.262331395313987e-07]
ndim2: 500
W_list: [2.2]
L_list: [56.89785169259738]
