R_list= [ 1  2  3  4  5  6  7  8  9 10 11 12 13 14 15 16 17 18 19 20 21 22 23 24
 25 26 27 28 29 30 31 32 33 34 35 36 37 38]
C_final_list= [3.633756896521646e-05, 2.3732969976262016e-05, 1.5434483665560458e-05, 1.0019054087570884e-05, 6.492644347238941e-06, 4.21586570275432e-06, 2.7324544544039837e-06, 1.768040937705681e-06, 1.1416480065757678e-06, 7.389482126168561e-07, 4.789863559758988e-07, 3.087813856723771e-07, 1.9922220479376371e-07, 1.2857482726357773e-07, 8.308933997005282e-08, 5.386056699650351e-08, 3.50400484138923e-08, 2.2657130722474573e-08, 1.4636975291804415e-08, 9.388973106589905e-09, 6.073298306873063e-09, 3.939264767468815e-09, 2.5406526316254445e-09, 1.6334773692561954e-09, 1.058830795268694e-09, 6.828708447654147e-10, 4.428835737773186e-10, 2.879766979344128e-10, 1.8895889044719747e-10, 1.2183083999988345e-10, 7.997511799641394e-11, 5.225862958661339e-11, 3.41002923902785e-11, 2.16066886071927e-11, 1.3948549528768195e-11, 8.889142978706614e-12, 5.52223750147056e-12, 3.489671539963358e-12]
W_list: [8.15]
L_list: [2.3264283797137235]
