R_list= [ 1  2  3  4  5  6  7  8  9 10 11 12 13 14 15 16 17 18 19 20 21 22 23 24
 25 26 27 28 29 30 31 32 33 34 35 36 37 38]
C_final_list= [7.85313477956967e-07, 5.281348138379982e-07, 3.559037792921528e-07, 2.4555055442653696e-07, 1.700135431733248e-07, 1.1720059785075486e-07, 8.088639658301714e-08, 5.602797451269009e-08, 3.8800336629938546e-08, 2.6846432288972695e-08, 1.852245025372905e-08, 1.2647233145841941e-08, 8.617927418656286e-09, 5.848834934531526e-09, 3.982613984664066e-09, 2.731352083126874e-09, 1.881976997912332e-09, 1.2962790900453428e-09, 8.882219458147789e-10, 6.112355065297656e-10, 4.215108133016668e-10, 2.906714165295906e-10, 1.9908515513558843e-10, 1.3743912413303792e-10, 9.623428487459955e-11, 6.679418256343739e-11, 4.615018812902012e-11, 3.208694978626004e-11, 2.222460350439805e-11, 1.503216466256382e-11, 9.924555276456111e-12, 6.527359028958163e-12, 4.257738812467713e-12, 2.7556589518312092e-12, 1.8613954962444025e-12, 1.2762323058655222e-12, 8.537831024747256e-13, 5.648210989183995e-13]
W_list: [6]
L_list: [2.6025483078527616]
