R_list= [ 1  2  3  4  5  6  7  8  9 10 11 12 13 14 15 16 17 18 19 20 21 22 23 24
 25 26 27 28 29 30 31 32 33 34 35 36 37 38]
C_final_list= [3.3366838117558924e-07, 3.048488199779563e-07, 2.7619004323951756e-07, 2.4902058960465945e-07, 2.2386889980691163e-07, 2.0085747137815243e-07, 1.8000104742734735e-07, 1.6105819993096472e-07, 1.440050431233238e-07, 1.2886155530146083e-07, 1.1527583560641495e-07, 1.031344297259354e-07, 9.222119054749298e-08, 8.243051307243838e-08, 7.360427745077328e-08, 6.572423413919643e-08, 5.8684936961929835e-08, 5.234641237059482e-08, 4.672789614390297e-08, 4.1718104009628604e-08, 3.7231025126253916e-08, 3.318937386398762e-08, 2.9553057289251155e-08, 2.6332014005482373e-08, 2.3452315244953916e-08, 2.0907099955409445e-08, 1.8625675864699308e-08, 1.6579326192347505e-08, 1.4750862731092584e-08, 1.3122837081264459e-08, 1.1664478467073852e-08, 1.036057355007348e-08, 9.208514408332121e-09, 8.179919575415532e-09, 7.269398296351472e-09, 6.457595731338597e-09, 5.732233426220921e-09, 5.08353130861718e-09]
W_list: [8.0]
L_list: [9.17579430089747]
