R_list= [ 1  2  3  4  5  6  7  8  9 10 11 12 13 14 15 16 17 18 19 20 21 22 23 24
 25 26 27 28 29 30 31 32 33 34 35 36 37 38]
C_final_list= [4.817747499404131e-07, 4.3481893521487926e-07, 3.8977907311886367e-07, 3.486023751488035e-07, 3.1133396043249644e-07, 2.7834813579395915e-07, 2.481348531561928e-07, 2.2108751799001645e-07, 1.9677188898593555e-07, 1.7492874685599235e-07, 1.5523586213394503e-07, 1.3801916900529612e-07, 1.2273889716506067e-07, 1.0915584451405547e-07, 9.713230009155451e-08, 8.628539612066485e-08, 7.665207452234584e-08, 6.805758149700885e-08, 6.035465371804657e-08, 5.350575540613329e-08, 4.743193625142281e-08, 4.203865331524596e-08, 3.726399817848227e-08, 3.301807362073063e-08, 2.9256827931799167e-08, 2.592134862920686e-08, 2.297180038997653e-08, 2.040683762580331e-08, 1.812747225345572e-08, 1.6097877415386297e-08, 1.4273648487922172e-08, 1.2645347522669166e-08, 1.1180102063175857e-08, 9.867799170919268e-09, 8.709019219200003e-09, 7.687757083428521e-09, 6.7859830546556545e-09, 5.982788725127256e-09]
W_list: [6.800000000000001]
L_list: [8.700787636486218]
