R_list= [ 1  2  3  4  5  6  7  8  9 10 11 12 13 14 15 16 17 18 19 20 21 22 23 24
 25 26 27 28 29 30 31 32 33 34 35 36 37 38]
C_final_list= [9.776316670945252e-07, 8.520392818511138e-07, 7.45476378200932e-07, 6.497092797645216e-07, 5.678586885602658e-07, 4.964652177231254e-07, 4.338597026254196e-07, 3.789827362057539e-07, 3.310094274109007e-07, 2.892238254313404e-07, 2.524919709984963e-07, 2.2028348344863083e-07, 1.9204892744876039e-07, 1.670446275979505e-07, 1.4525745275926378e-07, 1.2643026930344913e-07, 1.0998375876665788e-07, 9.574771918765016e-08, 8.340179157956143e-08, 7.272962678694525e-08, 6.334498368037222e-08, 5.5198315305662745e-08, 4.80562751650442e-08, 4.187314554111082e-08, 3.647512948680449e-08, 3.1807067329026904e-08, 2.7733824633347915e-08, 2.4179612222258717e-08, 2.1074735155543982e-08, 1.8347911023156605e-08, 1.5983881324741488e-08, 1.3892642228529813e-08, 1.2090880199690254e-08, 1.0498851314258002e-08, 9.068925397907739e-09, 7.849705271295805e-09, 6.79094332134937e-09, 5.878690930417843e-09]
W_list: [6]
L_list: [7.357340980617065]
