C_final_list: [1.4642316974927504e-06, 1.2059397119990416e-06, 9.808928235698604e-07, 8.003288040055262e-07, 6.531027377401217e-07, 5.348450502597592e-07, 4.3794265509385465e-07, 3.587436196302498e-07, 2.947197730017205e-07, 2.42058454162564e-07, 1.9712064207063573e-07, 1.6004212232024814e-07, 1.2978868032718927e-07, 1.0472261782482992e-07, 8.499058221527078e-08, 6.880988846770373e-08, 5.605055117307724e-08, 4.544746472752352e-08, 3.681520475377736e-08, 2.9819747403863794e-08, 2.4281163426020372e-08, 1.9762893629054744e-08, 1.5987748871807665e-08, 1.290913685558634e-08, 1.0461240649924017e-08, 8.376657908466436e-09, 6.7592304973848265e-09, 5.4334313958638065e-09, 4.344122127715481e-09, 3.4553671134465717e-09, 2.780812596103872e-09, 2.239085139909585e-09, 1.7914634156509925e-09, 1.4317204120563012e-09, 1.1500473189953534e-09]
ndim2: 500
W_list: [2.6]
L_list: [4.9560802862571895]
