R_list= [ 1  2  3  4  5  6  7  8  9 10 11 12 13 14 15 16 17 18 19 20 21 22 23 24
 25 26 27 28 29 30 31 32 33 34 35 36 37 38]
C_final_list= [4.893281348595188e-07, 4.220804888893254e-07, 3.601571780393276e-07, 3.05978386519772e-07, 2.59564978895898e-07, 2.1990817831624734e-07, 1.8613580165196167e-07, 1.575145693906442e-07, 1.3312345473405402e-07, 1.1224379651959661e-07, 9.444535290858267e-08, 7.9334603837358e-08, 6.655659359026249e-08, 5.580475784247673e-08, 4.678468526329202e-08, 3.9274207211041714e-08, 3.294179094013918e-08, 2.7568249988722103e-08, 2.3091160530517963e-08, 1.9325937850749387e-08, 1.6161041826146287e-08, 1.3538825099544457e-08, 1.1363022948402814e-08, 9.504052637386119e-09, 7.930335139100425e-09, 6.612440658460806e-09, 5.518957714493028e-09, 4.612077798608917e-09, 3.848399190111809e-09, 3.204631006112424e-09, 2.6725091343352837e-09, 2.2261740642232007e-09, 1.8504476215309299e-09, 1.5400503576110439e-09, 1.2804560077685981e-09, 1.0641579508203784e-09, 8.857283699304378e-10, 7.337539717718151e-10]
W_list: [8.6]
L_list: [6.0509041296610775]
