C_final_list: [2.051023447179264e-06, 1.8513473804749143e-06, 1.6570904349206401e-06, 1.4875218731139753e-06, 1.3330432275131764e-06, 1.1978323914433185e-06, 1.0724979074026742e-06, 9.615695367705226e-07, 8.613994002484558e-07, 7.711107018748e-07, 6.894657760350218e-07, 6.15774971346767e-07, 5.495361074271384e-07, 4.906236738297301e-07, 4.3800502988162075e-07, 3.9028503654243776e-07, 3.4881682779921254e-07, 3.1199123987502783e-07, 2.782109216797277e-07, 2.480471136644115e-07, 2.2160565354098305e-07, 1.9795608598144394e-07, 1.7664404259644706e-07, 1.575194287143615e-07, 1.404488928642416e-07, 1.2552394037731448e-07, 1.1188053853679752e-07, 9.978208137438336e-08, 8.899661059524722e-08, 7.93106201195569e-08, 7.07191951345148e-08, 6.297811699255312e-08, 5.605687760866873e-08, 4.9933178758175656e-08, 4.452136369409721e-08]
ndim2: 500
W_list: [2.2]
L_list: [9.045860984671497]
