C_final_list: [1.812829826904015e-06, 1.7618822220254026e-06, 1.7118832667112806e-06, 1.6632801225359856e-06, 1.6159034505670497e-06, 1.5703791362970658e-06, 1.5263680482952895e-06, 1.4832472162777055e-06, 1.4409526583569857e-06, 1.3998579172468358e-06, 1.359665808765462e-06, 1.3206471461761433e-06, 1.2824923517256517e-06, 1.245561951181333e-06, 1.2095118657474246e-06, 1.1746736861993928e-06, 1.1407043696724393e-06, 1.1077414851565235e-06, 1.0761565199083108e-06, 1.045158792073789e-06, 1.0154221537405629e-06, 9.86493425311515e-07, 9.584802863510603e-07, 9.311491763814301e-07, 9.044177019489776e-07, 8.782759458641287e-07, 8.529630087030834e-07, 8.285464669672406e-07, 8.045714392910909e-07, 7.811035862175904e-07, 7.585056141899562e-07, 7.364193173320397e-07, 7.150009879356802e-07, 6.942828056696482e-07, 6.743093689593493e-07]
ndim2: 500
W_list: [2.8]
L_list: [34.41261119356456]
