R_list= [ 1  2  3  4  5  6  7  8  9 10 11 12 13 14 15 16 17 18 19 20 21 22 23 24
 25 26 27 28 29 30 31 32 33 34 35 36 37 38]
C_final_list= [4.654137771057531e-06, 3.987540922744259e-06, 3.3942565741560697e-06, 2.8832644492105776e-06, 2.447947098295722e-06, 2.079228288943527e-06, 1.7633414964461218e-06, 1.493232539577558e-06, 1.2659037825747792e-06, 1.0735085864291914e-06, 9.112374706620918e-07, 7.740277064715151e-07, 6.577539189916972e-07, 5.590448088539819e-07, 4.7460363268929844e-07, 4.021163290942069e-07, 3.4011555715261674e-07, 2.8773643188296237e-07, 2.434575307001722e-07, 2.0611088892962126e-07, 1.741408045368351e-07, 1.4698514964642068e-07, 1.239288109409308e-07, 1.0445660816668186e-07, 8.787194809399874e-08, 7.396355076913565e-08, 6.228349047136501e-08, 5.2430997453508935e-08, 4.4142197563890273e-08, 3.717539443406514e-08, 3.126442908081139e-08, 2.6270004814418242e-08, 2.2081588985382223e-08, 1.860857099400774e-08, 1.5663629765268905e-08, 1.3171662978188662e-08, 1.1092851768490748e-08, 9.364075352810375e-09]
W_list: [7.4]
L_list: [6.128521211474295]
