R_list= [ 1  2  3  4  5  6  7  8  9 10 11 12 13 14 15 16 17 18 19 20 21 22 23 24
 25 26 27 28 29 30 31 32 33 34 35 36 37 38]
C_final_list= [3.3590198353597394e-07, 2.998832682545786e-07, 2.662037046974902e-07, 2.3536767361221998e-07, 2.074790025826223e-07, 1.8280246898834298e-07, 1.6086810305190505e-07, 1.4144183496512386e-07, 1.2429621036937242e-07, 1.0921895911967222e-07, 9.58656488383405e-08, 8.403884534389977e-08, 7.361853961588222e-08, 6.456945962966478e-08, 5.657491949438501e-08, 4.9580657883995876e-08, 4.342010222566647e-08, 3.8019224589977675e-08, 3.3258442500685934e-08, 2.905771253465145e-08, 2.5380534096769323e-08, 2.216246860226201e-08, 1.9336087670235386e-08, 1.684560332943195e-08, 1.4672675259587531e-08, 1.274659223910797e-08, 1.1072459248758096e-08, 9.62006935594159e-09, 8.369452427267399e-09, 7.282357310727363e-09, 6.330841463235486e-09, 5.497992948855933e-09, 4.769102886331281e-09, 4.143780070594748e-09, 3.5989425539600502e-09, 3.1236374712865453e-09, 2.7155039587484305e-09, 2.358457810110656e-09]
W_list: [7]
L_list: [7.851871750779515]
