R_list= [ 1  2  3  4  5  6  7  8  9 10 11 12 13 14 15 16 17 18 19 20 21 22 23 24
 25 26 27 28 29 30 31 32 33 34 35 36 37 38]
C_final_list= [1.5970488685879913e-07, 6.303791027239689e-08, 1.9371914819168854e-08, 5.211335303820473e-09, 1.3054163839916606e-09, 3.1317770327100797e-10, 7.319554196807577e-11, 1.6804329069097693e-11, 3.8380974559302655e-12, 8.776895103668112e-13, 2.0190638135032617e-13, 4.7209760324220223e-14, 1.141939815096317e-14, 2.7791295130582244e-15, 7.028309853607391e-16, 2.1492750392947772e-16, 1.5099466686215277e-16, 3.227418147914538e-16, 3.135796526753448e-16, 2.1320064359233072e-16, 1.1238219992582239e-16, 3.5738535290391127e-17, 9.328882315855012e-18, 2.2379711225962927e-18, 5.295466986440623e-19, 1.3619505707700293e-19, 2.8755095144237233e-20, 4.532324018321569e-21, 7.880641437507813e-22, 1.522056379788439e-22, 4.5620617884958177e-23, 2.6069641640224296e-23, 2.0902955563765785e-23, 1.924923164911408e-23, 1.8982589781659294e-23, 1.93252779355411e-23, 1.9589418196902364e-23, 1.985183646693378e-23]
W_list: [6]
L_list: [1.0066768134543371]
