R_list= [ 1  2  3  4  5  6  7  8  9 10 11 12 13 14 15 16 17 18 19 20 21 22 23 24
 25 26 27 28 29 30 31 32 33 34 35 36 37 38]
C_final_list= [5.147660372669981e-07, 4.076697114141968e-07, 3.2057574528243795e-07, 2.525044077776637e-07, 1.9803975110396955e-07, 1.5549877089595817e-07, 1.2152007975731806e-07, 9.464087104485981e-08, 7.353523033657555e-08, 5.7217471708325303e-08, 4.424911331717802e-08, 3.407306079456379e-08, 2.6242681316183754e-08, 2.0143030102738767e-08, 1.548262425907624e-08, 1.1897978526799937e-08, 9.140244642921434e-09, 6.984653326613889e-09, 5.354302760212576e-09, 4.088350107552976e-09, 3.1332312696189307e-09, 2.405840182117058e-09, 1.8476581531985435e-09, 1.421258906637798e-09, 1.0876874069064713e-09, 8.356417570866492e-10, 6.442521907410671e-10, 4.972303816963397e-10, 3.869043684779744e-10, 3.0157360418881143e-10, 2.3297233632515677e-10, 1.7937545087701853e-10, 1.3870242569589624e-10, 1.0779146870365556e-10, 8.402934660473982e-11, 6.553069252723581e-11, 5.1571921908053214e-11, 4.0387599733082335e-11]
W_list: [8.0]
L_list: [4.1251774361081095]
