C_list:
1.965897296357834e-06 0.10654409872093742
ndim2: 500
W_list: [2.0]
L_list: [9.385784966084525]
