R_list= [ 1  2  3  4  5  6  7  8  9 10 11 12 13 14 15 16 17 18 19 20 21 22 23 24
 25 26 27 28 29 30 31 32 33 34 35 36 37 38]
C_final_list= [2.873472555204433e-05, 2.1388997165557756e-05, 1.5787923152126085e-05, 1.160947653971833e-05, 8.529967016763024e-06, 6.261050439728572e-06, 4.5966476182000555e-06, 3.366897716425487e-06, 2.468214668636067e-06, 1.8142103195729388e-06, 1.3338299053120543e-06, 9.810667757978418e-07, 7.197583148129489e-07, 5.277324655771259e-07, 3.87122727001926e-07, 2.836571376783148e-07, 2.0777995208062916e-07, 1.5245228209043475e-07, 1.1229764127918812e-07, 8.236500723437422e-08, 6.056452246811006e-08, 4.4365931832252106e-08, 3.241206068637562e-08, 2.3632438327281815e-08, 1.7326702046425e-08, 1.2661615218017943e-08, 9.23752184415701e-09, 6.720123423336563e-09, 4.898224452180315e-09, 3.5754448830340026e-09, 2.6067731775368817e-09, 1.912159871567405e-09, 1.384789743781352e-09, 1.011077213454621e-09, 7.396254631996751e-10, 5.340575890773222e-10, 3.8355476924593376e-10, 2.749281794472269e-10]
W_list: [8.4]
L_list: [3.282683851426556]
