R_list= [ 1  2  3  4  5  6  7  8  9 10 11 12 13 14 15 16 17 18 19 20 21 22 23 24
 25 26 27 28 29 30 31 32 33 34 35 36 37 38]
C_final_list= [2.8910338000978545e-07, 2.644552884070572e-07, 2.3966698624725e-07, 2.159851608131678e-07, 1.9402233377034156e-07, 1.7398657256526944e-07, 1.5568482675031275e-07, 1.391814339924742e-07, 1.2438495699276535e-07, 1.1103882996481156e-07, 9.906858748770805e-08, 8.835287181862396e-08, 7.878601988540672e-08, 7.021762917316709e-08, 6.258636739133003e-08, 5.5736531620059707e-08, 4.962828716106203e-08, 4.412702428340594e-08, 3.92224926132938e-08, 3.48463938350845e-08, 3.0971644788444783e-08, 2.7516169686496858e-08, 2.4444739180889108e-08, 2.173372514781971e-08, 1.932536451435742e-08, 1.7186192944770492e-08, 1.5291247558493027e-08, 1.3590448021433112e-08, 1.2074411834249441e-08, 1.0727682124024086e-08, 9.526828258316302e-09, 8.45688331615095e-09, 7.506000436210278e-09, 6.6596884005932685e-09, 5.907711866977776e-09, 5.238843013822441e-09, 4.634077398913522e-09, 4.097077055511973e-09]
W_list: [7.4]
L_list: [9.058111918161936]
