C_final_list: [1.4179842237291186e-06, 1.3882476597339707e-06, 1.3583438786950667e-06, 1.3293116427588172e-06, 1.3010364406277623e-06, 1.2730715060708606e-06, 1.245518114225697e-06, 1.2185926466392766e-06, 1.1923265538900555e-06, 1.1665044968632106e-06, 1.1414270145103923e-06, 1.1171030077320254e-06, 1.093174871424907e-06, 1.0698536866272322e-06, 1.0471792998307884e-06, 1.0249879748424557e-06, 1.0030025704888763e-06, 9.81468693421527e-07, 9.60724312419695e-07, 9.402350180286385e-07, 9.20174693279469e-07, 9.003262360599381e-07, 8.809521908451571e-07, 8.619161503857586e-07, 8.434075047494404e-07, 8.252077654386846e-07, 8.073206720415128e-07, 7.896608995100694e-07, 7.723922716586495e-07, 7.556154687941127e-07, 7.390414478902741e-07, 7.228794641934489e-07, 7.070315975137493e-07, 6.915109190458948e-07, 6.764154791458006e-07]
ndim2: 500
W_list: [3.2]
L_list: [46.059099478880775]
