R_list= [ 1  2  3  4  5  6  7  8  9 10 11 12 13 14 15 16 17 18 19 20 21 22 23 24
 25 26 27 28 29 30]
C_final_list= [3.9031104306018314e-08, 1.4712835132619152e-08, 4.260648852993052e-09, 1.0737539865271322e-09, 2.5265329754721574e-10, 5.8017380579276855e-11, 1.3382363857682816e-11, 3.1609684655095815e-12, 7.970139515413879e-13, 2.2524498838884132e-13, 9.020983519527746e-14, 2.783787748926336e-14, 4.879427140731611e-15, 7.951945690248724e-16, 1.6890154544049597e-16, 3.1472864425315106e-17, 5.807483469372018e-18, 1.1257201829579946e-18, 2.175381665015137e-19, 4.2427073141966075e-20, 9.040511586826897e-21, 2.114998813648153e-21, 6.225494139115353e-22, 2.633237808357878e-22, 1.5894890975173623e-22, 1.2085036556543057e-22, 1.0488291247867144e-22, 9.828686433078783e-23, 9.455440488189173e-23, 9.153437459249647e-23]
W_list: [6]
L_list: [0.9647100567869149]
