R_list= [ 1  2  3  4  5  6  7  8  9 10 11 12 13 14 15 16 17 18 19 20 21 22 23 24
 25 26 27 28 29 30 31 32 33 34 35 36 37 38]
C_final_list= [2.2420396332730974e-06, 1.7018104142481947e-06, 1.2769227784735882e-06, 9.578248472255456e-07, 7.179577795115991e-07, 5.369240843383075e-07, 4.012631386164802e-07, 2.995631523079637e-07, 2.2265237804132072e-07, 1.6594551183014753e-07, 1.2382923968266857e-07, 9.245568163230886e-08, 6.902412955219964e-08, 5.1429183489708246e-08, 3.833085652675489e-08, 2.8679504546858933e-08, 2.14027863697135e-08, 1.597977927266073e-08, 1.1944331697606453e-08, 8.870316370456522e-09, 6.5999267603680276e-09, 4.932142105091542e-09, 3.6641699820820898e-09, 2.717320998038905e-09, 2.0143588932824494e-09, 1.496170493826073e-09, 1.1157326282016512e-09, 8.291499202466531e-10, 6.159693928220514e-10, 4.510963095889556e-10, 3.287295932925082e-10, 2.4158133145585477e-10, 1.7736148356308049e-10, 1.3035295184151513e-10, 9.591269979137305e-11, 6.972584134761726e-11, 4.996091754410931e-11, 3.560692751040671e-11]
W_list: [9.2]
L_list: [3.489837962368303]
