R_list= [ 1  2  3  4  5  6  7  8  9 10 11 12 13 14 15 16 17 18 19 20 21 22 23 24
 25 26 27 28 29 30 31 32 33 34 35 36 37 38]
C_final_list= [7.103895452227124e-06, 6.1422689537572415e-06, 5.266044073076723e-06, 4.497029113801822e-06, 3.833003318198172e-06, 3.2652830253016204e-06, 2.781162463347615e-06, 2.3678756429492666e-06, 2.015024788113557e-06, 1.7140031017734736e-06, 1.457590305287737e-06, 1.2393984132549527e-06, 1.0528172583245812e-06, 8.941653984553345e-07, 7.593301219255202e-07, 6.444679898677448e-07, 5.467427001784567e-07, 4.637753459090045e-07, 3.936425814513155e-07, 3.3405523871455e-07, 2.827846313066888e-07, 2.3909595658382356e-07, 2.0197217881870593e-07, 1.705721860757343e-07, 1.4422132253694131e-07, 1.2202886587018808e-07, 1.0325044597594452e-07, 8.740834340540675e-08, 7.398853686559184e-08, 6.26246614488595e-08, 5.305020788556386e-08, 4.498829937856799e-08, 3.816005206705892e-08, 3.234164355470061e-08, 2.741720266192718e-08, 2.3234945320686973e-08, 1.9665437738572772e-08, 1.667291005676453e-08]
W_list: [8.0]
L_list: [6.291419186072576]
