R_list= [ 1  2  3  4  5  6  7  8  9 10 11 12 13 14 15 16 17 18 19 20 21 22 23 24
 25 26 27 28 29 30 31 32 33 34 35 36 37 38]
C_final_list= [2.9354756113173073e-06, 2.3290014088020615e-06, 1.8223493390163114e-06, 1.4233521380105526e-06, 1.1093763989962612e-06, 8.626797286809207e-07, 6.706401468628893e-07, 5.211936103552614e-07, 4.0504598305880577e-07, 3.1513234700986707e-07, 2.4440920915292353e-07, 1.8968920417786204e-07, 1.4705948428335891e-07, 1.137805092760012e-07, 8.803707596269772e-08, 6.809398685491327e-08, 5.2566857705454104e-08, 4.068225235691303e-08, 3.1436789832557843e-08, 2.4307130843538724e-08, 1.8792267125673533e-08, 1.4468224425424378e-08, 1.1145752090002673e-08, 8.627597608039417e-09, 6.672872411786151e-09, 5.1296353948661696e-09, 3.959915657682783e-09, 3.0571738339540065e-09, 2.3566688471397765e-09, 1.798528084361719e-09, 1.3774236606964819e-09, 1.058840358892724e-09, 8.160312025632137e-10, 6.335484436769392e-10, 4.913547195938934e-10, 3.79810048066309e-10, 2.9337236440792643e-10, 2.2318796046979298e-10]
W_list: [8.6]
L_list: [4.057116243743838]
