R_list= [ 1  2  3  4  5  6  7  8  9 10 11 12 13 14 15 16 17 18 19 20 21 22 23 24
 25 26 27 28 29 30 31 32 33 34 35 36 37 38]
C_final_list= [5.112918940698712e-07, 3.6528970708134164e-07, 2.597434811595315e-07, 1.8622619016552444e-07, 1.3349965643457623e-07, 9.529148565327645e-08, 6.789044174139245e-08, 4.8337657050570586e-08, 3.461478441226457e-08, 2.475557856748092e-08, 1.7683722683131842e-08, 1.258820615748859e-08, 8.89410984441444e-09, 6.272858591374551e-09, 4.4065677261465006e-09, 3.095952159258805e-09, 2.175398814513207e-09, 1.529792966573404e-09, 1.0766761543368906e-09, 7.586723750659216e-10, 5.334570520220023e-10, 3.7327003310547365e-10, 2.6230804247999155e-10, 1.8403221063352065e-10, 1.3018585379483865e-10, 9.127838930939177e-11, 6.342931677067605e-11, 4.346260809722108e-11, 3.0033720284938874e-11, 2.0812735680601913e-11, 1.4479915783334385e-11, 9.95785965618683e-12, 6.7866302740002116e-12, 4.558102391516804e-12, 3.0501842565508074e-12, 2.0512456415183676e-12, 1.4106468423006142e-12, 9.863826030341423e-13]
W_list: [6]
L_list: [2.9704675032941292]
