R_list= [ 1  2  3  4  5  6  7  8  9 10 11 12 13 14 15 16 17 18 19 20 21 22 23 24
 25 26 27 28 29 30 31 32 33 34 35 36 37 38]
C_final_list= [9.212605417949741e-07, 8.426314636848078e-07, 7.664909827971367e-07, 6.957251936901997e-07, 6.309683239993235e-07, 5.719663313843298e-07, 5.18315585771345e-07, 4.6980664002166444e-07, 4.2578303484456796e-07, 3.8537000995810114e-07, 3.484997685567438e-07, 3.151742030778026e-07, 2.8504664085017625e-07, 2.578685793829167e-07, 2.3316389713327095e-07, 2.1058692305288783e-07, 1.9045121845888196e-07, 1.72156047532421e-07, 1.554389204321984e-07, 1.4042885889925044e-07, 1.2682553723987773e-07, 1.1443820967783364e-07, 1.0311046347835463e-07, 9.278521704138614e-08, 8.344672692172371e-08, 7.507379410867678e-08, 6.749374196170264e-08, 6.075024079123743e-08, 5.4741358327671223e-08, 4.931209781870115e-08, 4.439583691127953e-08, 3.9953214945874846e-08, 3.5947537421317424e-08, 3.2369479045492876e-08, 2.917513287938774e-08, 2.6266355296031036e-08, 2.3660198395314844e-08, 2.1299095558919936e-08]
W_list: [7.4]
L_list: [10.090074325417495]
