C_final_list: [2.006425779576356e-06, 1.7718827965606322e-06, 1.5561391067381399e-06, 1.3669834074558122e-06, 1.2069765574141672e-06, 1.0635346260421025e-06, 9.351458928775093e-07, 8.228199072242183e-07, 7.247775361307223e-07, 6.381432109092318e-07, 5.62166803421862e-07, 4.95097567745336e-07, 4.3650631212106054e-07, 3.854879698208186e-07, 3.3990440217098255e-07, 2.994999450969289e-07, 2.6403848011629706e-07, 2.334581613430859e-07, 2.059878243348868e-07, 1.8071631450671037e-07, 1.5870923860322773e-07, 1.388065847789183e-07, 1.21701209666873e-07, 1.061516380210024e-07, 9.290413554664545e-08, 8.11748410353735e-08, 7.092222711856437e-08, 6.22715752813585e-08, 5.459603460252023e-08, 4.7755055911738794e-08, 4.164065109572684e-08, 3.627583071105854e-08, 3.178137497827594e-08, 2.7783958091620906e-08, 2.4319752954304104e-08]
ndim2: 500
W_list: [2.8]
L_list: [7.858559029378958]
