R_list= [ 1  2  3  4  5  6  7  8  9 10 11 12 13 14 15 16 17 18 19 20 21 22 23 24
 25 26 27 28 29 30 31 32 33 34 35 36 37 38]
C_final_list= [3.4419908125247625e-05, 2.212117056990364e-05, 1.4164616141722892e-05, 9.03283877012612e-06, 5.757260539879124e-06, 3.6767579643625327e-06, 2.335941859065233e-06, 1.4827040902677086e-06, 9.420653724363945e-07, 5.984192467609348e-07, 3.7932261357042427e-07, 2.3944417014857664e-07, 1.5162991965121175e-07, 9.557380440340144e-08, 6.03874973555527e-08, 3.8143228952045544e-08, 2.4081294123238893e-08, 1.5294885374390702e-08, 9.72307124956279e-09, 6.187370015081703e-09, 3.922199516502808e-09, 2.508451910506702e-09, 1.6023915722559778e-09, 1.010281633381848e-09, 6.346688520725638e-10, 3.947643850887007e-10, 2.433983306234314e-10, 1.54095341557067e-10, 9.786059690405915e-11, 6.180585578013527e-11, 3.9091524375363465e-11, 2.41627986015087e-11, 1.4921413748249294e-11, 9.18287722912451e-12, 5.5877861090572134e-12, 3.4259268801635642e-12, 2.078757852800448e-12, 1.2473123492093228e-12]
W_list: [8.35]
L_list: [2.2413478855494944]
