R_list= [ 1  2  3  4  5  6  7  8  9 10 11 12 13 14 15 16 17 18 19 20 21 22 23 24
 25 26 27 28 29 30 31 32 33 34 35 36 37 38]
C_final_list= [5.521009806193055e-07, 4.820698868197661e-07, 4.1722841700081756e-07, 3.596362955598045e-07, 3.0919630772938906e-07, 2.6563956286186363e-07, 2.2797971963642828e-07, 1.9525685053772497e-07, 1.6712425189423412e-07, 1.430000314825113e-07, 1.221131801291509e-07, 1.0430823015806343e-07, 8.911161270135657e-08, 7.615387326722657e-08, 6.510174439970796e-08, 5.5620519593567345e-08, 4.74959567031399e-08, 4.0516915319866376e-08, 3.446387504874132e-08, 2.9305791312648782e-08, 2.4895271123486957e-08, 2.1163941567163585e-08, 1.8012662286299616e-08, 1.53126574172401e-08, 1.3000045532110288e-08, 1.1050444337062326e-08, 9.393640151737597e-09, 7.963807801613804e-09, 6.754121808553515e-09, 5.726331805026086e-09, 4.8399947794607446e-09, 4.089445944159146e-09, 3.4537635910071668e-09, 2.9100621554026814e-09, 2.454809790981458e-09, 2.072311326459295e-09, 1.7507031488057087e-09, 1.482821045500246e-09]
W_list: [8.4]
L_list: [6.5922100068984655]
