C_final_list: [1.0360337952020853e-06, 9.984309718501494e-07, 9.607205470083889e-07, 9.23849932024727e-07, 8.880365564378792e-07, 8.534917582709878e-07, 8.19919767962004e-07, 7.873254031030543e-07, 7.562628725838907e-07, 7.26008643597312e-07, 6.971416636757348e-07, 6.691253089923494e-07, 6.423159360123017e-07, 6.160544100077843e-07, 5.907599789859014e-07, 5.662340809979034e-07, 5.429296181602929e-07, 5.204044216675914e-07, 4.988804178686793e-07, 4.781334291317891e-07, 4.583882786781735e-07, 4.3959141182565925e-07, 4.217492795676208e-07, 4.0458641998863947e-07, 3.880487357299125e-07, 3.722312241207323e-07, 3.5704387394555685e-07, 3.425830906570828e-07, 3.2862118228429754e-07, 3.153520352490467e-07, 3.0240031466855636e-07, 2.9010196254481324e-07, 2.782761369785306e-07, 2.668129302193066e-07, 2.558169448015242e-07, 2.452717056833029e-07, 2.3516323923389012e-07, 2.2548346225732886e-07, 2.16172132747941e-07, 2.072626546689868e-07, 1.986552847520053e-07, 1.903612340364671e-07, 1.8250754787187765e-07, 1.7488480611094938e-07, 1.6756898731257876e-07, 1.6053399240744823e-07, 1.5383344160040203e-07, 1.4735696745713264e-07, 1.411625629368164e-07, 1.3516189479026804e-07]
ndim2: 500
W_list: [3.8]
L_list: [24.19683065085192]
