C_final_list: [1.5857347568784562e-06, 1.5605451366104185e-06, 1.5384516469754185e-06, 1.5145866274667606e-06, 1.491851983978297e-06, 1.469651646198825e-06, 1.4477681132915292e-06, 1.426422304085211e-06, 1.4053355398811688e-06, 1.3846460817866082e-06, 1.3640152880656145e-06, 1.3437686905216297e-06, 1.3238417177742082e-06, 1.304243067258173e-06, 1.284856569124427e-06, 1.2656805678344244e-06, 1.246676895689603e-06, 1.227934587868336e-06, 1.209675376924272e-06, 1.1918817747387842e-06, 1.1740317891137046e-06, 1.1565509127679608e-06, 1.1390743222755007e-06, 1.1218353717911682e-06, 1.1050551662119683e-06, 1.0883212436300774e-06, 1.0716007818989817e-06, 1.0554262097516782e-06, 1.0396922989765229e-06, 1.0238391124525865e-06, 1.0084642343178455e-06, 9.932663724892067e-07, 9.781382548608746e-07, 9.632895798262094e-07, 9.486057170010404e-07]
ndim2: 500
W_list: [1.6]
L_list: [66.40110881436942]
