C_list:
8.322116091682952e-07 0.1591170346050134
ndim2: 500
W_list: [4.0]
L_list: [6.284682230801782]
