R_list= [ 1  2  3  4  5  6  7  8  9 10 11 12 13 14 15 16 17 18 19 20 21 22 23 24
 25 26 27 28 29 30 31 32 33 34 35 36 37 38]
C_final_list= [5.820932590663648e-06, 4.929630400934494e-06, 4.129635245641326e-06, 3.4414139739953395e-06, 2.8619982807286038e-06, 2.376965266327479e-06, 1.9735151487156566e-06, 1.6383926069249728e-06, 1.3592505698993305e-06, 1.127731323060498e-06, 9.343859159475812e-07, 7.737123158499756e-07, 6.402797791318991e-07, 5.297337505701175e-07, 4.3837325616933717e-07, 3.633576837759673e-07, 3.011516464810885e-07, 2.492987411699244e-07, 2.0640635362276886e-07, 1.7107967430424995e-07, 1.4183204141294774e-07, 1.1754725992442465e-07, 9.738972438517273e-08, 8.066513664552818e-08, 6.676785215237595e-08, 5.520473600502902e-08, 4.559586580609401e-08, 3.7615067504560217e-08, 3.101246304676238e-08, 2.5572707869117905e-08, 2.107210185193805e-08, 1.7378557550209187e-08, 1.4369451704759284e-08, 1.184620076076444e-08, 9.7582802421401e-09, 8.066575530780142e-09, 6.66891994424638e-09, 5.518106942034224e-09]
W_list: [8.4]
L_list: [5.47393703338019]
