C_final_list: [2.015725504175157e-06, 1.898683885880964e-06, 1.7845547541277567e-06, 1.676262534371162e-06, 1.575612058928578e-06, 1.4787679056987828e-06, 1.3890029359690984e-06, 1.305322097938563e-06, 1.2260920541903569e-06, 1.1522677081778633e-06, 1.083014627556472e-06, 1.018103997785149e-06, 9.561776931978037e-07, 8.981200001362285e-07, 8.426442578516952e-07, 7.909527477733328e-07, 7.424720091621842e-07, 6.965654365408744e-07, 6.526619354481038e-07, 6.112119055944898e-07, 5.725713634591861e-07, 5.36693232840324e-07, 5.028587669569159e-07, 4.713966601491917e-07, 4.4171848246187983e-07, 4.1330147414630634e-07, 3.8652867489508763e-07, 3.6158451105292314e-07, 3.3849000979328774e-07, 3.1667532660839607e-07, 2.95939434249429e-07, 2.7693677612990256e-07, 2.5910451332248095e-07, 2.4231902712982154e-07, 2.2648369360461329e-07, 2.1162660346584693e-07, 1.9751583317656045e-07, 1.8451515482614335e-07, 1.722835766213564e-07, 1.6101343447818859e-07, 1.506418754334597e-07, 1.4075226219992936e-07, 1.3154021313572046e-07, 1.228893683551957e-07, 1.1486694119973617e-07, 1.073662696641634e-07, 1.003994949519343e-07, 9.369825099589425e-08, 8.73775323871315e-08, 8.148515902341923e-08]
ndim2: 500
W_list: [3.0]
L_list: [15.713545826591899]
