C_final_list: [1.848915048957881e-06, 1.5947078489537066e-06, 1.3755913972574244e-06, 1.192754868581629e-06, 1.0325503391033857e-06, 8.948891994260854e-07, 7.713091388739354e-07, 6.640385770811701e-07, 5.690125748217515e-07, 4.87837487775276e-07, 4.183129311475813e-07, 3.5933376782051243e-07, 3.0755418042994746e-07, 2.6236076378096315e-07, 2.2377426808189993e-07, 1.9095962661610138e-07, 1.6291448704931634e-07, 1.392240016689658e-07, 1.190781578757201e-07, 1.0158496940365086e-07, 8.659849600335748e-08, 7.366566078971693e-08, 6.279080807542238e-08, 5.347368688692737e-08, 4.556184794881385e-08, 3.880059789068616e-08, 3.3052120819109966e-08, 2.8081757772622418e-08, 2.3923437946125114e-08, 2.034207780378096e-08, 1.7224442893731023e-08, 1.46627738418008e-08, 1.2463452262894363e-08, 1.0619233128784002e-08, 9.036080948522476e-09]
ndim2: 500
W_list: [2.8]
L_list: [6.701759272562388]
