C_final_list: [1.485290360172846e-06, 1.4294189095118871e-06, 1.372431926026224e-06, 1.3159687088894606e-06, 1.2612792509631879e-06, 1.2090360846771478e-06, 1.1588056496959535e-06, 1.1104383667461185e-06, 1.0640901478533646e-06, 1.0196247277175476e-06, 9.778439567106672e-07, 9.37048913858487e-07, 8.980417108636546e-07, 8.601415636999129e-07, 8.238980591105989e-07, 7.882414365592351e-07, 7.543671193249029e-07, 7.216677266031636e-07, 6.899838518589551e-07, 6.600005023281036e-07, 6.316328595021704e-07, 6.045169938298213e-07, 5.781957362930483e-07, 5.534696712961667e-07, 5.291461878971956e-07, 5.061161875465983e-07, 4.839745655007124e-07, 4.6260802839254284e-07, 4.4230329057001226e-07, 4.227415402376118e-07, 4.0379104535370505e-07, 3.856387086723469e-07, 3.6832613149944727e-07, 3.5153155257042856e-07, 3.3553606831184373e-07]
ndim2: 500
W_list: [2.0]
L_list: [23.096554585772815]
