R_list= [ 1  2  3  4  5  6  7  8  9 10 11 12 13 14 15 16 17 18 19 20 21 22 23 24
 25 26 27 28 29 30 31 32 33 34 35 36 37 38]
C_final_list= [3.6274708786392745e-07, 3.265915154564974e-07, 2.926991990861059e-07, 2.61256517105625e-07, 2.3266140058279622e-07, 2.0674423782335004e-07, 1.8357084744130475e-07, 1.6294477213431822e-07, 1.4447987523943163e-07, 1.2803073438406536e-07, 1.1354771946374799e-07, 1.0083679293977738e-07, 8.967801375519395e-08, 7.970591932823674e-08, 7.073944435456303e-08, 6.276412496019976e-08, 5.5715254610222237e-08, 4.940259647706795e-08, 4.380498400824718e-08, 3.882315817220421e-08, 3.438189559452961e-08, 3.0425784957107236e-08, 2.6930237481367636e-08, 2.383778780745223e-08, 2.1071096610821863e-08, 1.859639341332431e-08, 1.6392593674864838e-08, 1.4459646122480056e-08, 1.2744657873675668e-08, 1.122005366152079e-08, 9.879013319987474e-09, 8.697976027686642e-09, 7.649021127247597e-09, 6.726231653276938e-09, 5.909520210202486e-09, 5.190908532686438e-09, 4.555132835479668e-09, 3.997476599604134e-09]
W_list: [7]
L_list: [8.519618189816129]
