C_final_list: [1.8440451983285335e-06, 1.821955601126161e-06, 1.8003160718367804e-06, 1.7795825406730327e-06, 1.7594108299623015e-06, 1.7396492731088062e-06, 1.7202618544613335e-06, 1.7012361899563218e-06, 1.6823430130760776e-06, 1.663581183186591e-06, 1.6451319891842411e-06, 1.6268092565834926e-06, 1.608667594264998e-06, 1.5907725411805753e-06, 1.573118147746639e-06, 1.5555548733090273e-06, 1.538391262615899e-06, 1.521626480549171e-06, 1.5050047016018728e-06, 1.4887794594803386e-06, 1.472458549674407e-06, 1.4563256780881589e-06, 1.4402675481237081e-06, 1.4244734231129064e-06, 1.4087908967338026e-06, 1.3932550240502053e-06, 1.3779245201274882e-06, 1.3628494767658052e-06, 1.3477167229816042e-06, 1.3326756612857636e-06, 1.3178074035005801e-06, 1.3031841332263005e-06, 1.2886441257315922e-06, 1.2741189721099377e-06, 1.259807909323563e-06]
ndim2: 500
W_list: [2.6]
L_list: [89.748476721135]
