R_list= [ 1  2  3  4  5  6  7  8  9 10 11 12 13 14 15 16 17 18 19 20 21 22 23 24
 25 26 27 28 29 30 31 32 33 34 35 36 37 38]
C_final_list= [8.625123034020358e-07, 7.812890539044775e-07, 7.074532655538909e-07, 6.397117105927279e-07, 5.786262073062898e-07, 5.231070257214476e-07, 4.720637215332809e-07, 4.257457139200989e-07, 3.836666546591041e-07, 3.456590996849005e-07, 3.1119148227245794e-07, 2.802759367642655e-07, 2.522351088134831e-07, 2.271366175665685e-07, 2.0459640066138176e-07, 1.8421957568087072e-07, 1.6580749211833017e-07, 1.4910536512697192e-07, 1.3389261727698955e-07, 1.2028387631261116e-07, 1.0808407682033312e-07, 9.71403744228096e-08, 8.727542815535296e-08, 7.846100620558947e-08, 7.048407736451009e-08, 6.339696232125787e-08, 5.6971827364656085e-08, 5.114789821757797e-08, 4.588936591221008e-08, 4.117204067688768e-08, 3.6979114473917065e-08, 3.3227158328305836e-08, 2.984010355528403e-08, 2.6798088611356086e-08, 2.4023542949616343e-08, 2.151543181278268e-08, 1.9241970854649525e-08, 1.72259704197143e-08]
W_list: [6]
L_list: [9.68008206537736]
