R_list= [ 1  2  3  4  5  6  7  8  9 10 11 12 13 14 15 16 17 18 19 20 21 22 23 24
 25 26 27 28 29 30 31 32 33 34 35 36 37 38]
C_final_list= [2.419351492783181e-06, 2.1344424186163306e-06, 1.8628731246944314e-06, 1.6184038633121407e-06, 1.4030027994139798e-06, 1.2153797056889664e-06, 1.0528968945615867e-06, 9.115692433466915e-07, 7.888135764609204e-07, 6.818358248395634e-07, 5.892099377888156e-07, 5.086297639184943e-07, 4.386285645836147e-07, 3.78097233365669e-07, 3.2623336053658943e-07, 2.813986162262098e-07, 2.425496185559425e-07, 2.090379443687134e-07, 1.8019345251319453e-07, 1.5521065663120596e-07, 1.335652341961639e-07, 1.1490376137510337e-07, 9.88197687934164e-08, 8.498080971531249e-08, 7.313241071678975e-08, 6.29719988308924e-08, 5.424679907040715e-08, 4.669943056619087e-08, 4.027714973687558e-08, 3.471441266256997e-08, 2.992524199970883e-08, 2.579295937183093e-08, 2.2227902032251687e-08, 1.9147876503019457e-08, 1.6492632255422364e-08, 1.4197210505838766e-08, 1.2211456895785e-08, 1.0477784831543645e-08]
W_list: [8.2]
L_list: [7.01174048525567]
