R_list= [ 1  2  3  4  5  6  7  8  9 10 11 12 13 14 15 16 17 18 19 20 21 22 23 24
 25 26 27 28 29 30 31 32 33 34 35 36 37 38]
C_final_list= [2.9184012100432025e-07, 2.466357157317865e-07, 2.0593562671300125e-07, 1.7042934389417e-07, 1.4067932705488464e-07, 1.1614865434494269e-07, 9.5977986234498e-08, 7.93053954037354e-08, 6.556523410848044e-08, 5.4094716491609927e-08, 4.4537152477416005e-08, 3.6551794119416885e-08, 2.9969180949002664e-08, 2.4541259006921944e-08, 2.00385788464594e-08, 1.6355284428122673e-08, 1.3347063066706418e-08, 1.0881737726587804e-08, 8.877080687373288e-09, 7.2220560787290396e-09, 5.8752387001347135e-09, 4.779671048016837e-09, 3.887209485736119e-09, 3.1583939922281624e-09, 2.563507033401702e-09, 2.076388252539859e-09, 1.6856614361417744e-09, 1.367617428766034e-09, 1.1097997187389622e-09, 9.026273011709787e-10, 7.311359132816919e-10, 5.918672424157234e-10, 4.788968631235263e-10, 3.901524085797425e-10, 3.182608966333151e-10, 2.585938299338252e-10, 2.0946596787917034e-10, 1.6949797319312795e-10]
W_list: [8.4]
L_list: [5.313271328326527]
