R_list= [ 1  2  3  4  5  6  7  8  9 10 11 12 13 14 15 16 17 18 19 20 21 22 23 24
 25 26 27 28 29 30 31 32 33 34 35 36 37 38]
C_final_list= [1.348608041670452e-06, 1.2287392695269197e-06, 1.1367324837758382e-06, 1.0496970973658696e-06, 9.691789745583471e-07, 8.938393574873898e-07, 8.24046921253779e-07, 7.59643148797714e-07, 7.000029992496018e-07, 6.445620886007328e-07, 5.926059342385695e-07, 5.445133679557392e-07, 5.002626259692565e-07, 4.600117693468501e-07, 4.229665108375762e-07, 3.888925753941792e-07, 3.575941177840889e-07, 3.2906346256050195e-07, 3.0277772445560575e-07, 2.78601135215122e-07, 2.564483788023653e-07, 2.3597145260710405e-07, 2.1706356011365656e-07, 1.9955612566930444e-07, 1.8324222911423174e-07, 1.6829481556835572e-07, 1.5459096616557548e-07, 1.419181684575007e-07, 1.3016925574993066e-07, 1.1942602360153212e-07, 1.09441492052973e-07, 1.0021379204748157e-07, 9.187464301843084e-08, 8.417546651985195e-08, 7.705798897124405e-08, 7.05376137739064e-08, 6.454780419510114e-08, 5.908474899851275e-08]
W_list: [5]
L_list: [12.077390293979436]
