C_final_list: [2.03014226825516e-06, 1.9102583723887664e-06, 1.829044623109818e-06, 1.735955869479312e-06, 1.6463709049058386e-06, 1.5625764939186604e-06, 1.4839149052022353e-06, 1.4084826795274535e-06, 1.3381026852926055e-06, 1.2708186382972419e-06, 1.2057037123259428e-06, 1.145132409165951e-06, 1.087600631926474e-06, 1.0320075492230509e-06, 9.798429005936709e-07, 9.298937625201951e-07, 8.823805079853792e-07, 8.373109862110604e-07, 7.944914176613362e-07, 7.539569028138765e-07, 7.162428833983421e-07, 6.803572763949372e-07, 6.46571191133839e-07, 6.137316859539463e-07, 5.821935239387136e-07, 5.525332635167218e-07, 5.243544394844727e-07, 4.973729740141205e-07, 4.7185995893908256e-07, 4.476882974917e-07, 4.248122558630318e-07, 4.0252185661477576e-07, 3.817159362367412e-07, 3.619828600316914e-07, 3.4343635894240217e-07]
ndim2: 500
W_list: [1.2]
L_list: [19.23481342670351]
