R_list= [ 1  2  3  4  5  6  7  8  9 10 11 12 13 14 15 16 17 18 19 20 21 22 23 24
 25 26 27 28 29 30 31 32 33 34 35 36 37 38]
C_final_list= [2.1535515082291062e-05, 1.757326377418017e-05, 1.4220467244029816e-05, 1.1470883662918385e-05, 9.245543269874908e-06, 7.445859606368089e-06, 5.989309416988223e-06, 4.8129874979817215e-06, 3.865345777891101e-06, 3.1026044148277027e-06, 2.491964869431603e-06, 2.000696960206653e-06, 1.6058974847856554e-06, 1.289948037253491e-06, 1.0362648718628454e-06, 8.324171897943801e-07, 6.685106373045961e-07, 5.366049817301005e-07, 4.312131653295295e-07, 3.4673114043718053e-07, 2.7855839708263027e-07, 2.2364906600859685e-07, 1.7968521204898906e-07, 1.441934812470079e-07, 1.1569959818039979e-07, 9.308907771243418e-08, 7.487068552218827e-08, 6.011993653436157e-08, 4.8345261132514e-08, 3.891603752448199e-08, 3.133400720359398e-08, 2.5202322792407438e-08, 2.0257266542793853e-08, 1.626014960086671e-08, 1.304531810654301e-08, 1.0477729218459378e-08, 8.437731382260241e-09, 6.793224133578868e-09]
W_list: [8.2]
L_list: [4.66212850710254]
