C_final_list: [1.7090266571509825e-06, 1.4061182706052334e-06, 1.1576755099344255e-06, 9.480073749122016e-07, 7.780802998803593e-07, 6.410265027875344e-07, 5.292767303519457e-07, 4.3510876839803763e-07, 3.5875654602296273e-07, 2.9401146292277265e-07, 2.4023127585275417e-07, 1.9648859441372198e-07, 1.6051198345378143e-07, 1.3087264104176003e-07, 1.0679336134245888e-07, 8.722322797934377e-08, 7.105213038531291e-08, 5.809201014075704e-08, 4.749913073219223e-08, 3.886503114180005e-08, 3.1582373462807845e-08, 2.5769646347510535e-08, 2.0875189172044714e-08, 1.6920832216876456e-08, 1.370942777753045e-08, 1.103930727436137e-08, 8.931593492404708e-09, 7.2108694979303285e-09, 5.8059572619778735e-09, 4.694624891379828e-09, 3.807199730005787e-09, 3.0747268465051615e-09, 2.4937878830261456e-09, 2.0388226837200597e-09, 1.6471555667881394e-09, 1.3365531939789024e-09, 1.0749741089790192e-09, 8.709786735543285e-10, 7.062414258606802e-10, 5.739568023337609e-10, 4.633249081025452e-10, 3.7784369912311716e-10, 3.0823717258407524e-10, 2.5356493004938774e-10, 2.0667691296234987e-10, 1.6980289856381244e-10, 1.3928079082170092e-10, 1.14225283908677e-10, 9.473863196635616e-11, 7.790332477932802e-11]
ndim2: 500
W_list: [3.8]
L_list: [5.0897896058203695]
