R_list= [ 1  2  3  4  5  6  7  8  9 10 11 12 13 14 15 16 17 18 19 20 21 22 23 24
 25 26 27 28 29 30 31 32 33 34 35 36 37 38]
C_final_list= [4.699710227311146e-07, 4.0507449673012733e-07, 3.4529968554962933e-07, 2.92542254651954e-07, 2.4730749525752176e-07, 2.090857243470945e-07, 1.766324299487629e-07, 1.4867308650476402e-07, 1.2499965748576775e-07, 1.0480091366742185e-07, 8.78319005898311e-08, 7.36298311610337e-08, 6.16109709118797e-08, 5.1571369105335265e-08, 4.31460347104138e-08, 3.611201318884372e-08, 3.031590236809418e-08, 2.540791814053947e-08, 2.1266492637614276e-08, 1.7793438869384618e-08, 1.4914890485189746e-08, 1.250644135815225e-08, 1.0476850997570505e-08, 8.769397607234684e-09, 7.3448717092863616e-09, 6.157147477615154e-09, 5.1562813161846336e-09, 4.308788865107533e-09, 3.60019145127882e-09, 3.0084301217340963e-09, 2.523569619869935e-09, 2.119679771913451e-09, 1.7736537938465686e-09, 1.4837710191350525e-09, 1.239311151439367e-09, 1.0360973009136544e-09, 8.64057960568841e-10, 7.181939068239346e-10]
W_list: [8.6]
L_list: [5.9581510328770895]
