C_final_list: [1.3851576484676505e-06, 1.3104890306445228e-06, 1.2368031975295159e-06, 1.167644758364003e-06, 1.1022624463847808e-06, 1.040322945376764e-06, 9.81980061456586e-07, 9.265275301529097e-07, 8.743990906096344e-07, 8.250426480982928e-07, 7.788738186164043e-07, 7.3465551002116e-07, 6.928400509568896e-07, 6.5352283989949e-07, 6.163589310942425e-07, 5.813792570874355e-07, 5.481316814593933e-07, 5.171571867118994e-07, 4.880242430835987e-07, 4.605564033297835e-07, 4.343018018150819e-07, 4.0932075624043433e-07, 3.8566667177569264e-07, 3.633235282056713e-07, 3.4206533779789023e-07, 3.216276508610332e-07, 3.028032986126528e-07, 2.849973925810875e-07, 2.681928647534045e-07, 2.5257655372750235e-07, 2.3792379455805037e-07, 2.2416819586311029e-07, 2.112672482516455e-07, 1.9925676993058672e-07, 1.8792698223986816e-07]
ndim2: 500
W_list: [3.2]
L_list: [17.13134186931028]
