C_final_list: [1.4816138848260931e-06, 1.4526852233492734e-06, 1.4238993054719748e-06, 1.3959162981044405e-06, 1.3682192102328365e-06, 1.340922753938851e-06, 1.314201871179813e-06, 1.287844143935537e-06, 1.262228886116578e-06, 1.2373709423927817e-06, 1.213307337850924e-06, 1.18955460012305e-06, 1.1659615682939036e-06, 1.1427648484240546e-06, 1.1194921966312194e-06, 1.0970176119213521e-06, 1.0748791853504445e-06, 1.053107596231222e-06, 1.0316707511679697e-06, 1.0109849189903794e-06, 9.905892881025714e-07, 9.703792008432266e-07, 9.507043213695687e-07, 9.314422288253369e-07, 9.12354498060652e-07, 8.935927483563449e-07, 8.752722097981835e-07, 8.57442479841941e-07, 8.398660124958602e-07, 8.226024834329451e-07, 8.05840234743505e-07, 7.892647759264995e-07, 7.730261760480756e-07, 7.570940909475184e-07, 7.413302956248809e-07, 7.259382657669177e-07, 7.108677301200768e-07, 6.962014072908306e-07, 6.817905110539602e-07, 6.67457876292381e-07, 6.535097865572761e-07, 6.398758425828535e-07, 6.264972496948395e-07, 6.134057386905966e-07, 6.004673464510621e-07, 5.878619164713737e-07, 5.754083845646273e-07, 5.632116849349991e-07, 5.512103251032006e-07, 5.394936318439641e-07]
ndim2: 500
W_list: [3.25]
L_list: [48.79438873079273]
