C_final_list: [1.4703504028248149e-06, 1.4429619969453495e-06, 1.4157575547277877e-06, 1.389235904872748e-06, 1.363582481080252e-06, 1.3385240497393207e-06, 1.3139857447667054e-06, 1.290100955702841e-06, 1.2666299631510779e-06, 1.2436671376075885e-06, 1.2210989814845283e-06, 1.198873085911035e-06, 1.1774503463120571e-06, 1.1564926250114376e-06, 1.1356955205427656e-06, 1.115316570585446e-06, 1.09555896464772e-06, 1.0762881567243468e-06, 1.0572373987674205e-06, 1.0385629178624275e-06, 1.0202933532109617e-06, 1.0021333717868832e-06, 9.84538055583463e-07, 9.670794822797398e-07, 9.497277725059715e-07, 9.324982692741631e-07, 9.155200181385931e-07, 8.987178266150164e-07, 8.823254841624488e-07, 8.661748023300772e-07, 8.505582603431195e-07, 8.351096622197638e-07, 8.199270522092725e-07, 8.048912949219843e-07, 7.901069210438172e-07, 7.756728284115872e-07, 7.61500551336214e-07, 7.474771026888582e-07, 7.33513049051729e-07, 7.198888102950172e-07, 7.065247752651206e-07, 6.934511686103096e-07, 6.802641695853876e-07, 6.674346625708939e-07, 6.547291291224036e-07, 6.422397287790978e-07, 6.299037883599904e-07, 6.177043041808744e-07, 6.05699051370132e-07, 5.940180192900802e-07]
ndim2: 500
W_list: [3.2]
L_list: [54.694482566804844]
