C_final_list: [1.8472092389101152e-06, 1.723361417244942e-06, 1.6007836555635425e-06, 1.4876818910715436e-06, 1.381790810864009e-06, 1.284706398260586e-06, 1.1934721911695592e-06, 1.109471169427894e-06, 1.0305973382800105e-06, 9.581073820013937e-07, 8.904805556240964e-07, 8.275550178039137e-07, 7.682741293502303e-07, 7.13261750707493e-07, 6.625059310833357e-07, 6.146438125311695e-07, 5.703792073493375e-07, 5.300836036909169e-07, 4.916854326129354e-07, 4.5601580145459167e-07, 4.228077112948545e-07, 3.922722397004787e-07, 3.642368746148692e-07, 3.3795005941652954e-07, 3.1356947038427445e-07, 2.9099153580353664e-07, 2.699174567543211e-07, 2.5034592682436805e-07, 2.3226206794198153e-07, 2.1531375854990249e-07, 1.9969691975047984e-07, 1.8484866373370747e-07, 1.7124070512073238e-07, 1.5862768696648768e-07, 1.4681562234374766e-07, 1.3602669914361952e-07, 1.259232441733098e-07, 1.1655673218728486e-07, 1.0795667609025612e-07, 1.0003727715656459e-07, 9.26066023273034e-08, 8.571013485184849e-08, 7.932100669784679e-08, 7.350669385437782e-08, 6.79662803221385e-08, 6.27426254804956e-08, 5.8004882559584876e-08, 5.356760200006129e-08, 4.9483486725787675e-08, 4.570229056176084e-08]
ndim2: 500
W_list: [3.2]
L_list: [13.515280537174322]
