C_final_list: [1.0498239760770915e-06, 9.584310290719106e-07, 8.706486100186441e-07, 7.906056865293509e-07, 7.167396498423523e-07, 6.50286834330271e-07, 5.90465677085374e-07, 5.366088301173959e-07, 4.879189698323877e-07, 4.4314083617782027e-07, 4.0279912870118636e-07, 3.654828881639495e-07, 3.317282653423019e-07, 3.0100835213733795e-07, 2.7238949784041227e-07, 2.466363964995017e-07, 2.2313414891989731e-07, 2.014320846079542e-07, 1.8182973325047415e-07, 1.642457722448839e-07, 1.4814798653065678e-07, 1.337006963388346e-07, 1.2038743378534397e-07, 1.0851622299373931e-07, 9.788500422792657e-08, 8.827812895924291e-08, 7.953000993137753e-08, 7.155838410097468e-08, 6.441098434275387e-08, 5.803490911777801e-08, 5.224124294934668e-08, 4.709226640372024e-08, 4.2482769171756715e-08, 3.830992859693446e-08, 3.457178395478494e-08]
ndim2: 500
W_list: [4.2]
L_list: [10.252045259698331]
