C_list:
8.055399342245054e-07 0.05786289893224205
ndim2: 500
W_list: [3.0]
L_list: [17.282231247539265]
