R_list= [ 1  2  3  4  5  6  7  8  9 10 11 12 13 14 15 16 17 18 19 20 21 22 23 24
 25 26 27 28 29 30 31 32]
C_final_list= [7.3565914556436e-08, 2.8175736937508734e-08, 8.344049430035753e-09, 2.15890886069709e-09, 5.212939115789549e-10, 1.1990280538621022e-10, 2.643475808297172e-11, 5.651822104686433e-12, 1.1887309170360384e-12, 2.5048405719728177e-13, 5.33362176735195e-14, 1.1600817290015197e-14, 2.5673240978852577e-15, 5.23413093165264e-16, 1.0693333275029257e-16, 2.1943035467518962e-17, 4.506748339984524e-18, 9.290322559380238e-19, 1.9449253017100764e-19, 4.23284060661086e-20, 9.998702360853254e-21, 2.7298712118736833e-21, 9.316819327835727e-22, 4.256230158981083e-22, 2.6271355915500624e-22, 2.0381273244415038e-22, 1.8035117253551683e-22, 1.693139082701483e-22, 1.633256710015908e-22, 1.5829097850151522e-22, 1.5641107246411967e-22, 1.5848026096214946e-22]
W_list: [6]
L_list: [0.9791660275420309]
