R_list= [ 1  2  3  4  5  6  7  8  9 10 11 12 13 14 15 16 17 18 19 20 21 22 23 24
 25 26 27 28 29 30 31 32]
C_final_list= [7.720677502635563e-08, 2.974406893973005e-08, 8.830706277719502e-09, 2.287118258560409e-09, 5.482980851479208e-10, 1.258524414769977e-10, 2.8023309249126607e-11, 6.111022050083913e-12, 1.3161568261506374e-12, 2.8221611731108965e-13, 6.117045728151016e-14, 1.3436691922933038e-14, 2.866218675492115e-15, 6.064195429491443e-16, 1.3000277764185463e-16, 2.7998864137538927e-17, 6.056114150350144e-18, 1.3452509624699337e-18, 3.060963601781878e-19, 6.803498601809272e-20, 1.4979281450689362e-20, 3.440606732475953e-21, 8.610590830676558e-22, 2.3241101535382223e-22, 7.473489349659511e-23, 3.1299949725741317e-23, 1.8032036180340727e-23, 1.371509735299998e-23, 1.1801278622334919e-23, 1.0535986862916696e-23, 9.565854565634478e-24, 9.125879115459114e-24]
W_list: [6]
L_list: [0.9835431604542808]
