R_list= [ 1  2  3  4  5  6  7  8  9 10 11 12 13 14 15 16 17 18 19 20 21 22 23 24
 25 26 27 28 29 30 31 32 33 34 35 36 37 38]
C_final_list= [1.5871972842038605e-07, 6.266508577750327e-08, 1.9207387219458437e-08, 5.179450026690137e-09, 1.3078297651257886e-09, 3.176818032090364e-10, 7.576524644202166e-11, 1.770713045495787e-11, 4.107939574722296e-12, 9.527421150062184e-13, 2.2419778865195e-13, 5.4001398633380054e-14, 1.3217144441437853e-14, 3.1260927506200484e-15, 7.094874524724787e-16, 1.5853570974033679e-16, 3.5679376644617415e-17, 8.322584971595435e-18, 2.161467169354543e-18, 7.973831912592887e-19, 3.4544368148447526e-19, 8.379170969679796e-20, 1.6515957167200517e-20, 4.326505271827664e-21, 1.5520105217229489e-21, 7.846385057221079e-22, 5.455300913834358e-22, 4.79443468786757e-22, 4.943585257519017e-22, 5.109611618199217e-22, 4.319231054781314e-22, 3.9170166044979333e-22, 3.8743541593088765e-22, 3.686992187412737e-22, 3.437735474559099e-22, 3.2638865572402864e-22, 3.140839058336424e-22, 3.08846141934868e-22]
W_list: [6]
L_list: [1.0065280870740412]
