R_list= [ 1  2  3  4  5  6  7  8  9 10 11 12 13 14 15 16 17 18 19 20 21 22 23 24
 25 26 27 28 29 30 31 32 33 34 35 36 37 38]
C_final_list= [1.414266915610523e-06, 1.3319496422946412e-06, 1.2566491113532806e-06, 1.1854457842978161e-06, 1.1187038564810995e-06, 1.0543664759418137e-06, 9.937511332399053e-07, 9.364743081201974e-07, 8.827478215289519e-07, 8.320516800331595e-07, 7.837689371694624e-07, 7.382702215489597e-07, 6.958108041704639e-07, 6.55900893549931e-07, 6.179276502980336e-07, 5.820689171033105e-07, 5.481299999116396e-07, 5.159334817521284e-07, 4.858608118405394e-07, 4.576148454940711e-07, 4.30861578876243e-07, 4.058124309548822e-07, 3.8207479218638303e-07, 3.5967537885540774e-07, 3.3875851156495144e-07, 3.1903082570940645e-07, 3.003035454685175e-07, 2.825239892289457e-07, 2.6578307408631464e-07, 2.499704118566185e-07, 2.352703228106929e-07, 2.21189550275979e-07, 2.0805184419935689e-07, 1.9554442537463296e-07, 1.8370421631549712e-07, 1.72482884052035e-07, 1.6202458925974688e-07, 1.52181410082689e-07]
W_list: [5]
L_list: [16.77619540128668]
