R_list= [ 1  2  3  4  5  6  7  8  9 10 11 12 13 14 15 16 17 18 19 20 21 22 23 24
 25 26 27 28 29 30 31 32 33 34 35 36 37 38]
C_final_list= [2.2522101602367807e-06, 2.085296695172008e-06, 1.968723122690223e-06, 1.8548696372230067e-06, 1.7486708444983717e-06, 1.647996872220139e-06, 1.554219917211694e-06, 1.4654396095496202e-06, 1.3815548748849064e-06, 1.3031861082059477e-06, 1.2290917628975061e-06, 1.1584435594282655e-06, 1.0921876239513332e-06, 1.0291424565322949e-06, 9.700716718494642e-07, 9.14973749285322e-07, 8.629060237690907e-07, 8.129344357718622e-07, 7.654334039790232e-07, 7.202260250436797e-07, 6.781167550515783e-07, 6.381123784195276e-07, 5.999691747548777e-07, 5.638199011130306e-07, 5.301200531119564e-07, 4.97602813811444e-07, 4.6692923319048107e-07, 4.38479874025036e-07, 4.1204698701094564e-07, 3.866454843611287e-07, 3.6290990577760656e-07, 3.407615035513008e-07, 3.2010069996836e-07, 3.005974934142654e-07, 2.821700663716731e-07, 2.646052962850587e-07, 2.4791594276808435e-07, 2.3239795944517754e-07]
W_list: [4]
L_list: [16.681404191162997]
