R_list= [ 1  2  3  4  5  6  7  8  9 10 11 12 13 14 15 16 17 18 19 20 21 22 23 24
 25 26 27 28 29 30 31 32]
C_final_list= [7.55367078253117e-08, 2.896753811830375e-08, 8.570859895725813e-09, 2.23862547124559e-09, 5.503438853344344e-10, 1.3199351949940388e-10, 3.150283522638237e-11, 7.462525934211395e-12, 1.7816007417054248e-12, 4.313481992885165e-13, 1.1077554102989131e-13, 2.8337350145531177e-14, 6.4019682083506896e-15, 1.3646257460466382e-15, 2.996057014495763e-16, 6.829656159111673e-17, 1.530304083871161e-17, 3.713162670975377e-18, 1.0798749450678157e-18, 3.62891396829754e-19, 2.097214682839328e-19, 1.4708252089799012e-19, 1.5675746507586952e-19, 8.230006360203927e-20, 2.1525784908442933e-20, 6.371765954997055e-21, 1.7691249061510827e-21, 4.459822080112395e-22, 2.2061139955137896e-22, 1.7947442882978398e-22, 1.691612825052126e-22, 1.6310563668920525e-22]
W_list: [6]
L_list: [0.9801558377079039]
