C_final_list: [2.114562399013974e-06, 1.872152317739822e-06, 1.648617475821362e-06, 1.4529812130751636e-06, 1.2778071205454878e-06, 1.1234325446630968e-06, 9.868816771297413e-07, 8.674690799850621e-07, 7.610081853473971e-07, 6.654432816133845e-07, 5.842289003285924e-07, 5.121091681431845e-07, 4.4997165014976453e-07, 3.940448201602154e-07, 3.4508997924518407e-07, 3.0358279164079793e-07, 2.6686417735063586e-07, 2.3386678141350683e-07, 2.0489671390410918e-07, 1.7945109126210947e-07, 1.5741661454296995e-07, 1.3793626441531823e-07, 1.209957571476366e-07, 1.0619364540642379e-07, 9.299369970817887e-08, 8.121886609780395e-08, 7.086638614411696e-08, 6.180432567682977e-08, 5.377978876201319e-08, 4.677561571082302e-08, 4.0636487632066924e-08, 3.543676441048421e-08, 3.08497659104854e-08, 2.6936936349899313e-08, 2.349289489796752e-08, 2.0573495985146375e-08, 1.802933563285521e-08, 1.57794784287468e-08, 1.3755086835959795e-08, 1.1992111024878831e-08, 1.0438025658294039e-08, 9.093675243205115e-09, 7.929704409182432e-09, 6.924084938995851e-09, 6.04491494469323e-09, 5.280451260312538e-09, 4.610014779778266e-09, 4.022781967954802e-09, 3.4989334007797624e-09, 3.0350347603634265e-09]
ndim2: 500
W_list: [2.9499999999999997]
L_list: [7.734754580409841]
