R_list= [ 1  2  3  4  5  6  7  8  9 10 11 12 13 14 15 16 17 18 19 20 21 22 23 24
 25 26 27 28 29 30 31 32]
C_final_list= [7.065009886622198e-07, 6.392449141459223e-07, 5.803969517583366e-07, 5.247950118705767e-07, 4.739366349166202e-07, 4.284257416657302e-07, 3.8767759381037065e-07, 3.50554116885344e-07, 3.166461460636825e-07, 2.8573172061036485e-07, 2.576475569323063e-07, 2.3230423265428674e-07, 2.0954564852735303e-07, 1.8873735536704018e-07, 1.6998034038752457e-07, 1.530206551540605e-07, 1.3765139585266135e-07, 1.2364173872032785e-07, 1.1112937620367564e-07, 9.973977995182054e-08, 8.939599424063276e-08, 8.023882764650712e-08, 7.194504169456125e-08, 6.452878902357642e-08, 5.788855067449393e-08, 5.1908159130397994e-08, 4.6580217601646984e-08, 4.1769809186899525e-08, 3.7434294556760034e-08, 3.3514919117370705e-08, 2.999662488066646e-08, 2.6912981426641544e-08]
W_list: [6]
L_list: [9.757588152318725]
