C_final_list: [1.703604869198612e-06, 1.4196154092534928e-06, 1.1806678489161547e-06, 9.83469776519212e-07, 8.191382445349197e-07, 6.828574922864718e-07, 5.655551591623021e-07, 4.6777463626344805e-07, 3.8673227503791014e-07, 3.202461309273688e-07, 2.6428799121490503e-07, 2.1851529122612182e-07, 1.8039241499102337e-07, 1.4901992270006649e-07, 1.2316071581808694e-07, 1.0143036616527401e-07, 8.359762054747506e-08, 6.879708213676967e-08, 5.646621568668765e-08, 4.630948707020724e-08, 3.781779449159662e-08, 3.093182980299003e-08, 2.5246873066072445e-08, 2.078142615832167e-08, 1.7058972457215814e-08, 1.4082824999299303e-08, 1.1571178680740144e-08, 9.517168746559415e-09, 7.802068550685116e-09, 6.357077286213498e-09, 5.196900372143456e-09, 4.255829780995484e-09, 3.476255969849317e-09, 2.836175166350977e-09, 2.311654105033765e-09]
ndim2: 500
W_list: [3.2]
L_list: [5.381945277936881]
