R_list= [ 1  2  3  4  5  6  7  8  9 10 11 12 13 14 15 16 17 18 19 20 21 22 23 24
 25 26 27 28 29 30 31 32 33 34 35 36 37 38]
C_final_list= [2.684555670370207e-06, 2.393254939484691e-06, 2.115116363737855e-06, 1.8628445987592443e-06, 1.6366957254469685e-06, 1.435380975214281e-06, 1.258994513774037e-06, 1.1031718736084496e-06, 9.66114413608984e-07, 8.464338898375624e-07, 7.418807803453422e-07, 6.493380563410151e-07, 5.678712706055952e-07, 4.968094160992197e-07, 4.344871398684822e-07, 3.795046472320071e-07, 3.3146629755252065e-07, 2.8933673372687643e-07, 2.522489329569906e-07, 2.1985471606228205e-07, 1.915995194291969e-07, 1.6689654905148046e-07, 1.4544567145460614e-07, 1.2670736693477558e-07, 1.1033942052100778e-07, 9.611703321073709e-08, 8.377188214339603e-08, 7.30568206840892e-08, 6.369930628863647e-08, 5.556764402785812e-08, 4.8495139365735565e-08, 4.233491696829994e-08, 3.6987439348427416e-08, 3.2346575923181856e-08, 2.827096215244992e-08, 2.4700253697052748e-08, 2.1542192831167852e-08, 1.879931076846894e-08]
W_list: [8.0]
L_list: [7.675333122036608]
