R_list= [ 1  2  3  4  5  6  7  8  9 10 11 12 13 14 15 16 17 18 19 20 21 22 23 24
 25 26 27 28 29 30 31 32 33 34 35 36 37 38]
C_final_list= [1.9007521968286667e-05, 1.5180944486322343e-05, 1.2019242391900974e-05, 9.479433723413308e-06, 7.464690019624935e-06, 5.8759859500569446e-06, 4.632356713398995e-06, 3.6473507185025194e-06, 2.8649803775340263e-06, 2.2495798801806674e-06, 1.7634329987441491e-06, 1.3798069901940242e-06, 1.0808951342038453e-06, 8.477722648526556e-07, 6.647265371694365e-07, 5.216912716470905e-07, 4.098891815207038e-07, 3.222007888649845e-07, 2.5315638826647625e-07, 1.9911197585742586e-07, 1.5624862108212793e-07, 1.225102647991037e-07, 9.595695917943513e-08, 7.503852253816106e-08, 5.871635872118949e-08, 4.587830339323101e-08, 3.589520856450902e-08, 2.8149789152553628e-08, 2.210979838562299e-08, 1.7366760139095822e-08, 1.3659128737858048e-08, 1.0746258636048705e-08, 8.452580949524668e-09, 6.647228088575093e-09, 5.210038735472305e-09, 4.095579211320296e-09, 3.214091227383278e-09, 2.5265198968879923e-09]
W_list: [8.5]
L_list: [4.234664843951957]
