R_list= [ 1  2  3  4  5  6  7  8  9 10 11 12 13 14 15 16 17 18 19 20 21 22 23 24
 25 26 27 28 29 30 31 32 33 34 35 36 37 38]
C_final_list= [1.523128426774164e-07, 7.366362994134831e-08, 2.87028008388172e-08, 9.99005045872961e-09, 3.26729444970723e-09, 1.024461127332753e-09, 3.111723484536934e-10, 9.280284371249062e-11, 2.7732855521546987e-11, 8.401012586531588e-12, 2.571612563935414e-12, 7.979022280315934e-13, 2.503660934682371e-13, 8.337181539104465e-14, 3.040890781817312e-14, 1.1759698141500507e-14, 4.871470602172047e-15, 2.351909828210977e-15, 1.1415360052003905e-15, 7.07097297283359e-16, 6.613269333102713e-16, 3.973718303585104e-16, 1.2354116903185723e-16, 3.761635762565626e-17, 1.2197330511413802e-17, 3.707650071755227e-18, 8.6402019225652335e-19, 2.2375776795527576e-19, 6.482850752156831e-20, 1.9415327902844163e-20, 5.910065055549468e-21, 2.22980768638674e-21, 1.1353050005982554e-21, 7.690942333541576e-22, 6.295287516483159e-22, 5.686450595197313e-22, 5.3125172039808e-22, 5.034859922971916e-22]
W_list: [5]
L_list: [1.236177936411428]
