R_list= [ 1  2  3  4  5  6  7  8  9 10 11 12 13 14 15 16 17 18 19 20 21 22 23 24
 25 26 27 28 29 30 31 32 33 34 35 36 37 38]
C_final_list= [1.467906890716896e-06, 1.0523803381294577e-06, 7.540413958055853e-07, 5.592541391385826e-07, 4.217114033339422e-07, 3.181627702483065e-07, 2.3899925577513743e-07, 1.7917110130131358e-07, 1.348545046953065e-07, 1.022638329730642e-07, 7.7590305907737e-08, 5.850558577159216e-08, 4.380416538521837e-08, 3.2904171281196555e-08, 2.4847417310350167e-08, 1.874347079686775e-08, 1.4064361748829011e-08, 1.0552920839283098e-08, 7.936257146581248e-09, 5.920682593676711e-09, 4.407373832178647e-09, 3.290085406226094e-09, 2.474679927036443e-09, 1.8683900942750607e-09, 1.404281528568921e-09, 1.0489762041302328e-09, 7.801170719397149e-10, 5.769023642003967e-10, 4.2272258095780663e-10, 3.1102408895988666e-10, 2.300101927939683e-10, 1.7151731367793178e-10, 1.2926251259647948e-10, 9.820063823574172e-11, 7.50771023468087e-11, 5.708733326943215e-11, 4.336375520696201e-11, 3.289473790050874e-11]
W_list: [5]
L_list: [3.250073989039055]
