R_list= [ 1  2  3  4  5  6  7  8  9 10 11 12 13 14 15 16 17 18 19 20 21 22 23 24
 25 26 27 28 29 30 31 32 33 34 35 36 37 38]
C_final_list= [1.3619090849458027e-06, 1.1563656417559877e-06, 9.683159418801975e-07, 8.187912027707735e-07, 6.996773861402126e-07, 6.003058436074299e-07, 5.146614759940775e-07, 4.4072983729733953e-07, 3.773767411501791e-07, 3.235500528749405e-07, 2.772181207018315e-07, 2.368119872383246e-07, 2.0183592265752202e-07, 1.7189066314115898e-07, 1.464348434962278e-07, 1.2471206622195478e-07, 1.0608187566624218e-07, 9.017775443770782e-08, 7.667317127304038e-08, 6.518787665421122e-08, 5.5453893400517276e-08, 4.7239667459757845e-08, 4.0308096597748686e-08, 3.4426182345272426e-08, 2.9338421217627983e-08, 2.489073931282487e-08, 2.1031826286372324e-08, 1.7747660242820164e-08, 1.498351591887367e-08, 1.2665516853616261e-08, 1.0704303841830711e-08, 9.042709013713619e-09, 7.64620407679542e-09, 6.466787253208933e-09, 5.469579474606298e-09, 4.639646582822463e-09, 3.945195838180335e-09, 3.3582776461104146e-09]
W_list: [4]
L_list: [6.238610327181397]
