R_list= [ 1  2  3  4  5  6  7  8  9 10 11 12 13 14 15 16 17 18 19 20 21 22 23 24
 25 26 27 28 29 30 31 32 33 34 35 36 37 38]
C_final_list= [1.0385986137028962e-06, 9.57606496451075e-07, 8.789199399869364e-07, 8.056143126759742e-07, 7.375140892562936e-07, 6.75246609164695e-07, 6.186000902639095e-07, 5.663057746682115e-07, 5.182890808377556e-07, 4.7435726118912497e-07, 4.335913632864233e-07, 3.960886743494663e-07, 3.617761120713426e-07, 3.300987688327261e-07, 3.0127523658880483e-07, 2.7486886991886436e-07, 2.506725572098041e-07, 2.2867595926705523e-07, 2.0856293094180804e-07, 1.902087797980655e-07, 1.7339981891249616e-07, 1.581328375966444e-07, 1.4417767789147055e-07, 1.3130631787090645e-07, 1.1960173783683722e-07, 1.0887012799844288e-07, 9.906990168172294e-08, 9.007397281336938e-08, 8.178869292756284e-08, 7.422608614064056e-08, 6.730918932639379e-08, 6.095382479193416e-08, 5.5287719812697936e-08, 5.015923749526796e-08, 4.552309338928787e-08, 4.129999414953097e-08, 3.749138342815294e-08, 3.4039354435492644e-08]
W_list: [7.2]
L_list: [11.168731064416125]
