R_list= [ 1  2  3  4  5  6  7  8  9 10 11 12 13 14 15 16 17 18 19 20 21 22 23 24
 25 26 27 28 29 30 31 32 33 34 35 36 37 38]
C_final_list= [4.707749283447776e-07, 4.03598317807641e-07, 3.4553032895014044e-07, 2.948317975022207e-07, 2.512395664341863e-07, 2.1366707746110945e-07, 1.8174885329505346e-07, 1.5401810001766393e-07, 1.3043977083692012e-07, 1.1023457680796202e-07, 9.310772445548291e-08, 7.878533477022284e-08, 6.662986173983019e-08, 5.637275573160955e-08, 4.768181558234477e-08, 4.0368615971693223e-08, 3.407001677552357e-08, 2.8735215672952435e-08, 2.428125086567704e-08, 2.051257882626592e-08, 1.7319539514465585e-08, 1.4597793075279318e-08, 1.2322779018897727e-08, 1.0423290988739323e-08, 8.792527672380623e-09, 7.383879263266298e-09, 6.19688818758556e-09, 5.209633140553262e-09, 4.378003841254169e-09, 3.675604322028369e-09, 3.086132358512117e-09, 2.586568055107493e-09, 2.1676135888983797e-09, 1.8158674188364484e-09, 1.5230226333607741e-09, 1.2729609611876695e-09, 1.0616776892580401e-09, 8.843582912176586e-10]
W_list: [7]
L_list: [6.173779025419609]
