R_list= [ 1  2  3  4  5  6  7  8  9 10 11 12 13 14 15 16 17 18 19 20 21 22 23 24
 25 26 27 28 29 30 31 32 33 34 35 36 37 38]
C_final_list= [1.5180768343272098e-06, 1.3974502880674154e-06, 1.291674419118987e-06, 1.1929860357691353e-06, 1.1034094279149289e-06, 1.019397162153983e-06, 9.411177710108087e-07, 8.680706304653239e-07, 8.008440221246643e-07, 7.383830226973504e-07, 6.812645186923453e-07, 6.278077069346411e-07, 5.781710628869188e-07, 5.327799112994003e-07, 4.907017461285648e-07, 4.5211035919652305e-07, 4.158430542021927e-07, 3.827607729894701e-07, 3.5210764217698543e-07, 3.24020004496803e-07, 2.980785609033677e-07, 2.7425774314111356e-07, 2.524367427165233e-07, 2.3234578204217476e-07, 2.1373860223097463e-07, 1.9658569418366828e-07, 1.8075109044697776e-07, 1.6603669834340744e-07, 1.5252564415516908e-07, 1.399921046215393e-07, 1.285310534976752e-07, 1.1800289526468515e-07, 1.0825574866591284e-07, 9.932073880155995e-08, 9.108855027677286e-08, 8.358428319294227e-08, 7.67194518935156e-08, 7.036915397156736e-08]
W_list: [5]
L_list: [12.299093036996396]
