R_list= [ 1  2  3  4  5  6  7  8  9 10 11 12 13 14 15 16 17 18 19 20 21 22 23 24
 25 26 27 28 29 30 31 32 33 34 35 36 37 38]
C_final_list= [1.5491387159668086e-07, 1.1604898283176917e-07, 8.655417115533662e-08, 6.440261277869488e-08, 4.7699211546864006e-08, 3.5110626788936376e-08, 2.5732842763186587e-08, 1.8782247055755055e-08, 1.3683255037090032e-08, 9.936851663146322e-09, 7.196394518009123e-09, 5.204767784500095e-09, 3.748658079912572e-09, 2.6998113868128534e-09, 1.9441659461684012e-09, 1.3997666709616023e-09, 1.0095365390037767e-09, 7.296579598538152e-10, 5.281148829007242e-10, 3.851325534056654e-10, 2.799918242809432e-10, 2.0402742816844011e-10, 1.5012255751024775e-10, 1.104853087345191e-10, 8.112480827416524e-11, 5.908972168399154e-11, 4.287890272401538e-11, 3.087150578187886e-11, 2.2042284512459886e-11, 1.5713149115304152e-11, 1.127092079984035e-11, 8.078763695979311e-12, 5.736524380195622e-12, 4.063223894024242e-12, 2.8792396458431217e-12, 2.04756170097836e-12, 1.4618068466169581e-12, 1.056544851960693e-12]
W_list: [7]
L_list: [3.350211500601351]
