C_final_list: [1.6888675014680687e-06, 1.6321786627313282e-06, 1.577432419708502e-06, 1.5248183663703253e-06, 1.4739153253584925e-06, 1.424635627781874e-06, 1.3768820524623083e-06, 1.3306251454779316e-06, 1.2857406024968095e-06, 1.2419722442474552e-06, 1.2001806545229282e-06, 1.160217020398696e-06, 1.1210115452929364e-06, 1.0834174851259511e-06, 1.0473886502018253e-06, 1.0127347760076498e-06, 9.794833341599169e-07, 9.46280879909598e-07, 9.147302668418867e-07, 8.840917960191098e-07, 8.541744439620059e-07, 8.247831699943565e-07, 7.968701311902452e-07, 7.693791365518125e-07, 7.427340025872838e-07, 7.168241814108174e-07, 6.92042813172755e-07, 6.679283891914284e-07, 6.447004685695078e-07, 6.224116512793638e-07, 6.006272786547799e-07, 5.799141968633375e-07, 5.599176778792764e-07, 5.406744647214223e-07, 5.218331544201257e-07]
ndim2: 500
W_list: [3.0]
L_list: [29.12141828983721]
