R_list= [ 1  2  3  4  5  6  7  8  9 10 11 12 13 14 15 16 17 18 19 20 21 22 23 24
 25 26 27 28 29 30 31 32 33 34 35 36 37 38]
C_final_list= [3.6163748812527596e-07, 3.1630321736650413e-07, 2.743918468351129e-07, 2.367798403165508e-07, 2.0350427567375114e-07, 1.747480786496834e-07, 1.4997034176897762e-07, 1.2863877154215554e-07, 1.1006064796338399e-07, 9.394730362937484e-08, 8.026284486353652e-08, 6.842093088790217e-08, 5.834311286535008e-08, 4.972963140041434e-08, 4.2381575404992315e-08, 3.609783276340681e-08, 3.073311862653347e-08, 2.6161192643003708e-08, 2.230674384923156e-08, 1.8984011230629247e-08, 1.6130487801063092e-08, 1.3693174169449163e-08, 1.159822210793374e-08, 9.840948681927287e-09, 8.360391306924515e-09, 7.101170633060372e-09, 6.032261556360658e-09, 5.120767126297726e-09, 4.337718702341748e-09, 3.6792031982446264e-09, 3.118111095821324e-09, 2.6423960788465146e-09, 2.2427748265519848e-09, 1.9028618790871746e-09, 1.618649701211864e-09, 1.376749520183484e-09, 1.1770822359799774e-09, 1.0028535486106222e-09]
W_list: [7.6000000000000005]
L_list: [6.594089436289322]
