C_final_list: [2.1134624179523006e-06, 2.0734152257673013e-06, 2.033738534105945e-06, 1.994970792174857e-06, 1.9575530482157406e-06, 1.9207329996142124e-06, 1.8846562906624062e-06, 1.8489441563550083e-06, 1.8137468404062988e-06, 1.7797488310174642e-06, 1.7456279824177737e-06, 1.7123532555480052e-06, 1.6795947487625713e-06, 1.6471975112224923e-06, 1.6153708816323429e-06, 1.584005235088063e-06, 1.5526553442960863e-06, 1.5224729694249625e-06, 1.4924633459075643e-06, 1.4633046441097295e-06, 1.4348905518513847e-06, 1.4067008412910418e-06, 1.3791509425086314e-06, 1.3522440287386187e-06, 1.3260305879056417e-06, 1.299781831487482e-06, 1.274207470050774e-06, 1.2492039910027277e-06, 1.2247539161135183e-06, 1.2008083017306919e-06, 1.1772620144724875e-06, 1.1543505471373496e-06, 1.1317732926086887e-06, 1.1098076532248778e-06, 1.0877565267295385e-06, 1.0664297060061806e-06, 1.045399411168007e-06, 1.0246900673829836e-06, 1.0044088724519656e-06, 9.84550220300363e-07, 9.648986975411616e-07, 9.458636168307799e-07, 9.270856743493606e-07, 9.086253101252105e-07, 8.906047635111254e-07, 8.729813219809587e-07, 8.556824786513233e-07, 8.386985544671126e-07, 8.221048911091965e-07, 8.056522269324836e-07]
ndim2: 500
W_list: [2.4]
L_list: [50.91699862274055]
