C_final_list: [1.421205513993832e-06, 1.3909179016863444e-06, 1.359762081619197e-06, 1.3292578529034315e-06, 1.2995044843647402e-06, 1.2704626755007212e-06, 1.241823062670437e-06, 1.214125114886076e-06, 1.187011497611179e-06, 1.160564630433027e-06, 1.134709271537978e-06, 1.1094110102380957e-06, 1.0846955699707797e-06, 1.0606848848021733e-06, 1.0371474410620035e-06, 1.0141472608878954e-06, 9.917224888282955e-07, 9.695276426133184e-07, 9.48062548687354e-07, 9.270473349757713e-07, 9.065972785331079e-07, 8.865076515578942e-07, 8.665469006273662e-07, 8.47110986522359e-07, 8.281254007402313e-07, 8.093374042490729e-07, 7.910627929662351e-07, 7.730798638026673e-07, 7.554655794197422e-07, 7.384203933328404e-07, 7.216792951669987e-07, 7.053650569225142e-07, 6.891567042335796e-07, 6.733451128638179e-07, 6.579385173523438e-07]
ndim2: 500
W_list: [2.8]
L_list: [44.27355746603072]
