R_list= [ 1  2  3  4  5  6  7  8  9 10 11 12 13 14 15 16 17 18 19 20 21 22 23 24
 25 26 27 28 29 30 31 32 33 34 35 36 37 38]
C_final_list= [3.0568884334236146e-05, 2.313101449391086e-05, 1.7408772501541298e-05, 1.3070601264595972e-05, 9.805346789101472e-06, 7.334716450180662e-06, 5.4802170911301355e-06, 4.094114747437691e-06, 3.0602100839017265e-06, 2.2863779476312373e-06, 1.7040504979659418e-06, 1.2716694643384058e-06, 9.517189397722491e-07, 7.124096383811506e-07, 5.337158635419405e-07, 3.9942652552423586e-07, 2.993899560807816e-07, 2.2438360830306681e-07, 1.6802488925436936e-07, 1.2584134612363738e-07, 9.428603847809976e-08, 7.048543931785154e-08, 5.276595436884121e-08, 3.9619426363649584e-08, 2.962438075500922e-08, 2.2184407426363318e-08, 1.6573635149834798e-08, 1.235843596026513e-08, 9.238104580325507e-09, 6.908047890541029e-09, 5.1592866840074965e-09, 3.856593115180866e-09, 2.8763832464472437e-09, 2.144404801861679e-09, 1.6078300219125194e-09, 1.2095865872513265e-09, 9.125929742284668e-10, 6.901205827085882e-10]
W_list: [8.2]
L_list: [3.4969456900841385]
