R_list= [ 1  2  3  4  5  6  7  8  9 10 11 12 13 14 15 16 17 18 19 20 21 22 23 24
 25 26 27 28 29 30 31 32]
C_final_list= [7.765093743181446e-07, 7.26018681771787e-07, 6.772915977063649e-07, 6.312165655604443e-07, 5.871328542142573e-07, 5.459903016621233e-07, 5.07293915994589e-07, 4.708900397217092e-07, 4.3729759252636494e-07, 4.0587020168646267e-07, 3.765591560681865e-07, 3.494777561365644e-07, 3.2406521938428025e-07, 3.004955019675427e-07, 2.7844258392537285e-07, 2.580699528072214e-07, 2.3908642228567546e-07, 2.2139469632301338e-07, 2.050516612196976e-07, 1.8985875983879286e-07, 1.7578691408227826e-07, 1.6278432497691626e-07, 1.5080947203187385e-07, 1.396621984910963e-07, 1.2930676706485285e-07, 1.1974257666413734e-07, 1.1081918928499712e-07, 1.0257188447517278e-07, 9.488775063245563e-08, 8.773281938019701e-08, 8.107865013508955e-08, 7.487881280275943e-08]
W_list: [6]
L_list: [13.440707643626244]
