R_list= [ 1  2  3  4  5  6  7  8  9 10 11 12 13 14 15 16 17 18 19 20 21 22 23 24
 25 26 27 28 29 30 31 32 33 34 35 36 37 38]
C_final_list= [2.7600547004838204e-05, 2.0376131784239147e-05, 1.4921909864968883e-05, 1.0916387467834561e-05, 7.97003075247672e-06, 5.8115480480006725e-06, 4.2398412370301925e-06, 3.0868958279725516e-06, 2.248909320828624e-06, 1.6350155668963272e-06, 1.1915773984330127e-06, 8.694605380826485e-07, 6.359289945030078e-07, 4.645686412044401e-07, 3.3805022705911884e-07, 2.4596338148803423e-07, 1.7890448567982712e-07, 1.300401534015604e-07, 9.449823215083407e-08, 6.855742121409049e-08, 4.9841643132215655e-08, 3.616984257348627e-08, 2.6377647573175115e-08, 1.9260928466930264e-08, 1.3994665917629811e-08, 1.0185456526527892e-08, 7.44886356957125e-09, 5.425179092011906e-09, 3.966046382012966e-09, 2.8797119200845726e-09, 2.099677402392891e-09, 1.543148405812931e-09, 1.1315356550476834e-09, 8.227546840786914e-10, 5.966965173109991e-10, 4.334925423003373e-10, 3.158329910244046e-10, 2.3182480637283814e-10]
W_list: [8.5]
L_list: [3.2104694565765817]
