C_final_list: [1.677507540361031e-06, 1.6538575692139447e-06, 1.6302729347480749e-06, 1.607543338071612e-06, 1.5852192307805095e-06, 1.56357832479534e-06, 1.542437609062692e-06, 1.5217053662387504e-06, 1.501224367927628e-06, 1.4814121380486245e-06, 1.461777934087454e-06, 1.442346995390139e-06, 1.4230060770974324e-06, 1.4041658093845724e-06, 1.3857640568412371e-06, 1.367452263697344e-06, 1.349423231332993e-06, 1.3314011226598458e-06, 1.3135877594956563e-06, 1.2958741544588206e-06, 1.278297918117038e-06, 1.2610150776675537e-06, 1.2438366708604625e-06, 1.2267151116486683e-06, 1.2099753027705967e-06, 1.193467693526156e-06, 1.1771765270492374e-06, 1.1610468503238602e-06, 1.1450310128045048e-06, 1.1292319099993703e-06, 1.1135409627289449e-06, 1.098019658164988e-06, 1.0827124777168676e-06, 1.067591877849543e-06, 1.0526329447014597e-06]
ndim2: 500
W_list: [2.8]
L_list: [73.57095782853202]
