C_final_list: [1.950790315636858e-06, 1.8160717911519987e-06, 1.6880079388411223e-06, 1.5690586743045847e-06, 1.4581508435090814e-06, 1.3560886013126471e-06, 1.261810333234092e-06, 1.1749600597196005e-06, 1.0937842828348596e-06, 1.0182145302525226e-06, 9.465136336864995e-07, 8.802117268271383e-07, 8.188066669551653e-07, 7.605982884330178e-07, 7.073259146757462e-07, 6.574797711190472e-07, 6.105354227345232e-07, 5.671534683093763e-07, 5.270546288895532e-07, 4.902595156803123e-07, 4.5575258810952147e-07, 4.2290035685560045e-07, 3.922072695651167e-07, 3.6370153224535485e-07, 3.3735175604032634e-07, 3.131773709948878e-07, 2.905320100572134e-07, 2.6953504936043317e-07, 2.5033816642515524e-07, 2.3220813940591877e-07, 2.152668670269092e-07, 1.9948806399215082e-07, 1.8485517149308536e-07, 1.712962238898341e-07, 1.5862199373608754e-07, 1.4672087383175755e-07, 1.3566862464815976e-07, 1.2547037307159358e-07, 1.1613694208025152e-07, 1.0737262303504015e-07, 9.932440795844722e-08, 9.186484747008466e-08, 8.489607726583116e-08, 7.840869872796958e-08, 7.243550287483242e-08, 6.695138568631456e-08, 6.185866332596027e-08, 5.721208418854287e-08, 5.2910906268700774e-08, 4.894011298189296e-08]
ndim2: 500
W_list: [3.2]
L_list: [13.669963587177975]
