C_final_list: [1.6586141558934595e-06, 1.3673303108067007e-06, 1.1277624573487454e-06, 9.282686573784742e-07, 7.630251283925378e-07, 6.258861857650942e-07, 5.128254297860685e-07, 4.198626556412963e-07, 3.4510954135300805e-07, 2.8320617046614207e-07, 2.306107770333713e-07, 1.8883408885597196e-07, 1.539936881849714e-07, 1.2607990232061085e-07, 1.0340974053137128e-07, 8.495699424956794e-08, 6.980712790013791e-08, 5.733124123725385e-08, 4.6967750980117825e-08, 3.816835824069448e-08, 3.111211417704735e-08, 2.5326911854056045e-08, 2.0438449245489446e-08, 1.6607888690918607e-08, 1.3349822197967963e-08, 1.0699528009033055e-08, 8.534343788265817e-09, 6.788681700523938e-09, 5.400457959601484e-09, 4.297739353644782e-09, 3.4411727918762547e-09, 2.747072917351101e-09, 2.2066687767242628e-09, 1.7749740845671248e-09, 1.4192224409149491e-09, 1.1312104947248345e-09, 9.034179180877794e-10, 7.304520690685016e-10, 5.956533309369136e-10, 4.830760748295385e-10, 3.943846639693679e-10, 3.245795042747662e-10, 2.6650188572303695e-10, 2.210491471391902e-10, 1.8497730855125326e-10, 1.5372307653028626e-10, 1.262849098578273e-10, 1.0257655401784345e-10, 8.363208648575137e-11, 6.813149951011458e-11]
ndim2: 500
W_list: [3.8]
L_list: [5.087412045092273]
