R_list= [ 1  2  3  4  5  6  7  8  9 10 11 12 13 14 15 16 17 18 19 20 21 22 23 24
 25 26 27 28 29 30]
C_final_list= [7.420197793296826e-07, 7.036664271825463e-07, 6.645463518028777e-07, 6.268475967212879e-07, 5.910132294204245e-07, 5.571024311971345e-07, 5.252874071622554e-07, 4.949626821672053e-07, 4.662247030957899e-07, 4.3913339423215004e-07, 4.136555647580509e-07, 3.8958843547499207e-07, 3.6679718789932637e-07, 3.454708389779366e-07, 3.2533461473605826e-07, 3.0612470343337854e-07, 2.8813001770006694e-07, 2.713072105098025e-07, 2.553985953140087e-07, 2.4019274664877323e-07, 2.2572068411660015e-07, 2.120577929417344e-07, 1.9927321103174307e-07, 1.8722848059515302e-07, 1.7598892218597607e-07, 1.654891410475072e-07, 1.5554829087503946e-07, 1.4617763654317214e-07, 1.373121310889811e-07, 1.2897529500471828e-07]
W_list: [6]
L_list: [16.70640846639438]
