C_final_list: [2.0405768148011606e-06, 2.023221926570248e-06, 2.0061226404334095e-06, 1.9896645801369365e-06, 1.9735559012399395e-06, 1.957944267909012e-06, 1.9428117471109963e-06, 1.927977702705644e-06, 1.9130111108088733e-06, 1.8984438852082322e-06, 1.8840685441528144e-06, 1.8699041710400387e-06, 1.855890360113045e-06, 1.8420143207020001e-06, 1.8280907341959337e-06, 1.8143516371313117e-06, 1.8008488247110317e-06, 1.787605054404871e-06, 1.7744812988113373e-06, 1.7613719678318482e-06, 1.7483110380032343e-06, 1.7352777288265494e-06, 1.7223445861085746e-06, 1.7093700061952743e-06, 1.6964475208651662e-06, 1.6836788876381265e-06, 1.6710298426585736e-06, 1.658540749160925e-06, 1.6461316202666768e-06, 1.6339432779140327e-06, 1.6218222484565939e-06, 1.6096182842347934e-06, 1.5975247381193022e-06, 1.5853929228507e-06, 1.5734896079250597e-06, 1.5617015324795452e-06, 1.5500752516239502e-06, 1.538695953503574e-06, 1.5273484373411491e-06, 1.515931845310533e-06, 1.5045503923043309e-06, 1.4932022458846458e-06, 1.4817821716832885e-06, 1.4705370922176972e-06, 1.4593923565635536e-06, 1.4484053649906336e-06, 1.4374494486646384e-06, 1.4265697259545183e-06, 1.4158234715429204e-06, 1.4051077560822015e-06]
ndim2: 500
W_list: [2.2]
L_list: [132.41642199532515]
