C_final_list: [1.833510313832185e-06, 1.777987429166224e-06, 1.723777653443591e-06, 1.670758214085018e-06, 1.619401073325988e-06, 1.5698157521572129e-06, 1.5212649117786643e-06, 1.4744779657691938e-06, 1.4291299907436572e-06, 1.3854455346636189e-06, 1.3432470019655261e-06, 1.3018251812479703e-06, 1.262342767034629e-06, 1.223688653574558e-06, 1.1858003521234573e-06, 1.149562753140351e-06, 1.1142236514894919e-06, 1.0805194611340201e-06, 1.047505850970684e-06, 1.0155642683594743e-06, 9.844519226712335e-07, 9.546036689720318e-07, 9.254234515536139e-07, 8.970280271028395e-07, 8.695510738724854e-07, 8.42567165445662e-07, 8.16794342675479e-07, 7.915680434482231e-07, 7.669472393840559e-07, 7.434463352372905e-07, 7.202977229512637e-07, 6.98033699238151e-07, 6.764276264242623e-07, 6.55357471066496e-07, 6.346999546395178e-07, 6.146067700446236e-07, 5.951513230950409e-07, 5.763239461076052e-07, 5.578988437386801e-07, 5.400377274578152e-07, 5.230324853220485e-07, 5.063624601050206e-07, 4.897844271267447e-07, 4.73916066993857e-07, 4.5838529929144917e-07, 4.434514937105987e-07, 4.2902853059455454e-07, 4.149632884793902e-07, 4.013133753005868e-07, 3.8820331446873003e-07]
ndim2: 500
W_list: [3.0]
L_list: [31.92629427489895]
