C_final_list: [1.537932971665922e-06, 1.3743975170748564e-06, 1.2265321972599142e-06, 1.0928227480511395e-06, 9.75231047627678e-07, 8.702100334893727e-07, 7.77151816128961e-07, 6.94671987600657e-07, 6.210485850882472e-07, 5.550819307798041e-07, 4.96022195131211e-07, 4.423983048649582e-07, 3.9479025725465356e-07, 3.5217999477062613e-07, 3.1447693074019883e-07, 2.802885906651053e-07, 2.498362277012463e-07, 2.2267244553726942e-07, 1.982535934211501e-07, 1.7630388645340996e-07, 1.5668682120922555e-07, 1.3951572595103972e-07, 1.2436225789257232e-07, 1.1071702969089661e-07, 9.861468868785963e-08, 8.743822426258177e-08, 7.757091019766085e-08, 6.88129931717183e-08, 6.099288538928806e-08, 5.411381712705325e-08, 4.794749993392141e-08, 4.246954663371912e-08, 3.7543285240446054e-08, 3.319078329834542e-08, 2.9270424659228828e-08]
ndim2: 500
W_list: [3.4000000000000004]
L_list: [8.786196453426191]
