R_list= [ 1  2  3  4  5  6  7  8  9 10 11 12 13 14 15 16 17 18 19 20 21 22 23 24
 25 26 27 28 29 30 31 32 33 34 35 36 37 38]
C_final_list= [2.2192033436208433e-05, 1.8184506864335677e-05, 1.4775630485830538e-05, 1.197100913682978e-05, 9.686349017493602e-06, 7.833396534278143e-06, 6.326860250269703e-06, 5.104059953627218e-06, 4.1166654177296496e-06, 3.3222813328665647e-06, 2.6781725883660306e-06, 2.1579454441162945e-06, 1.7354793820932394e-06, 1.396246871405074e-06, 1.1251118906735254e-06, 9.063804922093912e-07, 7.294540145936548e-07, 5.858417142310976e-07, 4.7036540675987464e-07, 3.782049967233035e-07, 3.0411863144690836e-07, 2.444452189016221e-07, 1.9625758964982578e-07, 1.5739078598065837e-07, 1.2641263704122662e-07, 1.0146655083512991e-07, 8.133797809448664e-08, 6.514182059505521e-08, 5.215175701991362e-08, 4.18102082253475e-08, 3.353382633321113e-08, 2.6898637596639356e-08, 2.159235052637855e-08, 1.7346410038375913e-08, 1.3976958861850265e-08, 1.1257886558417676e-08, 9.045778036643376e-09, 7.289693695293706e-09]
W_list: [8.15]
L_list: [4.749733507546475]
