C_list:
1.4611351746678886e-06 0.010294576293310652
ndim2: 500
W_list: [1.4]
L_list: [97.1385292126878]
