C_final_list: [1.90676187770082e-06, 1.8883809345332584e-06, 1.8695890339717698e-06, 1.8517294373492763e-06, 1.8340888523539047e-06, 1.8169108907723713e-06, 1.8000109745182183e-06, 1.7834478152109413e-06, 1.7670874455680763e-06, 1.7508970950763481e-06, 1.7347925327693705e-06, 1.7187652026212308e-06, 1.7030123903348252e-06, 1.6874743017289765e-06, 1.672070289986353e-06, 1.6565989105866788e-06, 1.6414951234824918e-06, 1.6263677702675582e-06, 1.6113804316780018e-06, 1.5964406667139111e-06, 1.581643438670732e-06, 1.5669404328647805e-06, 1.552565023761203e-06, 1.5383351893983905e-06, 1.5243268811490087e-06, 1.5104338835603025e-06, 1.4966942478861578e-06, 1.483110193680936e-06, 1.4697392215700919e-06, 1.45642294064632e-06, 1.4433643085185651e-06, 1.4303194450091437e-06, 1.4174815297065998e-06, 1.4047147606283905e-06, 1.3920299889659764e-06]
ndim2: 500
W_list: [2.0]
L_list: [108.21613961379366]
