R_list= [ 1  2  3  4  5  6  7  8  9 10 11 12 13 14 15 16 17 18 19 20 21 22 23 24
 25 26 27 28 29 30 31 32 33 34 35 36 37 38]
C_final_list= [8.319761994970984e-07, 7.628159035591613e-07, 6.971835660174757e-07, 6.360469823087512e-07, 5.804501969019794e-07, 5.293627201375004e-07, 4.826084305697582e-07, 4.395053827990406e-07, 4.0002260867740585e-07, 3.639115553489658e-07, 3.308820868625197e-07, 3.008520030520232e-07, 2.735303746766136e-07, 2.484711815890591e-07, 2.2579483700672217e-07, 2.0541528123183803e-07, 1.8674653427868514e-07, 1.696987944056984e-07, 1.5408468355985054e-07, 1.3967801561645008e-07, 1.2643291856587868e-07, 1.1443786317436815e-07, 1.0360237776882014e-07, 9.377559691011285e-08, 8.485342614800565e-08, 7.683940607837538e-08, 6.950286603771171e-08, 6.286336591216633e-08, 5.685918090738817e-08, 5.1496166196103917e-08, 4.6628220819234083e-08, 4.222869065818209e-08, 3.82212374016488e-08, 3.452236717990748e-08, 3.116060933918061e-08, 2.8089223059963467e-08, 2.5293393469890727e-08, 2.2774875375741768e-08]
W_list: [6]
L_list: [10.6232910047006]
