R_list= [ 1  2  3  4  5  6  7  8  9 10 11 12 13 14 15 16 17 18 19 20 21 22 23 24
 25 26 27 28 29 30 31 32 33 34 35 36 37 38]
C_final_list= [3.9068930327465893e-07, 1.5826615980971502e-07, 5.082135926827419e-08, 1.4549064434249669e-08, 3.937806032932979e-09, 1.0307316936956756e-09, 2.6415709084726017e-10, 6.747060267442111e-11, 1.746660860167235e-11, 4.64026298672059e-12, 1.338304539079494e-12, 4.190834164649849e-13, 1.2148170329650866e-13, 3.1377009266744136e-14, 8.529475933792407e-15, 2.4016431703541575e-15, 5.584488153812879e-16, 1.2544396409905448e-16, 2.7246738926399933e-17, 5.728181427126405e-18, 1.2493817505212671e-18, 2.8938671181472744e-19, 6.939578633798155e-20, 1.8791111438300788e-20, 6.086160934555788e-21, 2.5279240261697432e-21, 1.4328344268283112e-21, 1.070599145054887e-21, 9.396927606405348e-22, 8.604185729684508e-22, 7.759720605044676e-22, 7.053574955054752e-22, 6.398558734379904e-22, 5.68064205322742e-22, 5.310279870275436e-22, 5.149945103860864e-22, 5.208218843453442e-22, 5.263293343917742e-22]
W_list: [6]
L_list: [1.0347524386764961]
