R_list= [ 1  2  3  4  5  6  7  8  9 10 11 12 13 14 15 16 17 18 19 20 21 22 23 24
 25 26 27 28 29 30 31 32 33 34 35 36 37 38]
C_final_list= [8.598340401829227e-07, 7.843132961754112e-07, 7.126685039178336e-07, 6.46969541045546e-07, 5.880159084710511e-07, 5.333926777760524e-07, 4.833609996526963e-07, 4.382808757620745e-07, 3.9740134101007656e-07, 3.5979169480557156e-07, 3.2555637844683487e-07, 2.946903441194358e-07, 2.667018869204708e-07, 2.4130454322846674e-07, 2.1805619437864963e-07, 1.9698857606738053e-07, 1.7789655732162702e-07, 1.6050213729023739e-07, 1.4488426307637433e-07, 1.3082803474874907e-07, 1.1822184256736253e-07, 1.0686713255208107e-07, 9.647291682027467e-08, 8.712332013110121e-08, 7.85948607179648e-08, 7.085067808730891e-08, 6.381648031704187e-08, 5.744245848276579e-08, 5.1674735502218615e-08, 4.6433801381548456e-08, 4.173610636236851e-08, 3.748379660335026e-08, 3.371450143567711e-08, 3.0360140284451114e-08, 2.7299573726916342e-08, 2.4517166743293352e-08, 2.1996557480266605e-08, 1.975157884691824e-08]
W_list: [6]
L_list: [10.115041591003695]
