R_list= [ 1  2  3  4  5  6  7  8  9 10 11 12 13 14 15 16 17 18 19 20 21 22 23 24
 25 26 27 28 29 30 31 32 33 34 35 36 37 38]
C_final_list= [3.198635321871005e-05, 2.43892374682878e-05, 1.8485214723813098e-05, 1.3971583458606338e-05, 1.0538427392337897e-05, 7.937843722844275e-06, 5.9779188868648936e-06, 4.507981152006922e-06, 3.397229336733157e-06, 2.556005597843974e-06, 1.9209276813493745e-06, 1.4435962755143614e-06, 1.0865161661278963e-06, 8.175221945249329e-07, 6.162329623936172e-07, 4.64976771156989e-07, 3.5084952007264345e-07, 2.6477288296672594e-07, 1.9972666425009272e-07, 1.5031438385185923e-07, 1.130348957265864e-07, 8.51477518495309e-08, 6.412626314070021e-08, 4.799888900544881e-08, 3.604676973085821e-08, 2.70202941723571e-08, 2.0297937180572615e-08, 1.525817028874699e-08, 1.1441186922701312e-08, 8.573744857117055e-09, 6.439207717864716e-09, 4.8687104190082084e-09, 3.6848212627557083e-09, 2.7647246727075212e-09, 2.0660866871005965e-09, 1.55428028759836e-09, 1.171983236272489e-09, 8.879718941329314e-10]
W_list: [8.1]
L_list: [3.5836788980423853]
