R_list= [ 1  2  3  4  5  6  7  8  9 10 11 12 13 14 15 16 17 18 19 20 21 22 23 24
 25 26 27 28 29 30 31 32 33 34 35 36 37 38]
C_final_list= [6.30671759053344e-07, 5.245309042384576e-07, 4.3352523829085796e-07, 3.5666668814241115e-07, 2.93674589552356e-07, 2.4147971529982673e-07, 1.9807501458844666e-07, 1.624770953455821e-07, 1.3292931214791205e-07, 1.0863286165730837e-07, 8.861845353492587e-08, 7.207055842643599e-08, 5.865473921018239e-08, 4.756480642830445e-08, 3.8479626144721665e-08, 3.103168846064547e-08, 2.508482852046572e-08, 2.0272233479230436e-08, 1.6371314649488617e-08, 1.3192356584496362e-08, 1.0629826411819922e-08, 8.589641543432332e-09, 6.952962475358997e-09, 5.619953442929593e-09, 4.553813814777716e-09, 3.709752569816105e-09, 3.017979105427772e-09, 2.4493971724711684e-09, 1.9775451535622733e-09, 1.5994595778678416e-09, 1.2937962919623233e-09, 1.0488936407391913e-09, 8.454332948188423e-10, 6.830900722963496e-10, 5.519863762981527e-10, 4.4726566612308485e-10, 3.617896696865018e-10, 2.930387741061438e-10]
W_list: [7.0]
L_list: [5.108287128121936]
