C_final_list: [1.366600177338741e-06, 1.3358981943630936e-06, 1.305315791152048e-06, 1.2756277323902892e-06, 1.2463691213640467e-06, 1.2178492886292278e-06, 1.1898414244043777e-06, 1.1623709409813776e-06, 1.135676278202308e-06, 1.1093895851411832e-06, 1.083970727224645e-06, 1.058944981797707e-06, 1.0343815854110621e-06, 1.010447746248377e-06, 9.869067430323865e-07, 9.640933332378113e-07, 9.417216452513909e-07, 9.199684283887156e-07, 8.985422000824728e-07, 8.77581167506637e-07, 8.572047974002867e-07, 8.372333195007944e-07, 8.178864037594416e-07, 7.989825855957248e-07, 7.804736585403906e-07, 7.62434959120873e-07, 7.448783663374328e-07, 7.275770031800553e-07, 7.107702208912513e-07, 6.94341478504532e-07, 6.78334213222113e-07, 6.628000798006194e-07, 6.478307495189691e-07, 6.33020597358423e-07, 6.186140516108817e-07, 6.045274346965859e-07, 5.907505696835662e-07, 5.77144329989799e-07, 5.638018971462377e-07, 5.50882083359812e-07, 5.381910944333503e-07, 5.256745770915025e-07, 5.135403158878598e-07, 5.017023908691818e-07, 4.900461442399684e-07, 4.786244581970334e-07, 4.6745167962006964e-07, 4.56534906564394e-07, 4.459241745986144e-07, 4.3549743623541663e-07]
ndim2: 500
W_list: [3.3499999999999996]
L_list: [42.82694069644146]
