C_final_list: [2.032378508065906e-06, 1.9137950912968375e-06, 1.798346511192448e-06, 1.6891839266377711e-06, 1.5881552864941583e-06, 1.492194578896828e-06, 1.4000075667655535e-06, 1.3151988065488539e-06, 1.2355696912991715e-06, 1.1602894498671585e-06, 1.0896894419745026e-06, 1.0221484558916308e-06, 9.587592893895717e-07, 9.003591275018621e-07, 8.455215044498901e-07, 7.94438738906915e-07, 7.461915222370975e-07, 7.003680072510108e-07, 6.565722345419599e-07, 6.153233779198116e-07, 5.763835542034783e-07, 5.398030380813179e-07, 5.053742892287894e-07, 4.731171637022237e-07, 4.4255883552836366e-07, 4.142057283956723e-07, 3.878021179121366e-07, 3.63211569005908e-07, 3.400027268586017e-07, 3.1856394333340426e-07, 2.9833555724523667e-07, 2.790733067412697e-07, 2.6110731312645035e-07, 2.44362233509251e-07, 2.2899500668854624e-07, 2.147249697703871e-07, 2.0115898202058483e-07, 1.883671231381369e-07, 1.7635359934097202e-07, 1.6512692165286052e-07, 1.547615380394351e-07, 1.4506676275134233e-07, 1.3592353312104336e-07, 1.273272746527295e-07, 1.1912479799819091e-07, 1.1154872332822487e-07, 1.0446587583397147e-07, 9.780528805240263e-08, 9.143687612038846e-08, 8.548565908003557e-08]
ndim2: 500
W_list: [3.0]
L_list: [15.707091207583947]
