R_list= [ 1  2  3  4  5  6  7  8  9 10 11 12 13 14 15 16 17 18 19 20 21 22 23 24
 25 26 27 28 29 30 31 32 33 34 35 36 37 38]
C_final_list= [9.380061827517288e-07, 8.581321673290523e-07, 7.802827561975622e-07, 7.077919688982396e-07, 6.412605662166726e-07, 5.79518029842612e-07, 5.236194401872389e-07, 4.727147983244672e-07, 4.2655884340534657e-07, 3.849401728885126e-07, 3.4733077759323163e-07, 3.135334477591227e-07, 2.8273424490308237e-07, 2.5490410539401146e-07, 2.2977926855580452e-07, 2.070465563139765e-07, 1.8665588377071713e-07, 1.6826982884842472e-07, 1.5158424206189028e-07, 1.3650009585071178e-07, 1.2288942919900722e-07, 1.1061544386132404e-07, 9.963867051929947e-08, 8.975971213924526e-08, 8.078337604618384e-08, 7.261668292114295e-08, 6.517222421031067e-08, 5.850115998533589e-08, 5.25392574705979e-08, 4.7210830564584355e-08, 4.243960122858857e-08, 3.812665749084027e-08, 3.423787115492916e-08, 3.073934020528133e-08, 2.7595243870356103e-08, 2.4787765661615004e-08, 2.2264858305960565e-08, 1.9987005910611995e-08]
W_list: [7.4]
L_list: [9.862503827595097]
