C_final_list: [2.076018858444347e-06, 1.950007750496223e-06, 1.829103132671529e-06, 1.713896507164419e-06, 1.6055909809152494e-06, 1.502189681125527e-06, 1.4057740110547901e-06, 1.3143885350497014e-06, 1.230019339782893e-06, 1.1504083688637628e-06, 1.076200216926827e-06, 1.0072491368654523e-06, 9.417166206817508e-07, 8.811504478952309e-07, 8.242223212433938e-07, 7.705484575833459e-07, 7.205706543139637e-07, 6.73501842126431e-07, 6.284960867288542e-07, 5.870016176533597e-07, 5.485245405934693e-07, 5.119539235774547e-07, 4.77592008480066e-07, 4.4570794054614554e-07, 4.161378670289749e-07, 3.8844524826471207e-07, 3.625847240870129e-07, 3.3859554769455105e-07, 3.1604043059415257e-07, 2.9505889105918394e-07, 2.754251877909862e-07, 2.5665807120624084e-07, 2.393019594811853e-07, 2.2300408340356674e-07, 2.0764355326625726e-07, 1.9337873219322466e-07, 1.8005152601722193e-07, 1.6767603117502777e-07, 1.561809366128305e-07, 1.4558614245423211e-07, 1.3583363981099422e-07, 1.266014962059687e-07, 1.179650380299434e-07, 1.0989866742008524e-07, 1.0238005045320089e-07, 9.544791442238717e-08, 8.896673992058803e-08, 8.295669679764521e-08, 7.728759662366476e-08, 7.208253867888067e-08]
ndim2: 500
W_list: [3.05]
L_list: [14.883543299122048]
