R_list= [ 1  2  3  4  5  6  7  8  9 10 11 12 13 14 15 16 17 18 19 20 21 22 23 24
 25 26 27 28 29 30 31 32 33 34 35 36 37 38]
C_final_list= [1.0118237420691356e-06, 6.694599525690824e-07, 4.3782388912901663e-07, 2.8525525467432287e-07, 1.858703547640838e-07, 1.2128323977539157e-07, 7.868165741571354e-08, 5.105314988998117e-08, 3.333306126485261e-08, 2.1651917456275196e-08, 1.3992543861681917e-08, 9.00327155570596e-09, 5.764695302214575e-09, 3.653524276023784e-09, 2.3517136042154855e-09, 1.5100900715459834e-09, 9.710266314481137e-10, 6.158730166406467e-10, 3.9077725067097393e-10, 2.454038852300535e-10, 1.503307100691635e-10, 9.307392993326388e-11, 5.91306793124943e-11, 3.6374857949002014e-11, 2.2366049776991742e-11, 1.363226145655942e-11, 8.43249774269082e-12, 5.561204021934944e-12, 3.7054660795516366e-12, 2.469673778251415e-12, 1.51774666232449e-12, 9.916166618676447e-13, 6.135088742147712e-13, 4.210324155848327e-13, 2.981499841813415e-13, 2.1826763794632224e-13, 1.570320258786425e-13, 1.2727676062579974e-13]
W_list: [7.0]
L_list: [2.3670582563457274]
