R_list= [ 1  2  3  4  5  6  7  8  9 10 11 12 13 14 15 16 17 18 19 20 21 22 23 24
 25 26 27 28 29 30 31 32 33 34 35 36 37 38]
C_final_list= [1.358663854345864e-07, 5.927325558743547e-08, 2.2735803134971086e-08, 8.262296496942552e-09, 2.9059350509658083e-09, 1.0061681944385046e-09, 3.4763802180012034e-10, 1.1887526153015055e-10, 4.0078281761901427e-11, 1.324916763859422e-11, 4.308406875699311e-12, 1.4092657244014188e-12, 4.576204026157369e-13, 1.5097254038011775e-13, 5.1819491475360176e-14, 1.7210562471571204e-14, 5.101562920764993e-15, 1.5916051309717152e-15, 4.811738839976255e-16, 1.4758578962902301e-16, 4.792627943928433e-17, 1.6437095040876767e-17, 6.160109396100862e-18, 2.4336065611049452e-18, 8.755186697919172e-19, 3.089807289010107e-19, 8.96972798094993e-20, 2.5673194637276533e-20, 6.46065109415217e-21, 1.6052090989710226e-21, 4.269837556329209e-22, 1.1261975995713307e-22, 2.9304465662273556e-23, 7.79870571890872e-24, 2.1713013859515704e-24, 6.9074148545752865e-25, 2.9306276569618663e-25, 1.862943043394723e-25]
W_list: [7]
L_list: [1.1453169758524484]
