R_list= [ 1  2  3  4  5  6  7  8  9 10 11 12 13 14 15 16 17 18 19 20 21 22 23 24
 25 26 27 28 29 30 31 32 33 34 35 36 37 38]
C_final_list= [3.691860458431245e-05, 2.424295648475809e-05, 1.587799134150097e-05, 1.0396019017055244e-05, 6.783998017649157e-06, 4.420064270876978e-06, 2.8793525418157406e-06, 1.8766990328870934e-06, 1.22045753982619e-06, 7.946908861602219e-07, 5.15805232139042e-07, 3.360081125388466e-07, 2.1942211302653588e-07, 1.4328171256901208e-07, 9.302625152544926e-08, 6.028189378659657e-08, 3.880816127229334e-08, 2.508012859765295e-08, 1.6247935791155663e-08, 1.0584407921711183e-08, 6.8809194394969764e-09, 4.442123247013417e-09, 2.895889923136566e-09, 1.886350502570073e-09, 1.2326288427937472e-09, 7.947316035964454e-10, 5.090752037045807e-10, 3.3067915588823486e-10, 2.1626384753830406e-10, 1.4142361667505918e-10, 9.129749629786116e-11, 6.004213718014871e-11, 4.0133143455884904e-11, 2.6263469683266777e-11, 1.6837241164611705e-11, 1.0611018625118898e-11, 6.885283815275042e-12, 4.389033331764505e-12]
W_list: [8.1]
L_list: [2.361989412842135]
