R_list= [ 1  2  3  4  5  6  7  8  9 10 11 12 13 14 15 16 17 18 19 20 21 22 23 24
 25 26 27 28 29 30 31 32 33 34 35 36 37 38]
C_final_list= [1.0260778131054216e-06, 6.398278034035878e-07, 3.959589961979627e-07, 2.4349387770787364e-07, 1.5000313805647457e-07, 9.30808297615108e-08, 5.7525627817672216e-08, 3.5301429245389614e-08, 2.1640546860124804e-08, 1.2991224400988506e-08, 7.779697413803706e-09, 4.6362897034715156e-09, 2.796596153369273e-09, 1.6860231639481963e-09, 1.0252228952550798e-09, 6.270986507096348e-10, 3.857076073713149e-10, 2.435145879382627e-10, 1.4930528100473347e-10, 9.253815828329143e-11, 5.7352243478145275e-11, 3.574503322330126e-11, 2.1541817813092802e-11, 1.3000789162356177e-11, 8.240178236638671e-12, 5.2700326467140454e-12, 3.3455425486993548e-12, 2.2459090763482135e-12, 1.4577663893096972e-12, 9.343332107760233e-13, 5.705892415781017e-13, 3.5283569849476235e-13, 2.103558735074179e-13, 1.3460829898455474e-13, 8.58856805925684e-14, 5.350204366965456e-14, 3.3237650741818876e-14, 1.9800817135216656e-14]
W_list: [8.4]
L_list: [2.089618813772031]
