R_list= [ 1  2  3  4  5  6  7  8  9 10 11 12 13 14 15 16 17 18 19 20 21 22 23 24
 25 26 27 28 29 30 31 32 33 34 35 36 37 38]
C_final_list= [8.614944285708935e-07, 7.475507280684191e-07, 6.485112699778546e-07, 5.614438264138839e-07, 4.863161828233774e-07, 4.2232580926080387e-07, 3.6595489126643403e-07, 3.1708777231982276e-07, 2.7442505795250556e-07, 2.3756596756248322e-07, 2.0550326111694174e-07, 1.7779425970857742e-07, 1.5404083808330404e-07, 1.3333464578967328e-07, 1.1508894016496827e-07, 9.902516370153675e-08, 8.524033947618192e-08, 7.324014427080122e-08, 6.286821357198561e-08, 5.409997052171541e-08, 4.6589218759349286e-08, 4.013854818770269e-08, 3.4526466533710785e-08, 2.9699707588777794e-08, 2.5526187575109804e-08, 2.18980430890789e-08, 1.8818333894447086e-08, 1.6187014821062704e-08, 1.3912664169935236e-08, 1.1939088736682944e-08, 1.0242685667430589e-08, 8.76291243324727e-09, 7.496978831164517e-09, 6.40779603227387e-09, 5.497282832496649e-09, 4.692489648220376e-09, 4.021065367160245e-09, 3.4381603378515145e-09]
W_list: [6.2]
L_list: [6.9462161360400065]
