R_list= [ 1  2  3  4  5  6  7  8  9 10 11 12 13 14 15 16 17 18 19 20 21 22 23 24
 25 26 27 28 29 30 31 32 33 34 35 36 37 38]
C_final_list= [5.492013671648335e-07, 4.81021595708861e-07, 4.175890134077792e-07, 3.61323378821042e-07, 3.1147540959231405e-07, 2.683407647093978e-07, 2.3072337146681523e-07, 1.9832825847864486e-07, 1.7045165140829574e-07, 1.4621686867752923e-07, 1.2533781046600053e-07, 1.0717345853860895e-07, 9.175737671112905e-08, 7.856171842751141e-08, 6.717850672871743e-08, 5.743687192264807e-08, 4.907944963431067e-08, 4.199753798854142e-08, 3.596754824741603e-08, 3.08054899097482e-08, 2.6364629535939248e-08, 2.2478489902101055e-08, 1.914397998235066e-08, 1.627213596849847e-08, 1.3820472950301656e-08, 1.1738773716981565e-08, 9.985497579151432e-09, 8.505366075792068e-09, 7.243993289609011e-09, 6.169902858092045e-09, 5.255960933920266e-09, 4.4632298117478015e-09, 3.78724942300873e-09, 3.211500732881169e-09, 2.720807957297698e-09, 2.304372893437441e-09, 1.949760942652607e-09, 1.6541297355187472e-09]
W_list: [7]
L_list: [6.714391321233869]
