C_final_list: [2.1199395075032787e-06, 1.9313978030522327e-06, 1.7497091227964725e-06, 1.5820817150219364e-06, 1.4347353525203585e-06, 1.2984120820694736e-06, 1.1778560810552513e-06, 1.0666233245610441e-06, 9.657827559674386e-07, 8.74615049979947e-07, 7.913945459109183e-07, 7.183399536643973e-07, 6.498796633139023e-07, 5.882455096975837e-07, 5.319652783557396e-07, 4.80983114569265e-07, 4.349454222015129e-07, 3.9308872450734125e-07, 3.554132252632054e-07, 3.220595105510331e-07, 2.914875541384359e-07, 2.6321739656530855e-07, 2.3773567810249197e-07, 2.1499074295880354e-07, 1.9396519838604176e-07, 1.7501041080957578e-07, 1.5782565535286648e-07, 1.4268595148806189e-07, 1.2885881542660086e-07, 1.164469285961127e-07, 1.0492931774176212e-07, 9.444374211515757e-08, 8.507557403378333e-08, 7.680289292266937e-08, 6.938964740401464e-08]
ndim2: 500
W_list: [2.0]
L_list: [10.074238050392559]
