C_list:
1.9205187339880374e-06 0.23394237230980505
ndim2: 500
W_list: [3.4]
L_list: [4.274556977971142]
