R_list= [ 1  2  3  4  5  6  7  8  9 10 11 12 13 14 15 16 17 18 19 20 21 22 23 24
 25 26 27 28 29 30 31 32 33 34 35 36 37 38]
C_final_list= [2.6259355092862454e-07, 2.3600873401276663e-07, 2.0991279359798154e-07, 1.8555901982367857e-07, 1.6356933088543219e-07, 1.439375108577367e-07, 1.2643061236036823e-07, 1.1085256917489295e-07, 9.704712857566077e-08, 8.493730393254701e-08, 7.43664650547066e-08, 6.51348741395912e-08, 5.694232309311936e-08, 4.9735424350935165e-08, 4.3394248653732635e-08, 3.781739892758651e-08, 3.293700441828606e-08, 2.8703329528349676e-08, 2.501429302918792e-08, 2.1803619246205894e-08, 1.8996302838754918e-08, 1.6525460869280627e-08, 1.4359220972548267e-08, 1.2461541174682528e-08, 1.0807444394009612e-08, 9.371279968062323e-09, 8.122684426287813e-09, 7.039246583051502e-09, 6.098525197110357e-09, 5.286647116460832e-09, 4.586204724912798e-09, 3.980058036738558e-09, 3.4555901716719423e-09, 2.997414284988301e-09, 2.6034118316485965e-09, 2.26407111011145e-09, 1.9664768937199607e-09, 1.709898480287185e-09]
W_list: [8.4]
L_list: [7.769842356327394]
