C_final_list: [1.137038173759561e-06, 1.0498779612876986e-06, 9.669923494362788e-07, 8.88151142968941e-07, 8.150554566221166e-07, 7.477863915682974e-07, 6.86305906053276e-07, 6.296172435296397e-07, 5.769802740756271e-07, 5.287214434888625e-07, 4.844414948076763e-07, 4.435931835575774e-07, 4.0613363820719433e-07, 3.7146704743342254e-07, 3.398443337447973e-07, 3.113328104321946e-07, 2.8529238218179905e-07, 2.612889833985275e-07, 2.3943310639663965e-07, 2.1960875407488875e-07, 2.01158869607148e-07, 1.844855817109214e-07, 1.6910197335113384e-07, 1.5492946628503002e-07, 1.4195303055588356e-07, 1.3001461701785615e-07, 1.1899687997811986e-07, 1.0889185749162641e-07, 9.973392811770623e-08, 9.136181419489074e-08, 8.371743012573338e-08, 7.673997333021994e-08, 7.026461095252149e-08, 6.430877627884148e-08, 5.8878343829562284e-08]
ndim2: 500
W_list: [4.0]
L_list: [11.53884818484234]
