R_list= [ 1  2  3  4  5  6  7  8  9 10 11 12 13 14 15 16 17 18 19 20 21 22 23 24
 25 26 27 28 29 30 31 32 33 34 35 36 37 38]
C_final_list= [3.347287983042953e-05, 2.125981496854825e-05, 1.3428104194628422e-05, 8.458957501182716e-06, 5.326563111539426e-06, 3.348709541296018e-06, 2.101541320676544e-06, 1.3218255571169586e-06, 8.315062356921486e-07, 5.20961618734074e-07, 3.2545146745614997e-07, 2.0296590187791524e-07, 1.2652039047218612e-07, 7.937702517433139e-08, 4.962609674252826e-08, 3.091083345113687e-08, 1.9396558256861934e-08, 1.2300884547147584e-08, 7.770432338354677e-09, 4.9366232713620275e-09, 3.122169717008197e-09, 1.944641492415629e-09, 1.2037069336961752e-09, 7.467036837557844e-10, 4.662953198681319e-10, 2.944978929347032e-10, 1.844146839981981e-10, 1.1444715427239754e-10, 7.10104796629724e-11, 4.330509176327233e-11, 2.754139872225302e-11, 1.7586829886429123e-11, 1.1223976995967439e-11, 7.422447058923168e-12, 4.564164713172122e-12, 2.9292217826534556e-12, 1.8068590960152942e-12, 1.1029281171741235e-12]
W_list: [8.5]
L_list: [2.1803023332630502]
