C_final_list: [1.3477008635369453e-06, 1.1685508703013167e-06, 1.0132731693430986e-06, 8.771859860829032e-07, 7.609740203566347e-07, 6.573751020878801e-07, 5.692160462720196e-07, 4.934887111420359e-07, 4.2632723506539206e-07, 3.6859151050861895e-07, 3.178692462810861e-07, 2.7391349033420077e-07, 2.3617502727308154e-07, 2.0306600681740524e-07, 1.7501353526148e-07, 1.5072383061951438e-07, 1.3004166224261516e-07, 1.1203094795442236e-07, 9.678644218507692e-08, 8.339824371535657e-08, 7.216564723176153e-08, 6.226857743801119e-08, 5.361240736718255e-08, 4.604472401680659e-08, 3.9418924488971096e-08, 3.38290148709618e-08, 2.9099415420690806e-08, 2.5045355583745634e-08, 2.155393018640879e-08, 1.8538081933661508e-08, 1.6002376497070125e-08, 1.3748983479989053e-08, 1.182909821970777e-08, 1.0168238498396233e-08, 8.757357729152776e-09]
ndim2: 500
W_list: [3.8]
L_list: [6.89216957772616]
