C_final_list: [1.5517891313904502e-06, 1.4853123704805518e-06, 1.4200508811288439e-06, 1.3582378267199894e-06, 1.2982258543916141e-06, 1.24090343037365e-06, 1.1864219944314239e-06, 1.1338972621714612e-06, 1.0833623830632353e-06, 1.03567478061057e-06, 9.899125314216516e-07, 9.462347597770118e-07, 9.047010487256965e-07, 8.648449867979855e-07, 8.263344305340874e-07, 7.89307356993346e-07, 7.539038266047147e-07, 7.200745827585831e-07, 6.885025079405919e-07, 6.582716328753859e-07, 6.297797226171891e-07, 6.023541792158038e-07, 5.760292851420627e-07, 5.508579431359649e-07, 5.271014231631847e-07, 5.041271846100408e-07, 4.821424448047939e-07, 4.609917215005303e-07, 4.4096250562869986e-07, 4.218793984719495e-07, 4.032801876742961e-07, 3.857128363467154e-07, 3.6874581229289634e-07, 3.527423108966158e-07, 3.374468436417054e-07, 3.2272163112621835e-07, 3.0847747849026773e-07, 2.9506725663017007e-07, 2.819860633060099e-07, 2.694194997107655e-07, 2.573858617568059e-07, 2.45768392633154e-07, 2.3476336142535457e-07, 2.2413511987213664e-07, 2.140323142930576e-07, 2.0429043834809294e-07, 1.948637235560341e-07, 1.8587945727338315e-07, 1.7727543209571373e-07, 1.6912777452896308e-07]
ndim2: 500
W_list: [3.4000000000000004]
L_list: [22.20844756950872]
