C_final_list: [1.8016882652796955e-06, 1.7512249676967347e-06, 1.7007824945073612e-06, 1.6519268445970532e-06, 1.6046990422292247e-06, 1.5594741122426145e-06, 1.5146927552432447e-06, 1.4712040903970185e-06, 1.428830869629068e-06, 1.3880732178778652e-06, 1.3483278726826526e-06, 1.3096183408079762e-06, 1.2727908738705419e-06, 1.236846278140725e-06, 1.2023585346828801e-06, 1.1679954216552686e-06, 1.1351308402811724e-06, 1.1029770701901535e-06, 1.0713461364155708e-06, 1.040931666012852e-06, 1.0114285462868883e-06, 9.823863135087256e-07, 9.545221544105436e-07, 9.271477681855432e-07, 9.004033861115737e-07, 8.744055903094134e-07, 8.492094567675032e-07, 8.243902666468247e-07, 8.000584473419996e-07, 7.76419830654653e-07, 7.533502223768783e-07, 7.311679292070355e-07, 7.096463026365332e-07, 6.885795952391448e-07, 6.680432747987908e-07]
ndim2: 500
W_list: [2.8]
L_list: [34.47903407867353]
