C_list:
1.7466733480458082e-06 0.034512150737217334
ndim2: 500
W_list: [1.4]
L_list: [28.975302281628498]
