R_list= [ 1  2  3  4  5  6  7  8  9 10 11 12 13 14 15 16 17 18 19 20 21 22 23 24
 25 26 27 28 29 30 31 32 33 34 35 36 37 38]
C_final_list= [1.7459203631158118e-06, 1.5056978032324964e-06, 1.3154840826308998e-06, 1.168379395637688e-06, 1.0401080893618523e-06, 9.242630320543914e-07, 8.22430411293396e-07, 7.332119307122496e-07, 6.537345833740388e-07, 5.825445168093716e-07, 5.193222750762935e-07, 4.626274673656401e-07, 4.1168401625256776e-07, 3.6643146124319696e-07, 3.259461660644015e-07, 2.8982696538702613e-07, 2.5793581690476783e-07, 2.2978067727987015e-07, 2.0484840174099134e-07, 1.8244101921268762e-07, 1.6208514462376221e-07, 1.4377954124388136e-07, 1.2756494431148186e-07, 1.1315594948329745e-07, 1.0035389700191139e-07, 8.884733494558634e-08, 7.862737446970773e-08, 6.963805738991166e-08, 6.172881541517023e-08, 5.480951036167399e-08, 4.867725383920656e-08, 4.311190611076876e-08, 3.809342477875558e-08, 3.366428119677211e-08, 2.9790369883829325e-08, 2.635626573601175e-08, 2.32959274013161e-08, 2.0583976909894998e-08]
W_list: [4]
L_list: [8.38184341518013]
