C_final_list: [1.9891496625368496e-06, 1.7534681447944287e-06, 1.5416190116289203e-06, 1.3507615338645716e-06, 1.1864271637570386e-06, 1.0414045122933294e-06, 9.184088457729519e-07, 8.083873780456325e-07, 7.118010677971813e-07, 6.271022706520974e-07, 5.517847061190657e-07, 4.846304177989039e-07, 4.2579414511618434e-07, 3.734446018027913e-07, 3.277527092977912e-07, 2.8729110199050556e-07, 2.514248515700907e-07, 2.1975731847834446e-07, 1.9204819297851118e-07, 1.6787629851547655e-07, 1.4625114777271391e-07, 1.272086884401429e-07, 1.1095454550612383e-07, 9.683198970968762e-08, 8.455605926637956e-08, 7.37019641226449e-08, 6.434121441140387e-08, 5.619254812762169e-08, 4.91096147722883e-08, 4.271371536787454e-08, 3.713023805194498e-08, 3.23630824172996e-08, 2.8173143234195e-08, 2.4570371845687555e-08, 2.1411128219909526e-08, 1.8661805072343975e-08, 1.629854981125601e-08, 1.4229139995482113e-08, 1.2424693088007666e-08, 1.0766234502515447e-08, 9.305683412023225e-09, 8.065703109669653e-09, 6.971000081166423e-09, 6.0246092114919554e-09, 5.2312048711097e-09, 4.553228098509593e-09, 3.980515157017051e-09, 3.4841614083686104e-09, 3.044891928727284e-09, 2.6596629351913954e-09]
ndim2: 500
W_list: [3.0]
L_list: [7.727432084977856]
