C_final_list: [1.876887944619815e-06, 1.818680803090846e-06, 1.760677018771168e-06, 1.705556135971975e-06, 1.6523230742141385e-06, 1.6011234780742804e-06, 1.5509264510992117e-06, 1.5022955052310796e-06, 1.4551183328305686e-06, 1.409449906068178e-06, 1.3655871004990306e-06, 1.3227507573389456e-06, 1.2817753078852884e-06, 1.2416788179216053e-06, 1.202739335136194e-06, 1.1651288125414273e-06, 1.1283949758905568e-06, 1.092916226769761e-06, 1.057747736631189e-06, 1.0233210805260003e-06, 9.901762078904917e-07, 9.580366977333063e-07, 9.268222795111681e-07, 8.965129079024467e-07, 8.670816428444362e-07, 8.387121106042222e-07, 8.111584385576513e-07, 7.843205149012679e-07, 7.586835844588768e-07, 7.338517026781696e-07, 7.099506600692108e-07, 6.867499501474302e-07, 6.642067370164475e-07, 6.424726325909486e-07, 6.215509114504773e-07, 6.009218473559258e-07, 5.811530193392177e-07, 5.619469418399408e-07, 5.434751820235315e-07, 5.256957601858319e-07, 5.083141144805534e-07, 4.914233138267032e-07, 4.7504719054194643e-07, 4.591531715619961e-07, 4.43775838408878e-07, 4.2886240186895995e-07, 4.1420879412105797e-07, 4.0030399740333094e-07, 3.8673701585228085e-07, 3.7368282503161347e-07]
ndim2: 500
W_list: [3.05]
L_list: [30.69282480396033]
