C_final_list: [1.4883229196895242e-06, 1.4176748327565615e-06, 1.35045662085886e-06, 1.2857135599316943e-06, 1.2238716100214007e-06, 1.1649870937152195e-06, 1.1091012264344075e-06, 1.056676668295995e-06, 1.0066890531588939e-06, 9.586604967673944e-07, 9.126570604189795e-07, 8.679310088507373e-07, 8.261457044868613e-07, 7.862190330774495e-07, 7.480612038273983e-07, 7.119134156862197e-07, 6.77524522083771e-07, 6.449244292016719e-07, 6.134849075237343e-07, 5.834170112079749e-07, 5.5451539431139e-07, 5.268642090449026e-07, 5.002594278910824e-07, 4.750413894662758e-07, 4.511901052593482e-07, 4.284110175804693e-07, 4.067368197512761e-07, 3.8600098080656573e-07, 3.662278114084333e-07, 3.4767162369272546e-07, 3.299172303881986e-07, 3.129654500806535e-07, 2.966401138141729e-07, 2.812000495512445e-07, 2.665620325714865e-07]
ndim2: 500
W_list: [3.4000000000000004]
L_list: [20.06767200482345]
