R_list= [ 1  2  3  4  5  6  7  8  9 10 11 12 13 14 15 16 17 18 19 20 21 22 23 24
 25 26 27 28 29 30 31 32 33 34 35 36 37 38]
C_final_list= [1.1939845793580988e-06, 8.044365896341812e-07, 5.41193041117098e-07, 3.620629118390578e-07, 2.435502091928734e-07, 1.6350679640860841e-07, 1.0918625482241775e-07, 7.361334118274768e-08, 4.858884290113648e-08, 3.200691634959249e-08, 2.1314117996919903e-08, 1.3971235335305927e-08, 9.214042861386413e-09, 6.009573827607421e-09, 3.8974377187963955e-09, 2.5584580244877974e-09, 1.6599938176951948e-09, 1.0805123074602114e-09, 7.099954876213148e-10, 4.6463565044802317e-10, 3.0015987620484976e-10, 1.9471519892676404e-10, 1.2898671558010955e-10, 8.665380622113657e-11, 5.938099337690335e-11, 3.9679981067925016e-11, 2.6236052001827317e-11, 1.745816176638773e-11, 1.1223218669276838e-11, 7.344945189764506e-12, 4.9209725915904134e-12, 3.359862021531414e-12, 2.297547243771412e-12, 1.5990069243481115e-12, 1.1353120758417818e-12, 8.83840575678197e-13, 7.138737761666645e-13, 5.570150625413087e-13]
W_list: [7.4]
L_list: [2.5147044738534685]
