R_list= [ 1  2  3  4  5  6  7  8  9 10 11 12 13 14 15 16 17 18 19 20 21 22 23 24
 25 26 27 28 29 30 31 32 33 34 35 36 37 38]
C_final_list= [5.166769024166193e-07, 4.890145981845148e-07, 4.6100960141598974e-07, 4.337049039778123e-07, 4.0791595181038865e-07, 3.8317948927215917e-07, 3.596704189513378e-07, 3.3743448251692227e-07, 3.165121372962291e-07, 2.968756225530889e-07, 2.782871798589567e-07, 2.605611363451627e-07, 2.439288181460062e-07, 2.2823948699413118e-07, 2.1353000445499992e-07, 1.9968538193758594e-07, 1.8683391526342508e-07, 1.7474754447879457e-07, 1.6350688758726247e-07, 1.529282615009665e-07, 1.4310189343175531e-07, 1.3380381221685976e-07, 1.2509866975381574e-07, 1.1696662467075221e-07, 1.0937537349327481e-07, 1.021982836320458e-07, 9.54474123327051e-08, 8.91305215527392e-08, 8.322227085322489e-08, 7.770314459475608e-08, 7.254542145001652e-08, 6.770426792517426e-08, 6.313242668721469e-08, 5.885236425121162e-08, 5.484668761183411e-08, 5.1094344490488746e-08, 4.7625980348004154e-08, 4.4394461919285544e-08]
W_list: [6.4]
L_list: [15.397589344763709]
