R_list= [ 1  2  3  4  5  6  7  8  9 10 11 12 13 14 15 16 17 18 19 20 21 22 23 24
 25 26 27 28 29 30 31 32 33 34 35 36 37 38]
C_final_list= [4.835041579259625e-07, 4.187170993747428e-07, 3.5881052559033084e-07, 3.0545011149402064e-07, 2.593621433415168e-07, 2.199555432598163e-07, 1.857866925549693e-07, 1.5652816075440614e-07, 1.318384849557853e-07, 1.1081512125216445e-07, 9.317725852602964e-08, 7.823843040335701e-08, 6.562327073290727e-08, 5.492212155325742e-08, 4.594848825543204e-08, 3.8398697739834236e-08, 3.2066371444257445e-08, 2.681551183822444e-08, 2.240433680648024e-08, 1.8715265916236245e-08, 1.5641472101014965e-08, 1.3092594464175987e-08, 1.0947359274074726e-08, 9.155659838000605e-09, 7.657509577517562e-09, 6.394483987042635e-09, 5.344134628429985e-09, 4.452792974096068e-09, 3.710893161142278e-09, 3.0951105183742864e-09, 2.584838984698869e-09, 2.1571093134201646e-09, 1.805268379513333e-09, 1.5096971074145025e-09, 1.2576002662214047e-09, 1.0441908735332239e-09, 8.665184427065699e-10, 7.203778932080222e-10]
W_list: [8.6]
L_list: [6.056544422991149]
