C_final_list: [1.555524140467207e-06, 1.5275316825245124e-06, 1.4993471104864023e-06, 1.472173184022669e-06, 1.4455007258601928e-06, 1.4194455993367158e-06, 1.3938750872189636e-06, 1.3691994010216025e-06, 1.3450247737423922e-06, 1.3212403153279961e-06, 1.2979751206680346e-06, 1.2749315876651925e-06, 1.2522453916740411e-06, 1.2300661841740193e-06, 1.208314544727461e-06, 1.1867038462645616e-06, 1.1654430711748606e-06, 1.1448071107103974e-06, 1.1244992445233565e-06, 1.1046139676128041e-06, 1.084848226966836e-06, 1.0654257685648127e-06, 1.0460895241724215e-06, 1.0269068195602074e-06, 1.0080778053731167e-06, 9.894976041935237e-07, 9.715389341640162e-07, 9.54130757392627e-07, 9.369499870431457e-07, 9.202477336089147e-07, 9.039034796650244e-07, 8.877215058359914e-07, 8.716793223603999e-07, 8.558710996336696e-07, 8.40348231948012e-07, 8.251714927893597e-07, 8.101764957784151e-07, 7.953492903887032e-07, 7.808243577709507e-07, 7.665914927376576e-07, 7.526296178816687e-07, 7.388904764428997e-07, 7.251769124002294e-07, 7.11721467594405e-07, 6.985936549658918e-07, 6.856521485377472e-07, 6.729495811908552e-07, 6.605183016374075e-07, 6.481764053591229e-07, 6.359938938113655e-07]
ndim2: 500
W_list: [3.15]
L_list: [55.1038654166638]
