R_list= [ 1  2  3  4  5  6  7  8  9 10 11 12 13 14 15 16 17 18 19 20 21 22 23 24
 25 26 27 28 29 30 31 32 33 34 35 36 37 38]
C_final_list= [6.453431211812989e-06, 5.524416440704087e-06, 4.68142093932026e-06, 3.948710574877842e-06, 3.327640267796778e-06, 2.803148601170272e-06, 2.3580030016334272e-06, 1.9816797361586376e-06, 1.6645657757580747e-06, 1.3979555254555192e-06, 1.1734184415162534e-06, 9.848695640363822e-07, 8.255821520349099e-07, 6.919175535694282e-07, 5.799413279677015e-07, 4.859855905296245e-07, 4.0717006305722505e-07, 3.408342601841044e-07, 2.848398947770255e-07, 2.3777806528879506e-07, 1.9854461698635665e-07, 1.6557208227958324e-07, 1.3821824291679824e-07, 1.155080050666421e-07, 9.647007766606914e-08, 8.059233282153834e-08, 6.737275416688398e-08, 5.6337013379953143e-08, 4.713250676489386e-08, 3.94239088606939e-08, 3.301637737409971e-08, 2.7666842672223192e-08, 2.3164098635855626e-08, 1.939378427200085e-08, 1.6253260477056632e-08, 1.362945039214054e-08, 1.1422649304012845e-08, 9.561389842978748e-09]
W_list: [8.2]
L_list: [5.859179148008184]
