R_list= [ 1  2  3  4  5  6  7  8  9 10 11 12 13 14 15 16 17 18 19 20 21 22 23 24
 25 26 27 28 29 30 31 32 33 34 35 36 37 38]
C_final_list= [1.5672370808117458e-07, 1.1699158638597203e-07, 8.683700085632081e-08, 6.412580528622193e-08, 4.7256296112230805e-08, 3.464607328301657e-08, 2.526496523207799e-08, 1.8376788685155903e-08, 1.334514134726161e-08, 9.658252783589932e-09, 6.966753408075729e-09, 5.0243256409389035e-09, 3.612994845837374e-09, 2.5962719678860383e-09, 1.8612870630319067e-09, 1.3258448391151315e-09, 9.400942471069905e-10, 6.675350559773629e-10, 4.719719383048233e-10, 3.330144005095914e-10, 2.360979995381852e-10, 1.682269264853375e-10, 1.1994703943852382e-10, 8.548522147313223e-11, 6.065466472760572e-11, 4.304085420904724e-11, 3.054840963488807e-11, 2.1407612998262328e-11, 1.5059640431602115e-11, 1.0615163295182504e-11, 7.509463583895518e-12, 5.3017821318100456e-12, 3.71478364246082e-12, 2.602231288998854e-12, 1.797394610185861e-12, 1.244913050211766e-12, 8.614538271950618e-13, 6.038618903902605e-13]
W_list: [7]
L_list: [3.298110642912194]
