C_final_list: [1.3506683921951256e-06, 1.3187194468186675e-06, 1.2867277919985775e-06, 1.2554515739120858e-06, 1.2253634371962078e-06, 1.1956203307016299e-06, 1.1665856984875782e-06, 1.1376312838571169e-06, 1.1094921373280064e-06, 1.081996548553168e-06, 1.0550928809408216e-06, 1.028692444173199e-06, 1.0030207539307433e-06, 9.77885367193072e-07, 9.533496235151218e-07, 9.295250390180268e-07, 9.062307441311897e-07, 8.83595703509325e-07, 8.614589907866702e-07, 8.401147493148443e-07, 8.19308589294195e-07, 7.988260894753766e-07, 7.789725681487053e-07, 7.595648723937426e-07, 7.406340625639166e-07, 7.2200008961793e-07, 7.037963397887081e-07, 6.8580329300099e-07, 6.682755193369465e-07, 6.509508214312227e-07, 6.342064583977989e-07, 6.179569547788895e-07, 6.021540627755181e-07, 5.866194864425621e-07, 5.715192756274447e-07, 5.569137074696067e-07, 5.429004021609879e-07, 5.292598781900885e-07, 5.159988523137436e-07, 5.030581796392352e-07, 4.904631047232628e-07, 4.781860357816916e-07, 4.6617597352980885e-07, 4.5450338413671953e-07, 4.4309405854107515e-07, 4.3189867340326535e-07, 4.210148692168634e-07, 4.10456942669872e-07, 4.001023978000736e-07, 3.8994905377575817e-07]
ndim2: 500
W_list: [3.4000000000000004]
L_list: [39.43745567745509]
