C_final_list: [2.0101329233497866e-06, 1.767178629727568e-06, 1.5435752337842119e-06, 1.3514192703688281e-06, 1.1847016838908736e-06, 1.0367034640677186e-06, 9.090342278778767e-07, 7.969467041412657e-07, 6.976856206133518e-07, 6.077943830607559e-07, 5.294765162392745e-07, 4.613089049568002e-07, 4.0159383474537213e-07, 3.497243837578098e-07, 3.0463181137561554e-07, 2.6573218492402027e-07, 2.313684215654111e-07, 2.0164047269481098e-07, 1.754226377919159e-07, 1.5318755468900112e-07, 1.3415215531145857e-07, 1.1724158598692478e-07, 1.020800555859478e-07, 8.86089301074534e-08, 7.690058651033272e-08, 6.685324394561344e-08, 5.7908797891883154e-08, 5.024624594858542e-08, 4.3386107999345346e-08, 3.750544060152277e-08, 3.251233987158901e-08, 2.8123277293656233e-08, 2.4392016649870074e-08, 2.107392361540226e-08, 1.817599480196391e-08, 1.564799621288315e-08, 1.3440488190399388e-08, 1.1535566731590199e-08, 9.887759940087848e-09, 8.463037108002317e-09, 7.2706854430181035e-09, 6.246846517414092e-09, 5.370596004066359e-09, 4.59601466565743e-09, 3.9474056379892606e-09, 3.384274616466045e-09, 2.8924267294220624e-09, 2.4835038873527413e-09, 2.131564269899609e-09, 1.830198329839151e-09]
ndim2: 500
W_list: [3.0999999999999996]
L_list: [7.445880926169939]
