R_list= [ 1  2  3  4  5  6  7  8  9 10 11 12 13 14 15 16 17 18 19 20 21 22 23 24
 25 26 27 28 29 30 31 32]
C_final_list= [3.599072155037243e-07, 2.6976125312741027e-07, 2.0024516095505297e-07, 1.493379298710715e-07, 1.1120118766145876e-07, 8.233868710946637e-08, 6.076315015915314e-08, 4.458314039536942e-08, 3.264710068899627e-08, 2.3861006263752163e-08, 1.741525548767889e-08, 1.2729199738201507e-08, 9.323976324846685e-09, 6.803924373779161e-09, 4.956012179519434e-09, 3.606492198449994e-09, 2.6218141424251938e-09, 1.90709051205137e-09, 1.3914708593307195e-09, 1.0126338364266083e-09, 7.385958269120599e-10, 5.405891013207283e-10, 3.940320217392492e-10, 2.8601638323795375e-10, 2.078710421743806e-10, 1.5173855031640053e-10, 1.1027259113305317e-10, 7.999993227351347e-11, 5.834907951015452e-11, 4.267822645644273e-11, 3.121529575213213e-11, 2.2942118532682493e-11]
W_list: [6]
L_list: [3.36975606848315]
