R_list= [ 1  2  3  4  5  6  7  8  9 10 11 12 13 14 15 16 17 18 19 20 21 22 23 24
 25 26 27 28 29 30 31 32 33 34 35 36 37 38]
C_final_list= [2.1906535593503154e-07, 1.5980826862145403e-07, 1.1672842608602477e-07, 8.463806548686869e-08, 6.118091192572069e-08, 4.4232721826435644e-08, 3.167125721227626e-08, 2.2563457666916948e-08, 1.6034482738445267e-08, 1.1326160641103847e-08, 7.947685159060358e-09, 5.56332753484811e-09, 3.909567726512588e-09, 2.7646814584561727e-09, 1.9556478439343178e-09, 1.380486354962316e-09, 9.788275159948907e-10, 6.896743880658621e-10, 4.850422650881713e-10, 3.4008994029514404e-10, 2.387900948556499e-10, 1.685483433943286e-10, 1.191223963855658e-10, 8.482027431609412e-11, 6.060956199203573e-11, 4.34528550354029e-11, 3.144215233547138e-11, 2.2980075363705317e-11, 1.7015718907168144e-11, 1.2536428512677909e-11, 9.181624164395127e-12, 6.713721884202599e-12, 4.919897371905982e-12, 3.565654252807384e-12, 2.5614936093353e-12, 1.7909933664165994e-12, 1.2315276408665214e-12, 8.557006139799918e-13]
W_list: [7]
L_list: [3.111372329252486]
