R_list= [ 1  2  3  4  5  6  7  8  9 10 11 12 13 14 15 16 17 18 19 20 21 22 23 24
 25 26 27 28 29 30 31 32 33 34 35 36 37 38]
C_final_list= [2.1188285847649008e-07, 1.8808704091081836e-07, 1.6528498101596495e-07, 1.4444463951505353e-07, 1.2575255226139738e-07, 1.0929321304775685e-07, 9.503852239602928e-08, 8.274466744834886e-08, 7.194380388717699e-08, 6.243143172137729e-08, 5.416206942751799e-08, 4.698640719920378e-08, 4.069207411321708e-08, 3.518162092623658e-08, 3.037172414786354e-08, 2.6197979501350957e-08, 2.255721716935744e-08, 1.943013753511696e-08, 1.671912545264954e-08, 1.4371967610827125e-08, 1.2336280262236307e-08, 1.0594138808893424e-08, 9.099679269199062e-09, 7.81494970574299e-09, 6.712411939106456e-09, 5.764152569119794e-09, 4.947476624721517e-09, 4.251362752141285e-09, 3.656943085516612e-09, 3.1484080011614576e-09, 2.706843398073657e-09, 2.3293298002568208e-09, 2.0018829296485406e-09, 1.7217849289756376e-09, 1.4808183485792527e-09, 1.272566737894438e-09, 1.0929835821482663e-09, 9.375432155922018e-10]
W_list: [8.2]
L_list: [7.215878969205584]
