C_final_list: [8.795096430516182e-07, 8.410555668308513e-07, 8.024225403384284e-07, 7.638116007455947e-07, 7.266897268226876e-07, 6.908731023136137e-07, 6.562215360604795e-07, 6.233984697336666e-07, 5.920932017666948e-07, 5.62253769270068e-07, 5.337354620245641e-07, 5.065974156996784e-07, 4.811933015534657e-07, 4.5690941522599345e-07, 4.3373017205567214e-07, 4.115500242592675e-07, 3.9025957274712524e-07, 3.7028311797083834e-07, 3.5134180697802094e-07, 3.333364651082458e-07, 3.1620105458567426e-07, 2.998620042109538e-07, 2.842542107497894e-07, 2.6924681603983294e-07, 2.5518110476139884e-07, 2.417389354262657e-07, 2.290083701157374e-07, 2.1701996948082716e-07, 2.056236563128538e-07, 1.946848048110826e-07, 1.8436297125606086e-07, 1.7450773832370957e-07, 1.6519672356761882e-07, 1.5634065539279896e-07, 1.4790631544416772e-07, 1.400513743941541e-07, 1.325379090282613e-07, 1.2540269150896983e-07, 1.1858612317227453e-07, 1.1210301795739523e-07, 1.0601609758094988e-07, 1.003219029951267e-07, 9.495575443202249e-08, 8.989026059251382e-08, 8.509350768597101e-08, 8.058245088831128e-08, 7.63361423316401e-08, 7.233744159990569e-08, 6.851108886472545e-08, 6.487959482015337e-08]
ndim2: 500
W_list: [4.0]
L_list: [19.112439629449923]
