C_final_list: [1.7630894189940155e-06, 1.6519374897563864e-06, 1.5437905509668409e-06, 1.4435142388842467e-06, 1.3473100162026938e-06, 1.2594111586820885e-06, 1.1769131394446157e-06, 1.101309048373468e-06, 1.029060951854483e-06, 9.633062589528434e-07, 8.998661413868285e-07, 8.409583916463806e-07, 7.875095180329284e-07, 7.36582151384325e-07, 6.893018485880781e-07, 6.44860989121265e-07, 6.033363887101021e-07, 5.639375395703684e-07, 5.270038538814712e-07, 4.926538847841982e-07, 4.604227837628234e-07, 4.302390024962764e-07, 4.0231097021395955e-07, 3.756063576146952e-07, 3.5064305086887207e-07, 3.2715189582033903e-07, 3.051781682581025e-07, 2.84726008654886e-07, 2.6568297630188675e-07, 2.480323304681334e-07, 2.3136398819627997e-07, 2.1565181898927043e-07, 2.0095635733928446e-07, 1.872234270354644e-07, 1.743798825344521e-07]
ndim2: 500
W_list: [2.6]
L_list: [14.840602994983284]
