R_list= [ 1  2  3  4  5  6  7  8  9 10 11 12 13 14 15 16 17 18 19 20 21 22 23 24
 25 26 27 28 29 30 31 32 33 34 35 36 37 38]
C_final_list= [2.0801723304458984e-05, 1.68752108122872e-05, 1.3553835907625805e-05, 1.0851292777201752e-05, 8.674619609966544e-06, 6.92828375503611e-06, 5.526753777570735e-06, 4.4088690856095755e-06, 3.509418259674234e-06, 2.788418333286247e-06, 2.216365886658323e-06, 1.758770003068817e-06, 1.3955487048398822e-06, 1.108144379239872e-06, 8.795906062647693e-07, 6.978073589875359e-07, 5.537345053477964e-07, 4.390401015648283e-07, 3.477072346755623e-07, 2.758766375652977e-07, 2.189180455340254e-07, 1.7345167372652805e-07, 1.3762150847262618e-07, 1.0903738689809315e-07, 8.63410111163636e-08, 6.833061991872267e-08, 5.418134676025516e-08, 4.298790081074252e-08, 3.406901597968269e-08, 2.695781971008535e-08, 2.130394441854631e-08, 1.681019773901321e-08, 1.3318825646623679e-08, 1.0570374115808392e-08, 8.400571802969576e-09, 6.669244779471281e-09, 5.289617447369796e-09, 4.184170408482922e-09]
W_list: [8.3]
L_list: [4.498739227437085]
