R_list= [ 1  2  3  4  5  6  7  8  9 10 11 12 13 14 15 16 17 18 19 20 21 22 23 24
 25 26 27 28 29 30 31 32 33 34 35 36 37 38]
C_final_list= [1.8799696709417879e-07, 1.6415453386507806e-07, 1.4137254799817404e-07, 1.2079635183280485e-07, 1.028546501610778e-07, 8.744440530848048e-08, 7.422897854762846e-08, 6.292429853020915e-08, 5.334230553838228e-08, 4.520162004677535e-08, 3.831085754634322e-08, 3.2439501651518064e-08, 2.741546076240744e-08, 2.3131376427206352e-08, 1.9496021107075756e-08, 1.6420923708117976e-08, 1.3814324611691536e-08, 1.159810423756919e-08, 9.725097603204192e-09, 8.150675758268128e-09, 6.823238068679823e-09, 5.705015846740112e-09, 4.771099621483961e-09, 3.990165730911998e-09, 3.340010304561805e-09, 2.7997157722161e-09, 2.3449710647536376e-09, 1.9638489606938738e-09, 1.645542399540536e-09, 1.3788223269700813e-09, 1.1564760678555438e-09, 9.703564560188381e-10, 8.153246181755474e-10, 6.84381549230106e-10, 5.722878651363779e-10, 4.78845130087784e-10, 4.0049410743931537e-10, 3.352381904269305e-10]
W_list: [9.0]
L_list: [6.243753045979648]
