R_list= [ 1  2  3  4  5  6  7  8  9 10 11 12 13 14 15 16 17 18 19 20 21 22 23 24
 25 26 27 28 29 30 31 32 33 34 35 36 37 38]
C_final_list= [1.5076298717915474e-06, 1.3932891332503276e-06, 1.287580916528738e-06, 1.1884749140346657e-06, 1.0982356134461001e-06, 1.0140695298305008e-06, 9.373089954855027e-07, 8.652381685671555e-07, 7.989820902280478e-07, 7.375559375140864e-07, 6.81067020329161e-07, 6.288290086250131e-07, 5.808302686937309e-07, 5.354381524110009e-07, 4.934037512524504e-07, 4.549504038060902e-07, 4.1971097593632545e-07, 3.873722617958255e-07, 3.577285329607489e-07, 3.300292332602693e-07, 3.045110817234815e-07, 2.808374524203791e-07, 2.587882917687906e-07, 2.3841625410631712e-07, 2.1969241653869914e-07, 2.0247716499025196e-07, 1.8647774779449405e-07, 1.7201111138377562e-07, 1.5864821649262769e-07, 1.4627340960747051e-07, 1.347209550470761e-07, 1.2411929229278234e-07, 1.1425144588565428e-07, 1.0523408485492734e-07, 9.669351693448281e-08, 8.88030293748626e-08, 8.156350007993218e-08, 7.491886670673467e-08]
W_list: [5]
L_list: [12.483216202513805]
