R_list= [ 1  2  3  4  5  6  7  8  9 10 11 12 13 14 15 16 17 18 19 20 21 22 23 24
 25 26 27 28 29 30 31 32]
C_final_list= [7.534041043827686e-08, 2.9040684703871016e-08, 8.685042290001299e-09, 2.2725538291863805e-09, 5.504184427400434e-10, 1.276201700184367e-10, 2.8864761467521183e-11, 6.430067544720831e-12, 1.42567523232509e-12, 3.180926644898613e-13, 7.21637090528414e-14, 1.726114667072436e-14, 4.418443847107606e-15, 1.129641884109239e-15, 3.3148983469901714e-16, 1.1303302097701277e-16, 2.6042356148963898e-17, 5.334781680693294e-18, 1.1342159424749659e-18, 2.3501521803203786e-19, 5.743479437869916e-20, 1.5359212118063624e-20, 4.426530846862686e-21, 1.2699614021210747e-21, 4.7032973545974235e-22, 2.574619904341364e-22, 1.9006439831328983e-22, 1.639189397460542e-22, 1.5071898615385572e-22, 1.4333544132353176e-22, 1.3916730689757607e-22, 1.3666121383328275e-22]
W_list: [6]
L_list: [0.9852295194010217]
