C_list:
7.698069129508093e-07 0.17740878829055837
ndim2: 500
W_list: [4.2]
L_list: [5.636699340746355]
