C_final_list: [2.040004061042295e-06, 1.9951445987543535e-06, 1.9505707454400456e-06, 1.9076559476934493e-06, 1.8658688578421636e-06, 1.8245188072605478e-06, 1.7838228894192765e-06, 1.744169956845201e-06, 1.7063471111708037e-06, 1.6690468005109734e-06, 1.632556083248751e-06, 1.5963649810212677e-06, 1.560908277857344e-06, 1.5266647267247973e-06, 1.4931176578245683e-06, 1.4598329845915667e-06, 1.4275237620923983e-06, 1.3958214293742263e-06, 1.3647773893347231e-06, 1.3343433600026741e-06, 1.304463601235544e-06, 1.2752581082963556e-06, 1.2469745340055117e-06, 1.2192429773416565e-06, 1.1920628258913297e-06, 1.1652181621723434e-06, 1.138937826389087e-06, 1.1132567337074073e-06, 1.088223994834902e-06, 1.063722328127469e-06, 1.0399314980309494e-06, 1.0165353661931562e-06, 9.940899916591678e-07, 9.720736850779125e-07, 9.505763749184624e-07, 9.294280859059928e-07, 9.087458063456734e-07, 8.884768083287704e-07, 8.687125542352074e-07, 8.494782367453541e-07, 8.30343567328267e-07, 8.117040736675768e-07, 7.93387459870201e-07, 7.753812460736657e-07, 7.57690856826433e-07, 7.402985100186591e-07, 7.233771553422229e-07, 7.067766606245293e-07, 6.906761488992526e-07, 6.748931158720723e-07]
ndim2: 500
W_list: [2.6]
L_list: [44.446126136238064]
