R_list= [ 1  2  3  4  5  6  7  8  9 10 11 12 13 14 15 16 17 18 19 20 21 22 23 24
 25 26 27 28 29 30 31 32 33 34 35 36 37 38]
C_final_list= [3.282300181163553e-07, 2.9919967747017716e-07, 2.7037466634631984e-07, 2.4298530598589314e-07, 2.1765615507030808e-07, 1.9448368273225143e-07, 1.7360198136984966e-07, 1.5475290022983526e-07, 1.378883460274826e-07, 1.228156259781747e-07, 1.0929138257652522e-07, 9.721681157794603e-08, 8.652054013862681e-08, 7.706033964402381e-08, 6.859520579210236e-08, 6.099550058735869e-08, 5.425733819786931e-08, 4.8233458918851626e-08, 4.287120503362573e-08, 3.808314091828512e-08, 3.384491738546006e-08, 3.007254892111303e-08, 2.669852360317976e-08, 2.3659388957101816e-08, 2.0933259722323263e-08, 1.8501947357801856e-08, 1.6346871298151262e-08, 1.4432373144224065e-08, 1.2761182859807357e-08, 1.1282879411248616e-08, 9.967385065875924e-09, 8.804403430514796e-09, 7.76970741124771e-09, 6.862797878291265e-09, 6.060159471720894e-09, 5.350500644947051e-09, 4.722784259586299e-09, 4.167739382770743e-09]
W_list: [8.0]
L_list: [8.869807041223796]
