R_list= [ 1  2  3  4  5  6  7  8  9 10 11 12 13 14 15 16 17 18 19 20 21 22 23 24
 25 26 27 28 29 30 31 32 33 34 35 36 37 38]
C_final_list= [1.081545865195987e-07, 5.9439894722206953e-08, 3.046629258227618e-08, 1.542771428255058e-08, 7.85964932035818e-09, 4.023862633725639e-09, 2.0543880033001005e-09, 1.041677821628582e-09, 5.185006756355966e-10, 2.546938233573428e-10, 1.2314559843231283e-10, 5.934872563643978e-11, 2.8161822273501697e-11, 1.333707504181482e-11, 6.358924717073234e-12, 3.096291426533015e-12, 1.529365293692603e-12, 7.323533289761533e-13, 3.512520231381488e-13, 1.7148245830685785e-13, 8.533731202227994e-14, 4.467665714885623e-14, 2.7231752021919082e-14, 3.134191112093769e-14, 2.7788539228910918e-14, 1.0758451096414679e-14, 5.171578616292625e-15, 3.654833337467263e-15, 4.406039060783785e-15, 5.989149594684053e-15, 2.7687585227882576e-15, 8.0013134373257e-16, 1.9739548898796784e-16, 6.56521538267956e-17, 3.6195456348391804e-17, 2.4704259679016947e-17, 8.501491972524791e-18, 2.8308091363138885e-18]
W_list: [7]
L_list: [1.5780459024865516]
