R_list= [ 1  2  3  4  5  6  7  8  9 10 11 12 13 14 15 16 17 18 19 20 21 22 23 24
 25 26 27 28 29 30 31 32 33 34 35 36 37 38]
C_final_list= [3.4086793317045683e-07, 1.700019157414737e-07, 6.888260254681852e-08, 2.5046977263298847e-08, 8.590863620117319e-09, 2.8538741355516762e-09, 9.32857658728821e-10, 3.0068756755594356e-10, 9.562289660926641e-11, 3.006780496690865e-11, 9.419885560864193e-12, 2.975601492994609e-12, 9.53875627876901e-13, 3.103430019770537e-13, 1.027642779113596e-13, 3.612365488408387e-14, 1.433895187725268e-14, 5.796154579091195e-15, 1.8480080989689037e-15, 5.005916930557694e-16, 1.3867003332262106e-16, 4.1276952029312776e-17, 1.2724943840119665e-17, 4.002283394585681e-18, 1.3186891395036219e-18, 4.563958021346515e-19, 1.6760074327780018e-19, 6.396492544477152e-20, 2.61093198382304e-20, 1.1551710060478306e-20, 5.5883644062047e-21, 3.0517628819408053e-21, 1.9427242015760072e-21, 1.4104043196587548e-21, 1.1454932933711326e-21, 1.0010516074665215e-21, 9.276121644374517e-22, 8.936170110577445e-22]
W_list: [5]
L_list: [1.281610341956371]
