R_list= [ 1  2  3  4  5  6  7  8  9 10 11 12 13 14 15 16 17 18 19 20 21 22 23 24
 25 26 27 28 29 30 31 32 33 34 35 36 37 38]
C_final_list= [5.082006462874163e-07, 4.4008402495617605e-07, 3.772528274939139e-07, 3.2233083567658844e-07, 2.742892814017536e-07, 2.3368189503873207e-07, 1.9926385044857638e-07, 1.7021190093992104e-07, 1.4534470492355654e-07, 1.240979621740426e-07, 1.0606938912906849e-07, 9.070290785299596e-08, 7.744020028923371e-08, 6.595362998389287e-08, 5.6025681595804897e-08, 4.7621088935364536e-08, 4.0479014131453636e-08, 3.4426106960780784e-08, 2.9295082685386025e-08, 2.491916067461058e-08, 2.1164430721490162e-08, 1.7951127678543864e-08, 1.524075408851903e-08, 1.2940130551758172e-08, 1.0996205983796763e-08, 9.360740169045476e-09, 7.962504271064103e-09, 6.7536851128831165e-09, 5.727666339978202e-09, 4.855148432705428e-09, 4.119724252219657e-09, 3.4889005177667845e-09, 2.953541400598545e-09, 2.4979578205642366e-09, 2.1079581632458885e-09, 1.7818528648236274e-09, 1.5034302871856694e-09, 1.2684058179019711e-09]
W_list: [7]
L_list: [6.3499838635957735]
