C_final_list: [1.979252395824058e-06, 1.6996230928139734e-06, 1.4520168974240182e-06, 1.2383338839295433e-06, 1.0572530018959996e-06, 9.046624020293689e-07, 7.724316986098747e-07, 6.583053991083118e-07, 5.617465819350235e-07, 4.79586317660357e-07, 4.0814632783348145e-07, 3.4711436051412325e-07, 2.957082467045187e-07, 2.51882793501241e-07, 2.1445702074528784e-07, 1.8206409747717028e-07, 1.5474352047014615e-07, 1.3084837085965527e-07, 1.1069478139211516e-07, 9.358807166240965e-08, 7.905613308741852e-08, 6.669911994376086e-08, 5.627747528936792e-08, 4.738324252523592e-08, 3.982007769570797e-08, 3.344698175511293e-08, 2.8097145726418192e-08, 2.3577364625122203e-08, 1.969778951984887e-08, 1.6535681959209935e-08, 1.390891351451095e-08, 1.1694338847559829e-08, 9.82663611009868e-09, 8.211933519675233e-09, 6.837744832413494e-09, 5.70655751707013e-09, 4.746165825788924e-09, 3.9345732603923306e-09, 3.272774051151659e-09, 2.7297824534760884e-09, 2.2821944519832194e-09, 1.8863993153650827e-09, 1.5705100131966083e-09, 1.29887877003263e-09, 1.0738378817718938e-09, 8.896835069822435e-10, 7.348576810481256e-10, 6.093554263034994e-10, 5.082690423296446e-10, 4.236349271069081e-10]
ndim2: 500
W_list: [3.3499999999999996]
L_list: [6.306862372473174]
