R_list= [ 1  2  3  4  5  6  7  8  9 10 11 12 13 14 15 16 17 18 19 20 21 22 23 24
 25 26 27 28 29 30 31 32 33 34 35 36 37 38]
C_final_list= [1.909654540473156e-06, 1.8432989992376004e-06, 1.7960709842535028e-06, 1.747366917190552e-06, 1.6999033569643499e-06, 1.6552213709319332e-06, 1.6113245310686635e-06, 1.5682856475367447e-06, 1.5265477437464018e-06, 1.4858444696734607e-06, 1.446520349639716e-06, 1.4085378016521668e-06, 1.3714719957892031e-06, 1.3352620911032059e-06, 1.300041358305684e-06, 1.266161963996927e-06, 1.2334498710416675e-06, 1.2009152437369953e-06, 1.1690180348189237e-06, 1.137890343912402e-06, 1.107219375622767e-06, 1.0775325204386882e-06, 1.0488934494529486e-06, 1.0209224732667264e-06, 9.93597777445195e-07, 9.669729536902633e-07, 9.411789799608374e-07, 9.161224568054447e-07, 8.914845588419463e-07, 8.676746422428395e-07, 8.445050427613848e-07, 8.215850341619991e-07, 7.990168095648734e-07, 7.771761666898849e-07, 7.560293964301014e-07, 7.353415641115866e-07, 7.15126949802184e-07, 6.954868950234867e-07]
W_list: [4]
L_list: [37.0334458215002]
