C_list:
1.7387338412559164e-06 0.05330631820942415
ndim2: 500
W_list: [1.7999999999999998]
L_list: [18.75950231774228]
