R_list= [ 1  2  3  4  5  6  7  8  9 10 11 12 13 14 15 16 17 18 19 20 21 22 23 24
 25 26 27 28 29 30 31 32 33 34 35 36 37 38]
C_final_list= [1.3136029864300548e-06, 1.1957596296780226e-06, 1.105809219020515e-06, 1.0198607716282607e-06, 9.412213836401842e-07, 8.683980045781077e-07, 8.006374876537124e-07, 7.376771968613966e-07, 6.798860800794376e-07, 6.260675381507643e-07, 5.75852612272465e-07, 5.298157119842793e-07, 4.877501695066383e-07, 4.4877665009596486e-07, 4.1241261393949583e-07, 3.7909432955632057e-07, 3.486373783198814e-07, 3.203672373104406e-07, 2.9412246365703745e-07, 2.7030790532765735e-07, 2.4829426557673634e-07, 2.2796037246762615e-07, 2.0932126701548065e-07, 1.9216161575633677e-07, 1.7635904877672446e-07, 1.6187434572603518e-07, 1.4837825861148334e-07, 1.3603210537043013e-07, 1.2479160017204306e-07, 1.144144502459366e-07, 1.0472803365581618e-07, 9.587527344461887e-08, 8.791372604399124e-08, 8.06291446286498e-08, 7.392379087442732e-08, 6.779517436943009e-08, 6.217522989031801e-08, 5.706609989776406e-08]
W_list: [5]
L_list: [12.046249719868607]
