R_list= [ 1  2  3  4  5  6  7  8  9 10 11 12 13 14 15 16 17 18 19 20 21 22 23 24
 25 26 27 28 29 30 31 32 33 34 35 36 37 38]
C_final_list= [1.222780489994609e-06, 1.1696406146678528e-06, 1.123141970144228e-06, 1.0769266893618092e-06, 1.0324792277390096e-06, 9.897562598014305e-07, 9.484045861571221e-07, 9.090849918306028e-07, 8.711707169957627e-07, 8.348762951495503e-07, 7.997458014619039e-07, 7.658967416387384e-07, 7.33862501087904e-07, 7.029516578107289e-07, 6.733403311514553e-07, 6.44604497342197e-07, 6.171899844069915e-07, 5.908375466320566e-07, 5.65792995820751e-07, 5.417283237125377e-07, 5.186826651267495e-07, 4.966330238251595e-07, 4.753026258620386e-07, 4.549074536307709e-07, 4.3525220599894575e-07, 4.1655402594110257e-07, 3.985103151112412e-07, 3.810333572257489e-07, 3.640945748829261e-07, 3.4796459971603343e-07, 3.3248989197994407e-07, 3.1769299660848046e-07, 3.036367324644434e-07, 2.903432618819283e-07, 2.775076095931756e-07, 2.652883034042139e-07, 2.535302200734273e-07, 2.4232785911070174e-07]
W_list: [5]
L_list: [23.111408669592343]
