C_final_list: [2.119922828603559e-06, 1.8916254055625798e-06, 1.680862465787374e-06, 1.4940087341306863e-06, 1.328772625595931e-06, 1.1820571303629056e-06, 1.053369521392078e-06, 9.364174996261326e-07, 8.318406129288238e-07, 7.400383816628273e-07, 6.586138583759432e-07, 5.84878945754695e-07, 5.188931206512612e-07, 4.602949356970266e-07, 4.0765312860321196e-07, 3.6018021104523983e-07, 3.180313000397753e-07, 2.806120018259898e-07, 2.4703778711702087e-07, 2.1791245276865603e-07, 1.9190465231782117e-07, 1.6963341369093386e-07, 1.4993484479786146e-07, 1.3276864436992316e-07, 1.1727368033546855e-07, 1.0338808515744252e-07, 9.13568769261902e-08, 8.052217272968332e-08, 7.085562314643206e-08, 6.244539185944576e-08, 5.4963473267191913e-08, 4.8319278421835993e-08, 4.2493006935872414e-08, 3.7220171581634586e-08, 3.253897874290526e-08, 2.8353088264503353e-08, 2.4824570953375238e-08, 2.167573547337815e-08, 1.8962908971176905e-08, 1.6605916691463468e-08, 1.4517322852667345e-08, 1.2745914841349248e-08, 1.1209911097010158e-08, 9.808454274606368e-09, 8.646323419881176e-09, 7.608476960489085e-09, 6.708997677906556e-09, 5.921744371074433e-09, 5.191142456880076e-09, 4.538352502836259e-09]
ndim2: 500
W_list: [2.8499999999999996]
L_list: [8.434893244030976]
