C_final_list: [1.745290488056514e-06, 1.686436308707687e-06, 1.62945748990844e-06, 1.5741315962796045e-06, 1.5204865684765512e-06, 1.4687868568130534e-06, 1.4194433513601651e-06, 1.3720484809864474e-06, 1.3260005007966677e-06, 1.281875312131389e-06, 1.2392614410373393e-06, 1.1979889217086703e-06, 1.157644895792694e-06, 1.1186824433506135e-06, 1.0813154762253963e-06, 1.0454226769347367e-06, 1.0105115694965348e-06, 9.766643305105272e-07, 9.439802270766089e-07, 9.126177930673293e-07, 8.817630804821599e-07, 8.517014855191879e-07, 8.225630069353515e-07, 7.938897049480925e-07, 7.663866357265808e-07, 7.393865878250523e-07, 7.135814002738496e-07, 6.8849549111446e-07, 6.640017636134966e-07, 6.40220979918601e-07, 6.171343248841991e-07, 5.948667611942398e-07, 5.73439422986544e-07, 5.525861067527793e-07, 5.324366512098058e-07, 5.130780612537823e-07, 4.943387533536568e-07, 4.765297636157026e-07, 4.5935275371559406e-07, 4.427193329334279e-07, 4.2652851578826576e-07, 4.1095451434510756e-07, 3.95786527895831e-07, 3.8109381535021636e-07, 3.6689783458654015e-07, 3.5325889934794896e-07, 3.4007371947521104e-07, 3.27460604328293e-07, 3.152781690799224e-07, 3.035377036096944e-07]
ndim2: 500
W_list: [3.15]
L_list: [28.61309735465977]
