R_list= [ 1  2  3  4  5  6  7  8  9 10 11 12 13 14 15 16 17 18 19 20 21 22 23 24
 25 26 27 28 29 30 31 32 33 34 35 36 37 38]
C_final_list= [6.958928488063458e-07, 5.930019571466953e-07, 5.037122948093461e-07, 4.274760961144988e-07, 3.6217217616744965e-07, 3.063008573306734e-07, 2.593390514872395e-07, 2.1949902801722073e-07, 1.8514659133245303e-07, 1.5591599570466573e-07, 1.3153890674477193e-07, 1.1048869553292154e-07, 9.261597341077537e-08, 7.769414898591387e-08, 6.524585430450942e-08, 5.4713661870203445e-08, 4.586861596727324e-08, 3.8454171551473095e-08, 3.2184817058247635e-08, 2.691305112488781e-08, 2.2473538074097646e-08, 1.8801122725359745e-08, 1.5720877130624246e-08, 1.3159463727190396e-08, 1.1017837468062084e-08, 9.197510812813433e-09, 7.673573162269193e-09, 6.404530640141889e-09, 5.348159725415622e-09, 4.470467533172392e-09, 3.7198084282482304e-09, 3.1014577615713083e-09, 2.590382092162389e-09, 2.170525884153611e-09, 1.8130948795730373e-09, 1.5121718536272504e-09, 1.2537397322245036e-09, 1.0432113436451235e-09]
W_list: [6.6000000000000005]
L_list: [5.980436700474021]
