C_final_list: [7.459678397779161e-07, 7.052788654523806e-07, 6.642132975710661e-07, 6.250262346955915e-07, 5.872907421204857e-07, 5.518129005817234e-07, 5.182731152969014e-07, 4.862073412867604e-07, 4.560547286928464e-07, 4.27686817043132e-07, 4.0074430128325863e-07, 3.757393599886554e-07, 3.5221533963882727e-07, 3.302340672753781e-07, 3.095456447268027e-07, 2.8984492254212985e-07, 2.7134127762054165e-07, 2.539226302699918e-07, 2.37808773141189e-07, 2.225312859786185e-07, 2.0799908142556967e-07, 1.9444519874465593e-07, 1.816569135250692e-07, 1.695655106388504e-07, 1.5837809459944557e-07, 1.4793549075969984e-07, 1.3820363697445795e-07, 1.2912349426879903e-07, 1.2058478395694516e-07, 1.1253726786074773e-07, 1.050859802456125e-07, 9.807603323442084e-08, 9.157796603388421e-08, 8.552001556803699e-08, 7.992409617091083e-08, 7.464509538606099e-08, 6.970638857651733e-08, 6.512991523992201e-08, 6.083587177612599e-08, 5.6843146562504934e-08, 5.3162180541379614e-08, 4.968309901045591e-08, 4.639027743626525e-08, 4.3273424937362945e-08, 4.034064517195135e-08, 3.762123585479735e-08, 3.507155227472197e-08, 3.268038700335237e-08, 3.047885725426652e-08, 2.83895313938155e-08]
ndim2: 500
W_list: [4.2]
L_list: [15.39973649087159]
