C_final_list: [2.0585345469202585e-06, 2.04145334930909e-06, 2.024468822462608e-06, 2.0082527202835705e-06, 1.9925355020740453e-06, 1.9771840016837125e-06, 1.9621472022945868e-06, 1.9472914801519323e-06, 1.9327301260312305e-06, 1.918294547885909e-06, 1.9040618742982927e-06, 1.8898524976078222e-06, 1.8758749826554171e-06, 1.8619677771311946e-06, 1.8480269070178436e-06, 1.8344311828602058e-06, 1.8208671204031493e-06, 1.8073483515523493e-06, 1.79407103937703e-06, 1.7809281700963541e-06, 1.767933457316734e-06, 1.7548744964939032e-06, 1.7420510314074344e-06, 1.7294376582690875e-06, 1.7168555658267712e-06, 1.7043088930697293e-06, 1.6919901370947137e-06, 1.6797278924443028e-06, 1.6673622163699504e-06, 1.6550949377053885e-06, 1.642925602567057e-06, 1.6308393520114334e-06, 1.6188508019665944e-06, 1.6069664092032716e-06, 1.5951957140795018e-06, 1.5833739843787258e-06, 1.571533209541789e-06, 1.5598193241072508e-06, 1.5481883612979482e-06, 1.5367035069817201e-06, 1.5252369004167693e-06, 1.5137133939394078e-06, 1.502347703619724e-06, 1.4910541745779374e-06, 1.4796435067478137e-06, 1.4683714080817535e-06, 1.4571515721995407e-06, 1.4459639661509628e-06, 1.4349914699063692e-06, 1.4240634511902583e-06]
ndim2: 500
W_list: [2.2]
L_list: [134.3798293793831]
