C_final_list: [9.803138967393685e-07, 9.025882720368414e-07, 8.274426433642666e-07, 7.563867060013934e-07, 6.911016128950095e-07, 6.309527106388176e-07, 5.751630400238521e-07, 5.241745961728963e-07, 4.776158404672614e-07, 4.354309303181771e-07, 3.9666529241468053e-07, 3.612235883566149e-07, 3.2884864097485215e-07, 2.9946465523120035e-07, 2.7287185398159555e-07, 2.4820418545783613e-07, 2.259597666387058e-07, 2.0578879121647208e-07, 1.8737387292735738e-07, 1.706472446537979e-07, 1.5544483481703827e-07, 1.4146085549571113e-07, 1.2885213513588368e-07, 1.1714174632529092e-07, 1.0628707048420377e-07, 9.653066261056793e-08, 8.769846781004922e-08, 7.972601199068707e-08, 7.232263407440029e-08, 6.56226512080181e-08, 5.9439637533492977e-08, 5.3760346135465434e-08, 4.867780718936038e-08, 4.4025153465020186e-08, 3.984079452117183e-08]
ndim2: 500
W_list: [3.0]
L_list: [10.843758185555364]
