C_final_list: [1.4001365433384632e-06, 1.3688903005166508e-06, 1.337660129690616e-06, 1.307484956915944e-06, 1.2781447883176062e-06, 1.249671846085812e-06, 1.2216745602080772e-06, 1.1945066969977844e-06, 1.1679112427638975e-06, 1.1418370929748025e-06, 1.1163379752036826e-06, 1.0911919200855257e-06, 1.0667586600612691e-06, 1.0429789982174567e-06, 1.0196603309285815e-06, 9.971245460349677e-07, 9.749974872089921e-07, 9.533881978134814e-07, 9.322709755823551e-07, 9.116048422969747e-07, 8.913865368917976e-07, 8.713745150788036e-07, 8.517409045298975e-07, 8.324763819829858e-07, 8.137463366298265e-07, 7.955002065965972e-07, 7.773970918598862e-07, 7.597904724693153e-07, 7.424707338169239e-07, 7.254966582083237e-07, 7.087241992700787e-07, 6.923725473580888e-07, 6.764217864676721e-07, 6.608286519940135e-07, 6.456005772957647e-07, 6.306205267094692e-07, 6.161216228435797e-07, 6.01977407342029e-07, 5.88079501773436e-07, 5.744701152503603e-07, 5.612496373535914e-07, 5.481706561900492e-07, 5.35520038814042e-07, 5.230018895181664e-07, 5.108483177736208e-07, 4.988479320317485e-07, 4.871351139077211e-07, 4.7567910101056976e-07, 4.645905222675888e-07, 4.5372340071685453e-07]
ndim2: 500
W_list: [3.3499999999999996]
L_list: [43.80356999403429]
