R_list= [ 1  2  3  4  5  6  7  8  9 10 11 12 13 14 15 16 17 18 19 20 21 22 23 24
 25 26 27 28 29 30 31 32 33 34 35 36 37 38]
C_final_list= [9.939598702686658e-07, 8.543314267717818e-07, 7.391418317666998e-07, 6.379307159069748e-07, 5.519228055351099e-07, 4.770683418117211e-07, 4.1284816294363615e-07, 3.563165949123846e-07, 3.073710997183387e-07, 2.648283385436515e-07, 2.2769917983799494e-07, 1.9553365347606173e-07, 1.681501756908032e-07, 1.4438862199188658e-07, 1.2391329855536036e-07, 1.064372283429238e-07, 9.150519134575431e-08, 7.851559766510257e-08, 6.725832364223846e-08, 5.746821795312031e-08, 4.906653324225952e-08, 4.196719923854927e-08, 3.5974268284899295e-08, 3.084000740498932e-08, 2.6449740845897313e-08, 2.2623933270670397e-08, 1.9361763600789417e-08, 1.6572026956250566e-08, 1.4203451136175055e-08, 1.2164729719710157e-08, 1.0395546861347137e-08, 8.884556177804482e-09, 7.586931235330113e-09, 6.473680110470895e-09, 5.51662228214702e-09, 4.717487819639802e-09, 4.042689174290707e-09, 3.4570471464221685e-09]
W_list: [6]
L_list: [6.760165372552834]
