R_list= [ 1  2  3  4  5  6  7  8  9 10 11 12 13 14 15 16 17 18 19 20 21 22 23 24
 25 26 27 28 29 30 31 32 33 34 35 36 37 38]
C_final_list= [3.355698670730282e-07, 2.990479934167657e-07, 2.6571204616568623e-07, 2.3512157503146092e-07, 2.0775070615504534e-07, 1.834049297882273e-07, 1.6155610209297597e-07, 1.4223843312592284e-07, 1.2486540691330466e-07, 1.0947496528327822e-07, 9.590538712812425e-08, 8.394145904911691e-08, 7.345564471337865e-08, 6.424969102336936e-08, 5.6240116520423644e-08, 4.923520430373216e-08, 4.306253374593894e-08, 3.7656164724905185e-08, 3.287640396703318e-08, 2.870310642902234e-08, 2.5031253379636817e-08, 2.181263346318712e-08, 1.8980344034653176e-08, 1.6535148947630335e-08, 1.4403514419487133e-08, 1.2535431537923385e-08, 1.092248010540672e-08, 9.526025802792936e-09, 8.31823776467442e-09, 7.266386551623602e-09, 6.344473586217664e-09, 5.5354718964083846e-09, 4.813783457205552e-09, 4.1846971614041416e-09, 3.637733164557871e-09, 3.1629811860048366e-09, 2.7564804269467904e-09, 2.4015373312852363e-09]
W_list: [7]
L_list: [7.85440245132294]
