R_list= [ 1  2  3  4  5  6  7  8  9 10 11 12 13 14 15 16 17 18 19 20 21 22 23 24
 25 26 27 28 29 30 31 32 33 34 35 36 37 38]
C_final_list= [7.612617569849875e-07, 4.6407638141929344e-07, 2.714196713382306e-07, 1.6106185617013477e-07, 9.744692094891909e-08, 5.885358568209355e-08, 3.5281322177474856e-08, 2.106858262498474e-08, 1.2530357793358362e-08, 7.466426757290246e-09, 4.4432101492118016e-09, 2.6783286698640424e-09, 1.609083120441297e-09, 9.593590201319273e-10, 5.636762738527166e-10, 3.26876128685554e-10, 1.887542665837916e-10, 1.09660146049325e-10, 6.401227333444098e-11, 3.801124448295984e-11, 2.266201033164695e-11, 1.3436497342581062e-11, 7.98931688624356e-12, 4.698916127644885e-12, 2.7036630733658215e-12, 1.5539704155405674e-12, 8.838979630686427e-13, 5.006287359196189e-13, 2.762463270414704e-13, 1.483948510759368e-13, 7.703599442683801e-14, 4.141320521789587e-14, 2.2921926388027176e-14, 1.3032712408235731e-14, 7.810149532326521e-15, 4.899909438603068e-15, 3.3328484929565923e-15, 2.158835197354041e-15]
W_list: [6]
L_list: [1.9502043868595393]
