C_final_list: [1.979773491347706e-06, 1.9539003910619497e-06, 1.9384307481403323e-06, 1.91989493704708e-06, 1.9011617178694084e-06, 1.8833983696874568e-06, 1.8661948021562797e-06, 1.8490374873598564e-06, 1.8321410478325306e-06, 1.8155417756975052e-06, 1.7991246570168954e-06, 1.7829783202603492e-06, 1.7667169596993646e-06, 1.7507187168509674e-06, 1.7351155657003998e-06, 1.7196214778103197e-06, 1.7040989630157307e-06, 1.6888360571206453e-06, 1.6737701097210316e-06, 1.6587894959922241e-06, 1.644099148975432e-06, 1.6294286981974774e-06, 1.614803385928031e-06, 1.6004267471659493e-06, 1.5861284519125392e-06, 1.5719465625654862e-06, 1.5579120100133002e-06, 1.544066683605204e-06, 1.5302824030569594e-06, 1.516600619687147e-06, 1.5029497789155664e-06, 1.4895251656564444e-06, 1.476160296694017e-06, 1.4627637355590513e-06, 1.4495217701252248e-06]
ndim2: 500
W_list: [1.0]
L_list: [110.24112167569268]
