C_final_list: [2.1257273809905907e-06, 2.1090391106463563e-06, 2.092615956790096e-06, 2.076771296133969e-06, 2.0615169310298526e-06, 2.0466098277577826e-06, 2.0314644073562897e-06, 2.0167075724939155e-06, 2.002150862116073e-06, 1.9875711850757906e-06, 1.9730514136259375e-06, 1.958691647013345e-06, 1.944512303641514e-06, 1.930517203399334e-06, 1.9164667043217087e-06, 1.9024674808554194e-06, 1.8886216605241703e-06, 1.8749656363193934e-06, 1.8614664419655883e-06, 1.8481097634724556e-06, 1.8348683676952981e-06, 1.8215178918511616e-06, 1.8084755609050039e-06, 1.795391258481544e-06, 1.7825251072779892e-06, 1.7696857711360906e-06, 1.7570227385386466e-06, 1.7442722798873419e-06, 1.731661026858671e-06, 1.719163741095055e-06, 1.706782825239905e-06, 1.6946707383279644e-06, 1.6826250042017201e-06, 1.6706855068260963e-06, 1.6587859633911832e-06, 1.646974356432938e-06, 1.6352054942078145e-06, 1.6237159595662292e-06, 1.6123415824941784e-06, 1.601130825645016e-06, 1.5899176437555885e-06, 1.5788729918450382e-06, 1.567900977088127e-06, 1.5570188185797876e-06, 1.5461235318562017e-06, 1.5353532296255993e-06, 1.5246817789761849e-06, 1.5140689932705865e-06, 1.5035409126003222e-06, 1.4930277207249953e-06]
ndim2: 500
W_list: [2.0]
L_list: [138.6917165598887]
