R_list= [ 1  2  3  4  5  6  7  8  9 10 11 12 13 14 15 16 17 18 19 20 21 22 23 24
 25 26 27 28 29 30 31 32 33 34 35 36 37 38]
C_final_list= [8.75864518125778e-07, 7.6214750385711e-07, 6.605681255841647e-07, 5.725634545165099e-07, 4.961534588098251e-07, 4.304340578439829e-07, 3.727419537015816e-07, 3.22237909848404e-07, 2.777878907730869e-07, 2.396172354053291e-07, 2.0718498808520097e-07, 1.7908257956819846e-07, 1.5498618201389455e-07, 1.3386413444653843e-07, 1.1548217663683351e-07, 9.959129534097655e-08, 8.581824082097601e-08, 7.405144686259712e-08, 6.384793926076798e-08, 5.510077473003207e-08, 4.7564419998049e-08, 4.1037929660133394e-08, 3.5369857313738975e-08, 3.054339884482783e-08, 2.6203361776825386e-08, 2.2481020909131945e-08, 1.9253681531919607e-08, 1.6505421722466743e-08, 1.4170976167706484e-08, 1.2184793387421797e-08, 1.0469662742063614e-08, 8.972499163806548e-09, 7.679997699835662e-09, 6.585130123910066e-09, 5.6369438978087975e-09, 4.813618793454225e-09, 4.12021546184998e-09, 3.5256711014804728e-09]
W_list: [6.2]
L_list: [6.921486558731498]
