R_list= [ 1  2  3  4  5  6  7  8  9 10 11 12 13 14 15 16 17 18 19 20 21 22 23 24
 25 26 27 28 29 30 31 32 33 34 35 36 37 38]
C_final_list= [5.282924364171512e-07, 3.778042149073706e-07, 2.6887530856239847e-07, 1.921414136373835e-07, 1.3802782399653963e-07, 9.921740808922949e-08, 7.134522173150677e-08, 5.146846713169672e-08, 3.7163827887026404e-08, 2.6704826452200365e-08, 1.9137474330193027e-08, 1.3666076699627361e-08, 9.732708381146162e-09, 6.913816796099211e-09, 4.882241653669839e-09, 3.4423981610684937e-09, 2.4292436276744814e-09, 1.7183198690647383e-09, 1.2089317648673885e-09, 8.4712258626067e-10, 5.908712335666995e-10, 4.10680574650795e-10, 2.853307440629964e-10, 1.9779468662102358e-10, 1.3738077490966444e-10, 9.677791898861181e-11, 6.776471539173161e-11, 4.6962739238838194e-11, 3.279011757033951e-11, 2.3052245583903264e-11, 1.6321775751491243e-11, 1.155896893259918e-11, 8.085268660573453e-12, 5.4471971124023265e-12, 3.6058812303034627e-12, 2.3563464602932442e-12, 1.5522688006597045e-12, 1.0165075761006491e-12]
W_list: [6]
L_list: [2.986318145917186]
