C_final_list: [1.2409952311132443e-06, 1.2090231703730977e-06, 1.1769346238269022e-06, 1.145691198941643e-06, 1.1153157391155297e-06, 1.085060503272538e-06, 1.0556646550457763e-06, 1.0270519276872017e-06, 9.99048880997988e-07, 9.716242549131704e-07, 9.450678749614869e-07, 9.191240614869977e-07, 8.940117081922326e-07, 8.694340181788869e-07, 8.453087445251661e-07, 8.216864627741637e-07, 7.98733625550283e-07, 7.764438253331412e-07, 7.545807274841285e-07, 7.335468383630123e-07, 7.128986757139835e-07, 6.928669531968613e-07, 6.733731563286431e-07, 6.545473235484035e-07, 6.363319490674513e-07, 6.186198667441138e-07, 6.013236375706399e-07, 5.8447277191166e-07, 5.679247068678609e-07, 5.518526255610591e-07, 5.362728907168929e-07, 5.211778197815239e-07, 5.065213093345303e-07, 4.921647228759897e-07, 4.782758594890376e-07]
ndim2: 500
W_list: [3.0]
L_list: [35.69721245650721]
