R_list= [ 1  2  3  4  5  6  7  8  9 10 11 12 13 14 15 16 17 18 19 20 21 22 23 24
 25 26 27 28 29 30 31 32 33 34 35 36 37 38]
C_final_list= [4.2925340178129997e-07, 3.384479579931609e-07, 2.695461262359317e-07, 2.1409120111071612e-07, 1.6903175941340073e-07, 1.333494729126369e-07, 1.0529855884923022e-07, 8.299956191999341e-08, 6.532419454458958e-08, 5.10802192691204e-08, 4.003025678810688e-08, 3.132340511015878e-08, 2.4462808639486807e-08, 1.918621622667223e-08, 1.5004348197511012e-08, 1.1692154721396399e-08, 9.114271239333378e-09, 7.08662567826934e-09, 5.510993614892788e-09, 4.2630228091369945e-09, 3.2958413922483144e-09, 2.5520493741555134e-09, 1.97882008697648e-09, 1.5258855831733857e-09, 1.1744827009592374e-09, 9.020106180410868e-10, 6.940246723566939e-10, 5.334339876555581e-10, 4.115526545275834e-10, 3.167657042485163e-10, 2.4303254326091625e-10, 1.8581104203242134e-10, 1.420110381526475e-10, 1.0941098283911126e-10, 8.361058795385024e-11, 6.393428734625467e-11, 4.92321257022957e-11, 3.7982588869440775e-11]
W_list: [7]
L_list: [4.252744737376007]
