R_list= [ 1  2  3  4  5  6  7  8  9 10 11 12 13 14 15 16 17 18 19 20 21 22 23 24
 25 26 27 28 29 30 31 32 33 34 35 36 37 38]
C_final_list= [1.5514898597623983e-06, 1.4124873730878065e-06, 1.2970373428603802e-06, 1.1882786997363855e-06, 1.087911783271452e-06, 9.974619421684283e-07, 9.139429925539662e-07, 8.362990428591974e-07, 7.656172410916669e-07, 7.009669912964652e-07, 6.419700344242817e-07, 5.88048781200683e-07, 5.379198128624254e-07, 4.923517699201296e-07, 4.4976986532816727e-07, 4.105499086881063e-07, 3.7474310918413684e-07, 3.4178456214914234e-07, 3.117783022893805e-07, 2.8440414798521074e-07, 2.5919169808254437e-07, 2.3598110651822382e-07, 2.1512665383682835e-07, 1.9625940549123485e-07, 1.788590841396472e-07, 1.6303109839379113e-07, 1.489006009402071e-07, 1.355701985827613e-07, 1.2339075060681572e-07, 1.1240369850030511e-07, 1.0229081605895922e-07, 9.321474170803077e-08, 8.482375427294125e-08, 7.722618477997251e-08, 7.024533107397243e-08, 6.395121550044833e-08, 5.8197115323415995e-08, 5.2873301201093423e-08]
W_list: [5]
L_list: [11.216726422789531]
