R_list= [ 1  2  3  4  5  6  7  8  9 10 11 12 13 14 15 16 17 18 19 20 21 22 23 24
 25 26 27 28 29 30 31 32]
C_final_list= [2.5614933773106853e-07, 1.689704448095576e-07, 1.0651057969612678e-07, 6.682478489775807e-08, 4.191442517943221e-08, 2.6221296229310386e-08, 1.631691299666501e-08, 1.0124626053213432e-08, 6.265504574475216e-09, 3.847180376846778e-09, 2.3411284958266775e-09, 1.4225383881998755e-09, 8.643165236687457e-10, 5.266835123711246e-10, 3.2256353595389284e-10, 1.9786731176938306e-10, 1.207856020712236e-10, 7.307026812590778e-11, 4.3890276818244685e-11, 2.666749375531469e-11, 1.6367030192180386e-11, 1.019850025838994e-11, 6.454353804571448e-12, 4.085097284963441e-12, 2.5301893933651308e-12, 1.5316853064826098e-12, 9.321487562538181e-13, 5.583795679837971e-13, 3.219034786855091e-13, 1.7654697207461113e-13, 9.576841638935169e-14, 5.216708298819463e-14]
W_list: [6]
L_list: [2.2333959208265663]
