R_list= [ 1  2  3  4  5  6  7  8  9 10 11 12 13 14 15 16 17 18 19 20 21 22 23 24
 25 26 27 28 29 30 31 32 33 34 35 36 37 38]
C_final_list= [3.415055846067026e-05, 2.18956475777869e-05, 1.4001258200461036e-05, 8.936041879760321e-06, 5.697782785726836e-06, 3.6297822410419974e-06, 2.3023612849197947e-06, 1.4581238591713845e-06, 9.239445574009611e-07, 5.861586283180429e-07, 3.7111540914720736e-07, 2.3531629271334604e-07, 1.4928270295240343e-07, 9.466069465513883e-08, 5.987594303848442e-08, 3.7843236534565655e-08, 2.392980103395316e-08, 1.5075472196173392e-08, 9.501754482738796e-09, 5.955982285144044e-09, 3.754425097368682e-09, 2.3934093881853794e-09, 1.5259641651451003e-09, 9.767695181680785e-10, 6.36692999270673e-10, 4.070160962476509e-10, 2.6160172473034066e-10, 1.6830547612105487e-10, 1.068599784503014e-10, 6.910124485715817e-11, 4.337367237796333e-11, 2.74070422476874e-11, 1.7263801558253837e-11, 1.0830424583514378e-11, 6.851551124886807e-12, 4.561424089239105e-12, 2.847061496217549e-12, 1.8238635286720687e-12]
W_list: [8.35]
L_list: [2.235184438927038]
