R_list= [ 1  2  3  4  5  6  7  8  9 10 11 12 13 14 15 16 17 18 19 20 21 22 23 24
 25 26 27 28 29 30 31 32 33 34 35 36 37 38]
C_final_list= [9.591232025102037e-07, 8.016485972648511e-07, 6.789899502846216e-07, 5.745938740721933e-07, 4.862115845298089e-07, 4.110294311207448e-07, 3.4688383901933633e-07, 2.927970806535271e-07, 2.4723335782319095e-07, 2.0879693995694625e-07, 1.763431011560094e-07, 1.4833922984170646e-07, 1.2476774480677685e-07, 1.0502213032440017e-07, 8.826158436976154e-08, 7.39714578985746e-08, 6.185890951628392e-08, 5.18798813478984e-08, 4.3572006692975247e-08, 3.663224438066889e-08, 3.0871193446360487e-08, 2.5935084481703303e-08, 2.1742903136737108e-08, 1.816067272883609e-08, 1.519023461475485e-08, 1.2714210379427967e-08, 1.0649066285224135e-08, 8.914194821235237e-09, 7.461067035906567e-09, 6.2455702218865625e-09, 5.225767331826514e-09, 4.38033768586275e-09, 3.672847142790613e-09, 3.0704000944665067e-09, 2.55424908704363e-09, 2.1287316292662664e-09, 1.7757044424630902e-09, 1.4869293071076908e-09]
W_list: [6]
L_list: [5.894202901517644]
