R_list= [ 1  2  3  4  5  6  7  8  9 10 11 12 13 14 15 16 17 18 19 20 21 22 23 24
 25 26 27 28 29 30 31 32 33 34 35 36 37 38]
C_final_list= [4.7553153966695765e-06, 4.0818919178161375e-06, 3.4881318114416985e-06, 2.9746353977039244e-06, 2.5337629858921473e-06, 2.1581862576053503e-06, 1.83693746765659e-06, 1.5596834963691896e-06, 1.3218355553920328e-06, 1.1208819959478652e-06, 9.50515544689542e-07, 8.049393458697542e-07, 6.819720195563638e-07, 5.771212802505525e-07, 4.879372199824279e-07, 4.120484988483095e-07, 3.476759140062762e-07, 2.9282879961596436e-07, 2.4682513267774485e-07, 2.0789006393956564e-07, 1.7519391607622975e-07, 1.4741882231795417e-07, 1.2415586431367605e-07, 1.0426395523702742e-07, 8.747325453300705e-08, 7.333559661425348e-08, 6.145998833599484e-08, 5.15856360388848e-08, 4.32693591420966e-08, 3.6327984698103427e-08, 3.05338470333769e-08, 2.564007915982399e-08, 2.1552002373489937e-08, 1.815871266263327e-08, 1.53166369616913e-08, 1.2876547150318214e-08, 1.0808687062644028e-08, 9.054115535017672e-09]
W_list: [7.4]
L_list: [6.192190276768178]
