R_list= [ 1  2  3  4  5  6  7  8  9 10 11 12 13 14 15 16 17 18 19 20 21 22 23 24
 25 26 27 28 29 30 31 32 33 34 35 36 37 38]
C_final_list= [4.3838224666560636e-07, 3.2878360466850536e-07, 2.427517271679784e-07, 1.787986057376221e-07, 1.314046428152862e-07, 9.628276760376105e-08, 7.047396007760591e-08, 5.164900331247196e-08, 3.776133871786215e-08, 2.7589362181183533e-08, 2.0009799218828507e-08, 1.4554604510384288e-08, 1.0540508472100638e-08, 7.6397719162777e-09, 5.550118046769071e-09, 4.039975988037347e-09, 2.9453013695766736e-09, 2.1447822504514256e-09, 1.5494334215953134e-09, 1.1081886672605604e-09, 7.914739709915955e-10, 5.683903041455529e-10, 4.089379327603993e-10, 2.931708865360563e-10, 2.104809675520757e-10, 1.5093385898352791e-10, 1.0890079909916977e-10, 7.982320968219902e-11, 5.855450317333446e-11, 4.3077475844071115e-11, 3.1472814224007274e-11, 2.3050299876135674e-11, 1.697512470264577e-11, 1.228618162867359e-11, 9.029067190388174e-12, 6.6053369460244674e-12, 4.762051641222348e-12, 3.4797105374466378e-12]
W_list: [9.2]
L_list: [3.29607238528977]
