C_final_list: [1.604858941030124e-06, 1.5779998975511213e-06, 1.551138574015351e-06, 1.5251519992922235e-06, 1.499750294951845e-06, 1.4745162022440524e-06, 1.4497741042165446e-06, 1.4252292728237408e-06, 1.4010509987359333e-06, 1.3770743725754823e-06, 1.3536887915506273e-06, 1.331012874709547e-06, 1.3086659176026735e-06, 1.2866380866996405e-06, 1.2650175870049807e-06, 1.2438968748648034e-06, 1.2228350106414016e-06, 1.2021274816847558e-06, 1.1817424546260587e-06, 1.1617181987272474e-06, 1.1420350294612113e-06, 1.1227017006936214e-06, 1.1038161235152318e-06, 1.0851730723250378e-06, 1.066996376398177e-06, 1.049191677920633e-06, 1.0315025914704812e-06, 1.0139584090953632e-06, 9.966302614595987e-07, 9.797672601544486e-07, 9.630944030497264e-07, 9.467781068998932e-07, 9.307346934011683e-07, 9.148734025030079e-07, 8.992219602620361e-07, 8.837001268448422e-07, 8.685917040913366e-07, 8.533920504583599e-07, 8.386237606574332e-07, 8.240679377912448e-07, 8.097244037121324e-07, 7.958134850590764e-07, 7.821273083078118e-07, 7.685465920701551e-07, 7.550941548991868e-07, 7.418052474208739e-07, 7.289056562368752e-07, 7.161543735608063e-07, 7.037470321825878e-07, 6.91576345149652e-07]
ndim2: 500
W_list: [3.0999999999999996]
L_list: [58.44726521224762]
