R_list= [ 1  2  3  4  5  6  7  8  9 10 11 12 13 14 15 16 17 18 19 20 21 22 23 24
 25 26 27 28 29 30 31 32 33 34 35 36 37 38]
C_final_list= [4.3480701444550596e-07, 3.281872099279901e-07, 2.446137783199459e-07, 1.8078118106386396e-07, 1.3366135781132682e-07, 9.861239988108959e-08, 7.302115882771172e-08, 5.3856913455466324e-08, 3.961884035428355e-08, 2.902647156865313e-08, 2.1149066656988623e-08, 1.5436203447289934e-08, 1.1275213604262287e-08, 8.217153758197855e-09, 6.0109974346276325e-09, 4.355585700733667e-09, 3.126199133259617e-09, 2.2436928156812812e-09, 1.6125560581469333e-09, 1.1542214524621252e-09, 8.262507763217739e-10, 5.930195170676848e-10, 4.2478110270614556e-10, 3.0340925961455767e-10, 2.1613817098009044e-10, 1.5294184592223798e-10, 1.0855858736455018e-10, 7.739565922060105e-11, 5.5965111508109214e-11, 4.0604688898831714e-11, 2.920991354957439e-11, 2.101991298871299e-11, 1.51808279609934e-11, 1.0937246021478108e-11, 7.809663433918838e-12, 5.554972134190459e-12, 3.9393259438651124e-12, 2.8053079962758947e-12]
W_list: [9.2]
L_list: [3.3682989005468675]
