R_list= [ 1  2  3  4  5  6  7  8  9 10 11 12 13 14 15 16 17 18 19 20 21 22 23 24
 25 26 27 28 29 30 31 32]
C_final_list= [5.800326795560487e-07, 4.945295658942588e-07, 4.25798893679869e-07, 3.657987114461112e-07, 3.138075504341254e-07, 2.6953786900655155e-07, 2.3119928426938872e-07, 1.9832834812801637e-07, 1.7034158506679284e-07, 1.4635298901907807e-07, 1.2575754085532189e-07, 1.0792301661811913e-07, 9.253081873573415e-08, 7.929570087535913e-08, 6.778749647779422e-08, 5.787857240153904e-08, 4.934812581084197e-08, 4.208985777751804e-08, 3.588714944886554e-08, 3.058366907302404e-08, 2.6078544590779105e-08, 2.2246602596470387e-08, 1.89886297021911e-08, 1.6159622766731463e-08, 1.375555262868416e-08, 1.1704080999949105e-08, 9.939816052576357e-09, 8.431630302347008e-09, 7.150950970879707e-09, 6.0437137559654785e-09, 5.0921431418321005e-09, 4.30160733586451e-09]
W_list: [6]
L_list: [6.523019909382169]
