R_list= [ 1  2  3  4  5  6  7  8  9 10 11 12 13 14 15 16 17 18 19 20 21 22 23 24
 25 26 27 28 29 30 31 32 33 34 35 36 37 38]
C_final_list= [6.287080043586566e-06, 5.353242497169258e-06, 4.510446454153845e-06, 3.7857219925658165e-06, 3.1715050765034605e-06, 2.658940465082755e-06, 2.227425340384772e-06, 1.8667024766059974e-06, 1.5627010227647492e-06, 1.3073046742542386e-06, 1.0940452000941273e-06, 9.156452552315924e-07, 7.661940936942549e-07, 6.410893496109591e-07, 5.364258841394964e-07, 4.4945278446060437e-07, 3.7678257802136354e-07, 3.154756527080198e-07, 2.637714510205555e-07, 2.204116244413033e-07, 1.8424703367605089e-07, 1.539530192054341e-07, 1.2862896928797376e-07, 1.0742207409480777e-07, 8.970011258439443e-08, 7.4887190526583e-08, 6.248859508738873e-08, 5.21837808077783e-08, 4.358447097569491e-08, 3.6379860800554146e-08, 3.03729499194746e-08, 2.5415034825810835e-08, 2.1243212109627377e-08, 1.7738665906827412e-08, 1.4824304204004746e-08, 1.2419692111775997e-08, 1.039990662831176e-08, 8.692251064751894e-09]
W_list: [8.25]
L_list: [5.719551253964556]
