R_list= [ 1  2  3  4  5  6  7  8  9 10 11 12 13 14 15 16 17 18 19 20 21 22 23 24
 25 26 27 28 29 30 31 32 33 34 35 36 37 38]
C_final_list= [6.481462608750808e-07, 5.259264676792979e-07, 4.23656630167777e-07, 3.396104915626047e-07, 2.7126139459304454e-07, 2.1652343631152983e-07, 1.7199798748249375e-07, 1.3636115466255459e-07, 1.083250592413003e-07, 8.598487535924006e-08, 6.826199314426222e-08, 5.4136250264957884e-08, 4.282273863592089e-08, 3.385646347361975e-08, 2.682066619811463e-08, 2.127275778619615e-08, 1.6915872030128733e-08, 1.3420055139527358e-08, 1.0649639781506667e-08, 8.449569055502742e-09, 6.692677342294833e-09, 5.290923423154881e-09, 4.172281445321753e-09, 3.2856162426991936e-09, 2.596265037604138e-09, 2.0485237495121548e-09, 1.6208577855780335e-09, 1.276538894830867e-09, 9.952978786457673e-10, 7.796009927175367e-10, 6.101936476249239e-10, 4.777688627341593e-10, 3.7360523162672653e-10, 2.927307117413194e-10, 2.3026844255473605e-10, 1.8057160252983016e-10, 1.4087368152542923e-10, 1.1000251897334491e-10]
W_list: [8.0]
L_list: [4.490480232481457]
