R_list= [ 1  2  3  4  5  6  7  8  9 10 11 12 13 14 15 16 17 18 19 20 21 22 23 24
 25 26 27 28 29 30 31 32 33 34 35 36 37 38]
C_final_list= [5.74461298757877e-06, 4.843196080138915e-06, 4.0416775440723625e-06, 3.3568814137995693e-06, 2.7844855971471588e-06, 2.30689814991536e-06, 1.9098784815131934e-06, 1.5806987844648648e-06, 1.3076973587526808e-06, 1.081512130663743e-06, 8.937117627071746e-07, 7.374563634316186e-07, 6.08240832632295e-07, 5.011621058570405e-07, 4.1242243849875506e-07, 3.3923499776716454e-07, 2.78838536883274e-07, 2.293341544679416e-07, 1.8867831808621115e-07, 1.5519416249129514e-07, 1.2771446841099304e-07, 1.0497315773577923e-07, 8.62691565507479e-08, 7.088762102326034e-08, 5.8226358674901436e-08, 4.785408693380777e-08, 3.933229179280748e-08, 3.24085448696345e-08, 2.6690666555881293e-08, 2.2002680541961696e-08, 1.816907802004247e-08, 1.4961477897977106e-08, 1.2312358449982162e-08, 1.01231437885186e-08, 8.323131192165031e-09, 6.8273842958091264e-09, 5.60161087265461e-09, 4.602063908474527e-09]
W_list: [8.45]
L_list: [5.378537183712178]
