R_list= [ 1  2  3  4  5  6  7  8  9 10 11 12 13 14 15 16 17 18 19 20 21 22 23 24
 25 26 27 28 29 30 31 32 33 34 35 36 37 38]
C_final_list= [7.623841872289646e-07, 6.517090390026626e-07, 5.640400874907909e-07, 4.881958416866378e-07, 4.221368353529746e-07, 3.6465730992068407e-07, 3.1447346305764853e-07, 2.713435337795987e-07, 2.3365836635441393e-07, 2.0076955196242473e-07, 1.7227545177834352e-07, 1.4770137093645583e-07, 1.2643042401546865e-07, 1.0800833319727509e-07, 9.229605249358388e-08, 7.888645281167922e-08, 6.740302484388748e-08, 5.7533712284018854e-08, 4.9069807567379716e-08, 4.1875338353659084e-08, 3.572397424148012e-08, 3.046152084600793e-08, 2.5950590268726417e-08, 2.21269649110948e-08, 1.8875702245675164e-08, 1.611087322692229e-08, 1.3730408807888395e-08, 1.1676921412223828e-08, 9.914258722194624e-09, 8.426071824968664e-09, 7.1804715358788195e-09, 6.1380297571042685e-09, 5.2390393732001695e-09, 4.447304520826189e-09, 3.77645008630221e-09, 3.2190543641095598e-09, 2.742295621924138e-09, 2.3308615375317077e-09]
W_list: [6]
L_list: [6.692541273491277]
