C_final_list: [1.7089606587240648e-06, 1.6468837600390887e-06, 1.5854789815638035e-06, 1.5264794800565179e-06, 1.469540604627378e-06, 1.415109834995908e-06, 1.3621968468105661e-06, 1.3111401056734362e-06, 1.2620479387172376e-06, 1.2151104008489788e-06, 1.1697975701345909e-06, 1.1264377089556587e-06, 1.0852094835532046e-06, 1.0450767662190746e-06, 1.0069680106819022e-06, 9.703331228820975e-07, 9.350923837961769e-07, 9.010152867747879e-07, 8.678030900317956e-07, 8.356052924944482e-07, 8.048397166379974e-07, 7.748263711516809e-07, 7.460560984439738e-07, 7.182430842681496e-07, 6.914879570326336e-07, 6.654396479793249e-07, 6.401057030902491e-07, 6.156457761706023e-07, 5.91956002188877e-07, 5.691317110281432e-07, 5.475556585254796e-07, 5.264666268354944e-07, 5.064531033038346e-07, 4.871124086303785e-07, 4.6848937967199905e-07, 4.5033586669663545e-07, 4.329725914410399e-07, 4.163398816334527e-07, 4.004524092041102e-07, 3.8504888774714226e-07, 3.701758366885156e-07, 3.557967285635781e-07, 3.4201238435524635e-07, 3.2886921120570847e-07, 3.1608384347297666e-07, 3.038584643644449e-07, 2.921814412440964e-07, 2.808113838311334e-07, 2.6976459069560355e-07, 2.5917618348778255e-07]
ndim2: 500
W_list: [3.2]
L_list: [26.267135355416546]
