C_final_list: [2.096582723922016e-06, 2.0021355479891686e-06, 1.9091338575261514e-06, 1.8197753287580883e-06, 1.7341892443569765e-06, 1.652908731621741e-06, 1.5779389473205117e-06, 1.5051208359788784e-06, 1.4355896364652862e-06, 1.3695978915975748e-06, 1.3067092004961068e-06, 1.245761199368492e-06, 1.1876779973224053e-06, 1.1326944433144697e-06, 1.0800177625142842e-06, 1.030995973151558e-06, 9.836879340125834e-07, 9.382163383589333e-07, 8.950395310794393e-07, 8.538498470240739e-07, 8.139871110017686e-07, 7.760673655125822e-07, 7.396145432545644e-07, 7.04458472108369e-07, 6.704331057231063e-07, 6.382188695058564e-07, 6.075581403987433e-07, 5.78420681002459e-07, 5.50832407487157e-07, 5.245675358126897e-07, 4.992219044473518e-07, 4.7505308741771624e-07, 4.5224525407777364e-07, 4.3033359481956444e-07, 4.0929418629450195e-07, 3.893690242651583e-07, 3.702319926957506e-07, 3.522215291058115e-07, 3.350093819314206e-07, 3.185107966946614e-07, 3.0302357010315644e-07, 2.8830412411564216e-07, 2.743167339083784e-07, 2.611630957678328e-07, 2.486772981235549e-07, 2.3672529344799925e-07, 2.2520159283716526e-07, 2.14252832218852e-07, 2.0384060109235975e-07, 1.9393296821223912e-07]
ndim2: 500
W_list: [2.6]
L_list: [20.87041814724356]
