C_list:
1.9316175576505026e-06 0.06330401403232122
ndim2: 500
W_list: [1.4]
L_list: [15.796786590648559]
