C_final_list: [1.5462406339174947e-06, 1.295560269370548e-06, 1.0768329933677412e-06, 8.949158299438634e-07, 7.408702121881942e-07, 6.1623486615012e-07, 5.108526369102018e-07, 4.2450629038395275e-07, 3.523244415575138e-07, 2.933865936134699e-07, 2.43580061277987e-07, 2.016996918937064e-07, 1.6620993284929783e-07, 1.375988246865762e-07, 1.1413902219999881e-07, 9.483006999135039e-08, 7.841964479783177e-08, 6.466369958784066e-08, 5.3506960156944926e-08, 4.4027339856314536e-08, 3.6174784003976425e-08, 2.9757188321838063e-08, 2.4554374756206547e-08, 2.0179796801260306e-08, 1.646939030790565e-08, 1.3559327031480953e-08, 1.111386763178985e-08, 9.09240823566356e-09, 7.43377193993005e-09, 6.101709443148783e-09, 4.9919059963777785e-09, 4.065999225294717e-09, 3.325802199486067e-09, 2.7120197871206794e-09, 2.217345078360913e-09]
ndim2: 500
W_list: [2.4000000000000004]
L_list: [5.393982433331714]
