R_list= [ 1  2  3  4  5  6  7  8  9 10 11 12 13 14 15 16 17 18 19 20 21 22 23 24
 25 26 27 28 29 30 31 32 33 34 35 36 37 38]
C_final_list= [1.8068088654730928e-06, 1.7250079865345269e-06, 1.66663549233298e-06, 1.6109670258890249e-06, 1.5547975311295278e-06, 1.5028512923206144e-06, 1.4537440035583485e-06, 1.4059003697250699e-06, 1.3597080891441033e-06, 1.3152244277284158e-06, 1.272101645998952e-06, 1.2303593452250329e-06, 1.1896422463374115e-06, 1.1500220794451414e-06, 1.1115657567893641e-06, 1.0747341668121885e-06, 1.0388832977273184e-06, 1.0035871072921412e-06, 9.690575669055119e-07, 9.360130667582539e-07, 9.041528334781078e-07, 8.730160270318962e-07, 8.428586067185653e-07, 8.140607274489736e-07, 7.860885635467972e-07, 7.589096934395815e-07, 7.329856482409488e-07, 7.076989446508879e-07, 6.831938834667445e-07, 6.595349318954872e-07, 6.367554378525504e-07, 6.145200570632586e-07, 5.928506404881712e-07, 5.721318032782792e-07, 5.522772818151939e-07, 5.329498407189336e-07, 5.140461940829727e-07, 4.957892030703462e-07]
W_list: [4]
L_list: [29.072005235709884]
