R_list= [ 1  2  3  4  5  6  7  8  9 10 11 12 13 14 15 16 17 18 19 20 21 22 23 24
 25 26 27 28 29 30 31 32 33 34 35 36 37 38]
C_final_list= [3.266903163239025e-05, 2.5049586116756715e-05, 1.9075331423749863e-05, 1.4512066202044736e-05, 1.103053111876515e-05, 8.371165573436182e-06, 6.344644502260505e-06, 4.8015286982592906e-06, 3.6299136165325864e-06, 2.745384201134558e-06, 2.0761433273901943e-06, 1.573761964858471e-06, 1.194041512704758e-06, 9.062146616053893e-07, 6.886969041815319e-07, 5.222737803974967e-07, 3.9571588100092373e-07, 3.006805423144678e-07, 2.2830925101885394e-07, 1.7339194145394295e-07, 1.3190065839784702e-07, 1.0039055755709664e-07, 7.636426524874127e-08, 5.7924851817217354e-08, 4.387289161291732e-08, 3.335713474521982e-08, 2.5287113679239734e-08, 1.9149762226819233e-08, 1.4495229463074575e-08, 1.0960790203896379e-08, 8.297072617537728e-09, 6.251786392095939e-09, 4.747074950037992e-09, 3.591709105204761e-09, 2.7290744464059604e-09, 2.0704435560975656e-09, 1.571042313951118e-09, 1.201011464029211e-09]
W_list: [8.0]
L_list: [3.6610055182965575]
