C_final_list: [2.1614704982039112e-06, 1.93088200119727e-06, 1.717047439109119e-06, 1.5232882738973094e-06, 1.3513166971804356e-06, 1.2006424651370057e-06, 1.0709087636948433e-06, 9.525738886680214e-07, 8.473192219422835e-07, 7.535328394723816e-07, 6.705183784384139e-07, 5.964714328338052e-07, 5.295339004322465e-07, 4.7143936275839863e-07, 4.1939736827155717e-07, 3.732043982670711e-07, 3.314966420559423e-07, 2.938968630343481e-07, 2.606919351880115e-07, 2.311565311182201e-07, 2.05084914341616e-07, 1.8145044755706462e-07, 1.6069942091001905e-07, 1.421866602195537e-07, 1.260228364080573e-07, 1.1121620562674797e-07, 9.862997302346979e-08, 8.723669293224673e-08, 7.703618571307798e-08, 6.788701627208687e-08, 5.986441621617525e-08, 5.296296161523657e-08, 4.689970544639473e-08, 4.1422698632681654e-08, 3.6490920792020956e-08, 3.219361654499294e-08, 2.8533555953165596e-08, 2.5181431147692785e-08, 2.2193217792925914e-08, 1.955726997540944e-08, 1.718528672967222e-08, 1.5133754045286345e-08, 1.3325007081549979e-08, 1.175002797864526e-08, 1.0353177987102648e-08, 9.099199620338419e-09, 8.044141337783922e-09, 7.096426027223056e-09, 6.2736658683966125e-09, 5.53449114593877e-09]
ndim2: 500
W_list: [2.8]
L_list: [8.495013486029514]
