R_list= [ 1  2  3  4  5  6  7  8  9 10 11 12 13 14 15 16 17 18 19 20 21 22 23 24
 25 26 27 28 29 30 31 32 33 34 35 36 37 38]
C_final_list= [3.4801887049447074e-05, 2.2385356081190145e-05, 1.4335828972851795e-05, 9.155781720025154e-06, 5.824949645691386e-06, 3.7009533373852656e-06, 2.345059359158488e-06, 1.4852886209319198e-06, 9.445887581604699e-07, 6.011829714358307e-07, 3.8285427568375905e-07, 2.443881741689052e-07, 1.5525383703977615e-07, 9.866331196555989e-08, 6.252174717362802e-08, 3.9338278981270994e-08, 2.481660293951771e-08, 1.5623113847659404e-08, 9.835633717089992e-09, 6.1965227721419e-09, 3.940038458911868e-09, 2.4816914506996455e-09, 1.5618018066902842e-09, 9.798543886881637e-10, 6.152742076450273e-10, 3.8958008082709123e-10, 2.480627312786331e-10, 1.5614222036523318e-10, 9.83979951252974e-11, 6.364925608794545e-11, 4.1840825173275396e-11, 2.7126489953596283e-11, 1.7152738825017817e-11, 1.1231530952744916e-11, 7.124406266843067e-12, 4.5566642945456075e-12, 2.939266017472058e-12, 1.873714345785254e-12]
W_list: [8.35]
L_list: [2.241883944986532]
