R_list= [ 1  2  3  4  5  6  7  8  9 10 11 12 13 14 15 16 17 18 19 20 21 22 23 24
 25 26 27 28 29 30 31 32 33 34 35 36 37 38]
C_final_list= [3.0898099327209965e-07, 2.614963427247176e-07, 2.186615053192598e-07, 1.8140673095838104e-07, 1.4983032773137587e-07, 1.2351196728478832e-07, 1.0145336426329337e-07, 8.315343935587599e-08, 6.806807977586158e-08, 5.5647264248014404e-08, 4.5325999063919986e-08, 3.679833777555977e-08, 2.9969506713946017e-08, 2.4382903276940482e-08, 1.9885614609858742e-08, 1.6227554528680165e-08, 1.3236686867334281e-08, 1.0794628647873191e-08, 8.805072419059964e-09, 7.178148955263949e-09, 5.843912350847789e-09, 4.740961276750173e-09, 3.853963178679359e-09, 3.1468073480522562e-09, 2.569572401575173e-09, 2.097789689011169e-09, 1.7104346583624607e-09, 1.3946390128893855e-09, 1.1383636248689125e-09, 9.277121650935323e-10, 7.558099461442226e-10, 6.144257576370286e-10, 4.973150510915684e-10, 4.014340638713226e-10, 3.23463902554976e-10, 2.599942603297226e-10, 2.0873309761293226e-10, 1.6728440298367456e-10]
W_list: [8.8]
L_list: [5.253659256434548]
