R_list= [ 1  2  3  4  5  6  7  8  9 10 11 12 13 14 15 16 17 18 19 20 21 22 23 24
 25 26 27 28 29 30 31 32 33 34 35 36 37 38]
C_final_list= [6.008072128660741e-07, 4.956854161043241e-07, 4.048127473897948e-07, 3.309108711167916e-07, 2.699147116025302e-07, 2.1947304752386106e-07, 1.787909760967953e-07, 1.45572425506998e-07, 1.1857854174190055e-07, 9.634131889224879e-08, 7.815207748147096e-08, 6.328665739164975e-08, 5.10979671703904e-08, 4.111999882386114e-08, 3.306384849730772e-08, 2.667209402007693e-08, 2.1491909524216464e-08, 1.7282032855151267e-08, 1.382954994554621e-08, 1.1039674214091962e-08, 8.811799079859042e-09, 7.033520279892701e-09, 5.621655836083247e-09, 4.482533963160851e-09, 3.566160889802615e-09, 2.8412824421282965e-09, 2.261083801148334e-09, 1.7938617697259109e-09, 1.4190477808762235e-09, 1.1276575893395538e-09, 8.942263014184313e-10, 7.101421560239387e-10, 5.614819071929593e-10, 4.430373140732596e-10, 3.495696427522237e-10, 2.7505121319679706e-10, 2.1563356053370427e-10, 1.683812499458934e-10]
W_list: [7.2]
L_list: [4.908499231222756]
