C_list:
1.965033228883268e-06 0.12413178799650736
ndim2: 500
W_list: [2.2]
L_list: [8.055954209151782]
