C_final_list: [1.64232891561514e-06, 1.619643203959407e-06, 1.5967860186757868e-06, 1.5746150060214646e-06, 1.5530350492854753e-06, 1.5319012379734078e-06, 1.5114627949659354e-06, 1.4912196221057206e-06, 1.4713083121968258e-06, 1.4516440552034063e-06, 1.4322452245503742e-06, 1.4131432896831743e-06, 1.3943985496490878e-06, 1.3759908223585526e-06, 1.3575839725487363e-06, 1.3394406616650691e-06, 1.3211835854801785e-06, 1.3029985595591961e-06, 1.2851094559276833e-06, 1.2674559780548489e-06, 1.2499865659190483e-06, 1.2329389114477413e-06, 1.2161499106731617e-06, 1.1994889328285877e-06, 1.1831842956058327e-06, 1.1667915956118353e-06, 1.150504706321901e-06, 1.1345070473199133e-06, 1.1187260117424938e-06, 1.1030683795911945e-06, 1.0875189362494455e-06, 1.0723514079368438e-06, 1.0572192927453616e-06, 1.0423420798794125e-06, 1.0278780422435236e-06]
ndim2: 500
W_list: [2.4]
L_list: [72.99772300886129]
