R_list= [ 1  2  3  4  5  6  7  8  9 10 11 12 13 14 15 16 17 18 19 20 21 22 23 24
 25 26 27 28 29 30 31 32 33 34 35 36 37 38]
C_final_list= [2.1429305619437534e-07, 1.2998243451197926e-07, 6.627061934094264e-08, 3.049844319344438e-08, 1.3179916192783073e-08, 5.4750582952011495e-09, 2.221086906950365e-09, 8.892577368416666e-10, 3.540282316996161e-10, 1.40677859386945e-10, 5.5924706314118065e-11, 2.2287948518223616e-11, 8.907227561043248e-12, 3.558511656786704e-12, 1.411497027870633e-12, 5.563419399008074e-13, 2.190031815506146e-13, 8.642380299185429e-14, 3.4318346728016095e-14, 1.365368054408971e-14, 5.4299907996920385e-15, 2.154979595813107e-15, 8.568330962086859e-16, 3.428036081872723e-16, 1.3815819961358232e-16, 5.61738843278678e-17, 2.3072051062140342e-17, 9.616816487199402e-18, 4.096505043387432e-18, 1.7949958114790956e-18, 8.067292099631773e-19, 3.7020405646460977e-19, 1.7622580729423554e-19, 8.88752056391177e-20, 4.799813929788781e-20, 2.8279929724311756e-20, 1.836465007417933e-20, 1.3020886580194516e-20]
W_list: [4]
L_list: [1.6467578494256767]
