C_list:
1.6568914125288403e-06 0.10160287997480953
ndim2: 500
W_list: [2.6]
L_list: [9.842240694830014]
