C_final_list: [1.7369064397874503e-06, 1.7137788087054522e-06, 1.691228426778963e-06, 1.6693966008854573e-06, 1.64823628489293e-06, 1.6275223979362864e-06, 1.6070329245623583e-06, 1.5871230115373132e-06, 1.5671906872381857e-06, 1.547419091969999e-06, 1.5281424339121837e-06, 1.5090192516918662e-06, 1.4900224488415137e-06, 1.4714380468438544e-06, 1.45313918411827e-06, 1.4350922404869233e-06, 1.4173135613217954e-06, 1.3998044245309832e-06, 1.3825642420311117e-06, 1.365531072158655e-06, 1.348712153444683e-06, 1.332311760399153e-06, 1.3158847265758152e-06, 1.2996711751898044e-06, 1.2836117757530001e-06, 1.2675371278016591e-06, 1.2517682140985785e-06, 1.2362043696665584e-06, 1.2207934622208493e-06, 1.2055375459764334e-06, 1.1904488386623503e-06, 1.1754486281467754e-06, 1.1605903308588349e-06, 1.1458462231145754e-06, 1.1313097186608513e-06, 1.1170225041519047e-06, 1.1030743988699316e-06, 1.0893654935178556e-06, 1.075917508935272e-06, 1.0626564298619801e-06, 1.0494785175770166e-06, 1.0363612171546205e-06, 1.0235432577101922e-06, 1.0108153411476186e-06, 9.981957736946414e-07, 9.857431837745608e-07, 9.732536036589664e-07, 9.609133510438768e-07, 9.486331413323303e-07, 9.366011264182319e-07]
ndim2: 500
W_list: [2.8499999999999996]
L_list: [79.68858611577079]
