R_list= [ 1  2  3  4  5  6  7  8  9 10 11 12 13 14 15 16 17 18 19 20 21 22 23 24
 25 26 27 28 29 30 31 32 33 34 35 36 37 38]
C_final_list= [3.926233079690037e-08, 1.7271211444436997e-08, 6.690376788554975e-09, 2.4806451072115738e-09, 9.122133185841528e-10, 3.4067764170860136e-10, 1.2518976747301539e-10, 4.5095703893768315e-11, 1.598325123018648e-11, 5.78604318449591e-12, 2.152805032480885e-12, 8.107929089140846e-13, 2.9860300003879153e-13, 1.0338151089497944e-13, 3.4609704110516005e-14, 1.2713775191859267e-14, 5.537664613954159e-15, 1.8935881709382033e-15, 5.446079344747626e-16, 1.621201383450174e-16, 5.0853930305159586e-17, 1.507349214185445e-17, 4.3888005629661154e-18, 1.3190689827546234e-18, 4.8373366585877405e-19, 2.301840585091933e-19, 9.852460440107508e-20, 2.8058250970753893e-20, 5.202213506568149e-21, 1.0779518737489096e-21, 2.8633510216956585e-22, 7.374992211599349e-23, 2.0083984131264585e-23, 5.7071744831748e-24, 1.5637961757488214e-24, 4.413645205541507e-25, 1.3621520908227487e-25, 4.7070247324775825e-26]
W_list: [7]
L_list: [1.1572670784647912]
