R_list= [ 1  2  3  4  5  6  7  8  9 10 11 12 13 14 15 16 17 18 19 20 21 22 23 24
 25 26 27 28 29 30 31 32 33 34 35 36 37 38]
C_final_list= [1.3528564963992377e-06, 9.70543079024108e-07, 7.023480889923918e-07, 5.059590411199092e-07, 3.6371597805795283e-07, 2.6179868072738404e-07, 1.8847103610428264e-07, 1.346284261482388e-07, 9.653861701095574e-08, 6.897602819760674e-08, 4.883179440936441e-08, 3.454983422473105e-08, 2.439530809011507e-08, 1.7096174593331898e-08, 1.1930469964312916e-08, 8.357901838805044e-09, 5.8525785240905484e-09, 4.1081238249477715e-09, 2.874341116178492e-09, 2.0195876916893848e-09, 1.4081809912053124e-09, 9.711945302195879e-10, 6.591538125708989e-10, 4.5248947289326393e-10, 3.062357992700653e-10, 2.0876040281407574e-10, 1.4085556685631095e-10, 9.622644975440151e-11, 6.907193309569457e-11, 4.844674588243919e-11, 3.326168928898323e-11, 2.2515695679236012e-11, 1.5416617559610663e-11, 1.0530033229701286e-11, 7.48076246077113e-12, 5.304838482431631e-12, 3.652006104501958e-12, 2.558525727435582e-12]
W_list: [6.4]
L_list: [3.040198506077013]
