R_list= [ 1  2  3  4  5  6  7  8  9 10 11 12 13 14 15 16 17 18 19 20 21 22 23 24
 25 26 27 28 29 30 31 32 33 34 35 36 37 38]
C_final_list= [2.164646088203324e-05, 1.765869657286804e-05, 1.4300930691072843e-05, 1.15267208174238e-05, 9.279385258359159e-06, 7.4643494787114085e-06, 6.001669896257237e-06, 4.825010015519848e-06, 3.873608454978204e-06, 3.113282911043762e-06, 2.499838556326779e-06, 2.008090420319621e-06, 1.613506942411042e-06, 1.295409208173241e-06, 1.0391831722632827e-06, 8.323388606156452e-07, 6.658417203312001e-07, 5.324231129257204e-07, 4.256640648648948e-07, 3.414425177916336e-07, 2.7401260024594894e-07, 2.2006092654148635e-07, 1.766067843091011e-07, 1.4177959569141007e-07, 1.1387229210768466e-07, 9.13037132332214e-08, 7.295835530808572e-08, 5.839087254098338e-08, 4.69267891733465e-08, 3.7669864611560814e-08, 3.02696380447895e-08, 2.429740836057298e-08, 1.9520307410164277e-08, 1.5681119926911772e-08, 1.2579393498612907e-08, 1.0115717050765514e-08, 8.15205599306519e-09, 6.567243004248185e-09]
W_list: [8.2]
L_list: [4.654866996015299]
