C_list:
5.684420552773414e-07 0.0934309245010623
ndim2: 500
W_list: [3.6]
L_list: [10.703094348473776]
