R_list= [ 1  2  3  4  5  6  7  8  9 10 11 12 13 14 15 16 17 18 19 20 21 22 23 24
 25 26 27 28 29 30 31 32 33 34 35 36 37 38]
C_final_list= [6.7530695112445035e-06, 5.806757503661283e-06, 4.954375194960328e-06, 4.21351181983395e-06, 3.577450465511137e-06, 3.035345138514404e-06, 2.572487278612353e-06, 2.176827410869708e-06, 1.8398104029269558e-06, 1.5542950735239033e-06, 1.3119117281744073e-06, 1.1079413079858198e-06, 9.350218377212194e-07, 7.891061164757824e-07, 6.651309605200531e-07, 5.600669216454947e-07, 4.7146909430171194e-07, 3.967485552394055e-07, 3.3421007478292905e-07, 2.814562780058638e-07, 2.3709727291309705e-07, 1.995937228141791e-07, 1.6792244370866589e-07, 1.4119648761913983e-07, 1.1877071423683256e-07, 9.996913225415674e-08, 8.419562724581344e-08, 7.091940057479404e-08, 5.976191564147147e-08, 5.0425681576944804e-08, 4.255206460435494e-08, 3.583993936766354e-08, 3.016473913068565e-08, 2.5340292122627565e-08, 2.1287771867195446e-08, 1.785113817846709e-08, 1.494632188981995e-08, 1.2528742583597078e-08]
W_list: [8.1]
L_list: [6.093289913841845]
