R_list= [ 1  2  3  4  5  6  7  8  9 10 11 12 13 14 15 16 17 18 19 20 21 22 23 24
 25 26 27 28 29 30 31 32 33 34 35 36 37 38]
C_final_list= [1.2041780529693484e-06, 7.868424470450792e-07, 5.22815589341217e-07, 3.446325990631853e-07, 2.252145932833433e-07, 1.4541452485129435e-07, 9.39377507886349e-08, 6.070152176320311e-08, 3.9319647838900777e-08, 2.5487033347228904e-08, 1.6332562391650238e-08, 1.049088766188463e-08, 6.731071068021785e-09, 4.408582662739035e-09, 2.8763794233763513e-09, 1.8694037018633212e-09, 1.1903537389637996e-09, 7.431830513565537e-10, 4.626443264276084e-10, 2.8695467751251176e-10, 1.8290563019507174e-10, 1.186895643206659e-10, 7.520686003067378e-11, 4.7754844276358213e-11, 3.0014661784534157e-11, 1.8929846939843253e-11, 1.1914367643100546e-11, 7.528522394762131e-12, 4.707484850269028e-12, 2.8369013443089454e-12, 1.7472558985455619e-12, 1.1183682636542251e-12, 7.364323612808735e-13, 4.797593681695454e-13, 3.211944551736636e-13, 2.2484936022112338e-13, 1.3022257863265037e-13, 8.552045679601806e-14]
W_list: [7.6000000000000005]
L_list: [2.3779691717802613]
