R_list= [ 1  2  3  4  5  6  7  8  9 10 11 12 13 14 15 16 17 18 19 20 21 22 23 24
 25 26 27 28 29 30 31 32 33 34 35 36 37 38]
C_final_list= [6.297702509841153e-07, 5.115395435230316e-07, 4.120302620474964e-07, 3.2931288249046956e-07, 2.626764163609893e-07, 2.0841973070562006e-07, 1.6634374677470862e-07, 1.3281973080285657e-07, 1.0638311857429985e-07, 8.504888688022635e-08, 6.7858008101334e-08, 5.3903937198787364e-08, 4.277014672322759e-08, 3.3847050395518754e-08, 2.6754777511292717e-08, 2.1258545374459928e-08, 1.692326767320489e-08, 1.3446222863824254e-08, 1.0654189574826518e-08, 8.447352753770625e-09, 6.702290852983557e-09, 5.311734553888868e-09, 4.182678946392818e-09, 3.28204690619764e-09, 2.580718534173913e-09, 2.026805251666783e-09, 1.5942136901477592e-09, 1.2586968466731729e-09, 9.855136923974717e-10, 7.725858968513738e-10, 6.060290999144028e-10, 4.734894767108422e-10, 3.700333436139523e-10, 2.9003753344799735e-10, 2.2689227894151007e-10, 1.7802893231496092e-10, 1.407315301022627e-10, 1.1091828856095906e-10]
W_list: [8.0]
L_list: [4.498675752251555]
