C_final_list: [2.180980314217922e-06, 1.980498555443045e-06, 1.796442655323042e-06, 1.6296615272193389e-06, 1.4783421959293287e-06, 1.3419667961495384e-06, 1.2146963150787201e-06, 1.0997557329883515e-06, 9.955859599004325e-07, 9.01363617630077e-07, 8.171824730986004e-07, 7.392734949438544e-07, 6.683423417519818e-07, 6.04443980103926e-07, 5.469157251864646e-07, 4.939826229308107e-07, 4.460237775342226e-07, 4.030272541155928e-07, 3.6446689676428116e-07, 3.2944051211299697e-07, 2.976928193942375e-07, 2.687194709667772e-07, 2.4255492834079915e-07, 2.185918402820565e-07, 1.9712505590680724e-07, 1.7833992075705141e-07, 1.6113993344387273e-07, 1.4533767727118887e-07, 1.3101582983272214e-07, 1.1803118737919203e-07, 1.0629584762458618e-07, 9.564660202795105e-08, 8.619888390062478e-08, 7.760228881055614e-08, 7.002970329586549e-08]
ndim2: 500
W_list: [2.4]
L_list: [10.068769129408512]
