R_list= [ 1  2  3  4  5  6  7  8  9 10 11 12 13 14 15 16 17 18 19 20 21 22 23 24
 25 26 27 28 29 30 31 32 33 34 35 36 37 38]
C_final_list= [1.0035378204206831e-06, 6.588769965883695e-07, 3.74204140487464e-07, 1.9451212892169517e-07, 9.573890844664649e-08, 4.5484242431131243e-08, 2.1119520924234788e-08, 9.662251629991226e-09, 4.388442696401226e-09, 1.986800529306568e-09, 8.981998014689928e-10, 4.0461702064425883e-10, 1.809889725661169e-10, 8.050723280881926e-11, 3.55903017596513e-11, 1.5679613063574463e-11, 6.910852309205918e-12, 3.0461534013881115e-12, 1.3466907628989355e-12, 6.025437636542921e-13, 2.767881586433517e-13, 1.3121381915040478e-13, 6.369677312932248e-14, 3.172842880438255e-14, 1.6369796412797608e-14, 8.634723933653822e-15, 4.603553495498325e-15, 2.5070154748223504e-15, 1.4138796618264827e-15, 8.143134188508745e-16, 4.610678758107271e-16, 2.511493329246839e-16, 1.3319011639115636e-16, 7.055614637982756e-17, 3.929367836537079e-17, 2.4177650166023642e-17, 1.5439803365503062e-17, 9.030212839158883e-18]
W_list: [4]
L_list: [1.8868333960485473]
