R_list= [ 1  2  3  4  5  6  7  8  9 10 11 12 13 14 15 16 17 18 19 20 21 22 23 24
 25 26 27 28 29 30 31 32]
C_final_list= [4.797841405623996e-07, 3.8968417724691915e-07, 3.1859745084419827e-07, 2.609208485734302e-07, 2.1297195851647174e-07, 1.736123523886851e-07, 1.410672153607489e-07, 1.1434031905318234e-07, 9.278387039861267e-08, 7.53159258356753e-08, 6.108827715554105e-08, 4.948653750667261e-08, 4.010023718657774e-08, 3.247139351864539e-08, 2.6239990286314337e-08, 2.1212994218740552e-08, 1.7139876372610753e-08, 1.381813378119684e-08, 1.1125208469572504e-08, 8.95134613663865e-09, 7.1812626034447615e-09, 5.745637209164652e-09, 4.597167617882367e-09, 3.6763497288784517e-09, 2.937852881848862e-09, 2.3515328501499915e-09, 1.8814234309607774e-09, 1.514403366636987e-09, 1.222360044962218e-09, 9.879438309039834e-10, 7.906791703010287e-10, 6.30314738090614e-10]
W_list: [6]
L_list: [4.8734264353059915]
