R_list= [ 1  2  3  4  5  6  7  8  9 10 11 12 13 14 15 16 17 18 19 20 21 22 23 24
 25 26 27 28 29 30 31 32 33 34 35 36 37 38]
C_final_list= [1.8927163535689815e-06, 1.749391361466687e-06, 1.647429745290986e-06, 1.5636500170196995e-06, 1.4801130664125393e-06, 1.3989638990371484e-06, 1.3233005472859787e-06, 1.2525212393225037e-06, 1.1847830946661355e-06, 1.1197436592268713e-06, 1.0582450955634451e-06, 9.99858128884084e-07, 9.446684341590194e-07, 8.930921476746444e-07, 8.445960170485648e-07, 7.983602216187491e-07, 7.541590177332722e-07, 7.123636428555531e-07, 6.726055020357277e-07, 6.347921102557827e-07, 5.992972582351347e-07, 5.659552421533295e-07, 5.345738581050817e-07, 5.048740088840279e-07, 4.7672818058044004e-07, 4.5007554509150344e-07, 4.247898674258838e-07, 4.0075659536706716e-07, 3.781739105956556e-07, 3.567186093550507e-07, 3.364076312399345e-07, 3.1734059939517534e-07, 2.9963858855398974e-07, 2.828511271875394e-07, 2.669658041579737e-07, 2.519512749834961e-07, 2.3760505746332346e-07, 2.2404963976785158e-07]
W_list: [4]
L_list: [17.587348860164784]
