R_list= [ 1  2  3  4  5  6  7  8  9 10 11 12 13 14 15 16 17 18 19 20 21 22 23 24
 25 26 27 28 29 30 31 32 33 34 35 36 37 38]
C_final_list= [2.9608861632684792e-05, 2.2183024845430296e-05, 1.649206505784268e-05, 1.2260649750852012e-05, 9.095105657342796e-06, 6.732607838052336e-06, 4.990118492884921e-06, 3.70432426808993e-06, 2.751935864309191e-06, 2.0410354608459186e-06, 1.508850161951642e-06, 1.1147759443784531e-06, 8.215933424334705e-07, 6.064792424393112e-07, 4.4838451859975176e-07, 3.308722119668755e-07, 2.4425183900611397e-07, 1.8108679396220847e-07, 1.3417790594346894e-07, 9.98471954020227e-08, 7.417375370713152e-08, 5.5118615326588963e-08, 4.106159709436466e-08, 3.0594599319063367e-08, 2.2802495784004117e-08, 1.694815155229719e-08, 1.2589877881433848e-08, 9.282232898843558e-09, 6.837727187785038e-09, 5.040565490951005e-09, 3.696247042944113e-09, 2.709004641056354e-09, 1.987701584037468e-09, 1.4597304423181927e-09, 1.073245478168523e-09, 8.003872000889064e-10, 5.974946824334038e-10, 4.4400602691069175e-10]
W_list: [8.3]
L_list: [3.3775296777664217]
