C_final_list: [1.5626178740323464e-06, 1.2240811388235513e-06, 9.62144110217608e-07, 7.513265559692412e-07, 5.860631294904243e-07, 4.576714573222281e-07, 3.560663887623155e-07, 2.7702933043996283e-07, 2.160381576767808e-07, 1.6831322094351898e-07, 1.3128416970485664e-07, 1.0190237417576807e-07, 7.897039068209489e-08, 6.129923360826018e-08, 4.7399202265450866e-08, 3.663146318778654e-08, 2.8193156597733575e-08, 2.1650954433536038e-08, 1.6795758155816825e-08, 1.2958235946802058e-08, 1.0069278769961783e-08, 7.846948416619393e-09, 6.118571878825521e-09, 4.6942987210163886e-09, 3.6212470020814895e-09, 2.7918277615125074e-09, 2.151517797227107e-09, 1.661180354648186e-09, 1.2886035881156188e-09, 9.800481491687478e-10, 7.487343641512474e-10, 5.618298080350254e-10, 4.2400911023629886e-10, 3.209048159325933e-10, 2.422115157058485e-10]
ndim2: 500
W_list: [4.2]
L_list: [4.054148352767212]
