C_final_list: [2.2028855854359567e-06, 2.1677011972892825e-06, 2.131832072491755e-06, 2.097499048334711e-06, 2.063714126561565e-06, 2.0305141426354836e-06, 1.9976535840323847e-06, 1.9653639188509365e-06, 1.933568637185945e-06, 1.9018782237138324e-06, 1.8708937930713703e-06, 1.8402538625273357e-06, 1.8105415620131301e-06, 1.7811026290280733e-06, 1.7518535146443096e-06, 1.7231690070137092e-06, 1.6948165448346255e-06, 1.6668161276663225e-06, 1.6395258242715287e-06, 1.6128201273887393e-06, 1.5862297368529533e-06, 1.560224094693879e-06, 1.534573837164006e-06, 1.509460146671987e-06, 1.4849571290818954e-06, 1.4608271116390887e-06, 1.4370619301402584e-06, 1.4135911091166012e-06, 1.3905221762129399e-06, 1.3679024822457143e-06, 1.345523089765036e-06, 1.3234342989776107e-06, 1.3016347609523647e-06, 1.2805197830818214e-06, 1.259553215379219e-06]
ndim2: 500
W_list: [2.0]
L_list: [60.782063513107595]
