R_list= [ 1  2  3  4  5  6  7  8  9 10 11 12 13 14 15 16 17 18 19 20 21 22 23 24
 25 26 27 28 29 30 31 32 33 34 35 36 37 38]
C_final_list= [3.338466364275205e-05, 2.5694182436697742e-05, 1.9629827765995527e-05, 1.4977052686467403e-05, 1.1416282793832004e-05, 8.681056766253533e-06, 6.592882750090067e-06, 5.018073877098949e-06, 3.818254811585205e-06, 2.9070199067011136e-06, 2.212312519116639e-06, 1.6826363202859353e-06, 1.2797158550919484e-06, 9.742630835120536e-07, 7.383946494334985e-07, 5.611626142073408e-07, 4.2691068954397246e-07, 3.2427022281711933e-07, 2.468039463933232e-07, 1.8793273895824323e-07, 1.4320861098719796e-07, 1.084935426295293e-07, 8.201375677324624e-08, 6.192004909376354e-08, 4.7002563316120885e-08, 3.5667251528582224e-08, 2.7065090249563713e-08, 2.0552758535587536e-08, 1.5627133851047448e-08, 1.1826719974788434e-08, 8.927928122974006e-09, 6.740674391604304e-09, 5.083293703931253e-09, 3.847653611412817e-09, 2.9120370167397307e-09, 2.204149739067706e-09, 1.6829792172915304e-09, 1.2791759390134544e-09]
W_list: [7.95]
L_list: [3.705115963952836]
