C_final_list: [1.1831532245559294e-06, 1.099293911169951e-06, 1.0176755451614116e-06, 9.407347630348532e-07, 8.699115996953968e-07, 8.043003302952433e-07, 7.447712975295035e-07, 6.890124385708071e-07, 6.368389073636213e-07, 5.882561356759854e-07, 5.436500325766863e-07, 5.025902072794664e-07, 4.6505090036286635e-07, 4.298835554922182e-07, 3.9726944742991445e-07, 3.6675826767711e-07, 3.3874561696399794e-07, 3.126424574913393e-07, 2.889520983574661e-07, 2.671603637239181e-07, 2.4674830543141643e-07, 2.2802737896142422e-07, 2.1054455423636704e-07, 1.9410284532881016e-07, 1.7867691863792095e-07, 1.6472233216537765e-07, 1.5170591166401966e-07, 1.3966069103846852e-07, 1.285208677920624e-07, 1.1818840445572286e-07, 1.0860479230729132e-07, 9.991258662423932e-08, 9.194294880134944e-08, 8.452836675110749e-08, 7.757475600938413e-08, 7.120579672790976e-08, 6.53901447838206e-08, 6.005744381235665e-08, 5.516849288871347e-08, 5.0645899769886384e-08, 4.6520954231928965e-08, 4.274933110478378e-08, 3.922787402231443e-08, 3.5963084458563365e-08, 3.2968835583674085e-08, 3.020579418132537e-08, 2.7675115908529083e-08, 2.538158985209937e-08, 2.3279377440113344e-08, 2.1350705140944723e-08]
ndim2: 500
W_list: [4.0]
L_list: [12.6619038156423]
