R_list= [ 1  2  3  4  5  6  7  8  9 10 11 12 13 14 15 16 17 18 19 20 21 22 23 24
 25 26 27 28 29 30 31 32 33 34 35 36 37 38]
C_final_list= [3.9102685465538957e-07, 3.5739323576686274e-07, 3.2430818653450374e-07, 2.933409416122295e-07, 2.647276582153293e-07, 2.383892355659424e-07, 2.1411070245223278e-07, 1.9206507129088238e-07, 1.7223833094148275e-07, 1.5433314525276192e-07, 1.3825749251927442e-07, 1.2385307578034334e-07, 1.108603669671357e-07, 9.9261958969995e-08, 8.885172928195243e-08, 7.94741072362592e-08, 7.109089859872226e-08, 6.353752182932269e-08, 5.68014177734368e-08, 5.076321425351625e-08, 4.54285528469685e-08, 4.059332658956972e-08, 3.627743632936985e-08, 3.237516921412531e-08, 2.8884074785606584e-08, 2.5754261819387427e-08, 2.2963857892757043e-08, 2.048179999878994e-08, 1.8251799253691072e-08, 1.6273721991860925e-08, 1.4509873948979884e-08, 1.294038089088855e-08, 1.1525426833707164e-08, 1.0270274342919735e-08, 9.148489949028864e-09, 8.145523493123018e-09, 7.25596510439386e-09, 6.457155923120015e-09]
W_list: [7]
L_list: [9.35933497663418]
