R_list= [ 1  2  3  4  5  6  7  8  9 10 11 12 13 14 15 16 17 18 19 20 21 22 23 24
 25 26 27 28 29 30 31 32 33 34 35 36 37 38]
C_final_list= [5.037368618651746e-07, 4.3612336345850543e-07, 3.753121013507306e-07, 3.2136558917201906e-07, 2.750971619504476e-07, 2.3522461969748866e-07, 2.008387192082535e-07, 1.7184624019359514e-07, 1.4657802422303022e-07, 1.247670129171077e-07, 1.0597607237907783e-07, 8.992676696702011e-08, 7.612740577784959e-08, 6.442355377633444e-08, 5.44622714645957e-08, 4.610706835439866e-08, 3.900291455936313e-08, 3.3055418877627355e-08, 2.8072808818433586e-08, 2.3823604781641046e-08, 2.0235900009475504e-08, 1.719788069517677e-08, 1.461280717788263e-08, 1.2408921997137828e-08, 1.0520986899441773e-08, 8.904262005400456e-09, 7.51446816974611e-09, 6.334789709467425e-09, 5.338984017792781e-09, 4.502132069922911e-09, 3.79328954923191e-09, 3.19487072188275e-09, 2.6923616671991232e-09, 2.2701531309205653e-09, 1.919938681831791e-09, 1.6248549379455984e-09, 1.371944776512495e-09, 1.1602108261125967e-09]
W_list: [7]
L_list: [6.373249494301683]
