R_list= [ 1  2  3  4  5  6  7  8  9 10 11 12 13 14 15 16 17 18 19 20 21 22 23 24
 25 26 27 28 29 30 31 32 33 34 35 36 37 38]
C_final_list= [3.8879966580831976e-08, 1.7227318324575357e-08, 6.656544422007791e-09, 2.4685767331570306e-09, 9.163863876338238e-10, 3.4524519330334557e-10, 1.284823384419102e-10, 4.7401809825665305e-11, 1.713298506396206e-11, 6.055695225598958e-12, 2.1466675013643164e-12, 7.401190820892485e-13, 2.457020924706724e-13, 8.09206661205731e-14, 2.693151300455943e-14, 8.818181804407602e-15, 2.734740184577652e-15, 8.635885789238036e-16, 2.8633659878913875e-16, 9.135091586484621e-17, 2.6402860426817902e-17, 7.718908286596668e-18, 2.448447965984935e-18, 8.299276526583801e-19, 2.4943092626423113e-19, 6.690548279643847e-20, 1.8263761254053217e-20, 5.0525893427779005e-21, 1.3360553363029242e-21, 3.582178418763513e-22, 1.0044312334547632e-22, 3.07796337574946e-23, 1.206599124122669e-23, 3.9501315131548e-24, 1.3069758351620627e-24, 5.004731601720845e-25, 2.2985870578972006e-25, 6.57490089072551e-26]
W_list: [7]
L_list: [1.163012126375108]
