R_list= [ 1  2  3  4  5  6  7  8  9 10 11 12 13 14 15 16 17 18 19 20 21 22 23 24
 25 26 27 28 29 30 31 32 33 34 35 36 37 38]
C_final_list= [6.73590458259138e-06, 5.7865089977476725e-06, 4.922593286573663e-06, 4.175655444569728e-06, 3.537295836169675e-06, 2.9982789854916616e-06, 2.5390341776894276e-06, 2.1489417093415447e-06, 1.8170271779855747e-06, 1.535343789856188e-06, 1.296253307488197e-06, 1.0931365690770605e-06, 9.213092271066599e-07, 7.760657617293601e-07, 6.535597256178394e-07, 5.505929685464395e-07, 4.640672658243329e-07, 3.911955181031177e-07, 3.297685017662452e-07, 2.776601650173922e-07, 2.3383078245309203e-07, 1.9713153444469473e-07, 1.6636626234422338e-07, 1.4015769451818522e-07, 1.1801312065871474e-07, 9.942235099093673e-08, 8.375586997171277e-08, 7.071273045358985e-08, 5.965449198585729e-08, 5.034167353448776e-08, 4.249410811367869e-08, 3.584307733731912e-08, 3.027725927190084e-08, 2.559547717187408e-08, 2.1619937910670603e-08, 1.8263704158320442e-08, 1.5406879202676007e-08, 1.3008421717249426e-08]
W_list: [8.1]
L_list: [6.050416016514886]
