R_list= [ 1  2  3  4  5  6  7  8  9 10 11 12 13 14 15 16 17 18 19 20 21 22 23 24
 25 26 27 28 29 30 31 32 33 34 35 36 37 38]
C_final_list= [8.366632118053775e-07, 7.666782203502883e-07, 6.99320205046652e-07, 6.376218460141023e-07, 5.804905304867312e-07, 5.284407828415958e-07, 4.817463497937042e-07, 4.3913124761141343e-07, 3.9952999030700915e-07, 3.6318735508050455e-07, 3.3011208097065075e-07, 3.003652423706731e-07, 2.729521415390771e-07, 2.479821605924234e-07, 2.2495880963345625e-07, 2.037322662114552e-07, 1.8472664098060075e-07, 1.6745888088408048e-07, 1.517666784913747e-07, 1.3737083492363548e-07, 1.2436621825799113e-07, 1.124725339749624e-07, 1.0170519893487611e-07, 9.189088988073101e-08, 8.314224000459032e-08, 7.519801670004823e-08, 6.796388719453939e-08, 6.13958739266982e-08, 5.543735613329308e-08, 5.00831846942874e-08, 4.5251599914736656e-08, 4.08814357667018e-08, 3.6895170411561505e-08, 3.3320952331136945e-08, 3.0147754193561045e-08, 2.7299732482662703e-08, 2.470273906922692e-08, 2.2357245234933533e-08]
W_list: [6]
L_list: [10.520396341724433]
