R_list= [ 1  2  3  4  5  6  7  8  9 10 11 12 13 14 15 16 17 18 19 20 21 22 23 24
 25 26 27 28 29 30 31 32 33 34 35 36 37 38]
C_final_list= [2.4601623690139434e-06, 1.894474012238919e-06, 1.4886148700308858e-06, 1.2479935136085483e-06, 1.0867918786245003e-06, 9.463484583067253e-07, 8.132275406008055e-07, 6.919685612046108e-07, 5.876836363759655e-07, 5.018810473393676e-07, 4.3135020383849814e-07, 3.713488514700717e-07, 3.185622914455154e-07, 2.720860692562982e-07, 2.317362247693324e-07, 1.9720666430759186e-07, 1.6794989885863644e-07, 1.4318330757355668e-07, 1.219542768696202e-07, 1.0371471688404127e-07, 8.808531790596636e-08, 7.465484436339813e-08, 6.31238869625228e-08, 5.343859516239358e-08, 4.52795543183207e-08, 3.837522181546331e-08, 3.259550652228531e-08, 2.7738153419730212e-08, 2.354935667696302e-08, 1.9894424090567392e-08, 1.6786026173010652e-08, 1.4189459928414124e-08, 1.1994506485922806e-08, 1.0143303463754879e-08, 8.588365259883472e-09, 7.252599385241704e-09, 6.093868726418939e-09, 5.119700194302511e-09]
W_list: [4]
L_list: [5.735553681725181]
