R_list= [ 1  2  3  4  5  6  7  8  9 10 11 12 13 14 15 16 17 18 19 20 21 22 23 24
 25 26 27 28 29 30 31 32 33 34 35 36 37 38]
C_final_list= [1.919458955398634e-06, 1.723190440402239e-06, 1.583180833792596e-06, 1.470763316456182e-06, 1.363828111329565e-06, 1.2635957407996233e-06, 1.1717666737622651e-06, 1.08668879347767e-06, 1.0073458736321857e-06, 9.332457371210003e-07, 8.647678352425864e-07, 8.011423433503616e-07, 7.417821726982012e-07, 6.873271456193015e-07, 6.365725836931531e-07, 5.888966863575783e-07, 5.447445581363062e-07, 5.039556446526895e-07, 4.659829592584398e-07, 4.3048921770909443e-07, 3.9741417963773336e-07, 3.665676655837597e-07, 3.379577420635931e-07, 3.1173141808232663e-07, 2.873097522336232e-07, 2.6484301172018426e-07, 2.4433870117368673e-07, 2.2540812752615983e-07, 2.078952063883889e-07, 1.9161213189836402e-07, 1.7659507836281533e-07, 1.6282846731909892e-07, 1.5010208192121996e-07, 1.3821152429394022e-07, 1.272214586073811e-07, 1.1718344357264233e-07, 1.0794815157508349e-07, 9.936257820867289e-08]
W_list: [4]
L_list: [12.814097131133543]
