C_final_list: [8.701956884261496e-07, 7.788823537273191e-07, 6.940522381970145e-07, 6.166772264528651e-07, 5.474114183618873e-07, 4.859120680322845e-07, 4.3185890836370643e-07, 3.8377326878767653e-07, 3.416205817350807e-07, 3.036592289894427e-07, 2.7005878754481267e-07, 2.400687041041609e-07, 2.1298624046602405e-07, 1.8882238076332227e-07, 1.673566743330842e-07, 1.4809624894847529e-07, 1.3091656261377684e-07, 1.1586204912584467e-07, 1.0235902364562033e-07, 9.041164761736422e-08, 7.978352016888494e-08, 7.030544067010453e-08, 6.19668378245341e-08, 5.4606412128429205e-08, 4.810630961929579e-08, 4.241456301620464e-08, 3.742459626945084e-08, 3.297811087328493e-08, 2.9102964072956286e-08, 2.5753796485145153e-08, 2.274519588096497e-08, 2.006103530142593e-08, 1.7715958291093614e-08, 1.5660567019338395e-08, 1.3856382576644725e-08]
ndim2: 500
W_list: [4.2]
L_list: [8.436737058617156]
