R_list= [ 1  2  3  4  5  6  7  8  9 10 11 12 13 14 15 16 17 18 19 20 21 22 23 24
 25 26 27 28 29 30 31 32 33 34 35 36 37 38]
C_final_list= [4.308316842917924e-07, 3.781043361982088e-07, 3.294281256997124e-07, 2.8625678815454976e-07, 2.477808715776732e-07, 2.1415537335676938e-07, 1.8513857689312874e-07, 1.597809857110192e-07, 1.3775104403643454e-07, 1.1847069581458308e-07, 1.016734740970202e-07, 8.698683676198108e-08, 7.443627055915365e-08, 6.364788653433844e-08, 5.441432857953922e-08, 4.655329949014481e-08, 3.980785584719855e-08, 3.407323384821591e-08, 2.915661331684448e-08, 2.4967592255311643e-08, 2.1392928240715142e-08, 1.8353132834137166e-08, 1.5751283444496984e-08, 1.3519721450201027e-08, 1.1618187881639827e-08, 9.963898706465971e-09, 8.513844691654131e-09, 7.271927851365227e-09, 6.2059782751047785e-09, 5.3048480195608426e-09, 4.53711013905385e-09, 3.884752127402969e-09, 3.324887828364044e-09, 2.8412460729612764e-09, 2.420376778845819e-09, 2.0591872867899105e-09, 1.7552494697344968e-09, 1.4985809670859072e-09]
W_list: [8.0]
L_list: [6.847167079957049]
