R_list= [ 1  2  3  4  5  6  7  8  9 10 11 12 13 14 15 16 17 18 19 20 21 22 23 24
 25 26 27 28 29 30 31 32 33 34 35 36 37 38]
C_final_list= [6.068348338890409e-07, 4.675264834439918e-07, 3.6440379099675935e-07, 2.861986062485284e-07, 2.25123583568384e-07, 1.7700835200630582e-07, 1.3910930034398776e-07, 1.0861970681203664e-07, 8.446823461458621e-08, 6.546678861634872e-08, 5.067812356581688e-08, 3.931711032521409e-08, 3.05058824195967e-08, 2.364281895297524e-08, 1.8259504503891387e-08, 1.406670025750611e-08, 1.0837376579199045e-08, 8.313942633687684e-09, 6.3767243945699295e-09, 4.897764203007229e-09, 3.756667167741839e-09, 2.8768352666700426e-09, 2.2099474504064114e-09, 1.7065536223351125e-09, 1.3124645438661142e-09, 1.0056303761012935e-09, 7.718057292354195e-10, 5.950120274347057e-10, 4.5840286292963717e-10, 3.5353418551495664e-10, 2.7366821903474064e-10, 2.1173687456401323e-10, 1.6325826678121223e-10, 1.261608467023739e-10, 9.677400671736404e-11, 7.351512525442353e-11, 5.6316684603875914e-11, 4.324943636766573e-11]
W_list: [6]
L_list: [4.043240096739611]
