C_final_list: [1.994883130322755e-06, 1.737587697159879e-06, 1.508462380516291e-06, 1.3107379926787345e-06, 1.1391985402509808e-06, 9.90568326818993e-07, 8.615898838563566e-07, 7.479254367946388e-07, 6.489348785319063e-07, 5.622345903173847e-07, 4.859185506785591e-07, 4.20278376509184e-07, 3.6257094108527e-07, 3.1228440362482965e-07, 2.700579240967169e-07, 2.3372669744072448e-07, 2.022118780052035e-07, 1.745167255249137e-07, 1.5022803981395895e-07, 1.291887283405017e-07, 1.1135862995231143e-07, 9.612567349596761e-08, 8.299077360315563e-08, 7.150163611861666e-08, 6.142549356353673e-08, 5.275602019820879e-08, 4.537616613520109e-08, 3.897371938456588e-08, 3.3677133808303594e-08, 2.89562029412358e-08, 2.49239039331388e-08, 2.137336792961407e-08, 1.832959416415915e-08, 1.5677531190143993e-08, 1.341119601644099e-08, 1.1485269927103938e-08, 9.838880922148634e-09, 8.433410156464087e-09, 7.202790008178853e-09, 6.155534429229759e-09, 5.2424297820232655e-09, 4.459734027941723e-09, 3.8180691588033445e-09, 3.2643870159822676e-09, 2.784804547529622e-09, 2.3886605076930585e-09, 2.0515323076083735e-09, 1.7515727653644932e-09, 1.505873520145873e-09, 1.2909958669273007e-09]
ndim2: 500
W_list: [3.15]
L_list: [7.034626698386112]
