C_list:
4.869979842667279e-07 0.11081697723559464
ndim2: 500
W_list: [3.8000000000000003]
L_list: [9.023888080560258]
