C_final_list: [2.0503686062459154e-06, 1.9291667596008677e-06, 1.846913477960658e-06, 1.754158647282083e-06, 1.6661358730838724e-06, 1.5838615003707614e-06, 1.505903048449097e-06, 1.4313463302264342e-06, 1.3583685352828966e-06, 1.2897390167004105e-06, 1.2249563863068895e-06, 1.1613238816158208e-06, 1.101058532351151e-06, 1.0450671642241076e-06, 9.924326760910372e-07, 9.417905152023647e-07, 8.945247514583796e-07, 8.49055632029391e-07, 8.064802712850008e-07, 7.654576766154893e-07, 7.265618847331418e-07, 6.899099961277256e-07, 6.549494160681438e-07, 6.221345927992757e-07, 5.906869373070121e-07, 5.606488140936117e-07, 5.31809662879827e-07, 5.047694125078757e-07, 4.788802693696319e-07, 4.544350109771175e-07, 4.312136422255064e-07, 4.0839464769640057e-07, 3.864530668854944e-07, 3.657880075789994e-07, 3.4619818553446053e-07]
ndim2: 500
W_list: [1.2]
L_list: [19.293590284853206]
