C_final_list: [2.062073855607899e-06, 2.017534365979161e-06, 1.973066210688977e-06, 1.9300787992820177e-06, 1.888169411479589e-06, 1.847197282811601e-06, 1.8069468781121717e-06, 1.7682298865682831e-06, 1.7301865027782172e-06, 1.6929313863112072e-06, 1.6561794775091237e-06, 1.6205509556390718e-06, 1.5854157300722479e-06, 1.5517080154675512e-06, 1.5179162316439767e-06, 1.4849246508394948e-06, 1.452980617988214e-06, 1.421525323879704e-06, 1.390386062406272e-06, 1.3600367645133556e-06, 1.3301288762183608e-06, 1.3010596360151789e-06, 1.2723705590098246e-06, 1.2442633279972876e-06, 1.2163840652228775e-06, 1.1893293384294473e-06, 1.1623895532606602e-06, 1.1361419833425193e-06, 1.1104314555314758e-06, 1.0850805514835561e-06, 1.0602458867899605e-06, 1.0358457346974365e-06, 1.0120377417682894e-06, 9.887485644612579e-07, 9.661097190739667e-07, 9.440859909438264e-07, 9.225085561671109e-07, 9.014880494148349e-07, 8.811088526943378e-07, 8.611570253160191e-07, 8.415215336006803e-07, 8.223498752340041e-07, 8.036475610515266e-07, 7.851795771711727e-07, 7.672380118390599e-07, 7.495817343707556e-07, 7.324345257751904e-07, 7.155633879220659e-07, 6.992055289523225e-07, 6.831145798934465e-07]
ndim2: 500
W_list: [2.6]
L_list: [44.68058091456659]
