R_list= [ 1  2  3  4  5  6  7  8  9 10 11 12 13 14 15 16 17 18 19 20 21 22 23 24
 25 26 27 28 29 30 31 32 33 34 35 36 37 38]
C_final_list= [2.3332747580691713e-07, 2.0805239495617107e-07, 1.8344541285690183e-07, 1.6092582581439356e-07, 1.4048850490558196e-07, 1.2242304865607262e-07, 1.0654396538968236e-07, 9.251653249190507e-08, 8.020457414398161e-08, 6.951384412688503e-08, 6.0132612130038e-08, 5.1944732887639025e-08, 4.4859164946609026e-08, 3.8742687967266575e-08, 3.3423933274990613e-08, 2.879562981767223e-08, 2.4802342883529254e-08, 2.1360049505726024e-08, 1.8390319900896236e-08, 1.5852655657436076e-08, 1.3676932615562075e-08, 1.1801595668058362e-08, 1.0183098313928268e-08, 8.802021880853818e-09, 7.607275423615164e-09, 6.561565372584726e-09, 5.654164114443544e-09, 4.871439389465725e-09, 4.19423276059502e-09, 3.6096583382952107e-09, 3.0977988016736935e-09, 2.660189777011149e-09, 2.2831375135893744e-09, 1.95856527309066e-09, 1.6786337929064626e-09, 1.4364123454989287e-09, 1.2285788026225041e-09, 1.0503776571300197e-09]
W_list: [8.6]
L_list: [7.253630595422135]
