R_list= [ 1  2  3  4  5  6  7  8  9 10 11 12 13 14 15 16 17 18 19 20 21 22 23 24
 25 26 27 28 29 30 31 32 33 34 35 36 37 38]
C_final_list= [9.574720719885137e-07, 5.587673281919565e-07, 3.2150531009064693e-07, 1.8390032232604127e-07, 1.0461876528407214e-07, 6.05446439304479e-08, 3.4880980728904144e-08, 2.023935192795861e-08, 1.1548087739174336e-08, 6.656147032969145e-09, 3.856871165257361e-09, 2.229772229784432e-09, 1.2739830830618267e-09, 7.215692860729009e-10, 4.07743753332857e-10, 2.323359382818672e-10, 1.3464386065479133e-10, 7.65633735593039e-11, 4.2798062847704117e-11, 2.3549619912002054e-11, 1.3137398654413154e-11, 7.467708028765734e-12, 4.2448893094732695e-12, 2.142591149615639e-12, 1.1131748832436024e-12, 6.039205955642968e-13, 2.908791433370693e-13, 1.4571701362366592e-13, 7.50661516971276e-14, 4.267136501066068e-14, 2.3072049265749354e-14, 1.1393396081810691e-14, 5.9927632865138385e-15, 3.2538196264353176e-15, 1.6627728691767606e-15, 7.990710310107198e-16, 3.625409067232321e-16, 1.9944187008379828e-16]
W_list: [9.200000000000001]
L_list: [1.8253223312236382]
