R_list= [ 1  2  3  4  5  6  7  8  9 10 11 12 13 14 15 16 17 18 19 20 21 22 23 24
 25 26 27 28 29 30 31 32 33 34 35 36 37 38]
C_final_list= [1.8591838590548919e-06, 1.435602740580528e-06, 1.0431574853270876e-06, 7.452747924536532e-07, 5.341505454244096e-07, 3.8599048005128173e-07, 2.8070226438551437e-07, 2.0466661511296542e-07, 1.4934840011183407e-07, 1.0917105913516964e-07, 7.995881012218374e-08, 5.853753670456763e-08, 4.271428873131487e-08, 3.095191867299609e-08, 2.227391569473944e-08, 1.5996896574203613e-08, 1.1482649792125113e-08, 8.244464248294387e-09, 5.932684862423239e-09, 4.279076532651107e-09, 3.0884355942849533e-09, 2.215106399981303e-09, 1.581937533487828e-09, 1.1278276521246743e-09, 8.030089595702706e-10, 5.722668740515444e-10, 4.0885875163707226e-10, 2.9348165117339133e-10, 2.1035163715014322e-10, 1.510073055549416e-10, 1.0840861409168579e-10, 7.777795231298641e-11, 5.5395532077803726e-11, 3.9155305839464007e-11, 2.7373296925187347e-11, 1.8998327360088735e-11, 1.3095358728490184e-11, 8.961316292155834e-12]
W_list: [4]
L_list: [3.2128740089367223]
