R_list= [ 1  2  3  4  5  6  7  8  9 10 11 12 13 14 15 16 17 18 19 20 21 22 23 24
 25 26 27 28 29 30 31 32 33 34 35 36 37 38]
C_final_list= [1.3584015995579768e-06, 1.2690113355981204e-06, 1.192138499652851e-06, 1.1191079520775377e-06, 1.0503109988961308e-06, 9.852891082734983e-07, 9.241912383173374e-07, 8.661925176620386e-07, 8.120963908971405e-07, 7.612785029633981e-07, 7.136789976560998e-07, 6.690747862929851e-07, 6.270587952137837e-07, 5.878011769934591e-07, 5.506703850920059e-07, 5.155537790278084e-07, 4.830252736486605e-07, 4.521777944468893e-07, 4.229000911362806e-07, 3.9558197459560484e-07, 3.7048356771029614e-07, 3.4707410142155585e-07, 3.249285354725983e-07, 3.043558163431675e-07, 2.8494735878901957e-07, 2.6676899379900957e-07, 2.498412605536893e-07, 2.340079906066928e-07, 2.1915511241705164e-07, 2.0529278129271038e-07, 1.9207348813394984e-07, 1.7970135157601415e-07, 1.6822796281357929e-07, 1.5746409361267344e-07, 1.4731977478730426e-07, 1.3774214025435626e-07, 1.2872979711824103e-07, 1.2036268463845997e-07]
W_list: [5]
L_list: [15.4013354517039]
