R_list= [ 1  2  3  4  5  6  7  8  9 10 11 12 13 14 15 16 17 18 19 20 21 22 23 24
 25 26 27 28 29 30 31 32 33 34 35 36 37 38]
C_final_list= [6.285477168179709e-07, 5.243209575871091e-07, 4.3462943220524934e-07, 3.586315660824796e-07, 2.959527597472313e-07, 2.441335809488147e-07, 2.0150332812361286e-07, 1.6612115051787284e-07, 1.3695101968587483e-07, 1.1270801515577572e-07, 9.26436866491757e-08, 7.598696704282353e-08, 6.223555896666643e-08, 5.0971091590075966e-08, 4.180627360578221e-08, 3.429527017906029e-08, 2.7993495958282864e-08, 2.2882333494608018e-08, 1.8766323547710414e-08, 1.539532329218372e-08, 1.2596170699971412e-08, 1.0293602783469954e-08, 8.376164811366492e-09, 6.794570764844177e-09, 5.5314749764228115e-09, 4.515597476232265e-09, 3.6726481863337247e-09, 2.9900210666370517e-09, 2.429900437274983e-09, 1.9711711979833485e-09, 1.601779211089009e-09, 1.3041696283418535e-09, 1.0566811118954363e-09, 8.580979698126725e-10, 6.939372302825996e-10, 5.613948888823594e-10, 4.563792466627114e-10, 3.7136947691921863e-10]
W_list: [7]
L_list: [5.223728289829442]
