R_list= [ 1  2  3  4  5  6  7  8  9 10 11 12 13 14 15 16 17 18 19 20 21 22 23 24
 25 26 27 28 29 30 31 32 33 34 35 36 37 38]
C_final_list= [3.456781036265876e-05, 2.223565477307817e-05, 1.4294351430078359e-05, 9.13348255293528e-06, 5.831769974347438e-06, 3.702431539076963e-06, 2.353347537748713e-06, 1.4911689447032697e-06, 9.440102052701299e-07, 5.989897064852477e-07, 3.8064293731050816e-07, 2.411137837472143e-07, 1.519841329327373e-07, 9.611495029776115e-08, 6.104292839606026e-08, 3.87954826084917e-08, 2.4755064280754387e-08, 1.5867147739084553e-08, 1.0101058850674894e-08, 6.468994348276337e-09, 4.156463776680805e-09, 2.684536879219293e-09, 1.7226904745411965e-09, 1.1018769841047538e-09, 7.055223177392161e-10, 4.5234768635842513e-10, 2.864991876681618e-10, 1.8081763423075262e-10, 1.141351840914155e-10, 7.109699827162159e-11, 4.493540902668288e-11, 2.8298916024650415e-11, 1.813561620866431e-11, 1.1746092696868203e-11, 7.330597955293587e-12, 4.62922440109067e-12, 2.791396658327401e-12, 1.653990059736228e-12]
W_list: [8.35]
L_list: [2.249521448436863]
