C_final_list: [1.4178046749729912e-06, 1.2449623112106068e-06, 1.0888941059402912e-06, 9.519656341922319e-07, 8.340359335378863e-07, 7.295828828073323e-07, 6.389155811062529e-07, 5.573732907280659e-07, 4.875685444897775e-07, 4.2630389059271064e-07, 3.726751950875352e-07, 3.2624629872740327e-07, 2.846911660032886e-07, 2.4858485728126545e-07, 2.1669991603657752e-07, 1.886279614533379e-07, 1.6357216602579615e-07, 1.4151159181211317e-07, 1.2274454434885128e-07, 1.0621450176857401e-07, 9.162137633497732e-08, 7.883959294030753e-08, 6.794746100434927e-08, 5.851239014649008e-08, 5.033660836644651e-08, 4.330414632241169e-08, 3.726287493931313e-08, 3.201421513593894e-08, 2.7486582475155965e-08, 2.35759618680405e-08, 2.0302080729320757e-08, 1.748122463395131e-08, 1.5096201582398778e-08, 1.3011578804483545e-08, 1.1237372917871495e-08]
ndim2: 500
W_list: [4.0]
L_list: [7.417075224360849]
