R_list= [ 1  2  3  4  5  6  7  8  9 10 11 12 13 14 15 16 17 18 19 20 21 22 23 24
 25 26 27 28 29 30 31 32 33 34 35 36 37 38]
C_final_list= [6.266767733086586e-08, 3.516469594564567e-08, 1.8621546104144485e-08, 9.768636907721347e-09, 5.084116631903272e-09, 2.603495694135198e-09, 1.312539028490043e-09, 6.559797391270749e-10, 3.271755671053225e-10, 1.6208720903775626e-10, 7.962426460682622e-11, 3.934019544258661e-11, 1.99297561172755e-11, 9.981830701839741e-12, 4.960175503528362e-12, 2.4739685556660707e-12, 1.2610845828283742e-12, 6.49642135897217e-13, 3.339946844013417e-13, 1.776897197411858e-13, 9.317989810053023e-14, 4.970679735191591e-14, 2.838217590472946e-14, 1.6303454900198127e-14, 1.039737002561233e-14, 6.025936769157182e-15, 4.0136818190137044e-15, 2.2309546051027993e-15, 1.1105413346155948e-15, 5.340259550739887e-16, 2.768985816093809e-16, 1.598975293448358e-16, 9.562683939319692e-17, 6.62539585694411e-17, 4.72727771966193e-17, 2.6015849910942e-17, 1.1933835416441407e-17, 7.295743275732094e-18]
W_list: [7]
L_list: [1.640118792376647]
