C_final_list: [2.0262841141264194e-06, 1.9020589186572046e-06, 1.8090180501823037e-06, 1.7046719247368894e-06, 1.6077157172667123e-06, 1.5171360234176111e-06, 1.4349589892865824e-06, 1.3559528138182119e-06, 1.280455319767184e-06, 1.2102832978105484e-06, 1.1427993698449408e-06, 1.0795248517140664e-06, 1.0178510081346452e-06, 9.603850778524499e-07, 9.057836525937562e-07, 8.534405592660295e-07, 8.042701428359725e-07, 7.570309424241438e-07, 7.135373764287048e-07, 6.730574523248389e-07, 6.339355380434573e-07, 5.975804459241706e-07, 5.632022814646803e-07, 5.307185297377139e-07, 5.003473422881896e-07, 4.720034597201345e-07, 4.4502360752291283e-07, 4.190367292705411e-07, 3.952882667380709e-07, 3.7296543488641685e-07, 3.5144069170286666e-07, 3.309435956872161e-07, 3.1137400827224046e-07, 2.9329025946159446e-07, 2.764308422730154e-07]
ndim2: 500
W_list: [1.4]
L_list: [17.215696243906482]
