C_final_list: [1.9504641349648823e-06, 1.6992633414192685e-06, 1.47603902201242e-06, 1.2794402265798334e-06, 1.1097407030973555e-06, 9.61325605538222e-07, 8.334266934721743e-07, 7.259880724857416e-07, 6.321890565700451e-07, 5.507622629375162e-07, 4.797870274058283e-07, 4.1729157883537275e-07, 3.620571952982236e-07, 3.140175465680713e-07, 2.7199220715317146e-07, 2.354814618549223e-07, 2.0434408373409966e-07, 1.7744866949199512e-07, 1.5400943896438278e-07, 1.3311620025513103e-07, 1.1506063956159709e-07, 9.957745935955936e-08, 8.605264508775977e-08, 7.439910301187439e-08, 6.41859510400749e-08, 5.531147696169063e-08, 4.788434338038043e-08, 4.133754754161058e-08, 3.560477668047262e-08, 3.0783535367242146e-08, 2.650092428272211e-08, 2.2880643432889542e-08, 1.973212834965467e-08, 1.7024322342531727e-08, 1.4622814877021326e-08, 1.2530390062774846e-08, 1.0721572196057296e-08, 9.218679392961117e-09, 7.92060661505137e-09, 6.78461433479029e-09, 5.799000524240394e-09, 4.9829124001543304e-09, 4.287518030232627e-09, 3.6683282092197466e-09, 3.1391205498311555e-09, 2.673791892033871e-09, 2.291326960967445e-09, 1.962325765180804e-09, 1.6846230297306092e-09, 1.4435001568165422e-09]
ndim2: 500
W_list: [3.15]
L_list: [7.086287709147822]
