R_list= [ 1  2  3  4  5  6  7  8  9 10 11 12 13 14 15 16 17 18 19 20 21 22 23 24
 25 26 27 28 29 30 31 32 33 34 35 36 37 38]
C_final_list= [2.209049836033778e-07, 1.342669987054254e-07, 6.881995954277435e-08, 3.193594309608274e-08, 1.3979560491307947e-08, 5.9080839041018176e-09, 2.4475353078214263e-09, 1.002464153123627e-09, 4.0836631009344743e-10, 1.6636010716513526e-10, 6.828253145857795e-11, 2.8430083386911187e-11, 1.2119764891841562e-11, 5.290889264881121e-12, 2.4022110279260685e-12, 1.16338486839503e-12, 5.871292308613391e-13, 2.906849600799405e-13, 1.3829351671757651e-13, 6.430409308366765e-14, 2.87414562047594e-14, 1.200156598369947e-14, 4.845317997999375e-15, 1.961847790863397e-15, 8.121786703023386e-16, 3.3481575015475874e-16, 1.3699582361647483e-16, 5.652752750447967e-17, 2.3630140738001814e-17, 9.810988687181338e-18, 4.0053665931093425e-18, 1.6135250861355786e-18, 6.455042795309098e-19, 2.5889642306606794e-19, 1.0552130114281035e-19, 4.498212343189773e-20, 2.044678599597627e-20, 9.941502165164935e-21]
W_list: [4]
L_list: [1.656258795088572]
