C_final_list: [2.272976510974376e-06, 2.1947712726872255e-06, 2.1163186223107852e-06, 2.040942807585714e-06, 1.9692319546950763e-06, 1.8994162132506453e-06, 1.83343227696008e-06, 1.7700801933181725e-06, 1.7073833864196034e-06, 1.6470615644667107e-06, 1.589151520112947e-06, 1.5321669041623747e-06, 1.4783793670936705e-06, 1.4263353367202775e-06, 1.3758334000952557e-06, 1.3273272247595296e-06, 1.280537988917143e-06, 1.235504748003119e-06, 1.191704924695769e-06, 1.1499611707759563e-06, 1.1092997047744989e-06, 1.0702775681400712e-06, 1.032111111773837e-06, 9.952015695162876e-07, 9.598178623801839e-07, 9.252833654841103e-07, 8.92008158512241e-07, 8.600652857795392e-07, 8.290258144514111e-07, 7.990457193681695e-07, 7.705608573415541e-07, 7.429210655670251e-07, 7.158945398380161e-07, 6.898396354397357e-07, 6.648316768923672e-07, 6.40545113545608e-07, 6.170217741453828e-07, 5.939634650330442e-07, 5.722945506414886e-07, 5.510205734757769e-07, 5.307386876975394e-07, 5.11014138740651e-07, 4.922965580580403e-07, 4.7394203917535224e-07, 4.5634759536827446e-07, 4.39368772561776e-07, 4.227577486410796e-07, 4.0675771041484463e-07, 3.914841778822042e-07, 3.766180178126632e-07]
ndim2: 500
W_list: [2.0]
L_list: [27.591396586913465]
