C_list:
1.5736703770378927e-06 0.02457071962586512
ndim2: 500
W_list: [1.5999999999999999]
L_list: [40.698848679520125]
