R_list= [ 1  2  3  4  5  6  7  8  9 10 11 12 13 14 15 16 17 18 19 20 21 22 23 24
 25 26 27 28 29 30 31 32]
C_final_list= [7.5794636516903e-07, 6.944326226983225e-07, 6.375090452040645e-07, 5.837531047758052e-07, 5.344479875695657e-07, 4.88903671911407e-07, 4.4710450621851164e-07, 4.0880150977780275e-07, 3.7349689312854075e-07, 3.4141143852695086e-07, 3.120590359454919e-07, 2.85269670181923e-07, 2.606176359858174e-07, 2.3776427327845223e-07, 2.1676679190823408e-07, 1.9764636090297654e-07, 1.802389642836481e-07, 1.6433996617929145e-07, 1.500101099254258e-07, 1.3698707791758473e-07, 1.251288960571627e-07, 1.1424656944861499e-07, 1.0438665078561849e-07, 9.535337183893955e-08, 8.702978738744681e-08, 7.936579896076403e-08, 7.229522279514581e-08, 6.58312361746718e-08, 5.986766574832036e-08, 5.442048130301462e-08, 4.9485522880048674e-08, 4.4963662117273746e-08]
W_list: [6]
L_list: [11.127878891275685]
