R_list= [ 1  2  3  4  5  6  7  8  9 10 11 12 13 14 15 16 17 18 19 20 21 22 23 24
 25 26 27 28 29 30 31 32 33 34 35 36 37 38]
C_final_list= [2.212480659574889e-05, 1.8105216778755334e-05, 1.4712769502147204e-05, 1.1919829914149253e-05, 9.647248074157832e-06, 7.799901092776185e-06, 6.295163377601805e-06, 5.072437017686326e-06, 4.0873940123022314e-06, 3.295393406197284e-06, 2.6564417257766637e-06, 2.1417953161586157e-06, 1.7272959177729327e-06, 1.392185832765187e-06, 1.121369220506568e-06, 9.024872800803762e-07, 7.254218517597336e-07, 5.833958283848058e-07, 4.698739900285198e-07, 3.785696495037349e-07, 3.0482825640815546e-07, 2.4514240685786505e-07, 1.9744269887774635e-07, 1.588244197900473e-07, 1.2777164878585134e-07, 1.0279947091186782e-07, 8.269937852078025e-08, 6.654599992787759e-08, 5.356491073537101e-08, 4.3106541029180245e-08, 3.463565925292028e-08, 2.7866285694345297e-08, 2.2440746609867495e-08, 1.8056691066298098e-08, 1.453698359340058e-08, 1.1708717455340588e-08, 9.453284745552654e-09, 7.632331842450067e-09]
W_list: [8.15]
L_list: [4.743278197361483]
