C_final_list: [1.5473266365913112e-06, 1.5168354841240437e-06, 1.4863486755455575e-06, 1.4566628069441107e-06, 1.4275661734338167e-06, 1.3991384224866906e-06, 1.3715343178564441e-06, 1.3444429437706575e-06, 1.3182343891836842e-06, 1.2922048693628997e-06, 1.2668747643531958e-06, 1.242117779057276e-06, 1.2176635712059183e-06, 1.1937522966567915e-06, 1.1702696783153654e-06, 1.146869484729341e-06, 1.1238091182464775e-06, 1.1012332315435214e-06, 1.0791202879207163e-06, 1.0572241095273444e-06, 1.0362547655908432e-06, 1.0157031275586206e-06, 9.954386821484774e-07, 9.75626294344796e-07, 9.560762548407449e-07, 9.36822075513169e-07, 9.180123225218596e-07, 8.993667779542781e-07, 8.810209631375275e-07, 8.629804570228799e-07, 8.453783702270038e-07, 8.28095955839433e-07, 8.111119047296193e-07, 7.944008729359012e-07, 7.780729113504858e-07, 7.62140079890925e-07, 7.462965665243792e-07, 7.309309364765595e-07, 7.15699184443991e-07, 7.00841566730334e-07, 6.862338546136979e-07, 6.71734356088278e-07, 6.576517528089659e-07, 6.437207695400132e-07, 6.300228921570562e-07, 6.166740495739608e-07, 6.035226589837479e-07, 5.906462710631859e-07, 5.780240973669585e-07, 5.656370658380787e-07]
ndim2: 500
W_list: [3.25]
L_list: [49.164662689066645]
