C_final_list: [1.7804742262556445e-06, 1.649676462616575e-06, 1.5247135505056158e-06, 1.4092780623985113e-06, 1.3029236572752326e-06, 1.2031258558689277e-06, 1.111933410609641e-06, 1.0265799166803778e-06, 9.479851473108861e-07, 8.74429531787502e-07, 8.075459628254201e-07, 7.454381789444733e-07, 6.871638127406616e-07, 6.33958181033744e-07, 5.851006473750275e-07, 5.391953940201572e-07, 4.971019181733917e-07, 4.584853208380923e-07, 4.2284958415310987e-07, 3.897687905661938e-07, 3.593998841638587e-07, 3.315655390725206e-07, 3.052762077571213e-07, 2.8086758220534944e-07, 2.5801894936798174e-07, 2.371912934840274e-07, 2.1815998338551427e-07, 2.0056624753345536e-07, 1.8457592583510428e-07, 1.6978692271861629e-07, 1.561535666457918e-07, 1.4355156488730377e-07, 1.3217082694144001e-07, 1.2169325157409552e-07, 1.120520493054313e-07, 1.0322418930229866e-07, 9.500820629859009e-08, 8.741988055943661e-08, 8.045133874123475e-08, 7.412698872517823e-08, 6.840370954010146e-08, 6.300130583867293e-08, 5.7988338178219846e-08, 5.332258600558438e-08, 4.900756085836658e-08, 4.5101603884231185e-08, 4.1458593777006146e-08, 3.808837552888636e-08, 3.499351410823679e-08, 3.2129738798914924e-08]
ndim2: 500
W_list: [3.3]
L_list: [12.441392494001368]
