R_list= [ 1  2  3  4  5  6  7  8  9 10 11 12 13 14 15 16 17 18 19 20 21 22 23 24
 25 26 27 28 29 30 31 32 33 34 35 36 37 38]
C_final_list= [1.0721504527518429e-06, 6.778150693750781e-07, 4.2902260815192425e-07, 2.675141589723374e-07, 1.6739607989952752e-07, 1.0456979363429058e-07, 6.591188492219884e-08, 4.1418022238284676e-08, 2.570225379501815e-08, 1.6022434857507078e-08, 1.0022786877004547e-08, 6.279196627466135e-09, 3.871396400029369e-09, 2.354858987169475e-09, 1.452164394549252e-09, 8.981343623233329e-10, 5.665258945800871e-10, 3.55887324898515e-10, 2.252761766008044e-10, 1.4306452177584192e-10, 9.05188028267509e-11, 5.813518034035755e-11, 3.770812978398099e-11, 2.381216057551933e-11, 1.4489988626633558e-11, 8.897944613442705e-12, 5.480690125535421e-12, 3.1789660129909138e-12, 1.8673742534570652e-12, 1.0719407615148725e-12, 6.441845573791723e-13, 3.6580953230770224e-13, 2.0495470381480228e-13, 1.117803585435363e-13, 6.7876427142984e-14, 4.250066076983471e-14, 2.352968363529778e-14, 1.4058456486612682e-14]
W_list: [8.200000000000001]
L_list: [2.163151319365285]
