C_final_list: [1.7951959743909895e-06, 1.6550079947076499e-06, 1.526946745158841e-06, 1.4091634676294297e-06, 1.2998426478839069e-06, 1.1989079421962434e-06, 1.1062011178011297e-06, 1.0200444600500646e-06, 9.40918320307176e-07, 8.674873797325077e-07, 7.990967925407619e-07, 7.354719840078121e-07, 6.774109357166754e-07, 6.24374106794558e-07, 5.758530738623288e-07, 5.309147171446512e-07, 4.894948774264587e-07, 4.5142084294378093e-07, 4.1688515910183923e-07, 3.8439538168214713e-07, 3.5440193899610004e-07, 3.262193984977257e-07, 3.0041803897936333e-07, 2.7666116344384333e-07, 2.5454111119972884e-07, 2.340040092422124e-07, 2.1479646219101543e-07, 1.9731502641087917e-07, 1.8127074685649114e-07, 1.666480708878192e-07, 1.5334490054132204e-07, 1.4088923276284992e-07, 1.2931062699002654e-07, 1.1861212686481213e-07, 1.0863901779589176e-07, 9.952232746658642e-08, 9.115289318579458e-08, 8.347368715120699e-08, 7.649659004732085e-08, 7.012681848855498e-08, 6.424558768446548e-08, 5.885258879306077e-08, 5.396271392838374e-08, 4.9452599632259486e-08, 4.539853482912798e-08, 4.1631386104295254e-08, 3.8212503142209026e-08, 3.5068758605931064e-08, 3.217277401793953e-08, 2.9526639958621056e-08]
ndim2: 500
W_list: [3.3499999999999996]
L_list: [12.258891141176061]
