R_list= [ 1  2  3  4  5  6  7  8  9 10 11 12 13 14 15 16 17 18 19 20 21 22 23 24
 25 26 27 28 29 30 31 32 33 34 35 36 37 38]
C_final_list= [1.3540459848635066e-07, 5.847921074377454e-08, 2.1944117157942702e-08, 7.908604087849888e-09, 2.804331739836646e-09, 9.838158550059355e-10, 3.4196944426209365e-10, 1.1715186408971533e-10, 3.9521582449145526e-11, 1.2891659223355606e-11, 4.1511690851295636e-12, 1.3729605566793616e-12, 4.744325646950363e-13, 1.5654327888128873e-13, 4.5486421820246965e-14, 1.3160109722889145e-14, 4.0584095769417035e-15, 1.2917377587941251e-15, 3.9149747215006965e-16, 1.1027255699430355e-16, 3.127679657113391e-17, 9.573239585153736e-18, 2.9344197149047608e-18, 9.502581992742584e-19, 3.500895283688006e-19, 1.4756243021561043e-19, 6.85016842330673e-20, 2.896376161124007e-20, 8.197224255198012e-20, 2.5899679649016547e-19, 2.053416812019926e-19, 4.589778203196033e-20, 6.187554974631336e-21, 8.889693594007438e-22, 1.2316047810892502e-22, 2.0749169030181212e-23, 5.1618474031431155e-24, 1.1577215504871982e-24]
W_list: [7]
L_list: [1.1305521790126734]
