C_final_list: [1.8905141187883388e-06, 1.8386851050939679e-06, 1.7873505057591517e-06, 1.7371319829063524e-06, 1.6889988025582393e-06, 1.642384176127958e-06, 1.5969790710940852e-06, 1.553111297517422e-06, 1.5106116289449106e-06, 1.4694053732010066e-06, 1.4292426880075708e-06, 1.3901830202875987e-06, 1.352110337919471e-06, 1.3142401953554475e-06, 1.277583902859265e-06, 1.2417905171080275e-06, 1.206770792656401e-06, 1.172869565148465e-06, 1.140125094826413e-06, 1.1086500911569092e-06, 1.0781925177685125e-06, 1.0478020752479303e-06, 1.018829492119342e-06, 9.90654568235024e-07, 9.635482974264709e-07, 9.372609393794903e-07, 9.114008434630172e-07, 8.8665599770174e-07, 8.623450786007562e-07, 8.387293906034434e-07, 8.15703319640803e-07, 7.930196979399048e-07, 7.708736069999012e-07, 7.490922790974388e-07, 7.279208976286933e-07, 7.073986808544767e-07, 6.87292239915112e-07, 6.676586736445175e-07, 6.488032451456964e-07, 6.304543576254915e-07, 6.123349917528066e-07, 5.947061148108221e-07, 5.776889583596473e-07, 5.611331519436205e-07, 5.44971300278499e-07, 5.291265066346266e-07, 5.13576785690129e-07, 4.985730978753482e-07, 4.83999711312672e-07, 4.6988038375896363e-07]
ndim2: 500
W_list: [2.9]
L_list: [35.49575136504559]
