C_final_list: [1.62444735314085e-06, 1.554506835015861e-06, 1.4855060776847602e-06, 1.419576856903248e-06, 1.356279149185407e-06, 1.2958847822984766e-06, 1.2382705349529543e-06, 1.183885601444237e-06, 1.132487965322583e-06, 1.0832162657081423e-06, 1.0357044982975984e-06, 9.903817803796762e-07, 9.472086727429828e-07, 9.062032798976784e-07, 8.667933243124021e-07, 8.286322007331803e-07, 7.922589067384214e-07, 7.571146852097833e-07, 7.24037235602585e-07, 6.921609775000039e-07, 6.617756255513062e-07, 6.32047963744547e-07, 6.036140841427153e-07, 5.761507212779093e-07, 5.498838208198098e-07, 5.24764766699641e-07, 5.00845170207627e-07, 4.779644249797472e-07, 4.563338958159169e-07, 4.352412189716871e-07, 4.154373784572234e-07, 3.9645017844605696e-07, 3.785256444573542e-07, 3.6117401222401337e-07, 3.446412188638901e-07, 3.288379503513837e-07, 3.1382782537040353e-07, 2.993570906937177e-07, 2.85558143304819e-07, 2.7247830604417103e-07, 2.5985863181429376e-07, 2.47903731522113e-07, 2.363344409502512e-07, 2.2529675910536437e-07, 2.1465518484798156e-07, 2.0448709767952816e-07, 1.946025594324833e-07, 1.8525066312260965e-07, 1.763269246232574e-07, 1.6784352662027313e-07]
ndim2: 500
W_list: [3.4000000000000004]
L_list: [21.97388721747174]
