R_list= [ 1  2  3  4  5  6  7  8  9 10 11 12 13 14 15 16 17 18 19 20 21 22 23 24
 25 26 27 28 29 30 31 32 33 34 35 36 37 38]
C_final_list= [2.6349468169980705e-07, 2.394222267574049e-07, 2.156326658272827e-07, 1.933046525228952e-07, 1.728521986915626e-07, 1.5431079129770727e-07, 1.376255122749935e-07, 1.226127672947417e-07, 1.0901766884643686e-07, 9.690556658141e-08, 8.612012740914063e-08, 7.648275306727235e-08, 6.792295633661223e-08, 6.031126952536103e-08, 5.348071586204063e-08, 4.741665158593089e-08, 4.203571268739647e-08, 3.7266536076513747e-08, 3.304871292677643e-08, 2.932359135367411e-08, 2.599293153296716e-08, 2.3029394965122582e-08, 2.0403297154617328e-08, 1.8049764435731063e-08, 1.595865668534492e-08, 1.409846219035717e-08, 1.2467467425215023e-08, 1.101575239967012e-08, 9.733222985208474e-09, 8.605098643514587e-09, 7.604288273856828e-09, 6.7202684345936944e-09, 5.9401587139327026e-09, 5.250020504136127e-09, 4.63873017049047e-09, 4.09413142439983e-09, 3.6148047761689127e-09, 3.1902930301081057e-09]
W_list: [7.6000000000000005]
L_list: [8.727125958280393]
