R_list= [ 1  2  3  4  5  6  7  8  9 10 11 12 13 14 15 16 17 18 19 20 21 22 23 24
 25 26 27 28 29 30 31 32 33 34 35 36 37 38]
C_final_list= [4.036373360906549e-06, 3.3806201899457196e-06, 2.806989734573541e-06, 2.327856224400291e-06, 1.927111928582821e-06, 1.5934181632672385e-06, 1.3153440903444504e-06, 1.0868008354955124e-06, 9.001095811303938e-07, 7.447265505364478e-07, 6.167098223643415e-07, 5.105890046896701e-07, 4.2240429998069994e-07, 3.4910375760172526e-07, 2.8776012187857264e-07, 2.370814910434495e-07, 1.9549938634855575e-07, 1.6134567873781587e-07, 1.327489369519451e-07, 1.0930832293640639e-07, 8.99855285779572e-08, 7.408838282220485e-08, 6.086238800379605e-08, 5.012909620243846e-08, 4.1382674237725656e-08, 3.4139070674609254e-08, 2.8114123636104808e-08, 2.31297259970039e-08, 1.898692825272556e-08, 1.5527650928759907e-08, 1.2700218441941337e-08, 1.0369024295398968e-08, 8.492026224144946e-09, 6.955704715386107e-09, 5.6858684211053204e-09, 4.638650342429189e-09, 3.804132096890143e-09, 3.1315580115064865e-09]
W_list: [7.8]
L_list: [5.323086271936499]
