C_final_list: [1.891841742996274e-06, 1.8447457258502695e-06, 1.7975215418292927e-06, 1.7532596369705525e-06, 1.710537234046303e-06, 1.6688088835433635e-06, 1.6282916628891444e-06, 1.5882510768872334e-06, 1.54925767216442e-06, 1.5109300038688662e-06, 1.4730266302845336e-06, 1.436086309586632e-06, 1.3999375787006844e-06, 1.365008731226566e-06, 1.3300954992543058e-06, 1.2965294126312727e-06, 1.2629809666753915e-06, 1.2302477696816106e-06, 1.197623784149106e-06, 1.1665483000131767e-06, 1.1362099786753885e-06, 1.106422404232592e-06, 1.0771595450002858e-06, 1.0489312069617866e-06, 1.0214616715883318e-06, 9.946124460970243e-07, 9.684409065042612e-07, 9.430621423992994e-07, 9.179992258172777e-07, 8.935779367290893e-07, 8.70010412048061e-07, 8.467810943256472e-07, 8.240490373068793e-07, 8.019236025620335e-07, 7.804489177504929e-07, 7.59398855123702e-07, 7.388128503524378e-07, 7.190351895070857e-07, 6.996943211785659e-07, 6.805378338366634e-07, 6.619388826042306e-07, 6.438424804800289e-07, 6.261242942824175e-07, 6.089454639695473e-07, 5.920728084569291e-07, 5.759567206752384e-07, 5.60008767862559e-07, 5.443679282806635e-07, 5.293846355012665e-07, 5.146825014013174e-07]
ndim2: 500
W_list: [2.8]
L_list: [38.09772518456201]
