R_list= [ 1  2  3  4  5  6  7  8  9 10 11 12 13 14 15 16 17 18 19 20 21 22 23 24
 25 26 27 28 29 30 31 32 33 34 35 36 37 38]
C_final_list= [3.052181073480772e-07, 2.604528516476755e-07, 2.1951990500945699e-07, 1.8388254279694682e-07, 1.5389220396343958e-07, 1.2836166031290192e-07, 1.0718395664617752e-07, 8.950393488134342e-08, 7.469332956018907e-08, 6.230034406179459e-08, 5.182336494672807e-08, 4.306312111654532e-08, 3.571673870870723e-08, 2.959303634544227e-08, 2.4454206498019925e-08, 2.015329120189044e-08, 1.6613707153712894e-08, 1.3664597406320736e-08, 1.1242384134075701e-08, 9.221468805249223e-09, 7.55940554651755e-09, 6.1804692533125966e-09, 5.04591552687867e-09, 4.132732230897768e-09, 3.390739113353534e-09, 2.7812570367762195e-09, 2.2823389963055156e-09, 1.875399991864235e-09, 1.5439094055220821e-09, 1.2703948737881081e-09, 1.0486023156329046e-09, 8.63825602074092e-10, 7.091528351106839e-10, 5.818707061056928e-10, 4.762845261443145e-10, 3.8978826029079783e-10, 3.202487554424829e-10, 2.6349194800108185e-10]
W_list: [8.2]
L_list: [5.623188913058212]
