R_list= [ 1  2  3  4  5  6  7  8  9 10 11 12 13 14 15 16 17 18 19 20 21 22 23 24
 25 26 27 28 29 30 31 32]
C_final_list= [1.4902574319255867e-07, 8.14810568582338e-08, 3.99253746678658e-08, 1.877032956579433e-08, 8.612054774208941e-09, 3.899207238118538e-09, 1.747999385245623e-09, 7.79498742503964e-10, 3.46132645734933e-10, 1.54276038059201e-10, 6.912469906141063e-11, 3.1333425852819033e-11, 1.4508444788918004e-11, 6.87319215865653e-12, 3.3341606816046224e-12, 1.7281789832004247e-12, 8.877799774054816e-13, 4.4870696770566345e-13, 2.018483269038869e-13, 9.339910395539466e-14, 5.5441233701269956e-14, 4.9751569977193284e-14, 7.715482822539307e-14, 1.1487871001451373e-13, 1.7706675580046416e-13, 1.513488782372342e-13, 7.694117353610855e-14, 2.6163873380261333e-14, 1.9357342616265492e-14, 9.052597164894201e-15, 3.836442599180138e-15, 1.2612048849518227e-15]
W_list: [6]
L_list: [1.5124494532260184]
