C_final_list: [2.0798799777365344e-06, 1.971501918540401e-06, 1.8632641513385818e-06, 1.7622692359507171e-06, 1.665894040904286e-06, 1.5747733358047172e-06, 1.4887319885923441e-06, 1.4072709052788715e-06, 1.3300433294540975e-06, 1.2568417440355997e-06, 1.189318084860381e-06, 1.1254624603074842e-06, 1.0647815428309255e-06, 1.0073149547879178e-06, 9.52302758379474e-07, 8.995506296468371e-07, 8.493969325330131e-07, 8.022176941029595e-07, 7.567738728954927e-07, 7.138648446711375e-07, 6.736316739229287e-07, 6.356774160859982e-07, 5.996878553278666e-07, 5.655008874930183e-07, 5.324819959182153e-07, 5.017311917837063e-07, 4.7264157460483014e-07, 4.454978645120419e-07, 4.195966363929431e-07, 3.9560237883602974e-07, 3.7303987440156326e-07, 3.512874611327802e-07, 3.309434393322176e-07, 3.1168489844938044e-07, 2.9356791021910703e-07, 2.766451046307107e-07, 2.605787125413223e-07, 2.4556823040100126e-07, 2.3127280456584486e-07, 2.1780835596489039e-07, 2.052167561919579e-07, 1.9358232476203018e-07, 1.8275080876870298e-07, 1.7241605462123695e-07, 1.6280069738431374e-07, 1.5374032242263718e-07, 1.4516892519218655e-07, 1.369727493611881e-07, 1.2918964442697037e-07, 1.217496512004928e-07]
ndim2: 500
W_list: [2.8]
L_list: [17.509865478300327]
