R_list= [ 1  2  3  4  5  6  7  8  9 10 11 12 13 14 15 16 17 18 19 20 21 22 23 24
 25 26 27 28 29 30 31 32]
C_final_list= [6.628852086501027e-07, 5.846161237550006e-07, 5.188010198603706e-07, 4.595483331439902e-07, 4.061385769226698e-07, 3.5890097658052463e-07, 3.173348622189657e-07, 2.804305800210403e-07, 2.4773475002918085e-07, 2.189806329628809e-07, 1.9395612801085262e-07, 1.71862204434388e-07, 1.5209633420588314e-07, 1.3447583913418706e-07, 1.1887559146249015e-07, 1.050913927435836e-07, 9.280600138453567e-08, 8.19961792654394e-08, 7.228404576211108e-08, 6.366536809881627e-08, 5.600902006481008e-08, 4.92924505885214e-08, 4.339561910429657e-08, 3.8164268318338344e-08, 3.356101722149159e-08, 2.9477003534793724e-08, 2.5894973899519704e-08, 2.2782933672533448e-08, 1.999925316893007e-08, 1.7571955580657896e-08, 1.543144733540035e-08, 1.3554663314457451e-08]
W_list: [6]
L_list: [8.125315097878856]
