R_list= [ 1  2  3  4  5  6  7  8  9 10 11 12 13 14 15 16 17 18 19 20 21 22 23 24
 25 26 27 28 29 30 31 32 33 34 35 36 37 38]
C_final_list= [1.280056538608914e-06, 1.2440049951237563e-06, 1.207364362539053e-06, 1.1718571477067334e-06, 1.1371700779055272e-06, 1.1035418670664225e-06, 1.0703284884756183e-06, 1.0381703177878218e-06, 1.0065955688320284e-06, 9.756811744677048e-07, 9.456539518193542e-07, 9.165214388399616e-07, 8.885838154264958e-07, 8.617081867622671e-07, 8.354666521245126e-07, 8.102369659923968e-07, 7.855608737795068e-07, 7.615769176393893e-07, 7.382928319855415e-07, 7.156020910718476e-07, 6.93654812788272e-07, 6.722002447567673e-07, 6.514032841136734e-07, 6.312848293276729e-07, 6.11903106154071e-07, 5.930380810901215e-07, 5.748637772717379e-07, 5.572175531377226e-07, 5.402679766151558e-07, 5.238488962476766e-07, 5.079429485763914e-07, 4.924275649830537e-07, 4.77393650966189e-07, 4.6265344970274363e-07, 4.483282208241273e-07, 4.344250450865873e-07, 4.2087155912606643e-07, 4.076541723269469e-07]
W_list: [5]
L_list: [32.33897462071968]
