C_final_list: [2.1900209497262485e-06, 2.1551621068080196e-06, 2.119922968412303e-06, 2.0862755939996184e-06, 2.0533730081461403e-06, 2.021475640608281e-06, 1.9902770718419255e-06, 1.9597107528682936e-06, 1.92965187472395e-06, 1.8997433469359857e-06, 1.8702029565231075e-06, 1.8409922612191853e-06, 1.812544167042579e-06, 1.78424406935843e-06, 1.7560618828157963e-06, 1.7286869552639857e-06, 1.7016593501533325e-06, 1.6750864398807176e-06, 1.648648756894284e-06, 1.6225029940846652e-06, 1.5970584418281482e-06, 1.5719557458209486e-06, 1.547300290060981e-06, 1.5228263074421939e-06, 1.4987494921305777e-06, 1.4752153486493362e-06, 1.4517686541406503e-06, 1.4284452452773735e-06, 1.4059783212306236e-06, 1.3837625849834364e-06, 1.3619630997483897e-06, 1.340486093544522e-06, 1.3193678010891242e-06, 1.2985108185137973e-06, 1.2779677890918366e-06, 1.2578282705094898e-06, 1.2378807940102165e-06, 1.2181983077135953e-06, 1.1987699221230362e-06, 1.1794426983042997e-06, 1.1604148138912957e-06, 1.1417269862775226e-06, 1.1233085478039578e-06, 1.1051697270678071e-06, 1.0872318369132642e-06, 1.0697410709301548e-06, 1.0523993472762123e-06, 1.0353096010192677e-06, 1.0182978038749942e-06, 1.0018639708604888e-06]
ndim2: 500
W_list: [2.0]
L_list: [62.97231375706601]
