C_final_list: [1.488250792301676e-06, 1.420361114669014e-06, 1.3535297618829197e-06, 1.2900048296951381e-06, 1.2296646064964068e-06, 1.1725206386485303e-06, 1.1183414324301001e-06, 1.0663475407489276e-06, 1.0165850398698283e-06, 9.68676446347662e-07, 9.224204358876452e-07, 8.785169818464108e-07, 8.36330824442284e-07, 7.961469514769279e-07, 7.580681569999911e-07, 7.215066812361555e-07, 6.862964190704473e-07, 6.526637572707309e-07, 6.207007337639289e-07, 5.903052717958805e-07, 5.611170136124298e-07, 5.334338688340096e-07, 5.070959834109331e-07, 4.818199586952218e-07, 4.579293221297294e-07, 4.353187265525459e-07, 4.139754361282246e-07, 3.934946819743479e-07, 3.741693287551561e-07, 3.5538805743373725e-07, 3.3759281959377576e-07, 3.2081065879688513e-07, 3.0460606557267066e-07, 2.8918173931232387e-07, 2.744876482614749e-07]
ndim2: 500
W_list: [3.0]
L_list: [20.342592747398463]
