C_final_list: [1.7355207939447468e-06, 1.4398218226872969e-06, 1.1833239087467555e-06, 9.718846698081539e-07, 7.987266277109735e-07, 6.561476534576397e-07, 5.370001653437171e-07, 4.3690772981038594e-07, 3.567293086085445e-07, 2.911355857856879e-07, 2.3825769208805983e-07, 1.9490789104500317e-07, 1.5939220781560113e-07, 1.3051605843229986e-07, 1.0660886801748448e-07, 8.708629338914007e-08, 7.071095876787218e-08, 5.762672794515863e-08, 4.712556476857299e-08, 3.85790078743268e-08, 3.155457088974974e-08, 2.5929310787430316e-08, 2.1276576205820804e-08, 1.7396009863193524e-08, 1.4142449430862436e-08, 1.1552691570962167e-08, 9.47388266651703e-09, 7.672740775103973e-09, 6.244350220415728e-09, 5.057106941136042e-09, 4.100933862704653e-09, 3.336955584158339e-09, 2.7160572510914183e-09, 2.214602774573119e-09, 1.800795216885207e-09, 1.4494454084960932e-09, 1.1697461686979318e-09, 9.477494467727116e-10, 7.649007357343725e-10, 6.205911167244326e-10, 5.027553357601302e-10, 4.040066788336164e-10, 3.2448041340969615e-10, 2.625304255758515e-10, 2.11644300010098e-10, 1.7116278233332858e-10, 1.3977589626290224e-10, 1.1472528589001996e-10, 9.259526820127344e-11, 7.495390008124511e-11]
ndim2: 500
W_list: [3.8]
L_list: [5.060681381829658]
