C_final_list: [2.00630421156424e-06, 1.8924766473621485e-06, 1.7816217007286058e-06, 1.6778279928944892e-06, 1.5793611551418832e-06, 1.4887498785845174e-06, 1.403378245700924e-06, 1.3223564735096625e-06, 1.2469721319826574e-06, 1.1757065924785251e-06, 1.1078060607864826e-06, 1.043270176302734e-06, 9.813981453016767e-07, 9.242666474904292e-07, 8.697155686534002e-07, 8.178818670936363e-07, 7.697425038102616e-07, 7.23948993083302e-07, 6.806632049571303e-07, 6.398181031883723e-07, 6.012821410842731e-07, 5.644999316904915e-07, 5.300468927751642e-07, 4.972833335452195e-07, 4.6678594168717825e-07, 4.379205247114218e-07, 4.106949059000329e-07, 3.854561015781582e-07, 3.6179328554409137e-07, 3.3940053525903704e-07, 3.1843648788333106e-07, 2.985357457741518e-07, 2.80126899661998e-07, 2.6292615521640407e-07, 2.4633181481852724e-07]
ndim2: 500
W_list: [2.8]
L_list: [16.490564684560688]
