R_list= [ 1  2  3  4  5  6  7  8  9 10 11 12 13 14 15 16 17 18 19 20 21 22 23 24
 25 26 27 28 29 30 31 32 33 34 35 36 37 38]
C_final_list= [1.936923025496453e-05, 1.5545396195352e-05, 1.2339227204133815e-05, 9.752979509395939e-06, 7.695733936717828e-06, 6.070266014587731e-06, 4.786708335548373e-06, 3.769512104388779e-06, 2.968806687281863e-06, 2.336617849806661e-06, 1.838370138298393e-06, 1.4480693464200313e-06, 1.1402424216330662e-06, 8.989887756789973e-07, 7.082029957301471e-07, 5.579410640241493e-07, 4.400650874816522e-07, 3.4691939356070204e-07, 2.7333974472680637e-07, 2.1515548993916527e-07, 1.6954007966241067e-07, 1.3345283456580867e-07, 1.0497191088421567e-07, 8.268833476778061e-08, 6.5152247227801e-08, 5.12867938512447e-08, 4.02282988972911e-08, 3.150890087985633e-08, 2.4718400787564056e-08, 1.938055170756264e-08, 1.513288591095106e-08, 1.1796585863758943e-08, 9.212656190375137e-09, 7.208663895353167e-09, 5.635564785371185e-09, 4.4143950833893126e-09, 3.4620821120300656e-09, 2.7091921729675967e-09]
W_list: [8.45]
L_list: [4.278890737170962]
