R_list= [ 1  2  3  4  5  6  7  8  9 10 11 12 13 14 15 16 17 18 19 20 21 22 23 24
 25 26 27 28 29 30 31 32 33 34 35 36 37 38]
C_final_list= [5.595285025803003e-07, 5.094228835205945e-07, 4.610204738871979e-07, 4.1605793400351837e-07, 3.7517514464643576e-07, 3.384075418300855e-07, 3.0529745230666217e-07, 2.7556519504764524e-07, 2.4893805808850557e-07, 2.247662827528367e-07, 2.0271787657380005e-07, 1.828928225090025e-07, 1.6514346471409674e-07, 1.4897338380290704e-07, 1.3436448002229996e-07, 1.2106072534166544e-07, 1.0907822513778806e-07, 9.815448758132408e-08, 8.819333990009551e-08, 7.927194149478188e-08, 7.131987904097342e-08, 6.414361832254987e-08, 5.766379683471431e-08, 5.1771751627721663e-08, 4.645276539110696e-08, 4.167927981840499e-08, 3.735382182639652e-08, 3.343263005344047e-08, 2.991543577853659e-08, 2.6748952968130738e-08, 2.391360177813692e-08, 2.1382940336749966e-08, 1.911911477824059e-08, 1.7107048165627374e-08, 1.52868301526258e-08, 1.3656638794623229e-08, 1.2189487957894493e-08, 1.0889015400247488e-08]
W_list: [6.6000000000000005]
L_list: [9.71491607455123]
