R_list= [ 1  2  3  4  5  6  7  8  9 10 11 12 13 14 15 16 17 18 19 20 21 22 23 24
 25 26 27 28 29 30 31 32 33 34 35 36 37 38]
C_final_list= [2.602344347741262e-06, 2.313360647123364e-06, 2.0399914828572907e-06, 1.792646869308352e-06, 1.5720102199725726e-06, 1.3758882619738163e-06, 1.20230290723891e-06, 1.0487860866598805e-06, 9.148361119182365e-07, 7.976750571464979e-07, 6.950730552825572e-07, 6.052879555822793e-07, 5.268512059169929e-07, 4.5842703711443077e-07, 3.9874748759932164e-07, 3.470647867114244e-07, 3.021329341053113e-07, 2.62805658056098e-07, 2.2860945050736945e-07, 1.9894430502545364e-07, 1.730255313094604e-07, 1.5043826129854434e-07, 1.3068774301476972e-07, 1.1345918829410268e-07, 9.844679204052998e-08, 8.542588671651892e-08, 7.411314096647107e-08, 6.430457004854754e-08, 5.5767275599704095e-08, 4.838841610492103e-08, 4.197900444371624e-08, 3.6373194040662836e-08, 3.1513011610582296e-08, 2.7297848231124853e-08, 2.362567728031523e-08, 2.0451412171343686e-08, 1.7714042127758624e-08, 1.534026714883287e-08]
W_list: [8.05]
L_list: [7.486015122425224]
