R_list= [ 1  2  3  4  5  6  7  8  9 10 11 12 13 14 15 16 17 18 19 20 21 22 23 24
 25 26 27 28 29 30 31 32 33 34 35 36 37 38]
C_final_list= [1.2286678782295266e-06, 1.175900239693836e-06, 1.1297057801963045e-06, 1.0836315245223139e-06, 1.039676907791963e-06, 9.973254686385009e-07, 9.565017716280693e-07, 9.176351257457628e-07, 8.800156393513404e-07, 8.436289941089349e-07, 8.085688165558704e-07, 7.75262760312843e-07, 7.430823486563778e-07, 7.122448468463467e-07, 6.828072503144733e-07, 6.544550095700707e-07, 6.269034938094511e-07, 6.003581582479987e-07, 5.749327958369276e-07, 5.50135574094918e-07, 5.263264570065406e-07, 5.034548988873794e-07, 4.817578178176453e-07, 4.6108568849338614e-07, 4.414291839790813e-07, 4.2234940899646093e-07, 4.042039469337979e-07, 3.868684778006442e-07, 3.702988465134058e-07, 3.5455698400121357e-07, 3.3926316364682937e-07, 3.24681898957948e-07, 3.1055245468833354e-07, 2.9706720776324374e-07, 2.8407106895640527e-07, 2.715041657045664e-07, 2.5941554499098425e-07, 2.4789058711859466e-07]
W_list: [5]
L_list: [23.373225697211264]
