C_final_list: [1.8451874222690893e-06, 1.797148797763864e-06, 1.7490229104397793e-06, 1.7029117052383911e-06, 1.6584066755692998e-06, 1.6148295370682366e-06, 1.5728920170584586e-06, 1.5322707752487722e-06, 1.4922246503281657e-06, 1.4531406493899524e-06, 1.4150167828069745e-06, 1.37736528750737e-06, 1.3417196481438985e-06, 1.3064452487226865e-06, 1.2722541527467904e-06, 1.2391671375759407e-06, 1.206433747581584e-06, 1.174583989022752e-06, 1.143668330189128e-06, 1.1133599681645063e-06, 1.083454220137209e-06, 1.0543814561089112e-06, 1.0262916443031306e-06, 9.988216610722263e-07, 9.722420965636068e-07, 9.46350387367756e-07, 9.210421679761171e-07, 8.962710049435013e-07, 8.72010153491448e-07, 8.482864362551485e-07, 8.254414526636774e-07, 8.031817506631781e-07, 7.8108203458586e-07, 7.597671279766038e-07, 7.392236690051109e-07, 7.190137710726162e-07, 6.993808571310212e-07, 6.802576362949608e-07, 6.615657458304717e-07, 6.433942680848728e-07, 6.259564142755216e-07, 6.088729291328703e-07, 5.921481038617575e-07, 5.759383446629757e-07, 5.601086288421049e-07, 5.447246747462798e-07, 5.296410058440545e-07, 5.15027975844674e-07, 5.009109249557485e-07, 4.873280774223168e-07]
ndim2: 500
W_list: [2.8499999999999996]
L_list: [37.06012771757235]
