R_list= [ 1  2  3  4  5  6  7  8  9 10 11 12 13 14 15 16 17 18 19 20 21 22 23 24
 25 26 27 28 29 30 31 32 33 34 35 36 37 38]
C_final_list= [1.971014901462723e-05, 1.5817696150947595e-05, 1.2559876202149555e-05, 9.941138586153848e-06, 7.861086293003968e-06, 6.208463018105334e-06, 4.8982839011070465e-06, 3.862384251493248e-06, 3.0466045574734564e-06, 2.4026718660309367e-06, 1.8918663831984151e-06, 1.4900433682534046e-06, 1.1732808814376368e-06, 9.228951909938047e-07, 7.249294474279535e-07, 5.694365251416517e-07, 4.4863257525250056e-07, 3.531147000459779e-07, 2.7811771902588733e-07, 2.1893814199005232e-07, 1.7241781291752277e-07, 1.359903825043676e-07, 1.0718699684575394e-07, 8.453131602101608e-08, 6.665447753273848e-08, 5.264572106151517e-08, 4.158332660565539e-08, 3.280355983341515e-08, 2.5811828739906372e-08, 2.0308225595798073e-08, 1.5917576484976094e-08, 1.2475020211465492e-08, 9.759058790235798e-09, 7.625935816099475e-09, 5.973780029851079e-09, 4.698775526520037e-09, 3.6953105632296317e-09, 2.902561703820726e-09]
W_list: [8.45]
L_list: [4.2955458201600365]
