R_list= [ 1  2  3  4  5  6  7  8  9 10 11 12 13 14 15 16 17 18 19 20 21 22 23 24
 25 26 27 28 29 30 31 32 33 34 35 36 37 38]
C_final_list= [2.565959500197384e-07, 2.256021328431809e-07, 1.958580676677506e-07, 1.687548783973674e-07, 1.4470056571437425e-07, 1.2382141982413314e-07, 1.0587156428243247e-07, 9.054716330471966e-08, 7.72624306727436e-08, 6.57920831762479e-08, 5.5973760562859096e-08, 4.763468671498102e-08, 4.0494733255530885e-08, 3.4469826485600145e-08, 2.9314928369381342e-08, 2.493761720497762e-08, 2.1219333505099163e-08, 1.8051221414945438e-08, 1.535142486279212e-08, 1.3029955660680597e-08, 1.105484793972696e-08, 9.386395044930087e-09, 7.952415863497609e-09, 6.738987101907301e-09, 5.714567024834228e-09, 4.836651452313458e-09, 4.099738924825167e-09, 3.468495923883663e-09, 2.9333617803673906e-09, 2.4747819964789566e-09, 2.082417211632507e-09, 1.753432332187423e-09, 1.4740414783880957e-09, 1.2384561183205146e-09, 1.0398875618021723e-09, 8.730092453493174e-10, 7.346778767332552e-10, 6.184187396445093e-10]
W_list: [9.0]
L_list: [6.524704090460441]
