R_list= [ 1  2  3  4  5  6  7  8  9 10 11 12 13 14 15 16 17 18 19 20 21 22 23 24
 25 26 27 28 29 30 31 32 33 34 35 36 37 38]
C_final_list= [2.2752086942450863e-06, 2.1045601534961097e-06, 1.9849152382437293e-06, 1.8634116039958167e-06, 1.7515607487790831e-06, 1.6491616796743145e-06, 1.553088324844075e-06, 1.462054411996932e-06, 1.375731929618433e-06, 1.2950038442659343e-06, 1.2190297054249183e-06, 1.1479664081382974e-06, 1.080924689670041e-06, 1.0178839849260837e-06, 9.595792412781375e-07, 9.049104910482637e-07, 8.523340854762246e-07, 8.032737917295441e-07, 7.577097741001174e-07, 7.147644272053585e-07, 6.739228413412194e-07, 6.347699503027972e-07, 5.97626905423351e-07, 5.625346523910819e-07, 5.298141158807308e-07, 4.986267405631378e-07, 4.6955406840403043e-07, 4.4205889522691466e-07, 4.162090418563243e-07, 3.9177866229676244e-07, 3.686895176788646e-07, 3.4725665824187984e-07, 3.269804845916499e-07, 3.0760127781632504e-07, 2.891933367048536e-07, 2.718173123736136e-07, 2.556448752569858e-07, 2.400801637447116e-07]
W_list: [4]
L_list: [16.558707145975937]
