C_final_list: [1.4470644665476711e-06, 1.3685348412222879e-06, 1.292711966897814e-06, 1.2194068552117262e-06, 1.1499460695972395e-06, 1.0831223402041504e-06, 1.019767134205574e-06, 9.601847548409628e-07, 9.041174152357403e-07, 8.517264388499231e-07, 8.018530953515691e-07, 7.539694377487733e-07, 7.091216893354878e-07, 6.675192249886901e-07, 6.286709916187081e-07, 5.912430897881748e-07, 5.559253321763613e-07, 5.228339339863953e-07, 4.917038064784905e-07, 4.621939900031048e-07, 4.3486491457404805e-07, 4.092959286794757e-07, 3.851009808125251e-07, 3.6230728715780983e-07, 3.4089304727239925e-07, 3.2108225425206513e-07, 3.021079856003241e-07, 2.8437874582694414e-07, 2.6739197193585517e-07, 2.5143828500266096e-07, 2.3662277934418406e-07, 2.2270918732452662e-07, 2.093541513302474e-07, 1.9658431381648378e-07, 1.8460569734347042e-07]
ndim2: 500
W_list: [3.6]
L_list: [16.574478595097887]
