R_list= [ 1  2  3  4  5  6  7  8  9 10 11 12 13 14 15 16 17 18 19 20 21 22 23 24
 25 26 27 28 29 30 31 32 33 34 35 36 37 38]
C_final_list= [1.6329393956702344e-07, 1.422895685604503e-07, 1.2258439784801354e-07, 1.046070519774178e-07, 8.883975149443996e-08, 7.511273577457666e-08, 6.342154847494478e-08, 5.3579256121139325e-08, 4.526046373431566e-08, 3.8180446734680073e-08, 3.217945653635755e-08, 2.7097106082716696e-08, 2.278424184084719e-08, 1.9152338520207608e-08, 1.6097140933985485e-08, 1.3547808700363382e-08, 1.1383573132801234e-08, 9.566345116788592e-09, 8.01955765653629e-09, 6.727587138439033e-09, 5.636975065768749e-09, 4.714254415421652e-09, 3.93328010077993e-09, 3.2760519660025078e-09, 2.7263278514750013e-09, 2.2697646274163927e-09, 1.8893375319862256e-09, 1.5677311248448551e-09, 1.2995736834597476e-09, 1.0765309891870296e-09, 8.896878927913818e-10, 7.346942782349969e-10, 6.066340139301847e-10, 5.008943593415207e-10, 4.1374910810340804e-10, 3.418988050125737e-10, 2.8194727162717917e-10, 2.3218603405855438e-10]
W_list: [8.8]
L_list: [6.133288911627753]
