R_list= [ 1  2  3  4  5  6  7  8  9 10 11 12 13 14 15 16 17 18 19 20 21 22 23 24
 25 26 27 28 29 30 31 32 33 34 35 36 37 38]
C_final_list= [4.1690356433106266e-07, 2.5825293449451316e-07, 1.3564909158161246e-07, 6.470116385218047e-08, 2.906709522295782e-08, 1.2593860815686012e-08, 5.334429141713257e-09, 2.234954428809457e-09, 9.353033167166449e-10, 3.9284923094372615e-10, 1.664127878483965e-10, 7.158330577209424e-11, 3.125682364506709e-11, 1.3790632837975179e-11, 6.072090697503149e-12, 2.6444364752560827e-12, 1.1399979314484729e-12, 4.892990532652346e-13, 2.1122472849369633e-13, 9.181452857746537e-14, 4.0509149666566895e-14, 1.854632905312062e-14, 9.00931063479463e-15, 4.7971793738017216e-15, 2.6547826197480154e-15, 1.45517549251411e-15, 7.805587859041494e-16, 4.183956379558404e-16, 2.2039970680740083e-16, 1.1222970647366295e-16, 5.530745440013517e-17, 2.5755375505622575e-17, 1.1509957376396437e-17, 5.135820270555237e-18, 2.368875903951869e-18, 1.1247774934323173e-18, 5.80975034738279e-19, 3.2913954301633375e-19]
W_list: [4]
L_list: [1.7062197419775085]
