R_list= [ 1  2  3  4  5  6  7  8  9 10 11 12 13 14 15 16 17 18 19 20 21 22 23 24
 25 26 27 28 29 30 31 32 33 34 35 36 37 38]
C_final_list= [5.867068189856129e-06, 4.9809079075682854e-06, 4.18898016542801e-06, 3.5110906699166943e-06, 2.9345337893988306e-06, 2.4490139052391844e-06, 2.03971091411947e-06, 1.6972516581504517e-06, 1.4105160971791758e-06, 1.1717368388992461e-06, 9.733138306403119e-07, 8.082037282763879e-07, 6.703578981788952e-07, 5.562394817637177e-07, 4.619210582774072e-07, 3.8321941639439724e-07, 3.181835502929052e-07, 2.6406138316104403e-07, 2.1913411602185976e-07, 1.8171852864994426e-07, 1.5060940772921386e-07, 1.248064425509754e-07, 1.0343108737911299e-07, 8.575291608502582e-08, 7.111697999885062e-08, 5.904835729593066e-08, 4.900776720534672e-08, 4.0647085643967886e-08, 3.378580971310992e-08, 2.807117064810029e-08, 2.330477986494191e-08, 1.9318879834429643e-08, 1.5990637492356606e-08, 1.3261542928399683e-08, 1.0997800894672836e-08, 9.108456667866721e-09, 7.56010504015907e-09, 6.285456791937509e-09]
W_list: [8.35]
L_list: [5.580683071699177]
