R_list= [ 1  2  3  4  5  6  7  8  9 10 11 12 13 14 15 16 17 18 19 20 21 22 23 24
 25 26 27 28 29 30 31 32 33 34 35 36 37 38]
C_final_list= [7.243188515176699e-07, 5.977388938973318e-07, 4.908161992842903e-07, 4.0317724199290715e-07, 3.3021320086606033e-07, 2.6985683583667497e-07, 2.2072382429019437e-07, 1.8077598581670078e-07, 1.4781433726015384e-07, 1.203124836124507e-07, 9.774624174178877e-08, 7.92940895621201e-08, 6.434758798146441e-08, 5.2181238811234634e-08, 4.2228023295001296e-08, 3.420727986280645e-08, 2.766933068974121e-08, 2.243186193165183e-08, 1.816122444720111e-08, 1.475741202400247e-08, 1.1991189967614867e-08, 9.737659404190826e-09, 7.877152982358298e-09, 6.379399239511044e-09, 5.144196999377423e-09, 4.165341594094318e-09, 3.370493512037308e-09, 2.7257588470284905e-09, 2.2114973835375276e-09, 1.7881133183711532e-09, 1.4439105193536188e-09, 1.1656073888288318e-09, 9.439959042862311e-10, 7.672217734344266e-10, 6.207079217794591e-10, 5.032302383527734e-10, 4.067317027161831e-10, 3.2782294958677347e-10]
W_list: [7.6]
L_list: [5.006931375737883]
