R_list= [ 1  2  3  4  5  6  7  8  9 10 11 12 13 14 15 16 17 18 19 20 21 22 23 24
 25 26 27 28 29 30 31 32 33 34 35 36 37 38]
C_final_list= [3.6448554528360356e-07, 3.308011996840204e-07, 2.978349115045283e-07, 2.674602321845217e-07, 2.400957285209473e-07, 2.150832608977531e-07, 1.9254303954019226e-07, 1.7217688949712452e-07, 1.5399238644442828e-07, 1.3796592894555692e-07, 1.235990735647314e-07, 1.1061659412346838e-07, 9.894563584072589e-08, 8.851870447886862e-08, 7.910476612140694e-08, 7.062273971837284e-08, 6.313065461852863e-08, 5.644686419281162e-08, 5.039990883630774e-08, 4.4947924027214694e-08, 4.013630560011259e-08, 3.586850293036181e-08, 3.2043171905357653e-08, 2.8649003728487227e-08, 2.558387299231211e-08, 2.280967956771757e-08, 2.0330189783958405e-08, 1.811925301394017e-08, 1.614233544908615e-08, 1.4385732768412184e-08, 1.2807092755487737e-08, 1.1401100461830078e-08, 1.0132816338835357e-08, 9.009117796185937e-09, 8.003536720178429e-09, 7.111192470069402e-09, 6.3190871263889995e-09, 5.6190391929467945e-09]
W_list: [7]
L_list: [9.102255101840841]
