C_final_list: [1.7304402877430968e-06, 1.6704093935230822e-06, 1.6105554037677667e-06, 1.5535204039333806e-06, 1.4979599381961314e-06, 1.4441229441873443e-06, 1.3917885173906496e-06, 1.3418927295510697e-06, 1.2938301219368656e-06, 1.2474173631949763e-06, 1.2022000381593894e-06, 1.1590592231662133e-06, 1.1168159699617977e-06, 1.0757554408441258e-06, 1.0354111572175862e-06, 9.969557248450645e-07, 9.602715562948446e-07, 9.243754421824984e-07, 8.900056137471851e-07, 8.569728070314701e-07, 8.254231946133609e-07, 7.946696870413374e-07, 7.648687042520055e-07, 7.358461115175374e-07, 7.079416125522779e-07, 6.808758005377873e-07, 6.547520554120431e-07, 6.294960403619402e-07, 6.052254700539786e-07, 5.820247979713944e-07, 5.59819772398421e-07, 5.383958577676469e-07, 5.176448378728603e-07, 4.976809257400396e-07, 4.78621371258266e-07, 4.603891251913597e-07, 4.427380448762695e-07, 4.2577670588969445e-07, 4.0955599800718036e-07, 3.939938584692721e-07, 3.790269406041039e-07, 3.6462712586086203e-07, 3.507134061321607e-07, 3.374075564117816e-07, 3.246890712973719e-07, 3.123164973899846e-07, 3.004907713139657e-07, 2.889590206068509e-07, 2.777945299651101e-07, 2.670726917348953e-07]
ndim2: 500
W_list: [3.1999999999999997]
L_list: [26.44506014486898]
