C_final_list: [1.6512106929387404e-06, 1.626528081885221e-06, 1.6024426621163521e-06, 1.5791277300349158e-06, 1.556301659203752e-06, 1.5340737373962155e-06, 1.5120456117253656e-06, 1.4903205698015103e-06, 1.468505471600645e-06, 1.4473209851622438e-06, 1.4265048638546795e-06, 1.406223995937819e-06, 1.386053429893614e-06, 1.3663967189747195e-06, 1.3470593686418576e-06, 1.3275998158899736e-06, 1.3083405076518614e-06, 1.289276488984297e-06, 1.2707381466252815e-06, 1.2522686367928525e-06, 1.2343758680050237e-06, 1.216957219234421e-06, 1.199738335960146e-06, 1.1826583002985955e-06, 1.1658718088467527e-06, 1.149173101993341e-06, 1.132703884137405e-06, 1.116420152893239e-06, 1.1005267302594634e-06, 1.0848409555056945e-06, 1.0693428274896004e-06, 1.0539520797217099e-06, 1.0386933475976226e-06, 1.02370478867237e-06, 1.0089343916216677e-06, 9.943833200507578e-07, 9.799873518342632e-07, 9.658415201877702e-07, 9.519320336549042e-07, 9.381791373600905e-07, 9.246452313865541e-07, 9.1108251564434e-07, 8.979902110316054e-07, 8.849075674910447e-07, 8.720640880111174e-07, 8.593555919227833e-07, 8.468826546155404e-07, 8.344538333814136e-07, 8.223103563103597e-07, 8.100778952930227e-07]
ndim2: 500
W_list: [2.9499999999999997]
L_list: [69.07729508596519]
