R_list= [ 1  2  3  4  5  6  7  8  9 10 11 12 13 14 15 16 17 18 19 20 21 22 23 24
 25 26 27 28 29 30 31 32 33 34 35 36 37 38]
C_final_list= [2.0599706000187294e-06, 1.9833969162521873e-06, 1.925274205262891e-06, 1.8648310946523349e-06, 1.8087561652717354e-06, 1.7543667918652319e-06, 1.7017109174995888e-06, 1.6509220646045496e-06, 1.600906457130623e-06, 1.5519322212366756e-06, 1.50452553824992e-06, 1.4596155550880086e-06, 1.4159218556950969e-06, 1.3734806751233193e-06, 1.331822787315921e-06, 1.2913816699566076e-06, 1.2519653495505403e-06, 1.21352950161528e-06, 1.1760332587419488e-06, 1.1395672025341357e-06, 1.1044954787799614e-06, 1.0705827345702105e-06, 1.0378597095129633e-06, 1.0061485292572864e-06, 9.752825185031826e-07, 9.45374263234231e-07, 9.161078703683004e-07, 8.877674931957097e-07, 8.601497169780977e-07, 8.334496253803856e-07, 8.078853668335467e-07, 7.830000692463756e-07, 7.590347720920443e-07, 7.358230318636773e-07, 7.132412394449882e-07, 6.914507692284774e-07, 6.701600720487934e-07, 6.490720673394063e-07]
W_list: [4]
L_list: [32.25366809214949]
