R_list= [ 1  2  3  4  5  6  7  8  9 10 11 12 13 14 15 16 17 18 19 20 21 22 23 24
 25 26 27 28 29 30 31 32 33 34 35 36 37 38]
C_final_list= [2.5282646286980073e-06, 2.2427071373852247e-06, 1.9721905559364374e-06, 1.7284245876576942e-06, 1.5114869925822639e-06, 1.3192861770087392e-06, 1.1499013269803957e-06, 1.0020351599962063e-06, 8.72804760768315e-07, 7.601903774786517e-07, 6.620783252595664e-07, 5.754991445313293e-07, 4.996479390426367e-07, 4.336537822645525e-07, 3.761928739422633e-07, 3.2629254852660353e-07, 2.8305379742212283e-07, 2.4560252540370075e-07, 2.130781743686809e-07, 1.8487948057811049e-07, 1.6037824667605588e-07, 1.3902090262520232e-07, 1.2046167683123716e-07, 1.0435672182153968e-07, 9.04121611401205e-08, 7.839340899234094e-08, 6.793604571947473e-08, 5.881455242316614e-08, 5.094194758435507e-08, 4.41163966824207e-08, 3.8206536142072476e-08, 3.309789973771092e-08, 2.8659632744346632e-08, 2.4798719513093373e-08, 2.1434799086793886e-08, 1.8566637529791795e-08, 1.6088403689723048e-08, 1.3915452755918236e-08]
W_list: [8.1]
L_list: [7.368891229250156]
