C_final_list: [1.792205496740563e-06, 1.7426268213600913e-06, 1.6921818821310464e-06, 1.6435538246208968e-06, 1.5960835021350909e-06, 1.550570200652769e-06, 1.5065515427138994e-06, 1.46345684327571e-06, 1.4214101951982344e-06, 1.380253726966862e-06, 1.3405755206303558e-06, 1.3017649118493045e-06, 1.2646456508991809e-06, 1.2289411150819136e-06, 1.1942707969893574e-06, 1.1604653575976262e-06, 1.1279599818153016e-06, 1.0964034787574712e-06, 1.0658137654189595e-06, 1.0364362640876158e-06, 1.0076476272676029e-06, 9.793275287338954e-07, 9.516424457942243e-07, 9.245810463899159e-07, 8.984564260046827e-07, 8.728797421883995e-07, 8.480753506390946e-07, 8.239122116380814e-07, 8.003902673567999e-07, 7.773928823819162e-07, 7.549274213564889e-07, 7.331366486623661e-07, 7.120775491546587e-07, 6.918708900595787e-07, 6.722935793061416e-07]
ndim2: 500
W_list: [2.4]
L_list: [34.71171864535548]
