C_list:
1.1749718860498285e-06 0.08504100118688651
ndim2: 500
W_list: [3.0]
L_list: [11.759033713660017]
