R_list= [ 1  2  3  4  5  6  7  8  9 10 11 12 13 14 15 16 17 18 19 20 21 22 23 24
 25 26 27 28 29 30 31 32 33 34 35 36 37 38]
C_final_list= [8.526915266736182e-07, 7.334635786863421e-07, 6.280514436423163e-07, 5.386223598905981e-07, 4.611299402635174e-07, 3.9416130428558875e-07, 3.3720808247641984e-07, 2.884094910815274e-07, 2.4627532288576705e-07, 2.0999375116694354e-07, 1.7854619439131144e-07, 1.5193386813287272e-07, 1.289762718273579e-07, 1.0917492561574193e-07, 9.232566849808019e-08, 7.816622086007329e-08, 6.609134699015594e-08, 5.5970596416498523e-08, 4.739975858905901e-08, 4.007205352637693e-08, 3.383388978437572e-08, 2.856277299223913e-08, 2.412596514894214e-08, 2.039072726521532e-08, 1.7232248170410378e-08, 1.454340384848121e-08, 1.2271385139850195e-08, 1.031068805641262e-08, 8.652392264169216e-09, 7.280923112450773e-09, 6.12444428683585e-09, 5.151975598919601e-09, 4.3294484406147104e-09, 3.6375723145441755e-09, 3.061026170299247e-09, 2.574233179391836e-09, 2.1617231197163466e-09, 1.8183590305798868e-09]
W_list: [6.8]
L_list: [6.356775852649164]
