C_final_list: [7.112682889280259e-07, 6.70979499771478e-07, 6.299133945173571e-07, 5.903033029067172e-07, 5.526641147462357e-07, 5.174051495158081e-07, 4.840094978215359e-07, 4.527353148933394e-07, 4.2317307110373805e-07, 3.9563394567928455e-07, 3.698006313520051e-07, 3.4558099858720837e-07, 3.229176527450459e-07, 3.015980082843383e-07, 2.812717160501372e-07, 2.6226827877558834e-07, 2.4449100261389663e-07, 2.2788935498259715e-07, 2.1240969582412678e-07, 1.9792623185485856e-07, 1.8447263558260246e-07, 1.717873273666048e-07, 1.5982990969122114e-07, 1.4866473013525622e-07, 1.3816688820518628e-07, 1.2850079833658895e-07, 1.1946899704876928e-07, 1.1108978834127558e-07, 1.0327736557322222e-07, 9.600837958845183e-08, 8.914053257080944e-08, 8.279787250446077e-08, 7.693609314703427e-08, 7.152900665703251e-08, 6.648749197379104e-08]
ndim2: 500
W_list: [4.2]
L_list: [14.677384098992963]
