R_list= [ 1  2  3  4  5  6  7  8  9 10 11 12 13 14 15 16 17 18 19 20 21 22 23 24
 25 26 27 28 29 30 31 32 33 34 35 36 37 38]
C_final_list= [2.629656037916494e-07, 2.391379567096751e-07, 2.154667405188721e-07, 1.930668301158556e-07, 1.723444858476651e-07, 1.534810999036504e-07, 1.364661749542868e-07, 1.2104151833099825e-07, 1.0717789910292342e-07, 9.492921318719269e-08, 8.397456573209683e-08, 7.428204527585214e-08, 6.560810832805563e-08, 5.7943545666409805e-08, 5.120769468088239e-08, 4.526426879901256e-08, 4.000797933690038e-08, 3.535946611032701e-08, 3.1211870729186895e-08, 2.7554568462949463e-08, 2.429091408559352e-08, 2.139827413345989e-08, 1.8850353709113587e-08, 1.6585739988265358e-08, 1.4577522132185755e-08, 1.281201335733854e-08, 1.1263098851838436e-08, 9.908532025647497e-09, 8.716758850878447e-09, 7.665687680827793e-09, 6.749648266408366e-09, 5.945723375728441e-09, 5.2413497649174e-09, 4.61972515351877e-09, 4.067604190878523e-09, 3.578336949533e-09, 3.1487328519686235e-09, 2.7687075258051777e-09]
W_list: [7.6000000000000005]
L_list: [8.521345299356788]
