C_final_list: [1.9379578340431403e-06, 1.6949009528129656e-06, 1.5023230523711093e-06, 1.315986916928321e-06, 1.1592532351704446e-06, 1.0205575090668605e-06, 8.969270868544437e-07, 7.870901800621625e-07, 6.887319826859518e-07, 6.046059395101989e-07, 5.293311603122653e-07, 4.6253240107052e-07, 4.0397910896537646e-07, 3.5203111233716826e-07, 3.063924566922878e-07, 2.660543735884095e-07, 2.3174015357137829e-07, 2.0120853899230318e-07, 1.7495211564243503e-07, 1.5274997803692832e-07, 1.3332330048075535e-07, 1.1671496036388888e-07, 1.0163981263043873e-07, 8.887714780388946e-08, 7.756415355822129e-08, 6.761956115449557e-08, 5.917867331578438e-08, 5.156233483919767e-08, 4.492427709425631e-08, 3.904401052327751e-08, 3.3752264233261235e-08, 2.925681681085644e-08, 2.5395509765293153e-08, 2.2074045882676544e-08, 1.919518892434508e-08]
ndim2: 500
W_list: [1.6]
L_list: [7.623415217666645]
