R_list= [ 1  2  3  4  5  6  7  8  9 10 11 12 13 14 15 16 17 18 19 20 21 22 23 24
 25 26 27 28 29 30 31 32 33 34 35 36 37 38]
C_final_list= [2.4159335674126303e-06, 2.1335031069427557e-06, 1.8644358825672218e-06, 1.6227841877719827e-06, 1.408627502691922e-06, 1.2222627061027465e-06, 1.0600998469320097e-06, 9.188691234202302e-07, 7.958460103201871e-07, 6.888670139723379e-07, 5.960856663994716e-07, 5.15448213847876e-07, 4.456274470983614e-07, 3.851906634450699e-07, 3.3293056150398145e-07, 2.8742309790657865e-07, 2.480036635517303e-07, 2.1398605225747896e-07, 1.8464291370799095e-07, 1.5937828636963863e-07, 1.374855399129835e-07, 1.1855986747498269e-07, 1.0217599573934893e-07, 8.81003503401187e-08, 7.59181450482761e-08, 6.543760339898471e-08, 5.633616101549453e-08, 4.847443297706182e-08, 4.168606193287446e-08, 3.585815189395478e-08, 3.0853603048359376e-08, 2.6559249608031232e-08, 2.2877666526158792e-08, 1.9702473855015262e-08, 1.6985880021758482e-08, 1.464897915978135e-08, 1.2638684323270988e-08, 1.0913938635088467e-08]
W_list: [8.2]
L_list: [7.079818133114938]
