C_list:
1.752635972850831e-06 0.04391487071490749
ndim2: 500
W_list: [1.5999999999999999]
L_list: [22.771329704963396]
