R_list= [ 1  2  3  4  5  6  7  8  9 10 11 12 13 14 15 16 17 18 19 20 21 22 23 24
 25 26 27 28 29 30 31 32 33 34 35 36 37 38]
C_final_list= [2.4757560898279145e-06, 1.9125852362182117e-06, 1.4608590422119e-06, 1.1103881859070054e-06, 8.441371164934167e-07, 6.414256035446609e-07, 4.855936136201403e-07, 3.661793329066793e-07, 2.7541000115197127e-07, 2.0658597460945511e-07, 1.5520481644947434e-07, 1.1689726957442912e-07, 8.797422185905424e-08, 6.628540395131188e-08, 5.0104397343418365e-08, 3.774633485247987e-08, 2.8394199563990158e-08, 2.140083233543791e-08, 1.6163313052946932e-08, 1.2178380942488321e-08, 9.170313895391245e-09, 6.886621653602729e-09, 5.184422422034635e-09, 3.890637632937299e-09, 2.8929829489533574e-09, 2.1473249804387563e-09, 1.5959119013230401e-09, 1.187679645600034e-09, 8.840311963454498e-10, 6.539609405179974e-10, 4.847687037048142e-10, 3.625703622420148e-10, 2.6989185590565015e-10, 2.009963957517313e-10, 1.4885110797790673e-10, 1.1155402754986256e-10, 8.39115871599516e-11, 6.286496018665257e-11]
W_list: [9.0]
L_list: [3.6761286508764712]
