R_list= [ 1  2  3  4  5  6  7  8  9 10 11 12 13 14 15 16 17 18 19 20 21 22 23 24
 25 26 27 28 29 30 31 32 33 34 35 36 37 38]
C_final_list= [2.3095398486563643e-05, 1.9036087844334002e-05, 1.5552188982621645e-05, 1.2669018453572392e-05, 1.030986094971404e-05, 8.381479337430164e-06, 6.811206662140108e-06, 5.530165670708786e-06, 4.490030426688405e-06, 3.6446578211433923e-06, 2.9544223728510643e-06, 2.3936265249712286e-06, 1.9387209138346384e-06, 1.571646145127725e-06, 1.2750995795356498e-06, 1.0349759807483963e-06, 8.402028851623169e-07, 6.812954952640925e-07, 5.523524470007701e-07, 4.4789260958109166e-07, 3.6313095595394144e-07, 2.944558486252943e-07, 2.388277337356706e-07, 1.9402528075824404e-07, 1.575327749316165e-07, 1.2762816627965007e-07, 1.0339213188784272e-07, 8.389737347746337e-08, 6.80718904833166e-08, 5.5200477444500273e-08, 4.46237396777511e-08, 3.613219502873591e-08, 2.9286273371777424e-08, 2.3798585067958585e-08, 1.9327552126354537e-08, 1.570824896130947e-08, 1.2758713033238534e-08, 1.0318628417145027e-08]
W_list: [8.05]
L_list: [4.881350646357642]
