C_final_list: [1.7173575046295226e-06, 1.6976130075840878e-06, 1.6777112265437823e-06, 1.6585919606840278e-06, 1.6401596410049026e-06, 1.621828852876583e-06, 1.603808983017223e-06, 1.5861094176094856e-06, 1.5685282649949176e-06, 1.5511088432889169e-06, 1.533852886599289e-06, 1.5169701967720251e-06, 1.5003994522130595e-06, 1.4839347363732913e-06, 1.4676433787089708e-06, 1.4514156977169842e-06, 1.4353491605197164e-06, 1.4194462014901887e-06, 1.4039255433750654e-06, 1.3884778669681545e-06, 1.3730319696091364e-06, 1.3578391956566595e-06, 1.3427786489743567e-06, 1.3278370113748745e-06, 1.3130702216731102e-06, 1.2985540367696712e-06, 1.2842946805077252e-06, 1.2701405235442217e-06, 1.2560801701987393e-06, 1.2423039973470429e-06, 1.2286299770624524e-06, 1.2149272003066098e-06, 1.2014071955858237e-06, 1.1880458030927477e-06, 1.1749637538038742e-06]
ndim2: 500
W_list: [2.2]
L_list: [89.84270096700278]
