C_final_list: [1.9770093877993595e-06, 1.7095336230446276e-06, 1.4724426892833353e-06, 1.2676660311068224e-06, 1.0904831145287511e-06, 9.353414585331423e-07, 8.035044610827753e-07, 6.908098845842721e-07, 5.94537875951341e-07, 5.106481431374465e-07, 4.3835751256430414e-07, 3.7623868445021355e-07, 3.231783260163656e-07, 2.781386910891101e-07, 2.4005057462107897e-07, 2.0690826742898405e-07, 1.7872770562112884e-07, 1.5358323002122627e-07, 1.3176813921504615e-07, 1.1339123552537844e-07, 9.776995467191878e-08, 8.417021146218417e-08, 7.234705722287365e-08, 6.216353531713498e-08, 5.33295716093132e-08, 4.602967551288568e-08, 3.980823622003731e-08, 3.4495072566367166e-08, 2.980733807136066e-08, 2.5719719476518162e-08, 2.2276287293119046e-08, 1.907630485469187e-08, 1.632865311898036e-08, 1.3987122844986123e-08, 1.1931441395881535e-08, 1.0190527344080402e-08, 8.680005055820233e-09, 7.415432899110233e-09, 6.300365878172881e-09, 5.3746460654079626e-09, 4.5885173162293785e-09, 3.915733969364698e-09, 3.3308034731378043e-09, 2.851475133288632e-09, 2.4468070174343716e-09, 2.1005766556334167e-09, 1.7945429743952094e-09, 1.5389000418266411e-09, 1.3073822133015928e-09, 1.1074708387369818e-09]
ndim2: 500
W_list: [3.25]
L_list: [6.640943697932909]
