C_final_list: [2.0289508381092204e-06, 1.9889925733844704e-06, 1.9480678870493995e-06, 1.9082927014943476e-06, 1.869869719353407e-06, 1.832718736444045e-06, 1.7962577027172458e-06, 1.7604164213530443e-06, 1.7251262029278246e-06, 1.690491566950528e-06, 1.656588330028302e-06, 1.623166397236405e-06, 1.5904057930260456e-06, 1.5583283290847301e-06, 1.5270715994004094e-06, 1.4960776069356508e-06, 1.465784926293261e-06, 1.4357979091129237e-06, 1.4066790005172719e-06, 1.3776865181362835e-06, 1.3497312235688682e-06, 1.3218664267595522e-06, 1.2944622632252827e-06, 1.2675687273513015e-06, 1.2412643907105017e-06, 1.2155832054368602e-06, 1.1900795257208121e-06, 1.165562330264236e-06, 1.1413364232483014e-06, 1.1176804367053109e-06, 1.0946454734731432e-06, 1.0721990340321385e-06, 1.0500963927342926e-06, 1.0284266979197712e-06, 1.0069217242198697e-06]
ndim2: 500
W_list: [2.0]
L_list: [48.66063585256807]
