C_final_list: [1.499844740926771e-06, 1.1886517380502335e-06, 9.398681893005879e-07, 7.350560445908558e-07, 5.801863014354968e-07, 4.5443598479634324e-07, 3.5579389381381276e-07, 2.7917545995876383e-07, 2.1698740755862331e-07, 1.686474222989184e-07, 1.3100423610961772e-07, 1.0155281075030378e-07, 7.873450783515178e-08, 6.062462207488738e-08, 4.676524953490189e-08, 3.6061650169378144e-08, 2.7720412603752533e-08, 2.1271790488684065e-08, 1.6381788568703535e-08, 1.248136158517283e-08, 9.571421116346658e-09, 7.28377573067182e-09, 5.543283522598642e-09, 4.234599630424459e-09, 3.2565166820363205e-09, 2.5179410851926668e-09, 1.9475642552259823e-09, 1.5272113809952526e-09, 1.1934713420002321e-09, 9.329926713407278e-10, 7.169148029173251e-10, 5.576109765162556e-10, 4.3775113618445367e-10, 3.4585977063416364e-10, 2.731744647957558e-10]
ndim2: 500
W_list: [3.8]
L_list: [4.147201672856115]
