C_final_list: [1.3412662696332843e-06, 1.1571921467454364e-06, 9.903659801933712e-07, 8.489757068009996e-07, 7.258931390239652e-07, 6.22887304988852e-07, 5.337773082097898e-07, 4.5663719328140586e-07, 3.901511118858216e-07, 3.346287006411162e-07, 2.874683229956945e-07, 2.453666059570802e-07, 2.0955517931461367e-07, 1.7894420229853884e-07, 1.5297002592178414e-07, 1.3051585517851e-07, 1.1133760548811341e-07, 9.489072661778066e-08, 8.079474545933115e-08, 6.88537581908509e-08, 5.863194338620742e-08, 5.001925963477559e-08, 4.269127801547434e-08, 3.645278176623047e-08, 3.109779645907375e-08, 2.644318724014095e-08, 2.2484789254004225e-08, 1.9103048550978052e-08, 1.6228074698364453e-08, 1.3704549380086022e-08, 1.159071860692645e-08, 9.837443750795414e-09, 8.338011589041975e-09, 7.075741805655863e-09, 6.002197816972502e-09]
ndim2: 500
W_list: [4.2]
L_list: [6.453723230484592]
