R_list= [ 1  2  3  4  5  6  7  8  9 10 11 12 13 14 15 16 17 18 19 20 21 22 23 24
 25 26 27 28 29 30 31 32 33 34 35 36 37 38]
C_final_list= [3.593739892026875e-07, 3.251053632719835e-07, 2.9261963292100574e-07, 2.620763112388815e-07, 2.34348103215834e-07, 2.0933717654542886e-07, 1.8675930187609512e-07, 1.665185668017994e-07, 1.4823968593132462e-07, 1.3198411427746178e-07, 1.1740673283083217e-07, 1.0447833993497814e-07, 9.289483005050117e-08, 8.252010352007447e-08, 7.317424674620231e-08, 6.492568532618579e-08, 5.755193007226313e-08, 5.09780229673229e-08, 4.517793479062903e-08, 4.0072150060869235e-08, 3.550385641274576e-08, 3.1465450142130635e-08, 2.7899839665490427e-08, 2.4724488755415237e-08, 2.1872264312106482e-08, 1.9296775493063872e-08, 1.701849413710104e-08, 1.4991146160214845e-08, 1.3218040331275862e-08, 1.1654425044695134e-08, 1.0266282138098008e-08, 9.041735866333704e-09, 7.967943593374863e-09, 7.024841606204936e-09, 6.1881217873446425e-09, 5.456930741184877e-09, 4.804319308503342e-09, 4.231415242572119e-09]
W_list: [7]
L_list: [8.740749975975056]
