C_final_list: [2.059562765461029e-06, 1.8180100126072747e-06, 1.5962824536836986e-06, 1.3996385611505643e-06, 1.228059501739399e-06, 1.076703706798916e-06, 9.430359694537786e-07, 8.244467404681281e-07, 7.221631370769042e-07, 6.321968198359648e-07, 5.538558433794264e-07, 4.865498389811198e-07, 4.265477240129279e-07, 3.741533273083892e-07, 3.278978526228683e-07, 2.872378569413447e-07, 2.509854182305083e-07, 2.1916705059080645e-07, 1.9161632842038768e-07, 1.6776917595331557e-07, 1.4674087405436315e-07, 1.2796810154615315e-07, 1.1167284652818866e-07, 9.734442969330295e-08, 8.516505830060222e-08, 7.435233435107267e-08, 6.476924221051266e-08, 5.669376499239769e-08, 4.943197520371577e-08, 4.312948605995887e-08, 3.7556441319216463e-08, 3.274500814065051e-08, 2.8576933229213816e-08, 2.4961661397473178e-08, 2.1855276739107958e-08, 1.9007421962591658e-08, 1.653472938737128e-08, 1.4389879370094178e-08, 1.2515692866202164e-08, 1.0870809320546346e-08, 9.462828857800605e-09, 8.225623418178314e-09, 7.1362659750990724e-09, 6.196461590996117e-09, 5.379935285684573e-09, 4.689298639277981e-09, 4.0896452633323896e-09, 3.5706550585168102e-09, 3.1275037094050954e-09, 2.7161570301712355e-09]
ndim2: 500
W_list: [3.0]
L_list: [7.592742231157601]
