R_list= [ 1  2  3  4  5  6  7  8  9 10 11 12 13 14 15 16 17 18 19 20 21 22 23 24
 25 26 27 28 29 30 31 32 33 34 35 36 37 38]
C_final_list= [7.090672752523636e-06, 6.126083719147725e-06, 5.248728377587937e-06, 4.481569115396251e-06, 3.819173180145156e-06, 3.2516035458721025e-06, 2.768338741056178e-06, 2.355632887701668e-06, 2.0022944440933892e-06, 1.700554434291677e-06, 1.4429131880253254e-06, 1.2225682769830839e-06, 1.0352480871647885e-06, 8.769096182405675e-07, 7.427835619652501e-07, 6.293663228088136e-07, 5.328005619478016e-07, 4.5093014935841986e-07, 3.815344297173979e-07, 3.2265156044575574e-07, 2.729805775765752e-07, 2.3103914862973105e-07, 1.9550527025292706e-07, 1.6554707212559936e-07, 1.401050532448497e-07, 1.18620091067426e-07, 1.004786220178132e-07, 8.522385965238484e-08, 7.22931560779642e-08, 6.129929389528828e-08, 5.2061431801944696e-08, 4.424172516145037e-08, 3.75674652464746e-08, 3.1843833090090206e-08, 2.6986275052155835e-08, 2.2844434457140587e-08, 1.9322724341549838e-08, 1.6344547021346782e-08]
W_list: [8.0]
L_list: [6.255824569223734]
