R_list= [ 1  2  3  4  5  6  7  8  9 10 11 12 13 14 15 16 17 18 19 20 21 22 23 24
 25 26 27 28 29 30 31 32 33 34 35 36 37 38]
C_final_list= [2.7884183398271222e-05, 2.0584360239358968e-05, 1.5076263327893385e-05, 1.0998316932579118e-05, 8.015060536421115e-06, 5.843801169192055e-06, 4.257668590824369e-06, 3.1020078112803355e-06, 2.257128682389182e-06, 1.6435399616543478e-06, 1.1956666548908241e-06, 8.706616178624104e-07, 6.33636437619788e-07, 4.6043460994911454e-07, 3.3447751167877577e-07, 2.4224383922436683e-07, 1.76147052570227e-07, 1.2814299938083184e-07, 9.298684489315436e-08, 6.737730285247597e-08, 4.886802324279508e-08, 3.5424838907821235e-08, 2.565624092104333e-08, 1.866668880140979e-08, 1.3536128311892416e-08, 9.807255191569463e-09, 7.113875758593574e-09, 5.126972638799014e-09, 3.7156259805527674e-09, 2.691737056744565e-09, 1.940351234036123e-09, 1.3938351109851706e-09, 9.922824067223876e-10, 7.124084424394266e-10, 5.129486238229461e-10, 3.6857566789601284e-10, 2.6787665523756203e-10, 1.9646418072188256e-10]
W_list: [8.5]
L_list: [3.2017080342211925]
