C_final_list: [1.7205557417545276e-06, 1.663708030385872e-06, 1.6073094510692444e-06, 1.5536743755876113e-06, 1.501818230387062e-06, 1.4518009159737296e-06, 1.4032895214008933e-06, 1.3567211810157482e-06, 1.3119508933871548e-06, 1.2682495406751502e-06, 1.2261560441235514e-06, 1.18572512896384e-06, 1.14688609372157e-06, 1.109086856252945e-06, 1.0719837461206876e-06, 1.0366570990424339e-06, 1.0025206604526236e-06, 9.69460566003935e-07, 9.370530396786271e-07, 9.055629122309938e-07, 8.751493702605161e-07, 8.455525699916349e-07, 8.16640963417835e-07, 7.890638897034014e-07, 7.623166357377481e-07, 7.362207406169216e-07, 7.111811744669449e-07, 6.870013473118706e-07, 6.636697324012905e-07, 6.408543647182536e-07, 6.190037184441234e-07, 5.979651946001418e-07, 5.775050414870265e-07, 5.575582600798331e-07, 5.383664501364065e-07]
ndim2: 500
W_list: [3.0]
L_list: [29.435169547520292]
