C_list:
9.22371952057323e-07 0.047352990787871516
ndim2: 500
W_list: [2.8]
L_list: [21.1179902971647]
