C_final_list: [1.7900034409411034e-06, 1.7315683646143376e-06, 1.674035452922319e-06, 1.6190231825091616e-06, 1.5652325703838974e-06, 1.513135022330321e-06, 1.462817299722285e-06, 1.4138454285082966e-06, 1.3667333201851156e-06, 1.3211049764040752e-06, 1.2770743290234988e-06, 1.2337425778740725e-06, 1.1923305995428566e-06, 1.1520298459352261e-06, 1.1130090541406577e-06, 1.0759101583756355e-06, 1.0403837951262511e-06, 1.0058902129755044e-06, 9.722633772366547e-07, 9.396711050340412e-07, 9.080737429847842e-07, 8.772950255081782e-07, 8.478068648485072e-07, 8.192476235086711e-07, 7.911719872174076e-07, 7.64022417542754e-07, 7.37749206999697e-07, 7.120679770455542e-07, 6.873641077739398e-07, 6.637519038152711e-07, 6.40996076602555e-07, 6.188403117516742e-07, 5.971763593377617e-07, 5.764146383417856e-07, 5.564204934347069e-07, 5.369711670607447e-07, 5.183441806761439e-07, 5.003225297978215e-07, 4.829449030085265e-07, 4.66294256732717e-07, 4.499597906121416e-07, 4.341215312161959e-07, 4.188066702574305e-07, 4.0424299821766793e-07, 3.900646268366802e-07, 3.7645666306057904e-07, 3.632701820243736e-07, 3.5039514785464834e-07, 3.380231066833672e-07, 3.2600153777304223e-07]
ndim2: 500
W_list: [3.0999999999999996]
L_list: [29.04142762020384]
