C_final_list: [2.1264943765178647e-06, 2.1100737113194474e-06, 2.093706054501071e-06, 2.07801165499657e-06, 2.062615428816645e-06, 2.047726591451108e-06, 2.0330122532662103e-06, 2.018537642881217e-06, 2.00421854553565e-06, 1.9901017309087367e-06, 1.9760115444425715e-06, 1.962378265771914e-06, 1.948815092322603e-06, 1.935441497221313e-06, 1.9221158773986807e-06, 1.9088618232313062e-06, 1.8957747915155395e-06, 1.8826617437455912e-06, 1.8698153670517916e-06, 1.856913440225626e-06, 1.8440432796432616e-06, 1.8313171072950316e-06, 1.8184771478688314e-06, 1.8057650119841428e-06, 1.7931395151416482e-06, 1.7805499338383055e-06, 1.7681572674778142e-06, 1.7558687904940435e-06, 1.743623133173568e-06, 1.731570840473549e-06, 1.7196249102667876e-06, 1.7077645201533981e-06, 1.6960251259627153e-06, 1.6844019382279232e-06, 1.6728146975940606e-06, 1.6611439924252287e-06, 1.649442033349086e-06, 1.6378754665435543e-06, 1.6264834995812156e-06, 1.6151279662940399e-06, 1.6039761637075877e-06, 1.5928326006111316e-06, 1.5817936177039111e-06, 1.5708179338405593e-06, 1.5599194536936211e-06, 1.5491309372563423e-06, 1.5384008376970867e-06, 1.5277366901883307e-06, 1.5170956954159635e-06, 1.506580006476742e-06]
ndim2: 500
W_list: [2.0]
L_list: [143.06329946577856]
