R_list= [ 1  2  3  4  5  6  7  8  9 10 11 12 13 14 15 16 17 18 19 20 21 22 23 24
 25 26 27 28 29 30 31 32 33 34 35 36 37 38]
C_final_list= [1.0897071873175612e-06, 7.447875362023626e-07, 5.126080619243908e-07, 3.56143689019097e-07, 2.431833168019595e-07, 1.6812745205796837e-07, 1.155976424158239e-07, 7.938698561993925e-08, 5.42339869861975e-08, 3.6814008903102886e-08, 2.4839445868075735e-08, 1.6814145375751777e-08, 1.1304984931363662e-08, 7.701517551428606e-09, 5.289525863903092e-09, 3.562385652150053e-09, 2.4215580606104085e-09, 1.6619341523233863e-09, 1.1329168784125023e-09, 7.586335547129077e-10, 5.006012822885637e-10, 3.376391179352279e-10, 2.1958578124011464e-10, 1.443373078029702e-10, 9.745924926046111e-11, 6.487422190920718e-11, 4.289552047814032e-11, 2.7821731088328593e-11, 1.7820130185175034e-11, 1.140971859059245e-11, 7.438121931169279e-12, 4.91062535601505e-12, 3.30352183554974e-12, 2.311057732120863e-12, 1.5701547519536783e-12, 1.062470702621699e-12, 7.668007541320857e-13, 4.811799097003899e-13]
W_list: [6.6000000000000005]
L_list: [2.6683029241237453]
