R_list= [ 1  2  3  4  5  6  7  8  9 10 11 12 13 14 15 16 17 18 19 20 21 22 23 24
 25 26 27 28 29 30 31 32 33 34 35 36 37 38]
C_final_list= [1.2736054520021333e-06, 1.2317551297661345e-06, 1.191122828988405e-06, 1.1513493194422503e-06, 1.113005206065309e-06, 1.0755974432847276e-06, 1.0399277527766086e-06, 1.005069826035541e-06, 9.715864081351591e-07, 9.389557152437035e-07, 9.074804004674921e-07, 8.768989814508638e-07, 8.475318592837848e-07, 8.194293813986818e-07, 7.921218093563596e-07, 7.659026763786583e-07, 7.405623505944347e-07, 7.162097487411172e-07, 6.924487381828697e-07, 6.694863727331406e-07, 6.470061665919342e-07, 6.249838581309993e-07, 6.03670709926009e-07, 5.831168984231526e-07, 5.632555606719233e-07, 5.439100938970173e-07, 5.250689102273729e-07, 5.067809935815486e-07, 4.889769822376401e-07, 4.7171773281597735e-07, 4.55008292466797e-07, 4.3900070389989496e-07, 4.2347431702534165e-07, 4.085103080635958e-07, 3.941507406600682e-07, 3.8025443553495835e-07, 3.667357431552572e-07, 3.536229604689039e-07]
W_list: [5]
L_list: [29.179540404451274]
