C_final_list: [1.88458652633429e-06, 1.837269316186323e-06, 1.7901945475301065e-06, 1.7451748540135725e-06, 1.7017345921347687e-06, 1.6596820615092947e-06, 1.618702698566687e-06, 1.5792440853434075e-06, 1.5405857421438601e-06, 1.5029470194220586e-06, 1.4662407555789351e-06, 1.4301509281640474e-06, 1.395061228828104e-06, 1.360902474267088e-06, 1.3280073179143702e-06, 1.2957017938572562e-06, 1.264819924101642e-06, 1.2338712544797136e-06, 1.203788121402709e-06, 1.1743879152998823e-06, 1.1452755128948962e-06, 1.1168599095217664e-06, 1.0887461503904925e-06, 1.0614322416553842e-06, 1.0344912458201476e-06, 1.0083397975960429e-06, 9.827615515972314e-07, 9.577623953578304e-07, 9.333169137792758e-07, 9.094213001630155e-07, 8.863289988377505e-07, 8.637065666079283e-07, 8.418569643034233e-07, 8.203168655401889e-07, 7.988880959170216e-07, 7.782181439984372e-07, 7.581649508833654e-07, 7.385143306045315e-07, 7.192761515022949e-07, 7.005829148659683e-07, 6.822381779173938e-07, 6.64380211781383e-07, 6.471129559231034e-07, 6.302251393233245e-07, 6.138108011210498e-07, 5.979244128789843e-07, 5.823156784468453e-07, 5.668388968780798e-07, 5.518315879019732e-07, 5.370592192456046e-07]
ndim2: 500
W_list: [2.8]
L_list: [39.513515810313145]
