C_final_list: [1.9258774325128098e-06, 1.6594656048024611e-06, 1.4247026573581097e-06, 1.2220508672949221e-06, 1.0473486629320177e-06, 9.012488700365334e-07, 7.735109814510813e-07, 6.647354445198547e-07, 5.701729785222378e-07, 4.888029479290082e-07, 4.18348796427963e-07, 3.589294342212095e-07, 3.0768380836072995e-07, 2.6446350835555404e-07, 2.2731751253486062e-07, 1.956804551096763e-07, 1.6769869744184575e-07, 1.4382487961389453e-07, 1.2349359202792322e-07, 1.0568985019977246e-07, 9.054992087084836e-08, 7.740880098759034e-08, 6.595639846475521e-08, 5.622821357203042e-08, 4.797130501394652e-08, 4.0676147540167684e-08, 3.461891241845336e-08, 2.941489419602654e-08, 2.5034966622288515e-08, 2.1274013550432072e-08, 1.8124806399648514e-08, 1.550271455628213e-08, 1.3264280178820853e-08, 1.1340160899568474e-08, 9.654215780130587e-09]
ndim2: 500
W_list: [3.2]
L_list: [6.549243152704224]
