R_list= [ 1  2  3  4  5  6  7  8  9 10 11 12 13 14 15 16 17 18 19 20 21 22 23 24
 25 26 27 28 29 30 31 32]
C_final_list= [7.527668274490488e-07, 6.902926352457028e-07, 6.336148331761657e-07, 5.791831047238494e-07, 5.291649378981047e-07, 4.836211188263266e-07, 4.421385907443802e-07, 4.0404245337653686e-07, 3.6929085386399136e-07, 3.374319510965573e-07, 3.0878808859353293e-07, 2.825308754152434e-07, 2.579289294151621e-07, 2.3555135178780353e-07, 2.1515169672336574e-07, 1.9652389472648645e-07, 1.7931750218455655e-07, 1.6358043184416393e-07, 1.4900569386476431e-07, 1.3567868287713202e-07, 1.2357690052926383e-07, 1.126272435478053e-07, 1.026418406478056e-07, 9.344299381606951e-08, 8.510673816593113e-08, 7.750440139824071e-08, 7.052409039436415e-08, 6.42015222962667e-08, 5.843350672590649e-08, 5.3145287002026823e-08, 4.833103210282935e-08, 4.396934069709552e-08]
W_list: [6]
L_list: [11.086834915774931]
