R_list= [ 1  2  3  4  5  6  7  8  9 10 11 12 13 14 15 16 17 18 19 20 21 22 23 24
 25 26 27 28 29 30 31 32 33 34 35 36 37 38]
C_final_list= [3.2511821270848066e-06, 2.6212507944978832e-06, 2.098464846387829e-06, 1.6747648473544014e-06, 1.334356303656921e-06, 1.0628246117363395e-06, 8.438257906440376e-07, 6.699189878113731e-07, 5.305149008125428e-07, 4.198812102948814e-07, 3.315603531060542e-07, 2.6128112734970876e-07, 2.0546610388198896e-07, 1.6152656634232366e-07, 1.26691957416887e-07, 9.96710870326527e-08, 7.851394994287319e-08, 6.176314460341251e-08, 4.849058602675085e-08, 3.79440164986837e-08, 2.9755488827098167e-08, 2.3332319034938765e-08, 1.8255540194353097e-08, 1.4257984802640785e-08, 1.1145824902239745e-08, 8.71117074732559e-09, 6.796578468074061e-09, 5.30219325467926e-09, 4.128495469608375e-09, 3.2162004437192365e-09, 2.528464940202368e-09, 1.992950731540309e-09, 1.5580614026341551e-09, 1.2079067408250704e-09, 9.34247637960657e-10, 7.219687550096792e-10, 5.570758000927848e-10, 4.3110984465675774e-10]
W_list: [8.4]
L_list: [4.417096055729416]
