R_list= [ 1  2  3  4  5  6  7  8  9 10 11 12 13 14 15 16 17 18 19 20 21 22 23 24
 25 26 27 28 29 30 31 32 33 34 35 36 37 38]
C_final_list= [1.9131097938342028e-07, 1.6464731359696624e-07, 1.3966679811038002e-07, 1.1740916627515047e-07, 9.788817402105824e-08, 8.140213122162464e-08, 6.757509173069598e-08, 5.5957307146195324e-08, 4.624669725446001e-08, 3.8139583783955256e-08, 3.147068968094857e-08, 2.597826620028303e-08, 2.1440385880091418e-08, 1.7706380092757174e-08, 1.4604541064970306e-08, 1.2063399130482276e-08, 9.971353453415208e-09, 8.23879498820842e-09, 6.800299519565635e-09, 5.615755819822239e-09, 4.6256288593115e-09, 3.81560755774366e-09, 3.1519306401825743e-09, 2.599043763931399e-09, 2.1431959871811247e-09, 1.7666126283634135e-09, 1.453188981494947e-09, 1.1950427746686057e-09, 9.826714683609824e-10, 8.067438774689642e-10, 6.60600888152038e-10, 5.412740038302102e-10, 4.439329650833481e-10, 3.649392322659443e-10, 2.9916117855374807e-10, 2.4549948448318723e-10, 2.0136283824824658e-10, 1.6464475170965042e-10]
W_list: [9.4]
L_list: [5.579466621761784]
