C_final_list: [1.447553149204016e-06, 1.4153108403364738e-06, 1.3831828344132114e-06, 1.3516431424981213e-06, 1.320527567813553e-06, 1.2901038394899236e-06, 1.2604783800533239e-06, 1.2314056827466058e-06, 1.2029719308480182e-06, 1.1752880291758691e-06, 1.1482418666956166e-06, 1.121567294007915e-06, 1.096051866779449e-06, 1.0709514941393757e-06, 1.0464154754319857e-06, 1.0225511200458542e-06, 9.992959590434085e-07, 9.765778561840162e-07, 9.5458718591626e-07, 9.331079894808013e-07, 9.121170217701411e-07, 8.913569787890376e-07, 8.710032765499373e-07, 8.509755853567465e-07, 8.314231625781085e-07, 8.123372717483784e-07, 7.93807270132518e-07, 7.756596858896929e-07, 7.578667160755227e-07, 7.403922776659749e-07, 7.232423920859509e-07, 7.064937208465796e-07, 6.900287592463761e-07, 6.740844081482941e-07, 6.584355143355141e-07, 6.430610799523793e-07, 6.279125997412844e-07, 6.131660668720251e-07, 5.985673058526069e-07, 5.842517156201114e-07, 5.702512630963844e-07, 5.56530742875468e-07, 5.432005909392166e-07, 5.301805554106994e-07, 5.174011995391e-07, 5.049789207544508e-07, 4.928483097369014e-07, 4.808473662969061e-07, 4.691443824346838e-07, 4.5769056388319463e-07]
ndim2: 500
W_list: [3.3499999999999996]
L_list: [42.93358962097136]
