C_final_list: [2.072670315062902e-06, 2.056186774917173e-06, 2.039879587268524e-06, 2.024397196225768e-06, 2.0091170687482656e-06, 1.994198978396257e-06, 1.9793223696604756e-06, 1.9647750315493982e-06, 1.9506893177277706e-06, 1.9367699271847134e-06, 1.9230859373513272e-06, 1.9094818146523416e-06, 1.8959760089525838e-06, 1.8825579797170578e-06, 1.8691538479012098e-06, 1.8559324706949805e-06, 1.8427300909354205e-06, 1.8296589989547592e-06, 1.816628795289751e-06, 1.8037008269082675e-06, 1.7910125289194528e-06, 1.7784152166877091e-06, 1.7658639904527738e-06, 1.7535457861337402e-06, 1.741315633646536e-06, 1.7291278886612569e-06, 1.7170994984663013e-06, 1.7050709234696477e-06, 1.6931374023428155e-06, 1.681201849605692e-06, 1.6693238043671375e-06, 1.657490039243691e-06, 1.6457326656894037e-06, 1.63420900372547e-06, 1.6225017924492894e-06]
ndim2: 500
W_list: [2.0]
L_list: [139.85423570011497]
