R_list= [ 1  2  3  4  5  6  7  8  9 10 11 12 13 14 15 16 17 18 19 20 21 22 23 24
 25 26 27 28 29 30 31 32 33 34 35 36 37 38]
C_final_list= [4.442239922715002e-07, 3.7908049138836213e-07, 3.1953516106616983e-07, 2.6769083557134304e-07, 2.235405919775638e-07, 1.8634443291690702e-07, 1.5515955585414135e-07, 1.29425538745515e-07, 1.078567785623367e-07, 8.986780049061409e-08, 7.4794437285063e-08, 6.208605559536737e-08, 5.152243848341026e-08, 4.271375608411563e-08, 3.539001191745271e-08, 2.9278539333232832e-08, 2.4216366869411972e-08, 2.0055933801939014e-08, 1.6587386856747964e-08, 1.3727938362967861e-08, 1.1362238126241283e-08, 9.392676743620188e-09, 7.764949472094456e-09, 6.409754284792412e-09, 5.287855936702648e-09, 4.355385720597681e-09, 3.5876644696018224e-09, 2.9494188794873374e-09, 2.4239496390902425e-09, 1.99271614668079e-09, 1.6384342836063788e-09, 1.3435035960095104e-09, 1.1015863374637618e-09, 9.04434033826976e-10, 7.424774260144953e-10, 6.088073457198707e-10, 4.984507964521475e-10, 4.079733001575268e-10]
W_list: [8.8]
L_list: [5.606216051626686]
