R_list= [ 1  2  3  4  5  6  7  8  9 10 11 12 13 14 15 16 17 18 19 20 21 22 23 24
 25 26 27 28 29 30 31 32 33 34 35 36 37 38]
C_final_list= [2.8321000789734377e-07, 2.3967727323913915e-07, 2.002039826300482e-07, 1.6651514235521205e-07, 1.3777800512667123e-07, 1.140258807708638e-07, 9.425306316114981e-08, 7.789428474051855e-08, 6.441465448042606e-08, 5.335588677613155e-08, 4.41666574621921e-08, 3.6458925149577914e-08, 2.999183742909015e-08, 2.4716243916886827e-08, 2.0351610502767223e-08, 1.6754402590418795e-08, 1.3795298639881694e-08, 1.1379383270665613e-08, 9.409014010697321e-09, 7.748537755812717e-09, 6.393564224241868e-09, 5.265913812288192e-09, 4.326470083185e-09, 3.548083691327397e-09, 2.903748963602992e-09, 2.3750134549881095e-09, 1.9385112221728217e-09, 1.5780227592008968e-09, 1.2871819044520938e-09, 1.052877508940227e-09, 8.599423680712486e-10, 7.01389555488879e-10, 5.72635940669672e-10, 4.66815293568481e-10, 3.7954774429679296e-10, 3.0852810517892227e-10, 2.493188803410395e-10, 2.0146323736513437e-10]
W_list: [8.4]
L_list: [5.38188159252795]
