R_list= [ 1  2  3  4  5  6  7  8  9 10 11 12 13 14 15 16 17 18 19 20 21 22 23 24
 25 26 27 28 29 30]
C_final_list= [5.845077459756303e-07, 5.266304551869576e-07, 4.7573862799979745e-07, 4.2857436144360293e-07, 3.85113160511556e-07, 3.4585092067639884e-07, 3.107765424017544e-07, 2.7923829542618094e-07, 2.5082804941705535e-07, 2.255397956874601e-07, 2.0268648465139235e-07, 1.8205119715259126e-07, 1.6333408669873783e-07, 1.4657450042059814e-07, 1.315077380082963e-07, 1.1794304632699626e-07, 1.0578146646062755e-07, 9.488606640184633e-08, 8.515377948168248e-08, 7.634382387175661e-08, 6.837179817736902e-08, 6.119221839336884e-08, 5.4765186619523995e-08, 4.900609527121674e-08, 4.3881774841130255e-08, 3.9221566825891156e-08, 3.509635407895421e-08, 3.143813559768829e-08, 2.815667249796695e-08, 2.518926907640634e-08]
W_list: [6]
L_list: [9.355776108907278]
