R_list= [ 1  2  3  4  5  6  7  8  9 10 11 12 13 14 15 16 17 18 19 20 21 22 23 24
 25 26 27 28 29 30 31 32 33 34 35 36 37 38]
C_final_list= [3.830969322480721e-06, 3.1724366276621675e-06, 2.5990178739554514e-06, 2.126567284890822e-06, 1.7387390951342475e-06, 1.419422007560079e-06, 1.1587781815788593e-06, 9.446792060438055e-07, 7.696299805777088e-07, 6.278561891186405e-07, 5.113909720462382e-07, 4.1633213547850007e-07, 3.385328327304185e-07, 2.755501490844131e-07, 2.2365442047529288e-07, 1.8143118198452463e-07, 1.4723331361852236e-07, 1.195220686930877e-07, 9.696544206337426e-08, 7.852567095599456e-08, 6.366639197583324e-08, 5.148010073062239e-08, 4.166504463998709e-08, 3.3729800691388255e-08, 2.7236069332790545e-08, 2.2032327997749467e-08, 1.7851060329352944e-08, 1.4437964161275593e-08, 1.1673185189159753e-08, 9.403673682461335e-09, 7.577208948708612e-09, 6.090849998484897e-09, 4.9130479844541135e-09, 3.9425533863489515e-09, 3.154803808933222e-09, 2.528446324949484e-09, 2.038335985619936e-09, 1.6478889506994768e-09]
W_list: [8.0]
L_list: [4.977662641394597]
