C_list:
1.934725044936819e-06 0.19794392802186375
ndim2: 500
W_list: [3.0]
L_list: [5.051935717318623]
