R_list= [ 1  2  3  4  5  6  7  8  9 10 11 12 13 14 15 16 17 18 19 20 21 22 23 24
 25 26 27 28 29 30 31 32 33 34 35 36 37 38]
C_final_list= [2.2362808034010362e-06, 2.133212966655195e-06, 2.0358007789004914e-06, 1.943198641666696e-06, 1.8574488001132856e-06, 1.7749585632908576e-06, 1.6970517025508384e-06, 1.6232069064852809e-06, 1.5510500823793071e-06, 1.4834828920032548e-06, 1.4174000196251865e-06, 1.354931209968701e-06, 1.295029996064519e-06, 1.2370482384115649e-06, 1.1818970067704737e-06, 1.1292041335871382e-06, 1.0783406327379202e-06, 1.0298046521986578e-06, 9.83084286038582e-07, 9.387459566815239e-07, 8.967103168839209e-07, 8.562581461961251e-07, 8.178398130081443e-07, 7.810361610975818e-07, 7.459916926428011e-07, 7.121286307206952e-07, 6.797726361481982e-07, 6.48752591716643e-07, 6.190443694757213e-07, 5.904493489651364e-07, 5.636138292173826e-07, 5.378025140208478e-07, 5.134179086411873e-07, 4.901221984350387e-07, 4.679143407679605e-07, 4.465493173565001e-07, 4.259252216940256e-07, 4.062909083111271e-07]
W_list: [4]
L_list: [21.85570219026418]
