R_list= [ 1  2  3  4  5  6  7  8  9 10 11 12 13 14 15 16 17 18 19 20 21 22 23 24
 25 26 27 28 29 30 31 32]
C_final_list= [6.616261867999408e-07, 5.841720849569291e-07, 5.203267839535778e-07, 4.613402389165653e-07, 4.0795277408022334e-07, 3.604681701460913e-07, 3.184753485594506e-07, 2.813254578171893e-07, 2.483476621054748e-07, 2.1932728466955714e-07, 1.9362904007247368e-07, 1.7087275651382502e-07, 1.5094914735871397e-07, 1.3338266924734023e-07, 1.177550733721818e-07, 1.0371372313083677e-07, 9.141975074565273e-08, 8.044866379907541e-08, 7.083670957586574e-08, 6.23633260001502e-08, 5.488412622984428e-08, 4.8260900331152916e-08, 4.24125552107645e-08, 3.727819043531783e-08, 3.275774074763489e-08, 2.879644072757911e-08, 2.530935164421697e-08, 2.220434905361905e-08, 1.949567929753263e-08, 1.712578188541867e-08, 1.5049373514744127e-08, 1.3219403701189398e-08]
W_list: [6]
L_list: [8.097780679078411]
