C_final_list: [1.4093156119932795e-06, 1.2270466200164996e-06, 1.0638818009000785e-06, 9.239407905721728e-07, 8.012899064808866e-07, 6.959358268005308e-07, 6.034534939853146e-07, 5.244868002296208e-07, 4.5649460528142734e-07, 3.978955210726588e-07, 3.4618279432093826e-07, 3.013199533881512e-07, 2.616018144379178e-07, 2.2673906317153348e-07, 1.964129270756282e-07, 1.7009682889355105e-07, 1.473213251488533e-07, 1.2774614487855271e-07, 1.1083356947458602e-07, 9.588280466986847e-08, 8.287342541367002e-08, 7.177064357245258e-08, 6.22374454179573e-08, 5.3819851388263105e-08, 4.6294352887929297e-08, 3.980669661415267e-08, 3.4150543470914236e-08, 2.9269122989096573e-08, 2.510180476954451e-08, 2.1472185770899738e-08, 1.838439669362134e-08, 1.5696234474291125e-08, 1.3394598507812788e-08, 1.145346061327067e-08, 9.852443161088592e-09, 8.441515219497348e-09, 7.258528799887463e-09, 6.232304509105265e-09, 5.344002152569069e-09, 4.574633817677309e-09, 3.916979617242838e-09, 3.3426528780068213e-09, 2.846572651381702e-09, 2.4143505528826217e-09, 2.0543850176792117e-09, 1.748563403758258e-09, 1.4901680461117484e-09, 1.2745014682766031e-09, 1.084544372376194e-09, 9.254401994145168e-10]
ndim2: 500
W_list: [4.2]
L_list: [7.085045882549592]
