R_list= [ 1  2  3  4  5  6  7  8  9 10 11 12 13 14 15 16 17 18 19 20 21 22 23 24
 25 26 27 28 29 30 31 32 33 34 35 36 37 38]
C_final_list= [6.72248832110235e-06, 5.785835813105635e-06, 4.931109366287795e-06, 4.18652419427861e-06, 3.5491274378537774e-06, 3.002927438022938e-06, 2.541745065599252e-06, 2.1507493352707222e-06, 1.8200496978866244e-06, 1.538380985568229e-06, 1.2992304602899175e-06, 1.0957269073349846e-06, 9.235748426891655e-07, 7.785894149352283e-07, 6.56252929358388e-07, 5.532555993120242e-07, 4.6655851498372387e-07, 3.9317852960378847e-07, 3.312368323003948e-07, 2.7895171635741786e-07, 2.3501290204588193e-07, 1.9810295917021714e-07, 1.6690572589873323e-07, 1.4036586477726338e-07, 1.1809871320151557e-07, 9.948305439191429e-08, 8.389054686043314e-08, 7.079212384672971e-08, 5.978222275916216e-08, 5.0492829076197796e-08, 4.258551343865099e-08, 3.593367166687933e-08, 3.036343199121013e-08, 2.5689862691135927e-08, 2.171487236514042e-08, 1.8320688277590632e-08, 1.5458252154016056e-08, 1.3059343148388057e-08]
W_list: [8.1]
L_list: [6.0654016341374595]
