R_list= [ 1  2  3  4  5  6  7  8  9 10 11 12 13 14 15 16 17 18 19 20 21 22 23 24
 25 26 27 28 29 30 31 32 33 34 35 36 37 38]
C_final_list= [7.825070753848671e-07, 5.413908633976085e-07, 3.51680393105162e-07, 2.25985572575471e-07, 1.460879095978788e-07, 9.51019611024481e-08, 6.205725163232068e-08, 4.020965187587871e-08, 2.5794654205830494e-08, 1.639185029399188e-08, 1.0321351642992442e-08, 6.450731081650291e-09, 4.041122841900521e-09, 2.5324183441098025e-09, 1.5761202114099352e-09, 9.728782976334602e-10, 5.988675216177093e-10, 3.677309690001967e-10, 2.2506484089497225e-10, 1.3678598388039305e-10, 8.266663745971051e-11, 4.9596382009620816e-11, 2.9687523208700526e-11, 1.78462117129844e-11, 1.0906444507186284e-11, 6.655053918211675e-12, 4.021641361894277e-12, 2.4296274559307256e-12, 1.4822526749007601e-12, 9.175717845876632e-13, 5.640956793750045e-13, 3.3669217444639387e-13, 1.9286236531583297e-13, 1.0792111991250493e-13, 6.093939458779056e-14, 3.528807185502256e-14, 2.0865434822148922e-14, 1.2511585864742985e-14]
W_list: [5]
L_list: [2.416875886048428]
