R_list= [ 1  2  3  4  5  6  7  8  9 10 11 12 13 14 15 16 17 18 19 20 21 22 23 24
 25 26 27 28 29 30 31 32 33 34 35 36 37 38]
C_final_list= [1.7204409202324814e-06, 1.6198083986768157e-06, 1.5468929367128186e-06, 1.4856920051125412e-06, 1.424035734659232e-06, 1.363915620272762e-06, 1.3069608683789112e-06, 1.25249028093997e-06, 1.1999605875769904e-06, 1.1495167011048177e-06, 1.1014731255941436e-06, 1.0553621148977928e-06, 1.0107120790404134e-06, 9.677163272001155e-07, 9.262253218522551e-07, 8.863688540673285e-07, 8.485342232442467e-07, 8.124861599659223e-07, 7.774402013763308e-07, 7.436772772966409e-07, 7.116553665459864e-07, 6.811866519084721e-07, 6.518268061012396e-07, 6.236272739403182e-07, 5.967311618057671e-07, 5.708338259920819e-07, 5.460814712006073e-07, 5.223296887395403e-07, 4.997666105571385e-07, 4.779308610651924e-07, 4.5680955635825434e-07, 4.3654976859343375e-07, 4.1707879991873266e-07, 3.9843585986503285e-07, 3.8055430146327523e-07, 3.63408130984619e-07, 3.470008523075772e-07, 3.3133997546926945e-07]
W_list: [4]
L_list: [22.867837893904316]
