R_list= [ 1  2  3  4  5  6  7  8  9 10 11 12 13 14 15 16 17 18 19 20 21 22 23 24
 25 26 27 28 29 30 31 32 33 34 35 36 37 38]
C_final_list= [6.796597604477957e-07, 5.682272305194293e-07, 4.705305205691621e-07, 3.8967164852121444e-07, 3.211856671893715e-07, 2.646499494441028e-07, 2.1804838513150114e-07, 1.79447072068306e-07, 1.4770920485465324e-07, 1.2165960231843812e-07, 1.0032116788852349e-07, 8.260536212684119e-08, 6.80301530789654e-08, 5.609309052285567e-08, 4.621473296727193e-08, 3.807713390951096e-08, 3.1368306124639044e-08, 2.5847150956304656e-08, 2.1333400500316668e-08, 1.7612715890783726e-08, 1.4507185382059473e-08, 1.1924930449294661e-08, 9.82052764851423e-09, 8.08130468241631e-09, 6.669888242979115e-09, 5.468549976536971e-09, 4.4902347973426976e-09, 3.684487715074519e-09, 3.0171084223259435e-09, 2.4728343749622617e-09, 2.0282448771803533e-09, 1.6643308803159633e-09, 1.359535951808751e-09, 1.110692645463662e-09, 9.10449253417584e-10, 7.418171402153432e-10, 6.041657576665747e-10, 4.938119952085108e-10]
W_list: [7]
L_list: [5.239194367290687]
