C_final_list: [1.752531703606561e-06, 1.7291445184807704e-06, 1.7061809776570259e-06, 1.6840323665622403e-06, 1.6623292208541307e-06, 1.6413753436388584e-06, 1.620818444673006e-06, 1.6005215821403967e-06, 1.5805537899482847e-06, 1.5611295328033669e-06, 1.5415514580376126e-06, 1.522165739692491e-06, 1.5030835690564394e-06, 1.4841552857996353e-06, 1.4655873933919403e-06, 1.4469071166960538e-06, 1.4286803357132175e-06, 1.4105731236801284e-06, 1.3927525346985032e-06, 1.3750850239373203e-06, 1.357560735171185e-06, 1.3403290219723244e-06, 1.3232171852952552e-06, 1.306215834976598e-06, 1.2894804267454064e-06, 1.272748394170248e-06, 1.2563141532773914e-06, 1.240077227086654e-06, 1.2239875140789046e-06, 1.2081819491959547e-06, 1.1926128111002415e-06, 1.1773826435560337e-06, 1.1623120305513641e-06, 1.1475634955539757e-06, 1.132871938457834e-06, 1.1182129787835768e-06, 1.1038326838174228e-06, 1.0897209517304355e-06, 1.0758598225843652e-06, 1.0620482579765542e-06, 1.0485633830585497e-06, 1.0350488794631909e-06, 1.0216118744505995e-06, 1.008410297842084e-06, 9.953245138208451e-07, 9.825865164743545e-07, 9.698449054063591e-07, 9.573682906551271e-07, 9.450062958050895e-07, 9.329109150595975e-07]
ndim2: 500
W_list: [2.8499999999999996]
L_list: [77.94955506769405]
