R_list= [ 1  2  3  4  5  6  7  8  9 10 11 12 13 14 15 16 17 18 19 20 21 22 23 24
 25 26 27 28 29 30 31 32 33 34 35 36 37 38]
C_final_list= [1.969705167164264e-05, 1.5799728610307825e-05, 1.2566018176112953e-05, 9.97094560430282e-06, 7.900908509395505e-06, 6.253999425652648e-06, 4.941638794755367e-06, 3.901873937211024e-06, 3.0778439538987702e-06, 2.4238754960965836e-06, 1.9082857798039386e-06, 1.5029276094703709e-06, 1.183604737937596e-06, 9.343604677975002e-07, 7.377246241774781e-07, 5.823755577061014e-07, 4.5935768961416457e-07, 3.62478007185908e-07, 2.860693775745216e-07, 2.2562441998975622e-07, 1.7767972622797214e-07, 1.398082807983141e-07, 1.1003392953472012e-07, 8.68202583550245e-08, 6.860282895260148e-08, 5.4158305591345334e-08, 4.267625095989539e-08, 3.3600191830269564e-08, 2.6415680844754786e-08, 2.0798279145693887e-08, 1.637409467579324e-08, 1.29133709242626e-08, 1.0182608227339787e-08, 8.038390540226056e-09, 6.33624706943763e-09, 4.978121412038826e-09, 3.9229881738372725e-09, 3.095069840192762e-09]
W_list: [8.45]
L_list: [4.320629424778476]
