R_list= [ 1  2  3  4  5  6  7  8  9 10 11 12 13 14 15 16 17 18 19 20 21 22 23 24
 25 26 27 28 29 30 31 32 33 34 35 36 37 38]
C_final_list= [4.4540362509976314e-07, 1.9319045050615866e-07, 6.801144040460163e-08, 2.1595633078508502e-08, 6.509958039667875e-09, 1.895494179715644e-09, 5.4343187611186e-10, 1.5558742074675354e-10, 4.4357868034146506e-11, 1.2755531547791388e-11, 3.64032071684802e-12, 1.059410917857749e-12, 3.172537633088384e-13, 9.726624648635985e-14, 3.062690951818483e-14, 9.794803634029186e-15, 3.088876944466848e-15, 9.438550103000316e-16, 2.640114724987176e-16, 7.449826424770822e-17, 2.5539213998497623e-17, 1.1356864624317993e-17, 4.4429284993032706e-18, 1.2936094597223137e-18, 2.715037388871872e-19, 5.182691084524239e-20, 1.065679708441065e-20, 2.557402310680402e-21, 7.636288912784771e-22, 2.8676775079023313e-22, 1.11976333163436e-22, 3.4695143267181815e-23, 9.650362781452732e-24, 3.328070020762409e-24, 1.6930518667306005e-24, 1.2007365311429148e-24, 1.0817986668227333e-24, 1.1702871466855158e-24]
W_list: [6]
L_list: [1.1102414677607837]
