R_list= [ 1  2  3  4  5  6  7  8  9 10 11 12 13 14 15 16 17 18 19 20 21 22 23 24
 25 26 27 28 29 30 31 32 33 34 35 36 37 38]
C_final_list= [9.094394052571167e-07, 5.339157702145633e-07, 3.1061715668358986e-07, 1.8053320781400518e-07, 1.0566170418081977e-07, 6.138279008142272e-08, 3.524554971274913e-08, 2.0079917513004673e-08, 1.1352515014015659e-08, 6.402020767182338e-09, 3.5991500058133955e-09, 1.9892532805753166e-09, 1.1512849660911762e-09, 6.298808943634121e-10, 3.4528651406469746e-10, 1.915903210442085e-10, 1.1085492404732781e-10, 6.26565489843171e-11, 3.598562115677892e-11, 2.0895257802822265e-11, 1.1538212356756395e-11, 6.69417577819527e-12, 3.734539433703204e-12, 1.9251052652665445e-12, 9.918548175428638e-13, 4.888016609676737e-13, 2.5072102118628263e-13, 1.3359024637535777e-13, 7.295429543483622e-14, 4.108360907558938e-14, 2.306849225276331e-14, 1.3136645303144233e-14, 7.150394215344122e-15, 3.8347565620515115e-15, 1.858489748013765e-15, 9.872859599407491e-16, 5.300354346760359e-16, 2.7724081338780437e-16]
W_list: [9.200000000000001]
L_list: [1.8592985121759538]
