R_list= [ 1  2  3  4  5  6  7  8  9 10 11 12 13 14 15 16 17 18 19 20 21 22 23 24
 25 26 27 28 29 30]
C_final_list= [6.514106173694736e-07, 6.000187526220388e-07, 5.539523323186393e-07, 5.100829739808322e-07, 4.6968502186589336e-07, 4.3186706968169473e-07, 3.9719989425299076e-07, 3.6504660879255585e-07, 3.3502295428940327e-07, 3.0759835719745195e-07, 2.826060044341217e-07, 2.594585801376324e-07, 2.3794098539535787e-07, 2.1799705476262667e-07, 1.995653330204411e-07, 1.8245077002655354e-07, 1.6669207217444333e-07, 1.5240487045610977e-07, 1.393033246813321e-07, 1.2733760202722121e-07, 1.163272941721388e-07, 1.0627493855202547e-07, 9.716056906642304e-08, 8.881518217776718e-08, 8.110348742915382e-08, 7.40329197374393e-08, 6.754051924401271e-08, 6.161999989488146e-08, 5.623381997611636e-08, 5.1286162448716345e-08]
W_list: [6]
L_list: [11.680439357815711]
