R_list= [ 1  2  3  4  5  6  7  8  9 10 11 12 13 14 15 16 17 18 19 20 21 22 23 24
 25 26 27 28 29 30 31 32 33 34 35 36 37 38]
C_final_list= [7.73396158392113e-07, 7.293516177786809e-07, 6.842901295673814e-07, 6.406206896176478e-07, 5.992289369366593e-07, 5.600181903799577e-07, 5.234891340282206e-07, 4.892549366513964e-07, 4.572271336854596e-07, 4.270362435381691e-07, 3.984270989631305e-07, 3.7170212478132617e-07, 3.4652240406014786e-07, 3.229168037640296e-07, 3.007967333980547e-07, 2.8005289431587456e-07, 2.6063681107430116e-07, 2.426155470419452e-07, 2.25702197775972e-07, 2.098871372206894e-07, 1.952061556060876e-07, 1.8166158495033447e-07, 1.6917339060164495e-07, 1.5750876014362792e-07, 1.4665543996467864e-07, 1.3648086660050296e-07, 1.2697363747938594e-07, 1.1807523872666282e-07, 1.0977210481792584e-07, 1.0205819151178638e-07, 9.487443848177246e-08, 8.81474322368955e-08, 8.186839459039337e-08, 7.605652801310764e-08, 7.06979410751226e-08, 6.572406640949755e-08, 6.10668385543706e-08, 5.6746099554936526e-08]
W_list: [7.4]
L_list: [14.429560210038787]
