C_final_list: [1.4641841226533185e-06, 1.4347380321498565e-06, 1.4054153454997194e-06, 1.377034823996863e-06, 1.3493246183175032e-06, 1.3226884330546698e-06, 1.2963523824175708e-06, 1.2705201043254477e-06, 1.245510942125721e-06, 1.220691451954481e-06, 1.196611198692382e-06, 1.1734994410600274e-06, 1.1505914672649889e-06, 1.1280896903278004e-06, 1.1059682766453557e-06, 1.0840770591464313e-06, 1.062716685608688e-06, 1.0417617877560297e-06, 1.0210865163628076e-06, 1.0008978587877418e-06, 9.80980632685808e-07, 9.616196733598862e-07, 9.424356968297018e-07, 9.235492607272377e-07, 9.052204621047525e-07, 8.873025616047694e-07, 8.696042101196658e-07, 8.5223731786353e-07, 8.352940735151204e-07, 8.186072769574187e-07, 8.023698616424178e-07, 7.86381342926834e-07, 7.707832839810274e-07, 7.555694815757516e-07, 7.405842041934256e-07, 7.259263838893588e-07, 7.116794828808081e-07, 6.976797420719607e-07, 6.839372433763838e-07, 6.70299671385815e-07, 6.568959404010761e-07, 6.437752455918985e-07, 6.30853431737011e-07, 6.182650179506445e-07, 6.058571802794788e-07, 5.937071350686613e-07, 5.81835017081541e-07, 5.701872774833351e-07, 5.58730123703814e-07, 5.474519588269153e-07]
ndim2: 500
W_list: [3.25]
L_list: [49.950167056665556]
