R_list= [ 1  2  3  4  5  6  7  8  9 10 11 12 13 14 15 16 17 18 19 20 21 22 23 24
 25 26 27 28 29 30 31 32 33 34 35 36 37 38]
C_final_list= [1.077071955882721e-06, 1.0032578657680157e-06, 9.439078026545784e-07, 8.874913220789824e-07, 8.337499760353578e-07, 7.831542729985264e-07, 7.360939557012458e-07, 6.915323568894235e-07, 6.493288526724456e-07, 6.095136883708995e-07, 5.716182250969832e-07, 5.357881207959809e-07, 5.02036560276978e-07, 4.701792228517277e-07, 4.402864990193101e-07, 4.1244711251070853e-07, 3.861332191713891e-07, 3.613596778891266e-07, 3.382569125672584e-07, 3.1650731080333944e-07, 2.960811940006593e-07, 2.7680712422855305e-07, 2.5851743717910145e-07, 2.4124597403175185e-07, 2.2508101419028796e-07, 2.100711779424805e-07, 1.9601059364519278e-07, 1.829353992226365e-07, 1.706703552813975e-07, 1.5923388166528276e-07, 1.4852860610755433e-07, 1.3858446119175296e-07, 1.2928856835946126e-07, 1.2063441411084595e-07, 1.1255598367124219e-07, 1.0502287928072709e-07, 9.799399321021027e-08, 9.145107273277752e-08]
W_list: [5]
L_list: [15.401398520035228]
