C_final_list: [2.098697687608707e-06, 1.8499127961582146e-06, 1.6290725657688525e-06, 1.4305011596988312e-06, 1.261623069987494e-06, 1.1162120495999814e-06, 9.863389811270467e-07, 8.703559278735059e-07, 7.673101020268726e-07, 6.760611238755718e-07, 5.962650357021181e-07, 5.236645607028551e-07, 4.5901049009745046e-07, 4.016845255619209e-07, 3.509037371774324e-07, 3.073578611812715e-07, 2.690415876433204e-07, 2.360634217275167e-07, 2.067903798326818e-07, 1.8106682005090255e-07, 1.583820578301124e-07, 1.3825872270097005e-07, 1.2042400742506362e-07, 1.0494286152967908e-07, 9.153237516879248e-08, 7.977674400753185e-08, 6.971587870842114e-08, 6.080693341691747e-08, 5.306215290982345e-08, 4.6359096069300585e-08, 4.051005767251036e-08, 3.5478894197694865e-08, 3.103063411110479e-08, 2.7118536867360964e-08, 2.357968118824397e-08, 2.0575706897766403e-08, 1.7892788928600875e-08, 1.567563039243362e-08, 1.369471187173244e-08, 1.1978304534344161e-08, 1.0446225944370799e-08, 9.125126278941528e-09, 7.932914942429842e-09, 6.9108018250894e-09, 6.012371053545325e-09, 5.233377515337165e-09, 4.550785968325958e-09, 3.957327284921721e-09, 3.4542657119453473e-09, 2.9922622160600305e-09]
ndim2: 500
W_list: [3.0]
L_list: [7.839709353085228]
