C_final_list: [2.171738335329365e-06, 1.9669851866383116e-06, 1.7761533449679359e-06, 1.605870146326867e-06, 1.451152043292116e-06, 1.311015141300006e-06, 1.1821754984501272e-06, 1.0678717157322445e-06, 9.642829291074032e-07, 8.697471583396493e-07, 7.848039469108121e-07, 7.083514410276198e-07, 6.394482311800612e-07, 5.773062123770396e-07, 5.209025626494822e-07, 4.7006975422940705e-07, 4.237499190754248e-07, 3.824272940211023e-07, 3.4438896087786607e-07, 3.107092359117516e-07, 2.800030601710896e-07, 2.5253676482380283e-07, 2.274819940057651e-07, 2.0516090478729702e-07, 1.8530972876919504e-07, 1.6731927858579252e-07, 1.512453470419683e-07, 1.3672604449794968e-07, 1.2379189014678056e-07, 1.1170574439840165e-07, 1.0109026154353029e-07, 9.131448157232881e-08, 8.26342254309978e-08, 7.448727615312138e-08, 6.725028696488512e-08]
ndim2: 500
W_list: [2.4]
L_list: [9.784255601077936]
