C_final_list: [1.872296521811279e-06, 1.824985843788696e-06, 1.7778608156069525e-06, 1.73251729539035e-06, 1.6885603176225683e-06, 1.646462179894557e-06, 1.6055035638267129e-06, 1.5655329581074233e-06, 1.5260878945856367e-06, 1.488003817786909e-06, 1.4510345910718345e-06, 1.414988374270186e-06, 1.380653089036954e-06, 1.3466451390960414e-06, 1.3131366870039285e-06, 1.2804878637961218e-06, 1.2489234753823944e-06, 1.218053173052654e-06, 1.1881387597859174e-06, 1.1589594360922473e-06, 1.1306526953574158e-06, 1.1033470869033371e-06, 1.0761899902491931e-06, 1.0496765792037912e-06, 1.023557161315744e-06, 9.980835083114709e-07, 9.735015248526474e-07, 9.494463712795369e-07, 9.256231702423935e-07, 9.025183276926249e-07, 8.797322609134504e-07, 8.575327660507648e-07, 8.357166170880684e-07, 8.142369871876946e-07, 7.933879641890527e-07, 7.728941579980509e-07, 7.526992710364811e-07, 7.327599668507779e-07, 7.136821813175682e-07, 6.94925217160143e-07, 6.767765339182122e-07, 6.587303011638107e-07, 6.412197713891665e-07, 6.241111678346635e-07, 6.072678248931794e-07, 5.909342046630779e-07, 5.75086440557091e-07, 5.59684548479684e-07, 5.445119535728855e-07, 5.29756825324448e-07]
ndim2: 500
W_list: [2.8]
L_list: [39.42508772045083]
