R_list= [ 1  2  3  4  5  6  7  8  9 10 11 12 13 14 15 16 17 18 19 20 21 22 23 24
 25 26 27 28 29 30 31 32 33 34 35 36 37 38]
C_final_list= [1.429516973627433e-06, 1.3256861995276925e-06, 1.227929140642194e-06, 1.1378291704394935e-06, 1.0538572044047443e-06, 9.76407710117604e-07, 9.045739959761859e-07, 8.380685846757229e-07, 7.769038794962723e-07, 7.193268479844444e-07, 6.662328412065709e-07, 6.171426762760498e-07, 5.71610018314933e-07, 5.292947568732475e-07, 4.901507991360461e-07, 4.532885080410048e-07, 4.1929308718514427e-07, 3.8748804155757095e-07, 3.5823198027626825e-07, 3.30650431809179e-07, 3.053049041367345e-07, 2.81738267315596e-07, 2.6032959399200826e-07, 2.4014276458481473e-07, 2.2176469774552853e-07, 2.0472429735978613e-07, 1.8895165426851418e-07, 1.7431594858980612e-07, 1.6068795248020227e-07, 1.4817069761744858e-07, 1.3632349068311788e-07, 1.2552489984028152e-07, 1.156907655132565e-07, 1.0657477922197196e-07, 9.83720515368426e-08, 9.076376543361083e-08, 8.367589594567266e-08, 7.716748052921488e-08]
W_list: [5]
L_list: [12.925934040943732]
