R_list= [ 1  2  3  4  5  6  7  8  9 10 11 12 13 14 15 16 17 18 19 20 21 22 23 24
 25 26 27 28 29 30 31 32 33 34 35 36 37 38]
C_final_list= [2.486205068848638e-06, 1.9063600256931548e-06, 1.4881031231736968e-06, 1.2391126399415376e-06, 1.0723524573951912e-06, 9.307843929146164e-07, 8.00803384274904e-07, 6.83980456269177e-07, 5.82175587020192e-07, 4.957317746766509e-07, 4.230684500699049e-07, 3.6198440430179943e-07, 3.0941345526734377e-07, 2.6373546113088115e-07, 2.2408684972660632e-07, 1.9056407260323657e-07, 1.623721391607837e-07, 1.3854453467285368e-07, 1.1807304723598097e-07, 1.0043508404439276e-07, 8.526387899936416e-08, 7.225705424955247e-08, 6.13293599107566e-08, 5.220187239324501e-08, 4.4372168304861977e-08, 3.762501785724179e-08, 3.185521347736639e-08, 2.696505555166934e-08, 2.2779572510697246e-08, 1.9214140799519416e-08, 1.6177577888072807e-08, 1.3633022441522605e-08, 1.150111554184073e-08, 9.742184876753907e-09, 8.249532046906004e-09, 6.973734474386613e-09, 5.866318516223838e-09, 4.913576733520916e-09]
W_list: [4]
L_list: [5.608234928445688]
