C_list:
1.7236862488513242e-06 0.03439922853687238
ndim2: 500
W_list: [1.4]
L_list: [29.07041938246099]
