C_final_list: [1.4652618245090282e-06, 1.1913507234201171e-06, 9.567065067454777e-07, 7.688885222273531e-07, 6.127306719375815e-07, 4.882909819123551e-07, 3.903395662478439e-07, 3.1213443142569743e-07, 2.489240436393897e-07, 1.9907875289140612e-07, 1.5899747708174616e-07, 1.2739703412066265e-07, 1.0117221854718153e-07, 8.010795724859666e-08, 6.368205393685944e-08, 5.097773439584464e-08, 4.053637867526668e-08, 3.211418623787955e-08, 2.538247750371226e-08, 2.0045372607756792e-08, 1.5902220719248928e-08, 1.2691649053892714e-08, 1.0108599304479192e-08, 8.040529161879632e-09, 6.391171666469826e-09, 5.049871972514848e-09, 3.98432678876792e-09, 3.1676416631272324e-09, 2.4707796319573528e-09, 1.9317093000012564e-09, 1.5061329403595873e-09, 1.1702463719985409e-09, 9.251543952922803e-10, 7.280375122175253e-10, 5.659059012633566e-10]
ndim2: 500
W_list: [2.8]
L_list: [4.521014348391145]
