R_list= [ 1  2  3  4  5  6  7  8  9 10 11 12 13 14 15 16 17 18 19 20 21 22 23 24
 25 26 27 28 29 30 31 32 33 34 35 36 37 38]
C_final_list= [3.9541961736245426e-07, 1.5868525283097146e-07, 5.0469836386167676e-08, 1.4281563887078532e-08, 3.808078507877586e-09, 9.837856747403592e-10, 2.5123694641675777e-10, 6.381927495895391e-11, 1.6144589731056504e-11, 4.1728589803032216e-12, 1.1976975627483844e-12, 4.2058174399884703e-13, 1.8489413910551137e-13, 6.998402299293589e-14, 2.1434588618320733e-14, 6.030181611029784e-15, 2.092345880654508e-15, 7.083148907616332e-16, 2.1960134219282073e-16, 5.969553061787441e-17, 1.7073377173364964e-17, 4.6977446237061195e-18, 1.202833464192809e-18, 3.0702958927465234e-19, 8.18646835507491e-20, 2.5602145246961346e-20, 8.619584462604516e-21, 3.0792806845940686e-21, 1.1565541476961517e-21, 4.9429065658870305e-22, 2.7061593503392693e-22, 1.7851265227781963e-22, 1.320181786206554e-22, 1.0653396529906243e-22, 9.271927449458173e-23, 8.714038356771065e-23, 8.614971933397386e-23, 8.535217815725122e-23]
W_list: [6]
L_list: [1.0258139357881637]
