C_final_list: [8.677498272746056e-07, 8.295839662872667e-07, 7.908189503280079e-07, 7.528356213805643e-07, 7.162095224116729e-07, 6.811207095853183e-07, 6.475924665547782e-07, 6.153854608170003e-07, 5.848800072939266e-07, 5.559329608855595e-07, 5.286564976114776e-07, 5.02333263643063e-07, 4.77288643934366e-07, 4.5340816870255846e-07, 4.3043512584868655e-07, 4.084504979878557e-07, 3.8744375262678573e-07, 3.6746404903276266e-07, 3.482964463808106e-07, 3.300301197851307e-07, 3.127054271894024e-07, 2.963491695439881e-07, 2.805543286102804e-07, 2.655177297876676e-07, 2.513129499392427e-07, 2.3773306481422558e-07, 2.2482010334063014e-07, 2.126014211645085e-07, 2.010258481901204e-07, 1.8997031291804818e-07, 1.7947312943286766e-07, 1.6956945654152533e-07, 1.6033418641463422e-07, 1.5167815688552152e-07, 1.4346496725898335e-07]
ndim2: 500
W_list: [3.6]
L_list: [19.261180570165553]
