C_final_list: [1.6742619322559414e-06, 1.648113827790968e-06, 1.6222382584541214e-06, 1.5973377446187504e-06, 1.5730031936279352e-06, 1.549237843162162e-06, 1.5260390373372463e-06, 1.503355493299443e-06, 1.48106089409331e-06, 1.4589385690519504e-06, 1.4374750664891941e-06, 1.4165438800065446e-06, 1.3957209566913009e-06, 1.3750973730188061e-06, 1.3545064239703417e-06, 1.334509325750544e-06, 1.3149472946309378e-06, 1.2954849733817994e-06, 1.276106901245704e-06, 1.2572413489448816e-06, 1.238556058265912e-06, 1.220205397087993e-06, 1.2020290742839486e-06, 1.184337911927505e-06, 1.1666248561641331e-06, 1.149092754119323e-06, 1.1317354628328866e-06, 1.1147534976678544e-06, 1.0982561025402187e-06, 1.0821384358451303e-06, 1.0661848315776392e-06, 1.0503530451478574e-06, 1.0346925063573564e-06, 1.0194166388397533e-06, 1.004163351719385e-06, 9.89146034149981e-07, 9.7433208083544e-07, 9.595440262433309e-07, 9.449864357197748e-07, 9.306968293450355e-07, 9.164616339182268e-07, 9.025473617307732e-07, 8.887973042097846e-07, 8.751396545609465e-07, 8.615598964728401e-07, 8.482572487657812e-07, 8.350162901013328e-07, 8.219324077451623e-07, 8.089126870512384e-07, 7.961465583496547e-07]
ndim2: 500
W_list: [3.0]
L_list: [66.49529916078731]
