R_list= [ 1  2  3  4  5  6  7  8  9 10 11 12 13 14 15 16 17 18 19 20 21 22 23 24
 25 26 27 28 29 30 31 32 33 34 35 36 37 38]
C_final_list= [6.342659515103727e-07, 5.773554768055616e-07, 5.225949527813159e-07, 4.7173083289262603e-07, 4.246848911585889e-07, 3.821935712770584e-07, 3.4427657470775937e-07, 3.1035059132477795e-07, 2.7964836684352485e-07, 2.517942551064267e-07, 2.2650681289181477e-07, 2.0394827133312763e-07, 1.8336661958044709e-07, 1.6486276729946285e-07, 1.4806886118573855e-07, 1.330187936256135e-07, 1.1942758196653047e-07, 1.0714111884585762e-07, 9.60559006232233e-08, 8.607414935783581e-08, 7.706159367067449e-08, 6.896541287422237e-08, 6.169103197712997e-08, 5.514294223617547e-08, 4.926927595582424e-08, 4.404653026981402e-08, 3.9401977658565443e-08, 3.518938438883473e-08, 3.139827038039288e-08, 2.8026991470195772e-08, 2.5001704107144046e-08, 2.2291310001018786e-08, 1.9861931847404544e-08, 1.7697410684224547e-08, 1.5756294051675055e-08, 1.4030776907954311e-08, 1.249763388190085e-08, 1.113266622586749e-08]
W_list: [7.0]
L_list: [9.522227181707466]
