R_list= [ 1  2  3  4  5  6  7  8  9 10 11 12 13 14 15 16 17 18 19 20 21 22 23 24
 25 26 27 28 29 30 31 32 33 34 35 36 37 38]
C_final_list= [6.784460119427444e-07, 5.55173891664515e-07, 4.507850873966926e-07, 3.644255860174094e-07, 2.947386056795507e-07, 2.3850689141519324e-07, 1.9235210091010942e-07, 1.548041232056047e-07, 1.247227317568006e-07, 1.0013554994267098e-07, 8.03358363496907e-08, 6.447280320807649e-08, 5.1552455661879466e-08, 4.133933642328254e-08, 3.324352344996657e-08, 2.6735250447465676e-08, 2.153883402347534e-08, 1.730287092962498e-08, 1.3846047650582545e-08, 1.103976618803446e-08, 8.814558818404034e-09, 7.054314048274912e-09, 5.6336564120835965e-09, 4.514771109246083e-09, 3.607068995479184e-09, 2.8807001127067724e-09, 2.301569164921419e-09, 1.8346474174428979e-09, 1.4652683930457174e-09, 1.1793354196803874e-09, 9.446347725091798e-10, 7.586055830453665e-10, 6.085444920859942e-10, 4.876983257412223e-10, 3.9161613428856174e-10, 3.1389489855205885e-10, 2.514783449372026e-10, 2.0076860425231815e-10]
W_list: [7.8]
L_list: [4.717700450243236]
