R_list= [ 1  2  3  4  5  6  7  8  9 10 11 12 13 14 15 16 17 18 19 20 21 22 23 24
 25 26 27 28 29 30 31 32]
C_final_list= [7.889408700710494e-07, 7.316151904598338e-07, 6.773322376263288e-07, 6.261876950564756e-07, 5.784523821057181e-07, 5.343902183611184e-07, 4.930357774639006e-07, 4.542938500779491e-07, 4.184991518956078e-07, 3.854622099558518e-07, 3.551480966069858e-07, 3.275193171111045e-07, 3.0203460033985495e-07, 2.7859122059004727e-07, 2.570041988645594e-07, 2.3698981648816343e-07, 2.1839167920934122e-07, 2.011958384092956e-07, 1.8536040233443e-07, 1.705807302216e-07, 1.571720549349928e-07, 1.4491493582106493e-07, 1.3346879502069213e-07, 1.2287681160018748e-07, 1.1311558495381327e-07, 1.0405394728652311e-07, 9.572756555096803e-08, 8.802399576351115e-08, 8.090826247705851e-08, 7.434400327706682e-08, 6.834371402474299e-08, 6.284952545411107e-08]
W_list: [6]
L_list: [12.375706464508484]
