C_final_list: [1.573851829727766e-06, 1.5444096729468733e-06, 1.515187536311215e-06, 1.4869737887506869e-06, 1.4590336704146915e-06, 1.4320761936823674e-06, 1.4056864866035311e-06, 1.3799137844794367e-06, 1.3543432488482536e-06, 1.3290572828218438e-06, 1.3041075336814618e-06, 1.279651757947834e-06, 1.2553472253089042e-06, 1.2316204881720082e-06, 1.2083440624621387e-06, 1.1851794264683374e-06, 1.1623941081415903e-06, 1.140059466696107e-06, 1.1183108862704168e-06, 1.096750079800127e-06, 1.075440153522304e-06, 1.054550815820725e-06, 1.0339610567837627e-06, 1.0138197132513238e-06, 9.940765055408934e-07, 9.745854146870494e-07, 9.555621968879375e-07, 9.371029991038586e-07, 9.189424016049745e-07, 9.012312309718617e-07, 8.837753156144231e-07, 8.665962813080073e-07, 8.496535186072294e-07, 8.330780373021355e-07, 8.167660949161363e-07, 8.008732117107733e-07, 7.851427962497848e-07, 7.695460509831245e-07, 7.543169945368064e-07, 7.392820717818885e-07, 7.246764613828767e-07, 7.102465942298767e-07, 6.960586707862762e-07, 6.821192794140413e-07, 6.685203452611992e-07, 6.552147174348989e-07, 6.421487309436479e-07, 6.292123585464487e-07, 6.165918582182961e-07, 6.042030604469647e-07]
ndim2: 500
W_list: [3.1999999999999997]
L_list: [51.45022750274255]
