C_final_list: [1.6730713749909259e-06, 1.6449694435269732e-06, 1.6170097290020233e-06, 1.5897622951797966e-06, 1.5636030264935796e-06, 1.538131347352199e-06, 1.5134783362943115e-06, 1.4893152373479353e-06, 1.4653905772191484e-06, 1.441695139695708e-06, 1.4188172039996002e-06, 1.3961709393770175e-06, 1.3737004642236847e-06, 1.3517560940795484e-06, 1.3299255596438668e-06, 1.3080661548260442e-06, 1.286796590305614e-06, 1.2656145453490281e-06, 1.2446285139070494e-06, 1.2240937463623912e-06, 1.2039098657328158e-06, 1.1841178555889245e-06, 1.164819482476777e-06, 1.1456567553099334e-06, 1.1266157410688904e-06, 1.107969632887024e-06, 1.0897045050375941e-06, 1.071816716782789e-06, 1.0540189376656726e-06, 1.0365564822325782e-06, 1.019497952754308e-06, 1.002587705240798e-06, 9.859615578230877e-07, 9.693603911357902e-07, 9.532476238115874e-07, 9.374550711200305e-07, 9.220644161904613e-07, 9.068745487924333e-07, 8.918312464378475e-07, 8.770920844456988e-07, 8.624679995086759e-07, 8.480279465152505e-07, 8.338691530911542e-07, 8.200719766555527e-07, 8.064442419494264e-07, 7.929215485628244e-07, 7.795808196751647e-07, 7.664224641601247e-07, 7.534005497500557e-07, 7.40757029925767e-07]
ndim2: 500
W_list: [3.05]
L_list: [60.41429765049322]
