R_list= [ 1  2  3  4  5  6  7  8  9 10 11 12 13 14 15 16 17 18 19 20 21 22 23 24
 25 26 27 28 29 30 31 32 33 34 35 36 37 38]
C_final_list= [8.53089385962874e-07, 7.783585536357441e-07, 7.092508625863905e-07, 6.452674515618786e-07, 5.867871490714696e-07, 5.338308903628072e-07, 4.853738806670148e-07, 4.4148867423629967e-07, 4.0175922883313263e-07, 3.652041900175365e-07, 3.3171815353976733e-07, 3.013598880662493e-07, 2.7393107489659025e-07, 2.48526674758307e-07, 2.2522219826826725e-07, 2.0384854733792733e-07, 1.8447029555935342e-07, 1.6667842340026778e-07, 1.507038816728075e-07, 1.362395905786726e-07, 1.229488774971334e-07, 1.1084683892473272e-07, 1.0002103975994692e-07, 9.022910076578797e-08, 8.135216937132059e-08, 7.334043808781216e-08, 6.613370300821676e-08, 5.9581784213138154e-08, 5.367408936517213e-08, 4.839493604151999e-08, 4.3651676328241204e-08, 3.934689685869807e-08, 3.544505538016752e-08, 3.1897099302485073e-08, 2.871047084841717e-08, 2.5866660185950854e-08, 2.330780241461228e-08, 2.1005120940631488e-08]
W_list: [6]
L_list: [10.367902177448075]
