R_list= [ 1  2  3  4  5  6  7  8  9 10 11 12 13 14 15 16 17 18 19 20 21 22 23 24
 25 26 27 28 29 30 31 32 33 34 35 36 37 38]
C_final_list= [2.2360010669691566e-07, 1.946562442703054e-07, 1.6711981821476296e-07, 1.4228828538650398e-07, 1.204959629266525e-07, 1.0189069718462321e-07, 8.589979752382405e-08, 7.232356285388023e-08, 6.089072005086887e-08, 5.109730583886571e-08, 4.2886682028441107e-08, 3.5954254485712965e-08, 3.011083536926899e-08, 2.5176818220621218e-08, 2.1041377278641435e-08, 1.7618774517530425e-08, 1.4765443746191207e-08, 1.2368502833758682e-08, 1.0337562533813506e-08, 8.639057630424786e-09, 7.199364473424303e-09, 6.0010446766939865e-09, 5.001244413633541e-09, 4.167443002463181e-09, 3.4752500651502372e-09, 2.9019807744417314e-09, 2.4241724764604365e-09, 2.0275773059947017e-09, 1.6950376917140692e-09, 1.4142356192342723e-09, 1.1801199073428712e-09, 9.859899315965207e-10, 8.246462356229583e-10, 6.900653960247392e-10, 5.773164564710451e-10, 4.841811011779603e-10, 4.0588508568494407e-10, 3.3979413975614825e-10]
W_list: [9.2]
L_list: [6.040858079731699]
