R_list= [ 1  2  3  4  5  6  7  8  9 10 11 12 13 14 15 16 17 18 19 20 21 22 23 24
 25 26 27 28 29 30 31 32]
C_final_list= [4.792353752824707e-07, 3.8833635202081017e-07, 3.1613734933978556e-07, 2.5779949751757283e-07, 2.0996224864328765e-07, 1.7085262046527514e-07, 1.3893558864085645e-07, 1.128176136274152e-07, 9.146286186346519e-08, 7.410210172596234e-08, 5.984386555032424e-08, 4.828572612222329e-08, 3.893655255591298e-08, 3.14263498121264e-08, 2.5425327815529558e-08, 2.0545581690054984e-08, 1.6564335343877572e-08, 1.3345045879627975e-08, 1.0721577970322071e-08, 8.597882789664275e-09, 6.89731240281587e-09, 5.552396738664788e-09, 4.476528034131562e-09, 3.5979296641733284e-09, 2.8917968597065006e-09, 2.3268994188987796e-09, 1.876953358335705e-09, 1.5065473266832579e-09, 1.2066512810324474e-09, 9.660903138639288e-10, 7.734018774683394e-10, 6.202061715890714e-10]
W_list: [6]
L_list: [4.82053259594599]
