C_final_list: [1.7475922618821441e-06, 1.4617243422658041e-06, 1.2146384817067951e-06, 1.0100309883968564e-06, 8.36437775744542e-07, 6.894866163575944e-07, 5.679535078740544e-07, 4.715233327197977e-07, 3.904676632803378e-07, 3.2315571265657547e-07, 2.6727566252605996e-07, 2.1950497732281196e-07, 1.8034112000641823e-07, 1.484955999670459e-07, 1.2215518015153567e-07, 9.996014496185122e-08, 8.204469015642785e-08, 6.750230081347096e-08, 5.5503062628930246e-08, 4.576549618019142e-08, 3.747392924626956e-08, 3.077393811464792e-08, 2.521299380154926e-08, 2.068588988359687e-08, 1.6981899499151957e-08, 1.3977062778734173e-08, 1.1490549741928346e-08, 9.380041737856035e-09, 7.607586694587747e-09, 6.155026394321713e-09, 5.01382811812932e-09, 4.07798609357797e-09, 3.3382693358218125e-09, 2.724952736477174e-09, 2.2390971454712976e-09]
ndim2: 500
W_list: [3.2]
L_list: [5.314082023015606]
