R_list= [ 1  2  3  4  5  6  7  8  9 10 11 12 13 14 15 16 17 18 19 20 21 22 23 24
 25 26 27 28 29 30 31 32 33 34 35 36 37 38]
C_final_list= [1.4258410075273887e-06, 1.2072795149588854e-06, 1.0493044712339745e-06, 9.139365869378786e-07, 7.959294196188478e-07, 6.942612482955916e-07, 6.065042515616663e-07, 5.292932982317478e-07, 4.625231704244863e-07, 4.031481257381362e-07, 3.509850308655833e-07, 3.057261947985983e-07, 2.6631137859228104e-07, 2.3132615962639694e-07, 2.0070720502333142e-07, 1.745793001873716e-07, 1.5158160166543488e-07, 1.3130598700265103e-07, 1.1368965101825589e-07, 9.857401484835124e-08, 8.532121156312076e-08, 7.377595739994248e-08, 6.373695896687068e-08, 5.502940431609582e-08, 4.746235087912656e-08, 4.0910037239868205e-08, 3.5191600534298914e-08, 3.016094302378535e-08, 2.5825728130838355e-08, 2.210188167824856e-08, 1.8908004580073293e-08, 1.6203412314121763e-08, 1.388718328193155e-08, 1.1905106510455656e-08, 1.021281609130289e-08, 8.7851799952616e-09, 7.57786450651406e-09, 6.532589273748799e-09]
W_list: [5]
L_list: [7.151551904354271]
