R_list= [ 1  2  3  4  5  6  7  8  9 10 11 12 13 14 15 16 17 18 19 20 21 22 23 24
 25 26 27 28 29 30 31 32 33 34 35 36 37 38]
C_final_list= [7.870653970241952e-07, 5.258563492345781e-07, 3.5476834017911105e-07, 2.4526339092113904e-07, 1.7047897336869355e-07, 1.1809496732966734e-07, 8.157426094305589e-08, 5.6073839563808755e-08, 3.856136510708573e-08, 2.6551412392552932e-08, 1.8351147340155677e-08, 1.2656828912423802e-08, 8.687690003167407e-09, 5.950483600703024e-09, 4.073766918469801e-09, 2.7896760337068194e-09, 1.913952170853864e-09, 1.3205777841541596e-09, 9.205116245078532e-10, 6.511707586948394e-10, 4.6463173937188973e-10, 3.2945247712619936e-10, 2.2872031748806834e-10, 1.5844680561513996e-10, 1.1006049384433847e-10, 7.532903072625718e-11, 5.1152940478942754e-11, 3.568948034851376e-11, 2.550648536464028e-11, 1.842675247763095e-11, 1.3421392987618646e-11, 9.594167385871134e-12, 6.521500317847336e-12, 4.345046524871054e-12, 2.9760488019095086e-12, 2.109152791796447e-12, 1.5194788292119235e-12, 1.0905982421621731e-12]
W_list: [6]
L_list: [2.5982804609348302]
