R_list= [ 1  2  3  4  5  6  7  8  9 10 11 12 13 14 15 16 17 18 19 20 21 22 23 24
 25 26 27 28 29 30 31 32 33 34 35 36 37 38]
C_final_list= [8.575213083433241e-07, 7.832760386547027e-07, 7.133404667631034e-07, 6.493423319687864e-07, 5.911487169419262e-07, 5.377903046086364e-07, 4.889830311413195e-07, 4.443773291944943e-07, 4.0396721751478983e-07, 3.6698949697087234e-07, 3.3302307719784164e-07, 3.019443821015423e-07, 2.733667094406323e-07, 2.4758949333099233e-07, 2.2382615471886817e-07, 2.021926628457446e-07, 1.8279113152193888e-07, 1.651820605661253e-07, 1.490050136772759e-07, 1.3443950088798272e-07, 1.213347671577824e-07, 1.0940778661968912e-07, 9.855332057661645e-08, 8.884778659605204e-08, 8.007492621141096e-08, 7.20741815461287e-08, 6.486441528175851e-08, 5.837660403679714e-08, 5.2523495048260525e-08, 4.729915924591017e-08, 4.265411429998479e-08, 3.8431832027180125e-08, 3.463226838831337e-08, 3.1172833265570194e-08, 2.8042104689161045e-08, 2.5204286320007165e-08, 2.2654704271079172e-08, 2.0373056527816783e-08]
W_list: [6]
L_list: [10.29004479444938]
