R_list= [ 1  2  3  4  5  6  7  8  9 10 11 12 13 14 15 16 17 18 19 20 21 22 23 24
 25 26 27 28 29 30 31 32 33 34 35 36 37 38]
C_final_list= [7.731689201028497e-07, 6.498375253417281e-07, 5.420670878725361e-07, 4.4877580254095774e-07, 3.719400371470858e-07, 3.081251754843045e-07, 2.550589869466395e-07, 2.1069328310634106e-07, 1.7448460549924706e-07, 1.4404095910297265e-07, 1.1848765779042212e-07, 9.753446041358121e-08, 8.026701186017502e-08, 6.581563654729742e-08, 5.396703277058923e-08, 4.4321566071466657e-08, 3.631814025455279e-08, 2.9804422990806535e-08, 2.443677876361617e-08, 2.002380648650814e-08, 1.635762187689799e-08, 1.336901398209088e-08, 1.0912631191300149e-08, 8.884299316319345e-09, 7.2212755447795225e-09, 5.869020246978814e-09, 4.769295923381693e-09, 3.862915822882763e-09, 3.1359246466949274e-09, 2.5410666210504913e-09, 2.0632928373048157e-09, 1.6820251601913879e-09, 1.3750580577038017e-09, 1.12069342662014e-09, 9.127010133845133e-10, 7.423888413326212e-10, 6.039800327020037e-10, 4.925627731058623e-10]
W_list: [7.4]
L_list: [5.335766701081571]
