R_list= [ 1  2  3  4  5  6  7  8  9 10 11 12 13 14 15 16 17 18 19 20 21 22 23 24
 25 26 27 28 29 30 31 32 33 34 35 36 37 38]
C_final_list= [5.398108250195663e-07, 4.3582648960064496e-07, 3.4783911908801954e-07, 2.765111703311447e-07, 2.193940630550141e-07, 1.7373840976936e-07, 1.375857568834133e-07, 1.0853768630200914e-07, 8.56115485069984e-08, 6.7298304448981e-08, 5.292585474202247e-08, 4.165494847894098e-08, 3.276275664317322e-08, 2.5654834804929924e-08, 2.009748054250922e-08, 1.572819342603672e-08, 1.2328054382031315e-08, 9.632880238669462e-09, 7.541783270170945e-09, 5.903081267724468e-09, 4.627438657101542e-09, 3.629203677090428e-09, 2.8235751953344962e-09, 2.1989567797904327e-09, 1.7143771188424278e-09, 1.3443832826496667e-09, 1.0555402363152535e-09, 8.296381511003768e-10, 6.513446967020127e-10, 5.12765207430272e-10, 4.0034091876518075e-10, 3.1175014651711377e-10, 2.457613499761862e-10, 1.9264600440082383e-10, 1.5112436637084814e-10, 1.173901284447021e-10, 9.14437877674576e-11, 7.077792467609383e-11]
W_list: [7.6000000000000005]
L_list: [4.355243451441479]
