R_list= [ 1  2  3  4  5  6  7  8  9 10 11 12 13 14 15 16 17 18 19 20 21 22 23 24
 25 26 27 28 29 30 31 32 33 34 35 36 37 38]
C_final_list= [8.045797079043617e-07, 6.473111094150305e-07, 4.920705585033305e-07, 3.661758245093757e-07, 2.708762321389563e-07, 2.0066254493657499e-07, 1.4897649461844844e-07, 1.106670938293186e-07, 8.217359013070126e-08, 6.103120201508165e-08, 4.533576150881751e-08, 3.363789108704114e-08, 2.4876290114676843e-08, 1.8319053766976512e-08, 1.3448785801085737e-08, 9.862875191179433e-09, 7.234665653515123e-09, 5.310309176382853e-09, 3.899440502629808e-09, 2.8609568308753967e-09, 2.09458067013157e-09, 1.5341608853665216e-09, 1.1244815291245966e-09, 8.252683542543193e-10, 6.054969584508057e-10, 4.4255612619876635e-10, 3.2253390692320655e-10, 2.3509779332627333e-10, 1.716008974537868e-10, 1.252349357563631e-10, 9.117755226050661e-11, 6.620090782692079e-11, 4.798684589908519e-11, 3.466040730025995e-11, 2.4934229970391985e-11, 1.795091611830521e-11, 1.2929511981961635e-11, 9.333797157702216e-12]
W_list: [4]
L_list: [3.592362044703505]
