C_final_list: [1.9883903683063084e-06, 1.8736088275339978e-06, 1.7634793540460578e-06, 1.659598023899172e-06, 1.5624990000038136e-06, 1.4697262666512464e-06, 1.3826435012195288e-06, 1.2996821082072087e-06, 1.2218332660836598e-06, 1.1487984786139294e-06, 1.0810604198341439e-06, 1.017368530348717e-06, 9.574057217511626e-07, 9.012112799292318e-07, 8.477925422127041e-07, 7.975089484013973e-07, 7.510805804858024e-07, 7.080973225077125e-07, 6.667034097616044e-07, 6.27340190390456e-07, 5.906925949942704e-07, 5.558118132789668e-07, 5.233886803855321e-07, 4.920103831700647e-07, 4.6204833210247846e-07, 4.342320163923961e-07, 4.0773722257599956e-07, 3.824988388300124e-07, 3.586373012558424e-07, 3.3638783475899847e-07, 3.158402479306205e-07, 2.9639259774893003e-07, 2.782796995829513e-07, 2.6113191309580124e-07, 2.4526546792474715e-07, 2.302904850485398e-07, 2.1628065586205743e-07, 2.0309038639855857e-07, 1.9064597092194898e-07, 1.7899156670668642e-07, 1.6805434384699476e-07, 1.5778164113240517e-07, 1.48169282042415e-07, 1.389920871630694e-07, 1.3041539621524844e-07, 1.221813871870442e-07, 1.146285210009693e-07, 1.0754444468066152e-07, 1.0076745605249496e-07, 9.445827369368856e-08]
ndim2: 500
W_list: [2.9499999999999997]
L_list: [16.331587812990115]
