C_final_list: [1.623252375064422e-06, 1.3802623509659358e-06, 1.1775339096950992e-06, 9.9543997863737e-07, 8.434407808292607e-07, 7.120140432434356e-07, 6.053822783221855e-07, 5.113121253049972e-07, 4.309807301781944e-07, 3.629513656661428e-07, 3.045794086353765e-07, 2.549051333140734e-07, 2.1439878131319794e-07, 1.8065797315415919e-07, 1.52217865087434e-07, 1.279275442510902e-07, 1.0753484831720965e-07, 9.08194666265903e-08, 7.61308486621824e-08, 6.387941146218115e-08, 5.333266934735534e-08, 4.4520151100181356e-08, 3.719885206076512e-08, 3.104307755142973e-08, 2.6069173777331958e-08, 2.1785998720660353e-08, 1.8271406442582238e-08, 1.5420043300840674e-08, 1.3016238052162202e-08, 1.0969822983684124e-08, 9.206976483099587e-09, 7.716115143598377e-09, 6.443981863554378e-09, 5.393944147994219e-09, 4.536957420440077e-09]
ndim2: 500
W_list: [2.2]
L_list: [5.975026788079537]
