R_list= [ 1  2  3  4  5  6  7  8  9 10 11 12 13 14 15 16 17 18 19 20 21 22 23 24
 25 26 27 28 29 30 31 32 33 34 35 36 37 38]
C_final_list= [8.712641334042699e-07, 5.146839801941163e-07, 3.006642638639631e-07, 1.7431464558715802e-07, 1.0039930328222607e-07, 5.764833456463915e-08, 3.327225253767644e-08, 1.9067773913885343e-08, 1.0976175498021688e-08, 6.351970142993436e-09, 3.69161289193903e-09, 2.1269382478777043e-09, 1.2205431438605207e-09, 6.902890938642479e-10, 3.859539951926796e-10, 2.0911235360837423e-10, 1.1628924682038658e-10, 6.48560495355495e-11, 3.599880705588865e-11, 2.0801607079292308e-11, 1.2190346079438537e-11, 7.676594464073252e-12, 4.477031310965687e-12, 2.5912580806513623e-12, 1.6786413208722336e-12, 1.0059175746536319e-12, 5.468876226347439e-13, 3.3526973082647165e-13, 1.6925778868356943e-13, 8.809341977294602e-14, 4.773350759639858e-14, 2.3538014601770148e-14, 1.233328385155698e-14, 6.588134705971075e-15, 3.3804065882547465e-15, 1.787307550299135e-15, 1.1363672648871482e-15, 6.660753135822483e-16]
W_list: [8.8]
L_list: [1.8670365539569116]
