R_list= [ 1  2  3  4  5  6  7  8  9 10 11 12 13 14 15 16 17 18 19 20 21 22 23 24
 25 26 27 28 29 30 31 32 33 34 35 36 37 38]
C_final_list= [5.23573556355762e-07, 3.7370168630790907e-07, 2.650908530973805e-07, 1.910837171097658e-07, 1.3844148731027937e-07, 9.979742760954537e-08, 7.126271107304843e-08, 5.05954194543821e-08, 3.586484145040561e-08, 2.5382057992720315e-08, 1.7940071545112917e-08, 1.2656839351911751e-08, 8.92592186401894e-09, 6.2882848396442956e-09, 4.420227133234293e-09, 3.0910799892492287e-09, 2.1574279851619116e-09, 1.5071151037105423e-09, 1.0556978098484042e-09, 7.422632106200395e-10, 5.246745861680534e-10, 3.683389211604724e-10, 2.5503181667612654e-10, 1.7490170394499703e-10, 1.2025698167203197e-10, 8.340530419824016e-11, 5.808804119603775e-11, 4.031639819984335e-11, 2.764265503307241e-11, 1.8705405587756518e-11, 1.2574387300172922e-11, 8.475717189015372e-12, 5.81186934058616e-12, 4.0439329285600765e-12, 2.8353669626509024e-12, 1.9697960806232935e-12, 1.365996576704488e-12, 9.25298666302466e-13]
W_list: [6]
L_list: [2.988403916014014]
