R_list= [ 1  2  3  4  5  6  7  8  9 10 11 12 13 14 15 16 17 18 19 20 21 22 23 24
 25 26 27 28 29 30 31 32 33 34 35 36 37 38]
C_final_list= [6.733658411938925e-07, 6.167674814142498e-07, 5.618462839181644e-07, 5.106053555366149e-07, 4.633381472084307e-07, 4.205540331478636e-07, 3.8125870439916097e-07, 3.4599654876843906e-07, 3.138859479156076e-07, 2.8504849415787537e-07, 2.588281394828104e-07, 2.3482996197025844e-07, 2.1291154701999444e-07, 1.9303063315241783e-07, 1.7504997882234924e-07, 1.5887755124211144e-07, 1.4422543864634433e-07, 1.3084096391188203e-07, 1.186064761912766e-07, 1.0740951855732073e-07, 9.719079669156385e-08, 8.792935794998888e-08, 7.963928134985142e-08, 7.211135843527127e-08, 6.532754850151153e-08, 5.9163849193002685e-08, 5.351855964265093e-08, 4.8390116842338455e-08, 4.370464779760806e-08, 3.945943289139192e-08, 3.562371659287936e-08, 3.2170060823909585e-08, 2.9057669769643727e-08, 2.624182248388315e-08, 2.3691560865451192e-08, 2.1377788427427317e-08, 1.928682663923023e-08, 1.7397246102513194e-08]
W_list: [6.8]
L_list: [10.316778768276164]
