C_final_list: [1.5772488028378053e-06, 1.5163630031200497e-06, 1.4561429312103078e-06, 1.397930678190752e-06, 1.3420393510320864e-06, 1.2892113402861164e-06, 1.2381618046140148e-06, 1.1883550276802699e-06, 1.1402624936446862e-06, 1.0943920816838616e-06, 1.0506629074680088e-06, 1.0082323788565327e-06, 9.673264088956932e-07, 9.278430565388618e-07, 8.900603409657519e-07, 8.538499389871303e-07, 8.188040018946751e-07, 7.85496422352965e-07, 7.53050585967475e-07, 7.22122985852525e-07, 6.925218424719719e-07, 6.637780484470027e-07, 6.358872031398566e-07, 6.092941814709435e-07, 5.841373555190169e-07, 5.601382636884163e-07, 5.365831707284791e-07, 5.141343785268783e-07, 4.927993486064585e-07, 4.7210083597287447e-07, 4.521677975908545e-07, 4.3300069733614885e-07, 4.147142595171791e-07, 3.9725622841155767e-07, 3.8047715779038565e-07]
ndim2: 500
W_list: [2.8]
L_list: [24.076555404002384]
