R_list= [ 1  2  3  4  5  6  7  8  9 10 11 12 13 14 15 16 17 18 19 20 21 22 23 24
 25 26 27 28 29 30 31 32]
C_final_list= [7.251527538963415e-08, 2.8096133242244642e-08, 8.456819184526557e-09, 2.2412142007432756e-09, 5.484455770983595e-10, 1.275399863206459e-10, 2.8662169803675228e-11, 6.308190614358593e-12, 1.3865328606030939e-12, 3.076793222033923e-13, 6.858793096435424e-14, 1.5039744826016636e-14, 3.302535918817406e-15, 7.258415996335922e-16, 1.5411171481859415e-16, 3.1877824986387956e-17, 6.597059235438938e-18, 1.3476766178934221e-18, 2.7911322026882863e-19, 5.870477368631402e-20, 1.2637211285611783e-20, 2.8609984252855974e-21, 7.042977594460636e-22, 1.9813467657012197e-22, 6.977640179666469e-23, 3.289247302894816e-23, 2.0432985958735958e-23, 1.5772491533459015e-23, 1.4060832934299684e-23, 1.3919636755942023e-23, 1.4209971077624875e-23, 1.362237178256383e-23]
W_list: [6]
L_list: [0.9900468521708101]
