R_list= [ 1  2  3  4  5  6  7  8  9 10 11 12 13 14 15 16 17 18 19 20 21 22 23 24
 25 26 27 28 29 30 31 32 33 34 35 36 37 38]
C_final_list= [8.471419445565358e-07, 6.522998593650767e-07, 5.144342891060687e-07, 4.0680793379780773e-07, 3.2277800603964856e-07, 2.5475377819432447e-07, 2.010139950046349e-07, 1.5936359661676028e-07, 1.26142583684907e-07, 9.964366627861446e-08, 7.841985340595664e-08, 6.156653010144045e-08, 4.8417450911694053e-08, 3.8324584422313323e-08, 3.03188249065102e-08, 2.405031940891422e-08, 1.9106620343411282e-08, 1.5105315698890173e-08, 1.1915819031741889e-08, 9.37006265631183e-09, 7.3539165436066225e-09, 5.747204235748727e-09, 4.473753032009158e-09, 3.4558051577904015e-09, 2.655408571761524e-09, 2.0248479167485957e-09, 1.54773324369296e-09, 1.1916809167766671e-09, 9.171999856950359e-10, 7.030412976775913e-10, 5.406561320407672e-10, 4.141613671619922e-10, 3.1855602649174864e-10, 2.4648616437204963e-10, 1.9297596892954544e-10, 1.5277012266817069e-10, 1.1993518018416386e-10, 9.275751343596654e-11]
W_list: [6]
L_list: [4.183089852127774]
