C_final_list: [1.8705460343539213e-06, 1.8163753785966063e-06, 1.762021640774879e-06, 1.7103367355119706e-06, 1.6608391660348472e-06, 1.6129281381453837e-06, 1.566533813007309e-06, 1.5219199813227701e-06, 1.4782231331544482e-06, 1.435892949205851e-06, 1.3948682202739837e-06, 1.3545438938487293e-06, 1.3151128744232226e-06, 1.2771849542072697e-06, 1.240640977785865e-06, 1.2044267510629348e-06, 1.169515113058249e-06, 1.1352840901337106e-06, 1.1016863767939724e-06, 1.0689423720124751e-06, 1.0373532942131232e-06, 1.0063435027906106e-06, 9.763265798274729e-07, 9.472659360270526e-07, 9.19187170087428e-07, 8.918982494271408e-07, 8.650926132281817e-07, 8.393863111000628e-07, 8.144249503392708e-07, 7.902320883409149e-07, 7.664046891461592e-07, 7.43098893711041e-07, 7.206310090016272e-07, 6.988518165437455e-07, 6.776639708615806e-07, 6.569271696461593e-07, 6.364853889075976e-07, 6.16547192332738e-07, 5.972866414536e-07, 5.789061128634546e-07, 5.611211614214153e-07, 5.438945812451868e-07, 5.272895179198238e-07, 5.111594297314155e-07, 4.953444453472444e-07, 4.802405075777791e-07, 4.6536066615851175e-07, 4.5090008014209276e-07, 4.367747104650315e-07, 4.231846104189742e-07]
ndim2: 500
W_list: [2.9499999999999997]
L_list: [33.36089854132618]
