C_final_list: [1.890926751708997e-06, 1.752212358157176e-06, 1.6202838664632373e-06, 1.497837708597544e-06, 1.3843232652170425e-06, 1.2801303258801905e-06, 1.1848035850612867e-06, 1.0963295491854925e-06, 1.0132782371729254e-06, 9.366224686191406e-07, 8.650678398883228e-07, 7.99421309285079e-07, 7.383056081638557e-07, 6.804628079033505e-07, 6.275827931456684e-07, 5.782197325423029e-07, 5.330023358928723e-07, 4.912574801969671e-07, 4.5330241437493525e-07, 4.1742657598508155e-07, 3.8448700443372423e-07, 3.541397269200035e-07, 3.258046878847685e-07, 2.996370709591276e-07, 2.757365414426354e-07, 2.534374421558237e-07, 2.329220740225913e-07, 2.137163662375825e-07, 1.962570164472023e-07, 1.8008864787590696e-07, 1.6527138869709967e-07, 1.5177574586057094e-07, 1.392703041318779e-07, 1.2789799243791254e-07, 1.175621933259555e-07, 1.0803581999379155e-07, 9.928254443090785e-08, 9.112376224284592e-08, 8.368736584016959e-08, 7.684558014541046e-08, 7.064420491708996e-08, 6.490471681600949e-08, 5.965014139157486e-08, 5.475423914745161e-08, 5.02355602877221e-08, 4.6159588180766465e-08, 4.2373988304491426e-08, 3.8875779122626564e-08, 3.570433513835791e-08, 3.279397391332694e-08]
ndim2: 500
W_list: [3.3]
L_list: [12.491719280625425]
