R_list= [ 1  2  3  4  5  6  7  8  9 10 11 12 13 14 15 16 17 18 19 20 21 22 23 24
 25 26 27 28 29 30 31 32 33 34 35 36 37 38]
C_final_list= [8.016746629501865e-07, 5.359539856097865e-07, 3.5895964473363266e-07, 2.464394285211974e-07, 1.707671708749839e-07, 1.1835078946706131e-07, 8.136385636777736e-08, 5.563632397234562e-08, 3.784566370683538e-08, 2.5566208487760335e-08, 1.7320081065035807e-08, 1.1795898756912773e-08, 8.02727155614163e-09, 5.4427049456703305e-09, 3.677966246535946e-09, 2.4691364722616493e-09, 1.6590343090846136e-09, 1.10855568689073e-09, 7.390510621080121e-10, 4.880766379921874e-10, 3.215322175097676e-10, 2.1466588881668343e-10, 1.443199967203945e-10, 9.921481520935558e-11, 6.849018600333924e-11, 4.633442252712326e-11, 3.1320372606005225e-11, 2.1066398483894354e-11, 1.3873047282247674e-11, 9.024431994535828e-12, 6.038807203383038e-12, 4.038035458778043e-12, 2.77569820346603e-12, 1.961544696722752e-12, 1.316430360204764e-12, 8.560155145944225e-13, 5.586530553366664e-13, 3.555860859494561e-13]
W_list: [6]
L_list: [2.5706690691221343]
