R_list= [ 1  2  3  4  5  6  7  8  9 10 11 12 13 14 15 16 17 18 19 20 21 22 23 24
 25 26 27 28 29 30 31 32 33 34 35 36 37 38]
C_final_list= [5.491106148611576e-07, 4.788138867429359e-07, 4.147864571702861e-07, 3.573401963284995e-07, 3.0786421441934795e-07, 2.6529457887041005e-07, 2.286147572905494e-07, 1.968518731205079e-07, 1.690839442305719e-07, 1.4506564499661435e-07, 1.242793325112992e-07, 1.0641849905985716e-07, 9.113511387244509e-08, 7.816190742326059e-08, 6.687164825360902e-08, 5.712402063514959e-08, 4.8774463051401634e-08, 4.16427951677172e-08, 3.5537374344821385e-08, 3.020654866240394e-08, 2.5712591963839256e-08, 2.1847179110392935e-08, 1.856291287015078e-08, 1.5760011662979984e-08, 1.3377881261591151e-08, 1.1333273559149579e-08, 9.607861069464784e-09, 8.144484426377053e-09, 6.9250960458242334e-09, 5.873563352840921e-09, 4.983671763158731e-09, 4.230438459798989e-09, 3.599006754982874e-09, 3.0543779784743055e-09, 2.6014333957017905e-09, 2.2191836255456444e-09, 1.885836186895393e-09, 1.5985143525601532e-09]
W_list: [7]
L_list: [6.679740605586226]
