R_list= [ 1  2  3  4  5  6  7  8  9 10 11 12 13 14 15 16 17 18 19 20 21 22 23 24
 25 26 27 28 29 30 31 32 33 34 35 36 37 38]
C_final_list= [2.0206360022357938e-06, 1.7529258781356913e-06, 1.5043288705508449e-06, 1.2828785473205228e-06, 1.0908413806114307e-06, 9.262515203053122e-07, 7.862129802980635e-07, 6.66551711961338e-07, 5.653222166499612e-07, 4.789028561214798e-07, 4.058055297008418e-07, 3.439194989823724e-07, 2.912889974576101e-07, 2.465574629613534e-07, 2.0856835407906193e-07, 1.7646031978025964e-07, 1.4926995323235244e-07, 1.2626386177273042e-07, 1.0683570833799697e-07, 9.024444487187594e-08, 7.625500099763911e-08, 6.44020177861118e-08, 5.436457744635505e-08, 4.581306907182187e-08, 3.859115578151024e-08, 3.253358413741616e-08, 2.7429002618860265e-08, 2.311414448799799e-08, 1.949934330836223e-08, 1.647371289846199e-08, 1.3928384547494943e-08, 1.1789299280284559e-08, 9.981501258700066e-09, 8.445946841232931e-09, 7.144732823371891e-09, 6.0452000316095596e-09, 5.120854249242054e-09, 4.341299080384473e-09]
W_list: [8.5]
L_list: [6.211751686456093]
