R_list= [ 1  2  3  4  5  6  7  8  9 10 11 12 13 14 15 16 17 18 19 20 21 22 23 24
 25 26 27 28 29 30 31 32 33 34 35 36 37 38]
C_final_list= [2.0867008646035334e-06, 2.0002557748900466e-06, 1.9290446743775464e-06, 1.8558480563956418e-06, 1.790186443289816e-06, 1.7270922776454105e-06, 1.6663539649745916e-06, 1.6071504840725668e-06, 1.5495525150024968e-06, 1.494732782672405e-06, 1.4421322956236774e-06, 1.391294747016228e-06, 1.3410523051352454e-06, 1.2935653057411467e-06, 1.2471027123787222e-06, 1.2020819187393034e-06, 1.1590009248077169e-06, 1.1167380493398359e-06, 1.0757282979421782e-06, 1.0362149400341817e-06, 9.98095914113943e-07, 9.613028716777074e-07, 9.262707064879277e-07, 8.92457262649105e-07, 8.598689455994785e-07, 8.287346061654101e-07, 7.987575875863276e-07, 7.696202303862794e-07, 7.415298789799978e-07, 7.142180736932928e-07, 6.877788351290912e-07, 6.625656305146817e-07, 6.380949831258092e-07, 6.14559334449578e-07, 5.91730625492676e-07, 5.697378826094963e-07, 5.484733862785803e-07, 5.278754220818286e-07]
W_list: [4]
L_list: [27.172600628443323]
