C_final_list: [2.3260277039671313e-06, 2.1420561901555863e-06, 1.9636981817784004e-06, 1.80195714156613e-06, 1.64961088054524e-06, 1.512565732239214e-06, 1.3857225093037663e-06, 1.271678905517325e-06, 1.1643418369693288e-06, 1.0667020390015456e-06, 9.789404903377438e-07, 8.970105708561745e-07, 8.224451241271503e-07, 7.549304144783255e-07, 6.922324806930082e-07, 6.334642010761123e-07, 5.802091498824336e-07, 5.309247829663028e-07, 4.854954411701192e-07, 4.442152053532485e-07, 4.061801563120883e-07, 3.7103083621944376e-07, 3.385388065514596e-07, 3.0862152426351845e-07, 2.8121469182443145e-07, 2.5584474174869087e-07, 2.3229286700043537e-07, 2.109708690416384e-07, 1.9143402582535595e-07, 1.7396926427689927e-07, 1.579362491093641e-07, 1.435504437743117e-07, 1.3035219788800232e-07, 1.1825322493961768e-07, 1.0748071375435018e-07, 9.771473021136343e-08, 8.889229261955297e-08, 8.086018227244086e-08, 7.342408691107416e-08, 6.667479670281585e-08, 6.067929939799189e-08, 5.514229790615136e-08, 5.018073677376829e-08, 4.573322404341665e-08, 4.1561064602103866e-08, 3.779513119041423e-08, 3.436168222921289e-08, 3.1242294840585766e-08, 2.8483141051889837e-08, 2.5944548055260287e-08]
ndim2: 500
W_list: [2.2]
L_list: [11.374490232005403]
