C_final_list: [1.5604221417753423e-06, 1.5003734960928433e-06, 1.4411397163171955e-06, 1.3839815464694487e-06, 1.3294822248789687e-06, 1.2777726606209656e-06, 1.2276935881320035e-06, 1.180237132751562e-06, 1.1341813249440912e-06, 1.0902559357202451e-06, 1.0473418759205813e-06, 1.0061412369250695e-06, 9.661520551730378e-07, 9.273242795140449e-07, 8.903837362981086e-07, 8.548243698807824e-07, 8.209511128187895e-07, 7.881418906826889e-07, 7.568247185984678e-07, 7.266301903457249e-07, 6.976046126684089e-07, 6.697081988324832e-07, 6.427397961082369e-07, 6.168306821624504e-07, 5.916473738473182e-07, 5.674158301571081e-07, 5.44095241236632e-07, 5.214856551193661e-07, 4.999139283588267e-07, 4.792850464781209e-07, 4.5932063197391496e-07, 4.399829164827462e-07, 4.21372521862063e-07, 4.0364760305556063e-07, 3.8652965435164305e-07]
ndim2: 500
W_list: [2.8]
L_list: [24.636132506703095]
