C_final_list: [1.8907377473850137e-06, 1.8470250433917218e-06, 1.8028992487038835e-06, 1.7605924725346291e-06, 1.719852592663373e-06, 1.679311639764602e-06, 1.639864421227163e-06, 1.6013021215399666e-06, 1.5634547087645063e-06, 1.5259741739131715e-06, 1.4892875442607153e-06, 1.4528472486032284e-06, 1.4177560282870497e-06, 1.383448779320507e-06, 1.3497860515698366e-06, 1.3171401900365037e-06, 1.2849238288078486e-06, 1.2534890386249773e-06, 1.2229321405921096e-06, 1.1933020063469847e-06, 1.1640754134994918e-06, 1.1357170631510225e-06, 1.1079339531492943e-06, 1.080835032467232e-06, 1.0544240981272512e-06, 1.0283573462442104e-06, 1.0028118989720583e-06, 9.782295976626662e-07, 9.542382293705254e-07, 9.308062230466137e-07, 9.078138880251709e-07, 8.857553534915368e-07, 8.63812277015658e-07, 8.426709388043701e-07, 8.221132957030612e-07]
ndim2: 500
W_list: [2.2]
L_list: [40.850324861555286]
