R_list= [ 1  2  3  4  5  6  7  8  9 10 11 12 13 14 15 16 17 18 19 20 21 22 23 24
 25 26 27 28 29 30 31 32 33 34 35 36 37 38]
C_final_list= [2.3997935740857207e-07, 1.9794345760011927e-07, 1.6023225350381347e-07, 1.2888165551945036e-07, 1.033478309632261e-07, 8.25794938147141e-08, 6.564548850719305e-08, 5.205812092513992e-08, 4.137857028900473e-08, 3.292762695514923e-08, 2.6168382043098445e-08, 2.0737680918099327e-08, 1.6457520414741947e-08, 1.307018704209188e-08, 1.0332858477085148e-08, 8.17939122922251e-09, 6.464231886309434e-09, 5.104617813363956e-09, 4.021962182328094e-09, 3.1658633134449902e-09, 2.4850967799237486e-09, 1.9564944603771953e-09, 1.5474801175598495e-09, 1.223393278785447e-09, 9.674563301904648e-10, 7.666469037598591e-10, 6.069310551063288e-10, 4.78738894670987e-10, 3.7850959219130913e-10, 3.002073946628848e-10, 2.3747264953902013e-10, 1.8794867480193367e-10, 1.4829913088134763e-10, 1.1666805754068563e-10, 9.160066303210128e-11, 7.259931570626095e-11, 5.7606326186752387e-11, 4.5521990880037576e-11]
W_list: [9.0]
L_list: [4.575159977821569]
