R_list= [ 1  2  3  4  5  6  7  8  9 10 11 12 13 14 15 16 17 18 19 20 21 22 23 24
 25 26 27 28 29 30 31 32 33 34 35 36 37 38]
C_final_list= [3.253330754677784e-07, 2.901101103891613e-07, 2.571184510356343e-07, 2.2699569353657653e-07, 2.0008538643519593e-07, 1.761368638898261e-07, 1.5476447132413408e-07, 1.3583617621918007e-07, 1.1915878904929254e-07, 1.0457251955283133e-07, 9.16436507061731e-08, 8.02856913873632e-08, 7.028597099522776e-08, 6.152547463504412e-08, 5.3788300875701e-08, 4.695351017803159e-08, 4.0962549147638974e-08, 3.5738347786804207e-08, 3.1113090228499576e-08, 2.703789550809502e-08, 2.3495431930411302e-08, 2.041392202998279e-08, 1.7732774397629573e-08, 1.5387001810402896e-08, 1.3342343277810539e-08, 1.1572827473351192e-08, 1.004635685194411e-08, 8.736744939447083e-09, 7.596137598462187e-09, 6.599705555244856e-09, 5.742560052327366e-09, 5.0021471862511015e-09, 4.341265042865313e-09, 3.768392414296586e-09, 3.2751149447948066e-09, 2.8439793678158257e-09, 2.472790862141324e-09, 2.152350896919461e-09]
W_list: [7]
L_list: [7.762497117507463]
