C_final_list: [1.881807381626458e-06, 1.7520743149722851e-06, 1.6278052501289748e-06, 1.512830473829504e-06, 1.4052893866855198e-06, 1.3070883802549943e-06, 1.2159181312638316e-06, 1.1312814582061116e-06, 1.0514347166824686e-06, 9.766619106625432e-07, 9.060245190625432e-07, 8.396762785587636e-07, 7.78549106334439e-07, 7.218158131391421e-07, 6.700768975085423e-07, 6.221795631696291e-07, 5.779159248173793e-07, 5.370102373330791e-07, 4.993433779893258e-07, 4.6358825131193713e-07, 4.304658138474107e-07, 3.9967670485203965e-07, 3.7095799711777106e-07, 3.4449615168344516e-07, 3.1986609689175427e-07, 2.9693742266771086e-07, 2.7536790023217916e-07, 2.5495479152077847e-07, 2.3651031577479535e-07, 2.1915550666983476e-07, 2.0314541825778547e-07, 1.8818700932530316e-07, 1.7438251033295105e-07, 1.6149444730675363e-07, 1.4964564767479209e-07, 1.3856889963267184e-07, 1.2828344704614883e-07, 1.1890957648752374e-07, 1.1024464527777202e-07, 1.0212238040294556e-07, 9.458073150210195e-08, 8.753917692196494e-08, 8.096455850402441e-08, 7.4986670524658e-08, 6.938112020344776e-08, 6.428079886744758e-08, 5.951829894118059e-08, 5.512147588068099e-08, 5.100539950133203e-08, 4.715974942972235e-08]
ndim2: 500
W_list: [3.1999999999999997]
L_list: [13.505664855778168]
