C_final_list: [1.293289394007384e-06, 1.2156172701992425e-06, 1.1397725668871064e-06, 1.068360324153173e-06, 1.0013585357649712e-06, 9.368739597757287e-07, 8.773343662151553e-07, 8.213646054834857e-07, 7.691872263023642e-07, 7.20236708246511e-07, 6.743237875550026e-07, 6.315608606853436e-07, 5.914930753609731e-07, 5.538364103870414e-07, 5.183997854031186e-07, 4.850512605223751e-07, 4.536938786856202e-07, 4.2406170922065156e-07, 3.9682448555034853e-07, 3.7138483990242277e-07, 3.4779196743663993e-07, 3.256778022417923e-07, 3.0484889028003214e-07, 2.855532678928256e-07, 2.6759545007987695e-07, 2.50564136190588e-07, 2.3418810353268857e-07, 2.1874695240268908e-07, 2.0417961891141328e-07, 1.9052699675372823e-07, 1.7785281334337057e-07, 1.6591985146219696e-07, 1.54685058163308e-07, 1.441833240544599e-07, 1.3457157016836407e-07, 1.25470473673013e-07, 1.1704795554148527e-07, 1.09151544572435e-07, 1.0171032021061041e-07, 9.475583227125403e-08, 8.825109951899043e-08, 8.222696359301334e-08, 7.660320060737526e-08, 7.136281292530662e-08, 6.643559497366953e-08, 6.19217085795767e-08, 5.7707983482003094e-08, 5.3796951764117385e-08, 5.003264835759883e-08, 4.6528742278053973e-08]
ndim2: 500
W_list: [3.8]
L_list: [15.115198335615487]
