R_list= [ 1  2  3  4  5  6  7  8  9 10 11 12 13 14 15 16 17 18 19 20 21 22 23 24
 25 26 27 28 29 30 31 32 33 34 35 36 37 38]
C_final_list= [1.1130036361770797e-06, 1.0343797705493999e-06, 9.577029531390593e-07, 8.849233782009018e-07, 8.160223755847839e-07, 7.521316780693376e-07, 6.929120142661875e-07, 6.379741915261193e-07, 5.874915939224032e-07, 5.405980845038055e-07, 4.972581270123822e-07, 4.5750237271417365e-07, 4.2056038323579345e-07, 3.867397209330265e-07, 3.5571435439045796e-07, 3.2693460817749826e-07, 3.0041828214041255e-07, 2.760179050223259e-07, 2.5369966633467167e-07, 2.3323844918864088e-07, 2.1437647739749914e-07, 1.9706407626443943e-07, 1.8125906119752e-07, 1.6665195238550025e-07, 1.5310915102585633e-07, 1.4057470136617743e-07, 1.2897909535926993e-07, 1.1839893356157102e-07, 1.08601493598285e-07, 9.959154162531576e-08, 9.128008746771826e-08, 8.370282285262602e-08, 7.671900580321308e-08, 7.027033333641562e-08, 6.440654319010363e-08, 5.905301327190476e-08, 5.4079671732738586e-08, 4.958112155239012e-08]
W_list: [7.0]
L_list: [12.106689456708386]
