R_list= [ 1  2  3  4  5  6  7  8  9 10 11 12 13 14 15 16 17 18 19 20 21 22 23 24
 25 26 27 28 29 30 31 32 33 34 35 36 37 38]
C_final_list= [2.9449158758995846e-06, 2.3532472431938364e-06, 1.8588478483545661e-06, 1.4559155318490008e-06, 1.1381559978597144e-06, 8.903332163236249e-07, 6.9711583275421e-07, 5.456014162928555e-07, 4.2592942078941487e-07, 3.3141511520742783e-07, 2.5715454486049713e-07, 1.9927051732378904e-07, 1.5435170283767438e-07, 1.1944010869075556e-07, 9.230331764840789e-08, 7.11669524090012e-08, 5.494743325636006e-08, 4.244683755374343e-08, 3.291923780603597e-08, 2.5528901547653425e-08, 1.9780450283607767e-08, 1.531424911469901e-08, 1.1882285776682545e-08, 9.233432153990985e-09, 7.174460666824193e-09, 5.541682647051921e-09, 4.2558840395914875e-09, 3.279915017761473e-09, 2.5292011837699218e-09, 1.954545963569111e-09, 1.5034924818341682e-09, 1.1549452708385354e-09, 8.835087303579369e-10, 6.782703193976747e-10, 5.16335021724357e-10, 3.928789819819563e-10, 2.9990247032959783e-10, 2.3037743442031197e-10]
W_list: [8.6]
L_list: [4.145674128702797]
