R_list= [ 1  2  3  4  5  6  7  8  9 10 11 12 13 14 15 16 17 18 19 20 21 22 23 24
 25 26 27 28 29 30 31 32 33 34 35 36 37 38]
C_final_list= [2.6011233311811253e-06, 2.003675613891991e-06, 1.5745979746031694e-06, 1.3226795114532367e-06, 1.1537044588907328e-06, 1.006237413007667e-06, 8.636277814606638e-07, 7.323723541074359e-07, 6.190798998666773e-07, 5.252161175837252e-07, 4.4700503033186714e-07, 3.795254916394141e-07, 3.2191537236516e-07, 2.7377929932972754e-07, 2.3337185377831478e-07, 1.9847333776587106e-07, 1.6804069341144807e-07, 1.419940771726816e-07, 1.1991650568380084e-07, 1.0122731157484476e-07, 8.537139011514847e-08, 7.193360861767359e-08, 6.07652619219139e-08, 5.137547300820643e-08, 4.328069747684713e-08, 3.638644231145522e-08, 3.058695287147404e-08, 2.5743258551250783e-08, 2.1658734268697572e-08, 1.823582886747256e-08, 1.5382947904819777e-08, 1.299771604278621e-08, 1.0967556688168072e-08, 9.25058155769517e-09, 7.803610853986598e-09, 6.598061725983318e-09, 5.590714014502364e-09, 4.736529907877228e-09]
W_list: [4]
L_list: [5.6711714121125025]
