R_list= [ 1  2  3  4  5  6  7  8  9 10 11 12 13 14 15 16 17 18 19 20 21 22 23 24
 25 26 27 28 29 30 31 32 33 34 35 36 37 38]
C_final_list= [2.0968164160498147e-06, 2.028364275695176e-06, 1.963722983560002e-06, 1.9034497475223722e-06, 1.8442305907785034e-06, 1.7864686561765591e-06, 1.7311155352278122e-06, 1.6773775414145883e-06, 1.6254394477704199e-06, 1.5746695813993077e-06, 1.5251164387494051e-06, 1.4771434339412502e-06, 1.4306637887988353e-06, 1.3858476239345213e-06, 1.3427998312610376e-06, 1.3013878090544471e-06, 1.2612464108255133e-06, 1.2224393913773701e-06, 1.1841466731083152e-06, 1.1473454640567904e-06, 1.1115430931474557e-06, 1.0766731494006041e-06, 1.0427211376241914e-06, 1.0100692736267113e-06, 9.781633948347715e-07, 9.467893527507012e-07, 9.164638127640026e-07, 8.869481007926004e-07, 8.581101055286505e-07, 8.302739674448148e-07, 8.031994151708286e-07, 7.76914775150561e-07, 7.514442340208227e-07, 7.267437474075941e-07, 7.031077918808134e-07, 6.801774580367204e-07, 6.579626202243554e-07, 6.364216696333527e-07]
W_list: [4]
L_list: [31.324557776280113]
