C_final_list: [9.095827424211321e-07, 8.697179027208299e-07, 8.296130610541541e-07, 7.900038179733713e-07, 7.520132377180579e-07, 7.15347446231357e-07, 6.801728891801631e-07, 6.466565173595224e-07, 6.147365994104272e-07, 5.842692372987948e-07, 5.55296185747014e-07, 5.282056299361541e-07, 5.026926290346883e-07, 4.782789949048523e-07, 4.546705516401048e-07, 4.3202703927288515e-07, 4.105127899942889e-07, 3.8999276083839847e-07, 3.703651113357897e-07, 3.5160386608888594e-07, 3.338714980739459e-07, 3.1717486336474963e-07, 3.0109564856564135e-07, 2.8585943062681925e-07, 2.713568451277791e-07, 2.5781152139785706e-07, 2.448201402256293e-07, 2.324686913629842e-07, 2.2051326064678033e-07, 2.0922657597477755e-07, 1.9844321932180902e-07, 1.8832739954068242e-07, 1.7864733973101406e-07, 1.6934832202944262e-07, 1.605415580267289e-07, 1.5200587721897747e-07, 1.4388995378087982e-07, 1.361334408239138e-07, 1.287659620960773e-07, 1.2184248434364454e-07, 1.1531944119979731e-07, 1.0912397803655134e-07, 1.0317784588960075e-07, 9.751660230750307e-08, 9.212122567069516e-08, 8.70172990804076e-08, 8.214693011558379e-08, 7.750628755593817e-08, 7.311965753910619e-08, 6.895512418563902e-08]
ndim2: 500
W_list: [4.0]
L_list: [19.572480285172695]
