C_final_list: [1.934793388529756e-06, 1.6844165883732332e-06, 1.4598868963282578e-06, 1.2665636566111414e-06, 1.0923754317470261e-06, 9.485495088402771e-07, 8.214030737454437e-07, 7.104725195302216e-07, 6.130905914898082e-07, 5.28185777167733e-07, 4.5566639114509816e-07, 3.91953420759951e-07, 3.387682919066599e-07, 2.920981539959185e-07, 2.529214098650029e-07, 2.1977461461339323e-07, 1.9010155840952143e-07, 1.6441523335239083e-07, 1.422868138105282e-07, 1.2293586215868634e-07, 1.0624786264852607e-07, 9.18865577481942e-08, 7.95701898469205e-08, 6.903310879829134e-08, 5.957488835580396e-08, 5.1342193676662245e-08, 4.415846844180722e-08, 3.806131166608782e-08, 3.282084880979424e-08, 2.8198722382616966e-08, 2.4261458794130845e-08, 2.082453333927803e-08, 1.7912738797859643e-08, 1.5462737186907233e-08, 1.3286736071496266e-08, 1.1435635311283061e-08, 9.86308194318247e-09, 8.512225532978183e-09, 7.321526529069077e-09, 6.2700947149887746e-09, 5.3812756236769404e-09, 4.625721654558752e-09, 3.9781009327195775e-09, 3.40674981517443e-09, 2.904472220939481e-09, 2.478585476694304e-09, 2.1171124296216193e-09, 1.8078827825396274e-09, 1.5409961573666563e-09, 1.3199168726739557e-09]
ndim2: 500
W_list: [3.1999999999999997]
L_list: [6.9099104859271865]
