C_final_list: [2.087286136368535e-06, 1.82431595749141e-06, 1.671324727350174e-06, 1.4897034487528788e-06, 1.3415991021653128e-06, 1.2090143578548638e-06, 1.0869520397522393e-06, 9.736665857548145e-07, 8.747560512533299e-07, 7.864432003737308e-07, 7.070925239238415e-07, 6.337367119020922e-07, 5.685928823704111e-07, 5.10511649301218e-07, 4.572014720622134e-07, 4.1063186698358023e-07, 3.6931777571316193e-07, 3.315456441898865e-07, 2.9650521174141995e-07, 2.655231174237243e-07, 2.3646160939054289e-07, 2.110649497217977e-07, 1.8869284959061407e-07, 1.6869956855475498e-07, 1.5033065731868984e-07, 1.3399627640641604e-07, 1.1977008986845684e-07, 1.0692234946432277e-07, 9.551038492190906e-08, 8.526830523835089e-08, 7.600126626115031e-08, 6.774723022641948e-08, 6.051670496717737e-08, 5.4226425816772866e-08, 4.83460733114082e-08]
ndim2: 500
W_list: [1.2]
L_list: [9.25655360087392]
