C_final_list: [1.6629285618590707e-06, 1.40628765743773e-06, 1.1834981163142438e-06, 9.945771827689636e-07, 8.394211060999058e-07, 7.086054865631563e-07, 5.983701311677185e-07, 5.031124264964012e-07, 4.2301183650726746e-07, 3.5498663749350665e-07, 2.975187519053914e-07, 2.4947432996708907e-07, 2.093002521933196e-07, 1.751411125352423e-07, 1.4704237744024351e-07, 1.2323200402932956e-07, 1.0294130577726625e-07, 8.579567394785928e-08, 7.179695614381099e-08, 5.981541746694853e-08, 4.9720390873058944e-08, 4.1652960956072415e-08, 3.47997965263231e-08, 2.8938558405911565e-08, 2.421127865768439e-08, 2.024514737355989e-08, 1.6888677894282648e-08, 1.4055089536578841e-08, 1.1679189246674623e-08, 9.745035110320375e-09, 8.154149806954613e-09, 6.802290459061091e-09, 5.678778351840789e-09, 4.752397414029646e-09, 3.9386940939007406e-09]
ndim2: 500
W_list: [2.2]
L_list: [5.804653185876319]
