R_list= [ 1  2  3  4  5  6  7  8  9 10 11 12 13 14 15 16 17 18 19 20 21 22 23 24
 25 26 27 28 29 30 31 32 33 34 35 36 37 38]
C_final_list= [2.030786377526632e-06, 1.978036681000653e-06, 1.9311474079353795e-06, 1.885536741531893e-06, 1.8411992243633197e-06, 1.797293164963296e-06, 1.755287755531701e-06, 1.7146143258092238e-06, 1.67498351069035e-06, 1.635821238169651e-06, 1.5975922015865821e-06, 1.5596824910731576e-06, 1.5225778663142223e-06, 1.4863576103667772e-06, 1.4512090467356788e-06, 1.417215270926922e-06, 1.383902654960951e-06, 1.3512603915347851e-06, 1.3196622540525994e-06, 1.288874345726296e-06, 1.2587638631543294e-06, 1.2289299561397387e-06, 1.2000627797272177e-06, 1.172305446969649e-06, 1.1443828829819788e-06, 1.1174605744211001e-06, 1.091124993653428e-06, 1.0652266280730515e-06, 1.0400368676287007e-06, 1.015551087307524e-06, 9.916114569811469e-07, 9.681333969294142e-07, 9.449299820645238e-07, 9.224348035478161e-07, 9.002632010476486e-07, 8.784968429558075e-07, 8.569932216621584e-07, 8.360777703484058e-07]
W_list: [4]
L_list: [41.93606993257495]
