R_list= [ 1  2  3  4  5  6  7  8  9 10 11 12 13 14 15 16 17 18 19 20 21 22 23 24
 25 26 27 28 29 30 31 32 33 34 35 36 37 38]
C_final_list= [1.1874338998499066e-06, 9.426808369002505e-07, 7.052840572047553e-07, 5.166800680535091e-07, 3.779316458365152e-07, 2.7751204422679493e-07, 2.043441419629152e-07, 1.5050165007415197e-07, 1.1084232689426548e-07, 8.152288539443344e-08, 5.985645361169041e-08, 4.381928827574439e-08, 3.2006253901366e-08, 2.33417277419262e-08, 1.6987118337133747e-08, 1.2336611874261458e-08, 8.94894522044926e-09, 6.4827458663676545e-09, 4.694434452694823e-09, 3.3921712329606194e-09, 2.4456392857197e-09, 1.757875753471503e-09, 1.2601485849597947e-09, 9.020800448087115e-10, 6.449497756131774e-10, 4.6094238409790473e-10, 3.2873057236618924e-10, 2.3438293338815205e-10, 1.6805894780010307e-10, 1.2156764195468862e-10, 8.842108914851352e-11, 6.416658086921395e-11, 4.62024119685412e-11, 3.2977457873128264e-11, 2.3307961021164195e-11, 1.6279765737368044e-11, 1.1240590573102658e-11, 7.702632277114587e-12]
W_list: [4]
L_list: [3.4469643567142705]
