C_list:
1.3643937224957621e-06 0.053669138031727806
ndim2: 500
W_list: [2.4]
L_list: [18.63268233242028]
