R_list= [ 1  2  3  4  5  6  7  8  9 10 11 12 13 14 15 16 17 18 19 20 21 22 23 24
 25 26 27 28 29 30 31 32 33 34 35 36 37 38]
C_final_list= [3.1471915177889925e-07, 2.148835774190076e-07, 1.4739197812839887e-07, 1.0138060339811024e-07, 6.966611140415322e-08, 4.780491254154329e-08, 3.273908768226278e-08, 2.247122480906955e-08, 1.54334773826133e-08, 1.0559735736083117e-08, 7.184518558489462e-09, 4.900497320932198e-09, 3.3651701613240057e-09, 2.2936842761398714e-09, 1.5539049156376798e-09, 1.0472926303934438e-09, 7.068348837584609e-10, 4.786423323345251e-10, 3.2128802122319876e-10, 2.1236369707695252e-10, 1.4008379392628391e-10, 9.222704253022861e-11, 6.040730708987751e-11, 4.058010524035687e-11, 2.7416094777944717e-11, 1.83434879523532e-11, 1.1967300324874451e-11, 7.747986338638655e-12, 5.068671258706566e-12, 3.3765757464529083e-12, 2.2587478198473367e-12, 1.5138084367275568e-12, 1.014740786445618e-12, 6.673836279189281e-13, 4.2685849052145374e-13, 2.733899767648401e-13, 1.773260566566374e-13, 1.1135897108321419e-13]
W_list: [7]
L_list: [2.648197603547561]
