R_list= [ 1  2  3  4  5  6  7  8  9 10 11 12 13 14 15 16 17 18 19 20 21 22 23 24
 25 26 27 28 29 30 31 32 33 34 35 36 37 38]
C_final_list= [2.8305765941765136e-05, 2.0985322365439603e-05, 1.545378705375866e-05, 1.1338697693272968e-05, 8.305125078579793e-06, 6.086413474490328e-06, 4.452981611606e-06, 3.2570705191093854e-06, 2.381670384490544e-06, 1.7432630685116218e-06, 1.2761566037304005e-06, 9.340373605533375e-07, 6.836960623565318e-07, 4.975080263598634e-07, 3.6211586140245297e-07, 2.6449175824928193e-07, 1.9322956803883205e-07, 1.4152682308967004e-07, 1.0356034752800424e-07, 7.54871245395292e-08, 5.501894415499963e-08, 4.0050029073738914e-08, 2.9147491450875622e-08, 2.1224581640162797e-08, 1.5491901755874734e-08, 1.130702258689017e-08, 8.285365706219742e-09, 6.053964867028262e-09, 4.403594494869317e-09, 3.196048363100636e-09, 2.3340802581228743e-09, 1.715511942501067e-09, 1.2638138591044122e-09, 9.281047300188642e-10, 6.805964239870258e-10, 4.961897585404425e-10, 3.66402552043876e-10, 2.7106227191924475e-10]
W_list: [8.45]
L_list: [3.2532192687609984]
