R_list= [ 1  2  3  4  5  6  7  8  9 10 11 12 13 14 15 16 17 18 19 20 21 22 23 24
 25 26 27 28 29 30 31 32 33 34 35 36 37 38]
C_final_list= [4.424920931964232e-07, 3.7748658278021133e-07, 3.1772340346228207e-07, 2.663463165106301e-07, 2.226201830496114e-07, 1.8584079619499752e-07, 1.552994773129471e-07, 1.2963264787968583e-07, 1.0807489029047606e-07, 9.007032048904948e-08, 7.509663145638052e-08, 6.245393305037376e-08, 5.18562408949771e-08, 4.305040148574936e-08, 3.5675214011044346e-08, 2.9482891067878324e-08, 2.435077637503605e-08, 2.0109212696815786e-08, 1.6618865664818887e-08, 1.3728742518384998e-08, 1.1335993008442294e-08, 9.37554310789697e-09, 7.736618840680274e-09, 6.38131006784079e-09, 5.267806411501621e-09, 4.358154238087754e-09, 3.5910210265172968e-09, 2.9664383491702277e-09, 2.4420527521196986e-09, 2.0082377819680125e-09, 1.6483290728852077e-09, 1.351059550332119e-09, 1.1076520901115716e-09, 9.062351706206641e-10, 7.400211601807655e-10, 6.035722685592137e-10, 4.93628402682287e-10, 4.0430660045481034e-10]
W_list: [8.8]
L_list: [5.626289661070379]
