C_final_list: [1.5749784001334873e-06, 1.5447941610776739e-06, 1.515073712752828e-06, 1.486059197807617e-06, 1.457711074316842e-06, 1.429942984725713e-06, 1.4027932198899172e-06, 1.3762478125159988e-06, 1.349885237124067e-06, 1.3242195008087775e-06, 1.29931699218264e-06, 1.2750223452326297e-06, 1.2511394393818511e-06, 1.2277341034839502e-06, 1.2048167504821242e-06, 1.1821300099277584e-06, 1.1600499557714536e-06, 1.1383202230959042e-06, 1.116881944335107e-06, 1.0959542867299643e-06, 1.0752201008961894e-06, 1.0547956166345041e-06, 1.0345692156133688e-06, 1.0147118125896883e-06, 9.952356516655778e-07, 9.761468046039269e-07, 9.57395468252237e-07, 9.389171112044262e-07, 9.206273207117118e-07, 9.027252127564289e-07, 8.851366871758614e-07, 8.6789036800966e-07, 8.510728233337789e-07, 8.345584078321341e-07, 8.182018174925104e-07, 8.023256400497292e-07, 7.868572350995168e-07, 7.714760332092653e-07, 7.564356134822099e-07, 7.415639874445423e-07, 7.270883444785159e-07, 7.128787853103327e-07, 6.988375943660286e-07, 6.850220009646658e-07, 6.714998652587377e-07, 6.583554165669756e-07, 6.452962955879695e-07, 6.324019400873739e-07, 6.198047055648897e-07, 6.074015750373432e-07]
ndim2: 500
W_list: [3.1999999999999997]
L_list: [51.79249689190799]
