R_list= [ 1  2  3  4  5  6  7  8  9 10 11 12 13 14 15 16 17 18 19 20 21 22 23 24
 25 26 27 28 29 30 31 32]
C_final_list= [9.276858259443903e-08, 4.04947310816585e-08, 1.4436911502315448e-08, 4.644443417792507e-09, 1.4064951116563469e-09, 4.130512859470406e-10, 1.1850219368694726e-10, 3.3195250559623845e-11, 9.176358017323697e-12, 2.528002267989166e-12, 7.002332143118223e-13, 1.9027793564356312e-13, 5.0769843169074523e-14, 1.3739924756065898e-14, 3.617027516484143e-15, 9.850136427642514e-16, 2.79974430471717e-16, 8.377646936318413e-17, 2.717090452792777e-17, 9.014012678982752e-18, 2.8720975283266408e-18, 6.112325667838767e-19, 1.3076146083660114e-19, 2.849981723560505e-20, 6.2470883238978045e-21, 1.4332495714526182e-21, 3.204854248832362e-22, 7.266832224035633e-23, 1.7403829956112388e-23, 5.307301982865683e-24, 2.200235075149514e-24, 1.174998949318095e-24]
W_list: [6]
L_list: [1.1189379531566488]
