R_list= [ 1  2  3  4  5  6  7  8  9 10 11 12 13 14 15 16 17 18 19 20 21 22 23 24
 25 26 27 28 29 30 31 32 33 34 35 36 37 38]
C_final_list= [4.80657099037553e-07, 4.1219398923464444e-07, 3.5120607140162874e-07, 2.983978657025277e-07, 2.52999790063355e-07, 2.1473863305503175e-07, 1.8224702187529253e-07, 1.545250532560146e-07, 1.310275423997886e-07, 1.1115070710032883e-07, 9.421053619029044e-08, 7.953279692601774e-08, 6.703391432237532e-08, 5.6400331169780924e-08, 4.750643180937185e-08, 3.9979179885629424e-08, 3.3588460436302407e-08, 2.8242955847420004e-08, 2.3749916537684842e-08, 1.99603497709065e-08, 1.6795302577074997e-08, 1.409180298450014e-08, 1.1827691905923167e-08, 9.90338549635999e-09, 8.273618292933437e-09, 6.92736120186583e-09, 5.793009447984061e-09, 4.850354854990668e-09, 4.0356313628165685e-09, 3.3571468707741605e-09, 2.786105555694195e-09, 2.313595881309463e-09, 1.9250105425768464e-09, 1.607778266896942e-09, 1.34018687192915e-09, 1.1203810328941135e-09, 9.375755706785984e-10, 7.859974749111421e-10]
W_list: [7]
L_list: [6.095057760875148]
