R_list= [ 1  2  3  4  5  6  7  8  9 10 11 12 13 14 15 16 17 18 19 20 21 22 23 24
 25 26 27 28 29 30 31 32 33 34 35 36 37 38]
C_final_list= [4.857152038130351e-07, 4.3798390786118003e-07, 3.925280021616716e-07, 3.5062676517411284e-07, 3.1284155508215406e-07, 2.7867770034665467e-07, 2.4831227660291067e-07, 2.2130453243029428e-07, 1.9713103790285916e-07, 1.7550594042947242e-07, 1.5610183270257026e-07, 1.387599923397823e-07, 1.2336008589171023e-07, 1.0957247975321648e-07, 9.732442831189396e-08, 8.645640336675669e-08, 7.675346028708092e-08, 6.808829343026116e-08, 6.039196499394397e-08, 5.3625649315241116e-08, 4.756460528958645e-08, 4.215117395452184e-08, 3.73637638653916e-08, 3.310736402541243e-08, 2.9324860041668642e-08, 2.5925875999366277e-08, 2.2906042589377704e-08, 2.0204672531810704e-08, 1.7849330986369056e-08, 1.5780742677690717e-08, 1.3963403826712648e-08, 1.2363815317293271e-08, 1.0937218559014915e-08, 9.672174352229428e-09, 8.544106227073813e-09, 7.539361450735708e-09, 6.65287284995454e-09, 5.8688803436114585e-09]
W_list: [6.800000000000001]
L_list: [8.666183952313785]
