R_list= [ 1  2  3  4  5  6  7  8  9 10 11 12 13 14 15 16 17 18 19 20 21 22 23 24
 25 26 27 28 29 30 31 32 33 34 35 36 37 38]
C_final_list= [2.486569263976231e-06, 1.9183833521091625e-06, 1.4606083383038034e-06, 1.106647220755153e-06, 8.361227769028415e-07, 6.308198948930167e-07, 4.7526169502570564e-07, 3.5857139739843884e-07, 2.702219453111844e-07, 2.034210430103084e-07, 1.5284275288253402e-07, 1.1474979962589533e-07, 8.607567225243886e-08, 6.424652541556838e-08, 4.7876461660015685e-08, 3.579655665138817e-08, 2.682557511647092e-08, 2.0025850833951806e-08, 1.4903923177746543e-08, 1.1102605992606644e-08, 8.31013729404537e-09, 6.212173285115074e-09, 4.627164386603024e-09, 3.446446068365166e-09, 2.5604315987495793e-09, 1.896455195948818e-09, 1.3985659149152867e-09, 1.0315167849912979e-09, 7.635070896826637e-10, 5.629582739780593e-10, 4.138396585282165e-10, 3.0362156484566984e-10, 2.232714791064804e-10, 1.650328358232317e-10, 1.2182430760220538e-10, 9.122341956603854e-11, 6.845920978044967e-11, 5.142100437757965e-11]
W_list: [9.0]
L_list: [3.63307237397471]
