R_list= [ 1  2  3  4  5  6  7  8  9 10 11 12 13 14 15 16 17 18 19 20 21 22 23 24
 25 26 27 28 29 30 31 32 33 34 35 36 37 38]
C_final_list= [5.860310424909761e-07, 4.663690217729077e-07, 3.729547973025611e-07, 2.975976550927921e-07, 2.3709264592978756e-07, 1.8903978975227167e-07, 1.500698505080577e-07, 1.1910107689175377e-07, 9.447494731120472e-08, 7.505312015295639e-08, 5.952920351059929e-08, 4.73022295256735e-08, 3.7485581789017885e-08, 2.963958429045807e-08, 2.3416583120558166e-08, 1.8457836614526406e-08, 1.4515023301833021e-08, 1.1457529044613761e-08, 9.040839931638527e-09, 7.126810026732418e-09, 5.6389669798918145e-09, 4.447002717671332e-09, 3.5181442879538144e-09, 2.7700033864173635e-09, 2.1847324884558758e-09, 1.7220845957376691e-09, 1.3582162714396076e-09, 1.0689647923037518e-09, 8.33451028690371e-10, 6.483740184220961e-10, 5.07771710875243e-10, 3.96473787155247e-10, 3.1132188708439323e-10, 2.440132003403357e-10, 1.897787902537436e-10, 1.4712131384994267e-10, 1.1380549477614503e-10, 8.801328584857396e-11]
W_list: [7]
L_list: [4.392510562012747]
