R_list= [ 1  2  3  4  5  6  7  8  9 10 11 12 13 14 15 16 17 18 19 20 21 22 23 24
 25 26 27 28 29 30 31 32 33 34 35 36 37 38]
C_final_list= [5.708587047129379e-06, 5.001481942522857e-06, 4.3601175587672555e-06, 3.801044012770206e-06, 3.3105597774918494e-06, 2.881052451398871e-06, 2.504072827147799e-06, 2.1728556656116806e-06, 1.886610577521618e-06, 1.6345811085187455e-06, 1.4155085457194258e-06, 1.225122155881852e-06, 1.0607705875238062e-06, 9.177996593366283e-07, 7.938906757304326e-07, 6.861977017516159e-07, 5.93239724349175e-07, 5.135245491603398e-07, 4.451551644862114e-07, 3.856279337888269e-07, 3.3362268385402566e-07, 2.890108787105114e-07, 2.5053229493704054e-07, 2.170536322531643e-07, 1.8834135085917305e-07, 1.63348148785084e-07, 1.4154160842084214e-07, 1.2276527972899214e-07, 1.0641690508380717e-07, 9.223473440335912e-08, 7.971616061396664e-08, 6.886290058185918e-08, 5.943909938170512e-08, 5.13016878942032e-08, 4.425665741422715e-08, 3.8224688930457526e-08, 3.298976711738419e-08, 2.846227917187582e-08]
W_list: [7.0]
L_list: [7.130172016676424]
