C_final_list: [1.9893066694760275e-06, 1.935283034016651e-06, 1.8823107194578929e-06, 1.8309508349432208e-06, 1.780459476057767e-06, 1.7309216168954613e-06, 1.6826910471637647e-06, 1.6361900730100744e-06, 1.5912570883170346e-06, 1.5482504235771626e-06, 1.5063670586978806e-06, 1.4656776473645292e-06, 1.4254752625375675e-06, 1.3861708177523074e-06, 1.3479045821711808e-06, 1.3103831525248492e-06, 1.2739957029921232e-06, 1.2382870567809495e-06, 1.2033188936338598e-06, 1.1700041725297237e-06, 1.1374364957092478e-06, 1.105766336774881e-06, 1.0746946715969358e-06, 1.0441156301927123e-06, 1.0143463822965177e-06, 9.853452907187986e-07, 9.571153255839023e-07, 9.298239574621409e-07, 9.034579763794515e-07, 8.77821864825451e-07, 8.528287324980771e-07, 8.282305102702184e-07, 8.043204932723789e-07, 7.812029691902128e-07, 7.586797282876602e-07, 7.368675931998566e-07, 7.155177950079566e-07, 6.947819320985495e-07, 6.746824450503407e-07, 6.553587464975123e-07, 6.36514897513132e-07, 6.180638536016086e-07, 6.002944328662628e-07, 5.830067677159854e-07, 5.66410886445965e-07, 5.502014034487168e-07, 5.345177120270026e-07, 5.191723590902063e-07, 5.042264957694546e-07, 4.896578916996674e-07]
ndim2: 500
W_list: [2.8499999999999996]
L_list: [35.1704747492976]
