R_list= [ 1  2  3  4  5  6  7  8  9 10 11 12 13 14 15 16 17 18 19 20 21 22 23 24
 25 26 27 28 29 30 31 32 33 34 35 36 37 38]
C_final_list= [3.658435518566668e-07, 3.2914837569554385e-07, 2.9330501182181014e-07, 2.5978317879608423e-07, 2.292526604025509e-07, 2.0200203960394997e-07, 1.777601081768088e-07, 1.5624700185826806e-07, 1.3734275383345818e-07, 1.205215561764971e-07, 1.0582005755181469e-07, 9.275331589099802e-08, 8.122145497007018e-08, 7.103817956374305e-08, 6.201374605464943e-08, 5.406304603015581e-08, 4.715789392275133e-08, 4.1127783063488286e-08, 3.588222246363647e-08, 3.12807293922782e-08, 2.7242522687047728e-08, 2.371332447174415e-08, 2.0632624019737624e-08, 1.794818354993519e-08, 1.5624104922934433e-08, 1.3601711735537748e-08, 1.184004511386307e-08, 1.0295925990736588e-08, 8.94407907103354e-09, 7.75451674081621e-09, 6.725685390707013e-09, 5.834223080053794e-09, 5.056539223815565e-09, 4.384540872005117e-09, 3.801543824186647e-09, 3.2989751294343674e-09, 2.867360852616913e-09, 2.4894651020235755e-09]
W_list: [8.6]
L_list: [7.873450776501368]
