R_list= [ 1  2  3  4  5  6  7  8  9 10 11 12 13 14 15 16 17 18 19 20 21 22 23 24
 25 26 27 28 29 30 31 32 33 34 35 36 37 38]
C_final_list= [5.861540442458256e-07, 5.121791093881003e-07, 4.445999389827277e-07, 3.847239788122629e-07, 3.324049187046181e-07, 2.873717788144827e-07, 2.483789075305877e-07, 2.143661423398214e-07, 1.844796871723713e-07, 1.5854142638816746e-07, 1.3636408792629918e-07, 1.1733678292274617e-07, 1.0089511967486971e-07, 8.670639543314548e-08, 7.459468081288512e-08, 6.428244364332102e-08, 5.5447042539872794e-08, 4.773628354911467e-08, 4.113413713180727e-08, 3.538023377840583e-08, 3.0430525471775276e-08, 2.614908649900464e-08, 2.245654069810718e-08, 1.9286306321024395e-08, 1.6531891562001272e-08, 1.4167885790235e-08, 1.2146276060960014e-08, 1.0436357583142254e-08, 8.954181645930891e-09, 7.64725915298748e-09, 6.525465989590932e-09, 5.574370404280447e-09, 4.755580839006814e-09, 4.049176023703429e-09, 3.443471864587908e-09, 2.9348498940648588e-09, 2.5002546709481478e-09, 2.125386180817757e-09]
W_list: [7]
L_list: [6.831013501534149]
