R_list= [ 1  2  3  4  5  6  7  8  9 10 11 12 13 14 15 16 17 18 19 20 21 22 23 24
 25 26 27 28 29 30 31 32 33 34 35 36 37 38]
C_final_list= [9.696993492113505e-07, 8.473695870256164e-07, 7.420039209939862e-07, 6.487475926057681e-07, 5.685280481867014e-07, 4.966474899755924e-07, 4.338307801054367e-07, 3.7985749903496954e-07, 3.3175534587822123e-07, 2.896707614911279e-07, 2.526424504686824e-07, 2.2003396202853987e-07, 1.918219852351295e-07, 1.6702985103183083e-07, 1.45496423195347e-07, 1.266862577054079e-07, 1.1008182824492408e-07, 9.540351440431591e-08, 8.262963996639807e-08, 7.160875094412484e-08, 6.199109094205616e-08, 5.377809301201438e-08, 4.6639082303224545e-08, 4.0472530496937326e-08, 3.516233615677219e-08, 3.055505120208182e-08, 2.6488161827260803e-08, 2.3001777097312622e-08, 1.9940705968250573e-08, 1.7306653147790275e-08, 1.5029311027119575e-08, 1.3035931379615495e-08, 1.1306455191679192e-08, 9.786168510043322e-09, 8.481137700316824e-09, 7.342745286958705e-09, 6.33138709964738e-09, 5.467153480588231e-09]
W_list: [6]
L_list: [7.383608649241644]
