R_list= [ 1  2  3  4  5  6  7  8  9 10 11 12 13 14 15 16 17 18 19 20 21 22 23 24
 25 26 27 28 29 30 31 32 33 34 35 36 37 38]
C_final_list= [8.637826426183419e-07, 7.825706659682814e-07, 7.077619838273617e-07, 6.392081306992149e-07, 5.76998320933886e-07, 5.21549164735359e-07, 4.7187058666210507e-07, 4.2698562218481024e-07, 3.8644256647766025e-07, 3.4951380921987817e-07, 3.156841096148609e-07, 2.84780731532253e-07, 2.568372404733381e-07, 2.3139273080644198e-07, 2.0880803012905884e-07, 1.8808826257384508e-07, 1.6925652685156562e-07, 1.525283186243272e-07, 1.371357768358008e-07, 1.2346390683519524e-07, 1.1110487414751172e-07, 1.000305756005182e-07, 8.988413004865647e-08, 8.068082210842837e-08, 7.236083756799738e-08, 6.488494775792248e-08, 5.8219619566551475e-08, 5.217571123959449e-08, 4.6712978801271915e-08, 4.183024397186677e-08, 3.7465422499804166e-08, 3.3528588684854483e-08, 2.999560817405789e-08, 2.6791578007416012e-08, 2.3929891638827046e-08, 2.1335035535997443e-08, 1.902665451940393e-08, 1.6972412250510094e-08]
W_list: [6]
L_list: [9.784903029475059]
