C_final_list: [9.499024936334334e-07, 8.62147349897842e-07, 7.799694791446185e-07, 7.029325979742593e-07, 6.323839586833648e-07, 5.682940111541165e-07, 5.119945478466591e-07, 4.617593276637956e-07, 4.163041504988329e-07, 3.755244762157375e-07, 3.383970552196176e-07, 3.0462492595490027e-07, 2.733270394446681e-07, 2.4523064996912793e-07, 2.1989083634835454e-07, 1.967091362269582e-07, 1.758888344957786e-07, 1.57631344105494e-07, 1.4137815515945752e-07, 1.2682601504176458e-07, 1.1368091694410198e-07, 1.021177484437025e-07, 9.161264205286008e-08, 8.217179869779868e-08, 7.35929151175668e-08, 6.59254720086051e-08, 5.90514419123836e-08, 5.286395405692596e-08, 4.7266001639446644e-08, 4.222752758238146e-08, 3.7751457758988606e-08, 3.370155392137958e-08, 3.0089656283706065e-08, 2.6825079391140508e-08, 2.3868034067383926e-08]
ndim2: 500
W_list: [4.0]
L_list: [9.489834169767622]
