R_list= [ 1  2  3  4  5  6  7  8  9 10 11 12 13 14 15 16 17 18 19 20 21 22 23 24
 25 26 27 28 29 30 31 32 33 34 35 36 37 38]
C_final_list= [9.571268812176238e-07, 8.001193868611479e-07, 6.785983116265518e-07, 5.748810452233067e-07, 4.857459216821297e-07, 4.111323701845222e-07, 3.476742968048149e-07, 2.9412341308549943e-07, 2.4896088179021577e-07, 2.106748455170337e-07, 1.7829143579660622e-07, 1.5099192250231406e-07, 1.2764352910380726e-07, 1.0788612449939542e-07, 9.090374431683146e-08, 7.65026506860762e-08, 6.435895675820258e-08, 5.417253125263962e-08, 4.556194458236233e-08, 3.821426616652321e-08, 3.198975019466743e-08, 2.677067390268286e-08, 2.239930046388739e-08, 1.8701629142250434e-08, 1.562987879375837e-08, 1.3036240023026412e-08, 1.088522434934913e-08, 9.073688124672133e-09, 7.536182705081259e-09, 6.274019316686287e-09, 5.218115661596768e-09, 4.339092514582776e-09, 3.628248585135479e-09, 3.029854196888546e-09, 2.5161392940447965e-09, 2.1070916862484107e-09, 1.7565115994448945e-09, 1.4668472533448627e-09]
W_list: [6]
L_list: [5.945168909548722]
