R_list= [ 1  2  3  4  5  6  7  8  9 10 11 12 13 14 15 16 17 18 19 20 21 22 23 24
 25 26 27 28 29 30 31 32 33 34 35 36 37 38]
C_final_list= [8.187943881373722e-07, 4.1367368040909185e-07, 1.7188979851383999e-07, 6.432752089399949e-08, 2.2742250587531655e-08, 7.769670940472729e-09, 2.60794355379789e-09, 8.670898531917539e-10, 2.866481625683984e-10, 9.551580046067931e-11, 3.2464234770816246e-11, 1.1505531855116434e-11, 4.114984559082266e-12, 1.4050737806568087e-12, 4.624477852795617e-13, 1.546239270788773e-13, 5.438613693920965e-14, 1.9951438507508428e-14, 7.156347687366647e-15, 2.5569110391330547e-15, 9.375252365828529e-16, 3.618886501519205e-16, 1.4333754584266275e-16, 5.589717982457326e-17, 2.2757068770591873e-17, 1.0179632869816362e-17, 5.279081827644008e-18, 2.8861550935735575e-18, 1.433697384709901e-18, 6.2964944870722e-19, 2.541476265295074e-19, 1.0930458597102732e-19, 5.105958170781528e-20, 2.625845640968715e-20, 1.501556131126348e-20, 1.0129114529703053e-20, 7.646166232528594e-21, 6.2038472097744735e-21]
W_list: [5]
L_list: [1.3061617479134475]
