C_final_list: [1.966046946975794e-06, 1.691399235905343e-06, 1.4523921655539582e-06, 1.2386372634686763e-06, 1.0569157701232488e-06, 9.027233255601628e-07, 7.701996640702606e-07, 6.553943993286292e-07, 5.586866486006715e-07, 4.758137143787752e-07, 4.059559337928328e-07, 3.4479876950611224e-07, 2.9299247431406807e-07, 2.4881391964771195e-07, 2.1154937104011498e-07, 1.800410007753312e-07, 1.5287300415935348e-07, 1.29155194457722e-07, 1.0926042878178256e-07, 9.243428134440916e-08, 7.832824039697399e-08, 6.640913843111196e-08, 5.6267549333596544e-08, 4.770323855260723e-08, 4.037494537330464e-08, 3.425857648437974e-08, 2.905321025038301e-08, 2.444211289548508e-08, 2.0638993134808197e-08, 1.7397340601057077e-08, 1.4781434532706306e-08, 1.258713777066608e-08, 1.0734400615868643e-08, 9.12130892998872e-09, 7.794420250736627e-09, 6.660492791834425e-09, 5.662543894760125e-09, 4.8255914222637044e-09, 4.104760922040887e-09, 3.4958336033875894e-09, 2.9735428444419192e-09, 2.5048798355363583e-09, 2.1121391692107224e-09, 1.7791730219409359e-09, 1.4977436763402859e-09, 1.2539731371417118e-09, 1.0586012565484715e-09, 8.960742746639688e-10, 7.551941302950015e-10, 6.327604638531509e-10]
ndim2: 500
W_list: [3.3499999999999996]
L_list: [6.3090461771765165]
