C_final_list: [8.541687518872944e-07, 8.162213386647397e-07, 7.776600428653919e-07, 7.403271530120163e-07, 7.044173667934827e-07, 6.693795814461505e-07, 6.35894022587147e-07, 6.044967519034617e-07, 5.745407257131428e-07, 5.459853058639762e-07, 5.186963272171889e-07, 4.926746075464946e-07, 4.680557129039264e-07, 4.443633236009836e-07, 4.214368470595214e-07, 3.9984772775894955e-07, 3.796465301412592e-07, 3.6033972956697683e-07, 3.4209273310837e-07, 3.2471326415356346e-07, 3.080016859352449e-07, 2.9204847414246527e-07, 2.7687544541377556e-07, 2.624123523212393e-07, 2.4870160323489885e-07, 2.356539521632194e-07, 2.2329506782333524e-07, 2.115437522709014e-07, 2.0040986644094396e-07, 1.8987752324683394e-07, 1.7988193203255496e-07, 1.703899970539754e-07, 1.6135004594001115e-07, 1.5271192660854825e-07, 1.4457486915456272e-07]
ndim2: 500
W_list: [3.6]
L_list: [19.351400112543935]
