R_list= [ 1  2  3  4  5  6  7  8  9 10 11 12 13 14 15 16 17 18 19 20 21 22 23 24
 25 26 27 28 29 30 31 32 33 34 35 36 37 38]
C_final_list= [3.0020700958071217e-06, 2.2642136583097994e-06, 1.5992950924322994e-06, 1.1109606687995638e-06, 7.744956520613392e-07, 5.443158847820699e-07, 3.85189348630634e-07, 2.738373435711027e-07, 1.947525710624309e-07, 1.380562085153871e-07, 9.757204838703562e-08, 6.876961009050915e-08, 4.8442043952125564e-08, 3.409317960862036e-08, 2.3919942716483124e-08, 1.6632553583789186e-08, 1.1508209957806928e-08, 7.96485897613102e-09, 5.54004924575484e-09, 3.872308425602282e-09, 2.723665540135808e-09, 1.917865964042029e-09, 1.3463397145022447e-09, 9.436500111203324e-10, 6.581235812342659e-10, 4.5803957198865474e-10, 3.19722080477833e-10, 2.247686785192212e-10, 1.5882669299445435e-10, 1.1179494078451415e-10, 7.773320610343741e-11, 5.35733023102969e-11, 3.6755556841148763e-11, 2.5041425286356173e-11, 1.7015740747894694e-11, 1.1541078541491221e-11, 7.892508013479654e-12, 5.455209073594876e-12]
W_list: [4]
L_list: [2.9709526272816977]
