R_list= [ 1  2  3  4  5  6  7  8  9 10 11 12 13 14 15 16 17 18 19 20 21 22 23 24
 25 26 27 28 29 30 31 32 33 34 35 36 37 38]
C_final_list= [3.1835788654696333e-07, 1.5744431496032362e-07, 6.3327794363191e-08, 2.2870898642252846e-08, 7.793491641596457e-09, 2.58293356820176e-09, 8.484107926220721e-10, 2.7841865028676655e-10, 9.126977760571774e-11, 2.99868184753101e-11, 9.950496207166307e-12, 3.4467172051033947e-12, 1.3175034864254948e-12, 5.437496217634837e-13, 2.2383651147571974e-13, 8.656417454717138e-14, 3.029319478750431e-14, 9.704302824815918e-15, 2.934908254575477e-15, 8.820284843403556e-16, 2.502684140402207e-16, 7.544251531349359e-17, 2.2823276374581212e-17, 6.967612024486045e-18, 2.191283286963992e-18, 7.136863552624307e-19, 2.410771015233995e-19, 8.354662928930603e-20, 2.9462603695720404e-20, 1.0921671147364912e-20, 4.690557143529638e-21, 2.4488420601919244e-21, 1.546611277688468e-21, 1.133426386010503e-21, 9.51110287291595e-22, 8.781207508920376e-22, 8.599468604318299e-22, 8.4400733242943e-22]
W_list: [5]
L_list: [1.27056009170004]
