R_list= [ 1  2  3  4  5  6  7  8  9 10 11 12 13 14 15 16 17 18 19 20 21 22 23 24
 25 26 27 28 29 30 31 32 33 34 35 36 37 38]
C_final_list= [3.62728172665118e-05, 2.3733481993651454e-05, 1.540563081364215e-05, 9.967364396618206e-06, 6.441313474166647e-06, 4.165675351302835e-06, 2.6898364440156724e-06, 1.7385023097159004e-06, 1.1226825140171236e-06, 7.232257530355573e-07, 4.67120378694876e-07, 3.020034577409767e-07, 1.9497758269730246e-07, 1.2594164555351333e-07, 8.0959814922231e-08, 5.198592699103289e-08, 3.35867017227285e-08, 2.158633985382998e-08, 1.394432376631165e-08, 9.015779401865825e-09, 5.863929081042145e-09, 3.7865948064343e-09, 2.4363126501418315e-09, 1.5845337560728783e-09, 1.0349613497166252e-09, 6.697618228312331e-10, 4.332249164048506e-10, 2.838411572033057e-10, 1.846307955739148e-10, 1.2046101617126488e-10, 7.862731053618468e-11, 5.149729214758406e-11, 3.3240468521540024e-11, 2.079270161203726e-11, 1.2915771000240707e-11, 7.97950803791566e-12, 5.164209299757176e-12, 3.191883635580159e-12]
W_list: [8.15]
L_list: [2.320326824209206]
