C_final_list: [1.7109108727320015e-06, 1.654281367177955e-06, 1.5983038238129547e-06, 1.5442070053800085e-06, 1.492777341011824e-06, 1.4422087714725848e-06, 1.392351768123476e-06, 1.3444778574847968e-06, 1.298256042899619e-06, 1.2535087102619504e-06, 1.2102506396521189e-06, 1.168338916887266e-06, 1.1287212652894888e-06, 1.0908755938659464e-06, 1.053593450850435e-06, 1.0178366441822006e-06, 9.830611419959296e-07, 9.495877836418809e-07, 9.170555824474152e-07, 8.854594500606895e-07, 8.553437211339156e-07, 8.264172496673939e-07, 7.978599654055296e-07, 7.698695423616725e-07, 7.431711115340179e-07, 7.174217920586351e-07, 6.927773648240093e-07, 6.691208915673269e-07, 6.460575174296037e-07, 6.237727478817273e-07, 6.018799636789251e-07, 5.805885736738453e-07, 5.600727261104438e-07, 5.404693301653601e-07, 5.213815476459704e-07]
ndim2: 500
W_list: [2.6]
L_list: [28.70268799974642]
