R_list= [ 1  2  3  4  5  6  7  8  9 10 11 12 13 14 15 16 17 18 19 20 21 22 23 24
 25 26 27 28 29 30 31 32 33 34 35 36 37 38]
C_final_list= [4.6211879323559287e-07, 2.6053934944640833e-07, 1.2596778462370087e-07, 5.637610657533599e-08, 2.4161078260509343e-08, 1.0111319539224029e-08, 4.164881888471766e-09, 1.6940249573924606e-09, 6.822843270213268e-10, 2.726515840819253e-10, 1.082195391674891e-10, 4.301611027417354e-11, 1.7280888750282112e-11, 6.9919722654667235e-12, 2.8766352439934193e-12, 1.2224340092675502e-12, 5.22780978290102e-13, 2.2176630418570996e-13, 9.917703361838814e-14, 4.482079357802098e-14, 1.996011618522966e-14, 8.581525682442113e-15, 3.817732249134266e-15, 1.9749328998399376e-15, 1.5228500144239289e-15, 1.5418087020559231e-15, 1.5063570817978345e-15, 1.278731178928738e-15, 8.325959828568535e-16, 4.483147318231401e-16, 1.9009324257648779e-16, 6.326518642221337e-17, 2.0957905428819966e-17, 7.679137256222008e-18, 2.9216789307565845e-18, 1.0988572781945789e-18, 4.460423331614975e-19, 2.0965499118763066e-19]
W_list: [5]
L_list: [1.5236089893511164]
