R_list= [ 1  2  3  4  5  6  7  8  9 10 11 12 13 14 15 16 17 18 19 20 21 22 23 24
 25 26 27 28 29 30 31 32 33 34 35 36 37 38]
C_final_list= [7.724146740458959e-07, 6.674499428503872e-07, 5.74605685480087e-07, 4.938099910752947e-07, 4.2379506737166204e-07, 3.635282034646235e-07, 3.1064481967642425e-07, 2.659827123694886e-07, 2.280842631084453e-07, 1.9525864497615904e-07, 1.6699543634560388e-07, 1.4291510024547454e-07, 1.2228571028992235e-07, 1.0446974413948136e-07, 8.892117662590017e-08, 7.572909737038961e-08, 6.434475207366971e-08, 5.473656069346738e-08, 4.635621500362993e-08, 3.93232980617936e-08, 3.333860119361247e-08, 2.8280309367297277e-08, 2.4009858856997356e-08, 2.0301510544872844e-08, 1.71930340005758e-08, 1.4569589043553382e-08, 1.2319811172585357e-08, 1.0434173975439947e-08, 8.861330942256133e-09, 7.531479125864894e-09, 6.386109238556738e-09, 5.4213985503853585e-09, 4.596466310989219e-09, 3.905140906124981e-09, 3.3265330066736173e-09, 2.826583513801745e-09, 2.4011991471532617e-09, 2.0446624421535113e-09]
W_list: [6.4]
L_list: [6.495309225658581]
