C_list:
1.3656381258743608e-06 0.052487973450537344
ndim2: 500
W_list: [2.4]
L_list: [19.051983421351974]
