C_final_list: [1.800579464949346e-06, 1.6762149935364592e-06, 1.5566146438142724e-06, 1.4446658355104474e-06, 1.3409645433686884e-06, 1.2462535776543428e-06, 1.1571706222988051e-06, 1.0744923018942948e-06, 9.964188435838176e-07, 9.235497166567242e-07, 8.55904671616717e-07, 7.93789093268378e-07, 7.364811868642438e-07, 6.824500499189345e-07, 6.326446523357297e-07, 5.859642649487432e-07, 5.430882112972816e-07, 5.032930490604738e-07, 4.6576180603531005e-07, 4.307529438418402e-07, 3.9817035324559576e-07, 3.6823696874420985e-07, 3.402592925557562e-07, 3.1437362374472597e-07, 2.906140684576696e-07, 2.6873056531782083e-07, 2.484998128519685e-07, 2.2982966683625794e-07, 2.126124917076416e-07, 1.9642420843070244e-07, 1.8146641636218093e-07, 1.676470241649757e-07, 1.548943854702186e-07, 1.4318431035766862e-07, 1.3233497905278773e-07, 1.2222421306537048e-07, 1.1283951279896434e-07, 1.0417347479262237e-07, 9.636089372390368e-08, 8.904110061628933e-08, 8.2249737038326e-08, 7.599963654701774e-08, 7.019615964059701e-08, 6.476951071332391e-08, 5.973240075773377e-08, 5.50338741698817e-08, 5.0694729305790985e-08, 4.6745423311691725e-08, 4.313611961854809e-08, 3.97568015421662e-08]
ndim2: 500
W_list: [3.25]
L_list: [13.183454448128185]
