C_list:
1.2040687189810101e-06 0.02589773017518037
ndim2: 500
W_list: [2.2]
L_list: [38.613422614093444]
