R_list= [ 1  2  3  4  5  6  7  8  9 10 11 12 13 14 15 16 17 18 19 20 21 22 23 24
 25 26 27 28 29 30 31 32 33 34 35 36 37 38]
C_final_list= [1.052117027426599e-06, 9.360248772385443e-07, 8.449044169902052e-07, 7.658191913884974e-07, 6.932804634999211e-07, 6.263701896076857e-07, 5.656707138906146e-07, 5.112085629042838e-07, 4.618226848322926e-07, 4.1730492512639006e-07, 3.7680318259153355e-07, 3.40251330247144e-07, 3.069293109108634e-07, 2.765593958991387e-07, 2.4915941495361233e-07, 2.2431503380249272e-07, 2.0167649199789443e-07, 1.812736085700869e-07, 1.628301267551017e-07, 1.4603936989629428e-07, 1.309393316801123e-07, 1.1733699846745671e-07, 1.0505193687423157e-07, 9.392499939214809e-08, 8.395909693442027e-08, 7.509127056646003e-08, 6.71374495527499e-08, 6.00079911831526e-08, 5.3663376152850467e-08, 4.807098168416123e-08, 4.307024388981273e-08, 3.853992135829965e-08, 3.4448738280122275e-08, 3.080078362612806e-08, 2.7568630968419424e-08, 2.4717913105692853e-08, 2.216251888493244e-08, 1.9863270122162795e-08]
W_list: [5]
L_list: [9.68011879266624]
