C_final_list: [1.6996959197586098e-06, 1.6750771946113328e-06, 1.6555764296931104e-06, 1.6339794877062086e-06, 1.6132662079634108e-06, 1.5927631977891137e-06, 1.5726702221795693e-06, 1.5530379154494132e-06, 1.534118762324731e-06, 1.5151921555709791e-06, 1.4966715339246044e-06, 1.4785306613126007e-06, 1.4604541650868671e-06, 1.4427278755097882e-06, 1.4252311046791397e-06, 1.4081303891126998e-06, 1.3910298065635442e-06, 1.3741117234357044e-06, 1.357457377903462e-06, 1.3405756285180373e-06, 1.3239906429143855e-06, 1.3075717254262363e-06, 1.291259576719521e-06, 1.275220153605243e-06, 1.2593318961747228e-06, 1.2434724057082834e-06, 1.2280950495531664e-06, 1.212852970246702e-06, 1.1977531304283986e-06, 1.182610314518071e-06, 1.1677457404588572e-06, 1.1531712199068446e-06, 1.1385891205016514e-06, 1.124093858708721e-06, 1.1098616451353392e-06]
ndim2: 500
W_list: [1.4]
L_list: [80.43279064074045]
