R_list= [ 1  2  3  4  5  6  7  8  9 10 11 12 13 14 15 16 17 18 19 20 21 22 23 24
 25 26 27 28 29 30 31 32 33 34 35 36 37 38]
C_final_list= [2.997197836685872e-07, 2.714436857545287e-07, 2.434322390282327e-07, 2.1744284841953108e-07, 1.935831196535169e-07, 1.719008492071907e-07, 1.5263430171980873e-07, 1.354965315316184e-07, 1.2015258644854557e-07, 1.0633190870841839e-07, 9.41275016667999e-08, 8.320753374322125e-08, 7.347957832422548e-08, 6.492428820882109e-08, 5.738895122208526e-08, 5.0678897643862146e-08, 4.47282567090623e-08, 3.942514853414768e-08, 3.47322878557762e-08, 3.0590933558473506e-08, 2.6918291610844814e-08, 2.368144679511208e-08, 2.0824086474835602e-08, 1.828281851182114e-08, 1.6043571881432292e-08, 1.4077009463855373e-08, 1.234318139522146e-08, 1.0829512697829563e-08, 9.517948471886157e-09, 8.372339879827526e-09, 7.361135855427576e-09, 6.459152062815345e-09, 5.6597812509991106e-09, 4.9519969736366845e-09, 4.335629415362632e-09, 3.7894762640235714e-09, 3.3107993589744774e-09, 2.890193099740822e-09]
W_list: [8.2]
L_list: [8.420506095231602]
