R_list= [ 1  2  3  4  5  6  7  8  9 10 11 12 13 14 15 16 17 18 19 20 21 22 23 24
 25 26 27 28 29 30 31 32 33 34 35 36 37 38]
C_final_list= [1.252073935793533e-06, 1.216901838254887e-06, 1.1815834568659156e-06, 1.147276684143464e-06, 1.113669911356348e-06, 1.0813605614068756e-06, 1.0501143244233733e-06, 1.019288750251129e-06, 9.893835370091741e-07, 9.601348838366815e-07, 9.318471189876711e-07, 9.041623074082822e-07, 8.773414224347814e-07, 8.513649069875866e-07, 8.261415473055256e-07, 8.014570206617413e-07, 7.778791947749929e-07, 7.548294863509825e-07, 7.321892670863684e-07, 7.101431199547797e-07, 6.887498822399241e-07, 6.67994624943567e-07, 6.476928301575545e-07, 6.279882800544891e-07, 6.089625574834203e-07, 5.903327905827749e-07, 5.723108356417641e-07, 5.548879247522561e-07, 5.379186869361987e-07, 5.214892659735947e-07, 5.05452038452946e-07, 4.899121464690516e-07, 4.7468896436928516e-07, 4.600090797296896e-07, 4.458392907984817e-07, 4.320994355916223e-07, 4.188322344502444e-07, 4.0587422773992283e-07]
W_list: [5]
L_list: [33.01641357526941]
