R_list= [ 1  2  3  4  5  6  7  8  9 10 11 12 13 14 15 16 17 18 19 20 21 22 23 24
 25 26 27 28 29 30 31 32]
C_final_list= [1.550461806473585e-07, 8.475240258099256e-08, 4.114696340075426e-08, 1.9140669476936724e-08, 8.757010454388424e-09, 3.992104946070793e-09, 1.810381370891292e-09, 8.171922061681546e-10, 3.666172575706725e-10, 1.616779591532269e-10, 7.056156776505007e-11, 3.068705501102903e-11, 1.3280123377920501e-11, 5.7009337059004834e-12, 2.4380096554904976e-12, 1.0546673077601338e-12, 4.595896669819245e-13, 2.0402971410266433e-13, 9.061335394203285e-14, 3.898700880644278e-14, 1.6013655996529133e-14, 6.66475807550887e-15, 2.7336497649029557e-15, 1.1684567619306969e-15, 5.087069862830976e-16, 2.0616123581328427e-16, 8.201499862489379e-17, 3.4523690195475874e-17, 1.689723069099563e-17, 8.420320424889043e-18, 3.887042619179444e-18, 1.5083271152770566e-18]
W_list: [6]
L_list: [1.504650490854251]
