R_list= [ 1  2  3  4  5  6  7  8  9 10 11 12 13 14 15 16 17 18 19 20 21 22 23 24
 25 26 27 28 29 30 31 32 33 34 35 36 37 38]
C_final_list= [3.717859869500471e-06, 3.0740445476908105e-06, 2.517689552155506e-06, 2.0557919079803473e-06, 1.6764165777175494e-06, 1.3668866915431094e-06, 1.1151809508055013e-06, 9.070621785961174e-07, 7.373802820381196e-07, 5.988655174379312e-07, 4.854044788338106e-07, 3.932113109208663e-07, 3.1840140798316545e-07, 2.5793725716689767e-07, 2.0878840838597237e-07, 1.6912676685826813e-07, 1.3691047337371633e-07, 1.1066889606557945e-07, 8.930950202072865e-08, 7.221151565952211e-08, 5.849373936934947e-08, 4.747023328999345e-08, 3.8552068386955106e-08, 3.1322529985095077e-08, 2.5487677542860235e-08, 2.0662095994352763e-08, 1.6752816426283845e-08, 1.3542519632866366e-08, 1.1022953751041518e-08, 8.988029047039624e-09, 7.317008546164489e-09, 5.96771011636481e-09, 4.877694857828366e-09, 3.990840777137023e-09, 3.2583295444123823e-09, 2.6565530421786e-09, 2.1694456798265485e-09, 1.7668246824732873e-09]
W_list: [8.0]
L_list: [4.931924929631985]
