R_list= [ 1  2  3  4  5  6  7  8  9 10 11 12 13 14 15 16 17 18 19 20 21 22 23 24
 25 26 27 28 29 30 31 32 33 34 35 36 37 38]
C_final_list= [2.0484532355930216e-06, 2.0122907244349065e-06, 1.9774224631703885e-06, 1.9437840833640563e-06, 1.9108062361741277e-06, 1.8786698875737088e-06, 1.847048835381781e-06, 1.8158478855399064e-06, 1.7854956827939883e-06, 1.7553116738438187e-06, 1.7258578528840013e-06, 1.6967558509915577e-06, 1.6686193793904033e-06, 1.6408287175165447e-06, 1.613603739495321e-06, 1.5868653569241256e-06, 1.5604235821935128e-06, 1.5341379449358095e-06, 1.5083437697976214e-06, 1.4830013674255367e-06, 1.4581311567166869e-06, 1.4337346551718327e-06, 1.409857074988137e-06, 1.3863529414555604e-06, 1.3629869406382564e-06, 1.3399483409036381e-06, 1.3173150134269436e-06, 1.2950392372725344e-06, 1.2730869743099773e-06, 1.2517620842509254e-06, 1.230856753512755e-06, 1.2100969104800831e-06, 1.1899855519302326e-06, 1.1702886357596653e-06, 1.1508501546338334e-06, 1.1318151532970383e-06, 1.1129480733102122e-06, 1.094400508888826e-06]
W_list: [4]
L_list: [59.10187705744255]
