C_final_list: [7.053357176824814e-07, 6.638877474780547e-07, 6.223922283360251e-07, 5.831923981652316e-07, 5.456507399282917e-07, 5.102847782437917e-07, 4.768504658423967e-07, 4.456583623478201e-07, 4.166501147523294e-07, 3.894753373836921e-07, 3.640228388289317e-07, 3.403910874965693e-07, 3.1803836475129414e-07, 2.9716826485166046e-07, 2.776526076454248e-07, 2.594501955712117e-07, 2.424105145370003e-07, 2.2610604676429314e-07, 2.1096708071682642e-07, 1.968699434720301e-07, 1.8357827341002934e-07, 1.7103741925140098e-07, 1.5930232931313679e-07, 1.4835829449167758e-07, 1.3804255083053272e-07, 1.2836837636714163e-07, 1.1939660991739246e-07, 1.1094889993668366e-07, 1.0310255867620945e-07, 9.57553391967037e-08, 8.897026310479446e-08, 8.268543092985846e-08, 7.68020575376765e-08, 7.13519441696508e-08, 6.630108036096582e-08]
ndim2: 500
W_list: [4.2]
L_list: [14.709771218632252]
