R_list= [ 1  2  3  4  5  6  7  8  9 10 11 12 13 14 15 16 17 18 19 20 21 22 23 24
 25 26 27 28 29 30 31 32 33 34 35 36 37 38]
C_final_list= [3.0861492170606175e-07, 2.805283177383429e-07, 2.523654247665832e-07, 2.2596071190212726e-07, 2.0185416790395846e-07, 1.7977231803252839e-07, 1.598977282834365e-07, 1.4205639144182848e-07, 1.262096171194658e-07, 1.120487735696554e-07, 9.932690007388783e-08, 8.788792575173756e-08, 7.77389733492606e-08, 6.881257811523349e-08, 6.088770569206074e-08, 5.3866022762026145e-08, 4.766533567135932e-08, 4.215747781236693e-08, 3.7229011549839575e-08, 3.286844823447158e-08, 2.902117550779481e-08, 2.561833013956047e-08, 2.259280976897783e-08, 1.9913316190060164e-08, 1.7542433681809117e-08, 1.5413260355504897e-08, 1.3549051990332442e-08, 1.1917539632992509e-08, 1.0472831168565879e-08, 9.194016732577421e-09, 8.07259905592015e-09, 7.071957953919081e-09, 6.189660406326144e-09, 5.418488832341376e-09, 4.741331718308734e-09, 4.1501919142351405e-09, 3.629681982917766e-09, 3.1712143683567467e-09]
W_list: [8.2]
L_list: [8.575854285417279]
