C_list:
1.020841924943505e-06 0.03888548320081412
ndim2: 500
W_list: [2.6]
L_list: [25.716537835874536]
