R_list= [ 1  2  3  4  5  6  7  8  9 10 11 12 13 14 15 16 17 18 19 20 21 22 23 24
 25 26 27 28 29 30 31 32 33 34 35 36 37 38]
C_final_list= [3.3724793162149117e-05, 2.1467464198123516e-05, 1.3636237615046001e-05, 8.64942973349191e-06, 5.474459929982392e-06, 3.4653132777457857e-06, 2.1885186750118707e-06, 1.3761533207020964e-06, 8.625088160710002e-07, 5.405062966066238e-07, 3.381919455212888e-07, 2.1142042931889964e-07, 1.326579880780599e-07, 8.336114300291003e-08, 5.220952921675488e-08, 3.2880083353772526e-08, 2.07438925435517e-08, 1.3017642939613446e-08, 8.06018986201617e-09, 5.00519137566877e-09, 3.142631035172558e-09, 1.9534113753653915e-09, 1.22373677505203e-09, 7.754765207876141e-10, 4.942127053514603e-10, 3.1109005842176076e-10, 2.011175920401011e-10, 1.2833379199186272e-10, 7.99350143399623e-11, 5.096443520338935e-11, 3.1975763898008604e-11, 2.0363611867627814e-11, 1.2952668131907654e-11, 8.347336667987614e-12, 5.369034099825646e-12, 3.415964678690651e-12, 2.218158112101272e-12, 1.3836895728371605e-12]
W_list: [8.45]
L_list: [2.201880098329373]
