R_list= [ 1  2  3  4  5  6  7  8  9 10 11 12 13 14 15 16 17 18 19 20 21 22 23 24
 25 26 27 28 29 30 31 32 33 34 35 36 37 38]
C_final_list= [8.222603915025097e-08, 3.937271229627429e-08, 1.5121143285574286e-08, 5.157586904283809e-09, 1.6376448370692809e-09, 4.981374042887693e-10, 1.473748929190747e-10, 4.299749803438645e-11, 1.2450029240322701e-11, 3.5682460843445483e-12, 1.0265780440216128e-12, 2.9980082792368277e-13, 9.011265905431171e-14, 2.7718565561140207e-14, 8.421940662866472e-15, 2.5063530050061528e-15, 7.415747077144782e-16, 2.2153364538160496e-16, 6.78763311431821e-17, 2.1626609829519975e-17, 6.9616025199395e-18, 2.1690686005716613e-18, 6.479356364571755e-19, 1.8942674840480735e-19, 5.511370182571737e-20, 1.6353129918326525e-20, 4.9573213383317734e-21, 1.5511649263464446e-21, 5.034644988607719e-22, 1.7366671376221724e-22, 6.867331154686237e-23, 3.38172393165695e-23, 2.1482023943229168e-23, 1.6822131593347114e-23, 1.4839851012871867e-23, 1.392437836219403e-23, 1.3485478397685992e-23, 1.3136230885618098e-23]
W_list: [5]
L_list: [1.2210051692023092]
