R_list= [ 1  2  3  4  5  6  7  8  9 10 11 12 13 14 15 16 17 18 19 20 21 22 23 24
 25 26 27 28 29 30 31 32 33 34 35 36 37 38]
C_final_list= [9.656563180613924e-07, 8.554207123977861e-07, 7.558974090221271e-07, 6.66826523715955e-07, 5.886353894016854e-07, 5.189821903054927e-07, 4.5812609242752887e-07, 4.035884396459285e-07, 3.5628146880878474e-07, 3.148070980907849e-07, 2.7801162464921994e-07, 2.451483960251826e-07, 2.159280177021089e-07, 1.9009986983080426e-07, 1.675099684412852e-07, 1.4742832261701132e-07, 1.297093124859738e-07, 1.1399511417919891e-07, 1.002742237866373e-07, 8.814834253868861e-08, 7.736071550230292e-08, 6.789076189285721e-08, 5.9603057254841406e-08, 5.230999141735221e-08, 4.586781143372462e-08, 4.021993061903722e-08, 3.5147868060349254e-08, 3.0717750583902775e-08, 2.6865801730384003e-08, 2.349313683569091e-08, 2.0516170278380506e-08, 1.7934479021617675e-08, 1.5638902752491733e-08, 1.3641016297144926e-08, 1.19046520459795e-08, 1.0396710684742549e-08, 9.087723065135746e-09, 7.93671039341916e-09]
W_list: [6]
L_list: [7.966884503168404]
