R_list= [ 1  2  3  4  5  6  7  8  9 10 11 12 13 14 15 16 17 18 19 20 21 22 23 24
 25 26 27 28 29 30 31 32 33 34 35 36 37 38]
C_final_list= [3.021446753144653e-07, 1.6364673884582356e-07, 7.87168283195538e-08, 3.62501509254591e-08, 1.6364530876427337e-08, 7.3581340103566505e-09, 3.3030270398982497e-09, 1.4680894360852232e-09, 6.472073086675001e-10, 2.8713302265491174e-10, 1.2656757857418682e-10, 5.397141580536563e-11, 2.2589601416670057e-11, 9.60389305220787e-12, 4.163730944950838e-12, 1.8787479577265344e-12, 8.854155250940607e-13, 4.158804966471073e-13, 1.8895471614080281e-13, 8.776359614233394e-14, 4.937504664229184e-14, 2.5860552727067116e-14, 1.0564758062789079e-14, 4.120666966704798e-15, 1.4379489191643466e-15, 5.090621653389373e-16, 1.8084550373578612e-16, 6.501323268332605e-17, 2.480220487186181e-17, 1.0532467519614344e-17, 5.093341886049365e-18, 2.427940313766276e-18, 1.0454382033727483e-18, 4.187538460729799e-19, 1.6705363390543946e-19, 6.602370072867118e-20, 2.595890859556024e-20, 1.0221589385902377e-20]
W_list: [6]
L_list: [1.4857505532280602]
