R_list= [ 1  2  3  4  5  6  7  8  9 10 11 12 13 14 15 16 17 18 19 20 21 22 23 24
 25 26 27 28 29 30 31 32 33 34 35 36 37 38]
C_final_list= [6.251370210908155e-07, 3.2840969401444706e-07, 1.5407725886298617e-07, 6.976575463538989e-08, 3.123856405406085e-08, 1.3772543150339411e-08, 5.9754358607901795e-09, 2.5763446109609182e-09, 1.10685940982048e-09, 4.708476112477781e-10, 1.975367213259894e-10, 8.136298939262453e-11, 3.366813765926335e-11, 1.4124645498914707e-11, 5.888425043346559e-12, 2.5476525839985992e-12, 1.1036559076266283e-12, 4.608787981792995e-13, 1.9717553579698244e-13, 9.242281378135673e-14, 4.29851412272569e-14, 2.0643331419345454e-14, 9.919732894911979e-15, 3.9651621875937205e-15, 1.410526461860749e-15, 4.830408840345677e-16, 1.820901806912792e-16, 8.607291320420015e-17, 4.134018838429782e-17, 1.6558981869157304e-17, 5.517472110300928e-18, 1.798408947840396e-18, 7.291248792058383e-19, 4.946177637597145e-19, 2.392630019236724e-19, 8.290705707121067e-20, 2.6679081691185453e-20, 1.1611479466655294e-20]
W_list: [6]
L_list: [1.4343204933345715]
