R_list= [ 1  2  3  4  5  6  7  8  9 10 11 12 13 14 15 16 17 18 19 20 21 22 23 24
 25 26 27 28 29 30 31 32 33 34 35 36 37 38]
C_final_list= [4.083681261383027e-07, 2.6128602069967504e-07, 1.603381807821179e-07, 9.796519965065275e-08, 5.97356719916633e-08, 3.646355894239398e-08, 2.2272383625249743e-08, 1.3556037540487486e-08, 8.214687726966476e-09, 4.938322201173078e-09, 2.955212746382623e-09, 1.7697259629550966e-09, 1.0534924912472374e-09, 6.239856067547905e-10, 3.706508328519516e-10, 2.1945493666446347e-10, 1.3039259722351193e-10, 7.804820065639273e-11, 4.692758298567254e-11, 2.771340439676157e-11, 1.6117357785640014e-11, 9.426066124944341e-12, 5.5419232065102666e-12, 3.2663556610035323e-12, 1.9498196051702137e-12, 1.1578262096018943e-12, 6.937787561052126e-13, 4.0463835278709464e-13, 2.2509597288605623e-13, 1.2422521093386228e-13, 6.742930442339283e-14, 3.815622666211861e-14, 2.2252866685295738e-14, 1.3216597096995704e-14, 8.608651171361592e-15, 5.190874220850174e-15, 2.6052927389791162e-15, 1.321874415007217e-15]
W_list: [6]
L_list: [2.1084598874045852]
