R_list= [ 1  2  3  4  5  6  7  8  9 10 11 12 13 14 15 16 17 18 19 20 21 22 23 24
 25 26 27 28 29 30]
C_final_list= [2.7339065471001524e-07, 2.110912613754531e-07, 1.611964931671984e-07, 1.229739788141961e-07, 9.361088838016743e-08, 7.120618301596761e-08, 5.416305961184402e-08, 4.1142776659749934e-08, 3.1159487674929075e-08, 2.353673361386041e-08, 1.7782340958203437e-08, 1.3434816565775917e-08, 1.0156935452110516e-08, 7.683082823261826e-09, 5.796934462094609e-09, 4.378189840023192e-09, 3.305824074539845e-09, 2.5023219976344003e-09, 1.895621258241704e-09, 1.435848509135462e-09, 1.0817553582835897e-09, 8.114196503883857e-10, 6.060523681233988e-10, 4.507621765419403e-10, 3.3460940823470564e-10, 2.49512517350466e-10, 1.8727246230442258e-10, 1.4077135323410222e-10, 1.0533343350847879e-10, 7.873991632932621e-11]
W_list: [6]
L_list: [3.702044294874693]
