C_final_list: [2.1266477984052066e-06, 1.9028993857527724e-06, 1.6938247981017699e-06, 1.509350199989276e-06, 1.3463264128292802e-06, 1.2024395120587613e-06, 1.071134244825875e-06, 9.55362583920292e-07, 8.537959550511846e-07, 7.620333480207901e-07, 6.797939711591286e-07, 6.059910346818249e-07, 5.396699025826199e-07, 4.787527462561134e-07, 4.2592228304308683e-07, 3.787862446568862e-07, 3.358368224590248e-07, 2.9706937216955296e-07, 2.6365603748891455e-07, 2.3411454997443907e-07, 2.0747247057765882e-07, 1.8422781163437972e-07, 1.6375757588340787e-07, 1.4539357984493976e-07, 1.2895304728101018e-07, 1.1380181353233004e-07, 1.0060519759625636e-07, 8.920309539389963e-08, 7.901648859895725e-08, 6.987489844950656e-08, 6.19949889669116e-08, 5.4798460572025066e-08, 4.846099674278253e-08, 4.281326224055536e-08, 3.7661052515983625e-08, 3.30785016755353e-08, 2.9127200241000346e-08, 2.567559783833142e-08, 2.2567445073941006e-08, 1.9748234568099255e-08, 1.7297896859117103e-08, 1.5135248962374624e-08, 1.3253751104203038e-08, 1.1628427509912907e-08, 1.0144130550062248e-08, 8.891695591113617e-09, 7.792625852986085e-09, 6.821919753545869e-09, 5.976969550823599e-09, 5.24043191463366e-09]
ndim2: 500
W_list: [2.8]
L_list: [8.661479023965136]
