R_list= [ 1  2  3  4  5  6  7  8  9 10 11 12 13 14 15 16 17 18 19 20 21 22 23 24
 25 26 27 28 29 30 31 32 33 34 35 36 37 38]
C_final_list= [6.943296367287328e-06, 5.981562708819041e-06, 5.106265413405806e-06, 4.346833141337087e-06, 3.69919137235261e-06, 3.1470593920289143e-06, 2.674119845092713e-06, 2.2710673258507744e-06, 1.9273724329608554e-06, 1.6350103733264891e-06, 1.3860119305496524e-06, 1.174583459255001e-06, 9.952960983994197e-07, 8.424428602796941e-07, 7.124926072724599e-07, 6.028569243057772e-07, 5.102893119368234e-07, 4.315296558501402e-07, 3.648753588873223e-07, 3.0866277164034527e-07, 2.612876433259089e-07, 2.2122245528943571e-07, 1.8732684234869546e-07, 1.5852966296583334e-07, 1.3422199577543267e-07, 1.1370288392179207e-07, 9.633960129764348e-08, 8.160322949514349e-08, 6.907325745063471e-08, 5.8380892127006195e-08, 4.938773785348694e-08, 4.175321453426432e-08, 3.530741757815427e-08, 2.98664633732144e-08, 2.5273217805553883e-08, 2.1372141000816837e-08, 1.8083969727094874e-08, 1.5309359250329497e-08]
W_list: [8.05]
L_list: [6.18851072399972]
