R_list= [ 1  2  3  4  5  6  7  8  9 10 11 12 13 14 15 16 17 18 19 20 21 22 23 24
 25 26 27 28 29 30 31 32 33 34 35 36 37 38]
C_final_list= [7.419122656009239e-07, 6.4727995259038e-07, 5.67291826974368e-07, 4.998726342996379e-07, 4.405243585572363e-07, 3.8773853106506613e-07, 3.4138512879358546e-07, 3.00592878944341e-07, 2.644860381794674e-07, 2.3293166179325943e-07, 2.0512903159808305e-07, 1.8043243509177538e-07, 1.5868479230083784e-07, 1.3953544055737525e-07, 1.224697260801863e-07, 1.073593770138488e-07, 9.40806118613023e-08, 8.24115341978684e-08, 7.221734906069084e-08, 6.336483695422789e-08, 5.5532361820908926e-08, 4.8550775998420724e-08, 4.238561335944109e-08, 3.6984814734409816e-08, 3.2254735365075566e-08, 2.8122314570958942e-08, 2.4514636306571933e-08, 2.1359434625687623e-08, 1.8623331798200125e-08, 1.6256057395519095e-08, 1.4190257037719945e-08, 1.2383193058841653e-08, 1.0798353620681084e-08, 9.422719469002308e-09, 8.212985254271365e-09, 7.151790392238393e-09, 6.2189974320561754e-09, 5.4015903216326005e-09]
W_list: [5]
L_list: [7.7607416011634704]
