R_list= [ 1  2  3  4  5  6  7  8  9 10 11 12 13 14 15 16 17 18 19 20 21 22 23 24
 25 26 27 28 29 30 31 32 33 34 35 36 37 38]
C_final_list= [1.9076403774359567e-07, 8.315786077880212e-08, 2.962986460010833e-08, 9.598408279929732e-09, 2.9380632569919793e-09, 8.669493655342562e-10, 2.5002516918062146e-10, 7.139467412972845e-11, 2.038081846474456e-11, 5.8893699973656196e-12, 1.6842886112101072e-12, 4.614480934558709e-13, 1.1993198698086522e-13, 3.0036445619079503e-14, 7.448192359627219e-15, 1.8783005155752785e-15, 4.802506646667292e-16, 1.2379688191007702e-16, 3.178924866763647e-17, 8.395809267976213e-18, 2.3042018668129285e-18, 6.164757576271126e-19, 1.6923211535225734e-19, 4.5402504081132614e-20, 1.1320868238229997e-20, 2.83094055113634e-21, 6.765409977783897e-22, 1.5477513629568585e-22, 3.696168673251987e-23, 9.932713035299622e-24, 3.488664135995428e-24, 1.683390185459854e-24, 8.87315637779822e-25, 4.161199041549314e-25, 2.618265233276607e-25, 1.898456267614805e-25, 1.5347738642257914e-25, 1.404802828336776e-25]
W_list: [6]
L_list: [1.1181119849683352]
