R_list= [ 1  2  3  4  5  6  7  8  9 10 11 12 13 14 15 16 17 18 19 20 21 22 23 24
 25 26 27 28 29 30 31 32 33 34 35 36 37 38]
C_final_list= [3.008793797601379e-05, 2.266133920933687e-05, 1.6964589342486232e-05, 1.2663942370949413e-05, 9.426237090077096e-06, 7.007002114668777e-06, 5.205759872058385e-06, 3.8661518442401116e-06, 2.8723526263758083e-06, 2.1338856093311774e-06, 1.58772694647356e-06, 1.181321677694884e-06, 8.81306909104135e-07, 6.560549553996251e-07, 4.88466691096256e-07, 3.6270614429427157e-07, 2.6908692216734606e-07, 1.995805893809383e-07, 1.4778346339456084e-07, 1.0934616603663272e-07, 8.092538533206222e-08, 6.000293530131181e-08, 4.452519989423738e-08, 3.307446196323941e-08, 2.452342300336706e-08, 1.8131067096060832e-08, 1.3395623525581707e-08, 9.889005237299663e-09, 7.334995096671456e-09, 5.429989898630321e-09, 4.022096053215469e-09, 2.977144745561912e-09, 2.2012846297543268e-09, 1.625669798069326e-09, 1.1891969715531794e-09, 8.727714722005513e-10, 6.385326599341821e-10, 4.675035532852357e-10]
W_list: [8.25]
L_list: [3.429460318316229]
