R_list= [ 1  2  3  4  5  6  7  8  9 10 11 12 13 14 15 16 17 18 19 20 21 22 23 24
 25 26 27 28 29 30 31 32 33 34 35 36 37 38]
C_final_list= [3.815229896426388e-05, 2.5471990226118788e-05, 1.6947140363149867e-05, 1.125231759347372e-05, 7.474829207113991e-06, 4.952284451798731e-06, 3.273986428339244e-06, 2.158823552256977e-06, 1.4197683528717688e-06, 9.332527970444542e-07, 6.149400342872187e-07, 4.0407330515653943e-07, 2.6451718907511553e-07, 1.733736406163098e-07, 1.1329028095543675e-07, 7.426186582043249e-08, 4.852148730798588e-08, 3.164718266442169e-08, 2.0780667771921942e-08, 1.3545305748454873e-08, 8.858162887835111e-09, 5.822967573267044e-09, 3.86567630714438e-09, 2.5603386625158964e-09, 1.6690322334991047e-09, 1.0858421901035842e-09, 7.061831229503935e-10, 4.573749936370782e-10, 2.916905267840002e-10, 1.8659793865677352e-10, 1.19892878392862e-10, 7.835445772848639e-11, 5.1284718881475035e-11, 3.2991483561178124e-11, 2.145754374445505e-11, 1.4168344305864863e-11, 9.212990530857582e-12, 6.127778369098144e-12]
W_list: [7.95]
L_list: [2.45266420817707]
