R_list= [ 1  2  3  4  5  6  7  8  9 10 11 12 13 14 15 16 17 18 19 20 21 22 23 24
 25 26 27 28 29 30 31 32 33 34 35 36 37 38]
C_final_list= [3.2458491428247023e-06, 2.6158814667240164e-06, 2.085864948195273e-06, 1.6579374455473896e-06, 1.3158837624147418e-06, 1.041951336804587e-06, 8.264661492065677e-07, 6.565653376841155e-07, 5.195643820634877e-07, 4.1033629714669676e-07, 3.2436768334881854e-07, 2.5629812110858825e-07, 2.0242944446933806e-07, 1.599339857882353e-07, 1.262995426355329e-07, 9.961780877837548e-08, 7.826063516552013e-08, 6.169702384977764e-08, 4.8755350424304156e-08, 3.854623406582054e-08, 3.046212038854546e-08, 2.4025344971725335e-08, 1.898666314129736e-08, 1.503195895175147e-08, 1.1883494293128182e-08, 9.411013230645429e-09, 7.46269556520914e-09, 5.894223400996934e-09, 4.665879039267298e-09, 3.675739911462821e-09, 2.8996199010521216e-09, 2.2895365988294204e-09, 1.8036267322978842e-09, 1.4195411295714252e-09, 1.1274578259746465e-09, 8.913630976507398e-10, 7.020714184079067e-10, 5.522454934331131e-10]
W_list: [8.4]
L_list: [4.370215467348004]
