R_list= [ 1  2  3  4  5  6  7  8  9 10 11 12 13 14 15 16 17 18 19 20 21 22 23 24
 25 26 27 28 29 30 31 32 33 34 35 36 37 38]
C_final_list= [6.076724131987557e-07, 4.6959578368211836e-07, 3.648016314301351e-07, 2.856086596100832e-07, 2.240156931011097e-07, 1.7554321164785947e-07, 1.3750159942864776e-07, 1.0770192882405955e-07, 8.413280265520514e-08, 6.571716119158123e-08, 5.1191016979313576e-08, 3.9712259584685004e-08, 3.079185296718868e-08, 2.388319916751807e-08, 1.8468107105652777e-08, 1.4253469938765695e-08, 1.0995372856806089e-08, 8.471281690979869e-09, 6.546647055478018e-09, 5.06530491967539e-09, 3.922602937721713e-09, 3.0392726422916896e-09, 2.347838909754417e-09, 1.8164045101896449e-09, 1.4056789620067914e-09, 1.0863685529397825e-09, 8.355618291807308e-10, 6.408919693584828e-10, 4.932179853699782e-10, 3.8191749111833355e-10, 2.9496497002620306e-10, 2.2785137339387151e-10, 1.7614858494644997e-10, 1.3738855803107044e-10, 1.0677956771241453e-10, 8.292813241952728e-11, 6.457332718735455e-11, 5.029199572729848e-11]
W_list: [6]
L_list: [4.026434374542482]
