C_final_list: [1.33052264063809e-06, 1.1796876846186226e-06, 1.0391171144254375e-06, 9.146881771847865e-07, 8.058995115486027e-07, 7.10505682172926e-07, 6.239316524327938e-07, 5.473430730586511e-07, 4.808759078717591e-07, 4.2190599431451193e-07, 3.693526212773544e-07, 3.2378269924281396e-07, 2.843448777353339e-07, 2.490373741969986e-07, 2.1793979316875164e-07, 1.9062638287790765e-07, 1.667746878811799e-07, 1.461296709495877e-07, 1.283076928533227e-07, 1.1218199565417364e-07, 9.779418295943256e-08, 8.531730229729408e-08, 7.439253189483471e-08, 6.477917571169438e-08, 5.6479190196737166e-08, 4.933461513954979e-08, 4.2904892009887116e-08, 3.7312402751699415e-08, 3.249753463844392e-08, 2.822415329243884e-08, 2.452864876616524e-08, 2.135127323334503e-08, 1.8562529703779547e-08, 1.6126417278398996e-08, 1.3991597089879124e-08]
ndim2: 500
W_list: [2.8]
L_list: [7.738042513203515]
