C_final_list: [2.1291894074574872e-06, 1.8925215220470927e-06, 1.6725000762703894e-06, 1.4804934490795738e-06, 1.3155671985819548e-06, 1.1673795773311924e-06, 1.0342704552651692e-06, 9.173431516461987e-07, 8.130016227699093e-07, 7.224046376251446e-07, 6.420737463632615e-07, 5.707228211561674e-07, 5.069535891375347e-07, 4.500716984258992e-07, 3.988559847186632e-07, 3.5455125608202414e-07, 3.1482769125714296e-07, 2.797411381039915e-07, 2.477895366437603e-07, 2.1917400013813358e-07, 1.9409264315727763e-07, 1.7174058851530267e-07, 1.5171616250578464e-07, 1.3398691595016334e-07, 1.180322992443167e-07, 1.0398053959830705e-07, 9.169410407967996e-08, 8.082917882790997e-08, 7.104058102732054e-08, 6.238075381222045e-08, 5.486159286293134e-08, 4.815503973962522e-08, 4.2151509712996956e-08, 3.692620232948412e-08, 3.242935525009792e-08, 2.8490673510045407e-08, 2.5022066289885487e-08, 2.1999507827115937e-08, 1.9287952247825815e-08, 1.6983656225673464e-08, 1.4930577581315294e-08, 1.3134996998005752e-08, 1.1596097946712795e-08, 1.0177705454933815e-08, 8.944634966957021e-09, 7.879886668262875e-09, 6.9094485506583985e-09, 6.059302113781563e-09, 5.3094965241234785e-09, 4.658150330346716e-09]
ndim2: 500
W_list: [2.8499999999999996]
L_list: [8.329621085323524]
