C_final_list: [1.2481866586879685e-06, 1.2159285503956255e-06, 1.1830058754222472e-06, 1.1509783464408862e-06, 1.1194420007274992e-06, 1.0885182514554086e-06, 1.0584295385852793e-06, 1.0292258563330186e-06, 1.0006820801285093e-06, 9.726677044135295e-07, 9.451379691995991e-07, 9.182543735028989e-07, 8.922700886166952e-07, 8.670936377821919e-07, 8.429713515382081e-07, 8.19578715536591e-07, 7.968943178314451e-07, 7.749346350330145e-07, 7.536872952243023e-07, 7.330220664299361e-07, 7.128903005196806e-07, 6.937131881511e-07, 6.746290218499295e-07, 6.561735777585695e-07, 6.381834514891714e-07, 6.206683038438664e-07, 6.035738252189819e-07, 5.8697850071744e-07, 5.707179918805847e-07, 5.547905133957516e-07, 5.392075591798053e-07, 5.241077566592716e-07, 5.094633393307679e-07, 4.950737002925669e-07, 4.80987372015561e-07]
ndim2: 500
W_list: [3.0]
L_list: [35.612448865634846]
