R_list= [ 1  2  3  4  5  6  7  8  9 10 11 12 13 14 15 16 17 18 19 20 21 22 23 24
 25 26 27 28 29 30 31 32 33 34 35 36 37 38]
C_final_list= [2.235236138026267e-06, 1.9580633171628626e-06, 1.6980438066479228e-06, 1.4647251667667693e-06, 1.259491886294206e-06, 1.0818589091435199e-06, 9.283690179374325e-07, 7.968357194407123e-07, 6.834945262678607e-07, 5.856243612042358e-07, 5.014462315941287e-07, 4.2904503659806036e-07, 3.6712733953075816e-07, 3.1405923038503773e-07, 2.6847721745698454e-07, 2.2922722555507905e-07, 1.9543705994474908e-07, 1.6646008319191615e-07, 1.417655888156702e-07, 1.2076520601604478e-07, 1.028707921738553e-07, 8.757833150817285e-08, 7.461682765248647e-08, 6.353228553200904e-08, 5.4050222861992637e-08, 4.598127029273448e-08, 3.9115234241410675e-08, 3.327218287141414e-08, 2.8305339361936884e-08, 2.4089834140045687e-08, 2.04867524204513e-08, 1.7424133814797607e-08, 1.4823364772690068e-08, 1.262418153822325e-08, 1.0750357467392468e-08, 9.15371513432249e-09, 7.787656029441386e-09, 6.615600448221486e-09]
W_list: [8.35]
L_list: [6.639859898755087]
