R_list= [ 1  2  3  4  5  6  7  8  9 10 11 12 13 14 15 16 17 18 19 20 21 22 23 24
 25 26 27 28 29 30 31 32 33 34 35 36 37 38]
C_final_list= [4.129393012345219e-06, 3.4493678676207337e-06, 2.861070294131961e-06, 2.3648383260918583e-06, 1.9549986721413353e-06, 1.6130825987471883e-06, 1.3321141583568984e-06, 1.1009946695532143e-06, 9.092983008407035e-07, 7.496928765974014e-07, 6.167916133397167e-07, 5.077938182439375e-07, 4.1914386281938014e-07, 3.4542735034376135e-07, 2.8400373910329743e-07, 2.3368649901413029e-07, 1.9261258287695425e-07, 1.5853592096571773e-07, 1.3058957316558638e-07, 1.0756635038528283e-07, 8.838109019372166e-08, 7.257276148997861e-08, 5.95317723268711e-08, 4.8848884274187145e-08, 4.00969751744584e-08, 3.2901015066998386e-08, 2.7024651026733624e-08, 2.2228088089293294e-08, 1.8281312547301224e-08, 1.50101632110674e-08, 1.2288572754085578e-08, 1.003432431484166e-08, 8.190519237958044e-09, 6.718709861578727e-09, 5.489977087394287e-09, 4.493407008543465e-09, 3.685663005056571e-09, 3.0237231344346357e-09]
W_list: [7.8]
L_list: [5.267556622838137]
