C_final_list: [1.6980610163849963e-06, 1.674543568808192e-06, 1.6512926991336538e-06, 1.6285344686170521e-06, 1.6066081067889936e-06, 1.5852290124191342e-06, 1.56415521548648e-06, 1.543377541871898e-06, 1.5230303559088966e-06, 1.5027910152269908e-06, 1.4830027209017315e-06, 1.4636659685865517e-06, 1.4446702930839344e-06, 1.4258593272055532e-06, 1.4073113596519308e-06, 1.3892351238702893e-06, 1.3710881612994997e-06, 1.3532668724530992e-06, 1.3354271961701517e-06, 1.3177519894440694e-06, 1.3003458033945015e-06, 1.28316930314165e-06, 1.2661323420811062e-06, 1.2492336987308663e-06, 1.2325531292592012e-06, 1.2163359746365818e-06, 1.2001698374118938e-06, 1.1842154063750925e-06, 1.1684813879209802e-06, 1.15297314117846e-06, 1.1376736318132695e-06, 1.1225032786424623e-06, 1.1075186652273132e-06, 1.092704464312674e-06, 1.0781482814059956e-06, 1.0639942036455638e-06, 1.0498432176179146e-06, 1.0358552550608243e-06, 1.0219716730592141e-06, 1.0082414895175197e-06, 9.947696552458445e-07, 9.815450943216321e-07, 9.683838114882192e-07, 9.554091856937869e-07, 9.425428070664011e-07, 9.295761564106654e-07, 9.167574990099751e-07, 9.040707874514748e-07, 8.916048143848984e-07, 8.792241833232083e-07]
ndim2: 500
W_list: [2.9]
L_list: [74.96939939385189]
