R_list= [ 1  2  3  4  5  6  7  8  9 10 11 12 13 14 15 16 17 18 19 20 21 22 23 24
 25 26 27 28 29 30 31 32 33 34 35 36 37 38]
C_final_list= [4.2690807025377757e-07, 3.746989937288222e-07, 3.2599644503322656e-07, 2.825043645350326e-07, 2.4449942843579463e-07, 2.1138483572565084e-07, 1.82770608445395e-07, 1.5799550504767844e-07, 1.3630664166332415e-07, 1.1755288388231286e-07, 1.0122377208197905e-07, 8.713611391203565e-08, 7.499487341340362e-08, 6.442712450475245e-08, 5.5323074066223566e-08, 4.753045366730123e-08, 4.084195273442575e-08, 3.5028374588600516e-08, 3.0042593583131566e-08, 2.5753086186139844e-08, 2.205937489699348e-08, 1.887500930458257e-08, 1.6159572239221202e-08, 1.3815534968996326e-08, 1.1797594803317048e-08, 1.007063395568103e-08, 8.581883451945688e-09, 7.311615299735167e-09, 6.226622593423314e-09, 5.295769141803791e-09, 4.504595045059206e-09, 3.840793963709672e-09, 3.270877484791103e-09, 2.781985781000833e-09, 2.372973760418426e-09, 2.0224600814095158e-09, 1.725120852095142e-09, 1.4705478667883826e-09]
W_list: [8.0]
L_list: [6.88330754171398]
