R_list= [ 1  2  3  4  5  6  7  8  9 10 11 12 13 14 15 16 17 18 19 20 21 22 23 24
 25 26 27 28 29 30 31 32 33 34 35 36 37 38]
C_final_list= [2.1371163426243394e-07, 1.300819255770489e-07, 6.691916888543511e-08, 3.115390465709977e-08, 1.368590574296099e-08, 5.797942628395957e-09, 2.4022041758588413e-09, 9.851731377769268e-10, 4.041368992614762e-10, 1.6642584938178652e-10, 6.90316213709602e-11, 2.9061038151274803e-11, 1.247195909148806e-11, 5.42824158379557e-12, 2.3649605164076436e-12, 1.0289160795194226e-12, 4.466365275052442e-13, 1.917357878416966e-13, 8.157362630735358e-14, 3.471541911081412e-14, 1.4911113351565494e-14, 6.3977357202526e-15, 2.7193836143609652e-15, 1.1450931437765687e-15, 4.787137200667077e-16, 1.9784803893565228e-16, 8.152782198811304e-17, 3.3797285476853935e-17, 1.419352946699359e-17, 6.058836696160116e-18, 2.6362930051768014e-18, 1.1659725297800457e-18, 5.2629490065309435e-19, 2.428065291298398e-19, 1.1436033624958858e-19, 5.542083035296727e-20, 2.8259481264158446e-20, 1.547435083282278e-20]
W_list: [4]
L_list: [1.6615581560676282]
