R_list= [ 1  2  3  4  5  6  7  8  9 10 11 12 13 14 15 16 17 18 19 20 21 22 23 24
 25 26 27 28 29 30 31 32 33 34 35 36 37 38]
C_final_list= [2.0097505418789583e-06, 1.2755991346861174e-06, 6.936943850118721e-07, 3.4473262210133137e-07, 1.6241928745191813e-07, 7.408435116353232e-08, 3.319923899800594e-08, 1.4773935302707572e-08, 6.555983747729177e-09, 2.9035253202292143e-09, 1.2872620411574916e-09, 5.714384421482509e-10, 2.5459913991846933e-10, 1.1425690865338056e-10, 5.166653917896923e-11, 2.35726608578013e-11, 1.0930970788654644e-11, 5.101894933523032e-12, 2.3618897084836003e-12, 1.0737447755007617e-12, 4.853967065406596e-13, 2.241144118088357e-13, 1.0658330403402098e-13, 5.2137007410586446e-14, 2.5634407536575238e-14, 1.216897531956832e-14, 5.557456672344764e-15, 2.573923794984152e-15, 1.2817645454748543e-15, 6.728936870706865e-16, 3.4435699596359186e-16, 1.63470797160327e-16, 7.257304028509889e-17, 3.118032466661983e-17, 1.3292605482126046e-17, 5.6643237704952846e-18, 2.392806262377261e-18, 9.980560851225354e-19]
W_list: [4]
L_list: [1.782211773515158]
