C_final_list: [1.7377602258569434e-06, 1.7119460423803881e-06, 1.6864307311457676e-06, 1.6616491334951953e-06, 1.6375047804451063e-06, 1.6140109101806233e-06, 1.5911326078376662e-06, 1.568656514175399e-06, 1.5468957277450858e-06, 1.52553432239972e-06, 1.504331497304193e-06, 1.48357755527158e-06, 1.4630682417538963e-06, 1.4428687965428283e-06, 1.422560462152601e-06, 1.4026610580342834e-06, 1.383120603729424e-06, 1.363717784947878e-06, 1.3444686654587337e-06, 1.3256933254831579e-06, 1.3071274434224669e-06, 1.2889107289151704e-06, 1.2710815701237778e-06, 1.25353235913688e-06, 1.2363413825656928e-06, 1.2193334757171742e-06, 1.2023470370524662e-06, 1.1853956619205045e-06, 1.1688754353680234e-06, 1.1525746061433044e-06, 1.1363554024714895e-06, 1.1203342201583263e-06, 1.1044965025614132e-06, 1.0887273074492658e-06, 1.0732156819475692e-06, 1.057771991725924e-06, 1.0425920777274638e-06, 1.0279120242078455e-06, 1.0134561488300676e-06, 9.991796406858804e-07, 9.850389935148567e-07, 9.71092328714773e-07, 9.57411339213879e-07, 9.438044773071795e-07, 9.303814266931663e-07, 9.171912534969807e-07, 9.042256345627311e-07, 8.914399283187226e-07, 8.787356710365033e-07, 8.663424857913083e-07]
ndim2: 500
W_list: [2.9499999999999997]
L_list: [70.765797654096]
