C_final_list: [1.1032902702439524e-06, 1.0676624118613333e-06, 1.0313619470112758e-06, 9.958521345753108e-07, 9.614678059849043e-07, 9.276604147450321e-07, 8.949207030724549e-07, 8.633486390298245e-07, 8.329130976043344e-07, 8.035533992549466e-07, 7.750427534361014e-07, 7.475357085771882e-07, 7.210101051301323e-07, 6.953331589425754e-07, 6.705008292307704e-07, 6.463774052718347e-07, 6.233375771520588e-07, 6.010586629986422e-07, 5.798020680853228e-07, 5.593996637857682e-07, 5.396476561879333e-07, 5.207075088578452e-07, 5.023649361506623e-07, 4.845073749800228e-07, 4.6708992592216575e-07, 4.5015938489949514e-07, 4.3368004738720763e-07, 4.1806605261322973e-07, 4.028537544047486e-07, 3.881791904680023e-07, 3.740455842061154e-07, 3.6049836744976257e-07, 3.473693551905735e-07, 3.3470413811561584e-07, 3.2259530706902775e-07]
ndim2: 500
W_list: [3.6]
L_list: [27.709467983038046]
