R_list= [ 1  2  3  4  5  6  7  8  9 10 11 12 13 14 15 16 17 18 19 20 21 22 23 24
 25 26 27 28 29 30 31 32 33 34 35 36 37 38]
C_final_list= [3.463499122385724e-05, 2.2222405686861866e-05, 1.4214586636212275e-05, 9.071461813404814e-06, 5.767330742505277e-06, 3.6590507924707534e-06, 2.3227781083122924e-06, 1.4693730957534004e-06, 9.292940014017202e-07, 5.861658808463833e-07, 3.7167825472425115e-07, 2.3597469695255184e-07, 1.4983144843458015e-07, 9.533948115412985e-08, 6.094098935707856e-08, 3.890618120193422e-08, 2.4885216142440075e-08, 1.5858363655402717e-08, 1.0067931651503321e-08, 6.412824308886772e-09, 4.0613694200450846e-09, 2.5685034088968687e-09, 1.637309543975918e-09, 1.0368806482386757e-09, 6.592647198058474e-10, 4.2583538065195723e-10, 2.6873415045787413e-10, 1.6785918862715934e-10, 1.045704216584433e-10, 6.421987426785177e-11, 3.970212775976945e-11, 2.4164231093811933e-11, 1.510569288432756e-11, 9.427778869506225e-12, 5.80942895844104e-12, 3.688451850448326e-12, 2.4758246716901132e-12, 1.7102223274128762e-12]
W_list: [8.35]
L_list: [2.234402395729403]
