C_final_list: [1.5430478542631395e-06, 1.4778451955852682e-06, 1.4133383343643032e-06, 1.3528510480346154e-06, 1.295703041001256e-06, 1.2412645249253813e-06, 1.1885495356551767e-06, 1.1361035022348143e-06, 1.086337559667015e-06, 1.0396230881794105e-06, 9.94768462251944e-07, 9.520238211751934e-07, 9.106913133279047e-07, 8.707692719024138e-07, 8.326529297165237e-07, 7.960433302456057e-07, 7.607423043484989e-07, 7.274073289993925e-07, 6.952288197110734e-07, 6.647255088738939e-07, 6.351392681309958e-07, 6.064453946666525e-07, 5.78475104468426e-07, 5.51821490280874e-07, 5.26008272048114e-07, 5.016894717491644e-07, 4.78606349593101e-07, 4.5638316545369976e-07, 4.349770011970167e-07, 4.14577789792238e-07, 3.9523311821056403e-07, 3.7680311730620873e-07, 3.5934624443762003e-07, 3.42545196386418e-07, 3.264674585943093e-07, 3.1130238880567357e-07, 2.968150740476957e-07, 2.828671330868598e-07, 2.696185614037108e-07, 2.5686158413976876e-07, 2.4462857142089e-07, 2.329531782809381e-07, 2.2180095395032274e-07, 2.1113939839484897e-07, 2.0099047620591242e-07, 1.9134447367271443e-07, 1.822172942975457e-07, 1.7358589475090002e-07, 1.6525705809954422e-07, 1.5717230848105222e-07]
ndim2: 500
W_list: [3.4000000000000004]
L_list: [21.967990912385403]
