R_list= [ 1  2  3  4  5  6  7  8  9 10 11 12 13 14 15 16 17 18 19 20 21 22 23 24
 25 26 27 28 29 30 31 32 33 34 35 36 37 38]
C_final_list= [4.522569916495897e-07, 1.96193129839883e-07, 6.935146133100115e-08, 2.210317991881533e-08, 6.66259740025555e-09, 1.9448409318261653e-09, 5.571003133146114e-10, 1.5685903346296432e-10, 4.4044871915028064e-11, 1.227363081712206e-11, 3.409537780989438e-12, 9.398817901221493e-13, 2.568133115564232e-13, 6.911976205563289e-14, 1.8242951642023843e-14, 4.698951285618039e-15, 1.2067188466762269e-15, 3.188718124095515e-16, 8.401666043627721e-17, 2.269572897931511e-17, 6.291325441562916e-18, 1.7310762877988646e-18, 4.679526448554137e-19, 1.2273409716236777e-19, 3.056227737373522e-20, 7.548727898933096e-21, 1.9657296831197883e-21, 5.454455915754765e-22, 1.650155343201952e-22, 5.552907955568213e-23, 2.1917370942499695e-23, 8.6445369090404e-24, 3.625437142791978e-24, 1.6712839047229544e-24, 9.867817889335858e-25, 7.675364168851666e-25, 7.277051802609771e-25, 7.130686789048628e-25]
W_list: [6]
L_list: [1.1114691500191634]
