R_list= [ 1  2  3  4  5  6  7  8  9 10 11 12 13 14 15 16 17 18 19 20 21 22 23 24
 25 26 27 28 29 30 31 32 33 34 35 36 37 38]
C_final_list= [4.782539563117084e-07, 4.0290796727003456e-07, 3.3930288546450806e-07, 2.839666310027423e-07, 2.3759690551771597e-07, 1.987289659566479e-07, 1.657992644437664e-07, 1.381407833296334e-07, 1.1504361143295651e-07, 9.575187518910531e-08, 7.959450521812484e-08, 6.60976597102566e-08, 5.48168514909883e-08, 4.540306880552617e-08, 3.766441674872339e-08, 3.1287980305951995e-08, 2.6039561777887235e-08, 2.1603246384618498e-08, 1.7918054259913657e-08, 1.4852656908189458e-08, 1.2295414774276559e-08, 1.012577514410967e-08, 8.358232722764263e-09, 6.886174598790517e-09, 5.666729454215693e-09, 4.665336326772045e-09, 3.821299478227182e-09, 3.1303782748217988e-09, 2.560390014670751e-09, 2.1033110370935863e-09, 1.7270951493483964e-09, 1.4175761391651172e-09, 1.1658459360395367e-09, 9.597553777558699e-10, 7.886803114125247e-10, 6.441186535874378e-10, 5.285597688071568e-10, 4.3422663862756104e-10]
W_list: [7]
L_list: [5.583104718407204]
