R_list= [ 1  2  3  4  5  6  7  8  9 10 11 12 13 14 15 16 17 18 19 20 21 22 23 24
 25 26 27 28 29 30 31 32 33 34 35 36 37 38]
C_final_list= [1.1389275242393354e-06, 1.039633922779547e-06, 9.620518346888195e-07, 8.890831383970752e-07, 8.197559241072714e-07, 7.57029588088191e-07, 6.998894795143605e-07, 6.470336508446507e-07, 5.976594481645291e-07, 5.522518396653785e-07, 5.105319830142352e-07, 4.720549552901674e-07, 4.361114947180627e-07, 4.029441141843021e-07, 3.7206976156339184e-07, 3.434098374694825e-07, 3.1716721469841745e-07, 2.9299331931544545e-07, 2.7058923999395974e-07, 2.4990558537360386e-07, 2.306235167336602e-07, 2.1265411739579774e-07, 1.958485928141707e-07, 1.8027303362920903e-07, 1.6587435446608545e-07, 1.5267883414687667e-07, 1.4058490146606762e-07, 1.29397489859356e-07, 1.191365838288522e-07, 1.0964470648890051e-07, 1.0091740875888276e-07, 9.289779282619532e-08, 8.55628057430025e-08, 7.878559439357008e-08, 7.260345381634634e-08, 6.684528624865502e-08, 6.149501876433918e-08, 5.657100888087426e-08]
W_list: [5]
L_list: [12.52198790246756]
