R_list= [ 1  2  3  4  5  6  7  8  9 10 11 12 13 14 15 16 17 18 19 20 21 22 23 24
 25 26 27 28 29 30 31 32 33 34 35 36 37 38]
C_final_list= [3.555454593811239e-06, 2.9090119205474828e-06, 2.3601882830443136e-06, 1.9085859026438515e-06, 1.5455632708842779e-06, 1.2482295284766141e-06, 1.0049810099341233e-06, 8.102685693433827e-07, 6.514398815447694e-07, 5.229227690990984e-07, 4.197946870683605e-07, 3.3663666313585894e-07, 2.6919930503386747e-07, 2.1562940098705075e-07, 1.7249892719746047e-07, 1.379843799124585e-07, 1.1013151209067563e-07, 8.791265929525996e-08, 7.013062048773762e-08, 5.573757732715007e-08, 4.424291325143521e-08, 3.517771949375941e-08, 2.798191105902164e-08, 2.228826457438355e-08, 1.774991279898385e-08, 1.4151685024185946e-08, 1.1244502005077555e-08, 8.91743236484674e-09, 7.060565118450859e-09, 5.5890756164211016e-09, 4.42362794749699e-09, 3.5078959236184465e-09, 2.789840145256774e-09, 2.224394319845973e-09, 1.7647059588300312e-09, 1.3963905159196967e-09, 1.1048236156841708e-09, 8.738138752007793e-10]
W_list: [8.2]
L_list: [4.709041329055021]
