R_list= [ 1  2  3  4  5  6  7  8  9 10 11 12 13 14 15 16 17 18 19 20 21 22 23 24
 25 26 27 28 29 30 31 32]
C_final_list= [3.775447246962096e-07, 2.827651289259876e-07, 2.089453255798997e-07, 1.54926043685938e-07, 1.1508538474126506e-07, 8.5200027456345e-08, 6.281006655666834e-08, 4.617050547707791e-08, 3.391885471972468e-08, 2.4999495435117364e-08, 1.8442318520081038e-08, 1.3568315914776304e-08, 9.96561897302698e-09, 7.2999629112962115e-09, 5.338463857444798e-09, 3.906800416178184e-09, 2.8567186032696634e-09, 2.080655058033671e-09, 1.5123218501388135e-09, 1.100319606362563e-09, 8.031116977155882e-10, 5.836549922520092e-10, 4.240915571045604e-10, 3.088224008138074e-10, 2.245470922245196e-10, 1.6271345690380965e-10, 1.176112547018785e-10, 8.460368963305745e-11, 6.0858189319069e-11, 4.388884498108975e-11, 3.1518798265090315e-11, 2.281903228025331e-11]
W_list: [6]
L_list: [3.3452938087888486]
