C_final_list: [1.6373183194010329e-06, 1.6108269947251874e-06, 1.5847191901361682e-06, 1.5593967382443161e-06, 1.5347905764805354e-06, 1.51067435390771e-06, 1.4870305768712338e-06, 1.4637270521734888e-06, 1.4407661719510493e-06, 1.4183669576332454e-06, 1.3964653593338795e-06, 1.374698939359113e-06, 1.3532968610026097e-06, 1.3322325607164278e-06, 1.3114070973719312e-06, 1.2908672305910961e-06, 1.2705250143536441e-06, 1.250576167007163e-06, 1.2307533748989696e-06, 1.2112857160828184e-06, 1.1920139998333236e-06, 1.1731151129502882e-06, 1.1548294587712202e-06, 1.1367538368679908e-06, 1.1187510959063413e-06, 1.1010887031803777e-06, 1.0836186481038208e-06, 1.0665518258869302e-06, 1.0498281428642378e-06, 1.033210881337041e-06, 1.016701745370045e-06, 1.0004966402172202e-06, 9.844733128535445e-07, 9.686303737943611e-07, 9.530495439373464e-07, 9.377446125868298e-07, 9.227683429454207e-07, 9.079428127547864e-07, 8.931747307999929e-07, 8.787180955061286e-07, 8.646314997547588e-07, 8.507177876198228e-07, 8.369692628703688e-07, 8.23422998341604e-07, 8.100236634819752e-07, 7.970100855046326e-07, 7.842230509734772e-07, 7.714256452305874e-07, 7.589004996284738e-07, 7.466518794074252e-07]
ndim2: 500
W_list: [3.05]
L_list: [62.70895907300333]
