C_final_list: [1.6523043690383739e-06, 1.5313212046537122e-06, 1.4134287954602354e-06, 1.3039192682964075e-06, 1.2040047225584762e-06, 1.112247845774441e-06, 1.0295003650903803e-06, 9.511845174128997e-07, 8.780655890546832e-07, 8.119752023501687e-07, 7.497328407483083e-07, 6.934048731864322e-07, 6.398017429470191e-07, 5.898934117719173e-07, 5.440367222078547e-07, 5.01740807691072e-07, 4.6285099994291185e-07, 4.271696799069106e-07, 3.935608220208613e-07, 3.630170085598931e-07, 3.343791268987918e-07, 3.0769801260615597e-07, 2.830204418824055e-07, 2.6086954505577465e-07, 2.40125710375793e-07, 2.2104919629526365e-07, 2.0298812219424904e-07, 1.8652147480306781e-07, 1.7131566258595247e-07, 1.5713078122883125e-07, 1.4388239264472912e-07, 1.3190718872861664e-07, 1.2111203950844104e-07, 1.1118868589041975e-07, 1.0197399466290805e-07]
ndim2: 500
W_list: [2.0]
L_list: [12.485208958124066]
