R_list= [ 1  2  3  4  5  6  7  8  9 10 11 12 13 14 15 16 17 18 19 20 21 22 23 24
 25 26 27 28 29 30 31 32 33 34 35 36 37 38]
C_final_list= [6.182969477058303e-07, 4.769520886275916e-07, 3.7217228102909637e-07, 2.917152491957675e-07, 2.2879531934540722e-07, 1.7899241771836197e-07, 1.3983822500950504e-07, 1.0933115711050675e-07, 8.554415774590951e-08, 6.691222221396154e-08, 5.235745233260525e-08, 4.084599768238306e-08, 3.1819023908271854e-08, 2.4775444535020835e-08, 1.922913406808409e-08, 1.4871485117231102e-08, 1.1480132511874204e-08, 8.836776697093802e-09, 6.805731971411891e-09, 5.244052889095714e-09, 4.020286619862126e-09, 3.0696800764922563e-09, 2.346330938023065e-09, 1.802182607714007e-09, 1.386842839942641e-09, 1.068275982891469e-09, 8.186583670019884e-10, 6.266231158916236e-10, 4.79066308859942e-10, 3.654732286267183e-10, 2.779073964635949e-10, 2.1166887415894463e-10, 1.6130596267788771e-10, 1.2280571568328042e-10, 9.33633580916667e-11, 7.100629294218854e-11, 5.394960120283887e-11, 4.137993644116407e-11]
W_list: [6]
L_list: [4.035878413559508]
