R_list= [ 1  2  3  4  5  6  7  8  9 10 11 12 13 14 15 16 17 18 19 20 21 22 23 24
 25 26 27 28 29 30 31 32 33 34 35 36 37 38]
C_final_list= [5.864887422148932e-07, 5.172009483392771e-07, 4.5142637069976274e-07, 3.9259813263459254e-07, 3.409460340473515e-07, 2.961707827773047e-07, 2.5728541630269484e-07, 2.2299388226959737e-07, 1.931845888883793e-07, 1.6736746837622554e-07, 1.4493619894836898e-07, 1.2522483975808563e-07, 1.081932637474103e-07, 9.333393764226863e-08, 8.043363186175074e-08, 6.926942150498848e-08, 5.965492566399523e-08, 5.1354681319671015e-08, 4.422077942893349e-08, 3.801076807187314e-08, 3.2676780482678024e-08, 2.80445268072968e-08, 2.40610608988834e-08, 2.0626153549870127e-08, 1.7701169999418888e-08, 1.5167669798411493e-08, 1.2990722589400962e-08, 1.1122062413686107e-08, 9.523825183181708e-09, 8.156248508005689e-09, 6.991394443292039e-09, 5.993645625271498e-09, 5.13367376592587e-09, 4.4006147335758314e-09, 3.775238249417823e-09, 3.2400190158684193e-09, 2.785142570758798e-09, 2.3939346395857246e-09]
W_list: [8.2]
L_list: [7.066129807369476]
