R_list= [ 1  2  3  4  5  6  7  8  9 10 11 12 13 14 15 16 17 18 19 20 21 22 23 24
 25 26 27 28 29 30 31 32 33 34 35 36 37 38]
C_final_list= [8.13772734700129e-07, 4.1495726366240155e-07, 1.7408267243731317e-07, 6.593718732238548e-08, 2.3647903643194442e-08, 8.23174419051073e-09, 2.8095420745826957e-09, 9.443042478215072e-10, 3.1577264511022795e-10, 1.055673920528702e-10, 3.5057911154367156e-11, 1.1542694945201155e-11, 3.79741061517638e-12, 1.272062230714755e-12, 4.3593404944432684e-13, 1.5424940164757077e-13, 5.676113183794566e-14, 2.146233635710292e-14, 7.934351512275602e-15, 2.8601112860645252e-15, 1.0341647726189562e-15, 3.7226275850174193e-16, 1.447639578181918e-16, 6.651743040723755e-17, 3.491827148446119e-17, 1.758387306259018e-17, 7.486005572112803e-18, 3.0013429177400767e-18, 1.151755199544271e-18, 4.0205319193775295e-19, 1.294076700541987e-19, 4.276217544075059e-20, 1.774315897041041e-20, 8.003489714688344e-21, 3.2641675076338568e-21, 1.1957576225132078e-21, 5.214164583482478e-22, 2.8665855358583077e-22]
W_list: [5]
L_list: [1.3202360403036553]
