R_list= [ 1  2  3  4  5  6  7  8  9 10 11 12 13 14 15 16 17 18 19 20 21 22 23 24
 25 26 27 28 29 30 31 32 33 34 35 36 37 38]
C_final_list= [2.3290132719260724e-07, 2.0897930558312964e-07, 1.8519508159435816e-07, 1.6326602308822852e-07, 1.4331290310676054e-07, 1.2553603845104568e-07, 1.097552076739737e-07, 9.588059697860786e-08, 8.379852029437623e-08, 7.322491922177844e-08, 6.399158056509337e-08, 5.589486920774004e-08, 4.8812919504396333e-08, 4.2582287939528805e-08, 3.713830418528731e-08, 3.237294158485282e-08, 2.817993202322764e-08, 2.4505309001250733e-08, 2.1277795219621933e-08, 1.8479650227449286e-08, 1.6022537923798695e-08, 1.387309052584089e-08, 1.2014208044870261e-08, 1.0391922443706301e-08, 8.977129546207163e-09, 7.755297938750526e-09, 6.694297410075306e-09, 5.775458454480213e-09, 4.984381349408705e-09, 4.298267172464717e-09, 3.7090699709396503e-09, 3.2039336260463686e-09, 2.7718227355804698e-09, 2.397695342506493e-09, 2.0713504891866505e-09, 1.7922300503296717e-09, 1.5543387027322125e-09, 1.3452284332464338e-09]
W_list: [8.0]
L_list: [7.60713486143144]
