C_final_list: [2.165443171616496e-06, 1.973866836159755e-06, 1.7947776767118762e-06, 1.6295843130580088e-06, 1.4790165709284467e-06, 1.343449582694136e-06, 1.2180381960785715e-06, 1.104512321866435e-06, 1.0018227182384577e-06, 9.107968281148052e-07, 8.248634224946577e-07, 7.494559811328304e-07, 6.814000287821642e-07, 6.189339300099633e-07, 5.620135847377652e-07, 5.090671822298479e-07, 4.608079991515054e-07, 4.177602006914898e-07, 3.7811337161055637e-07, 3.427997523133439e-07, 3.10818981997052e-07, 2.8203516954080566e-07, 2.559580844461692e-07, 2.3190599208329432e-07, 2.1041691885650957e-07, 1.910390936314075e-07, 1.7326073603492007e-07, 1.5745599031703776e-07, 1.4240863600714958e-07, 1.2884809530215324e-07, 1.1647421869311511e-07, 1.0526002951278507e-07, 9.511865815269944e-08, 8.597971555890494e-08, 7.773737983000284e-08, 7.007844967940248e-08, 6.312323961141674e-08, 5.684326965782833e-08, 5.13389148893585e-08, 4.633730251745612e-08, 4.185198038877212e-08, 3.775175965311899e-08, 3.415293543682336e-08, 3.0732497986994583e-08, 2.7696413912265487e-08, 2.4888092286973592e-08, 2.2396384091026294e-08, 2.0143791852414516e-08, 1.815131065986169e-08, 1.635470965354431e-08]
ndim2: 500
W_list: [2.4]
L_list: [10.304935169870404]
