C_final_list: [2.044874515234522e-06, 1.802350690186778e-06, 1.5776103651360722e-06, 1.3827425890923877e-06, 1.2095956996023082e-06, 1.0609323513249646e-06, 9.303033603448345e-07, 8.188872981969162e-07, 7.221907733992304e-07, 6.352273122548575e-07, 5.574788540279819e-07, 4.912868926239839e-07, 4.321659864922851e-07, 3.797058335130047e-07, 3.326240895705016e-07, 2.918876775902426e-07, 2.561857185166725e-07, 2.2459604868297592e-07, 1.964327155001484e-07, 1.7214240793793554e-07, 1.5061580709684243e-07, 1.32051312046856e-07, 1.1588902380799994e-07, 1.0132954971545476e-07, 8.889253557208782e-08, 7.78991695519601e-08, 6.831937534924063e-08, 5.955956640970135e-08, 5.2182479606596366e-08, 4.5492075341778114e-08, 3.98123410533751e-08, 3.480667984224193e-08, 3.019974303435757e-08, 2.6283203495107073e-08, 2.2856666626565948e-08, 1.9961859384238472e-08, 1.745562172610315e-08, 1.5295264159829635e-08, 1.3397793335738901e-08, 1.1673524932497815e-08, 1.0169486097450716e-08, 8.896404240685127e-09, 7.730984861021461e-09, 6.727104728622539e-09, 5.839037981795837e-09, 5.082524310808893e-09, 4.4393451644195134e-09, 3.877193548737274e-09, 3.375113560058432e-09, 2.9321945248375494e-09]
ndim2: 500
W_list: [3.0]
L_list: [7.674166116600462]
