C_final_list: [1.3907576292387316e-06, 1.3123475351395572e-06, 1.2355912944168222e-06, 1.1622316264956236e-06, 1.0929254815186613e-06, 1.0278240118914364e-06, 9.671681625485722e-07, 9.104516174838644e-07, 8.561899461028443e-07, 8.055050809454089e-07, 7.571148514131366e-07, 7.118893403913984e-07, 6.690898224139934e-07, 6.300779077221256e-07, 5.927796386964995e-07, 5.573788723206186e-07, 5.233537838969949e-07, 4.91559237470013e-07, 4.616193233529736e-07, 4.335977484670729e-07, 4.0683115705067683e-07, 3.8198213492946206e-07, 3.5846895340377756e-07, 3.366135122499588e-07, 3.157681851475474e-07, 2.961315352917618e-07, 2.7778123319053796e-07, 2.6054392050659564e-07, 2.442429079255546e-07, 2.2885229987046613e-07, 2.1455109933853044e-07, 2.009196264763962e-07, 1.881926781766282e-07, 1.764321756517461e-07, 1.65415161304661e-07]
ndim2: 500
W_list: [3.6]
L_list: [16.178640238522913]
