C_final_list: [1.8774639089182641e-06, 1.828268992224186e-06, 1.7790108449565524e-06, 1.7312899734088478e-06, 1.6860483926779118e-06, 1.6416796710556189e-06, 1.5985429914266973e-06, 1.5565981733078983e-06, 1.5155773219995871e-06, 1.4757938331382793e-06, 1.437279219693888e-06, 1.3999188561079873e-06, 1.363301826856339e-06, 1.327431914442009e-06, 1.2924820008052067e-06, 1.2586924377266654e-06, 1.2254946855972042e-06, 1.1932850252055565e-06, 1.162097382331541e-06, 1.1316529478947715e-06, 1.1015370572678708e-06, 1.0719723215609666e-06, 1.043512537113124e-06, 1.0155814414713111e-06, 9.884377575717205e-07, 9.621411330694648e-07, 9.364510233229822e-07, 9.114231517824158e-07, 8.871529553157722e-07, 8.634879829415959e-07, 8.403820122676929e-07, 8.17416594642423e-07, 7.951091944973345e-07, 7.733805655813533e-07, 7.521448945069324e-07, 7.315946617043754e-07, 7.114891364650687e-07, 6.920735488555636e-07, 6.732390621061456e-07, 6.550000061883923e-07, 6.371741713699352e-07, 6.19698286466785e-07, 6.026689233052886e-07, 5.8613869079412e-07, 5.698067811390345e-07, 5.539704059561625e-07, 5.385437453215248e-07, 5.235170194487513e-07, 5.089659883303107e-07, 4.948148452753285e-07]
ndim2: 500
W_list: [2.8499999999999996]
L_list: [37.080761412024295]
