C_final_list: [1.7809192032986855e-06, 1.6576459755139201e-06, 1.5450326901891366e-06, 1.434958717852004e-06, 1.3336420360292386e-06, 1.2391158581247013e-06, 1.1511570107591291e-06, 1.072248665505567e-06, 9.967892930924458e-07, 9.269269466924829e-07, 8.61642933667324e-07, 8.020046453277636e-07, 7.449285502446946e-07, 6.931101595276992e-07, 6.440618924154493e-07, 5.98948479151243e-07, 5.563597697932459e-07, 5.167767915050094e-07, 4.801983195326196e-07, 4.4579849749182035e-07, 4.143479256989752e-07, 3.846741181184106e-07, 3.574310322560336e-07, 3.3186869820336023e-07, 3.0825551477883596e-07, 2.860049399023613e-07, 2.649173788459451e-07, 2.455035436633103e-07, 2.274467918088355e-07, 2.1052930293272915e-07, 1.9489560152904043e-07, 1.804323681789016e-07, 1.6711232561802338e-07, 1.5457607055734094e-07, 1.4288446895836654e-07]
ndim2: 500
W_list: [1.8]
L_list: [13.674038244184157]
