C_final_list: [1.2412688699823138e-06, 1.0845588766687434e-06, 9.414930153090854e-07, 8.187096784623761e-07, 7.09540679299012e-07, 6.164034758303708e-07, 5.35809686284347e-07, 4.636115049499688e-07, 4.0188188855208397e-07, 3.475381675950114e-07, 3.00189958011623e-07, 2.587757946668235e-07, 2.2351802675579328e-07, 1.9301188685008877e-07, 1.667008215398158e-07, 1.4353953085462926e-07, 1.2321401799929365e-07, 1.057154692625431e-07, 9.090910257336512e-08, 7.807278569893665e-08, 6.713286352365212e-08, 5.7725644489707184e-08, 4.9678659362519876e-08, 4.276232993579331e-08, 3.6841900468051866e-08, 3.17332747449795e-08, 2.7411296724689518e-08, 2.3661834055619794e-08, 2.0378610142736303e-08, 1.752200074183467e-08, 1.5047418738181143e-08, 1.2944065663987715e-08, 1.1150996625892099e-08, 9.588357738118262e-09, 8.235789284064631e-09]
ndim2: 500
W_list: [3.0]
L_list: [6.98963932693852]
