C_final_list: [1.0375921340048119e-06, 1.0005880799505743e-06, 9.63299793996753e-07, 9.263218561405591e-07, 8.901279699808494e-07, 8.548361083619848e-07, 8.20594141264748e-07, 7.875782357501594e-07, 7.559986456559279e-07, 7.253742198638191e-07, 6.962854573627521e-07, 6.681857395606798e-07, 6.414125916668313e-07, 6.155890138838597e-07, 5.908253989612899e-07, 5.669735013403326e-07, 5.438526191893005e-07, 5.217900670666454e-07, 5.005305601715581e-07, 4.802887861008295e-07, 4.6079515103625e-07, 4.422357273617914e-07, 4.2454902332090857e-07, 4.077631474618134e-07, 3.916331993115483e-07, 3.762213100103482e-07, 3.6140572797624826e-07, 3.470331691398409e-07, 3.333009019464932e-07, 3.200190750029115e-07, 3.0707408467450774e-07, 2.945509373756626e-07, 2.8256672449715185e-07, 2.7102640875587675e-07, 2.5998774266930834e-07, 2.494363473674487e-07, 2.393204429765104e-07, 2.29558245969794e-07, 2.2015710347835e-07, 2.1116504167839495e-07, 2.0247012889774912e-07, 1.94110370070563e-07, 1.8617361450796742e-07, 1.7855378854470235e-07, 1.7122893249081655e-07, 1.6422357829511126e-07, 1.5747941549473773e-07, 1.5097743721562247e-07, 1.4468510753566712e-07, 1.3864958578862118e-07]
ndim2: 500
W_list: [3.8]
L_list: [24.430381483486933]
