R_list= [ 1  2  3  4  5  6  7  8  9 10 11 12 13 14 15 16 17 18 19 20 21 22 23 24
 25 26 27 28 29 30]
C_final_list= [4.782847567865878e-07, 4.1950557028241375e-07, 3.6979335196514953e-07, 3.256178765640514e-07, 2.865184722073518e-07, 2.52057973935481e-07, 2.213577840908352e-07, 1.9410557691566948e-07, 1.6996723244330684e-07, 1.4866493787718713e-07, 1.2990231623110924e-07, 1.1347459077236805e-07, 9.879286563812111e-08, 8.596934012135858e-08, 7.487444461410054e-08, 6.519681978678939e-08, 5.673315882626748e-08, 4.931845051460986e-08, 4.282986432469543e-08, 3.718816532106382e-08, 3.226250452552643e-08, 2.7928221507668824e-08, 2.41587343345678e-08, 2.0952518311836567e-08, 1.8199216925025702e-08, 1.5788346810493898e-08, 1.3671380754331475e-08, 1.1828982180708789e-08, 1.021795848557321e-08, 8.817357168832045e-09]
W_list: [6]
L_list: [7.588214556986023]
