C_final_list: [1.5851866616526625e-06, 1.2772058124966871e-06, 1.0300432332829392e-06, 8.271735986110811e-07, 6.641271285379811e-07, 5.348639078545929e-07, 4.2763863362835435e-07, 3.4224647658784554e-07, 2.7470517949050364e-07, 2.2030887516691164e-07, 1.7740214116962573e-07, 1.4196881893063843e-07, 1.1394318214742983e-07, 9.070125745871247e-08, 7.200575585142872e-08, 5.738889505576516e-08, 4.533627090367e-08, 3.565575156763053e-08, 2.8120614653203132e-08, 2.2290590489357188e-08, 1.7593700113566405e-08, 1.3889949694155381e-08, 1.0971022391210756e-08, 8.679449709885969e-09, 6.903039384805876e-09, 5.52487391102667e-09, 4.383926195457494e-09, 3.434285252700138e-09, 2.6921583794714107e-09, 2.1187515689819145e-09, 1.658319564143182e-09, 1.3018308121560478e-09, 1.0217710830579756e-09, 7.968576409777521e-10, 6.213834852313841e-10]
ndim2: 500
W_list: [3.6]
L_list: [4.568071049833559]
