C_list:
1.959307882705778e-06 0.10550126331766997
ndim2: 500
W_list: [2.0]
L_list: [9.478559484059886]
