R_list= [ 1  2  3  4  5  6  7  8  9 10 11 12 13 14 15 16 17 18 19 20 21 22 23 24
 25 26 27 28 29 30 31 32]
C_final_list= [2.4142927924409493e-07, 1.6042224310052715e-07, 1.0260140241462544e-07, 6.525964670178475e-08, 4.126998260323572e-08, 2.586996459559069e-08, 1.6159135983392886e-08, 1.0027242586293896e-08, 6.170663135776773e-09, 3.768672296033399e-09, 2.293746759893723e-09, 1.3979768026613854e-09, 8.556406845496389e-10, 5.202364101388525e-10, 3.156183863481646e-10, 1.9167031238999332e-10, 1.1600764836775414e-10, 7.051900783106854e-11, 4.257382165990845e-11, 2.546271809709552e-11, 1.5232241746543773e-11, 9.082300407343633e-12, 5.4099726524366125e-12, 3.272900221496857e-12, 1.9948265355481344e-12, 1.2028156844425186e-12, 7.292706715085203e-13, 4.49361482139501e-13, 2.7812696936344895e-13, 1.7357432187987643e-13, 1.1011918122285637e-13, 7.133402020851524e-14]
W_list: [6]
L_list: [2.281948653938278]
