R_list= [ 1  2  3  4  5  6  7  8  9 10 11 12 13 14 15 16 17 18 19 20 21 22 23 24
 25 26 27 28 29 30 31 32 33 34 35 36 37 38]
C_final_list= [3.2264955598532577e-05, 2.4682407082273647e-05, 1.87534982935078e-05, 1.4225542829466967e-05, 1.077954876738941e-05, 8.144481302550632e-06, 6.138695518612949e-06, 4.640475414543896e-06, 3.5132046064188553e-06, 2.658067773327407e-06, 2.0069522001942795e-06, 1.5169653704593635e-06, 1.1470698148614935e-06, 8.656946967379396e-07, 6.532807657217147e-07, 4.927403413080729e-07, 3.7195619733126656e-07, 2.816739134961559e-07, 2.1325407786937617e-07, 1.6122317215973702e-07, 1.2157382724062365e-07, 9.16138661730049e-08, 6.916211091435844e-08, 5.2389175347795374e-08, 3.973261188768952e-08, 3.0068290390633604e-08, 2.2771429095506522e-08, 1.7239057479586228e-08, 1.3012070191336632e-08, 9.875834616549353e-09, 7.484408848001383e-09, 5.7247528620597695e-09, 4.354021204121892e-09, 3.299330776179155e-09, 2.4839348022019246e-09, 1.8610339199473361e-09, 1.3930006090884408e-09, 1.0407896816685378e-09]
W_list: [8.05]
L_list: [3.6250602763789765]
