R_list= [ 1  2  3  4  5  6  7  8  9 10 11 12 13 14 15 16 17 18 19 20 21 22 23 24
 25 26 27 28 29 30 31 32 33 34 35 36 37 38]
C_final_list= [5.67073827531274e-07, 4.378420160486399e-07, 3.41403481542254e-07, 2.6508034372548945e-07, 2.0531956420626888e-07, 1.5904849709605434e-07, 1.2317310392520717e-07, 9.531080142998556e-08, 7.352437173347374e-08, 5.6492677773260786e-08, 4.349246807929802e-08, 3.3532480383925624e-08, 2.5795057916431636e-08, 1.9849956566278396e-08, 1.5287806970370317e-08, 1.1704906521786529e-08, 8.98091767948342e-09, 6.890908396153126e-09, 5.319245915846174e-09, 4.103289361153815e-09, 3.1489967801644455e-09, 2.415360353180714e-09, 1.8471093561649753e-09, 1.4117302592820386e-09, 1.0754210990645689e-09, 8.17951616288668e-10, 6.252116585243979e-10, 4.771493676746519e-10, 3.677759721480753e-10, 2.8151567421392385e-10, 2.1224891582738233e-10, 1.5953703879353252e-10, 1.208182735496497e-10, 9.135802250187802e-11, 6.880658755486431e-11, 5.1722161612845175e-11, 3.927647313019129e-11, 2.954033358470663e-11]
W_list: [7]
L_list: [3.922409345794953]
