R_list= [ 1  2  3  4  5  6  7  8  9 10 11 12 13 14 15 16 17 18 19 20 21 22 23 24
 25 26 27 28 29 30 31 32 33 34 35 36 37 38]
C_final_list= [3.2283166302410335e-05, 2.467468726607303e-05, 1.8734279104233283e-05, 1.4173205614900994e-05, 1.0733887177389336e-05, 8.126041015667796e-06, 6.145743558638945e-06, 4.642964481787987e-06, 3.50598227276367e-06, 2.648008493576481e-06, 1.999781266209554e-06, 1.5116432410774814e-06, 1.1428004796069178e-06, 8.62297462936873e-07, 6.500463898468741e-07, 4.897428139681847e-07, 3.690220779376437e-07, 2.7776802793619653e-07, 2.0847126675380313e-07, 1.5672083168643332e-07, 1.1835693928214981e-07, 8.936641430203781e-08, 6.756289908223137e-08, 5.099402788133132e-08, 3.8371231394835333e-08, 2.8983616074185432e-08, 2.1921586783960968e-08, 1.6611604162006635e-08, 1.2591259117401372e-08, 9.544758078019844e-09, 7.194121690133375e-09, 5.416431223563919e-09, 4.0935816311813656e-09, 3.1102312278854826e-09, 2.3558277535231556e-09, 1.7792018196490877e-09, 1.3398868586891608e-09, 1.0099010502324701e-09]
W_list: [8.05]
L_list: [3.6175486661841245]
