R_list= [ 1  2  3  4  5  6  7  8  9 10 11 12 13 14 15 16 17 18 19 20 21 22 23 24
 25 26 27 28 29 30 31 32 33 34 35 36 37 38]
C_final_list= [3.466877473157133e-05, 2.2287590584799068e-05, 1.4212905666243144e-05, 9.071110722293654e-06, 5.785064950934284e-06, 3.6870753932148065e-06, 2.3419583002151994e-06, 1.4854291734891247e-06, 9.428600273317949e-07, 5.991781199154788e-07, 3.797673715841804e-07, 2.4035356891221227e-07, 1.519230641651243e-07, 9.620429753235401e-08, 6.066848462686748e-08, 3.853965391761707e-08, 2.4601019448891072e-08, 1.5620872478108786e-08, 9.945709279721318e-09, 6.37637450978566e-09, 4.080560239876387e-09, 2.5987423543508228e-09, 1.6534165456519024e-09, 1.0564112001013005e-09, 6.838256398763096e-10, 4.3402442179286684e-10, 2.778989534156327e-10, 1.7800241883773323e-10, 1.1293586152468406e-10, 7.235706076152764e-11, 4.6867776994075065e-11, 3.0248185740307705e-11, 1.8902119590869793e-11, 1.1696390649582698e-11, 7.31381212973482e-12, 4.6055640216726174e-12, 2.8308656364360474e-12, 1.7207868576860463e-12]
W_list: [8.35]
L_list: [2.236466078814698]
