R_list= [ 1  2  3  4  5  6  7  8  9 10 11 12 13 14 15 16 17 18 19 20 21 22 23 24
 25 26 27 28 29 30 31 32 33 34 35 36 37 38]
C_final_list= [5.235838302817218e-07, 4.923881898404377e-07, 4.603829201221367e-07, 4.290758055758479e-07, 3.99352067789783e-07, 3.713458463964542e-07, 3.448850406909773e-07, 3.2009177980053677e-07, 2.971011389224099e-07, 2.7567817893784806e-07, 2.556355639794628e-07, 2.3698297865232164e-07, 2.1955873824037735e-07, 2.0346929493270092e-07, 1.8858827847075065e-07, 1.747932356264704e-07, 1.620011273972432e-07, 1.5004640138564927e-07, 1.3890680902110635e-07, 1.286548758970698e-07, 1.1914181121997571e-07, 1.1041816840514518e-07, 1.022149555471369e-07, 9.46027577092862e-08, 8.759825381293923e-08, 8.111558622796187e-08, 7.507257105161242e-08, 6.946492424778164e-08, 6.423603886115694e-08, 5.9361573816817004e-08, 5.4826960363512976e-08, 5.0646786489761426e-08, 4.6741834169042997e-08, 4.3119595226316554e-08, 3.9797795080832375e-08, 3.6746451281842363e-08, 3.394520619222453e-08, 3.1332122410161733e-08]
W_list: [7.0]
L_list: [13.40513710861217]
