R_list= [ 1  2  3  4  5  6  7  8  9 10 11 12 13 14 15 16 17 18 19 20 21 22 23 24
 25 26 27 28 29 30 31 32 33 34 35 36 37 38]
C_final_list= [2.274428602995253e-06, 1.9946502112938574e-06, 1.7323318760449143e-06, 1.4971424452741388e-06, 1.289084435619499e-06, 1.1079237183300278e-06, 9.524797387837905e-07, 8.179236944654088e-07, 7.014586615792309e-07, 6.016512166016601e-07, 5.159464152166888e-07, 4.4223355815293323e-07, 3.7881860389181734e-07, 3.2442757731606145e-07, 2.778668707594413e-07, 2.3786005659973575e-07, 2.0346530608528635e-07, 1.7388550473531928e-07, 1.4850257212221216e-07, 1.2695583930428524e-07, 1.084983157031033e-07, 9.262008730681997e-08, 7.904360732431606e-08, 6.751811360348839e-08, 5.763884265551208e-08, 4.9153584210141235e-08, 4.185537711311313e-08, 3.566771345957656e-08, 3.0401643454540463e-08, 2.5868851904337853e-08, 2.2007653295007073e-08, 1.8709432271544692e-08, 1.5888742331897007e-08, 1.3519365584032902e-08, 1.1495241463453935e-08, 9.756937290578693e-09, 8.287556007438015e-09, 7.045782741936624e-09]
W_list: [8.3]
L_list: [6.695318969750566]
