R_list= [ 1  2  3  4  5  6  7  8  9 10 11 12 13 14 15 16 17 18 19 20 21 22 23 24
 25 26 27 28 29 30 31 32 33 34 35 36 37 38]
C_final_list= [6.150410324078272e-07, 3.216491201634038e-07, 1.4887764439511816e-07, 6.581574527990607e-08, 2.8575658440650174e-08, 1.2254156310395227e-08, 5.213666342177779e-09, 2.2155754446162893e-09, 9.519228549056203e-10, 4.1774405371603755e-10, 1.8600374660241008e-10, 8.379477252011026e-11, 3.870267079792978e-11, 1.7470194827762448e-11, 7.489735675269187e-12, 2.960779077477871e-12, 1.1215697358672637e-12, 4.286110994174621e-13, 1.6808148697801786e-13, 6.994461354335825e-14, 3.250702845916611e-14, 1.4539812675041163e-14, 5.950276168755587e-15, 2.3176907640671466e-15, 8.96964111862146e-16, 3.284433470028745e-16, 1.179674683191298e-16, 4.3978624894101675e-17, 1.741810246984434e-17, 7.41395795323671e-18, 3.1611720887148363e-18, 1.4148237817695772e-18, 6.940761479795121e-19, 3.4021395197646054e-19, 1.4301986434398456e-19, 5.904364383683272e-20, 3.0304080266945956e-20, 2.5267767526538792e-20]
W_list: [6]
L_list: [1.4166293767547982]
