R_list= [ 1  2  3  4  5  6  7  8  9 10 11 12 13 14 15 16 17 18 19 20 21 22 23 24
 25 26 27 28 29 30 31 32 33 34 35 36 37 38]
C_final_list= [2.1320768018778134e-07, 1.2927459234653772e-07, 6.590507082239103e-08, 3.034876812619447e-08, 1.3158080433742175e-08, 5.4894367383427585e-09, 2.2311656665794392e-09, 8.933121049391237e-10, 3.5587293842440617e-10, 1.419515978109338e-10, 5.7004766149179104e-11, 2.3216897869968097e-11, 9.720180714088567e-12, 4.215363258702027e-12, 1.81342723024202e-12, 7.601300971323781e-13, 3.202636066987925e-13, 1.3965722532136418e-13, 6.234057464842202e-14, 2.8340908990857745e-14, 1.3180699567921589e-14, 5.772386364666468e-15, 2.364405227361714e-15, 9.431185073204703e-16, 3.68701119247464e-16, 1.435297251553863e-16, 5.547438820164991e-17, 2.1443602315374367e-17, 8.339265445345354e-18, 3.268053236849879e-18, 1.2976424025334518e-18, 5.277263914703001e-19, 2.197841378964264e-19, 9.614681048900682e-20, 4.5628754790866085e-20, 2.450927527963484e-20, 1.3682802556486878e-20, 7.016631029516197e-21]
W_list: [4]
L_list: [1.6467590436113713]
