C_list:
1.8022006411858329e-06 0.3394048967768803
ndim2: 500
W_list: [4.2]
L_list: [2.946333448622531]
