R_list= [ 1  2  3  4  5  6  7  8  9 10 11 12 13 14 15 16 17 18 19 20 21 22 23 24
 25 26 27 28 29 30 31 32 33 34 35 36 37 38]
C_final_list= [8.921702342899504e-07, 5.642007587900861e-07, 3.0485481102093973e-07, 1.4949497919448605e-07, 6.913548465267954e-08, 3.0836587185827664e-08, 1.3462636690986897e-08, 5.803877435448269e-09, 2.4861448463471487e-09, 1.0677202776323242e-09, 4.6298938107707074e-10, 2.0302950629284852e-10, 9.024092530057661e-11, 4.064316970841218e-11, 1.853481769561933e-11, 8.63334049005984e-12, 4.1037074453651174e-12, 1.953094914095473e-12, 9.473472434669853e-13, 4.864258687009014e-13, 2.746644342137927e-13, 1.7801942279205608e-13, 1.315030562526512e-13, 9.812918036695976e-14, 6.731548199477798e-14, 4.089540783823252e-14, 2.1971182969632744e-14, 1.0725508174894366e-14, 4.8279210975057255e-15, 2.0360620291534266e-15, 8.082000781292971e-16, 3.07850739513804e-16, 1.1535816586773913e-16, 4.402936281615659e-17, 1.7422155142821866e-17, 7.246355085695093e-18, 3.1787925882399527e-18, 1.4856493806218748e-18]
W_list: [4]
L_list: [1.7649900430127263]
