R_list= [ 1  2  3  4  5  6  7  8  9 10 11 12 13 14 15 16 17 18 19 20 21 22 23 24
 25 26 27 28 29 30 31 32 33 34 35 36 37 38]
C_final_list= [2.022958118987677e-06, 1.3155393336430424e-06, 7.40154157252162e-07, 3.822973916679774e-07, 1.877172565690833e-07, 8.9294061451861e-08, 4.1715706158693985e-08, 1.9311711964121738e-08, 8.893994046478066e-09, 4.0764258552228065e-09, 1.8569793026332061e-09, 8.472973507396329e-10, 3.8857407025317193e-10, 1.7854273106232787e-10, 8.18201644897235e-11, 3.7321031832990484e-11, 1.6930664246636645e-11, 7.66456234974955e-12, 3.4302268792941537e-12, 1.5103431533619247e-12, 6.567178313190372e-13, 2.8269372296372964e-13, 1.2158159045512284e-13, 5.269657794801125e-14, 2.2964367817293365e-14, 1.0088221039524277e-14, 4.4722132004962964e-15, 1.9993881042869635e-15, 9.06994947451404e-16, 4.1703730502577653e-16, 1.9428560103219728e-16, 9.145837459251132e-17, 4.342469959880005e-17, 2.0559159513813646e-17, 9.628279990889658e-18, 4.513007224378876e-18, 2.1051586304069063e-18, 9.881236834336e-19]
W_list: [4]
L_list: [1.8634210063989114]
