C_final_list: [1.9968311870376873e-06, 1.8713011716010564e-06, 1.7501924664367452e-06, 1.6386119256020948e-06, 1.5340847625500126e-06, 1.436425509487246e-06, 1.3436898303256148e-06, 1.257449134111325e-06, 1.174653063148583e-06, 1.0975641830988217e-06, 1.0248388810328075e-06, 9.574030289044026e-07, 8.943376612804152e-07, 8.357403274386117e-07, 7.815507560860571e-07, 7.310751917504797e-07, 6.83451176646316e-07, 6.386202952180421e-07, 5.962506104544962e-07, 5.570363243224166e-07, 5.205277558371596e-07, 4.861653943287847e-07, 4.536266206694818e-07, 4.2358072290337007e-07, 3.953183176207095e-07, 3.689221721084256e-07, 3.43765138778215e-07, 3.2053501112080044e-07, 2.9863549145426947e-07, 2.781955129806372e-07, 2.591207814990939e-07, 2.4138552720023615e-07, 2.2498175306555752e-07, 2.0937221616156806e-07, 1.9490427426606737e-07, 1.8140333502521752e-07, 1.6882580634303544e-07, 1.5702684871328824e-07, 1.4604658550629561e-07, 1.358323939007003e-07, 1.262032483484736e-07, 1.172231538968109e-07, 1.0900076611476622e-07, 1.0120774964134605e-07, 9.391246050045149e-08, 8.714812016470006e-08, 8.090650902313554e-08, 7.510983018158428e-08, 6.970134432474237e-08, 6.461494284022777e-08]
ndim2: 500
W_list: [3.0999999999999996]
L_list: [14.738330143970035]
