R_list= [ 1  2  3  4  5  6  7  8  9 10 11 12 13 14 15 16 17 18 19 20 21 22 23 24
 25 26 27 28 29 30 31 32 33 34 35 36 37 38]
C_final_list= [5.779705040708123e-07, 4.792285031356816e-07, 3.952015479373006e-07, 3.251600499818302e-07, 2.6710425794535276e-07, 2.1930354907040588e-07, 1.8007262719641632e-07, 1.4783308888681324e-07, 1.20913625301248e-07, 9.905496949994405e-08, 8.093490360876747e-08, 6.61487723027118e-08, 5.394677950570276e-08, 4.392221847032477e-08, 3.566855961930912e-08, 2.8932133770264095e-08, 2.3426966978975806e-08, 1.897768299794338e-08, 1.537339733347573e-08, 1.2454972801244833e-08, 1.0073989074602325e-08, 8.129480328532476e-09, 6.543960701618027e-09, 5.264729485662822e-09, 4.236335830503632e-09, 3.4165449770153327e-09, 2.7555151633044968e-09, 2.228280441032748e-09, 1.7914045446558744e-09, 1.4408090627524156e-09, 1.1543293365936525e-09, 9.306833208144068e-10, 7.531288568881792e-10, 6.087686315283872e-10, 4.936055831067872e-10, 3.9986427912376e-10, 3.228294871149532e-10, 2.613877868947579e-10]
W_list: [7]
L_list: [5.094505335125599]
