R_list= [ 1  2  3  4  5  6  7  8  9 10 11 12 13 14 15 16 17 18 19 20 21 22 23 24
 25 26 27 28 29 30 31 32 33 34 35 36 37 38]
C_final_list= [2.2515509496578897e-06, 1.995782729879549e-06, 1.826346501557425e-06, 1.6810884391355056e-06, 1.549193139203539e-06, 1.4262169858034945e-06, 1.310555021485148e-06, 1.2050511843824433e-06, 1.1090339152399543e-06, 1.020638541276304e-06, 9.393363852608902e-07, 8.637725694111143e-07, 7.933508475834542e-07, 7.277852201824331e-07, 6.677755873900199e-07, 6.128042325499072e-07, 5.621322153425145e-07, 5.159061417670574e-07, 4.737522360938599e-07, 4.34567976471716e-07, 3.979326165041189e-07, 3.6431827068002674e-07, 3.341344336076728e-07, 3.0637469088701325e-07, 2.807499734613579e-07, 2.571681598788165e-07, 2.355503819025706e-07, 2.1590801754424708e-07, 1.9805990476556207e-07, 1.815602281086076e-07, 1.6622228523239542e-07, 1.5221720512192078e-07, 1.3952414812762707e-07, 1.277693235647687e-07, 1.1689491832942319e-07, 1.0683223392998857e-07, 9.76749130274887e-08, 8.932256715627343e-08]
W_list: [4]
L_list: [11.675185342090495]
