R_list= [ 1  2  3  4  5  6  7  8  9 10 11 12 13 14 15 16 17 18 19 20 21 22 23 24
 25 26 27 28 29 30 31 32 33 34 35 36 37 38]
C_final_list= [3.7727607680406557e-07, 3.185179230602705e-07, 2.654818689430658e-07, 2.1991406242267773e-07, 1.817210244626263e-07, 1.4968012211683265e-07, 1.2294547550919917e-07, 1.0043372297666068e-07, 8.191421657594546e-08, 6.681872027384108e-08, 5.455487830255159e-08, 4.447267017836649e-08, 3.6070737198355977e-08, 2.929187964170103e-08, 2.3732228591033267e-08, 1.9176129553674525e-08, 1.54920729186263e-08, 1.2509733012227697e-08, 1.0114302489558573e-08, 8.1868392551463e-09, 6.657287915713594e-09, 5.4204487769098875e-09, 4.406602031459756e-09, 3.5696365797212506e-09, 2.900210179641456e-09, 2.3481234021429836e-09, 1.8948388518270477e-09, 1.5305460107240356e-09, 1.2364819256949747e-09, 9.969162562398861e-10, 8.044701001175305e-10, 6.502052373328023e-10, 5.268530498730736e-10, 4.273624975340577e-10, 3.4709379045658335e-10, 2.797746975843495e-10, 2.2563675032579403e-10, 1.8184257711563354e-10]
W_list: [9.0]
L_list: [5.211591522456381]
