C_final_list: [1.5788474031091183e-06, 1.5129840625278592e-06, 1.448450545009481e-06, 1.3863786944750093e-06, 1.325702959784366e-06, 1.2672260587108917e-06, 1.211876305520411e-06, 1.1590869189943189e-06, 1.1085029224331803e-06, 1.0603111678435178e-06, 1.013915580452027e-06, 9.69134633500426e-07, 9.25922660833613e-07, 8.84533219785104e-07, 8.456937808470643e-07, 8.07870045501162e-07, 7.721013798488758e-07, 7.380931544686334e-07, 7.056003509972889e-07, 6.746478586698191e-07, 6.452755389403582e-07, 6.168095545963148e-07, 5.89510245169344e-07, 5.636284103463835e-07, 5.387420412827174e-07, 5.149076114092948e-07, 4.922894189403949e-07, 4.7044150715944287e-07, 4.496051804100905e-07, 4.29795505567098e-07, 4.105099346209927e-07, 3.918102343588065e-07, 3.7397697468127945e-07, 3.5692851493667885e-07, 3.405096954368266e-07, 3.2466304707388254e-07, 3.0964369385748916e-07, 2.9522276664479197e-07, 2.81565135963376e-07, 2.6848930438659045e-07, 2.5591896874672163e-07, 2.4397045495374913e-07, 2.3247461602342775e-07, 2.214522345444347e-07, 2.110076946785221e-07, 2.0104700400044133e-07, 1.9150979489430445e-07, 1.8241511472520452e-07, 1.7366735156371222e-07, 1.652815926603367e-07]
ndim2: 500
W_list: [3.4000000000000004]
L_list: [22.097403200191884]
