R_list= [ 1  2  3  4  5  6  7  8  9 10 11 12 13 14 15 16 17 18 19 20 21 22 23 24
 25 26 27 28 29 30 31 32 33 34 35 36 37 38]
C_final_list= [2.7390137420729294e-07, 2.461787837917913e-07, 2.1888346739299953e-07, 1.9364638854826107e-07, 1.7092608351059648e-07, 1.5050284644618313e-07, 1.3239457594446877e-07, 1.1646511377360594e-07, 1.0244550646217703e-07, 9.009252634900607e-08, 7.909645599933023e-08, 6.929727272653922e-08, 6.062425969131506e-08, 5.297765335598555e-08, 4.631062877668757e-08, 4.044040476400801e-08, 3.530535402706875e-08, 3.079808811401341e-08, 2.6875685895120034e-08, 2.3423806871119027e-08, 2.03976435100686e-08, 1.775505162579576e-08, 1.5460104232807274e-08, 1.3458329593093516e-08, 1.1721853296708338e-08, 1.0198709839171531e-08, 8.863461783809058e-09, 7.689918541732703e-09, 6.658961104563322e-09, 5.7635235287654455e-09, 4.9828925330194895e-09, 4.3039916883995255e-09, 3.721084024970083e-09, 3.2174230436053264e-09, 2.7752551886752203e-09, 2.3961600740726442e-09, 2.0703010510845534e-09, 1.7889572608512776e-09]
W_list: [8.4]
L_list: [7.862852155604573]
