R_list= [ 1  2  3  4  5  6  7  8  9 10 11 12 13 14 15 16 17 18 19 20 21 22 23 24
 25 26 27 28 29 30]
C_final_list= [4.925138072343267e-08, 2.1480122793413446e-08, 7.613589226362972e-09, 2.4421665590798514e-09, 7.454141761425075e-10, 2.2110160830842723e-10, 6.403927134141993e-11, 1.8009775816662187e-11, 4.975859956290171e-12, 1.3549858828648116e-12, 3.6596830428277345e-13, 9.963790549011346e-14, 2.7481910796467036e-14, 7.500533647362833e-15, 2.0344968770679133e-15, 5.498684568211149e-16, 1.514171791132875e-16, 4.4603126310851206e-17, 1.3394729375512663e-17, 4.545274125265673e-18, 1.7472231718599196e-18, 6.417204429362832e-19, 3.057625916780679e-19, 1.8873171790783041e-19, 1.1689505421592965e-19, 7.2187291276634e-20, 2.7485062215999267e-20, 6.728747939331699e-21, 1.6248813223635298e-21, 3.8125139128136825e-22]
W_list: [6]
L_list: [1.116808331181832]
