R_list= [ 1  2  3  4  5  6  7  8  9 10 11 12 13 14 15 16 17 18 19 20 21 22 23 24
 25 26 27 28 29 30 31 32 33 34 35 36 37 38]
C_final_list= [2.778204881853518e-06, 2.4816651195019433e-06, 2.199909293798657e-06, 1.9411465538742406e-06, 1.7109080815929495e-06, 1.5059301032194183e-06, 1.3239124210669872e-06, 1.1629356629577229e-06, 1.0210760723083878e-06, 8.965095770844275e-07, 7.861257601661433e-07, 6.888561762145696e-07, 6.037942635891775e-07, 5.292507547780336e-07, 4.637445535627104e-07, 4.06356585728191e-07, 3.5588946976165115e-07, 3.1163447665056787e-07, 2.726651171446534e-07, 2.3848194892352476e-07, 2.0861591407927246e-07, 1.824583088788914e-07, 1.595961524766402e-07, 1.3958061313626344e-07, 1.2197880757233378e-07, 1.067108278571853e-07, 9.333334107631757e-08, 8.163203065257334e-08, 7.139654524517046e-08, 6.240857524996415e-08, 5.458261731028071e-08, 4.767349882164094e-08, 4.167041516159844e-08, 3.641855146613157e-08, 3.183643777360718e-08, 2.7809985551624973e-08, 2.426861509912752e-08, 2.1171911094750248e-08]
W_list: [7.95]
L_list: [7.8180257513286096]
