C_final_list: [2.2412064138415324e-06, 2.0209142222232467e-06, 1.8135833482251562e-06, 1.6331741488011703e-06, 1.4710338479995002e-06, 1.324823620752465e-06, 1.1940762041905752e-06, 1.07421526176382e-06, 9.661512108833018e-07, 8.684107994602714e-07, 7.812173147654127e-07, 7.022849253772058e-07, 6.2975694916745e-07, 5.655002389644351e-07, 5.087864700448766e-07, 4.5769618311391333e-07, 4.112412099462405e-07, 3.6939593419232834e-07, 3.316298414829014e-07, 2.9765997494510707e-07, 2.671103504100719e-07, 2.3968894819068823e-07, 2.1545362404313116e-07, 1.936739466438129e-07, 1.7405562524502172e-07, 1.5635464558249104e-07, 1.402257605618042e-07, 1.258384070516141e-07, 1.1275122191951924e-07, 1.0112283509402869e-07, 9.060054307138703e-08, 8.128371071208627e-08, 7.289411808519199e-08, 6.532947745828804e-08, 5.8540575080092836e-08, 5.2365696890754395e-08, 4.688552431411537e-08, 4.199462331114033e-08, 3.754951874817216e-08, 3.3593452746455706e-08, 3.005885588065502e-08, 2.688739274695372e-08, 2.3977865852935915e-08, 2.1425025408069286e-08, 1.9078459736631134e-08, 1.698658835227891e-08, 1.510897680413565e-08, 1.3420492543921812e-08, 1.1918450553805107e-08, 1.0587311735625462e-08]
ndim2: 500
W_list: [2.6]
L_list: [9.427144250917701]
