R_list= [ 1  2  3  4  5  6  7  8  9 10 11 12 13 14 15 16 17 18 19 20 21 22 23 24
 25 26 27 28 29 30 31 32 33 34 35 36 37 38]
C_final_list= [8.054987436719008e-07, 4.0997836266619296e-07, 1.713251243828623e-07, 6.475926988662532e-08, 2.3170090326953153e-08, 8.030518954983848e-09, 2.7247180093430293e-09, 9.117357391259831e-10, 3.0387589505425897e-10, 1.0167907521795598e-10, 3.4132612488596794e-11, 1.1470942432368852e-11, 3.852740941498478e-12, 1.2971183292383106e-12, 4.362069541342492e-13, 1.457173485928844e-13, 4.83998964776285e-14, 1.574362526451565e-14, 4.949494526902631e-15, 1.5464487534438123e-15, 4.861988589738873e-16, 1.5526053475905142e-16, 4.985304699575573e-17, 1.617656410869385e-17, 5.2833904977773235e-18, 1.747422346034447e-18, 5.943199873808261e-19, 2.1272016866488008e-19, 8.009464371668307e-20, 3.2421432906310926e-20, 1.4508696419875618e-20, 7.275448280648107e-21, 4.143529070517474e-21, 2.739372933634691e-21, 2.0531837607658903e-21, 1.6829496700667631e-21, 1.485006620137412e-21, 1.3930538377683118e-21]
W_list: [5]
L_list: [1.3166909678637584]
