R_list= [ 1  2  3  4  5  6  7  8  9 10 11 12 13 14 15 16 17 18 19 20 21 22 23 24
 25 26 27 28 29 30 31 32 33 34 35 36 37 38]
C_final_list= [9.169505149461356e-07, 8.33974694694217e-07, 7.663503886708937e-07, 7.063864127918707e-07, 6.495631289744252e-07, 5.961645407276503e-07, 5.472339991818887e-07, 5.02715114305351e-07, 4.617804907297533e-07, 4.2398252599098785e-07, 3.890613725244515e-07, 3.568552815102802e-07, 3.2732552283306036e-07, 3.0012285294875434e-07, 2.7487247804405044e-07, 2.518616372989072e-07, 2.3071449206343982e-07, 2.11353529594923e-07, 1.9373795096212475e-07, 1.7757481566972266e-07, 1.628562261805384e-07, 1.4941082497179228e-07, 1.3689676875124108e-07, 1.2536119827421345e-07, 1.1479396345475068e-07, 1.0505448399097349e-07, 9.60378298504675e-08, 8.768858795527375e-08, 8.005919901195e-08, 7.314155313050145e-08, 6.67961882030034e-08, 6.102757476509742e-08, 5.575585189622673e-08, 5.09420868971306e-08, 4.6526316016086893e-08, 4.246526577682604e-08, 3.874929984702415e-08, 3.536883352523876e-08]
W_list: [5]
L_list: [11.604793322622344]
