C_final_list: [1.502509079312408e-06, 1.3359669016097647e-06, 1.1855223474099514e-06, 1.0526558816862623e-06, 9.350880541492107e-07, 8.297594733676405e-07, 7.350639857356481e-07, 6.508433401047993e-07, 5.762507708464327e-07, 5.096584333306627e-07, 4.514918240629455e-07, 4.003584398331478e-07, 3.5459603554981123e-07, 3.144962792925275e-07, 2.7814998851829533e-07, 2.465855676761516e-07, 2.1768091693851758e-07, 1.925000093687108e-07, 1.702344813399121e-07, 1.5052623535759684e-07, 1.3290012822867388e-07, 1.1743947418283883e-07, 1.0389431985299341e-07, 9.191616785107644e-08, 8.143163058322863e-08, 7.188468481989722e-08, 6.351028850889443e-08, 5.6146963708339764e-08, 4.9470434929523175e-08, 4.351663390710007e-08, 3.815376881617169e-08, 3.3470314292896445e-08, 2.9386264491719977e-08, 2.5735260457002507e-08, 2.253342827882367e-08]
ndim2: 500
W_list: [3.8]
L_list: [8.286888188574123]
