R_list= [ 1  2  3  4  5  6  7  8  9 10 11 12 13 14 15 16 17 18 19 20 21 22 23 24
 25 26 27 28 29 30 31 32 33 34 35 36 37 38]
C_final_list= [2.1482011593229315e-07, 1.3031767291616464e-07, 6.66506116192314e-08, 3.090962208537841e-08, 1.3513545048388132e-08, 5.7068201395340435e-09, 2.3549581346170253e-09, 9.557750638248657e-10, 3.844887480244237e-10, 1.5454905500173897e-10, 6.223284828338925e-11, 2.5025329593116492e-11, 1.003879496743261e-11, 4.0294249229723925e-12, 1.6081958025618308e-12, 6.349459509553527e-13, 2.485252537282238e-13, 9.676570159344687e-14, 3.7700841429507784e-14, 1.4745989279268044e-14, 5.830497839659389e-15, 2.338086447815058e-15, 9.438463309882207e-16, 3.8281978337964644e-16, 1.5692778261373639e-16, 6.502485016168362e-17, 2.7203922416749524e-17, 1.1477488976470803e-17, 4.8621890572365096e-18, 2.0616806569374424e-18, 8.836069537015895e-19, 3.884232873338658e-19, 1.7832091276376034e-19, 8.718409974156537e-20, 4.627955280652496e-20, 2.7027779686304523e-20, 1.7373009102444004e-20, 1.228895263686203e-20]
W_list: [4]
L_list: [1.6522160545329732]
