C_final_list: [1.3186058507301488e-06, 1.2601008449443762e-06, 1.1988068152319146e-06, 1.140450984771934e-06, 1.0855501205974527e-06, 1.031841127897944e-06, 9.817735691075995e-07, 9.343157533565668e-07, 8.889592694510839e-07, 8.458442159700768e-07, 8.046521730023299e-07, 7.649208868654897e-07, 7.266641554938549e-07, 6.910318450229185e-07, 6.569723205691801e-07, 6.242788266590456e-07, 5.928515868860555e-07, 5.634741156112848e-07, 5.350572112554523e-07, 5.083348917738586e-07, 4.827936435298366e-07, 4.5867074569318245e-07, 4.361304869617708e-07, 4.1409964793835594e-07, 3.9324657318081614e-07, 3.735493695236258e-07, 3.5459871460877037e-07, 3.3675827253255893e-07, 3.1975939977586946e-07, 3.035319314811925e-07, 2.883926140469648e-07, 2.7394010709926225e-07, 2.601394162876641e-07, 2.4726975397951067e-07, 2.3494184083117833e-07]
ndim2: 500
W_list: [2.2]
L_list: [19.779448541657096]
