R_list= [ 1  2  3  4  5  6  7  8  9 10 11 12 13 14 15 16 17 18 19 20 21 22 23 24
 25 26 27 28 29 30 31 32 33 34 35 36 37 38]
C_final_list= [3.500898261428358e-05, 2.2642964224563737e-05, 1.4575805545912373e-05, 9.37282874393259e-06, 6.0195224428097555e-06, 3.844486744187849e-06, 2.4533311818151924e-06, 1.5648839190314796e-06, 9.96552066460461e-07, 6.345404800381375e-07, 4.0441871881492513e-07, 2.568639816719426e-07, 1.6399055560259716e-07, 1.0436440825662394e-07, 6.604738135382211e-08, 4.201082028908142e-08, 2.7038214747395607e-08, 1.736060286402932e-08, 1.1150908824323923e-08, 7.153580082439486e-09, 4.606144942583115e-09, 2.9491230012399516e-09, 1.8673885802134663e-09, 1.1902935183963931e-09, 7.557766710844731e-10, 4.764603608881459e-10, 3.0031888199431103e-10, 1.8974485540331698e-10, 1.2176476060845714e-10, 7.780832809489985e-11, 5.009599677249012e-11, 3.172748132769918e-11, 2.0192665264461032e-11, 1.260775279655843e-11, 7.973138193019198e-12, 4.870585556123947e-12, 3.0310072870263237e-12, 1.952214421896349e-12]
W_list: [8.3]
L_list: [2.2721451663695533]
