C_final_list: [2.1079646117131713e-06, 1.8671975818866407e-06, 1.6490165588267591e-06, 1.456861260148399e-06, 1.2874879877232824e-06, 1.1409322434121767e-06, 1.0104732879155824e-06, 8.956241742089425e-07, 7.914667220470795e-07, 6.999656342706957e-07, 6.174826175775533e-07, 5.454140267424785e-07, 4.831580161416663e-07, 4.2728787352776926e-07, 3.7682360961079924e-07, 3.321978137355567e-07, 2.9274272091940723e-07, 2.5816613898014937e-07, 2.2772624757547385e-07, 2.002591515449115e-07, 1.7613225738068613e-07, 1.5465167430391906e-07, 1.3574773706123977e-07, 1.1909258627993408e-07, 1.0418027649840414e-07, 9.130431808127903e-08, 8.02193615889834e-08, 7.04524879245983e-08, 6.192938100912329e-08, 5.454524523312402e-08, 4.782235298897189e-08, 4.209908951870632e-08, 3.708494165936821e-08, 3.257586112707786e-08, 2.8604168240019895e-08, 2.5154868406644176e-08, 2.2094684738505017e-08, 1.9403355139771596e-08, 1.7005393381350626e-08, 1.4882468577344225e-08, 1.3030554977093905e-08, 1.1422427953541454e-08, 9.975461989619845e-09, 8.737844395863768e-09, 7.641940481348052e-09, 6.684959949020391e-09, 5.849175680332681e-09, 5.094899869903946e-09, 4.450631800147751e-09, 3.887418297755899e-09]
ndim2: 500
W_list: [2.9]
L_list: [8.101387832689959]
