R_list= [ 1  2  3  4  5  6  7  8  9 10 11 12 13 14 15 16 17 18 19 20 21 22 23 24
 25 26 27 28 29 30 31 32 33 34 35 36 37 38]
C_final_list= [2.103986878723266e-05, 1.7082506671866335e-05, 1.3758800443838593e-05, 1.104956427343907e-05, 8.855601417701116e-06, 7.094156255753373e-06, 5.6793498181142835e-06, 4.546311733954914e-06, 3.6362388925078035e-06, 2.910291483007166e-06, 2.3279025718766675e-06, 1.8612070611530552e-06, 1.487922898198614e-06, 1.1888952146594956e-06, 9.490587323679333e-07, 7.573661244611038e-07, 6.047043315839231e-07, 4.830632374819946e-07, 3.857969267736599e-07, 3.0838602567846027e-07, 2.4653324540960517e-07, 1.9688237570874742e-07, 1.5751636873382967e-07, 1.2589683439230332e-07, 1.0044807176896255e-07, 8.010782179257217e-08, 6.402986553291905e-08, 5.10921040885737e-08, 4.073236829574285e-08, 3.253585456517817e-08, 2.6032578254848825e-08, 2.0814790398793158e-08, 1.666172740870801e-08, 1.3339130950595897e-08, 1.067693151317192e-08, 8.530169254043492e-09, 6.823663861018474e-09, 5.449131765744918e-09]
W_list: [8.25]
L_list: [4.563354432128312]
