C_final_list: [1.68076211056328e-06, 1.655432127202086e-06, 1.6301837725519579e-06, 1.6057897288070684e-06, 1.5825006034471447e-06, 1.559544264867215e-06, 1.5367491259716953e-06, 1.5144616101686135e-06, 1.4926474433085916e-06, 1.470998483677169e-06, 1.4495306802229526e-06, 1.4280249666456594e-06, 1.4070804047610563e-06, 1.3863066813841427e-06, 1.365657432961387e-06, 1.3452655715486004e-06, 1.3251526274473414e-06, 1.3054692004124967e-06, 1.2862874916949176e-06, 1.267263973891109e-06, 1.2483881374177444e-06, 1.2298758733517371e-06, 1.2114308667552628e-06, 1.1932950185795717e-06, 1.1755339807370108e-06, 1.1579510848154907e-06, 1.1407346632781974e-06, 1.1236449642252222e-06, 1.1068346682227948e-06, 1.0902596051268926e-06, 1.0738787931570215e-06, 1.0578200577165252e-06, 1.0419363379014291e-06, 1.026331980396837e-06, 1.0109257902193738e-06, 9.956484302408597e-07, 9.80513542976749e-07, 9.654133435903967e-07, 9.505378790890852e-07, 9.358889288856309e-07, 9.214106540461773e-07, 9.071892533732016e-07, 8.931147221253634e-07, 8.793382382044628e-07, 8.657833514863751e-07, 8.523010707727469e-07, 8.392435635332187e-07, 8.264964981465286e-07, 8.138347782696936e-07, 8.013487838748547e-07]
ndim2: 500
W_list: [3.0]
L_list: [66.49620448942649]
