R_list= [ 1  2  3  4  5  6  7  8  9 10 11 12 13 14 15 16 17 18 19 20 21 22 23 24
 25 26 27 28 29 30 31 32 33 34 35 36 37 38]
C_final_list= [3.691227448471625e-05, 2.4303808434938297e-05, 1.590825651402767e-05, 1.0400817828827367e-05, 6.768649367939789e-06, 4.3994298597739685e-06, 2.856829164374413e-06, 1.8623666237365696e-06, 1.2092275930274047e-06, 7.872400916650468e-07, 5.114259381683958e-07, 3.3236367547562984e-07, 2.1605749045695007e-07, 1.4072432349682277e-07, 9.132227280497699e-08, 5.930451225164056e-08, 3.8108892385673595e-08, 2.465450288434568e-08, 1.5962889088889685e-08, 1.023300308097346e-08, 6.566556710842107e-09, 4.254817125311765e-09, 2.7544595617573156e-09, 1.7813190311013823e-09, 1.1594693717371014e-09, 7.500753572876715e-10, 4.899395393531625e-10, 3.1918779272296224e-10, 2.0680690567175604e-10, 1.3125131485949448e-10, 8.226568943664063e-11, 5.123600951494081e-11, 3.148541262115908e-11, 1.965166847780317e-11, 1.2461481374989404e-11, 7.946226760340026e-12, 5.074455363875951e-12, 3.310596352988082e-12]
W_list: [8.1]
L_list: [2.361645939420202]
