C_final_list: [2.1261144982415197e-06, 2.0037267663548605e-06, 1.921151445967233e-06, 1.8276695407056103e-06, 1.740022728238523e-06, 1.65791990852485e-06, 1.5792271746456299e-06, 1.5046621271838156e-06, 1.4347959525798912e-06, 1.366455435690883e-06, 1.3013281613154648e-06, 1.237633533448582e-06, 1.1769562695513126e-06, 1.119571409560501e-06, 1.0649269648598055e-06, 1.011873952562133e-06, 9.609033052130345e-07, 9.142930791204894e-07, 8.694546931919492e-07, 8.262890864267052e-07, 7.854109707725798e-07, 7.470019188573421e-07, 7.093369985513342e-07, 6.73397159403512e-07, 6.389993467425304e-07, 6.065369949409077e-07, 5.759202290921788e-07, 5.463243016944929e-07, 5.179844719733941e-07, 4.908488905700651e-07, 4.655454572408249e-07, 4.4146634626195635e-07, 4.182712703379882e-07, 3.9585489707567346e-07, 3.7446911922952965e-07]
ndim2: 500
W_list: [1.2]
L_list: [19.99369317151806]
