R_list= [ 1  2  3  4  5  6  7  8  9 10 11 12 13 14 15 16 17 18 19 20 21 22 23 24
 25 26 27 28 29 30 31 32 33 34 35 36 37 38]
C_final_list= [5.108307595798771e-07, 4.834959534274052e-07, 4.55964307661417e-07, 4.2930001655377396e-07, 4.0359870206531534e-07, 3.7920872650933436e-07, 3.56192854249347e-07, 3.345286151837185e-07, 3.141491387088572e-07, 2.9478348911772053e-07, 2.7653575316685195e-07, 2.592364891521379e-07, 2.4285997769465533e-07, 2.275314614919374e-07, 2.1325564269777048e-07, 1.998256490986379e-07, 1.8716605677449512e-07, 1.7532798910133702e-07, 1.6423705206361677e-07, 1.5386727873072634e-07, 1.4418157471513592e-07, 1.3504988204185465e-07, 1.264908465441061e-07, 1.184260823692791e-07, 1.1076818914940958e-07, 1.0360791871806931e-07, 9.68733656912859e-08, 9.05176423891643e-08, 8.458519529858103e-08, 7.900616212640706e-08, 7.376399732225243e-08, 6.885345410526517e-08, 6.424709843591637e-08, 5.988619440990438e-08, 5.582853475555752e-08, 5.202888160851603e-08, 4.849682283710553e-08, 4.5198019665768355e-08]
W_list: [6.4]
L_list: [15.615929261638545]
