R_list= [ 1  2  3  4  5  6  7  8  9 10 11 12 13 14 15 16 17 18 19 20 21 22 23 24
 25 26 27 28 29 30 31 32 33 34 35 36 37 38]
C_final_list= [4.467382950475097e-07, 2.614505747110439e-07, 1.5105378455378848e-07, 8.852691935085344e-08, 5.199853441075336e-08, 3.046839950766914e-08, 1.778860224063516e-08, 1.0343972164600537e-08, 5.976097287215927e-09, 3.4245105288374476e-09, 1.923048544843153e-09, 1.0801699066638038e-09, 6.039784013069537e-10, 3.3992944977594584e-10, 1.9480911819367567e-10, 1.1170878664847172e-10, 6.464787458894977e-11, 3.751747249449314e-11, 2.1821506427544454e-11, 1.2875721073464053e-11, 7.392601036454115e-12, 4.1918453349233105e-12, 2.3441024062291016e-12, 1.3430128509633887e-12, 7.579607222691469e-13, 4.148291078697021e-13, 2.196905256602925e-13, 1.1363637320054576e-13, 6.041137909807268e-14, 3.2847612162093537e-14, 1.831672031413012e-14, 1.005651521074869e-14, 5.293393466300917e-15, 2.901573837449455e-15, 1.5926900651665629e-15, 9.092798236490338e-16, 5.424747874395331e-16, 3.726881412012236e-16]
W_list: [7]
L_list: [1.8547517243931808]
