C_final_list: [1.2710310903496795e-06, 1.1097138898899763e-06, 9.6306456820493e-07, 8.353270988050569e-07, 7.241821592091422e-07, 6.26541268461827e-07, 5.428510761901605e-07, 4.7048460069669246e-07, 4.051307387414797e-07, 3.4883577127999686e-07, 2.9992517544421053e-07, 2.586051299208129e-07, 2.2313414305873978e-07, 1.9224565438977423e-07, 1.6519638490954497e-07, 1.4233106574474176e-07, 1.221250169349287e-07, 1.0464954705218472e-07, 8.948287407603475e-08, 7.66028830948809e-08, 6.560916056919133e-08, 5.624427329685188e-08, 4.824609075928177e-08, 4.139062260490665e-08, 3.532491663497811e-08, 3.024359010681255e-08, 2.5789976017725554e-08, 2.193628760383879e-08, 1.8649987727240658e-08, 1.5850502048539763e-08, 1.3453580355403245e-08, 1.1427370751286637e-08, 9.706084227453072e-09, 8.246488943975838e-09, 7.019124671812116e-09]
ndim2: 500
W_list: [3.0]
L_list: [6.888881688286009]
