R_list= [ 1  2  3  4  5  6  7  8  9 10 11 12 13 14 15 16 17 18 19 20 21 22 23 24
 25 26 27 28 29 30 31 32 33 34 35 36 37 38]
C_final_list= [6.943642027142012e-07, 5.925514338757185e-07, 5.037229588194818e-07, 4.2655590527011436e-07, 3.6132944199523005e-07, 3.0486355661114886e-07, 2.576119643407771e-07, 2.1767306624408625e-07, 1.8421084261347054e-07, 1.55460876038085e-07, 1.311878420382604e-07, 1.1066082790571741e-07, 9.315705697987111e-08, 7.815231987257023e-08, 6.552182379150615e-08, 5.4999318136724906e-08, 4.602244125829016e-08, 3.8507099466770877e-08, 3.217548456493554e-08, 2.6851133737049987e-08, 2.2382733195623467e-08, 1.8668941382522022e-08, 1.5518027770250455e-08, 1.2848889741117515e-08, 1.0649739305529644e-08, 8.821463831033102e-09, 7.301611967462887e-09, 6.04242294423983e-09, 5.027675383848889e-09, 4.175497943917925e-09, 3.4794512600790307e-09, 2.90213728558131e-09, 2.408274440504986e-09, 1.996275845273605e-09, 1.6630518865419312e-09, 1.3822910584357729e-09, 1.1498495663896656e-09, 9.545625803384711e-10]
W_list: [6.6000000000000005]
L_list: [5.973633245295433]
