R_list= [ 1  2  3  4  5  6  7  8  9 10 11 12 13 14 15 16 17 18 19 20 21 22 23 24
 25 26 27 28 29 30 31 32 33 34 35 36 37 38]
C_final_list= [1.6307196444616608e-07, 6.424586619378172e-08, 1.9772716162034077e-08, 5.349664839708207e-09, 1.351578867596207e-09, 3.321315815910755e-10, 8.12360663926372e-11, 2.007087495434242e-11, 5.057959070656546e-12, 1.269046922686209e-12, 3.046623618846551e-13, 7.159890540858652e-14, 1.691815705936785e-14, 3.995326512856363e-15, 9.425827420627866e-16, 2.255027661257342e-16, 5.53954945408946e-17, 1.3907648237728346e-17, 3.614032148123748e-18, 8.612130740902607e-19, 1.9472344538884075e-19, 4.3137599958049097e-20, 9.876102664670929e-21, 2.3234246361184325e-21, 5.941534956172819e-22, 1.8381564071518603e-22, 7.861957222109396e-23, 4.2878126295174944e-23, 2.6500339854500993e-23, 1.8070427295387206e-23, 1.405424108130474e-23, 1.2379722478433128e-23, 1.1453893478794127e-23, 1.085464191419116e-23, 1.0655297018975275e-23, 1.047224310620225e-23, 1.0390539700156989e-23, 1.0489409054208086e-23]
W_list: [6]
L_list: [1.0057589435822376]
