R_list= [ 1  2  3  4  5  6  7  8  9 10 11 12 13 14 15 16 17 18 19 20 21 22 23 24
 25 26 27 28 29 30 31 32 33 34 35 36 37 38]
C_final_list= [5.13861104890955e-07, 4.465071964209413e-07, 3.846232887787134e-07, 3.3082585195369344e-07, 2.8456815225036047e-07, 2.445802241289232e-07, 2.1018622237075835e-07, 1.8026603189615058e-07, 1.5440512586129427e-07, 1.3240460879386234e-07, 1.1323374171437515e-07, 9.670851817772633e-08, 8.260827020582007e-08, 7.038310867781556e-08, 5.985043022741193e-08, 5.094265675306737e-08, 4.328192569737852e-08, 3.6790088389547874e-08, 3.128786753896487e-08, 2.6617116747874972e-08, 2.2574592035869328e-08, 1.914037188164681e-08, 1.6193144314183388e-08, 1.370658478037358e-08, 1.1598236060879196e-08, 9.79912486669259e-09, 8.270657484667971e-09, 6.992961724686599e-09, 5.9147427157469085e-09, 4.999152820892054e-09, 4.216795100400497e-09, 3.55442086233187e-09, 3.001859540813465e-09, 2.5311368503399198e-09, 2.1373442740675637e-09, 1.8032491619932097e-09, 1.524305129442869e-09, 1.2852523643827288e-09]
W_list: [7]
L_list: [6.556160435674401]
