R_list= [ 1  2  3  4  5  6  7  8  9 10 11 12 13 14 15 16 17 18 19 20 21 22 23 24
 25 26 27 28 29 30 31 32 33 34 35 36 37 38]
C_final_list= [2.554108609218863e-06, 2.267220505769572e-06, 1.994119106069459e-06, 1.7466432752073332e-06, 1.5262131542336013e-06, 1.3319672571351048e-06, 1.1618322475377387e-06, 1.012407380601515e-06, 8.81504995210417e-07, 7.669573537414086e-07, 6.668835226602517e-07, 5.794230078549485e-07, 5.034987174220258e-07, 4.374188661573619e-07, 3.799208180667541e-07, 3.2988087471809604e-07, 2.8653280229874774e-07, 2.489691655987763e-07, 2.162411233584645e-07, 1.8776388580499493e-07, 1.629379774930761e-07, 1.4130844208257065e-07, 1.223619306935042e-07, 1.0591128000364061e-07, 9.159296124990735e-08, 7.919227419101264e-08, 6.851983350009312e-08, 5.921679134469945e-08, 5.116107950685072e-08, 4.423174408759098e-08, 3.823819520754403e-08, 3.304000145773508e-08, 2.8546817778675898e-08, 2.4648260067284248e-08, 2.1264885702119886e-08, 1.8340072358679907e-08, 1.5832076788992407e-08, 1.3670566576750423e-08]
W_list: [8.1]
L_list: [7.364782377319316]
