C_final_list: [1.8257194598046668e-06, 1.5299426008191405e-06, 1.2796358959580718e-06, 1.0710961615346654e-06, 8.937967007466759e-07, 7.463654869806483e-07, 6.223564920379833e-07, 5.208710007324044e-07, 4.356624143769927e-07, 3.637895196297135e-07, 3.0418277855573173e-07, 2.546051049258259e-07, 2.1171348994350607e-07, 1.7597696946780844e-07, 1.466765850145047e-07, 1.2247154301590585e-07, 1.0206257643738663e-07, 8.449980861019587e-08, 6.979668699749088e-08, 5.768161201061539e-08, 4.761542116645101e-08, 3.9009612352668956e-08, 3.224447524890317e-08, 2.64449959892917e-08, 2.1792545977766427e-08, 1.794146547497386e-08, 1.4771339883882327e-08, 1.2105086121954053e-08, 9.902073653393663e-09, 8.072718824829956e-09, 6.63356206718263e-09, 5.4442683034979195e-09, 4.4807788359723655e-09, 3.6879562223063316e-09, 3.03596282423826e-09, 2.4899312811864986e-09, 2.0311510513977424e-09, 1.6614281341151967e-09, 1.3599537893448725e-09, 1.112289103014926e-09, 9.068882907998939e-10, 7.426273394451484e-10, 6.021317419384103e-10, 4.92453029543095e-10, 4.0102302558675877e-10, 3.26275860495815e-10, 2.6556123707632387e-10, 2.152352242912146e-10, 1.75523225838362e-10, 1.4515934553380418e-10]
ndim2: 500
W_list: [3.6]
L_list: [5.565826333334784]
