C_final_list: [1.6160475008112837e-06, 1.5604899603266146e-06, 1.5074434792234545e-06, 1.4533185246686755e-06, 1.4017053874610318e-06, 1.351749801772506e-06, 1.3041165648483987e-06, 1.2573544883892615e-06, 1.2131362416677183e-06, 1.169629608655179e-06, 1.1275892639572418e-06, 1.0874773869837302e-06, 1.0487827717911644e-06, 1.0111638661041016e-06, 9.746738888749938e-07, 9.398590093311331e-07, 9.05450709168379e-07, 8.72026167979735e-07, 8.400452508696572e-07, 8.091616023631513e-07, 7.792097285814806e-07, 7.501097384093372e-07, 7.221728213112798e-07, 6.952741173354388e-07, 6.69301245079554e-07, 6.440985207251835e-07, 6.20089536930563e-07, 5.969144338831118e-07, 5.745972510439086e-07, 5.530970670101491e-07, 5.325377382173442e-07, 5.128032488954884e-07, 4.937740393076579e-07, 4.753796505014446e-07, 4.577142440478663e-07]
ndim2: 500
W_list: [1.8]
L_list: [27.09741010150082]
