R_list= [ 1  2  3  4  5  6  7  8  9 10 11 12 13 14 15 16 17 18 19 20 21 22 23 24
 25 26 27 28 29 30 31 32 33 34 35 36 37 38]
C_final_list= [2.1829610758673004e-06, 1.9101365865223615e-06, 1.6536773383093346e-06, 1.4256027973979958e-06, 1.2260806702353252e-06, 1.0529086492333504e-06, 9.034917249993357e-07, 7.750837667893326e-07, 6.642736563587578e-07, 5.693663931352029e-07, 4.876161937784018e-07, 4.169162669222781e-07, 3.56296198651572e-07, 3.0441952470628163e-07, 2.6003575399219406e-07, 2.2200580506866633e-07, 1.8961399314646666e-07, 1.6184987421424214e-07, 1.3816701318428506e-07, 1.178542103303326e-07, 1.0052627866717224e-07, 8.572776030718216e-08, 7.315432329375968e-08, 6.239132043346318e-08, 5.322582243658215e-08, 4.538599640452586e-08, 3.8634216931440683e-08, 3.2892042611840625e-08, 2.7990499909030744e-08, 2.3814928791669705e-08, 2.0262097865972003e-08, 1.7227872844409805e-08, 1.4641548943190903e-08, 1.2449373046785163e-08, 1.0578955767700795e-08, 8.998378745502867e-09, 7.651403716676889e-09, 6.500110215569237e-09]
W_list: [8.35]
L_list: [6.622584489983736]
