C_final_list: [7.346700439640669e-07, 6.963995451031972e-07, 6.581336766790935e-07, 6.212151067233953e-07, 5.856392595365757e-07, 5.517078901462324e-07, 5.192647486307419e-07, 4.887350932709305e-07, 4.5946323574050516e-07, 4.317443360822419e-07, 4.052821246221716e-07, 3.8053582533222267e-07, 3.5705235208433726e-07, 3.347851423746657e-07, 3.1384468577008446e-07, 2.9421039676835544e-07, 2.7545462336710274e-07, 2.579708606224778e-07, 2.413674508405187e-07, 2.2573157860663412e-07, 2.1107654912938006e-07, 1.974481013296883e-07, 1.8463217327465848e-07, 1.7272921380029657e-07, 1.615753573367551e-07, 1.5101978503220562e-07, 1.41109066352524e-07, 1.320644940008497e-07, 1.2346638752136114e-07, 1.1544075719383228e-07, 1.0795979016455309e-07, 1.0098545688277113e-07, 9.438972611414493e-08, 8.826765900305512e-08, 8.2577854648397e-08]
ndim2: 500
W_list: [3.8]
L_list: [15.868907738438203]
