R_list= [ 1  2  3  4  5  6  7  8  9 10 11 12 13 14 15 16 17 18 19 20 21 22 23 24
 25 26 27 28 29 30 31 32 33 34 35 36 37 38]
C_final_list= [2.1742382083629255e-05, 1.776773388038934e-05, 1.4389217293550948e-05, 1.162652726576808e-05, 9.373580755991762e-06, 7.548067590968927e-06, 6.069374420034735e-06, 4.876390689311115e-06, 3.912754094531599e-06, 3.1356321464705167e-06, 2.5114180776618826e-06, 2.0116848194338086e-06, 1.6133542920285042e-06, 1.2941011625189741e-06, 1.0375748600971052e-06, 8.32192975695597e-07, 6.677447550924513e-07, 5.357084908683239e-07, 4.3027925174453777e-07, 3.45452960261295e-07, 2.7739740051322624e-07, 2.2268358475558418e-07, 1.7860326249741904e-07, 1.4307038700576768e-07, 1.1453809427205524e-07, 9.176349507525346e-08, 7.343871311174968e-08, 5.878121915383303e-08, 4.707915365536174e-08, 3.78276176790257e-08, 3.039185710822603e-08, 2.4404381207482177e-08, 1.959545294278423e-08, 1.576687056415664e-08, 1.2679889351878693e-08, 1.0200237166246476e-08, 8.1998046961491e-09, 6.604013709366061e-09]
W_list: [8.2]
L_list: [4.668190216196224]
