C_list:
1.3750764417124925e-06 0.20121944532651606
ndim2: 500
W_list: [3.8000000000000003]
L_list: [4.969698621210855]
