R_list= [ 1  2  3  4  5  6  7  8  9 10 11 12 13 14 15 16 17 18 19 20 21 22 23 24
 25 26 27 28 29 30 31 32 33 34 35 36 37 38]
C_final_list= [9.463280896753712e-07, 6.160483529518815e-07, 4.025150546394488e-07, 2.6139282586061667e-07, 1.7021031794978058e-07, 1.091672517690821e-07, 7.059425771996305e-08, 4.552312806830825e-08, 2.9118652612117894e-08, 1.8842381194211625e-08, 1.2524947411591682e-08, 8.283060799733224e-09, 5.4298110051912645e-09, 3.5213933845887904e-09, 2.292555355143219e-09, 1.487799057047442e-09, 9.736339406853122e-10, 6.097538189957422e-10, 3.866063848087681e-10, 2.4646249901569526e-10, 1.5563298415628975e-10, 9.864763280411386e-11, 6.328276258453957e-11, 4.2772720181577736e-11, 2.7859122035562477e-11, 1.7036300451380644e-11, 1.0346846965449255e-11, 6.351922823468182e-12, 4.1192853554794896e-12, 2.5253550132101257e-12, 1.580827303400264e-12, 9.983074668163988e-13, 6.536028311700372e-13, 4.134524670575675e-13, 2.4812662197274685e-13, 1.6288913875730437e-13, 9.455182412258171e-14, 5.577947809889504e-14]
W_list: [7.2]
L_list: [2.326556182267162]
