C_final_list: [1.5599371498348815e-06, 1.2803534274538222e-06, 1.0375028225484944e-06, 8.449055663861575e-07, 6.883233010036892e-07, 5.620684385986116e-07, 4.5650309149156486e-07, 3.692012186425997e-07, 2.9836283550264216e-07, 2.4099896799237063e-07, 1.946373536851668e-07, 1.5834126380586561e-07, 1.2790058348188088e-07, 1.0343741421898308e-07, 8.392992048085286e-08, 6.76817598082879e-08, 5.4655189055115335e-08, 4.424131775767346e-08, 3.5730283076503206e-08, 2.8672638022470787e-08, 2.3009712510408607e-08, 1.8466216679465912e-08, 1.4867654745205092e-08, 1.1964648175863528e-08, 9.608891161048285e-09, 7.705946025503109e-09, 6.159666709797308e-09, 4.913369468489597e-09, 3.9037325632016335e-09, 3.0997324664771946e-09, 2.461357737060164e-09, 1.9531821549989303e-09, 1.5625801321360973e-09, 1.2370944920959113e-09, 9.837596430270887e-10]
ndim2: 500
W_list: [2.6]
L_list: [4.833857510327116]
