R_list= [ 1  2  3  4  5  6  7  8  9 10 11 12 13 14 15 16 17 18 19 20 21 22 23 24
 25 26 27 28 29 30 31 32 33 34 35 36 37 38]
C_final_list= [1.865433109567443e-07, 1.60344701039533e-07, 1.3591757956316645e-07, 1.1440244671057133e-07, 9.602290548611393e-08, 8.037643693962183e-08, 6.704423971313277e-08, 5.578469710611738e-08, 4.622895362352405e-08, 3.822446805199199e-08, 3.152476169752107e-08, 2.5972253793375435e-08, 2.1414652814909913e-08, 1.7631097004252862e-08, 1.4524514678269421e-08, 1.1938141142674955e-08, 9.79137272598394e-09, 8.017495747155485e-09, 6.549710285405088e-09, 5.351187283614778e-09, 4.371313456787809e-09, 3.5711813183938826e-09, 2.9224695714644866e-09, 2.3915178798896244e-09, 1.960556604315373e-09, 1.6101947749306695e-09, 1.3217573932504608e-09, 1.086430174073276e-09, 8.959942859535311e-10, 7.372393682658655e-10, 6.064624607093778e-10, 4.987063596085036e-10, 4.0915336540544886e-10, 3.35960922112389e-10, 2.757130756721714e-10, 2.2631327137979651e-10, 1.8541623669153306e-10, 1.5149212830506935e-10]
W_list: [9.4]
L_list: [5.644425455720285]
