R_list= [ 1  2  3  4  5  6  7  8  9 10 11 12 13 14 15 16 17 18 19 20 21 22 23 24
 25 26 27 28 29 30 31 32 33 34 35 36 37 38]
C_final_list= [9.795483963323619e-07, 8.534855368639598e-07, 7.48754731255215e-07, 6.5434930808209e-07, 5.715005367802015e-07, 4.985255134037292e-07, 4.3438002225250124e-07, 3.7908564308110564e-07, 3.303774439905437e-07, 2.8728560828767873e-07, 2.49695987296767e-07, 2.1701408312981537e-07, 1.8876513915485492e-07, 1.6381259806664589e-07, 1.4219201432884353e-07, 1.2350614511245862e-07, 1.0716563349695521e-07, 9.301096240864184e-08, 8.066937004939656e-08, 6.993161489473567e-08, 6.066205117502246e-08, 5.249150256940943e-08, 4.5458317100156485e-08, 3.931133543695554e-08, 3.403100515142411e-08, 2.9454651129335968e-08, 2.5419844730411124e-08, 2.1916908011461793e-08, 1.8906458952166046e-08, 1.632564732252572e-08, 1.4090423619360928e-08, 1.216191664146169e-08, 1.0518625173136503e-08, 9.077278474721736e-09, 7.855003433888653e-09, 6.7899853223826895e-09, 5.8511441301966495e-09, 5.0495385159197e-09]
W_list: [6]
L_list: [7.2790768519349385]
