C_final_list: [1.4631914234353433e-06, 1.3052731794752588e-06, 1.1625127909473489e-06, 1.0330368122089052e-06, 9.182554196671493e-07, 8.154271743812102e-07, 7.24332767745065e-07, 6.441490623754898e-07, 5.72843689482608e-07, 5.094540368726648e-07, 4.523871581039148e-07, 4.028825048457301e-07, 3.5859708864348555e-07, 3.194822909314377e-07, 2.841918296491143e-07, 2.529695244940056e-07, 2.2489578902333963e-07, 1.9995433695963533e-07, 1.776264495161662e-07, 1.5770559091936455e-07, 1.4016806435423618e-07, 1.2454398830803824e-07, 1.106248975400458e-07, 9.83770145083085e-08, 8.737249255762023e-08, 7.76560305985385e-08, 6.884200568531406e-08, 6.10806439727948e-08, 5.425436823977077e-08, 4.8153540642117275e-08, 4.2669024291328046e-08, 3.781215130085868e-08, 3.349157271794568e-08, 2.958765162628487e-08, 2.6161788455850075e-08]
ndim2: 500
W_list: [3.4000000000000004]
L_list: [8.519103359755992]
