C_final_list: [1.097346222160925e-06, 1.0071555349607237e-06, 9.221455693319112e-07, 8.421513151082635e-07, 7.686201197492332e-07, 7.002927419143967e-07, 6.381344868799345e-07, 5.824645069219985e-07, 5.31642494629729e-07, 4.847471994430797e-07, 4.4148613576543845e-07, 4.0208363740057625e-07, 3.661489808361037e-07, 3.333799937445276e-07, 3.034283608725062e-07, 2.763485993962009e-07, 2.5196876789419757e-07, 2.2979214798807537e-07, 2.0927320449223657e-07, 1.9088167314351754e-07, 1.73930906867205e-07, 1.5834212613434753e-07, 1.4401274274784536e-07, 1.307610713493671e-07, 1.1873581923894231e-07, 1.0781443620380901e-07, 9.797238925678851e-08, 8.889545784891759e-08, 8.064531660628784e-08, 7.301247635515104e-08, 6.602751966739363e-08, 5.96837429105805e-08, 5.390986934785736e-08, 4.863384016785633e-08, 4.392201168874782e-08, 3.9691774862924135e-08, 3.596498336985345e-08, 3.254400649624063e-08, 2.9403793368509165e-08, 2.6588290396076606e-08, 2.4039451192831407e-08, 2.1734970546204547e-08, 1.96698342557691e-08, 1.7823186563281453e-08, 1.612210947754824e-08, 1.4578676888620384e-08, 1.3180350381712041e-08, 1.1906373749665124e-08, 1.0756830017072806e-08, 9.715110690169658e-09]
ndim2: 500
W_list: [4.2]
L_list: [10.800662788555869]
