C_list:
1.4540853157385883e-06 0.1653033547395541
ndim2: 500
W_list: [3.4]
L_list: [6.049484002158113]
