R_list= [ 1  2  3  4  5  6  7  8  9 10 11 12 13 14 15 16 17 18 19 20 21 22 23 24
 25 26 27 28 29 30 31 32 33 34 35 36 37 38]
C_final_list= [9.764525296172902e-07, 6.346189071155487e-07, 4.1068102756382276e-07, 2.6457196411038906e-07, 1.7262600938190805e-07, 1.1100488655173295e-07, 7.113777097887395e-08, 4.538690817030485e-08, 2.8961944273267506e-08, 1.8531036461369334e-08, 1.1786938465301496e-08, 7.454510819562961e-09, 4.723741297303848e-09, 3.029632297411855e-09, 1.9360235694960858e-09, 1.2475751915646686e-09, 7.868778065277862e-10, 5.000792790681206e-10, 3.160549611921749e-10, 2.0047883138815382e-10, 1.2166260186932455e-10, 7.44776881279929e-11, 4.654623868345295e-11, 2.8279608369506974e-11, 1.6998880887022402e-11, 9.936989585073286e-12, 5.7772477164001765e-12, 3.3809209577649737e-12, 2.034336177440066e-12, 1.2743571792399445e-12, 7.458337657287092e-13, 4.3111817905389974e-13, 2.495053656672963e-13, 1.4815318132607492e-13, 9.202474475699706e-14, 5.776299916235148e-14, 3.3156797336729086e-14, 1.931563390417375e-14]
W_list: [7.4]
L_list: [2.3006729153155585]
