R_list= [ 1  2  3  4  5  6  7  8  9 10 11 12 13 14 15 16 17 18 19 20 21 22 23 24
 25 26 27 28 29 30 31 32 33 34 35 36 37 38]
C_final_list= [1.3595072606412314e-06, 1.1020616774546653e-06, 9.173053713013825e-07, 7.700387991574855e-07, 6.475729284071795e-07, 5.443392081443725e-07, 4.5747876979505554e-07, 3.839008050487067e-07, 3.211693691603716e-07, 2.6844914583136545e-07, 2.2480464343129074e-07, 1.8798401795212206e-07, 1.5694528965321828e-07, 1.3073979981968517e-07, 1.086704765076441e-07, 9.039968016231464e-08, 7.543592306540906e-08, 6.30414482744895e-08, 5.2583749093201086e-08, 4.379617974028798e-08, 3.648275935296699e-08, 3.031139849342785e-08, 2.5171647635825952e-08, 2.0908098966758403e-08, 1.7359257707216338e-08, 1.4407648399683934e-08, 1.1987852245457337e-08, 9.997215920195867e-09, 8.320965325959928e-09, 6.8922738343669476e-09, 5.716869649429141e-09, 4.748737235806948e-09, 3.907726685641495e-09, 3.2181278646184785e-09, 2.653211648186547e-09, 2.18283909775405e-09, 1.7988716536146963e-09, 1.4861433753042582e-09]
W_list: [5]
L_list: [5.554300427978968]
