R_list= [ 1  2  3  4  5  6  7  8  9 10 11 12 13 14 15 16 17 18 19 20 21 22 23 24
 25 26 27 28 29 30 31 32 33 34 35 36 37 38]
C_final_list= [2.289710641971249e-06, 1.74722318834828e-06, 1.3181909902468613e-06, 9.874916531120857e-07, 7.377317123162665e-07, 5.480069016489452e-07, 4.0625323100289097e-07, 3.0182966622301515e-07, 2.230819022723624e-07, 1.6456673212266805e-07, 1.2144265602048685e-07, 8.969284357406192e-08, 6.58817814669337e-08, 4.845226847439515e-08, 3.5688329000923905e-08, 2.6252510938279197e-08, 1.933029139763208e-08, 1.4239001792378392e-08, 1.0519013508333392e-08, 7.777494323513795e-09, 5.735474894910371e-09, 4.1956672520101355e-09, 3.0641340652402505e-09, 2.2374149277653905e-09, 1.6339481180207895e-09, 1.1917100678242562e-09, 8.642384391336515e-10, 6.29105878932432e-10, 4.661338491037622e-10, 3.4592539840199536e-10, 2.5708127812284137e-10, 1.9424308732008888e-10, 1.4763343687553966e-10, 1.1172027590616943e-10, 8.575045706160762e-11, 6.321434286881389e-11, 4.651407474357488e-11, 3.416778314803518e-11]
W_list: [9.2]
L_list: [3.4840525969075915]
