R_list= [ 1  2  3  4  5  6  7  8  9 10 11 12 13 14 15 16 17 18 19 20 21 22 23 24
 25 26 27 28 29 30 31 32 33 34 35 36 37 38]
C_final_list= [1.4075197265824434e-06, 1.332862807450654e-06, 1.2606240193379111e-06, 1.1930278054789127e-06, 1.1282386684058016e-06, 1.0670906181907344e-06, 1.008633570921278e-06, 9.538153405486646e-07, 9.01255936898125e-07, 8.516540610397643e-07, 8.044523523789221e-07, 7.601965650465146e-07, 7.18296193429895e-07, 6.785687913568757e-07, 6.413077215074164e-07, 6.063074994348297e-07, 5.731446668642339e-07, 5.415895094540527e-07, 5.114949761160872e-07, 4.833243693708936e-07, 4.563542208236837e-07, 4.3089515091241607e-07, 4.0675493294024486e-07, 3.8373944027301603e-07, 3.617358705954505e-07, 3.4089527263136993e-07, 3.2137495778095464e-07, 3.0296033016621787e-07, 2.855158489926672e-07, 2.690525364139897e-07, 2.537711069941471e-07, 2.3939044219505707e-07, 2.2592256634879074e-07, 2.1317494366254664e-07, 2.0088408631026275e-07, 1.8923568914753297e-07, 1.7820989973910315e-07, 1.6786590596560597e-07]
W_list: [5]
L_list: [17.607056770711267]
