C_final_list: [1.7954800153335114e-06, 1.6796172872697195e-06, 1.582362649136018e-06, 1.4833971457795898e-06, 1.3914187735913731e-06, 1.305162588885824e-06, 1.2241518493581973e-06, 1.1485862936300572e-06, 1.0763947491370845e-06, 1.0092188310486832e-06, 9.454936899598301e-07, 8.877989310187675e-07, 8.321784856565909e-07, 7.803152757971386e-07, 7.318101784699144e-07, 6.855715089216191e-07, 6.429727152053205e-07, 6.03161778477582e-07, 5.656568137713013e-07, 5.301094322781279e-07, 4.969424123599392e-07, 4.655090698567263e-07, 4.3605974640704627e-07, 4.089558760136907e-07, 3.8299885381326486e-07, 3.5847553016907995e-07, 3.357505473826351e-07, 3.145961724216133e-07, 2.9478123109567255e-07, 2.7598641715892413e-07, 2.5877865325183865e-07, 2.426769130893004e-07, 2.2746499833781537e-07, 2.1291598501422888e-07, 1.991512698018297e-07]
ndim2: 500
W_list: [1.6]
L_list: [15.540583728536802]
