C_final_list: [2.2651390243314654e-06, 2.0923247517980172e-06, 1.923657117153048e-06, 1.768718124994064e-06, 1.6265718838582263e-06, 1.4950428634862562e-06, 1.3743041729123822e-06, 1.2640279404279471e-06, 1.1605280505798794e-06, 1.0668864765097368e-06, 9.814610062174944e-07, 9.037703785732188e-07, 8.316309351967021e-07, 7.652472750760823e-07, 7.044320176636254e-07, 6.479308132018056e-07, 5.951411159253754e-07, 5.471218541285632e-07, 5.035142339247033e-07, 4.629159862742963e-07, 4.2519937882922735e-07, 3.9108350479616564e-07, 3.5901114704009564e-07, 3.292608876683967e-07, 3.0184185448193894e-07, 2.771417804679296e-07, 2.5426727909278027e-07, 2.333446183034836e-07, 2.1394749922784465e-07, 1.9586468507485864e-07, 1.793044505379341e-07, 1.6438572350755832e-07, 1.5059067428078434e-07, 1.3778239441815667e-07, 1.2625017388030464e-07]
ndim2: 500
W_list: [2.0]
L_list: [11.913227351796095]
