C_list:
1.3889048274227315e-06 0.05293820592157452
ndim2: 500
W_list: [2.4]
L_list: [18.889948810910845]
