R_list= [ 1  2  3  4  5  6  7  8  9 10 11 12 13 14 15 16 17 18 19 20 21 22 23 24
 25 26 27 28 29 30 31 32 33 34 35 36 37 38]
C_final_list= [1.4898087218632584e-06, 1.3798555199707114e-06, 1.276144646379333e-06, 1.1818917178617542e-06, 1.0942138201875206e-06, 1.0120082759468772e-06, 9.34934053618924e-07, 8.655195008857726e-07, 8.003946053355231e-07, 7.40371353821059e-07, 6.844963599506109e-07, 6.326315566947024e-07, 5.848977553679952e-07, 5.411683210491334e-07, 5.003968963337e-07, 4.6240604609576367e-07, 4.267419584390078e-07, 3.9433355222209726e-07, 3.6412417301071534e-07, 3.3603112371747785e-07, 3.1002474225904635e-07, 2.8601433476098436e-07, 2.639320343491174e-07, 2.4365009713733445e-07, 2.2487316799112561e-07, 2.0742630244915286e-07, 1.913890796356527e-07, 1.767154144230857e-07, 1.6304154472324835e-07, 1.5031897340683606e-07, 1.38466917828879e-07, 1.2757331518675756e-07, 1.1745171316624288e-07, 1.0808187207445923e-07, 9.950186260274795e-08, 9.160426592340925e-08, 8.427387219301707e-08, 7.74594435276299e-08]
W_list: [5]
L_list: [12.72242174751179]
