R_list= [ 1  2  3  4  5  6  7  8  9 10 11 12 13 14 15 16 17 18 19 20 21 22 23 24
 25 26 27 28 29 30 31 32 33 34 35 36 37 38]
C_final_list= [1.0960028225994616e-06, 7.476946367222776e-07, 5.143143708771661e-07, 3.53236830962978e-07, 2.4471025083660145e-07, 1.6901912537751575e-07, 1.1462701058079427e-07, 7.837281829415159e-08, 5.287865146596837e-08, 3.600757180675832e-08, 2.4583202807491776e-08, 1.683315464652562e-08, 1.1571876940144802e-08, 7.823111882678783e-09, 5.2200616686270804e-09, 3.49230907964864e-09, 2.3653614159311795e-09, 1.5835892135440598e-09, 1.0536374083486329e-09, 6.990014549180129e-10, 4.660577540012798e-10, 3.0920532350343534e-10, 2.033347404994288e-10, 1.3801081079335902e-10, 9.206260207163754e-11, 6.22919127934427e-11, 4.192751662710283e-11, 2.8514212664551607e-11, 1.9272766052974956e-11, 1.290649037523456e-11, 8.596850923771745e-12, 5.64368504542054e-12, 3.759839219613991e-12, 2.5366352479160013e-12, 1.6262097175203046e-12, 1.0312053465412385e-12, 6.506168486470503e-13, 4.2441323213793623e-13]
W_list: [6.6000000000000005]
L_list: [2.6549426615980223]
