R_list= [ 1  2  3  4  5  6  7  8  9 10 11 12 13 14 15 16 17 18 19 20 21 22 23 24
 25 26 27 28 29 30]
C_final_list= [7.316268995568647e-07, 6.930025932593581e-07, 6.548313410728501e-07, 6.178348983305687e-07, 5.823993046132663e-07, 5.49274799764934e-07, 5.179843689892924e-07, 4.884750573319039e-07, 4.606951214116107e-07, 4.343279439356491e-07, 4.0951136496210305e-07, 3.859588888988042e-07, 3.639424657087882e-07, 3.4288275668829156e-07, 3.230549183930322e-07, 3.042495036197794e-07, 2.8665109614291187e-07, 2.6987284215946735e-07, 2.540152860202144e-07, 2.390025649895875e-07, 2.247545798406833e-07, 2.1120564544108185e-07, 1.9856617261479763e-07, 1.867770479952295e-07, 1.7576953102447842e-07, 1.6544602696863826e-07, 1.5571945403990957e-07, 1.465135110141157e-07, 1.3787202751969788e-07, 1.297799288485115e-07]
W_list: [6]
L_list: [16.876032092895567]
