C_final_list: [1.3279092148725672e-06, 1.1539567080326865e-06, 9.964165312362862e-07, 8.610020246154816e-07, 7.448284563832053e-07, 6.437841603899975e-07, 5.560848485823617e-07, 4.812582076232412e-07, 4.159589296500371e-07, 3.5965879319927053e-07, 3.103246719184773e-07, 2.678121815592785e-07, 2.3148286646051458e-07, 2.0013032601886702e-07, 1.7225027244326566e-07, 1.4859904322823363e-07, 1.282826978458992e-07, 1.1054216923061269e-07, 9.506851322861804e-08, 8.173916091897082e-08, 7.022077515075775e-08, 6.037828121976856e-08, 5.182239808582252e-08, 4.450520662714996e-08, 3.8210473613918937e-08, 3.281001155293031e-08, 2.812297740787816e-08, 2.4103128700213847e-08, 2.0662356173583128e-08, 1.7708663963024675e-08, 1.52095131344791e-08, 1.3069528572726549e-08, 1.1200391675084999e-08, 9.596634200383131e-09, 8.247936162934517e-09]
ndim2: 500
W_list: [3.8]
L_list: [6.8532097133176855]
