C_final_list: [1.8854042293687073e-06, 1.8385888128954084e-06, 1.7917006552178474e-06, 1.7465093442178776e-06, 1.701849050625727e-06, 1.6589198513792772e-06, 1.616667476714115e-06, 1.5754774990828275e-06, 1.5352599341786325e-06, 1.4965720540781041e-06, 1.4582045093342144e-06, 1.4208994404944727e-06, 1.3845961311520385e-06, 1.3491667235835178e-06, 1.3148145829195763e-06, 1.2814170597879739e-06, 1.2492655513854035e-06, 1.2173783909612934e-06, 1.1865861934386667e-06, 1.1564291820381879e-06, 1.1267955042934227e-06, 1.0978914529268836e-06, 1.069552510311149e-06, 1.0421818721560729e-06, 1.0158060966362634e-06, 9.898311259212574e-07, 9.645225013505558e-07, 9.400915158346593e-07, 9.163089151879114e-07, 8.929565319824829e-07, 8.702153118428784e-07, 8.477994542699675e-07, 8.258696856074251e-07, 8.044701582859032e-07, 7.83385296291598e-07, 7.628154728136758e-07, 7.427907747399259e-07, 7.232595670589957e-07, 7.044672206871129e-07, 6.858775244656905e-07, 6.676671442294003e-07, 6.501670870979796e-07, 6.331286780834584e-07, 6.165034400048837e-07, 6.003556825498139e-07, 5.846820068916076e-07, 5.695992942050696e-07, 5.548775208659321e-07, 5.402625056283753e-07, 5.259951662266416e-07]
ndim2: 500
W_list: [2.8]
L_list: [38.56471266336948]
