R_list= [ 1  2  3  4  5  6  7  8  9 10 11 12 13 14 15 16 17 18 19 20 21 22 23 24
 25 26 27 28 29 30 31 32 33 34 35 36 37 38]
C_final_list= [3.606769482362372e-05, 2.3575212975761522e-05, 1.5361979254347323e-05, 9.991631014353216e-06, 6.5051299448399695e-06, 4.229890136452944e-06, 2.746218915310025e-06, 1.7800041269735719e-06, 1.1557866707276747e-06, 7.472404035655098e-07, 4.850180142462439e-07, 3.1429092803513654e-07, 2.0429553302757578e-07, 1.3280811192842433e-07, 8.676765771083619e-08, 5.621361034277882e-08, 3.6253285083456504e-08, 2.3431410898083188e-08, 1.5098957911848588e-08, 9.683425210317723e-09, 6.286563327679681e-09, 4.078900571858434e-09, 2.65127894623618e-09, 1.7346600547529621e-09, 1.138646476711492e-09, 7.584065091691793e-10, 5.017398019792083e-10, 3.351635456121285e-10, 2.2064645480394763e-10, 1.440897970928691e-10, 9.429005044970095e-11, 6.279523119908373e-11, 4.00619172635546e-11, 2.569142314594541e-11, 1.648687458216727e-11, 1.0558548660186565e-11, 6.992944916992088e-12, 4.640480158941536e-12]
W_list: [8.15]
L_list: [2.3362550751464304]
