C_final_list: [1.90688322899261e-06, 1.856665277151378e-06, 1.807235624892293e-06, 1.7596535814977523e-06, 1.7137508656696915e-06, 1.6685316357454793e-06, 1.6249726319129027e-06, 1.5828183110137325e-06, 1.541147795840124e-06, 1.500545332661535e-06, 1.4609308094064766e-06, 1.4225770572874182e-06, 1.3851895279033824e-06, 1.3485564442874788e-06, 1.3127191683617161e-06, 1.278008245037935e-06, 1.2439195437597402e-06, 1.211156895941924e-06, 1.1793135496846516e-06, 1.1479192483025953e-06, 1.1172384820716881e-06, 1.0874093741763085e-06, 1.0583079742856437e-06, 1.030344548939466e-06, 1.0031720374345005e-06, 9.764027578646763e-07, 9.504212723484956e-07, 9.25135420880383e-07, 9.00477803695917e-07, 8.765800302824998e-07, 8.53506078892711e-07, 8.309235003934231e-07, 8.088877124676226e-07, 7.873166717244274e-07, 7.659840072027767e-07, 7.451861693233127e-07, 7.248559447452572e-07, 7.050005552796992e-07, 6.855234907235179e-07, 6.666529170309309e-07, 6.480980059299522e-07, 6.299931719525234e-07, 6.123849652881084e-07, 5.95368741860868e-07, 5.788484869520881e-07, 5.627900957068768e-07, 5.470949724701573e-07, 5.318030543612978e-07, 5.167830902799287e-07, 5.021288547747913e-07]
ndim2: 500
W_list: [2.8499999999999996]
L_list: [37.082359425873214]
