C_list:
1.707635488858217e-06 0.06425254822938348
ndim2: 500
W_list: [2.0]
L_list: [15.563585064828413]
