C_final_list: [1.6703878538233614e-06, 1.6452378660112425e-06, 1.6205369501918282e-06, 1.5967821177196728e-06, 1.5737660105364357e-06, 1.5510972932853826e-06, 1.5287409476349764e-06, 1.5071179910829462e-06, 1.4857360343689462e-06, 1.4649588576039073e-06, 1.4443397864384732e-06, 1.4238944323761338e-06, 1.403593625220546e-06, 1.383522285616228e-06, 1.3637560264067746e-06, 1.3440346717635761e-06, 1.32461305557762e-06, 1.305435596643071e-06, 1.2864932793485479e-06, 1.2680110775502362e-06, 1.2496999652725503e-06, 1.2314690407495142e-06, 1.2133983701687848e-06, 1.195564520328099e-06, 1.1780455668406257e-06, 1.1606215051132603e-06, 1.1437257649254377e-06, 1.1268224000698454e-06, 1.1101361666412339e-06, 1.0934987634301742e-06, 1.0770742987900873e-06, 1.0607384388434095e-06, 1.0445760198471245e-06, 1.0287553989601874e-06, 1.0132479602159561e-06, 9.979711704780587e-07, 9.827496942223233e-07, 9.678139483009638e-07, 9.530674375166889e-07, 9.386090229317658e-07, 9.24268940458311e-07, 9.101550171662331e-07, 8.961563692529171e-07, 8.824451816127521e-07, 8.688810465661689e-07, 8.555489926907641e-07, 8.425184029024809e-07, 8.296684232484244e-07, 8.169575551886526e-07, 8.044354424971123e-07]
ndim2: 500
W_list: [3.0]
L_list: [67.60235095936913]
