R_list= [ 1  2  3  4  5  6  7  8  9 10 11 12 13 14 15 16 17 18 19 20 21 22 23 24
 25 26 27 28 29 30 31 32 33 34 35 36 37 38]
C_final_list= [3.297270795733199e-05, 2.5275648462105862e-05, 1.9249417396981475e-05, 1.4660477393397058e-05, 1.1164064072672185e-05, 8.491828245979702e-06, 6.458169134693747e-06, 4.909246170306323e-06, 3.733168342636374e-06, 2.829053003819447e-06, 2.140021949699822e-06, 1.619957355278043e-06, 1.2266095828241513e-06, 9.292574901273932e-07, 7.037526423560552e-07, 5.32180673352174e-07, 4.015739997151985e-07, 3.028863764867278e-07, 2.283422359325035e-07, 1.7191354997308134e-07, 1.292244693654535e-07, 9.731855911027526e-08, 7.341828221843364e-08, 5.5265743614806e-08, 4.175521476467949e-08, 3.1743669977452403e-08, 2.4116437982196863e-08, 1.8336999842511747e-08, 1.396452345408293e-08, 1.0619411276597104e-08, 8.103597778551048e-09, 6.162732479344005e-09, 4.688397818191309e-09, 3.5896563035965266e-09, 2.74731903135265e-09, 2.106843939673476e-09, 1.628189222737954e-09, 1.2483812167331075e-09]
W_list: [8.0]
L_list: [3.677833279997018]
