C_final_list: [1.0724284431279088e-06, 9.763023736994289e-07, 8.846349869379689e-07, 8.01251661921129e-07, 7.251976512121223e-07, 6.570131281170903e-07, 5.946381427435687e-07, 5.381584971607223e-07, 4.879138247326617e-07, 4.419920624379991e-07, 3.9987644432187233e-07, 3.6122402268624993e-07, 3.2627591915775735e-07, 2.9444732026088955e-07, 2.656322242059692e-07, 2.396492276592671e-07, 2.163901896780077e-07, 1.9488383062289461e-07, 1.7541314969595784e-07, 1.581989830731618e-07, 1.4255343988118513e-07, 1.285436719394137e-07, 1.1593693736975467e-07, 1.0452646746378546e-07, 9.419189418496006e-08, 8.476684896089949e-08, 7.609480382823913e-08, 6.842903843855326e-08, 6.151076767203797e-08, 5.542317938217188e-08, 4.9938715151146816e-08, 4.5012663478772465e-08, 4.05589098216301e-08, 3.647877134170349e-08, 3.274010930936815e-08]
ndim2: 500
W_list: [4.2]
L_list: [9.961559747688947]
