R_list= [ 1  2  3  4  5  6  7  8  9 10 11 12 13 14 15 16 17 18 19 20 21 22 23 24
 25 26 27 28 29 30 31 32 33 34 35 36 37 38]
C_final_list= [1.4135418795683547e-06, 1.32253103250546e-06, 1.241862961078208e-06, 1.1642223314252711e-06, 1.0928582896475748e-06, 1.0256420135102984e-06, 9.629501578265532e-07, 9.045704196390127e-07, 8.4957419816619e-07, 7.969841073258216e-07, 7.480815293145302e-07, 7.022591120261052e-07, 6.582226408332442e-07, 6.169988393935817e-07, 5.780113284838006e-07, 5.413704709671711e-07, 5.069142058134008e-07, 4.747806591535278e-07, 4.446206080939251e-07, 4.16566176456773e-07, 3.904128448906401e-07, 3.656364651117347e-07, 3.4251100819367775e-07, 3.208867409068405e-07, 3.0063452906120774e-07, 2.816520616204723e-07, 2.6385336959460015e-07, 2.470913586294354e-07, 2.3120394093289525e-07, 2.161937550256238e-07, 2.0196445340265164e-07, 1.8862964892808766e-07, 1.7616093539158258e-07, 1.6458597801058277e-07, 1.537924803002531e-07, 1.4376931583810244e-07, 1.3439401388021782e-07, 1.2548740326268649e-07]
W_list: [5]
L_list: [15.523615581142009]
