C_final_list: [1.465068530585388e-06, 1.3918917636997634e-06, 1.3197253197320528e-06, 1.250674394519674e-06, 1.186058651346856e-06, 1.1248133583424552e-06, 1.0667160352812576e-06, 1.0112948444385616e-06, 9.582351173395806e-07, 9.079367171396078e-07, 8.602560016430992e-07, 8.159000910565919e-07, 7.739465387016378e-07, 7.336628660814888e-07, 6.957235248941092e-07, 6.592956773083656e-07, 6.252873146028626e-07, 5.920890246366624e-07, 5.603521608414529e-07, 5.306410393067705e-07, 5.021657040254196e-07, 4.7518649749706504e-07, 4.4966230690898024e-07, 4.252503006749618e-07, 4.020917741964987e-07, 3.8019684877204266e-07, 3.5967693074007803e-07, 3.399760115234469e-07, 3.2120363744092756e-07, 3.034603503336362e-07, 2.8646086667069636e-07, 2.7027553676653445e-07, 2.5490196385930615e-07, 2.4040352945762575e-07, 2.2675263441097879e-07, 2.1405540436337992e-07, 2.019615833462266e-07, 1.904015785442158e-07, 1.7958824927824882e-07, 1.693280653699363e-07, 1.5971506966272415e-07, 1.5068795939465085e-07, 1.421201122907455e-07, 1.3399559380150155e-07, 1.2636797195107515e-07, 1.1914643888304785e-07, 1.1232062248005535e-07, 1.0592887338363674e-07, 9.982717852079005e-08, 9.411540498372583e-08]
ndim2: 500
W_list: [3.6]
L_list: [18.359708496015024]
