R_list= [ 1  2  3  4  5  6  7  8  9 10 11 12 13 14 15 16 17 18 19 20 21 22 23 24
 25 26 27 28 29 30 31 32 33 34 35 36 37 38]
C_final_list= [1.999122238090649e-06, 1.9534601952749356e-06, 1.9156802485955244e-06, 1.877012330377875e-06, 1.8404760629295793e-06, 1.8038320230441918e-06, 1.7685630315480482e-06, 1.7339820910778027e-06, 1.7001518695390518e-06, 1.667329101924375e-06, 1.6347849376936233e-06, 1.6029475073662374e-06, 1.5716412374785538e-06, 1.541037340495078e-06, 1.5109094217053446e-06, 1.4812924974740711e-06, 1.4522442792825599e-06, 1.424044733798551e-06, 1.3961306559719174e-06, 1.3689262274493206e-06, 1.3422121496252136e-06, 1.3162335046696837e-06, 1.2903267408004999e-06, 1.2648805299371415e-06, 1.2399832445092555e-06, 1.2153822955179813e-06, 1.1913013317260135e-06, 1.1675641726598428e-06, 1.144112244679511e-06, 1.1210318671692798e-06, 1.0985844095707743e-06, 1.0762234329103536e-06, 1.0544914673022947e-06, 1.0329723055751882e-06, 1.0116790101134553e-06, 9.908470201692554e-07, 9.704560584415268e-07, 9.505060848567948e-07]
W_list: [4]
L_list: [50.27762584220727]
