C_final_list: [1.7800079020749111e-06, 1.6690367409966534e-06, 1.5565744124684393e-06, 1.452135629454707e-06, 1.356220346559305e-06, 1.2662631098955632e-06, 1.1840287645616173e-06, 1.1074924944180716e-06, 1.0352829812550235e-06, 9.67780003958968e-07, 9.038005701713301e-07, 8.438506365337581e-07, 7.883142306130925e-07, 7.362952744966298e-07, 6.872485131013841e-07, 6.417500644325374e-07, 5.988762362220996e-07, 5.581209358308335e-07, 5.211031184492413e-07, 4.868215171155759e-07, 4.539370168737236e-07, 4.2327724140309775e-07, 3.944357663010546e-07, 3.6750990348475294e-07, 3.4219137436191174e-07, 3.18640847988875e-07, 2.9722730062946017e-07, 2.769706785195972e-07, 2.577878105621375e-07, 2.4021507579688435e-07, 2.2376357637295542e-07, 2.086080958488635e-07, 1.941881632794346e-07, 1.8080499549086273e-07, 1.684861781854934e-07]
ndim2: 500
W_list: [2.6]
L_list: [14.580648602677673]
