R_list= [ 1  2  3  4  5  6  7  8  9 10 11 12 13 14 15 16 17 18 19 20 21 22 23 24
 25 26 27 28 29 30 31 32 33 34 35 36 37 38]
C_final_list= [9.065616527462737e-07, 5.723617057377595e-07, 3.087963534204388e-07, 1.5194696523572563e-07, 7.085458583139247e-08, 3.2014435810415965e-08, 1.41888974514945e-08, 6.224912408954845e-09, 2.71884141414305e-09, 1.1884429585799975e-09, 5.202655067021073e-10, 2.2917343650022723e-10, 1.0219689739842218e-10, 4.6084558270410136e-11, 2.0979200864619504e-11, 9.58523694242958e-12, 4.429769522343134e-12, 2.088038638761525e-12, 9.963602415540961e-13, 4.761423002907062e-13, 2.2700618433680772e-13, 1.0910754765828689e-13, 5.286747604464446e-14, 2.548662820164454e-14, 1.1942969763376397e-14, 5.466129244870027e-15, 2.4777623023824982e-15, 1.1215944679106835e-15, 5.046140840635918e-16, 2.2858203965203216e-16, 1.0603121476184601e-16, 4.994795943623078e-17, 2.3769538457088602e-17, 1.1600289098678805e-17, 5.821969023500796e-18, 3.0385391634634957e-18, 1.6545430495266551e-18, 9.253524991866147e-19]
W_list: [4]
L_list: [1.7644591518111197]
