R_list= [ 1  2  3  4  5  6  7  8  9 10 11 12 13 14 15 16 17 18 19 20 21 22 23 24
 25 26 27 28 29 30 31 32 33 34 35 36 37 38]
C_final_list= [9.565877307036072e-07, 6.010779186004861e-07, 3.753006643984958e-07, 2.3402520663185168e-07, 1.4854444203598966e-07, 9.39615081243026e-08, 5.968450959589419e-08, 3.764849613459279e-08, 2.3477819352858122e-08, 1.4620063260820623e-08, 8.994761265510407e-09, 5.5496557121406e-09, 3.4206745041009887e-09, 2.0973043770039504e-09, 1.278217486155925e-09, 7.964602264720459e-10, 4.911984259911338e-10, 3.122101318405632e-10, 1.9168414849126197e-10, 1.1401715265273549e-10, 6.937637236980281e-11, 4.0784670577717733e-11, 2.3620284281739333e-11, 1.4307420040744289e-11, 8.8162098901422e-12, 5.451299714510567e-12, 3.2266641760830382e-12, 1.984479655696561e-12, 1.1597900324009872e-12, 6.861798161217233e-13, 3.8973216206888005e-13, 2.2390844665497868e-13, 1.222859871639128e-13, 6.571544904694002e-14, 3.727306330985835e-14, 2.1660361542575657e-14, 1.2268059656382238e-14, 7.440380740905218e-15]
W_list: [7.800000000000001]
L_list: [2.1440853624688296]
