R_list= [ 1  2  3  4  5  6  7  8  9 10 11 12 13 14 15 16 17 18 19 20 21 22 23 24
 25 26 27 28 29 30 31 32 33 34 35 36 37 38]
C_final_list= [4.019547415624857e-07, 3.386309493268903e-07, 2.811302760200897e-07, 2.3132500895172976e-07, 1.900421322535453e-07, 1.5571348208936848e-07, 1.2719100550028655e-07, 1.0374146781163882e-07, 8.465365264980276e-08, 6.910970465861761e-08, 5.6335380257119826e-08, 4.594302351868629e-08, 3.7471895812522134e-08, 3.0542237898354464e-08, 2.4905485513935305e-08, 2.0280235909222516e-08, 1.6513883989071585e-08, 1.341918659506251e-08, 1.0895168073022922e-08, 8.859451631970228e-09, 7.193523138383456e-09, 5.831978247507793e-09, 4.732612006834606e-09, 3.840834880992613e-09, 3.1046782314176385e-09, 2.4999530940919026e-09, 2.0165219041837395e-09, 1.6317764341986155e-09, 1.3213116715884447e-09, 1.0732757992742507e-09, 8.683912611840376e-10, 7.024291393923895e-10, 5.674363270983135e-10, 4.5914241833170296e-10, 3.722648916451072e-10, 3.017242492455232e-10, 2.450368752474625e-10, 1.9888402132677672e-10]
W_list: [9.0]
L_list: [5.126385543808772]
