R_list= [ 1  2  3  4  5  6  7  8  9 10 11 12 13 14 15 16 17 18 19 20 21 22 23 24
 25 26 27 28 29 30 31 32 33 34 35 36 37 38]
C_final_list= [6.1122950434191736e-06, 5.192679172056813e-06, 4.369546307124312e-06, 3.6599687996559107e-06, 3.0617551195543e-06, 2.5593112671168496e-06, 2.138221668238379e-06, 1.7875232593931199e-06, 1.4929773560918586e-06, 1.2449588686747272e-06, 1.0375128570893497e-06, 8.636705116745919e-07, 7.188912608385367e-07, 5.984521958762019e-07, 4.979285937704981e-07, 4.1434787404901834e-07, 3.4492301495040757e-07, 2.8707529852961454e-07, 2.3871808207331037e-07, 1.9809008902613822e-07, 1.6424288416918578e-07, 1.361380994269932e-07, 1.1298540236113296e-07, 9.379759559840884e-08, 7.78544293042135e-08, 6.467830889156581e-08, 5.381284505983091e-08, 4.4732361525423185e-08, 3.712301170690993e-08, 3.0825273223728305e-08, 2.560563210238397e-08, 2.126964558209014e-08, 1.7676372529966057e-08, 1.4714748723431083e-08, 1.2260565752868478e-08, 1.0212661734082546e-08, 8.494464205454929e-09, 7.062333398859319e-09]
W_list: [8.3]
L_list: [5.6363893054007175]
