C_list:
1.2035550059442661e-06 0.026235753684146084
ndim2: 500
W_list: [2.2]
L_list: [38.1159242474626]
