R_list= [ 1  2  3  4  5  6  7  8  9 10 11 12 13 14 15 16 17 18 19 20 21 22 23 24
 25 26 27 28 29 30 31 32 33 34 35 36 37 38]
C_final_list= [2.1188038265632206e-06, 2.0391156727140286e-06, 1.967917858351978e-06, 1.9002876694801566e-06, 1.8372933226887639e-06, 1.7753694167084787e-06, 1.7151083789274185e-06, 1.657356930850668e-06, 1.6014541206542218e-06, 1.546748339807899e-06, 1.4940371125007692e-06, 1.4437615825764237e-06, 1.3955877049173825e-06, 1.3485695473563538e-06, 1.3036750099029303e-06, 1.2598116740768271e-06, 1.2176044212085902e-06, 1.1766885724459444e-06, 1.1370617817281703e-06, 1.0984839614743682e-06, 1.0614841777114871e-06, 1.0260738306113936e-06, 9.9195077077264e-07, 9.5847385340315e-07, 9.260543946018571e-07, 8.946360075892149e-07, 8.641975476242648e-07, 8.348265392043936e-07, 8.059303389613159e-07, 7.78243083458618e-07, 7.511336445464152e-07, 7.248132770634881e-07, 6.995296974072008e-07, 6.753632859991566e-07, 6.51764665445366e-07, 6.28622579463261e-07, 6.064246222637449e-07, 5.851393118069881e-07]
W_list: [4]
L_list: [29.027280629861714]
