R_list= [ 1  2  3  4  5  6  7  8  9 10 11 12 13 14 15 16 17 18 19 20 21 22 23 24
 25 26 27 28 29 30 31 32 33 34 35 36 37 38]
C_final_list= [2.4005827707674906e-05, 1.9912299878729404e-05, 1.6371516879415987e-05, 1.3424731814936682e-05, 1.0993255464004447e-05, 8.983838495650358e-06, 7.339230321898031e-06, 5.996478794003183e-06, 4.893670711388352e-06, 3.99899455605476e-06, 3.269814426702033e-06, 2.6746826937389086e-06, 2.1895946049357614e-06, 1.7925501533697294e-06, 1.4675542668039773e-06, 1.2007235653985716e-06, 9.831543820812799e-07, 8.042798701372684e-07, 6.568480571645976e-07, 5.363220932188495e-07, 4.3772975429820943e-07, 3.5752972861624995e-07, 2.9194246585442585e-07, 2.38356904536663e-07, 1.9483490347771756e-07, 1.5906669137548e-07, 1.298912737753746e-07, 1.0598278147223671e-07, 8.64473366800556e-08, 7.052545768377115e-08, 5.763866746978097e-08, 4.714019741720691e-08, 3.858003436858887e-08, 3.160672905186718e-08, 2.5824085449499197e-08, 2.1115704775876274e-08, 1.727789203212476e-08, 1.4117962296639202e-08]
W_list: [7.95]
L_list: [5.034916259893959]
