C_list:
1.574608345928281e-06 0.02459654809574367
ndim2: 500
W_list: [1.5999999999999999]
L_list: [40.65611142292954]
