C_final_list: [2.088582041396932e-06, 1.9052045207799501e-06, 1.728713170473159e-06, 1.5678062617585208e-06, 1.4236967422834857e-06, 1.2912465673802285e-06, 1.1722035122018812e-06, 1.0625532488516722e-06, 9.627484994150036e-07, 8.71946089988253e-07, 7.881425029772865e-07, 7.130638176381678e-07, 6.449883702468891e-07, 5.838615073304601e-07, 5.268355091438582e-07, 4.7582677984101913e-07, 4.294151080661352e-07, 3.8691904204805995e-07, 3.499608419420722e-07, 3.152623573556085e-07, 2.8439364250089907e-07, 2.566873061161294e-07, 2.3175726781436147e-07, 2.0862702572423135e-07, 1.880363261360973e-07, 1.6931133918024531e-07, 1.5229492330378917e-07, 1.3706012489013015e-07, 1.2320226375107944e-07, 1.1101985384144737e-07, 9.99454121705164e-08, 9.00961614727711e-08, 8.11255256350313e-08, 7.301178867984755e-08, 6.562698094004146e-08]
ndim2: 500
W_list: [2.0]
L_list: [10.080902452228937]
