R_list= [ 1  2  3  4  5  6  7  8  9 10 11 12 13 14 15 16 17 18 19 20 21 22 23 24
 25 26 27 28 29 30 31 32 33 34 35 36 37 38]
C_final_list= [1.4301035058918668e-06, 1.0361145920171729e-06, 7.502355100120945e-07, 5.60917370507995e-07, 4.254322510515134e-07, 3.2214395174777883e-07, 2.4290475549590923e-07, 1.8335791952981e-07, 1.380711914934273e-07, 1.0352002189025779e-07, 7.785911272473315e-08, 5.8588212089091e-08, 4.405007814165938e-08, 3.313625666130574e-08, 2.498764300293284e-08, 1.8810925823086235e-08, 1.4123126581178899e-08, 1.0561266209575593e-08, 7.878802747426515e-09, 5.849758211104454e-09, 4.329806435180732e-09, 3.2071584284364563e-09, 2.3706258906173814e-09, 1.7428598223797283e-09, 1.2775859048002307e-09, 9.417973194379238e-10, 6.952776021267904e-10, 5.144105542152761e-10, 3.836446242446264e-10, 2.8635736235577937e-10, 2.1219138125107727e-10, 1.5545937715153736e-10, 1.1365085695798591e-10, 8.457205725649089e-11, 6.364442003046446e-11, 4.7359641263968234e-11, 3.5283516235879916e-11, 2.6285883679740175e-11]
W_list: [5]
L_list: [3.3352510785117246]
