R_list= [ 1  2  3  4  5  6  7  8  9 10 11 12 13 14 15 16 17 18 19 20 21 22 23 24
 25 26 27 28 29 30 31 32 33 34 35 36 37 38]
C_final_list= [1.0746793908457398e-06, 6.899224319728452e-07, 4.4207206640707945e-07, 2.811390322858222e-07, 1.7731809019949395e-07, 1.1105201285757765e-07, 6.978358483694188e-08, 4.416342401445514e-08, 2.7478691830311764e-08, 1.7341070748189985e-08, 1.0675901233487404e-08, 6.672193764711304e-09, 4.11281587051084e-09, 2.583829125024657e-09, 1.6279253266566345e-09, 1.047495785622725e-09, 6.681043445269804e-10, 4.235376775926148e-10, 2.643516600892922e-10, 1.63065552061993e-10, 1.0105529586727963e-10, 6.235035104436561e-11, 4.076623884559913e-11, 2.668782008157006e-11, 1.7888959189714577e-11, 1.1442386562114034e-11, 7.2227495422876235e-12, 4.35285632825824e-12, 2.672519876523285e-12, 1.731220355531937e-12, 1.0862754541244323e-12, 6.362880536637906e-13, 3.489406386284837e-13, 1.831916525329369e-13, 1.0460432489610833e-13, 5.947770349308383e-14, 3.648769177135121e-14, 2.3134388034970078e-14]
W_list: [8.200000000000001]
L_list: [2.226403784983626]
