R_list= [ 1  2  3  4  5  6  7  8  9 10 11 12 13 14 15 16 17 18 19 20 21 22 23 24
 25 26 27 28 29 30 31 32 33 34 35 36 37 38]
C_final_list= [6.336726389397798e-06, 5.415752854218385e-06, 4.5834239823378365e-06, 3.868349221191177e-06, 3.2600419853002586e-06, 2.7432224441404617e-06, 2.3069897030528427e-06, 1.938964841750202e-06, 1.62920972466092e-06, 1.3682372337050922e-06, 1.1487695818321813e-06, 9.62663647894697e-07, 8.054995128170569e-07, 6.733606857769881e-07, 5.622115313874549e-07, 4.692536428172836e-07, 3.9231054781055174e-07, 3.2806626029663505e-07, 2.742739421753077e-07, 2.2918482613152982e-07, 1.9157261533548484e-07, 1.6013042025075895e-07, 1.3384378785826792e-07, 1.1190949802645602e-07, 9.361491584900818e-08, 7.820103867505003e-08, 6.53592782392207e-08, 5.4653211079709424e-08, 4.5706761454032636e-08, 3.820239243797095e-08, 3.1963660012602446e-08, 2.6762742270635874e-08, 2.238660227348065e-08, 1.8708115764806928e-08, 1.562085114786033e-08, 1.3021840772640058e-08, 1.0865498365075e-08, 9.0535619106909e-09]
W_list: [8.2]
L_list: [5.841027775812071]
