C_final_list: [1.8254970460227498e-06, 1.537851699381709e-06, 1.2970750268692331e-06, 1.088437695286061e-06, 9.119139828572406e-07, 7.613520005058634e-07, 6.363151120724117e-07, 5.325390902788757e-07, 4.443389581381065e-07, 3.6954246795616696e-07, 3.087896825262445e-07, 2.5788167816571525e-07, 2.1561124132851173e-07, 1.7945169226230927e-07, 1.4985935848817986e-07, 1.2469917104065166e-07, 1.0369909411752317e-07, 8.637536461658433e-08, 7.171987457640484e-08, 5.950216680412941e-08, 4.939471899521736e-08, 4.109588408932165e-08, 3.4024236185081156e-08, 2.8055434601581793e-08, 2.322580808209354e-08, 1.9207219199665513e-08, 1.5864860542837795e-08, 1.3145245636741343e-08, 1.0844264351787051e-08, 8.897278703084803e-09, 7.308842874484645e-09, 6.017075979500491e-09, 4.966849090700863e-09, 4.135352754331313e-09, 3.4278244484073514e-09, 2.828918340071487e-09, 2.357576291354129e-09, 1.9648214841319436e-09, 1.627349595085866e-09, 1.3491429207863875e-09, 1.1243596993556966e-09, 9.379156118543618e-10, 7.819270375438448e-10, 6.533404379911711e-10, 5.430130607810358e-10, 4.4737367054595553e-10, 3.6482690053916766e-10, 3.0046364600543045e-10, 2.450922975944751e-10, 1.999739777290533e-10]
ndim2: 500
W_list: [3.6]
L_list: [5.638595618714265]
