C_final_list: [1.8816972968727678e-06, 1.7787571777209974e-06, 1.6768716569751461e-06, 1.581920974158974e-06, 1.4914810365220985e-06, 1.4075535426865974e-06, 1.3272414856916594e-06, 1.2510550582903976e-06, 1.178700072707952e-06, 1.1116861285999356e-06, 1.0481188894757557e-06, 9.874060248726793e-07, 9.308558649014892e-07, 8.764913201086285e-07, 8.26042879616162e-07, 7.780587047109372e-07, 7.324819527615261e-07, 6.899888617550491e-07, 6.4971286575876e-07, 6.122005783443629e-07, 5.765902405245843e-07, 5.42825371147787e-07, 5.109464707138099e-07, 4.809650410868174e-07, 4.5295726094858517e-07, 4.2643584284621043e-07, 4.012434332361217e-07, 3.7742239683556964e-07, 3.544294712625785e-07, 3.328344904196466e-07, 3.124800559082514e-07, 2.9344719456032374e-07, 2.7535911254716757e-07, 2.5844285742149113e-07, 2.4236908724441664e-07]
ndim2: 500
W_list: [2.4]
L_list: [16.81553651185666]
