R_list= [ 1  2  3  4  5  6  7  8  9 10 11 12 13 14 15 16 17 18 19 20 21 22 23 24
 25 26 27 28 29 30 31 32 33 34 35 36 37 38]
C_final_list= [2.2679869255890234e-06, 1.7256070363979096e-06, 1.2998396381072602e-06, 9.737725379880103e-07, 7.270467889132521e-07, 5.426521621110541e-07, 4.035883075919893e-07, 2.9977670444978223e-07, 2.2235274198489383e-07, 1.6502352133311015e-07, 1.2211611790816094e-07, 9.054688250020095e-08, 6.71400767980706e-08, 4.9778379356847055e-08, 3.6802564725943276e-08, 2.732329884997113e-08, 2.0328115484229273e-08, 1.5139758211160213e-08, 1.1295014817375916e-08, 8.403754337644748e-09, 6.186730128743281e-09, 4.545646232343995e-09, 3.332438027386432e-09, 2.4619799297496316e-09, 1.821618930100523e-09, 1.3462567019500242e-09, 9.899016177945473e-10, 7.303129970280139e-10, 5.367544488859998e-10, 3.9387888694266136e-10, 2.9196460318994093e-10, 2.168118146815237e-10, 1.6387885045967458e-10, 1.2267230009341158e-10, 9.23635896832387e-11, 6.8744527646646e-11, 5.1327775744271887e-11, 3.8314267064234487e-11]
W_list: [9.2]
L_list: [3.48396138677929]
