C_list:
6.377790449370435e-07 0.08079148060784581
ndim2: 500
W_list: [3.4]
L_list: [12.377542687376968]
