C_final_list: [1.4830365567676269e-06, 1.4242382532128276e-06, 1.3662484522469062e-06, 1.3091472924393917e-06, 1.2552884628626998e-06, 1.2045457143812261e-06, 1.155510154554463e-06, 1.108212520587862e-06, 1.0629306218683308e-06, 1.0196892382393138e-06, 9.776960294166986e-07, 9.370054534832894e-07, 8.980692444627877e-07, 8.604004641753204e-07, 8.244389258379493e-07, 7.905745319595011e-07, 7.578937181193792e-07, 7.260044019431701e-07, 6.952136178976527e-07, 6.658653582782165e-07, 6.377398598302377e-07, 6.106259222253902e-07, 5.846246007839214e-07, 5.593224538687995e-07, 5.351617596122205e-07, 5.12484455269451e-07, 4.901890377618481e-07, 4.689726057270035e-07, 4.485247651041292e-07, 4.288911569164059e-07, 4.0993639912275206e-07, 3.919621077550684e-07, 3.7484166076000103e-07, 3.5823297870283507e-07, 3.4257811526889403e-07]
ndim2: 500
W_list: [2.0]
L_list: [23.457384724545044]
