C_list:
1.0254506492331987e-06 0.03963371891681541
ndim2: 500
W_list: [2.6]
L_list: [25.23104132869373]
