R_list= [ 1  2  3  4  5  6  7  8  9 10 11 12 13 14 15 16 17 18 19 20 21 22 23 24
 25 26 27 28 29 30 31 32 33 34 35 36 37 38]
C_final_list= [3.749888725602513e-07, 3.1897793657151933e-07, 2.7129180817952973e-07, 2.2882707881646563e-07, 1.9254695763433362e-07, 1.6202896810817285e-07, 1.3653241015100212e-07, 1.1477290463123075e-07, 9.636793397019984e-08, 8.070674523291785e-08, 6.750325665697893e-08, 5.643473331303261e-08, 4.731250370337894e-08, 3.956970333024885e-08, 3.306110176291831e-08, 2.7605419761489944e-08, 2.3012821913653083e-08, 1.914155261830207e-08, 1.592217319739151e-08, 1.3250997694298105e-08, 1.1014004025022215e-08, 9.12828696301141e-09, 7.583897041989981e-09, 6.292144616743119e-09, 5.21934853615983e-09, 4.323761049648763e-09, 3.579330251813212e-09, 2.960370822312311e-09, 2.4587532409585824e-09, 2.045209371772092e-09, 1.6992941397963612e-09, 1.4056298814034113e-09, 1.1651671119329854e-09, 9.611633309202097e-10, 7.943642513044099e-10, 6.557258189328259e-10, 5.42800297553382e-10, 4.4908894724286554e-10]
W_list: [7]
L_list: [5.829807257441337]
