R_list= [ 1  2  3  4  5  6  7  8  9 10 11 12 13 14 15 16 17 18 19 20 21 22 23 24
 25 26 27 28 29 30 31 32 33 34 35 36 37 38]
C_final_list= [5.303541317762407e-07, 4.2801647362288437e-07, 3.4235645325388833e-07, 2.727021004263008e-07, 2.1591580265284758e-07, 1.7111572687149393e-07, 1.3553001985313104e-07, 1.0737187724224141e-07, 8.493802082467421e-08, 6.722567772693728e-08, 5.308303954694449e-08, 4.1930694937142484e-08, 3.3163141450085534e-08, 2.6160826837748046e-08, 2.068653060765907e-08, 1.6320691749566334e-08, 1.2830823606433357e-08, 1.0121272241003388e-08, 7.97344399598747e-09, 6.286294103799482e-09, 4.951353136400334e-09, 3.907039293008036e-09, 3.0881556170398086e-09, 2.434642936109038e-09, 1.90994003670872e-09, 1.4879475516727452e-09, 1.1621651509841578e-09, 9.154749666363064e-10, 7.182870164083347e-10, 5.64694494087007e-10, 4.4408623048116013e-10, 3.4839980489493986e-10, 2.7215483480476735e-10, 2.1235124640647392e-10, 1.6501412015481415e-10, 1.2757879892077117e-10, 9.875527777323354e-11, 7.652526821171833e-11]
W_list: [7.6000000000000005]
L_list: [4.3808926522247535]
