R_list= [ 1  2  3  4  5  6  7  8  9 10 11 12 13 14 15 16 17 18 19 20 21 22 23 24
 25 26 27 28 29 30 31 32]
C_final_list= [7.797403445708723e-07, 7.303733947538853e-07, 6.815231969335913e-07, 6.358562854691846e-07, 5.927596322728118e-07, 5.518758114032073e-07, 5.138950603117442e-07, 4.778688896288653e-07, 4.442655700548181e-07, 4.13020387526837e-07, 3.8382251197395714e-07, 3.567661821458344e-07, 3.315446965965129e-07, 3.080379822014259e-07, 2.8611111998384115e-07, 2.6579035331442256e-07, 2.471030648088311e-07, 2.2956708804865403e-07, 2.1321418298914363e-07, 1.9781299651593556e-07, 1.8354184010377942e-07, 1.701913513141912e-07, 1.5766402187718062e-07, 1.4600314997165627e-07, 1.3509070550265983e-07, 1.2504173346678458e-07, 1.1577525950177298e-07, 1.0730165253312992e-07, 9.937154547101631e-08, 9.19787597296774e-08, 8.51579688935437e-08, 7.879651015075336e-08]
W_list: [6]
L_list: [13.752413727621681]
