R_list= [ 1  2  3  4  5  6  7  8  9 10 11 12 13 14 15 16 17 18 19 20 21 22 23 24
 25 26 27 28 29 30 31 32 33 34 35 36 37 38]
C_final_list= [3.757266384582796e-08, 1.6634798866494146e-08, 6.474498920197321e-09, 2.3990305954948083e-09, 8.791387337512248e-10, 3.1974911871488627e-10, 1.1667988675443318e-10, 4.29022267745005e-11, 1.5669210545008156e-11, 5.657433349901917e-12, 2.0606865861882432e-12, 7.694269094467371e-13, 2.8849182720325106e-13, 1.2745118810884e-13, 4.316607010217956e-14, 1.1206333565825515e-14, 3.0997166156867953e-15, 9.052472017485583e-16, 2.74710678309378e-16, 8.664182217761679e-17, 2.8099198594169495e-17, 9.882963529190532e-18, 5.346977498718721e-18, 2.873067203110591e-18, 1.6567001030826697e-18, 5.270176576775803e-19, 1.5790534513985872e-19, 3.870181307773614e-20, 8.05989780208804e-21, 1.6754181095452387e-21, 3.169730888444045e-22, 7.183185344909035e-23, 1.5662511215725234e-23, 3.8077057789527e-24, 1.03792683233779e-24, 3.425263836131756e-25, 1.704522868405812e-25, 8.966357241963096e-26]
W_list: [7]
L_list: [1.1640513985054681]
