R_list= [ 1  2  3  4  5  6  7  8  9 10 11 12 13 14 15 16 17 18 19 20 21 22 23 24
 25 26 27 28 29 30 31 32 33 34 35 36 37 38]
C_final_list= [3.3634687986988677e-07, 3.025461872623133e-07, 2.694204814061003e-07, 2.3827322445456348e-07, 2.0984376978575558e-07, 1.8446073273888696e-07, 1.6184257430187933e-07, 1.4201490542665925e-07, 1.2453493362331214e-07, 1.0909710662148126e-07, 9.563853070545924e-08, 8.381275155512424e-08, 7.345693838557165e-08, 6.431980951286202e-08, 5.635694094996776e-08, 4.935933047867511e-08, 4.321605901872129e-08, 3.7836881630212215e-08, 3.3119353252281534e-08, 2.8976881807201227e-08, 2.5322762419141097e-08, 2.2096902846256957e-08, 1.9283339995478327e-08, 1.6808599524949125e-08, 1.4629889708621757e-08, 1.2723892987756773e-08, 1.1037307513013085e-08, 9.56961714531179e-09, 8.293457202286802e-09, 7.182217201143999e-09, 6.222051485894646e-09, 5.390958223037625e-09, 4.668022138939023e-09, 4.050518218076584e-09, 3.5236828155730097e-09, 3.0615803569408347e-09, 2.6551751199653834e-09, 2.2995994835661787e-09]
W_list: [8.6]
L_list: [7.822233565224808]
