C_final_list: [1.8555656963531616e-06, 1.8377333204577059e-06, 1.8196002997952717e-06, 1.802168868660365e-06, 1.785196738567404e-06, 1.7686272941432839e-06, 1.7522335221804548e-06, 1.736064811418502e-06, 1.7202353892836747e-06, 1.7046974356806698e-06, 1.6892383486324787e-06, 1.6738101549443718e-06, 1.6585991132590048e-06, 1.6434870086187814e-06, 1.6284658751994849e-06, 1.6137453981835163e-06, 1.5992111327814902e-06, 1.5847677156133348e-06, 1.5704862757709509e-06, 1.55636919512581e-06, 1.542418980200362e-06, 1.5286692075134757e-06, 1.5150138550899757e-06, 1.5013298558666533e-06, 1.4877807753877492e-06, 1.4744073581755442e-06, 1.4611512760056594e-06, 1.4480057365222464e-06, 1.4349302542474893e-06, 1.42196427417466e-06, 1.4092018722366055e-06, 1.3965872711538978e-06, 1.3839655627179858e-06, 1.3715101870814864e-06, 1.3591399916867459e-06]
ndim2: 500
W_list: [2.0]
L_list: [109.65656288033372]
