C_final_list: [1.1012158933751722e-06, 1.011526109442234e-06, 9.24873517411455e-07, 8.440814327679663e-07, 7.708053392537535e-07, 7.027567531945412e-07, 6.391535126154094e-07, 5.810434552074939e-07, 5.281983851212165e-07, 4.804169288377946e-07, 4.372519729267738e-07, 3.978830466254823e-07, 3.6183468123311246e-07, 3.290921513874023e-07, 2.9946628760672324e-07, 2.7217502303092257e-07, 2.472437329504588e-07, 2.2470971685818343e-07, 2.041631860369959e-07, 1.8543674361767727e-07, 1.683997868784483e-07, 1.5314896302835015e-07, 1.3913299007721073e-07, 1.2659818621418066e-07, 1.1504866495892782e-07, 1.0445298828242029e-07, 9.476045548050385e-08, 8.587044015574625e-08, 7.779933025762287e-08, 7.040631779830674e-08, 6.36266679545569e-08, 5.740706106426149e-08, 5.186023165470575e-08, 4.681094065558612e-08, 4.2284524381167194e-08, 3.81833582946211e-08, 3.4495075273877045e-08, 3.1123683679672786e-08, 2.802720385001086e-08, 2.5275158784905043e-08, 2.2770792998424766e-08, 2.053694572475676e-08, 1.8534157087393927e-08, 1.6764339054107607e-08, 1.5160075528758156e-08, 1.3699871297653724e-08, 1.2398943745745496e-08, 1.1239627326842218e-08, 1.0177344340006921e-08, 9.194291610825905e-09]
ndim2: 500
W_list: [4.2]
L_list: [10.633946906989207]
