R_list= [ 1  2  3  4  5  6  7  8  9 10 11 12 13 14 15 16 17 18 19 20 21 22 23 24
 25 26 27 28 29 30 31 32 33 34 35 36 37 38]
C_final_list= [1.4334469139860304e-06, 1.2127674922134958e-06, 1.0553080930240266e-06, 9.19711406679291e-07, 8.010828876591889e-07, 6.99104095804553e-07, 6.087811533833155e-07, 5.301591915038457e-07, 4.605805325979407e-07, 3.9964401341721783e-07, 3.468996542018562e-07, 3.017104086157648e-07, 2.623189930800496e-07, 2.280459970999234e-07, 1.9844619089727148e-07, 1.7260975654248934e-07, 1.4982176640666412e-07, 1.3017758322546345e-07, 1.1293505127113225e-07, 9.783671050122237e-08, 8.454248903284638e-08, 7.285414624174854e-08, 6.278757792541863e-08, 5.407711420995612e-08, 4.651552398054965e-08, 4.007586224443535e-08, 3.4538802569552874e-08, 2.9747906734313025e-08, 2.556898447011566e-08, 2.1955685018034305e-08, 1.8891609712381604e-08, 1.6274883224884886e-08, 1.401782172328761e-08, 1.2101096175299736e-08, 1.043854459801398e-08, 9.011571420062836e-09, 7.760543262329632e-09, 6.6614740248746674e-09]
W_list: [5]
L_list: [7.096195975585152]
