R_list= [ 1  2  3  4  5  6  7  8  9 10 11 12 13 14 15 16 17 18 19 20 21 22 23 24
 25 26 27 28 29 30 31 32 33 34 35 36 37 38]
C_final_list= [8.21652248283358e-07, 4.177968088930992e-07, 1.7411172999631336e-07, 6.539911323908136e-08, 2.316549053868848e-08, 7.935764676919362e-09, 2.6709623811618185e-09, 8.8936724276383e-10, 2.9460381743959606e-10, 9.768504591683076e-11, 3.3000228732106e-11, 1.151811880514616e-11, 4.1285792395713585e-12, 1.4472387921504396e-12, 5.014637920100049e-13, 1.7379234545487718e-13, 6.187936428275505e-14, 2.1907482830463312e-14, 7.679466325411368e-15, 2.63918298098958e-15, 9.07963542601939e-16, 3.190517590521813e-16, 1.2420809545062466e-16, 5.689173721878723e-17, 2.868580381079819e-17, 1.3437529792537842e-17, 4.998717743541569e-18, 1.6451319211137564e-18, 5.36354943661848e-19, 1.7951944675380043e-19, 6.364303505206055e-20, 2.3195213363635945e-20, 9.41393207560719e-21, 4.6317157517354265e-21, 2.88869179854093e-21, 2.1957181668247895e-21, 1.8898876791909188e-21, 1.736260516183656e-21]
W_list: [5]
L_list: [1.3138317377231772]
