R_list= [ 1  2  3  4  5  6  7  8  9 10 11 12 13 14 15 16 17 18 19 20 21 22 23 24
 25 26 27 28 29 30 31 32 33 34 35 36 37 38]
C_final_list= [6.2890488386352745e-06, 5.356308946857322e-06, 4.51567404914691e-06, 3.7937709748485885e-06, 3.1809221554165622e-06, 2.66454991975876e-06, 2.230181617528815e-06, 1.8657046369580227e-06, 1.5588305496723116e-06, 1.3015604795986258e-06, 1.0870889055427372e-06, 9.065831655482247e-07, 7.561607780933015e-07, 6.306512448537662e-07, 5.255130491188392e-07, 4.379910501821636e-07, 3.652719726080529e-07, 3.048108997625973e-07, 2.541008586277959e-07, 2.114838763538359e-07, 1.7585782782292093e-07, 1.4635129577819968e-07, 1.2173644126744516e-07, 1.0141401812635976e-07, 8.455353371022203e-08, 7.063868037434982e-08, 5.902118877300527e-08, 4.927595729780941e-08, 4.103313282607216e-08, 3.413527055144368e-08, 2.840246839649472e-08, 2.3626620664685476e-08, 1.9634004611963927e-08, 1.6332401716772398e-08, 1.3606782924505855e-08, 1.1328846865229366e-08, 9.457035949318889e-09, 7.896853901825818e-09]
W_list: [8.25]
L_list: [5.697711351425749]
