C_final_list: [1.5097666908230314e-06, 1.2428830703646055e-06, 1.0174000551136967e-06, 8.34286953988985e-07, 6.843549565677436e-07, 5.571529306242674e-07, 4.526390392207571e-07, 3.681591032029709e-07, 2.9948419984453094e-07, 2.4560836772116305e-07, 2.007244005663371e-07, 1.640953455186737e-07, 1.343046810999995e-07, 1.0963779844861648e-07, 8.937846869272193e-08, 7.299516981704599e-08, 5.945282934597485e-08, 4.8583562393978694e-08, 3.953063136725046e-08, 3.2041896263512046e-08, 2.585822107329683e-08, 2.0672028453905373e-08, 1.6563757335657664e-08, 1.333586416171321e-08, 1.0701042755952793e-08, 8.581888564017903e-09, 6.9110005144026306e-09, 5.5489975486702185e-09, 4.4844655365673505e-09, 3.6592165773165667e-09, 2.955610797146006e-09, 2.3836529981858993e-09, 1.9214006473590532e-09, 1.5467662714460283e-09, 1.2483425617356682e-09]
ndim2: 500
W_list: [2.6]
L_list: [4.968885706657888]
