R_list= [ 1  2  3  4  5  6  7  8  9 10 11 12 13 14 15 16 17 18 19 20 21 22 23 24
 25 26 27 28 29 30 31 32 33 34 35 36 37 38]
C_final_list= [8.626078233407748e-07, 7.902020359814614e-07, 7.207872857606906e-07, 6.569747621417335e-07, 5.985534755248184e-07, 5.454737025022269e-07, 4.972169522372149e-07, 4.534491966478059e-07, 4.1360975954994856e-07, 3.771925275566455e-07, 3.434695305582115e-07, 3.1277002446542623e-07, 2.8498880419158913e-07, 2.59115996445416e-07, 2.3541116942223994e-07, 2.1381386896319093e-07, 1.9417996868209798e-07, 1.7617777264822584e-07, 1.5984472640355463e-07, 1.4480002728706607e-07, 1.3099934834561479e-07, 1.184366648299001e-07, 1.070939268156747e-07, 9.68125888591843e-08, 8.771572623151451e-08, 7.940466790377678e-08, 7.188232721717593e-08, 6.49832793220781e-08, 5.883212192765674e-08, 5.3221639156426034e-08, 4.8190021519470715e-08, 4.3620961953170095e-08, 3.947392768627544e-08, 3.573501183119099e-08, 3.2330863303555233e-08, 2.9249160536422085e-08, 2.6410780052740338e-08, 2.3818232396810507e-08]
W_list: [6]
L_list: [10.63761057959409]
