C_final_list: [1.829675270238768e-06, 1.7661669634593348e-06, 1.7061301837037763e-06, 1.6470936804094227e-06, 1.5901196354551053e-06, 1.5350077132497863e-06, 1.4811622806852156e-06, 1.429199495198705e-06, 1.3797115019711976e-06, 1.3313838172666876e-06, 1.2846795395471784e-06, 1.239994852668685e-06, 1.196602418748118e-06, 1.1550992748659958e-06, 1.1142865423804598e-06, 1.0750084440328649e-06, 1.0371870737727994e-06, 1.0003911390579512e-06, 9.652072216746346e-07, 9.313851030981163e-07, 8.987969877249807e-07, 8.673404496415468e-07, 8.369353157801375e-07, 8.074513390369658e-07, 7.787089145121408e-07, 7.51430641201022e-07, 7.249383694172343e-07, 6.992322823135545e-07, 6.746859977607337e-07, 6.508296344950978e-07, 6.280279748316411e-07, 6.057620189239921e-07, 5.843551553546381e-07, 5.634812346658056e-07, 5.433106006156381e-07, 5.240809009265167e-07, 5.052244710079766e-07, 4.870292583216803e-07, 4.693978508067008e-07, 4.5258579088177997e-07, 4.3614970257551185e-07, 4.202598907456499e-07, 4.051205606396579e-07, 3.9045541147049614e-07, 3.7638223848939695e-07, 3.627243841687017e-07, 3.494759845952755e-07, 3.3679068299736126e-07, 3.2448932514757194e-07, 3.1260022025720323e-07]
ndim2: 500
W_list: [3.15]
L_list: [27.928583543198663]
