R_list= [ 1  2  3  4  5  6  7  8  9 10 11 12 13 14 15 16 17 18 19 20 21 22 23 24
 25 26 27 28 29 30 31 32 33 34 35 36 37 38]
C_final_list= [4.326088157230263e-07, 3.265489605826432e-07, 2.431394987558298e-07, 1.803658061507333e-07, 1.3329729887675451e-07, 9.812486704750737e-08, 7.222170430987678e-08, 5.3238834974797304e-08, 3.920811601977074e-08, 2.8760439017101405e-08, 2.098686928923545e-08, 1.529049032933995e-08, 1.1125284950909807e-08, 8.08761314495415e-09, 5.841264193067005e-09, 4.200426593421556e-09, 3.032484410148556e-09, 2.202575839844358e-09, 1.590586424081783e-09, 1.1436091281276153e-09, 8.252985539210035e-10, 5.943363554825603e-10, 4.3239470347802574e-10, 3.136639130540817e-10, 2.2897039207979533e-10, 1.6805904321343383e-10, 1.2299827193316432e-10, 9.044716267181121e-11, 6.668070250195734e-11, 4.8730100172976277e-11, 3.5311501833458874e-11, 2.5539550195528654e-11, 1.8656898893558024e-11, 1.3706446878273978e-11, 9.903342463768634e-12, 7.208670949642952e-12, 5.302987425386313e-12, 3.850010012530102e-12]
W_list: [9.2]
L_list: [3.3665376786852605]
