R_list= [ 1  2  3  4  5  6  7  8  9 10 11 12 13 14 15 16 17 18 19 20 21 22 23 24
 25 26 27 28 29 30 31 32 33 34 35 36 37 38]
C_final_list= [3.447148899634985e-06, 2.8159481860848216e-06, 2.28003742944189e-06, 1.8397474607097293e-06, 1.4836502544756796e-06, 1.1968472345031002e-06, 9.622472882731178e-07, 7.730255948151442e-07, 6.214494559949141e-07, 4.987290818573411e-07, 3.99214238595012e-07, 3.1932955524679e-07, 2.541583438392172e-07, 2.0226065859670463e-07, 1.6113920045981184e-07, 1.283025273850018e-07, 1.0211122848886517e-07, 8.115453625812413e-08, 6.460178810497119e-08, 5.1447555615956455e-08, 4.1045181464487606e-08, 3.283393505105234e-08, 2.622022639747332e-08, 2.089142177366077e-08, 1.6602874494565742e-08, 1.3185436235408366e-08, 1.049236487038267e-08, 8.335047531836202e-09, 6.633446849377804e-09, 5.279456691651737e-09, 4.194481555691943e-09, 3.3406499102095243e-09, 2.6628530694192874e-09, 2.1294579529478905e-09, 1.6959283434085094e-09, 1.3586278166947437e-09, 1.0875929977127167e-09, 8.733983212054267e-10]
W_list: [8.2]
L_list: [4.662247813435233]
