R_list= [ 1  2  3  4  5  6  7  8  9 10 11 12 13 14 15 16 17 18 19 20 21 22 23 24
 25 26 27 28 29 30 31 32 33 34 35 36 37 38]
C_final_list= [3.404886494026339e-05, 2.1795514669898446e-05, 1.3879502628516677e-05, 8.824482038480487e-06, 5.605674054152465e-06, 3.550879391803709e-06, 2.2551629052799567e-06, 1.4255212433805309e-06, 8.986515302243892e-07, 5.652861027577037e-07, 3.5529450072498595e-07, 2.2361881031928167e-07, 1.4051914756794196e-07, 8.838693937560953e-08, 5.575563273238186e-08, 3.5179459498020536e-08, 2.2281568398659887e-08, 1.4158746414412562e-08, 8.959897208255535e-09, 5.678148144983725e-09, 3.6155404717550667e-09, 2.2693226633718223e-09, 1.434798740622905e-09, 9.100738709888459e-10, 5.751595369957036e-10, 3.621970548314885e-10, 2.3245878380329817e-10, 1.490105751278979e-10, 9.656765456650303e-11, 6.108133882919372e-11, 3.872351177434484e-11, 2.4895117854954108e-11, 1.5480659954898938e-11, 9.823807806379439e-12, 6.102057208442889e-12, 3.832472749923432e-12, 2.305190301921934e-12, 1.3797155759465254e-12]
W_list: [8.4]
L_list: [2.2199403157285573]
