C_list:
1.423370452883498e-06 0.18041256484382925
ndim2: 500
W_list: [3.6]
L_list: [5.54285119146569]
