R_list= [ 1  2  3  4  5  6  7  8  9 10 11 12 13 14 15 16 17 18 19 20 21 22 23 24
 25 26 27 28 29 30 31 32]
C_final_list= [7.979458001121098e-07, 7.46452571222149e-07, 6.956575501238776e-07, 6.468927899847689e-07, 6.013609731431346e-07, 5.588789870155909e-07, 5.194264851605006e-07, 4.830489434495289e-07, 4.4897118661957394e-07, 4.171181149054725e-07, 3.874479320754417e-07, 3.598225417071767e-07, 3.3415927084633676e-07, 3.102984689345728e-07, 2.879772961923863e-07, 2.671622751910049e-07, 2.47990267515442e-07, 2.3004971599854318e-07, 2.1337156480636697e-07, 1.9776439173585793e-07, 1.8315250305010025e-07, 1.6959319431569513e-07, 1.5688452806689498e-07, 1.4511054311712763e-07, 1.3425189190790442e-07, 1.2431915596761174e-07, 1.151056562584352e-07, 1.0663757422737576e-07, 9.88015905651907e-08, 9.150149843792109e-08, 8.466774034723545e-08, 7.832916734575138e-08]
W_list: [6]
L_list: [13.538775593766413]
