C_final_list: [1.370199277215684e-06, 1.3415815083186524e-06, 1.3123678090314899e-06, 1.2838263646146175e-06, 1.2558383230070942e-06, 1.2286922850910548e-06, 1.2020867460877396e-06, 1.1760944277939393e-06, 1.1508061198897057e-06, 1.1259876745567351e-06, 1.101583064795184e-06, 1.0776435578250238e-06, 1.0540762177180036e-06, 1.0309923007618657e-06, 1.008269032882772e-06, 9.858466354329857e-07, 9.638610818932305e-07, 9.421171420345364e-07, 9.209602464478701e-07, 9.003258913187584e-07, 8.801482249537735e-07, 8.605786026610354e-07, 8.413125320113553e-07, 8.2247038080059e-07, 8.04223740655538e-07, 7.863708040729674e-07, 7.687338538120091e-07, 7.514893411567761e-07, 7.346642788275968e-07, 7.181441889437074e-07, 7.02033857655485e-07, 6.864168434616044e-07, 6.711911023304379e-07, 6.564253590281556e-07, 6.418399064391053e-07]
ndim2: 500
W_list: [2.8]
L_list: [44.83111743631834]
