C_final_list: [1.94130468483639e-06, 1.6876692455127405e-06, 1.4639954601164509e-06, 1.2643491554168326e-06, 1.0939024195217723e-06, 9.480201141002358e-07, 8.191745801596547e-07, 7.080269335091516e-07, 6.118314712714342e-07, 5.304013625078149e-07, 4.6220174914561633e-07, 4.013758325946271e-07, 3.474344017707319e-07, 3.017631950076951e-07, 2.615529293763481e-07, 2.260036344498139e-07, 1.956594204790409e-07, 1.6910572250520486e-07, 1.4605953452546057e-07, 1.2608291473135227e-07, 1.0893828709814885e-07, 9.344624428254829e-08, 8.014669698940283e-08, 6.892391034851682e-08, 5.928147639348437e-08, 5.100001291289952e-08, 4.38199155775006e-08, 3.7633511875449583e-08, 3.22563787943919e-08, 2.7705913128812372e-08, 2.385272780943105e-08, 2.056090173370639e-08, 1.7723172916794562e-08, 1.5206968313883793e-08, 1.3065251382903896e-08, 1.121215391951513e-08, 9.555652089899987e-09, 8.193469750996297e-09, 7.0367366045272885e-09, 6.051463327168979e-09, 5.1802392235985696e-09, 4.421127547917983e-09, 3.759821422622173e-09, 3.1891939508311104e-09, 2.718070156395312e-09, 2.308319085625154e-09, 1.966702775290573e-09, 1.6678192729514702e-09, 1.41420735291175e-09, 1.204727855227675e-09]
ndim2: 500
W_list: [3.1999999999999997]
L_list: [6.944078263240794]
