R_list= [ 1  2  3  4  5  6  7  8  9 10 11 12 13 14 15 16 17 18 19 20 21 22 23 24
 25 26 27 28 29 30 31 32 33 34 35 36 37 38]
C_final_list= [8.322310901607719e-07, 4.2493606494322456e-07, 1.7873464873857108e-07, 6.782389255479197e-08, 2.4303149544411756e-08, 8.4394810737497e-09, 2.8859843553208762e-09, 9.846781689687453e-10, 3.3632536377818666e-10, 1.1475790725578804e-10, 3.8710142179079626e-11, 1.2952468126357643e-11, 4.326551783365574e-12, 1.4545685128774434e-12, 4.96993073996499e-13, 1.744919482769626e-13, 6.455767330172728e-14, 2.4842947344318323e-14, 9.425437945797247e-15, 3.4944851019666604e-15, 1.3026279401501405e-15, 5.025836241557394e-16, 2.0402004798114764e-16, 8.970223526053593e-17, 4.8729628508488987e-17, 3.286958279645953e-17, 2.2949598159019725e-17, 1.414285847068815e-17, 7.607051547363247e-18, 3.600492837131571e-18, 1.634170475067799e-18, 5.884282015007578e-19, 1.8515378400689126e-19, 5.85309898307938e-20, 2.091918925351811e-20, 7.722742780354597e-21, 2.9488197165502334e-21, 1.2203582213802977e-21]
W_list: [5]
L_list: [1.3226781339016545]
