R_list= [ 1  2  3  4  5  6  7  8  9 10 11 12 13 14 15 16 17 18 19 20 21 22 23 24
 25 26 27 28 29 30 31 32 33 34 35 36 37 38]
C_final_list= [4.895947341166627e-07, 2.7897945159164277e-07, 1.3615505242486698e-07, 6.129178781831316e-08, 2.642591997222595e-08, 1.110470912567628e-08, 4.570799803044734e-09, 1.8572797337483336e-09, 7.533032478329475e-10, 3.067255066888759e-10, 1.25031898452245e-10, 5.10312844771672e-11, 2.074497856657556e-11, 8.371713404919563e-12, 3.415512802634199e-12, 1.4057687335485704e-12, 5.783537799989219e-13, 2.375282761557353e-13, 9.609442857160895e-14, 3.7760704352908066e-14, 1.432817362577108e-14, 5.28680220377637e-15, 1.8970819634039057e-15, 6.702414721328241e-16, 2.3691674091410333e-16, 8.417505584603086e-17, 3.009891668410547e-17, 1.0590112588425773e-17, 3.685450739941246e-18, 1.2808757636402647e-18, 4.380801364996583e-19, 1.515724405837306e-19, 5.355438227025652e-20, 1.86660518474114e-20, 6.550965256319729e-21, 2.3167807672454183e-21, 8.237026767812675e-22, 3.0003869186391115e-22]
W_list: [5]
L_list: [1.542594926550731]
