R_list= [ 1  2  3  4  5  6  7  8  9 10 11 12 13 14 15 16 17 18 19 20 21 22 23 24
 25 26 27 28 29 30 31 32 33 34 35 36 37 38]
C_final_list= [8.657368676711338e-07, 7.73704087303251e-07, 6.93461104444339e-07, 6.199596906535782e-07, 5.552714547990715e-07, 4.963595929452775e-07, 4.4364837616990625e-07, 3.9615963247755147e-07, 3.536381195663962e-07, 3.159787205585481e-07, 2.820260559824691e-07, 2.5167180144243283e-07, 2.2445341884573123e-07, 1.9993557783413766e-07, 1.778920134043604e-07, 1.5850241197931655e-07, 1.4089640970638272e-07, 1.2536462887611512e-07, 1.1151018807309324e-07, 9.916624098358454e-08, 8.827759727374829e-08, 7.849266043252832e-08, 6.980540924171551e-08, 6.210641008989377e-08, 5.5229090078949175e-08, 4.9070476598394666e-08, 4.3532357310137646e-08, 3.866506192599048e-08, 3.4276749167980715e-08, 3.0415315226952746e-08, 2.695736978192774e-08, 2.3883983361634184e-08, 2.115655867774157e-08, 1.8727876511455577e-08, 1.658325139654792e-08, 1.4689884071472399e-08, 1.2993649427925286e-08, 1.1515040942974217e-08]
W_list: [6]
L_list: [8.825918116446283]
