R_list= [ 1  2  3  4  5  6  7  8  9 10 11 12 13 14 15 16 17 18 19 20 21 22 23 24
 25 26 27 28 29 30 31 32 33 34 35 36 37 38]
C_final_list= [1.974874547193707e-05, 1.585979871014133e-05, 1.2610140289985086e-05, 9.987115325735375e-06, 7.89581799100592e-06, 6.232371589056287e-06, 4.922365207171601e-06, 3.8902134509448025e-06, 3.0725014684801923e-06, 2.426377904077059e-06, 1.9135121362524742e-06, 1.5081573788087352e-06, 1.1872150127625794e-06, 9.343952128838055e-07, 7.355632320251495e-07, 5.785414576069508e-07, 4.5469121872804713e-07, 3.570956249111181e-07, 2.800120711265122e-07, 2.200303921946048e-07, 1.7314332976423546e-07, 1.3621581327738163e-07, 1.071092065006595e-07, 8.412826517380053e-08, 6.612591957946701e-08, 5.19637545353145e-08, 4.086831896297538e-08, 3.2085335559279063e-08, 2.5158391080063852e-08, 1.9749498795786055e-08, 1.5517675470631456e-08, 1.2227907762931247e-08, 9.672117229514782e-09, 7.64598635749792e-09, 6.02984544464153e-09, 4.753555212513112e-09, 3.738644785995361e-09, 2.9554979152625793e-09]
W_list: [8.45]
L_list: [4.308191720131496]
