R_list= [ 1  2  3  4  5  6  7  8  9 10 11 12 13 14 15 16 17 18 19 20 21 22 23 24
 25 26 27 28 29 30 31 32 33 34 35 36 37 38]
C_final_list= [9.707986216384e-07, 8.55087546616685e-07, 7.535088412672484e-07, 6.612076605192965e-07, 5.805390563886362e-07, 5.105610006018101e-07, 4.4934240134548833e-07, 3.9561902023327937e-07, 3.482077655650923e-07, 3.0579755573119e-07, 2.6862120137142855e-07, 2.3538579126098292e-07, 2.0596576897934342e-07, 1.7992245914143813e-07, 1.5705817750962326e-07, 1.373230221731301e-07, 1.1999235380213516e-07, 1.047406495245955e-07, 9.124962268076647e-08, 7.953631508462914e-08, 6.926396346386038e-08, 6.028154220124192e-08, 5.249079574196393e-08, 4.5632560124723015e-08, 3.96726642034202e-08, 3.44960412017736e-08, 3.0045864676970476e-08, 2.619774928545967e-08, 2.2795676278296586e-08, 1.983466702362808e-08, 1.7223109424267775e-08, 1.4981127406414645e-08, 1.3039649620322931e-08, 1.1366442132047708e-08, 9.903240401915404e-09, 8.616452540861135e-09, 7.50564636379483e-09, 6.544878997650495e-09]
W_list: [6]
L_list: [7.6861563721691]
