C_list:
1.7360929213793497e-06 0.034831320447551196
ndim2: 500
W_list: [1.4]
L_list: [28.70979300098009]
