C_final_list: [1.3820080962615697e-06, 1.2390338567400384e-06, 1.1044516434957851e-06, 9.86511437128535e-07, 8.821973760818634e-07, 7.901780368775547e-07, 7.077909016958515e-07, 6.331473553279065e-07, 5.637827437382939e-07, 5.013244505837713e-07, 4.4581594282801044e-07, 3.968423176787264e-07, 3.531917431799961e-07, 3.140332702436987e-07, 2.800833373278684e-07, 2.4974314490103673e-07, 2.2251034437827128e-07, 1.984287180234375e-07, 1.7708410556212477e-07, 1.577993357313732e-07, 1.4014092258482947e-07, 1.2442749359265876e-07, 1.103125661000033e-07, 9.772527627227095e-08, 8.63721154510597e-08, 7.629780862744305e-08, 6.757143246313872e-08, 5.966011620897918e-08, 5.262103938454198e-08, 4.6463310849262315e-08, 4.09345895057331e-08, 3.615634331886227e-08, 3.192830855490602e-08, 2.8157550529271623e-08, 2.4917092196732597e-08]
ndim2: 500
W_list: [2.6]
L_list: [8.766919869250044]
