C_final_list: [1.987619600130323e-06, 1.744715584061726e-06, 1.5224531897867375e-06, 1.3289154665260003e-06, 1.1612407273549123e-06, 1.0155269974463491e-06, 8.890347537896951e-07, 7.765615919921853e-07, 6.796203400356454e-07, 5.917462189813505e-07, 5.142639864800958e-07, 4.4653634123088095e-07, 3.8842599596468945e-07, 3.365813453401474e-07, 2.9284465651707536e-07, 2.545806254801206e-07, 2.2261624395797133e-07, 1.9447210556798602e-07, 1.6972218875446012e-07, 1.4806093714614463e-07, 1.2914744773123332e-07, 1.1265104036777513e-07, 9.830112955657446e-08, 8.601454601842072e-08, 7.520071753672055e-08, 6.560854192647735e-08, 5.7075993015508553e-08, 4.9710028051003456e-08, 4.3348165187695985e-08, 3.782607588799246e-08, 3.31804250381903e-08, 2.8904626686765254e-08, 2.5208217996404593e-08, 2.187983340393388e-08, 1.9104832222969645e-08, 1.6616052442576523e-08, 1.4452037408376305e-08, 1.2626199551826066e-08, 1.0953299196357738e-08, 9.409758132221478e-09, 8.118415879578579e-09, 6.995617081569434e-09, 6.052096429277181e-09, 5.221494731070753e-09, 4.529996737811737e-09, 3.891978508453796e-09, 3.335813607904763e-09, 2.8739283369081257e-09, 2.4667699216170163e-09, 2.104146623212157e-09]
ndim2: 500
W_list: [3.05]
L_list: [7.357252098798017]
