R_list= [ 1  2  3  4  5  6  7  8  9 10 11 12 13 14 15 16 17 18 19 20 21 22 23 24
 25 26 27 28 29 30 31 32 33 34 35 36 37 38]
C_final_list= [1.3120918535399465e-06, 1.2497101157141153e-06, 1.1929721512052995e-06, 1.1377482366197846e-06, 1.085074497817634e-06, 1.034790317453548e-06, 9.863095184479712e-07, 9.401607822148752e-07, 8.959446769301736e-07, 8.534270620694985e-07, 8.129611837359131e-07, 7.741481781651731e-07, 7.37026921094944e-07, 7.013237757955663e-07, 6.672306616231055e-07, 6.349062624452186e-07, 6.0411898995198e-07, 5.745872114724775e-07, 5.466635874956504e-07, 5.200933713713734e-07, 4.949420935771716e-07, 4.708642612780163e-07, 4.480492461400335e-07, 4.2640208423128695e-07, 4.060014907135695e-07, 3.865067867494832e-07, 3.6793267494608334e-07, 3.5026177532272145e-07, 3.334592192503039e-07, 3.1769973575633196e-07, 3.02725539436657e-07, 2.8841186672483703e-07, 2.7481124580008067e-07, 2.619166532587669e-07, 2.4956931070541943e-07, 2.3778213751447172e-07, 2.2654095088273707e-07, 2.157218625790668e-07]
W_list: [5]
L_list: [20.464060622423357]
