R_list= [ 1  2  3  4  5  6  7  8  9 10 11 12 13 14 15 16 17 18 19 20 21 22 23 24
 25 26 27 28 29 30 31 32 33 34 35 36 37 38]
C_final_list= [4.4398615420101163e-07, 3.9665327886753043e-07, 3.5170007800234874e-07, 3.1034729176926255e-07, 2.734286424596859e-07, 2.410015638029754e-07, 2.1241626289551419e-07, 1.8705104249176225e-07, 1.6523516600480678e-07, 1.4618003577295218e-07, 1.2915968921297316e-07, 1.1400089233789471e-07, 1.0049258198000893e-07, 8.850578127511336e-08, 7.794515819832924e-08, 6.857945933975956e-08, 6.041004629681468e-08, 5.3210048691503365e-08, 4.679104616024171e-08, 4.105669299783396e-08, 3.5961413738706806e-08, 3.149205224605019e-08, 2.760259705402877e-08, 2.4178579823800656e-08, 2.1175387949596485e-08, 1.852184496542721e-08, 1.6187230433328095e-08, 1.4129665665488667e-08, 1.2352951384787726e-08, 1.0809526315413482e-08, 9.456704387637518e-09, 8.273314954876687e-09, 7.236750802954852e-09, 6.325034383920437e-09, 5.520415926189107e-09, 4.8212787129301235e-09, 4.207486406909969e-09, 3.671263317508729e-09]
W_list: [7]
L_list: [7.9996876375836585]
