R_list= [ 1  2  3  4  5  6  7  8  9 10 11 12 13 14 15 16 17 18 19 20 21 22 23 24
 25 26 27 28 29 30 31 32 33 34 35 36 37 38]
C_final_list= [9.039920568035406e-07, 5.724661155591865e-07, 3.0977021151951487e-07, 1.525739126583208e-07, 7.106442828992147e-08, 3.202754794047161e-08, 1.4177456109565967e-08, 6.220679243101307e-09, 2.7172063009502494e-09, 1.18375392774029e-09, 5.151725624486003e-10, 2.2515975960341678e-10, 9.924379051059953e-11, 4.423867385575783e-11, 2.0020802252717426e-11, 9.170486137166896e-12, 4.2313257963505485e-12, 1.977167745178783e-12, 9.323689325383784e-13, 4.392203188341158e-13, 2.0460323781302456e-13, 9.355702025454064e-14, 4.2211216258274455e-14, 1.8909282697093377e-14, 8.451551964741292e-15, 3.795600871671318e-15, 1.724282651118398e-15, 7.920864497507328e-16, 3.669452704361959e-16, 1.6986087896058903e-16, 7.849393204343942e-17, 3.67895170020015e-17, 1.7751975941330928e-17, 8.99446830706532e-18, 4.977877106687216e-18, 3.122717451008298e-18, 2.2748915872426667e-18, 1.8892396512779113e-18]
W_list: [4]
L_list: [1.7706108462167787]
