R_list= [ 1  2  3  4  5  6  7  8  9 10 11 12 13 14 15 16 17 18 19 20 21 22 23 24
 25 26 27 28 29 30 31 32 33 34 35 36 37 38]
C_final_list= [2.0232951174700247e-06, 1.31322337985058e-06, 7.386622647136401e-07, 3.823359644860948e-07, 1.8818878324802326e-07, 8.976648063408663e-08, 4.1969659809098946e-08, 1.9417278764985154e-08, 8.905766693179883e-09, 4.04899643175269e-09, 1.8283043015052213e-09, 8.204492720220108e-10, 3.671254547839439e-10, 1.640712105901894e-10, 7.352738709026647e-11, 3.3073853329449504e-11, 1.4960126733735832e-11, 6.832315725087443e-12, 3.1504007497075044e-12, 1.4610029422191474e-12, 6.798473738375129e-13, 3.225571846654668e-13, 1.5630381286608218e-13, 7.61982533935006e-14, 3.713477836984837e-14, 1.856146371239506e-14, 9.337351892305312e-15, 4.494451552260748e-15, 2.0475658062168765e-15, 9.11655256500819e-16, 4.0301182068202565e-16, 1.7743904839052634e-16, 7.79217732772788e-17, 3.492621030642947e-17, 1.562575701683303e-17, 7.01761049139714e-18, 3.1469557431903492e-18, 1.4082941828251809e-18]
W_list: [4]
L_list: [1.861963169688974]
