C_final_list: [1.5663193338008551e-06, 1.5387138264291087e-06, 1.5114707781733274e-06, 1.4849315650124705e-06, 1.4591847755778186e-06, 1.4341751588476261e-06, 1.4094325194217035e-06, 1.385174699618933e-06, 1.3613720119485825e-06, 1.337767490180711e-06, 1.31428465999542e-06, 1.2911027690252685e-06, 1.2683357295761204e-06, 1.2459015609668584e-06, 1.2237258451810678e-06, 1.202033075796236e-06, 1.1807546748503543e-06, 1.1596106921970755e-06, 1.1389579388368801e-06, 1.1185316560161339e-06, 1.0985640481868959e-06, 1.0789030788053906e-06, 1.0596058152141852e-06, 1.040674725340331e-06, 1.0220127339032643e-06, 1.0036485978949018e-06, 9.856330698697279e-07, 9.679779905717126e-07, 9.506884627194573e-07, 9.334668331495903e-07, 9.165301524883259e-07, 8.998615880980958e-07, 8.83450818230409e-07, 8.67449482874527e-07, 8.516737846890665e-07, 8.361457001437609e-07, 8.209149397377788e-07, 8.058715930357559e-07, 7.911863349349782e-07, 7.767168694305498e-07, 7.625706702218377e-07, 7.484596063945373e-07, 7.346482463161736e-07, 7.211102470625422e-07, 7.078672514129577e-07, 6.94789402616843e-07, 6.819059017913284e-07, 6.693042589244379e-07, 6.569271427242276e-07, 6.448668887025325e-07]
ndim2: 500
W_list: [3.15]
L_list: [55.45993953945037]
