R_list= [ 1  2  3  4  5  6  7  8  9 10 11 12 13 14 15 16 17 18 19 20 21 22 23 24
 25 26 27 28 29 30 31 32 33 34 35 36 37 38]
C_final_list= [2.0348660264556842e-06, 1.988152133775803e-06, 1.9435597856633242e-06, 1.900957265510638e-06, 1.8592528185327474e-06, 1.8190908614669643e-06, 1.7793966818405572e-06, 1.7404430483807985e-06, 1.7025670378196536e-06, 1.6651423919899828e-06, 1.6288366518774123e-06, 1.5932894385583388e-06, 1.5585807905144067e-06, 1.524591669501681e-06, 1.4911664736236278e-06, 1.4587023674831204e-06, 1.4268360478423542e-06, 1.395541575082013e-06, 1.3649437430880006e-06, 1.334923793437729e-06, 1.3056459357670511e-06, 1.277283492881397e-06, 1.2494816373646916e-06, 1.2223476622364776e-06, 1.1957055376945555e-06, 1.1692849925151184e-06, 1.1433782304953573e-06, 1.1181037543287085e-06, 1.093304627702919e-06, 1.069028563384285e-06, 1.0452414558581402e-06, 1.0221317438505843e-06, 9.995175337656472e-07, 9.771379246986102e-07, 9.553711136581903e-07, 9.340704511801331e-07, 9.131112108528286e-07, 8.926822777703003e-07]
W_list: [4]
L_list: [45.10482531348915]
