C_final_list: [2.091421104964277e-06, 2.0547870808730393e-06, 2.018462906720572e-06, 1.9833751013384724e-06, 1.9493236571012275e-06, 1.9159327433683243e-06, 1.8828887686092015e-06, 1.8505946182842688e-06, 1.8189586881023221e-06, 1.7874186237770423e-06, 1.7566804785309374e-06, 1.7262916259364444e-06, 1.6961139939985333e-06, 1.666678791137833e-06, 1.6375007942841013e-06, 1.6087339283679011e-06, 1.5806324663210812e-06, 1.5528096496415526e-06, 1.5256206318368375e-06, 1.4989093541918748e-06, 1.4723588320036313e-06, 1.4462765930573623e-06, 1.4209046202307782e-06, 1.396087793135918e-06, 1.3714901555097543e-06, 1.3475201774313315e-06, 1.3240475785505811e-06, 1.3010520717338092e-06, 1.2782333209292433e-06, 1.255727182590122e-06, 1.233465742345077e-06, 1.2114423526628309e-06, 1.18975691720419e-06, 1.1686840955197154e-06, 1.1479685976408583e-06, 1.1276567118509348e-06, 1.1075882336580052e-06, 1.0879937786899821e-06, 1.068687089430862e-06, 1.0498605940264114e-06, 1.0312726683700932e-06, 1.0128433860717015e-06, 9.9496024538296e-07, 9.774308574272887e-07, 9.602026961516172e-07, 9.43148458415476e-07, 9.265050940476372e-07, 9.10167041552271e-07, 8.941535840303895e-07, 8.784619516537556e-07]
ndim2: 500
W_list: [2.2]
L_list: [56.55054754206288]
