C_final_list: [2.1277140947245406e-06, 1.8968272924660743e-06, 1.6848329437469718e-06, 1.4988589244747232e-06, 1.336655075444438e-06, 1.194162111908031e-06, 1.0647665180251758e-06, 9.512933325834496e-07, 8.495345701365379e-07, 7.590527408200066e-07, 6.759617083561897e-07, 6.010168710397404e-07, 5.354004490899187e-07, 4.7618721912800526e-07, 4.2152964529426504e-07, 3.7450756057794575e-07, 3.313420527956023e-07, 2.940070817174769e-07, 2.5955546143666754e-07, 2.291984264999282e-07, 2.0172012871073317e-07, 1.7842014643212686e-07, 1.575753951591383e-07, 1.3909490977148547e-07, 1.2301982408851163e-07, 1.0832445677034829e-07, 9.5407646065871e-08, 8.359563173308607e-08, 7.342007389824311e-08, 6.458626884694938e-08, 5.691607530037306e-08, 5.028117587673968e-08, 4.443870624192427e-08, 3.9301671887104376e-08, 3.4697986522688077e-08, 3.068436274206777e-08, 2.7222553251780485e-08, 2.4071921027449403e-08, 2.1303672677048004e-08, 1.8845281529968743e-08, 1.665270533056158e-08, 1.4711797927842979e-08, 1.2994556980392967e-08, 1.1501631500007227e-08, 1.0159979167763203e-08, 9.0106639304265e-09, 7.978528179688828e-09, 7.0397360233771894e-09, 6.192687647126348e-09, 5.4324022788371294e-09]
ndim2: 500
W_list: [2.8499999999999996]
L_list: [8.596949162954981]
