R_list= [ 1  2  3  4  5  6  7  8  9 10 11 12 13 14 15 16 17 18 19 20 21 22 23 24
 25 26 27 28 29 30 31 32 33 34 35 36 37 38]
C_final_list= [2.34319397927356e-06, 2.0605790292670007e-06, 1.7928358815814877e-06, 1.5530229122781922e-06, 1.3420761940527897e-06, 1.157682929340862e-06, 9.98384042902943e-07, 8.600879491724101e-07, 7.406451805335203e-07, 6.379401288137885e-07, 5.49178111091247e-07, 4.725053048673703e-07, 4.06603235407678e-07, 3.498108160548673e-07, 3.007990688664538e-07, 2.5830629862452534e-07, 2.219355155804885e-07, 1.9073297702744804e-07, 1.6389258912820925e-07, 1.408224326144602e-07, 1.2111893819993403e-07, 1.0433788060740655e-07, 8.985862245023945e-08, 7.726964909123813e-08, 6.631789793004614e-08, 5.683903430026769e-08, 4.875448184525691e-08, 4.1798517603805866e-08, 3.585184549265087e-08, 3.07635109770901e-08, 2.6376828320706116e-08, 2.263587545291417e-08, 1.9405592972810773e-08, 1.6637745503680272e-08, 1.4257247510909694e-08, 1.222286043346746e-08, 1.0471294855384903e-08, 8.97961092872773e-09]
W_list: [8.25]
L_list: [6.845841256422858]
