R_list= [ 1  2  3  4  5  6  7  8  9 10 11 12 13 14 15 16 17 18 19 20 21 22 23 24
 25 26 27 28 29 30 31 32 33 34 35 36 37 38]
C_final_list= [4.632558010176206e-06, 3.974641169041534e-06, 3.389512241907409e-06, 2.887682864675362e-06, 2.455975351173016e-06, 2.0928526023985677e-06, 1.7811989058563532e-06, 1.5166813609334235e-06, 1.2893472647419666e-06, 1.0966746083824744e-06, 9.326214084110034e-07, 7.917960386351393e-07, 6.717453087156714e-07, 5.687823386211394e-07, 4.813176330907979e-07, 4.077460861736305e-07, 3.451160780783689e-07, 2.920626361551374e-07, 2.4698081195801145e-07, 2.0857920690324302e-07, 1.758175644945418e-07, 1.4824301600382064e-07, 1.2509161404988065e-07, 1.0556167098681865e-07, 8.924720167332718e-08, 7.543690076729465e-08, 6.374134709233177e-08, 5.389597101280931e-08, 4.559651640519356e-08, 3.85211195448506e-08, 3.2565123728014174e-08, 2.746831531342337e-08, 2.3144748047204665e-08, 1.9502107057696413e-08, 1.645249448547721e-08, 1.388345623400388e-08, 1.1715912291415146e-08, 9.872185684358865e-09]
W_list: [7.4]
L_list: [6.210208544919636]
