C_final_list: [1.565322625302632e-06, 1.4978336916477886e-06, 1.4323001453898806e-06, 1.3688464606933944e-06, 1.308390787258434e-06, 1.2500035600523347e-06, 1.1937034546917182e-06, 1.140584543281987e-06, 1.0897566568068237e-06, 1.041592485417817e-06, 9.95019942613473e-07, 9.502353067186333e-07, 9.081307645314911e-07, 8.676027107494721e-07, 8.294021196683e-07, 7.925743507224641e-07, 7.570472423230843e-07, 7.234756642083789e-07, 6.910066603273343e-07, 6.601619431399827e-07, 6.305916846699073e-07, 6.025615773409782e-07, 5.754406290221614e-07, 5.496991939068472e-07, 5.25088624345778e-07, 5.016056230442238e-07, 4.793269386888462e-07, 4.5821127506839356e-07, 4.377880313785362e-07, 4.180803673489134e-07, 3.992322297265066e-07, 3.8125771052688485e-07, 3.6383388114520224e-07, 3.4714906492748713e-07, 3.311133010352357e-07, 3.158557466267278e-07, 3.013121784931676e-07, 2.8730366495424285e-07, 2.741402186787572e-07, 2.614776520449411e-07, 2.4949364494872357e-07, 2.3791055993739705e-07, 2.2672316579176423e-07, 2.1620400593488044e-07, 2.061162868007553e-07, 1.9641457552765247e-07, 1.8727591087706287e-07, 1.7849445540652316e-07, 1.700761259805737e-07, 1.6203817722416173e-07]
ndim2: 500
W_list: [3.4000000000000004]
L_list: [21.852330809058778]
