R_list= [ 1  2  3  4  5  6  7  8  9 10 11 12 13 14 15 16 17 18 19 20 21 22 23 24
 25 26 27 28 29 30 31 32 33 34 35 36 37 38]
C_final_list= [3.438306430743944e-05, 2.200122417959051e-05, 1.3983218209052627e-05, 8.884718507085052e-06, 5.631697405898621e-06, 3.574443567227355e-06, 2.265074397851483e-06, 1.4327365951807765e-06, 9.052820507133027e-07, 5.728719568481137e-07, 3.61477812099098e-07, 2.2755003583873239e-07, 1.4410031524284668e-07, 9.150646533959707e-08, 5.817069709149703e-08, 3.673796033717587e-08, 2.3435025544239943e-08, 1.4993525808966574e-08, 9.582345513293537e-09, 6.195326853326847e-09, 4.009362873375369e-09, 2.5712289620028904e-09, 1.6403453341221132e-09, 1.0320219599794226e-09, 6.377050700081641e-10, 3.9431528485301923e-10, 2.4539285281068263e-10, 1.5487171925594185e-10, 9.843492252469231e-11, 6.062860959823533e-11, 3.817293932294342e-11, 2.3377997551281022e-11, 1.4497414615909346e-11, 8.877326094705167e-12, 5.252809007263809e-12, 3.1222185393906885e-12, 1.8718470373120917e-12, 1.1665535813078404e-12]
W_list: [8.4]
L_list: [2.2154266347136495]
