R_list= [ 1  2  3  4  5  6  7  8  9 10 11 12 13 14 15 16 17 18 19 20 21 22 23 24
 25 26 27 28 29 30 31 32 33 34 35 36 37 38]
C_final_list= [3.70563837025896e-07, 3.149163438579539e-07, 2.680783608156587e-07, 2.267792302029877e-07, 1.913007919020144e-07, 1.6114525728044727e-07, 1.35630925298407e-07, 1.1414057797714514e-07, 9.605649790224684e-08, 8.08639089171342e-08, 6.806527785875028e-08, 5.719535033291615e-08, 4.800782239411696e-08, 4.0326775696792654e-08, 3.3764170407525635e-08, 2.8248312307620032e-08, 2.3676741813570604e-08, 1.9832750243804355e-08, 1.6578497356568863e-08, 1.3874213704410366e-08, 1.1616912083389256e-08, 9.720427463395808e-09, 8.122672601842582e-09, 6.78764960990434e-09, 5.6685107983694315e-09, 4.731803547175586e-09, 3.950887649064696e-09, 3.2836393783898886e-09, 2.7263260033386846e-09, 2.2666135732233788e-09, 1.8794320081203607e-09, 1.5541499238599998e-09, 1.287152177199566e-09, 1.0671656666210792e-09, 8.867217806887541e-10, 7.355105012883152e-10, 6.112403066732013e-10, 5.043241347201262e-10]
W_list: [7]
L_list: [5.8930695656840655]
