C_final_list: [1.1553592186201756e-06, 1.0741210782001878e-06, 9.94105475318058e-07, 9.188939168498989e-07, 8.491312957267187e-07, 7.838254343918578e-07, 7.240670699899559e-07, 6.692926653026986e-07, 6.185003749050317e-07, 5.712395540642697e-07, 5.273853288172447e-07, 4.874240210184977e-07, 4.5049307009988586e-07, 4.1616807889896863e-07, 3.842266491506604e-07, 3.550775436121898e-07, 3.282649944725754e-07, 3.031584941967034e-07, 2.799860297262694e-07, 2.5822113946065045e-07, 2.3803719025755292e-07, 2.1929785656000973e-07, 2.02036158156934e-07, 1.8612892021916545e-07, 1.7122456032281854e-07, 1.5756752046416098e-07, 1.449104130570037e-07, 1.3343790065962327e-07, 1.2279745172789242e-07, 1.1292491536475374e-07, 1.0391196517041864e-07, 9.54927091660156e-08, 8.784243391645658e-08, 8.071206352382203e-08, 7.413236474722217e-08]
ndim2: 500
W_list: [3.6]
L_list: [12.59210259294384]
