R_list= [ 1  2  3  4  5  6  7  8  9 10 11 12 13 14 15 16 17 18 19 20 21 22 23 24
 25 26 27 28 29 30 31 32 33 34 35 36 37 38]
C_final_list= [4.359772466423281e-07, 3.9081690170447686e-07, 3.473928896308063e-07, 3.07179269566378e-07, 2.714220293340652e-07, 2.3926343354877904e-07, 2.1079505412877348e-07, 1.8550767373436285e-07, 1.6320448038481578e-07, 1.4335136927515747e-07, 1.2594544059870146e-07, 1.105625300978166e-07, 9.706810586122656e-08, 8.517097308936568e-08, 7.469293894569129e-08, 6.555785499857209e-08, 5.7572081362634945e-08, 5.05320349904241e-08, 4.432047358444934e-08, 3.8832283315502357e-08, 3.3981029177974855e-08, 2.972888788412327e-08, 2.5970518945094646e-08, 2.2658884148809184e-08, 1.9756767186174154e-08, 1.7247248848672305e-08, 1.506989363753848e-08, 1.3174680006038039e-08, 1.1497100460560423e-08, 1.0039562250793304e-08, 8.768129970858087e-09, 7.669506713211927e-09, 6.712222738637819e-09, 5.8767541994120314e-09, 5.146169177902369e-09, 4.5056825973037946e-09, 3.944369862548323e-09, 3.448912538851594e-09]
W_list: [7.0]
L_list: [7.929857452844686]
