C_final_list: [1.5295976923107804e-06, 1.3610427380332058e-06, 1.209118751838231e-06, 1.0717061820754857e-06, 9.502316361054745e-07, 8.402463765714855e-07, 7.432935591317987e-07, 6.568050611957454e-07, 5.804718590810405e-07, 5.139537829521204e-07, 4.543436586669819e-07, 4.0154299816184174e-07, 3.5463148925313526e-07, 3.1261826991417415e-07, 2.7599485399585584e-07, 2.439079790128045e-07, 2.155787758664812e-07, 1.9016228134895944e-07, 1.6786214676412203e-07, 1.4812897983172118e-07, 1.3072530442428772e-07, 1.1522617120873297e-07, 1.0164686110211888e-07, 8.97357303643209e-08, 7.92533425230224e-08, 6.994984342967372e-08, 6.179242438787505e-08, 5.46491557347864e-08, 4.821431405144635e-08, 4.2540469030471934e-08, 3.753700740131776e-08, 3.323376729960448e-08, 2.935100159669497e-08, 2.5893183695592176e-08, 2.288193649190389e-08]
ndim2: 500
W_list: [3.8]
L_list: [8.176812510128947]
