R_list= [ 1  2  3  4  5  6  7  8  9 10 11 12 13 14 15 16 17 18 19 20 21 22 23 24
 25 26 27 28 29 30 31 32 33 34 35 36 37 38]
C_final_list= [1.4154477823497913e-06, 1.3437393213404748e-06, 1.2747074914446646e-06, 1.2092165879360143e-06, 1.1473319740226937e-06, 1.0881598489041904e-06, 1.032305538106714e-06, 9.795190386954953e-07, 9.292535995495395e-07, 8.810703715820489e-07, 8.352906650541447e-07, 7.915787959377821e-07, 7.49793988286682e-07, 7.100196123878354e-07, 6.719967588788959e-07, 6.359505988362846e-07, 6.019616023565198e-07, 5.697151013605818e-07, 5.39293964065168e-07, 5.103714565426712e-07, 4.831471437254964e-07, 4.5710743086610574e-07, 4.323587051932504e-07, 4.0914147410969804e-07, 3.869467218914565e-07, 3.6595300051737704e-07, 3.460812854094594e-07, 3.272321090112236e-07, 3.0934335862325917e-07, 2.923887232771082e-07, 2.7643224596448035e-07, 2.612367168449783e-07, 2.4690562112156154e-07, 2.333243050810808e-07, 2.2044689811225022e-07, 2.0819914461942513e-07, 1.9659098383137666e-07, 1.8568949710128798e-07]
W_list: [5]
L_list: [18.458167908789516]
