C_final_list: [1.912842391373204e-06, 1.864785140258539e-06, 1.817611872169209e-06, 1.771347061836773e-06, 1.7269167861560369e-06, 1.683732284862153e-06, 1.6420230454590296e-06, 1.6010223021880574e-06, 1.5604103325902336e-06, 1.5216688430989753e-06, 1.4843969129270652e-06, 1.4473604300775087e-06, 1.411058986751987e-06, 1.3758761210304802e-06, 1.341194043861817e-06, 1.3074124572323635e-06, 1.274335947137567e-06, 1.2415490593400952e-06, 1.2100656529094241e-06, 1.1798184371504803e-06, 1.1497147323287882e-06, 1.120433896282068e-06, 1.0915482961178442e-06, 1.063380904238056e-06, 1.0362680728910898e-06, 1.0096718103610811e-06, 9.840162750002205e-07, 9.589526298261683e-07, 9.344797173068366e-07, 9.100685147987739e-07, 8.862107633350725e-07, 8.627792779522391e-07, 8.398749942876487e-07, 8.172463426725389e-07, 7.955519120849753e-07, 7.741682780871821e-07, 7.532807801110814e-07, 7.330707981692482e-07, 7.131567821895593e-07, 6.936454922555779e-07, 6.749143049868002e-07, 6.564228076415538e-07, 6.381644352117424e-07, 6.204592815109705e-07, 6.034233761178096e-07, 5.8661984335364e-07, 5.704438015408972e-07, 5.547290182430633e-07, 5.393001181436167e-07, 5.242101948937754e-07]
ndim2: 500
W_list: [2.8]
L_list: [38.47330551330019]
