R_list= [ 1  2  3  4  5  6  7  8  9 10 11 12 13 14 15 16 17 18 19 20 21 22 23 24
 25 26 27 28 29 30]
C_final_list= [6.301879049931096e-07, 5.805177298227856e-07, 5.366502523587744e-07, 4.944141760809324e-07, 4.555036890668924e-07, 4.196253330419185e-07, 3.862924928676353e-07, 3.55250109177976e-07, 3.265888090055932e-07, 3.000093669093421e-07, 2.7549424613794094e-07, 2.529667736848568e-07, 2.32327657727559e-07, 2.1320354595274205e-07, 1.9574419695933316e-07, 1.797091188579006e-07, 1.6479463460496936e-07, 1.510113637949273e-07, 1.3823098410520812e-07, 1.2643196367932694e-07, 1.1564630716787182e-07, 1.0571071923244162e-07, 9.661623599148546e-08, 8.831245265490052e-08, 8.077501769312823e-08, 7.382749436492819e-08, 6.749489118345914e-08, 6.167549407110804e-08, 5.631686094817008e-08, 5.144269655277231e-08]
W_list: [6]
L_list: [11.83985457125021]
