R_list= [ 1  2  3  4  5  6  7  8  9 10 11 12 13 14 15 16 17 18 19 20 21 22 23 24
 25 26 27 28 29 30 31 32 33 34 35 36 37 38]
C_final_list= [3.772780718186769e-05, 2.5055260350899937e-05, 1.6589578825059674e-05, 1.096040519167483e-05, 7.238810468338361e-06, 4.7714702591229246e-06, 3.1463700296449585e-06, 2.0679928612619595e-06, 1.3613895540682465e-06, 8.948829468528711e-07, 5.90052103143417e-07, 3.8819915983489636e-07, 2.547453761695555e-07, 1.677470120718093e-07, 1.1083437209360966e-07, 7.281838064141235e-08, 4.8043586963455684e-08, 3.146768136116399e-08, 2.0545362809202172e-08, 1.3463046206139567e-08, 8.821451673318882e-09, 5.78085386421498e-09, 3.793403669317172e-09, 2.496091754443399e-09, 1.6445989769706463e-09, 1.0772120058457773e-09, 7.074048334522884e-10, 4.619126599779127e-10, 2.9974246967405944e-10, 1.9090712392439883e-10, 1.210453071215303e-10, 7.723666250011513e-11, 4.9968690203873645e-11, 3.2291242483883306e-11, 2.0558841015494784e-11, 1.3225568877527241e-11, 8.64764166531811e-12, 5.5603994857726705e-12]
W_list: [8.0]
L_list: [2.4235630725903157]
