R_list= [ 1  2  3  4  5  6  7  8  9 10 11 12 13 14 15 16 17 18 19 20 21 22 23 24
 25 26 27 28 29 30 31 32 33 34 35 36 37 38]
C_final_list= [1.931731892498272e-06, 1.864232718168458e-06, 1.8154664007001656e-06, 1.7654218214608591e-06, 1.7180778174755972e-06, 1.673711342540385e-06, 1.6292046306480713e-06, 1.5857011904245568e-06, 1.5442547762161806e-06, 1.5040759230776159e-06, 1.4641943745596173e-06, 1.4257782254039283e-06, 1.3888150072727557e-06, 1.3521213280658075e-06, 1.3164571779794187e-06, 1.2817409591432762e-06, 1.2479234317241858e-06, 1.2147978256870306e-06, 1.1824793626385597e-06, 1.1512546071364922e-06, 1.1208484998115704e-06, 1.0909477571823598e-06, 1.0615341762420562e-06, 1.0328813390156793e-06, 1.0048563925320446e-06, 9.775611651135488e-07, 9.512245146120122e-07, 9.256516615502422e-07, 9.005781195652422e-07, 8.763474230037444e-07, 8.527602130331896e-07, 8.296238356058861e-07, 8.069320342223433e-07, 7.847527397642344e-07, 7.635054952741663e-07, 7.428435976790487e-07, 7.226788741122399e-07, 7.029298581534638e-07]
W_list: [4]
L_list: [37.01348587401459]
