R_list= [ 1  2  3  4  5  6  7  8  9 10 11 12 13 14 15 16 17 18 19 20 21 22 23 24
 25 26 27 28 29 30 31 32 33 34 35 36 37 38]
C_final_list= [4.340254153934893e-07, 3.893732649216784e-07, 3.4700014284941116e-07, 3.081810157962693e-07, 2.7272984187692234e-07, 2.4096887945821854e-07, 2.1258999226420927e-07, 1.8738555380911965e-07, 1.6512544894049507e-07, 1.4528092136774327e-07, 1.277697693490602e-07, 1.1224993235870534e-07, 9.841638563787847e-08, 8.62098242110117e-08, 7.539789840602241e-08, 6.588402671725144e-08, 5.755939641372633e-08, 5.028562634614449e-08, 4.389814535356427e-08, 3.82499816082627e-08, 3.328893982281028e-08, 2.895963693910503e-08, 2.5175380943073104e-08, 2.1893682328773832e-08, 1.9062169968787094e-08, 1.661952075970455e-08, 1.4495606403995994e-08, 1.2653084643972953e-08, 1.105343366672599e-08, 9.661941578080516e-09, 8.445986567283163e-09, 7.3689809483633125e-09, 6.403675101926497e-09, 5.562978468590342e-09, 4.830216848860638e-09, 4.192597912224359e-09, 3.6380438178780353e-09, 3.152591080773887e-09]
W_list: [7]
L_list: [7.9827147283881805]
