C_final_list: [1.8182206752176972e-06, 1.7671884266315295e-06, 1.7170513783408362e-06, 1.6684559257164572e-06, 1.62052651083356e-06, 1.5739687005823255e-06, 1.5292332477112634e-06, 1.4856293721188799e-06, 1.4427351547697937e-06, 1.4009398046478135e-06, 1.3603881158637726e-06, 1.32116361235713e-06, 1.2832506688336018e-06, 1.24677356500726e-06, 1.2108417463942103e-06, 1.1758646411993863e-06, 1.1416382012057735e-06, 1.1086730199655305e-06, 1.0766173808463538e-06, 1.044922769578813e-06, 1.0139371075125057e-06, 9.834771089007102e-07, 9.537751299155604e-07, 9.246513077701812e-07, 8.965959432351932e-07, 8.689984646330576e-07, 8.42128296822938e-07, 8.165967514433722e-07, 7.919273359501369e-07, 7.678049713869978e-07, 7.444285011389903e-07, 7.216190775111788e-07, 6.991913764613571e-07, 6.776243229417463e-07, 6.564517226337584e-07, 6.358417738889443e-07, 6.162574477315934e-07, 5.970766111625468e-07, 5.78586670987081e-07, 5.606627513295873e-07, 5.43526011440364e-07, 5.267409068780529e-07, 5.105445046299416e-07, 4.947131954964672e-07, 4.793988896298622e-07, 4.6471811467606796e-07, 4.503135977252269e-07, 4.363946062986045e-07, 4.2280730591850514e-07, 4.0950785253186857e-07]
ndim2: 500
W_list: [2.9499999999999997]
L_list: [33.232718811584654]
