R_list= [ 1  2  3  4  5  6  7  8  9 10 11 12 13 14 15 16 17 18 19 20 21 22 23 24
 25 26 27 28 29 30 31 32 33 34 35 36 37 38]
C_final_list= [1.1944189821678072e-06, 1.0244845948547e-06, 8.944396807051271e-07, 7.860026781224959e-07, 6.892038440836607e-07, 6.045989605775775e-07, 5.311845470786075e-07, 4.6740059525818496e-07, 4.116101791642466e-07, 3.6208800874534416e-07, 3.170557521770075e-07, 2.7734977907122025e-07, 2.426004188258188e-07, 2.122739743149372e-07, 1.8552310967888186e-07, 1.6184126334870618e-07, 1.411345868894842e-07, 1.2307327205599847e-07, 1.0724648634637481e-07, 9.335771822294477e-08, 8.117622382728261e-08, 7.061137996286511e-08, 6.148117841092242e-08, 5.350622100978537e-08, 4.654127817176243e-08, 4.0470193525744744e-08, 3.515035469395897e-08, 3.053795993853553e-08, 2.6538891104228213e-08, 2.3050862922837858e-08, 2.0008015408156353e-08, 1.7362047163552267e-08, 1.50381908293218e-08, 1.3025312444690801e-08, 1.129560328753374e-08, 9.797941241688424e-09, 8.505181689231127e-09, 7.387878527389547e-09]
W_list: [5]
L_list: [7.526655185770643]
