R_list= [ 1  2  3  4  5  6  7  8  9 10 11 12 13 14 15 16 17 18 19 20 21 22 23 24
 25 26 27 28 29 30 31 32 33 34 35 36 37 38]
C_final_list= [2.2294312589379308e-05, 1.8270454691184246e-05, 1.4853712311010365e-05, 1.202716962124392e-05, 9.725553236346894e-06, 7.8538897638471e-06, 6.344089166264878e-06, 5.121905080405514e-06, 4.134001922783807e-06, 3.3322639836549472e-06, 2.6830652214482534e-06, 2.1578989483481603e-06, 1.7366443922300094e-06, 1.3967341359445526e-06, 1.122995360812176e-06, 9.034990758080593e-07, 7.270272740786016e-07, 5.851185484691372e-07, 4.7104198555342074e-07, 3.795374381692006e-07, 3.0554915405617166e-07, 2.459021749048578e-07, 1.9818262300092785e-07, 1.596213751613827e-07, 1.2862599842342462e-07, 1.0381439198824535e-07, 8.389586870621323e-08, 6.775393230345817e-08, 5.476208457744123e-08, 4.441287770569551e-08, 3.603798034696885e-08, 2.9232154876677713e-08, 2.366076062689906e-08, 1.9151269256727478e-08, 1.544074635114427e-08, 1.2390852300898175e-08, 9.928971419576875e-09, 7.95384850951692e-09]
W_list: [8.15]
L_list: [4.744369409877963]
