R_list= [ 1  2  3  4  5  6  7  8  9 10 11 12 13 14 15 16 17 18 19 20 21 22 23 24
 25 26 27 28 29 30 31 32 33 34 35 36 37 38]
C_final_list= [6.650960190000733e-07, 5.601053292483487e-07, 4.6752855899098505e-07, 3.9012730990459073e-07, 3.2542719402089965e-07, 2.709884240159598e-07, 2.250964179274151e-07, 1.8685839320421812e-07, 1.5513029276374715e-07, 1.2868497263326803e-07, 1.0669405476565819e-07, 8.83077774718955e-08, 7.287937987839185e-08, 6.017361851279718e-08, 4.9531534097921456e-08, 4.077931526416077e-08, 3.354633843272292e-08, 2.77553136331764e-08, 2.2929541177433544e-08, 1.9053481661515976e-08, 1.5869867357066567e-08, 1.3214207854400714e-08, 1.0988931446176477e-08, 9.1476968393312e-09, 7.566530198294292e-09, 6.2471548666260766e-09, 5.185481908605623e-09, 4.276149112967583e-09, 3.5194732532540696e-09, 2.9096652234443095e-09, 2.388646231327526e-09, 1.9624518464257916e-09, 1.6183855610051126e-09, 1.3299613685498245e-09, 1.0871281380839241e-09, 8.898783902924318e-10, 7.288391412514713e-10, 5.967300544873084e-10]
W_list: [6.800000000000001]
L_list: [5.465470839044397]
