C_final_list: [2.070879761824192e-06, 1.819085244587394e-06, 1.5927627430079906e-06, 1.3983171533063041e-06, 1.2307272407875791e-06, 1.082977998145749e-06, 9.527939155817149e-07, 8.398926012943702e-07, 7.398000365591354e-07, 6.525878922273819e-07, 5.73062850893771e-07, 5.019859126706958e-07, 4.4064249590989434e-07, 3.867512942104297e-07, 3.39222416089078e-07, 2.9755827988393307e-07, 2.609371366652815e-07, 2.2863877548838879e-07, 2.0020465223061726e-07, 1.7517805580309938e-07, 1.5373847137933233e-07, 1.3460245514835887e-07, 1.1805820040281194e-07, 1.032450937340025e-07, 9.017429727077605e-08, 7.889982747934807e-08, 6.890697501118222e-08, 5.993971323472732e-08, 5.213619822994149e-08, 4.537139901186043e-08, 3.968133587743276e-08, 3.458115733995244e-08, 3.01882335364454e-08, 2.6330037978635298e-08, 2.3010587923651624e-08, 2.0023166403083667e-08, 1.752034135291192e-08, 1.526201482402552e-08, 1.3362151456016141e-08, 1.1655891149234646e-08, 1.0178091158751108e-08, 8.870544152089652e-09, 7.742178853316212e-09, 6.739603207688997e-09, 5.841581974702845e-09, 5.046712125096581e-09, 4.382823856602364e-09, 3.816141439249816e-09, 3.3172482985453646e-09, 2.8608359453779734e-09]
ndim2: 500
W_list: [3.0]
L_list: [7.733989494166109]
