C_list:
1.0152791169652223e-06 0.10961755232124958
ndim2: 500
W_list: [3.4]
L_list: [9.122626612473157]
