R_list= [ 1  2  3  4  5  6  7  8  9 10 11 12 13 14 15 16 17 18 19 20 21 22 23 24
 25 26 27 28 29 30 31 32 33 34 35 36 37 38]
C_final_list= [4.0650844004313093e-07, 1.6605421960217215e-07, 5.3630542566171524e-08, 1.5387967695005364e-08, 4.159241275191536e-09, 1.0844327564902713e-09, 2.7603328159193247e-10, 7.019180769508069e-11, 1.8373843328633282e-11, 4.849081369990961e-12, 1.2561013694759435e-12, 3.154876390964768e-13, 7.793035130094319e-14, 1.9140654437845378e-14, 4.734373220643138e-15, 1.1856451772686442e-15, 2.997299082460617e-16, 7.696440560424085e-17, 1.9828977580223773e-17, 5.066940607813519e-18, 1.2533426402843178e-18, 3.062106435652551e-19, 7.531843473161514e-20, 1.9715320196931342e-20, 5.940655427945307e-21, 2.1248494425386097e-21, 9.060193328992657e-22, 4.854300722019669e-22, 2.842740727810496e-22, 1.7419647106506037e-22, 1.2559981136017786e-22, 1.0238500581426976e-22, 8.830264026498033e-23, 7.928041703284965e-23, 7.297749207190985e-23, 7.040289549086524e-23, 7.04352067016291e-23, 7.095180341632624e-23]
W_list: [6]
L_list: [1.0419994809310371]
