R_list= [ 1  2  3  4  5  6  7  8  9 10 11 12 13 14 15 16 17 18 19 20 21 22 23 24
 25 26 27 28 29 30 31 32 33 34 35 36 37 38]
C_final_list= [8.146043887329416e-07, 6.92141646179607e-07, 5.843912911951976e-07, 4.917199196520435e-07, 4.135853986949565e-07, 3.4793452777147886e-07, 2.9247398444579283e-07, 2.4514039568208274e-07, 2.0468847955540353e-07, 1.7057334646833483e-07, 1.4224378594749121e-07, 1.1870578086179177e-07, 9.900096571962304e-08, 8.263933877700491e-08, 6.910490500185128e-08, 5.779906207805008e-08, 4.836119904974737e-08, 4.0367218342791306e-08, 3.3747196660208284e-08, 2.8201399658167067e-08, 2.3474728451641282e-08, 1.9485108751194624e-08, 1.6177379365317364e-08, 1.3462347592605541e-08, 1.1278657478880072e-08, 9.428747356529186e-09, 7.892537365179867e-09, 6.614265806880071e-09, 5.536504427226335e-09, 4.6371176905974205e-09, 3.868377604078171e-09, 3.2231807834613747e-09, 2.68579838531882e-09, 2.236661208355674e-09, 1.8665525523945236e-09, 1.564959959475901e-09, 1.313927291947566e-09, 1.1002164015023625e-09]
W_list: [7.0]
L_list: [5.7463283036221435]
