R_list= [ 1  2  3  4  5  6  7  8  9 10 11 12 13 14 15 16 17 18 19 20 21 22 23 24
 25 26 27 28 29 30 31 32 33 34 35 36 37 38]
C_final_list= [3.5865229683626596e-07, 3.259832646551806e-07, 2.948813730290928e-07, 2.6589677651731237e-07, 2.389182172695812e-07, 2.143297323059974e-07, 1.9220901812277196e-07, 1.7229693584206235e-07, 1.5423294000636918e-07, 1.3812185065406453e-07, 1.2356674870811594e-07, 1.104617317782377e-07, 9.889903711796529e-08, 8.854149889790193e-08, 7.92369750653443e-08, 7.08563754377087e-08, 6.328665550024299e-08, 5.649777463316058e-08, 5.0474361657247855e-08, 4.500379000080107e-08, 4.017835734116847e-08, 3.586313450055459e-08, 3.198504622883356e-08, 2.8514657282438925e-08, 2.5429990187244524e-08, 2.265965985049386e-08, 2.014560897953176e-08, 1.7924544509815417e-08, 1.5932465140837292e-08, 1.411685814389486e-08, 1.2509450368168514e-08, 1.1076929934140566e-08, 9.805588379459763e-09, 8.686639488607482e-09, 7.699483085040184e-09, 6.8148892906006495e-09, 6.026421872304198e-09, 5.334038140778765e-09]
W_list: [7]
L_list: [9.190214409697683]
