C_final_list: [1.5409387992511454e-06, 1.5114708913817622e-06, 1.481973856382959e-06, 1.4529354901772136e-06, 1.42494220196164e-06, 1.3972626550448962e-06, 1.3703043145872062e-06, 1.3438075660508356e-06, 1.3180038789054566e-06, 1.2928807596542255e-06, 1.2680272023601118e-06, 1.2436235472420475e-06, 1.2198461099448318e-06, 1.1966802854390977e-06, 1.173901046708849e-06, 1.1518261131568198e-06, 1.130067220250158e-06, 1.10863630751229e-06, 1.0874482535881557e-06, 1.0665918637059659e-06, 1.0460736836154994e-06, 1.0259729735192698e-06, 1.0062147475717327e-06, 9.869521415009162e-07, 9.68123851041758e-07, 9.495295923848089e-07, 9.31155129261531e-07, 9.131259584889732e-07, 8.95438859201083e-07, 8.781662153928217e-07, 8.613789057405351e-07, 8.448090063690163e-07, 8.284743016275399e-07, 8.123170897846613e-07, 7.963816451123077e-07, 7.807768331929279e-07, 7.653754535512504e-07, 7.503108487489476e-07, 7.355237186002601e-07, 7.209233463229083e-07, 7.066966928724668e-07, 6.926780065531822e-07, 6.789426759323663e-07, 6.652166698471621e-07, 6.517418813898482e-07, 6.385916914817203e-07, 6.256094356152359e-07, 6.128781092851655e-07, 6.004466721371981e-07, 5.882504496076512e-07]
ndim2: 500
W_list: [3.1999999999999997]
L_list: [51.3247225867135]
