R_list= [ 1  2  3  4  5  6  7  8  9 10 11 12 13 14 15 16 17 18 19 20 21 22 23 24
 25 26 27 28 29 30 31 32 33 34 35 36 37 38]
C_final_list= [2.6007133669413874e-07, 2.143582791797946e-07, 1.740655385144504e-07, 1.4009702342740776e-07, 1.1230408014445006e-07, 9.005982380089704e-08, 7.184920303325169e-08, 5.7373543221489234e-08, 4.5767419089491334e-08, 3.6611710179835276e-08, 2.9231792287410187e-08, 2.3362274222502352e-08, 1.8627793568799604e-08, 1.4850140240997992e-08, 1.1806524401086808e-08, 9.343560744953703e-09, 7.408784859549317e-09, 5.869445361818097e-09, 4.647198601268943e-09, 3.6905233575784857e-09, 2.92995825655358e-09, 2.327625990187836e-09, 1.8424955519752422e-09, 1.4567369022415884e-09, 1.1509486892378269e-09, 9.112007207723639e-10, 7.233642141398032e-10, 5.760331817575296e-10, 4.5809811222172007e-10, 3.641464373352972e-10, 2.8910355231021284e-10, 2.2931247857651072e-10, 1.819445714122931e-10, 1.4368128378720604e-10, 1.1281011507829243e-10, 8.88078132418042e-11, 7.041148231936811e-11, 5.597461646663567e-11]
W_list: [9.2]
L_list: [4.62240615936269]
