R_list= [ 1  2  3  4  5  6  7  8  9 10 11 12 13 14 15 16 17 18 19 20 21 22 23 24
 25 26 27 28 29 30 31 32 33 34 35 36 37 38]
C_final_list= [2.680329859922523e-06, 2.389719612067012e-06, 2.1127996882243846e-06, 1.8608240764090918e-06, 1.635010436043507e-06, 1.4340413674271314e-06, 1.257658467934136e-06, 1.102295836143628e-06, 9.654425527218649e-07, 8.457229569355214e-07, 7.401637276877101e-07, 6.472807546937768e-07, 5.655746936601586e-07, 4.937773620552995e-07, 4.3091882100210436e-07, 3.759837690999258e-07, 3.2799764136682767e-07, 2.8588265711935236e-07, 2.490143003499156e-07, 2.167357985537021e-07, 1.8870431356100516e-07, 1.6434223511316176e-07, 1.4314315191098075e-07, 1.2462768224747617e-07, 1.0856897282968712e-07, 9.455200647459592e-08, 8.240499651442427e-08, 7.1830730395738e-08, 6.259980025235222e-08, 5.4527910500161714e-08, 4.74543492341284e-08, 4.133564032014527e-08, 3.600442287329948e-08, 3.136076199472888e-08, 2.7322947268154573e-08, 2.377479931340387e-08, 2.0690534733234084e-08, 1.800000271797187e-08]
W_list: [8.0]
L_list: [7.658590734074428]
