R_list= [ 1  2  3  4  5  6  7  8  9 10 11 12 13 14 15 16 17 18 19 20 21 22 23 24
 25 26 27 28 29 30 31 32 33 34 35 36 37 38]
C_final_list= [2.1434660587583675e-06, 2.062781202180458e-06, 1.9911584982615287e-06, 1.921850913859161e-06, 1.8571005757942821e-06, 1.7927410390960153e-06, 1.7320525364571008e-06, 1.673809886303603e-06, 1.6171798612361363e-06, 1.5618436618851546e-06, 1.5087922298830409e-06, 1.4567615094339443e-06, 1.4065602875649994e-06, 1.3581500317159225e-06, 1.311305004720201e-06, 1.2659367490101574e-06, 1.2224135809812437e-06, 1.1800845216137637e-06, 1.1390283935094327e-06, 1.0994459725538352e-06, 1.0615989811966844e-06, 1.025372938316011e-06, 9.89949595533492e-07, 9.557089121123792e-07, 9.226990016617985e-07, 8.910135772712128e-07, 8.602734745130237e-07, 8.306516591479945e-07, 8.02190864974469e-07, 7.74656238060583e-07, 7.481005948368464e-07, 7.220065039931552e-07, 6.970089160035027e-07, 6.724682047382003e-07, 6.487853230739506e-07, 6.258012901498094e-07, 6.037706796544007e-07, 5.824623096442684e-07]
W_list: [4]
L_list: [28.5509706543727]
