R_list= [ 1  2  3  4  5  6  7  8  9 10 11 12 13 14 15 16 17 18 19 20 21 22 23 24
 25 26 27 28 29 30 31 32 33 34 35 36 37 38]
C_final_list= [1.9502984343954918e-06, 1.8605204367350186e-06, 1.7981521040982523e-06, 1.7332082010008102e-06, 1.6707791215780883e-06, 1.6136372902686327e-06, 1.5591079960961495e-06, 1.5058306369597123e-06, 1.4539076308976157e-06, 1.4041326477426454e-06, 1.3562468042193193e-06, 1.3102262838485327e-06, 1.2658322520215755e-06, 1.222734364107743e-06, 1.1812520446216067e-06, 1.141506346995403e-06, 1.10254949895042e-06, 1.065211389927027e-06, 1.0287634168049075e-06, 9.930625466893287e-07, 9.585132491993705e-07, 9.249115324694885e-07, 8.925758902724794e-07, 8.611846961414127e-07, 8.305544338994102e-07, 8.008712536142009e-07, 7.723785552156352e-07, 7.449231334838824e-07, 7.18103705359437e-07, 6.922197811606928e-07, 6.672166119143576e-07, 6.430914761975901e-07, 6.197102150107187e-07, 5.973308871977251e-07, 5.759187558735757e-07, 5.550172266902581e-07, 5.347612360466097e-07, 5.154743679298925e-07]
W_list: [4]
L_list: [28.2832182501982]
