C_final_list: [2.0199937401672127e-06, 1.7918837248069615e-06, 1.5833433086970697e-06, 1.3980235607792308e-06, 1.2359740729093802e-06, 1.092115782646428e-06, 9.647450303771604e-07, 8.542748719853488e-07, 7.55185962968416e-07, 6.687271767127047e-07, 5.904764971993886e-07, 5.216632689020653e-07, 4.6008177093407447e-07, 4.057329284812601e-07, 3.574510416401391e-07, 3.1507366429820095e-07, 2.7735233724480283e-07, 2.441864845244292e-07, 2.1450407223468453e-07, 1.885003565620068e-07, 1.6504430871699837e-07, 1.4407428234707584e-07, 1.2580375628898797e-07, 1.1004420142541981e-07, 9.645383241490043e-08, 8.431956534469331e-08, 7.412957443518628e-08, 6.5062974229941e-08, 5.710953267886675e-08, 5.012746373830562e-08, 4.403404656613377e-08, 3.8594743630864974e-08, 3.389186618339635e-08, 2.969427098378471e-08, 2.5964963936073447e-08]
ndim2: 500
W_list: [2.8]
L_list: [8.052203520942498]
