R_list= [ 1  2  3  4  5  6  7  8  9 10 11 12 13 14 15 16 17 18 19 20 21 22 23 24
 25 26 27 28 29 30 31 32 33 34 35 36 37 38]
C_final_list= [2.142767635773414e-06, 1.8694992772987914e-06, 1.613335905842058e-06, 1.385472397001599e-06, 1.1866811445919577e-06, 1.015131142369467e-06, 8.677549374653673e-07, 7.413235508137476e-07, 6.326716394618746e-07, 5.401915277985363e-07, 4.6066086905566645e-07, 3.923379817323802e-07, 3.3381118233944056e-07, 2.8366770908959586e-07, 2.406806995557684e-07, 2.040881400497274e-07, 1.7318140393517258e-07, 1.4701722470470488e-07, 1.248232846327382e-07, 1.0606391395875657e-07, 9.010713279822797e-08, 7.653913631814274e-08, 6.503263299542665e-08, 5.529452822708184e-08, 4.703644232514993e-08, 3.9983692740186104e-08, 3.399560315072388e-08, 2.8875536038240693e-08, 2.4485920328012165e-08, 2.0767796451066196e-08, 1.7631478014199407e-08, 1.4966718531579353e-08, 1.2695483266223116e-08, 1.0756915055501234e-08, 9.125006405370453e-09, 7.742208036117974e-09, 6.555625674394551e-09, 5.553562884408481e-09]
W_list: [8.4]
L_list: [6.458707442851521]
