R_list= [ 1  2  3  4  5  6  7  8  9 10 11 12 13 14 15 16 17 18 19 20 21 22 23 24
 25 26 27 28 29 30 31 32 33 34 35 36 37 38]
C_final_list= [9.125566574398754e-07, 5.299044317509673e-07, 3.0458935741049133e-07, 1.7568120951168446e-07, 1.0201363834879857e-07, 5.8528062522460556e-08, 3.320919321347573e-08, 1.8703479045537023e-08, 1.0570958502810388e-08, 5.949105916578134e-09, 3.4337195648156773e-09, 1.9948865201721455e-09, 1.14501400965377e-09, 6.423068926757214e-10, 3.647954863310427e-10, 2.0463953771637526e-10, 1.136992112279906e-10, 6.480854044190941e-11, 3.719358375262252e-11, 2.012109756063658e-11, 1.0994910584799122e-11, 6.305413189810827e-12, 3.483283969773972e-12, 1.8953407056456893e-12, 1.0125083025019254e-12, 5.132954227591065e-13, 2.499553641323373e-13, 1.2733113338627647e-13, 6.702157581341778e-14, 3.4932396973844963e-14, 1.7919214441474987e-14, 9.006673455324851e-15, 4.720367425446432e-15, 2.4116806415893974e-15, 1.2785988337061268e-15, 7.717592423983984e-16, 4.829604515649582e-16, 3.0367491495173603e-16]
W_list: [9.200000000000001]
L_list: [1.8236736427373086]
