C_final_list: [1.8712243162101017e-06, 1.7397063722018739e-06, 1.6162931266778616e-06, 1.5011384117949694e-06, 1.393785203130333e-06, 1.2923103220072128e-06, 1.198751602789738e-06, 1.1101136439734878e-06, 1.0270858645812955e-06, 9.511632881914704e-07, 8.806044101101676e-07, 8.143365272344855e-07, 7.536988861377936e-07, 6.963689612669045e-07, 6.430841759606631e-07, 5.941437764213801e-07, 5.492121582160244e-07, 5.079258825600256e-07, 4.6961576369442114e-07, 4.341850570888507e-07, 4.0129031442930816e-07, 3.7053874731722463e-07, 3.421827660271305e-07, 3.159850889845075e-07, 2.915317096316281e-07, 2.692279928882468e-07, 2.481649046971537e-07, 2.2901577874291495e-07, 2.1131116454257415e-07, 1.9471936092266044e-07, 1.7959857218534119e-07, 1.656716662072561e-07, 1.5283353744179403e-07, 1.4095602936347934e-07, 1.2985211495881706e-07, 1.1951687497488467e-07, 1.1030003536414734e-07, 1.0173938066635331e-07, 9.373808112092553e-08, 8.645328909909432e-08, 7.973047877112148e-08, 7.352295478459657e-08, 6.773954880072535e-08, 6.234290570712821e-08, 5.7375054709953555e-08, 5.282743690554694e-08, 4.8715191121326565e-08, 4.5006252662552e-08, 4.150811819493118e-08, 3.8263711257931004e-08]
ndim2: 500
W_list: [3.25]
L_list: [12.915758651550684]
