R_list= [ 1  2  3  4  5  6  7  8  9 10 11 12 13 14 15 16 17 18 19 20 21 22 23 24
 25 26 27 28 29 30 31 32 33 34 35 36 37 38]
C_final_list= [2.868932254867035e-05, 2.134745400347388e-05, 1.572886184640945e-05, 1.1555541209937665e-05, 8.482586319983217e-06, 6.22245688997541e-06, 4.554447146723778e-06, 3.334369607290406e-06, 2.4413709770914072e-06, 1.7887819913059495e-06, 1.3124082412701004e-06, 9.637829850191889e-07, 7.068421487621249e-07, 5.179164400267754e-07, 3.7942654732729827e-07, 2.777257370036025e-07, 2.028761594266077e-07, 1.4836003561391903e-07, 1.0864994121414754e-07, 7.920345945012385e-08, 5.7769528377247116e-08, 4.21167527793056e-08, 3.0853492733385177e-08, 2.247877049196717e-08, 1.635186423514812e-08, 1.1938086806196096e-08, 8.667647853116944e-09, 6.31529580916762e-09, 4.604998264300637e-09, 3.368767359499414e-09, 2.4554835265024575e-09, 1.7920117619363377e-09, 1.3149729802485559e-09, 9.724039758102876e-10, 7.174779563762907e-10, 5.278794912712149e-10, 3.889282268368892e-10, 2.8769600935757474e-10]
W_list: [8.4]
L_list: [3.2707271409918146]
