R_list= [ 1  2  3  4  5  6  7  8  9 10 11 12 13 14 15 16 17 18 19 20 21 22 23 24
 25 26 27 28 29 30 31 32 33 34 35 36 37 38]
C_final_list= [2.987954533520878e-07, 2.6003493632525927e-07, 2.2568868505668006e-07, 1.9500545590080586e-07, 1.6836584503933807e-07, 1.4519422672651138e-07, 1.2484481483447875e-07, 1.0724255928761175e-07, 9.20351809635999e-08, 7.88053194656202e-08, 6.733366498299763e-08, 5.7549260738261593e-08, 4.9092303856368436e-08, 4.190413647839443e-08, 3.5745148388169995e-08, 3.045957621372214e-08, 2.5977761685071797e-08, 2.21157229391487e-08, 1.883633221811517e-08, 1.604789917362222e-08, 1.368479897423493e-08, 1.1663573929998632e-08, 9.925297373132666e-09, 8.436828379546462e-09, 7.175980358744307e-09, 6.121493590972789e-09, 5.208490389906113e-09, 4.4370368094044054e-09, 3.776420837386456e-09, 3.210443546521184e-09, 2.7275575117661835e-09, 2.3148591324398185e-09, 1.9676617699173577e-09, 1.6714901071591469e-09, 1.4175588028087861e-09, 1.202978078867594e-09, 1.0210829435569008e-09, 8.681010820161818e-10]
W_list: [7]
L_list: [6.664883451091528]
