R_list= [ 1  2  3  4  5  6  7  8  9 10 11 12 13 14 15 16 17 18 19 20 21 22 23 24
 25 26 27 28 29 30 31 32 33 34 35 36 37 38]
C_final_list= [6.131314373258171e-06, 5.219099439805586e-06, 4.397261889707011e-06, 3.6855028178134494e-06, 3.0804047707219405e-06, 2.570519663961782e-06, 2.1434796743346365e-06, 1.784933235724777e-06, 1.4847790564051736e-06, 1.2347953085762566e-06, 1.02676336191051e-06, 8.54238841614929e-07, 7.111114304447045e-07, 5.914747547583122e-07, 4.916178522815566e-07, 4.0881064479823345e-07, 3.4009954249166066e-07, 2.8300755850791174e-07, 2.355496878006903e-07, 1.9573132724490276e-07, 1.6249913389118137e-07, 1.3476912684935362e-07, 1.1194765183163586e-07, 9.298367983726254e-08, 7.72954075775301e-08, 6.423978599586659e-08, 5.333274582017699e-08, 4.431292514366998e-08, 3.678665419290394e-08, 3.0526080227323186e-08, 2.5342693905899496e-08, 2.1008145419498197e-08, 1.7411958800843794e-08, 1.4445953131275107e-08, 1.1980392039784442e-08, 9.940517953350438e-09, 8.241126427437715e-09, 6.8236445720054945e-09]
W_list: [8.3]
L_list: [5.611253708941576]
