C_final_list: [2.1249026082481035e-06, 2.06879771017632e-06, 2.0346060626716105e-06, 1.9937964192765305e-06, 1.9528736454810046e-06, 1.9140200399312917e-06, 1.8761447161588493e-06, 1.8389807056586375e-06, 1.8024473516398722e-06, 1.7664753373932642e-06, 1.7310105459047308e-06, 1.6961312819626375e-06, 1.661817296248749e-06, 1.6287237715194376e-06, 1.5961275631914468e-06, 1.5641475731574519e-06, 1.5328394771979217e-06, 1.5018780288562928e-06, 1.4715300459698337e-06, 1.4412675612774052e-06, 1.4117268520733998e-06, 1.3830451181625858e-06, 1.354664266400137e-06, 1.3268693693203975e-06, 1.2999525955574882e-06, 1.2733244180485865e-06, 1.2472007664957588e-06, 1.2217387729044634e-06, 1.1963452609388326e-06, 1.1712975119326801e-06, 1.1469088532082162e-06, 1.122909582651036e-06, 1.09947650444577e-06, 1.0765688481089679e-06, 1.0542912806189248e-06]
ndim2: 500
W_list: [1.0]
L_list: [48.93544028331097]
