R_list= [ 1  2  3  4  5  6  7  8  9 10 11 12 13 14 15 16 17 18 19 20 21 22 23 24
 25 26 27 28 29 30 31 32 33 34 35 36 37 38]
C_final_list= [8.017356069681996e-07, 7.023833330884435e-07, 6.201335332837946e-07, 5.471297680653023e-07, 4.82107630706264e-07, 4.2481438376697237e-07, 3.7468027750922463e-07, 3.308733261678049e-07, 2.9204872131309196e-07, 2.5776911750228713e-07, 2.273141883690576e-07, 2.0011813008751946e-07, 1.7602899975163445e-07, 1.5468177499909202e-07, 1.361785614369316e-07, 1.1999980781759279e-07, 1.0547624049660024e-07, 9.266313612357887e-08, 8.133336647769653e-08, 7.139112627739294e-08, 6.264513066992708e-08, 5.4895324423585904e-08, 4.8064875417768406e-08, 4.215191685674952e-08, 3.687732678921858e-08, 3.2276467422690296e-08, 2.820654462348185e-08, 2.463181665647881e-08, 2.1533166171869025e-08, 1.8832380071872355e-08, 1.649330875633735e-08, 1.442007042916151e-08, 1.2600966184130115e-08, 1.1023845046344217e-08, 9.60677744507542e-09, 8.38135029307753e-09, 7.313394251322714e-09, 6.391168987919861e-09]
W_list: [6]
L_list: [7.895683919755037]
