C_final_list: [1.7876304021936364e-06, 1.731104561053584e-06, 1.6759706696688847e-06, 1.623312297368267e-06, 1.5719618577310726e-06, 1.5219605486271106e-06, 1.473792727615781e-06, 1.427827208706855e-06, 1.3833852189637856e-06, 1.3401963888919182e-06, 1.2986473198341447e-06, 1.2583791996563029e-06, 1.2197836902576287e-06, 1.1819179270620585e-06, 1.1447736828103366e-06, 1.1087706719791045e-06, 1.0742214399153374e-06, 1.0408976135208518e-06, 1.0084718801818023e-06, 9.768123653977565e-07, 9.459980410759399e-07, 9.159837113998422e-07, 8.872205775372762e-07, 8.588952508821185e-07, 8.314648886944162e-07, 8.046081988038356e-07, 7.788803135425939e-07, 7.541609209258112e-07, 7.298934877119828e-07, 7.063783459041863e-07, 6.83497817760329e-07, 6.612358915931675e-07, 6.396703371650291e-07, 6.185712832837524e-07, 5.98112269103513e-07, 5.782157605573119e-07, 5.590757237806697e-07, 5.404530415455801e-07, 5.223626685053604e-07, 5.049039725873589e-07, 4.880836635059127e-07, 4.7163868105982036e-07, 4.5565644716992346e-07, 4.401692419616418e-07, 4.252409925067825e-07, 4.108366208845889e-07, 3.967838383862331e-07, 3.8338391433770573e-07, 3.703485068986194e-07, 3.5783821867661577e-07]
ndim2: 500
W_list: [3.05]
L_list: [30.965163537968376]
