R_list= [ 1  2  3  4  5  6  7  8  9 10 11 12 13 14 15 16 17 18 19 20 21 22 23 24
 25 26 27 28 29 30 31 32 33 34 35 36 37 38]
C_final_list= [1.5758714255395939e-06, 1.434222538408813e-06, 1.3151539781438817e-06, 1.2038947930099116e-06, 1.1030292571026915e-06, 1.0097241740701003e-06, 9.252363373759682e-07, 8.462748771165178e-07, 7.747881331064683e-07, 7.090796108870838e-07, 6.489905260339483e-07, 5.93025853439578e-07, 5.417370458434797e-07, 4.947650487733545e-07, 4.5221323667625616e-07, 4.1271962078735334e-07, 3.7629153880154856e-07, 3.4275138893460236e-07, 3.122640671962175e-07, 2.843795930095035e-07, 2.5903104109320843e-07, 2.3588759928468772e-07, 2.147314482310051e-07, 1.9546841129799339e-07, 1.780394041237449e-07, 1.6221967178484527e-07, 1.4764877155475165e-07, 1.344692606046194e-07, 1.2231510119902528e-07, 1.1127539458233245e-07, 1.0119728278001602e-07, 9.203422774755877e-08, 8.376104452687675e-08, 7.622366751587972e-08, 6.930956505930066e-08, 6.2828554385488e-08, 5.697336179777296e-08, 5.164758372781656e-08]
W_list: [5]
L_list: [11.124316872996486]
