C_final_list: [1.5942180618539175e-06, 1.5268191780130537e-06, 1.4614601744259213e-06, 1.398474065503132e-06, 1.3376202401359592e-06, 1.2785476962982426e-06, 1.2224543154585033e-06, 1.1688775768754745e-06, 1.1180094973993188e-06, 1.0694180349777611e-06, 1.0231390913146922e-06, 9.787970284374615e-07, 9.360133241235489e-07, 8.951620682159726e-07, 8.558923652065023e-07, 8.181874022469789e-07, 7.819850290220442e-07, 7.474432637123394e-07, 7.144794156062827e-07, 6.828520664357131e-07, 6.527271922280096e-07, 6.239877766756219e-07, 5.961978560168534e-07, 5.699924007322814e-07, 5.445882049686341e-07, 5.203771486429189e-07, 4.96989421758266e-07, 4.7458266385751803e-07, 4.529290944968776e-07, 4.324030335658113e-07, 4.125014581293635e-07, 3.9359341217178014e-07, 3.754822858632971e-07, 3.5816396224381663e-07, 3.4140321814921057e-07, 3.253110012243948e-07, 3.101660913342827e-07, 2.9583771970559053e-07, 2.8193246101362587e-07, 2.6864613851933647e-07, 2.5603764961388655e-07, 2.4385706663976913e-07, 2.323144307539385e-07, 2.2129616751873817e-07, 2.1082617320493825e-07, 2.0092658013060694e-07, 1.9132310463121385e-07, 1.823642155427386e-07, 1.7375546501245308e-07, 1.6547486639699752e-07]
ndim2: 500
W_list: [3.4000000000000004]
L_list: [22.063524812883035]
