C_final_list: [7.263415563238424e-07, 6.873213264474881e-07, 6.476740605603893e-07, 6.097388063061298e-07, 5.74187763814422e-07, 5.395839262646034e-07, 5.070603400168357e-07, 4.7651182085855054e-07, 4.4735282019039766e-07, 4.2014405068865063e-07, 3.947380189955656e-07, 3.706799609797147e-07, 3.479516055554403e-07, 3.266079685966028e-07, 3.0653969220068665e-07, 2.877473174849469e-07, 2.700172644527117e-07, 2.5323800076012314e-07, 2.3740265026878412e-07, 2.22555695177815e-07, 2.0865483654841913e-07, 1.9551097388007471e-07, 1.831945327876003e-07, 1.715961273689929e-07, 1.607360851882081e-07, 1.5057385958687938e-07, 1.409076809952986e-07, 1.3180447643229667e-07, 1.2320612004182748e-07, 1.1517709388351309e-07, 1.0774980313905872e-07, 1.0074589784203567e-07, 9.415000191427758e-08, 8.796055665997984e-08, 8.219824258669683e-08, 7.676541524320509e-08, 7.170302281236982e-08, 6.693322631189012e-08, 6.247837727986997e-08, 5.836447133397867e-08, 5.4525192753148406e-08, 5.090191517643812e-08, 4.7523707811890985e-08, 4.433469271269138e-08, 4.136413932442336e-08, 3.858483027135438e-08, 3.6002690748434966e-08, 3.3619090849401305e-08, 3.138610650890653e-08, 2.92987614169649e-08]
ndim2: 500
W_list: [4.2]
L_list: [15.760302006421147]
