R_list= [ 1  2  3  4  5  6  7  8  9 10 11 12 13 14 15 16 17 18 19 20 21 22 23 24
 25 26 27 28 29 30 31 32 33 34 35 36 37 38]
C_final_list= [5.156873048113033e-07, 4.609426663008278e-07, 4.0899436338419065e-07, 3.614265495650247e-07, 3.1870087385463793e-07, 2.80613078557777e-07, 2.4721125636857676e-07, 2.1764905303437045e-07, 1.9117838257684466e-07, 1.6771169121937524e-07, 1.4716281378703778e-07, 1.2917319296284932e-07, 1.1321264799787055e-07, 9.924815228371374e-08, 8.693469648866142e-08, 7.600910878980209e-08, 6.641987565298402e-08, 5.798729741513506e-08, 5.0621301268785564e-08, 4.415447140376065e-08, 3.8491291077479964e-08, 3.3485775184028486e-08, 2.9141923564297756e-08, 2.535548650158588e-08, 2.2065845057881448e-08, 1.9182064846473508e-08, 1.669246136766359e-08, 1.4543175343365171e-08, 1.2689803256137812e-08, 1.106237338460241e-08, 9.637930447923398e-09, 8.381099784593994e-09, 7.287842299261301e-09, 6.330248982830252e-09, 5.5073957065478316e-09, 4.797362596422207e-09, 4.174278209248474e-09, 3.6263352086748704e-09]
W_list: [7.6]
L_list: [7.842987902164153]
