C_final_list: [2.3099654097136707e-06, 2.2308820123978307e-06, 2.153066079570989e-06, 2.078673088613931e-06, 2.006127418738191e-06, 1.935788744742709e-06, 1.8676965431318921e-06, 1.8015121909371854e-06, 1.7370287209745178e-06, 1.6756480735256798e-06, 1.61588463202818e-06, 1.5582979009519884e-06, 1.5023171547026862e-06, 1.4480886626784913e-06, 1.395431055836152e-06, 1.3450237460351716e-06, 1.2961715450268488e-06, 1.2493966936064765e-06, 1.203815128036147e-06, 1.1601073065014974e-06, 1.1176762692008892e-06, 1.0768762708233943e-06, 1.0378816645240561e-06, 1.0003236060488366e-06, 9.642303483041098e-07, 9.295748796009111e-07, 8.957689060394529e-07, 8.630933408905831e-07, 8.316474239541137e-07, 8.01948837916171e-07, 7.731933494504032e-07, 7.450142373050238e-07, 7.179325091866771e-07, 6.916135131588238e-07, 6.663941387099786e-07, 6.415148852540991e-07, 6.175499258635353e-07, 5.945794287950142e-07, 5.72316266256108e-07, 5.507572873664584e-07, 5.299326028030556e-07, 5.095337335186422e-07, 4.899615099750519e-07, 4.7147207154377987e-07, 4.5365011055865456e-07, 4.364945275876353e-07, 4.2001129855486805e-07, 4.038790061988071e-07, 3.883988202154572e-07, 3.73602219660608e-07]
ndim2: 500
W_list: [2.0]
L_list: [27.193853844107398]
