R_list= [ 1  2  3  4  5  6  7  8  9 10 11 12 13 14 15 16 17 18 19 20 21 22 23 24
 25 26 27 28 29 30 31 32 33 34 35 36 37 38]
C_final_list= [1.0017720089877687e-06, 8.601167449536774e-07, 7.449041963503643e-07, 6.432623530390454e-07, 5.541114895062416e-07, 4.774373671770378e-07, 4.113591741839128e-07, 3.5400702240741155e-07, 3.0397357271023085e-07, 2.602797668126068e-07, 2.2293738830500556e-07, 1.9082343112495582e-07, 1.632140505948898e-07, 1.3980134312381517e-07, 1.2002581313655243e-07, 1.0304809792508264e-07, 8.816586761561824e-08, 7.530738711640173e-08, 6.400062003868876e-08, 5.4572546940629535e-08, 4.64818076429139e-08, 3.96457106525341e-08, 3.377018143169711e-08, 2.8719133000394678e-08, 2.442475469690306e-08, 2.0721950996369236e-08, 1.7614911348421604e-08, 1.49804450043556e-08, 1.2723139831174393e-08, 1.0836294769416861e-08, 9.249136947974276e-09, 7.87896566454449e-09, 6.7278247832812094e-09, 5.7598899048482566e-09, 4.913663117004606e-09, 4.1976124426458344e-09, 3.5754596993358756e-09, 3.0502333356285656e-09]
W_list: [6]
L_list: [6.639841196560756]
