C_final_list: [1.6540015308095788e-06, 1.629819398557408e-06, 1.6106864157754649e-06, 1.5890733370648382e-06, 1.5685102314288003e-06, 1.5487875663653091e-06, 1.5290994353044366e-06, 1.5102505992407124e-06, 1.4916303060271528e-06, 1.4731050330079635e-06, 1.454733657889231e-06, 1.4366921848160262e-06, 1.418884003232413e-06, 1.4012258758685205e-06, 1.383617263863468e-06, 1.3661419828709512e-06, 1.3489165890135517e-06, 1.332140369173223e-06, 1.31535358948294e-06, 1.2988239657464242e-06, 1.2825013091571377e-06, 1.2661770173459132e-06, 1.2499907929158033e-06, 1.2340976035390552e-06, 1.2183197308104105e-06, 1.2028909271004674e-06, 1.1876711273800656e-06, 1.172676709054707e-06, 1.157732076665632e-06, 1.1429020817851357e-06, 1.128129828974179e-06, 1.1135396321778684e-06, 1.0994266557732998e-06, 1.0855046125548775e-06, 1.0717301395565265e-06]
ndim2: 500
W_list: [1.4]
L_list: [78.81183502878842]
