C_final_list: [5.188313765613661e-07, 4.816757200286074e-07, 4.4541198716639313e-07, 4.1032849742286415e-07, 3.773859007136107e-07, 3.4635188912563547e-07, 3.173371612581521e-07, 2.906962991144401e-07, 2.659790982044652e-07, 2.4327948942843746e-07, 2.226047423053511e-07, 2.0349119065572696e-07, 1.859618731864453e-07, 1.699189364538804e-07, 1.5519535554358906e-07, 1.4167811647614091e-07, 1.2924440447086498e-07, 1.1798481361338875e-07, 1.0775974463494289e-07, 9.842686743132251e-08, 8.989664968980852e-08, 8.20945229905227e-08, 7.496013675562481e-08, 6.850063731483972e-08, 6.264913638594876e-08, 5.7282485086345297e-08, 5.235154534782626e-08, 4.781611560420906e-08, 4.367428976183423e-08, 3.9878318431775214e-08, 3.6393969381138676e-08, 3.320340228691329e-08, 3.023960235828096e-08, 2.7502643994839763e-08, 2.4998544724709112e-08]
ndim2: 500
W_list: [4.2]
L_list: [11.420536126078837]
