R_list= [ 1  2  3  4  5  6  7  8  9 10 11 12 13 14 15 16 17 18 19 20 21 22 23 24
 25 26 27 28 29 30 31 32 33 34 35 36 37 38]
C_final_list= [1.3204021612868526e-06, 1.2694618212183735e-06, 1.2198325001642987e-06, 1.1719413777241386e-06, 1.1255904486684716e-06, 1.0809443337812846e-06, 1.0380506239296311e-06, 9.967641687866852e-07, 9.56500128254634e-07, 9.175660444091521e-07, 8.800172746126566e-07, 8.441880147937365e-07, 8.093271610481321e-07, 7.755122047120862e-07, 7.433163059558994e-07, 7.124614231143527e-07, 6.832109095960708e-07, 6.549395744656995e-07, 6.27903403138299e-07, 6.019442108109706e-07, 5.770941371197539e-07, 5.531135100605601e-07, 5.301509438646231e-07, 5.079643547016092e-07, 4.867578804326688e-07, 4.6635340896043374e-07, 4.466612590456586e-07, 4.2784624475081423e-07, 4.0991232813426015e-07, 3.9280951590900227e-07, 3.762980782898817e-07, 3.6064212174986694e-07, 3.4567487009381555e-07, 3.312626392044909e-07, 3.1753787215545625e-07, 3.0438999745610075e-07, 2.917702039682291e-07, 2.797170270128609e-07]
W_list: [5]
L_list: [23.904713968523684]
