C_final_list: [1.921782367236514e-06, 1.8734998746528599e-06, 1.8251518006616689e-06, 1.778554975065951e-06, 1.7326279948237493e-06, 1.6885436616802703e-06, 1.6452927368555235e-06, 1.603281364657674e-06, 1.5624269992498771e-06, 1.5230809186710156e-06, 1.4847600549853836e-06, 1.447634832507636e-06, 1.4114571556116625e-06, 1.3756221129631524e-06, 1.3408222189461047e-06, 1.3071409907943022e-06, 1.2743463536517378e-06, 1.2419831115640564e-06, 1.211089511114503e-06, 1.180803927946936e-06, 1.150994948189019e-06, 1.1214762575124434e-06, 1.0924340037753976e-06, 1.0639850765445037e-06, 1.0363383258608308e-06, 1.0093357145775183e-06, 9.829513101175014e-07, 9.571199546980283e-07, 9.320684102756575e-07, 9.0754664593292e-07, 8.841490044526039e-07, 8.613145486919262e-07, 8.388450048192509e-07, 8.168501158673606e-07, 7.953389350005115e-07, 7.746271941312694e-07, 7.542853173937381e-07, 7.345727207608273e-07, 7.153021289870379e-07, 6.964670649728861e-07, 6.779624377202345e-07, 6.598209487549597e-07, 6.422029528220768e-07, 6.252770904411616e-07, 6.085651184774612e-07, 5.924299010548834e-07, 5.768154186574453e-07, 5.615574102342545e-07, 5.468758976052855e-07, 5.325391864275165e-07]
ndim2: 500
W_list: [2.8]
L_list: [38.458566567580256]
