C_final_list: [2.2919539553823064e-06, 2.1995481436904417e-06, 2.1087387174480783e-06, 2.022058090951399e-06, 1.939398224596778e-06, 1.8601007589587805e-06, 1.7835079417194116e-06, 1.7103315398900914e-06, 1.6408450300685371e-06, 1.5741841047489226e-06, 1.5087101708250195e-06, 1.4472981237177725e-06, 1.3881394993244044e-06, 1.3304963998629256e-06, 1.275494867121851e-06, 1.2227024772269448e-06, 1.1726603529657863e-06, 1.1237519952323934e-06, 1.0771833168977004e-06, 1.0323066060494876e-06, 9.893637942400336e-07, 9.475118301008275e-07, 9.073125392368899e-07, 8.685632226201249e-07, 8.313032998798899e-07, 7.960512818866698e-07, 7.61544997818301e-07, 7.283746069141221e-07, 6.972954395106439e-07, 6.670552916425539e-07, 6.376913461576496e-07, 6.095541558316161e-07, 5.825935679561423e-07, 5.566558564232e-07, 5.32160506747168e-07, 5.087972050987065e-07, 4.865098260407464e-07, 4.6513760082843467e-07, 4.4491355914568265e-07, 4.255826143463417e-07, 4.069263475141972e-07, 3.892330278290078e-07, 3.721921495091774e-07, 3.5557630437025054e-07, 3.394157240061191e-07, 3.2403609512359074e-07, 3.0950621126946293e-07, 2.954812938189562e-07, 2.820485581217669e-07, 2.691066937421506e-07]
ndim2: 500
W_list: [2.4]
L_list: [23.3429406672424]
