C_list:
1.6104367586640016e-06 0.019506989917497754
ndim2: 500
W_list: [1.4]
L_list: [51.26367544297548]
