R_list= [ 1  2  3  4  5  6  7  8  9 10 11 12 13 14 15 16 17 18 19 20 21 22 23 24
 25 26 27 28 29 30 31 32 33 34 35 36 37 38]
C_final_list= [8.476545168761828e-07, 5.306986355757174e-07, 2.834621806795588e-07, 1.3817006827943898e-07, 6.37693355218742e-08, 2.8445806149563158e-08, 1.246972102884581e-08, 5.4248092761492225e-09, 2.3559855475528425e-09, 1.0202984436027967e-09, 4.397175206658211e-10, 1.888392921891619e-10, 8.060677033891171e-11, 3.4242455963826615e-11, 1.4524505062051663e-11, 6.187753859475801e-12, 2.6589527206546604e-12, 1.1502393319701655e-12, 4.989786188848286e-13, 2.1791241686248043e-13, 9.546602443356413e-14, 4.231000344747454e-14, 1.9089844774906634e-14, 8.799950853688955e-15, 4.164076277491986e-15, 2.019480634653296e-15, 1.0002855178538567e-15, 5.013209552881556e-16, 2.5091383690015684e-16, 1.2335288051773264e-16, 5.937365635413925e-17, 2.8622514006979175e-17, 1.3792016976476728e-17, 6.648574375310095e-18, 3.2671364519679932e-18, 1.6432306076654573e-18, 8.435815432314975e-19, 4.3933704805992805e-19]
W_list: [4]
L_list: [1.741761926861001]
