R_list= [ 1  2  3  4  5  6  7  8  9 10 11 12 13 14 15 16 17 18 19 20 21 22 23 24
 25 26 27 28 29 30 31 32 33 34 35 36 37 38]
C_final_list= [9.218326265721329e-07, 5.645406924910412e-07, 3.439193391195984e-07, 2.104961494291627e-07, 1.274517269051696e-07, 7.640857595577819e-08, 4.558114288553101e-08, 2.707348592745712e-08, 1.5958869064005666e-08, 9.473354093151836e-09, 5.674852536963396e-09, 3.394897816682128e-09, 2.0223456697888072e-09, 1.2130950524251277e-09, 7.257709212317058e-10, 4.316860220879702e-10, 2.541214465770417e-10, 1.5196196480922294e-10, 9.081271445093629e-11, 5.601910736683528e-11, 3.342749456600086e-11, 1.962246105233369e-11, 1.1577087199661723e-11, 6.982042102449388e-12, 3.930761493658148e-12, 2.278947964566202e-12, 1.2689252139180202e-12, 7.258267871908222e-13, 4.0685741309882107e-13, 2.4640745917930843e-13, 1.5133766134162032e-13, 9.079955591608199e-14, 4.99068460451849e-14, 2.820682401644598e-14, 1.747166326553188e-14, 8.966456050896098e-15, 4.4415689450403805e-15, 2.242718873054729e-15]
W_list: [8.2]
L_list: [2.022170154125857]
