R_list= [ 1  2  3  4  5  6  7  8  9 10 11 12 13 14 15 16 17 18 19 20 21 22 23 24
 25 26 27 28 29 30 31 32 33 34 35 36 37 38]
C_final_list= [8.665600370062579e-07, 7.900067256898562e-07, 7.184873346003991e-07, 6.521918226324367e-07, 5.915471745208978e-07, 5.375803352601772e-07, 4.880186261692507e-07, 4.4236018675441904e-07, 4.005015798002783e-07, 3.6258098881844775e-07, 3.27963031584527e-07, 2.966554141957881e-07, 2.6857613841589096e-07, 2.430438705849819e-07, 2.2005270984383963e-07, 1.990812710640393e-07, 1.800372552735049e-07, 1.6287258701998152e-07, 1.4733316075306942e-07, 1.3329480907619329e-07, 1.2058905758523538e-07, 1.0920830292386088e-07, 9.87779862514846e-08, 8.928426013887204e-08, 8.068799037456372e-08, 7.29285785205075e-08, 6.599886375553966e-08, 5.966190118437242e-08, 5.380649174303481e-08, 4.852095364847739e-08, 4.373348955448629e-08, 3.940824260614056e-08, 3.545828017617399e-08, 3.195887911675194e-08, 2.87848818497168e-08, 2.590454620878604e-08, 2.3329276778136e-08, 2.1009924217916236e-08]
W_list: [6]
L_list: [10.15956389075166]
