R_list= [ 1  2  3  4  5  6  7  8  9 10 11 12 13 14 15 16 17 18 19 20 21 22 23 24
 25 26 27 28 29 30 31 32 33 34 35 36 37 38]
C_final_list= [2.276318830706195e-06, 2.136582171791591e-06, 2.033364465281954e-06, 1.9271225045496054e-06, 1.832067925289354e-06, 1.7405471879745816e-06, 1.653275166161093e-06, 1.571066967203472e-06, 1.4918983006302688e-06, 1.4165641742602921e-06, 1.3451991149513982e-06, 1.2779381057604869e-06, 1.2123952755585445e-06, 1.1503887398206413e-06, 1.091404481239452e-06, 1.035192372797352e-06, 9.814340455028227e-07, 9.304932582629474e-07, 8.825478741093763e-07, 8.362094988999549e-07, 7.929208368437695e-07, 7.516211861834726e-07, 7.125500039072607e-07, 6.755801035648335e-07, 6.403558382314524e-07, 6.071314169127981e-07, 5.759722400191554e-07, 5.461795440360419e-07, 5.177117032919349e-07, 4.904987825727736e-07, 4.6473617694742077e-07, 4.401763072841547e-07, 4.1654640879277504e-07, 3.938392411419959e-07, 3.723093421538084e-07, 3.5197469396448515e-07, 3.325826502714779e-07, 3.145002453445308e-07]
W_list: [4]
L_list: [19.008727681318053]
