R_list= [ 1  2  3  4  5  6  7  8  9 10 11 12 13 14 15 16 17 18 19 20 21 22 23 24
 25 26 27 28 29 30 31 32 33 34 35 36 37 38]
C_final_list= [5.433833316798119e-07, 4.4199717959474545e-07, 3.572667493102445e-07, 2.878413328885734e-07, 2.3222881193753856e-07, 1.8702122176450346e-07, 1.5066973962429064e-07, 1.2111100728890243e-07, 9.735360829456706e-08, 7.802918292234217e-08, 6.241156437924439e-08, 4.9888715162465766e-08, 3.994737068462453e-08, 3.186165336515419e-08, 2.535383735410535e-08, 2.0173248320217584e-08, 1.602244386493065e-08, 1.2760746469237741e-08, 1.0140945785364054e-08, 8.08132690050121e-09, 6.430131345261405e-09, 5.114588486055921e-09, 4.067459360154701e-09, 3.2411135266600155e-09, 2.5757535842120104e-09, 2.0401538832897206e-09, 1.61971326516414e-09, 1.285130539665186e-09, 1.0237640281400318e-09, 8.084542384465186e-10, 6.38917214538289e-10, 5.060421157989175e-10, 4.034804197014146e-10, 3.2243074186815095e-10, 2.5812232691150283e-10, 2.0573313342406894e-10, 1.6336861982320013e-10, 1.2989959799831095e-10]
W_list: [7.4]
L_list: [4.642170391443515]
