C_list:
1.9755019124697426e-06 0.13876014461973882
ndim2: 500
W_list: [2.4]
L_list: [7.206680295270813]
