C_final_list: [1.5280643679025533e-06, 1.2314563579612894e-06, 9.908832089202714e-07, 7.997764429522049e-07, 6.42962832468384e-07, 5.182504906411087e-07, 4.170510802487557e-07, 3.353998467044322e-07, 2.689869662568501e-07, 2.1539043677440391e-07, 1.721946177203932e-07, 1.363444785028108e-07, 1.0809894913295348e-07, 8.5850188072276e-08, 6.821231043949546e-08, 5.439707395269571e-08, 4.311550549262118e-08, 3.4288320534165173e-08, 2.7343979463830725e-08, 2.1799233558830308e-08, 1.7326963586143784e-08, 1.3790514158251552e-08, 1.0915030700964672e-08, 8.629661585583069e-09, 6.811058548049053e-09, 5.384187495422922e-09, 4.259351974689542e-09, 3.3260357406909442e-09, 2.6133676282090035e-09, 2.0548421432427283e-09, 1.628396304423208e-09, 1.2881706556526927e-09, 1.0161004187152577e-09, 7.974362122244636e-10, 6.179205793786049e-10]
ndim2: 500
W_list: [3.6]
L_list: [4.58937016577053]
