R_list= [ 1  2  3  4  5  6  7  8  9 10 11 12 13 14 15 16 17 18 19 20 21 22 23 24
 25 26 27 28 29 30 31 32 33 34 35 36 37 38]
C_final_list= [5.5164374723700736e-06, 4.831069640084428e-06, 4.215544239978112e-06, 3.671619106673381e-06, 3.19950239639206e-06, 2.783204565119642e-06, 2.420916353475196e-06, 2.1027424869584495e-06, 1.8248620331731046e-06, 1.5828318970482354e-06, 1.3728690991014204e-06, 1.1892196781935453e-06, 1.0291099599262731e-06, 8.898511667617754e-07, 7.696584747793635e-07, 6.668162736400358e-07, 5.773474674215255e-07, 5.00079614591428e-07, 4.332162773257496e-07, 3.753999340007544e-07, 3.250247610582206e-07, 2.8109891557591277e-07, 2.429192858460526e-07, 2.0986360404869066e-07, 1.812472402284141e-07, 1.565505447890628e-07, 1.3512865440980071e-07, 1.1666780773594046e-07, 1.0077672799215674e-07, 8.702996541935893e-08, 7.510726488519699e-08, 6.485070488388587e-08, 5.611221637901417e-08, 4.853528554772424e-08, 4.191963806312172e-08, 3.616968089316342e-08, 3.119623251044968e-08, 2.6934483779669724e-08]
W_list: [7.0]
L_list: [7.142069190007646]
