R_list= [ 1  2  3  4  5  6  7  8  9 10 11 12 13 14 15 16 17 18 19 20 21 22 23 24
 25 26 27 28 29 30 31 32 33 34 35 36 37 38]
C_final_list= [1.015513169108104e-06, 5.703813593030832e-07, 2.7380880742197525e-07, 1.216672318509947e-07, 5.1984059982911226e-08, 2.1721609478971706e-08, 8.960707925617917e-09, 3.6561931047690136e-09, 1.476139390144258e-09, 5.905462841558385e-10, 2.341954168017376e-10, 9.201653590229565e-11, 3.557527435244384e-11, 1.3469194469664583e-11, 5.014367300839635e-12, 1.8367933638934336e-12, 6.567688585137137e-13, 2.3130188708444505e-13, 8.079777842575918e-14, 2.842456851727806e-14, 1.010417573189228e-14, 3.593196625628909e-15, 1.269012156424092e-15, 4.401820994547958e-16, 1.5010046175552083e-16, 5.223803853455373e-17, 1.8941308720184045e-17, 7.107371211785744e-18, 2.7165593799736616e-18, 1.0649140899692372e-18, 4.265264912738916e-19, 1.7237222894273728e-19, 6.981119690662526e-20, 2.8995015908082796e-20, 1.2118302162963972e-20, 5.2409777039740044e-21, 2.2898817895281486e-21, 9.558827585262118e-22]
W_list: [5]
L_list: [1.5138069352385757]
