R_list= [ 1  2  3  4  5  6  7  8  9 10 11 12 13 14 15 16 17 18 19 20 21 22 23 24
 25 26 27 28 29 30 31 32 33 34 35 36 37 38]
C_final_list= [6.683246108205489e-07, 5.948912971821452e-07, 5.248417963920137e-07, 4.6195908061065674e-07, 4.056885562374963e-07, 3.561153641788841e-07, 3.120315236712326e-07, 2.7350367865885813e-07, 2.396517458421467e-07, 2.098722317829051e-07, 1.8352181624670286e-07, 1.603807977809436e-07, 1.399801995450749e-07, 1.2206033224508513e-07, 1.064981818048446e-07, 9.286017862346492e-08, 8.095331546914671e-08, 7.049938835680729e-08, 6.144691962680554e-08, 5.350274161326798e-08, 4.660250179062947e-08, 4.060416939647454e-08, 3.540242396039936e-08, 3.0852920159003065e-08, 2.6831007404362375e-08, 2.331416263003071e-08, 2.0229445957593235e-08, 1.752156054562275e-08, 1.517629360437727e-08, 1.3161777650471955e-08, 1.1430696658115404e-08, 9.920163464916588e-09, 8.617271026353896e-09, 7.473895030526789e-09, 6.49014152138225e-09, 5.634034099683453e-09, 4.880720070400368e-09, 4.2183795801052735e-09]
W_list: [8.0]
L_list: [7.627064979265669]
