C_final_list: [1.869153015337296e-06, 1.7470446984244079e-06, 1.627926070869516e-06, 1.5184045531751391e-06, 1.417243077698635e-06, 1.3209658793346423e-06, 1.2310480890789564e-06, 1.1481673533495331e-06, 1.0717557302480697e-06, 9.981922895436843e-07, 9.293712043777245e-07, 8.653406326874566e-07, 8.062261174163939e-07, 7.506223770599509e-07, 6.984256904851977e-07, 6.501376573499658e-07, 6.051690580777604e-07, 5.638626119992301e-07, 5.245791021504975e-07, 4.877273329884782e-07, 4.5361960687016145e-07, 4.2199326545778814e-07, 3.922797468867083e-07, 3.64982315956289e-07, 3.3990367115133217e-07, 3.169416256639687e-07, 2.9535332883720775e-07, 2.7510248300325174e-07, 2.5592499554674737e-07, 2.379418412134952e-07, 2.2101177649134529e-07, 2.0512712882271862e-07, 1.9027562529696744e-07, 1.762657440732733e-07, 1.6339087700838522e-07, 1.5157239659550295e-07, 1.404534850218501e-07, 1.3004820088044023e-07, 1.2052899147556135e-07, 1.1166450416892182e-07, 1.0349425813672933e-07, 9.594351946670433e-08, 8.885084650032516e-08, 8.229272996103742e-08, 7.622579697198604e-08, 7.066112928697216e-08, 6.551171949187981e-08, 6.062681031544284e-08, 5.613495476090919e-08, 5.197634046845735e-08]
ndim2: 500
W_list: [3.15]
L_list: [14.058904418674404]
