C_final_list: [1.9436467675303e-06, 1.6937864431202431e-06, 1.4681067803752716e-06, 1.27432248390569e-06, 1.1082220267739508e-06, 9.59650209723833e-07, 8.294223492638681e-07, 7.203141261391741e-07, 6.241945492308327e-07, 5.392148093438737e-07, 4.662550937638731e-07, 4.0330198166212836e-07, 3.4851445458713756e-07, 3.0117786063877785e-07, 2.597334995801432e-07, 2.2415959898581897e-07, 1.931505262759059e-07, 1.6656584096538488e-07, 1.4349475506928794e-07, 1.2389365011878513e-07, 1.0685092899701082e-07, 9.197339084396257e-08, 7.925176369279377e-08, 6.810827468964387e-08, 5.861456296346943e-08, 5.04471817106752e-08, 4.335097831882361e-08, 3.70675101099715e-08, 3.1795824560643934e-08, 2.7319284208630186e-08, 2.3485616625332462e-08, 2.016620666676336e-08, 1.73193334366285e-08, 1.492054209126931e-08, 1.2831545303613273e-08, 1.1032021777033884e-08, 9.456505653534088e-09, 8.107848566969795e-09, 6.942496778538193e-09, 5.9547515550048096e-09, 5.099919511712843e-09, 4.377159436494773e-09, 3.748187967645399e-09, 3.200246297095395e-09, 2.739537627798738e-09, 2.3476977118352826e-09, 2.026169979747442e-09, 1.7504516200451e-09, 1.509655819852307e-09, 1.2995250841000003e-09]
ndim2: 500
W_list: [3.1999999999999997]
L_list: [6.9700412492401345]
