C_list:
4.826617060298244e-07 0.10817892349513236
ndim2: 500
W_list: [3.8000000000000003]
L_list: [9.24394482484378]
