R_list= [ 1  2  3  4  5  6  7  8  9 10 11 12 13 14 15 16 17 18 19 20 21 22 23 24
 25 26 27 28 29 30 31 32 33 34 35 36 37 38]
C_final_list= [2.0530531839500173e-06, 1.7827992177474324e-06, 1.5323307966291558e-06, 1.309497196161328e-06, 1.1150181069935497e-06, 9.48224028102281e-07, 8.055830178262288e-07, 6.840814828458847e-07, 5.80636793495798e-07, 4.923432179430402e-07, 4.1747693218352503e-07, 3.5378255722571754e-07, 2.9971669965932603e-07, 2.5396536349023684e-07, 2.1507119490735188e-07, 1.819572609985274e-07, 1.5391113075536006e-07, 1.3017787027478704e-07, 1.0997504803251417e-07, 9.295273336259291e-08, 7.851392980049859e-08, 6.629275586047183e-08, 5.5924864296070403e-08, 4.7207930179886246e-08, 3.98355536143709e-08, 3.3610799489098265e-08, 2.8318268560079574e-08, 2.3881555807690608e-08, 2.014373077755014e-08, 1.7003158975928728e-08, 1.435523443161422e-08, 1.2127139021571403e-08, 1.0257815712235233e-08, 8.665413363656891e-09, 7.31900477308569e-09, 6.171334782635434e-09, 5.1998884909101365e-09, 4.387244060184705e-09]
W_list: [8.5]
L_list: [6.256039492776301]
