C_final_list: [2.090686224081528e-06, 2.04436341869578e-06, 1.999036661979479e-06, 1.955245064660969e-06, 1.9121420984403003e-06, 1.8696303445148226e-06, 1.8277387682640802e-06, 1.7872185525653303e-06, 1.7479797592628148e-06, 1.7095460250395476e-06, 1.6719051182968367e-06, 1.6350718577528451e-06, 1.5992868677977435e-06, 1.5643486575113972e-06, 1.5300669797290787e-06, 1.496556967547536e-06, 1.4637245232229143e-06, 1.4315429792867862e-06, 1.4001896689264346e-06, 1.3693062497911864e-06, 1.3389410547306088e-06, 1.3096633019855615e-06, 1.280524674930929e-06, 1.2520926542575002e-06, 1.224501087070813e-06, 1.1974975293330612e-06, 1.171262091711005e-06, 1.145304664460938e-06, 1.120189730789701e-06, 1.095530676532682e-06, 1.0714501471095825e-06, 1.0476802775292856e-06, 1.024415845247886e-06, 1.0015487266823113e-06, 9.78966369813987e-07, 9.57119375828732e-07, 9.355256045557416e-07, 9.144142897453805e-07, 8.937651779213271e-07, 8.734709294883195e-07, 8.535642922805065e-07, 8.340095425053766e-07, 8.1498996007194e-07, 7.961955308631449e-07, 7.778608537834048e-07, 7.598495104809087e-07, 7.425383267671093e-07, 7.253350780530499e-07, 7.085951057063304e-07, 6.920313283455114e-07]
ndim2: 500
W_list: [2.6]
L_list: [44.659554125374534]
