R_list= [ 1  2  3  4  5  6  7  8  9 10 11 12 13 14 15 16 17 18 19 20 21 22 23 24
 25 26 27 28 29 30 31 32 33 34 35 36 37 38]
C_final_list= [6.004155705651429e-07, 5.578743856080247e-07, 5.149693105063795e-07, 4.7375942520522317e-07, 4.3516095020879557e-07, 3.988550103410185e-07, 3.6587953266066695e-07, 3.352979107435481e-07, 3.0753755270576106e-07, 2.820662708490483e-07, 2.5877246374958463e-07, 2.372996132588699e-07, 2.1752337903108755e-07, 1.993442287721343e-07, 1.8262736382011557e-07, 1.6725207162360417e-07, 1.531663302091668e-07, 1.4015648806989904e-07, 1.282402588527765e-07, 1.1734466330436932e-07, 1.0724411688752009e-07, 9.798493847477421e-08, 8.948685445506822e-08, 8.17369812817456e-08, 7.46387682600318e-08, 6.814618004850864e-08, 6.215334595493332e-08, 5.663255253534442e-08, 5.159839281785165e-08, 4.702567533852252e-08, 4.283556880016707e-08, 3.901168134042925e-08, 3.554156603771523e-08, 3.2410173246851635e-08, 2.95659520067712e-08, 2.6959941507420923e-08, 2.4585662695352425e-08, 2.2416550166847862e-08]
W_list: [7.8]
L_list: [11.553496722892978]
