R_list= [ 1  2  3  4  5  6  7  8  9 10 11 12 13 14 15 16 17 18 19 20 21 22 23 24
 25 26 27 28 29 30 31 32 33 34 35 36 37 38]
C_final_list= [7.129999673533316e-07, 5.84674017764046e-07, 4.857232796168357e-07, 4.033605433682747e-07, 3.3458663882555496e-07, 2.782686505473502e-07, 2.315238828854587e-07, 1.923960848408582e-07, 1.5938891228300742e-07, 1.3134952957899965e-07, 1.0785926499443629e-07, 8.861997159351757e-08, 7.283286687531309e-08, 6.002809167202851e-08, 4.952612516104473e-08, 4.0741492935191626e-08, 3.34627512692764e-08, 2.7489442219111248e-08, 2.257217750111892e-08, 1.852179628596653e-08, 1.517523439151648e-08, 1.2400099770284159e-08, 1.013817564688413e-08, 8.292601923245943e-09, 6.7769251053465135e-09, 5.529345271153907e-09, 4.506066892808888e-09, 3.6836409694597786e-09, 3.012770567916021e-09, 2.46152510417214e-09, 2.0138127070039377e-09, 1.6513331681739204e-09, 1.3551000086517647e-09, 1.1160983287709299e-09, 9.206077837379834e-10, 7.557424394468234e-10, 6.179998214388824e-10, 5.080961662906822e-10]
W_list: [6]
L_list: [5.304243796529809]
