C_final_list: [1.3062007552310894e-06, 1.2784004193520945e-06, 1.2506568598946322e-06, 1.2222748127844032e-06, 1.1946563255813749e-06, 1.1676823882659634e-06, 1.1411388077331007e-06, 1.1152432786600187e-06, 1.0898386074772295e-06, 1.0649047058637942e-06, 1.040581774945062e-06, 1.0169140859673378e-06, 9.936721528337215e-07, 9.712999472939482e-07, 9.487985302327794e-07, 9.268659111973597e-07, 9.053985796936686e-07, 8.846143547816448e-07, 8.646723782125114e-07, 8.450705017627693e-07, 8.256032903302451e-07, 8.065470428793147e-07, 7.879682765203623e-07, 7.697570596415094e-07, 7.517590439746193e-07, 7.343714241723641e-07, 7.174028772122926e-07, 7.007495982465096e-07, 6.846752254451364e-07, 6.688003506112014e-07, 6.532610298925944e-07, 6.377457517345965e-07, 6.227924672911738e-07, 6.083639149620838e-07, 5.942806271775366e-07]
ndim2: 500
W_list: [2.0]
L_list: [43.17951331443996]
