C_final_list: [2.030342213556093e-06, 1.925871690513886e-06, 1.8260540977323523e-06, 1.7315387767660129e-06, 1.6432028837712457e-06, 1.5605201764889486e-06, 1.4804847996969504e-06, 1.405619977007599e-06, 1.3343711195189617e-06, 1.266066539667503e-06, 1.2007913004955846e-06, 1.139323184056063e-06, 1.0806424013510537e-06, 1.0254080344720647e-06, 9.726720702916361e-07, 9.221725951813629e-07, 8.743805095259515e-07, 8.287678871954234e-07, 7.854437565017878e-07, 7.436090993612465e-07, 7.046049488064754e-07, 6.67418441177286e-07, 6.320179713332314e-07, 5.980598953736539e-07, 5.663361203198766e-07, 5.357728758434337e-07, 5.059919730857556e-07, 4.778473443614779e-07, 4.511171370797594e-07, 4.260595517766451e-07, 4.0237771424067605e-07, 3.796435908548881e-07, 3.584369960954753e-07, 3.3814032645382723e-07, 3.190856155832231e-07, 3.0108685316452135e-07, 2.840636052012419e-07, 2.6783626462531545e-07, 2.5263574451165807e-07, 2.3819902539202168e-07, 2.2450213839171817e-07, 2.1155985267740405e-07, 1.9943770894295285e-07, 1.8788968561827986e-07, 1.7697044080583177e-07, 1.6673688898876587e-07, 1.5708493371529916e-07, 1.4799742854727192e-07, 1.3934815853568675e-07, 1.31145690984586e-07]
ndim2: 500
W_list: [2.8]
L_list: [18.547988492923032]
