C_final_list: [5.927498028392528e-07, 5.566741887267357e-07, 5.20519069261021e-07, 4.856941503123866e-07, 4.521383886487251e-07, 4.20747985125747e-07, 3.9190693346544785e-07, 3.646909363169316e-07, 3.395686312710467e-07, 3.1599147430601454e-07, 2.9388358227498147e-07, 2.7326596220109057e-07, 2.536705923770562e-07, 2.3569903590235605e-07, 2.1881793657436388e-07, 2.031621740799373e-07, 1.8849395261359824e-07, 1.7470334497505293e-07, 1.6185798480070526e-07, 1.4999724510871435e-07, 1.390678008548306e-07, 1.2896866524373222e-07, 1.1958978148976753e-07, 1.1080408598706177e-07, 1.0271422388432044e-07, 9.521036836182201e-08, 8.821422337249011e-08, 8.167024817096021e-08, 7.557958233578841e-08, 6.988073315319644e-08, 6.465566609313007e-08, 5.977765798207423e-08, 5.527781751035575e-08, 5.108177254297183e-08, 4.721485866181302e-08]
ndim2: 500
W_list: [3.2]
L_list: [13.727499762243674]
