R_list= [ 1  2  3  4  5  6  7  8  9 10 11 12 13 14 15 16 17 18 19 20 21 22 23 24
 25 26 27 28 29 30 31 32 33 34 35 36 37 38]
C_final_list= [1.8942197803634959e-07, 8.241563680429835e-08, 2.925118170729691e-08, 9.320270623974702e-09, 2.781880969916485e-09, 8.000566192525885e-10, 2.2331431181859457e-10, 6.156442555334727e-11, 1.6849462780546876e-11, 4.525118585678227e-12, 1.1820940424681414e-12, 3.091903150724696e-13, 8.130260923128168e-14, 2.1310987786109846e-14, 5.54655131751435e-15, 1.4472283792715303e-15, 3.8121866422090796e-16, 9.966637075966437e-17, 2.646775839482865e-17, 7.776281849915546e-18, 2.166875849417808e-18, 5.416335063483532e-19, 1.4427536104882022e-19, 4.8225691987954227e-20, 2.3061128830995256e-20, 8.239935897233297e-21, 3.0265471591701784e-21, 1.5112656256001027e-21, 7.87657558690423e-22, 3.4333324876329213e-22, 7.302276462986973e-23, 1.892444956689328e-23, 4.831079840091711e-24, 1.36754043511465e-24, 5.519877889601008e-25, 3.2370389385620896e-25, 2.59645135944173e-25, 2.471443922317691e-25]
W_list: [6]
L_list: [1.1146770190543536]
