R_list= [ 1  2  3  4  5  6  7  8  9 10 11 12 13 14 15 16 17 18 19 20 21 22 23 24
 25 26 27 28 29 30 31 32 33 34 35 36 37 38]
C_final_list= [2.266217968200589e-05, 1.8619524894444013e-05, 1.5176532360852417e-05, 1.2323749759962396e-05, 9.979927595992805e-06, 8.068918156973173e-06, 6.521650290881702e-06, 5.269112639831786e-06, 4.2580208192424886e-06, 3.441576832572322e-06, 2.785619625053193e-06, 2.2544450582673017e-06, 1.8231668254949535e-06, 1.474933620901312e-06, 1.1922842956801174e-06, 9.63869403275595e-07, 7.792810495463284e-07, 6.294486116372649e-07, 5.081734854283525e-07, 4.099417287145252e-07, 3.309468553535232e-07, 2.670296041227828e-07, 2.1515540985319143e-07, 1.7334054050916785e-07, 1.3949831261702768e-07, 1.1194746868506114e-07, 8.979644202844463e-08, 7.206512714500454e-08, 5.7851437856497836e-08, 4.6473500210484216e-08, 3.74503983029138e-08, 3.0163977392432145e-08, 2.4329753137464164e-08, 1.969592998778342e-08, 1.5946342580633342e-08, 1.2934202202216637e-08, 1.0501171353715321e-08, 8.499241085859956e-09]
W_list: [8.1]
L_list: [4.793065248203014]
