R_list= [ 1  2  3  4  5  6  7  8  9 10 11 12 13 14 15 16 17 18 19 20 21 22 23 24
 25 26 27 28 29 30 31 32 33 34 35 36 37 38]
C_final_list= [3.9937875443168224e-07, 3.6243151236608825e-07, 3.2605112545153197e-07, 2.9194869921960553e-07, 2.60637670850268e-07, 2.3261830084656885e-07, 2.0735272446102986e-07, 1.8463502604230945e-07, 1.6420456054213335e-07, 1.4590241312628006e-07, 1.29609361103904e-07, 1.1521086602165615e-07, 1.0243794572668983e-07, 9.105028473384843e-08, 8.080671759940572e-08, 7.171991914123443e-08, 6.356060156904672e-08, 5.6221339904268475e-08, 4.968109119307966e-08, 4.39084942564485e-08, 3.877261844287607e-08, 3.4260468904310216e-08, 3.028723563963127e-08, 2.6759643392880177e-08, 2.3628410964546295e-08, 2.085847708690042e-08, 1.8416917040518703e-08, 1.6266926964694376e-08, 1.4367926688750927e-08, 1.2685555989081693e-08, 1.1202144490924062e-08, 9.888953968347496e-09, 8.722046039148233e-09, 7.683364029105052e-09, 6.76854167277372e-09, 5.9623956016979556e-09, 5.2577381072477275e-09, 4.630405360364118e-09]
W_list: [8.4]
L_list: [8.685487083706127]
