R_list= [ 1  2  3  4  5  6  7  8  9 10 11 12 13 14 15 16 17 18 19 20 21 22 23 24
 25 26 27 28 29 30 31 32 33 34 35 36 37 38]
C_final_list= [4.775258932070485e-07, 4.028891625483041e-07, 3.388137899084109e-07, 2.8362605337577816e-07, 2.3714058554209232e-07, 1.9798530154589295e-07, 1.649769606011309e-07, 1.3730375383239484e-07, 1.1437016086182501e-07, 9.514219296643116e-08, 7.899019812841549e-08, 6.553591775280986e-08, 5.433787820964159e-08, 4.5188430655549144e-08, 3.751654230058996e-08, 3.1124442563111206e-08, 2.5734615110895974e-08, 2.1203111583024507e-08, 1.7539072162451356e-08, 1.4475843744172374e-08, 1.191405491591388e-08, 9.810398401797524e-09, 8.081429224033714e-09, 6.670459998240406e-09, 5.487501563837082e-09, 4.516844018141857e-09, 3.7240899570384522e-09, 3.066676313491211e-09, 2.506163082778323e-09, 2.047616521645753e-09, 1.6704531660692195e-09, 1.3625598922815108e-09, 1.113106096282527e-09, 9.124418743665288e-10, 7.484069404904299e-10, 6.120707115679046e-10, 5.012991181043852e-10, 4.1221137184621095e-10]
W_list: [7]
L_list: [5.564457878307905]
