R_list= [ 1  2  3  4  5  6  7  8  9 10 11 12 13 14 15 16 17 18 19 20 21 22 23 24
 25 26 27 28 29 30 31 32 33 34 35 36 37 38]
C_final_list= [8.468649162071274e-07, 7.699558596728324e-07, 6.949408365077469e-07, 6.24485842296748e-07, 5.60345854448546e-07, 5.028926083261967e-07, 4.51308470004641e-07, 4.0472738564967373e-07, 3.627956608232507e-07, 3.2515989753687757e-07, 2.9129562727096387e-07, 2.609887280280091e-07, 2.3370142799226648e-07, 2.0914688443331955e-07, 1.8722797579012914e-07, 1.6744568877285296e-07, 1.4968972331901824e-07, 1.3367621451359906e-07, 1.193055752339071e-07, 1.0651392071729237e-07, 9.506280947296389e-08, 8.486736007456362e-08, 7.570115748517154e-08, 6.751266464226844e-08, 6.022566575839654e-08, 5.363776448673156e-08, 4.778512473772704e-08, 4.26013019546487e-08, 3.794967827334592e-08, 3.382016076991078e-08, 3.013839815462226e-08, 2.684904314269652e-08, 2.3906082973439048e-08, 2.1264629164096553e-08, 1.8887047962090208e-08, 1.675881238499411e-08, 1.4878501085028215e-08, 1.3208444376815784e-08]
W_list: [7.6]
L_list: [9.19314942734809]
