C_final_list: [1.7363681039966753e-06, 1.4538435603158596e-06, 1.2133134042168313e-06, 1.0176924314927332e-06, 8.476950337053625e-07, 7.059866768977431e-07, 5.874525296760201e-07, 4.886955995707793e-07, 4.0775607185484305e-07, 3.3968045306327303e-07, 2.837327852019508e-07, 2.3545401673823534e-07, 1.9557281468017366e-07, 1.6258281057081708e-07, 1.347574952290795e-07, 1.1149344173121374e-07, 9.179577878195222e-08, 7.59581593472619e-08, 6.266484620945241e-08, 5.142896932648268e-08, 4.232693796141126e-08, 3.482594293706881e-08, 2.8526468320198638e-08, 2.3442263194414433e-08, 1.9333367721371642e-08, 1.5901230215949804e-08, 1.2955425088238167e-08, 1.0588603714196998e-08, 8.594824132805782e-09, 7.0146798117070135e-09, 5.7233243483021905e-09, 4.674058622245448e-09, 3.808158600432712e-09, 3.120927092810663e-09, 2.5514164828119516e-09]
ndim2: 500
W_list: [3.2]
L_list: [5.504907284045616]
