R_list= [ 1  2  3  4  5  6  7  8  9 10 11 12 13 14 15 16 17 18 19 20 21 22 23 24
 25 26 27 28 29 30]
C_final_list= [7.342438345948567e-07, 6.964939530246953e-07, 6.589763695719459e-07, 6.224345984447183e-07, 5.879627354105979e-07, 5.553295918465622e-07, 5.240458481558832e-07, 4.945116774852812e-07, 4.6639918969495646e-07, 4.398501727910704e-07, 4.1458932874201733e-07, 3.906860016107865e-07, 3.68056496825291e-07, 3.4671776772299664e-07, 3.264598712120968e-07, 3.073957660207733e-07, 2.8940113079785523e-07, 2.7229945123003005e-07, 2.5610290397201363e-07, 2.408210420271551e-07, 2.264677459600586e-07, 2.129408409172237e-07, 2.0019161939611876e-07, 1.882248726464682e-07, 1.7685260061654862e-07, 1.6624279090332802e-07, 1.562759907535408e-07, 1.4686742045702356e-07, 1.3807986551072036e-07, 1.2981570360852733e-07]
W_list: [6]
L_list: [16.91600658453181]
