C_final_list: [2.0136653060243425e-06, 1.7620803752972506e-06, 1.530871711575792e-06, 1.335650904092054e-06, 1.1708205227892352e-06, 1.0244008296618618e-06, 8.950686167111007e-07, 7.837445031247498e-07, 6.845770119133986e-07, 5.994925973252269e-07, 5.244612817223956e-07, 4.5904969500650773e-07, 4.008117671955975e-07, 3.4858054885026643e-07, 3.027526374735446e-07, 2.630536385697429e-07, 2.2820716648917412e-07, 1.9780993404986827e-07, 1.7167718051379695e-07, 1.487535054609974e-07, 1.2891021243140697e-07, 1.1178017244928385e-07, 9.702386323354266e-08, 8.418301359773715e-08, 7.260029867615239e-08, 6.25215183166629e-08, 5.400500195787286e-08, 4.6717741476066803e-08, 4.039006301396439e-08, 3.5018135533924965e-08, 3.017312515485388e-08, 2.607622821059463e-08, 2.2459147781772222e-08, 1.9378305515973436e-08, 1.6744465702742993e-08, 1.4436935776511864e-08, 1.2438613839645662e-08, 1.073248785130698e-08, 9.23085363224145e-09, 7.91503190282142e-09, 6.792402894608688e-09, 5.843871412622833e-09, 5.03020914435876e-09, 4.333889310997625e-09, 3.756802700252515e-09, 3.2525105239819542e-09, 2.804344924659291e-09, 2.412896961099777e-09, 2.0829443621346664e-09, 1.7754741039016829e-09]
ndim2: 500
W_list: [3.0999999999999996]
L_list: [7.371051610165475]
