R_list= [ 1  2  3  4  5  6  7  8  9 10 11 12 13 14 15 16 17 18 19 20 21 22 23 24
 25 26 27 28 29 30 31 32 33 34 35 36 37 38]
C_final_list= [3.3490653899859186e-05, 2.1254698921424313e-05, 1.3367719628168239e-05, 8.388443610376064e-06, 5.256239652112025e-06, 3.2888231667215795e-06, 2.063110514638675e-06, 1.2922778549671406e-06, 8.114075115499602e-07, 5.093478466594692e-07, 3.1935717299153114e-07, 2.0010451229280056e-07, 1.2582393663921948e-07, 7.926432030257127e-08, 4.9726242775250785e-08, 3.1285788616521386e-08, 1.9633271495967514e-08, 1.2242582973272015e-08, 7.609821186087521e-09, 4.6935412205624815e-09, 2.911220230978995e-09, 1.8246038050010344e-09, 1.148796901938653e-09, 7.156062688769232e-10, 4.497434808259885e-10, 2.849109095920489e-10, 1.790645754085351e-10, 1.1052860492604185e-10, 6.62010132058773e-11, 4.020976154563925e-11, 2.4885693412446173e-11, 1.5497626030388717e-11, 9.18402116169462e-12, 5.509852929446759e-12, 3.4133757535993392e-12, 2.178805115460226e-12, 1.3050170815713594e-12, 7.948423936413913e-13]
W_list: [8.5]
L_list: [2.166810566598383]
