R_list= [ 1  2  3  4  5  6  7  8  9 10 11 12 13 14 15 16 17 18 19 20 21 22 23 24
 25 26 27 28 29 30 31 32 33 34 35 36 37 38]
C_final_list= [3.054130508169028e-05, 2.3072074818784884e-05, 1.7303205859524363e-05, 1.296057866551856e-05, 9.690946727789898e-06, 7.2244804314705716e-06, 5.384976503898924e-06, 4.019775159295139e-06, 3.0004081186475822e-06, 2.236480698266849e-06, 1.6636438676474566e-06, 1.2364105227939597e-06, 9.190272420992456e-07, 6.824605065268489e-07, 5.054028997155355e-07, 3.754230874964253e-07, 2.790551591001698e-07, 2.0776293603227104e-07, 1.548239283512752e-07, 1.1540092091205725e-07, 8.603447131801139e-08, 6.422264170475371e-08, 4.802919492277276e-08, 3.591933845499447e-08, 2.683408864849546e-08, 1.9989752115509495e-08, 1.4950506367265185e-08, 1.1161302694074375e-08, 8.31925883885138e-09, 6.2323792014268064e-09, 4.679475997864774e-09, 3.533838874099867e-09, 2.6735259562809345e-09, 2.0121794728139054e-09, 1.509226621554364e-09, 1.1260023262133641e-09, 8.392793258912161e-10, 6.271939334530521e-10]
W_list: [8.2]
L_list: [3.465095959566384]
