C_final_list: [9.970760091017274e-07, 9.137503179691805e-07, 8.342710651278142e-07, 7.612498362584754e-07, 6.949927384864439e-07, 6.337566881995261e-07, 5.773164597830351e-07, 5.253772846836988e-07, 4.780373103815157e-07, 4.346709877087419e-07, 3.958695697736614e-07, 3.6006701007755675e-07, 3.2757053338578866e-07, 2.978685389268288e-07, 2.7093954528920405e-07, 2.4646133506679053e-07, 2.2396874696707694e-07, 2.031535074679405e-07, 1.8452421086320465e-07, 1.6740569569042054e-07, 1.51967759511597e-07, 1.3821639681568752e-07, 1.2557018969356564e-07, 1.1417276234527363e-07, 1.0370481593521406e-07, 9.421690675231363e-08, 8.56388338187757e-08, 7.772297721065552e-08, 7.053042169967894e-08, 6.392992719959723e-08, 5.7960510301421844e-08, 5.250085129189459e-08, 4.7570235681876194e-08, 4.3135078923284184e-08, 3.913276984560542e-08]
ndim2: 500
W_list: [3.8]
L_list: [10.663663325313403]
