R_list= [ 1  2  3  4  5  6  7  8  9 10 11 12 13 14 15 16 17 18 19 20 21 22 23 24
 25 26 27 28 29 30 31 32 33 34 35 36 37 38]
C_final_list= [2.2206805192031994e-05, 1.8199818758192934e-05, 1.4788530468924244e-05, 1.1966844301531167e-05, 9.678427228457709e-06, 7.824175984068626e-06, 6.318400124020231e-06, 5.097791506472733e-06, 4.1122549650963945e-06, 3.317136864091929e-06, 2.6720668039652277e-06, 2.151284884166157e-06, 1.7302897710264658e-06, 1.3909792339811122e-06, 1.1176019762045124e-06, 8.991644560342337e-07, 7.244490693605237e-07, 5.837630855237329e-07, 4.7073937384174724e-07, 3.795689896157202e-07, 3.0613809941996767e-07, 2.470982505967207e-07, 1.9972055950546303e-07, 1.6155917076493762e-07, 1.3057790027938093e-07, 1.0540075649988755e-07, 8.497742301770351e-08, 6.850123380014818e-08, 5.520634348587628e-08, 4.444517531543443e-08, 3.5819195510200645e-08, 2.8827553654294175e-08, 2.325707907339771e-08, 1.8736230048364708e-08, 1.5076886874303742e-08, 1.2100899873744086e-08, 9.696116151791606e-09, 7.794150746709756e-09]
W_list: [8.15]
L_list: [4.742820064539893]
