C_final_list: [2.2238443566916077e-06, 2.0296855246156835e-06, 1.8436853942696315e-06, 1.6776979271295476e-06, 1.5272475405217344e-06, 1.3941325813602527e-06, 1.2723956677954691e-06, 1.1597788572606962e-06, 1.0579746122899922e-06, 9.639393653754003e-07, 8.776180850587343e-07, 7.991210257556919e-07, 7.270464152569409e-07, 6.60925532698571e-07, 5.998818268920533e-07, 5.450198469414113e-07, 4.953135819293247e-07, 4.484659988150183e-07, 4.062263682648415e-07, 3.6706062060585056e-07, 3.3165764412316465e-07, 2.997003654914068e-07, 2.7126357957253643e-07, 2.455952001686124e-07, 2.2195656789240707e-07, 2.010392450411492e-07, 1.8216786182290454e-07, 1.6537823239050644e-07, 1.49812800668141e-07, 1.3574789168275817e-07, 1.2281578033465975e-07, 1.1131493398856675e-07, 1.0069964109022264e-07, 9.106768462313264e-08, 8.241660009873382e-08, 7.45565738607658e-08, 6.74077983452396e-08, 6.096950964608246e-08, 5.5123663031830366e-08, 4.9868537130350055e-08, 4.5117565309050676e-08, 4.068560718404628e-08, 3.6789913006025285e-08, 3.329456376367545e-08, 3.006825491587933e-08, 2.7169039218540783e-08, 2.452297082493932e-08, 2.2127745042267718e-08, 1.9934335064307932e-08, 1.7931917650854073e-08]
ndim2: 500
W_list: [2.4]
L_list: [10.562722273711675]
