C_list:
1.477602155569609e-06 0.010402318066662792
ndim2: 500
W_list: [1.4]
L_list: [96.13241910039133]
