R_list= [ 1  2  3  4  5  6  7  8  9 10 11 12 13 14 15 16 17 18 19 20 21 22 23 24
 25 26 27 28 29 30 31 32 33 34 35 36 37 38]
C_final_list= [2.828838141600618e-05, 2.098145674125915e-05, 1.5442349784756087e-05, 1.1350775087633912e-05, 8.326686237434495e-06, 6.1018010073269155e-06, 4.458619602716386e-06, 3.259469301252538e-06, 2.3830765444901654e-06, 1.7400456178928194e-06, 1.268694632204585e-06, 9.253847753243567e-07, 6.776434160957946e-07, 4.960299249166834e-07, 3.627033602483338e-07, 2.642358777380015e-07, 1.9261128681582437e-07, 1.4033339963728486e-07, 1.0184075510263655e-07, 7.417172502532667e-08, 5.402556409987334e-08, 3.928557497688792e-08, 2.8691089111447696e-08, 2.095975746686449e-08, 1.5277600703781284e-08, 1.1114697708810147e-08, 8.034297029262955e-09, 5.8035069190527325e-09, 4.194558064523541e-09, 3.0332486402045007e-09, 2.200318907383037e-09, 1.6080952442078398e-09, 1.1860577906549368e-09, 8.735698706003235e-10, 6.374187913535445e-10, 4.654720975852295e-10, 3.386665184463244e-10, 2.46390934868039e-10]
W_list: [8.45]
L_list: [3.2566577044857907]
