C_final_list: [1.3200157646725093e-06, 1.2418553894371283e-06, 1.1654704045514706e-06, 1.0929591567739755e-06, 1.0244783009217797e-06, 9.612708682086727e-07, 9.027937235055045e-07, 8.473956854337356e-07, 7.938994465166137e-07, 7.430874957123234e-07, 6.958085278267339e-07, 6.512283600441545e-07, 6.088067644929288e-07, 5.687547600559311e-07, 5.320275553036291e-07, 4.979047115439158e-07, 4.663009192676097e-07, 4.363732398729789e-07, 4.0841473328434987e-07, 3.824255963778469e-07, 3.578731768111758e-07, 3.3441180811122155e-07, 3.124117019323156e-07, 2.9192421725050055e-07, 2.724940808370935e-07, 2.543812910515879e-07, 2.3719523313032896e-07, 2.211984854187545e-07, 2.061567984163643e-07, 1.9203312448405435e-07, 1.7898369575568038e-07, 1.6684661410758622e-07, 1.5547915902184496e-07, 1.4487140618911185e-07, 1.3505529319583978e-07, 1.2584022619673377e-07, 1.1736704328831659e-07, 1.0942555825286211e-07, 1.0196729069033538e-07, 9.501281531639523e-08, 8.848496262334063e-08, 8.238186332321559e-08, 7.673884670642608e-08, 7.148121280205886e-08, 6.657706351946117e-08, 6.201631599122842e-08, 5.775052527751085e-08, 5.38149479396677e-08, 5.0135990444658724e-08, 4.674641776917607e-08]
ndim2: 500
W_list: [3.8]
L_list: [15.106992672233645]
