R_list= [ 1  2  3  4  5  6  7  8  9 10 11 12 13 14 15 16 17 18 19 20 21 22 23 24
 25 26 27 28 29 30 31 32 33 34 35 36 37 38]
C_final_list= [3.491641225059859e-05, 2.2501290318637274e-05, 1.4408273593950202e-05, 9.213449517198885e-06, 5.903937580177604e-06, 3.7851947978339144e-06, 2.4168708631352377e-06, 1.541000605039112e-06, 9.802652848720065e-07, 6.249973754082221e-07, 3.9799328453228554e-07, 2.5426362097495774e-07, 1.6192362321806013e-07, 1.034602509607798e-07, 6.605370429864192e-08, 4.191016795596588e-08, 2.6678475687330224e-08, 1.7071825474804205e-08, 1.1010373769818038e-08, 7.150657598505431e-09, 4.608793052455756e-09, 2.985113656143566e-09, 1.9250569594536324e-09, 1.2302245019906895e-09, 7.879504914983589e-10, 5.055530977273521e-10, 3.2854766317064754e-10, 2.1267435498086327e-10, 1.391270027554261e-10, 8.949906526173531e-11, 5.6746226112580345e-11, 3.574952975182126e-11, 2.309842749456947e-11, 1.5215993708081184e-11, 9.767267719958329e-12, 6.525494849769041e-12, 4.209026520647991e-12, 2.7408544649935615e-12]
W_list: [8.3]
L_list: [2.2530576511724805]
