C_final_list: [1.8328244144218234e-06, 1.779033800062688e-06, 1.7361041269933565e-06, 1.6875710142988307e-06, 1.6413504951857805e-06, 1.5961639714389783e-06, 1.5517835942450027e-06, 1.5095493890468632e-06, 1.4685295002539082e-06, 1.4285717491807588e-06, 1.3899654296123837e-06, 1.3524314196236588e-06, 1.3158083717008653e-06, 1.2800753888186543e-06, 1.245618494206451e-06, 1.2116462741556253e-06, 1.1783786392646528e-06, 1.146307926513378e-06, 1.1151421392681863e-06, 1.0845939406380102e-06, 1.0551291689806859e-06, 1.0261527089684733e-06, 9.984846750049764e-07, 9.709933699533213e-07, 9.441264347598157e-07, 9.184646176081455e-07, 8.93935318362545e-07, 8.698442550793984e-07, 8.461241473917448e-07, 8.234072845335295e-07, 8.009931452501965e-07, 7.791751877987799e-07, 7.581113813974224e-07, 7.377305984940702e-07, 7.182651975549798e-07]
ndim2: 500
W_list: [1.4]
L_list: [36.25277184144827]
