C_final_list: [2.019655438984029e-06, 1.7635306591052918e-06, 1.5379584116567806e-06, 1.3433570215753473e-06, 1.1711651739706537e-06, 1.0229762148540384e-06, 8.924308174442153e-07, 7.772737239481454e-07, 6.789549145759555e-07, 5.924330903988897e-07, 5.150227362291022e-07, 4.4884414296366624e-07, 3.909203547940596e-07, 3.408264619627584e-07, 2.9648870575990993e-07, 2.5781970304628166e-07, 2.2364822780154542e-07, 1.9423708437043332e-07, 1.6805040091123568e-07, 1.4578430297943467e-07, 1.260425217301203e-07, 1.09035652740449e-07, 9.430598197840867e-08, 8.166837578408278e-08, 7.085596941316667e-08, 6.133495948781711e-08, 5.3290339523022776e-08, 4.6366575207597096e-08, 4.023300083334256e-08, 3.488584880755138e-08, 3.0197697822742275e-08, 2.610363535602807e-08, 2.261725670942401e-08, 1.964136593707469e-08, 1.7039871890802522e-08]
ndim2: 500
W_list: [3.0]
L_list: [7.287955851524712]
