C_final_list: [1.932123175468524e-06, 1.795781675917404e-06, 1.6661413070501406e-06, 1.5466781967564011e-06, 1.4364786219522698e-06, 1.335903474248313e-06, 1.2405695848722017e-06, 1.1518064467308558e-06, 1.0690704855748138e-06, 9.91342829817141e-07, 9.181100247551353e-07, 8.504096629368311e-07, 7.873488119690775e-07, 7.289997541875771e-07, 6.758606200617999e-07, 6.260867192646435e-07, 5.791520345517784e-07, 5.356404585785573e-07, 4.957735663906878e-07, 4.588017309923877e-07, 4.245548945088969e-07, 3.9232113460419987e-07, 3.623330875027253e-07, 3.3456617298788727e-07, 3.0877843098878975e-07, 2.850893880804035e-07, 2.6327429728695695e-07, 2.4288078013185596e-07, 2.2391903886157167e-07, 2.064217348768884e-07, 1.9032845749212842e-07, 1.754145378594319e-07, 1.6169844184774452e-07, 1.4895185507399508e-07, 1.371607633940374e-07, 1.2629054293985154e-07, 1.1610453925600163e-07, 1.0670512129417126e-07, 9.79953384527395e-08, 8.999891445792779e-08, 8.273663466583632e-08, 7.597418089477928e-08, 6.980025608632553e-08, 6.416879280268357e-08, 5.900846283720192e-08, 5.429468480481358e-08, 4.991504376429663e-08, 4.5846197248006475e-08, 4.214242358365742e-08, 3.865057824593788e-08]
ndim2: 500
W_list: [3.25]
L_list: [13.095765646664905]
