C_final_list: [2.067391550910424e-06, 1.8278451536768065e-06, 1.6128666367610355e-06, 1.421291713158224e-06, 1.2537992140070965e-06, 1.1032663425480222e-06, 9.710842461913567e-07, 8.542528061223342e-07, 7.531870031463903e-07, 6.646684704475608e-07, 5.880172079852868e-07, 5.197543636079651e-07, 4.578193557567031e-07, 4.03507412669273e-07, 3.5653105836901414e-07, 3.147747077236972e-07, 2.768620300585122e-07, 2.436820839861881e-07, 2.1431765078700785e-07, 1.8854900460879976e-07, 1.6554210248022942e-07, 1.4521596577960023e-07, 1.2720937745300606e-07, 1.1146688949669294e-07, 9.787015960905421e-08, 8.547453807129977e-08, 7.465789587094114e-08, 6.508054175971808e-08, 5.673927884220557e-08, 4.955782053139252e-08, 4.31847047983969e-08, 3.758429797175742e-08, 3.262796952930417e-08, 2.8376747015568335e-08, 2.4634651408294077e-08, 2.1428478753551802e-08, 1.8645612262838088e-08, 1.6242069768602616e-08, 1.415938324408261e-08, 1.2386240518935957e-08, 1.0841029916794914e-08, 9.477196545750585e-09, 8.300703173933053e-09, 7.224143213768942e-09, 6.297196456728989e-09, 5.474071187201328e-09, 4.7798811257999955e-09, 4.19087558631099e-09, 3.6735346643889417e-09, 3.202266297305237e-09]
ndim2: 500
W_list: [2.9499999999999997]
L_list: [7.920564312925041]
