R_list= [ 1  2  3  4  5  6  7  8  9 10 11 12 13 14 15 16 17 18 19 20 21 22 23 24
 25 26 27 28 29 30 31 32 33 34 35 36 37 38]
C_final_list= [1.421309623365221e-07, 1.2205709345454235e-07, 1.0344438062206221e-07, 8.681751600894419e-08, 7.24375056395011e-08, 6.025936525636139e-08, 5.00824413848977e-08, 4.1600275595042214e-08, 3.4529651053170386e-08, 2.861551767268507e-08, 2.3709127090952993e-08, 1.9593143448580455e-08, 1.6190255083382e-08, 1.3353602576866285e-08, 1.0990615113505386e-08, 9.054415494101042e-09, 7.45886084110924e-09, 6.1441264850670996e-09, 5.04740077304596e-09, 4.1469315990417795e-09, 3.405000842370918e-09, 2.7945538784909644e-09, 2.298398490945156e-09, 1.891760446801312e-09, 1.555431078879892e-09, 1.2797581646356593e-09, 1.0525539319997532e-09, 8.671985821715224e-10, 7.130135506915708e-10, 5.852059229187302e-10, 4.798763526596281e-10, 3.933465835929912e-10, 3.224691416673832e-10, 2.646919827195092e-10, 2.1806133644548744e-10, 1.7944648389326333e-10, 1.472210778385564e-10, 1.2059905771980295e-10]
W_list: [9.0]
L_list: [5.5927997919584875]
