R_list= [ 1  2  3  4  5  6  7  8  9 10 11 12 13 14 15 16 17 18 19 20 21 22 23 24
 25 26 27 28 29 30 31 32 33 34 35 36 37 38]
C_final_list= [1.0196607270729457e-06, 5.759773516703216e-07, 2.790064800475831e-07, 1.2463817549741058e-07, 5.322532693670076e-08, 2.219927939246575e-08, 9.122648637696969e-09, 3.702291856187349e-09, 1.4789216893692007e-09, 5.852421701439788e-10, 2.3045489940833006e-10, 8.978820439701029e-11, 3.476449953791385e-11, 1.348830073245267e-11, 5.304446971511389e-12, 2.0515019700570944e-12, 7.652104233033524e-13, 2.812780567614244e-13, 1.024590982003111e-13, 3.714061108876553e-14, 1.3143085744504547e-14, 4.541192847285428e-15, 1.557447099271553e-15, 5.377023793002726e-16, 1.847527407989511e-16, 6.273156094825116e-17, 2.1020617295187002e-17, 6.811491139849846e-18, 2.2418160924786737e-18, 7.522594314588534e-19, 2.5677863027470794e-19, 8.756219178971362e-20, 2.974324339381108e-20, 9.934249212618473e-21, 3.2805026536755377e-21, 1.094900494329187e-21, 3.70338509142875e-22, 1.281131306630779e-22]
W_list: [5]
L_list: [1.5261998379733905]
