R_list= [ 1  2  3  4  5  6  7  8  9 10 11 12 13 14 15 16 17 18 19 20 21 22 23 24
 25 26 27 28 29 30 31 32 33 34 35 36 37 38]
C_final_list= [2.270647054238845e-06, 1.9929117584492706e-06, 1.7318403506870339e-06, 1.5015036712082657e-06, 1.297224694744287e-06, 1.1190786968667119e-06, 9.646626371980005e-07, 8.314730958422957e-07, 7.164976676132176e-07, 6.171592176960881e-07, 5.311775602620673e-07, 4.564822870444224e-07, 3.9190572504012773e-07, 3.36559066537919e-07, 2.8899516504894076e-07, 2.481808062801279e-07, 2.1330214279822736e-07, 1.8317219115741697e-07, 1.5720221607719665e-07, 1.3484359007042463e-07, 1.1558090773284662e-07, 9.902239893974766e-08, 8.478390352074781e-08, 7.256340664936324e-08, 6.211080768769728e-08, 5.32330352552542e-08, 4.5555221194594233e-08, 3.89403684995418e-08, 3.325283014413122e-08, 2.8418405361786953e-08, 2.4332820550393836e-08, 2.0832468198340366e-08, 1.7833954782055728e-08, 1.526510553236946e-08, 1.3053919651219306e-08, 1.1155876616550568e-08, 9.540182538119947e-09, 8.157953191106739e-09]
W_list: [8.3]
L_list: [6.827184046192132]
