R_list= [ 1  2  3  4  5  6  7  8  9 10 11 12 13 14 15 16 17 18 19 20 21 22 23 24
 25 26 27 28 29 30 31 32 33 34 35 36 37 38]
C_final_list= [1.3666962334065478e-06, 1.1587915430354053e-06, 9.70443864945487e-07, 8.230152916949402e-07, 7.047437606729155e-07, 6.053293649382859e-07, 5.198922167310914e-07, 4.460881806378915e-07, 3.8302311320608895e-07, 3.29041952675066e-07, 2.823370340633353e-07, 2.420213738480615e-07, 2.0726720034511302e-07, 1.7746627403492745e-07, 1.5184985078833932e-07, 1.2963737899662527e-07, 1.104378578927654e-07, 9.392481082383081e-08, 7.988961646535337e-08, 6.80605228789045e-08, 5.806173177977275e-08, 4.9543750589787046e-08, 4.2283548933026443e-08, 3.6036949864732985e-08, 3.063824606712846e-08, 2.598491296884771e-08, 2.2009222076206396e-08, 1.8610253034683862e-08, 1.570975303434952e-08, 1.325972073094249e-08, 1.1202260128301305e-08, 9.473083148475712e-09, 8.011892974375346e-09, 6.770536433734829e-09, 5.71652162014558e-09, 4.832887643530006e-09, 4.093695463186246e-09, 3.4661823396442435e-09]
W_list: [4]
L_list: [6.310314397592541]
