R_list= [ 1  2  3  4  5  6  7  8  9 10 11 12 13 14 15 16 17 18 19 20 21 22 23 24
 25 26 27 28 29 30 31 32 33 34 35 36 37 38]
C_final_list= [5.994182915595313e-07, 3.1564446713636827e-07, 1.4810405958033223e-07, 6.693679652555898e-08, 2.977060212734387e-08, 1.3051689246293433e-08, 5.597910763999347e-09, 2.364517021411677e-09, 9.831196759495652e-10, 4.0755708315477505e-10, 1.6950352872341582e-10, 7.178092515751308e-11, 3.0587995927252316e-11, 1.3156768876236922e-11, 5.845134744830445e-12, 2.801093556446383e-12, 1.3994493072899955e-12, 6.788061403822447e-13, 3.179733704193961e-13, 1.5627745201611745e-13, 8.587788283329948e-14, 5.6040072263790694e-14, 3.810061562090621e-14, 2.4260509294210968e-14, 1.8250207371935704e-14, 1.0790415896491584e-14, 5.242175762643756e-15, 2.5752515878610043e-15, 1.214476701983171e-15, 7.0156672316957e-16, 5.13810592330365e-16, 2.1408238123141938e-16, 7.374821809458367e-17, 6.121303765820667e-17, 7.227887336937962e-17, 9.944032762059627e-17, 6.847096155774984e-17, 5.108671478301416e-17]
W_list: [6]
L_list: [1.4361547500852188]
