C_final_list: [2.0061645221455577e-06, 1.885668064708244e-06, 1.769320049417246e-06, 1.6589605669473814e-06, 1.555904053760079e-06, 1.4593845592491068e-06, 1.366986734854915e-06, 1.278881992971684e-06, 1.1973197699905652e-06, 1.1211094356004064e-06, 1.050997080275912e-06, 9.85149313323026e-07, 9.229641174040728e-07, 8.644581843975994e-07, 8.087639092487342e-07, 7.55944767566077e-07, 7.075141211291626e-07, 6.616435753874844e-07, 6.185907211777038e-07, 5.787263195406162e-07, 5.411797345111212e-07, 5.066003439994875e-07, 4.739149511618197e-07, 4.4301292240041445e-07, 4.137908990377217e-07, 3.864269652052629e-07, 3.6084685434875414e-07, 3.373181970074524e-07, 3.150213257997288e-07, 2.9450844960015047e-07, 2.7511087659500246e-07, 2.568219358825437e-07, 2.3976998723735323e-07, 2.2379929491300277e-07, 2.0884164888263287e-07, 1.9482290538354745e-07, 1.817818105249909e-07, 1.6954612526777814e-07, 1.581268709896875e-07, 1.475150374442307e-07, 1.3782651564907316e-07, 1.2869062537510337e-07, 1.201014960905505e-07, 1.1224548844047002e-07, 1.0482505470059506e-07, 9.78210682869976e-08, 9.134500533897461e-08, 8.529662379969607e-08, 7.956550722840398e-08, 7.43466296369938e-08]
ndim2: 500
W_list: [3.05]
L_list: [15.140197755312757]
