C_final_list: [1.209286045660094e-06, 1.1748974967144767e-06, 1.1402317362465332e-06, 1.10595410454629e-06, 1.0725839602237759e-06, 1.0397378743151288e-06, 1.0080108007420374e-06, 9.772148996120369e-07, 9.473869186573022e-07, 9.183267653787972e-07, 8.901817256749737e-07, 8.627758351338286e-07, 8.360512063758869e-07, 8.099448902811495e-07, 7.843660008186743e-07, 7.595212458055572e-07, 7.35535736450119e-07, 7.123762862558358e-07, 6.899531453543509e-07, 6.682556333199521e-07, 6.471369819483455e-07, 6.269621536514934e-07, 6.072516745082353e-07, 5.881487886752287e-07, 5.69471297552206e-07, 5.515463061018636e-07, 5.341477591660784e-07, 5.172997338460215e-07, 5.010527413299616e-07, 4.85305357407215e-07, 4.699946012865237e-07, 4.551780247968752e-07, 4.4101006974726156e-07, 4.272870736007056e-07, 4.139673802108448e-07, 4.0100948737369263e-07, 3.8837384291452865e-07, 3.7602642141610816e-07, 3.6402420941536004e-07, 3.5230167443152595e-07, 3.409349838415488e-07, 3.297928094937675e-07, 3.1908324417034863e-07, 3.08650925106491e-07, 2.985766626198971e-07, 2.888668435084241e-07, 2.79382852628843e-07, 2.701685013585104e-07, 2.611874246573705e-07, 2.52471005226794e-07]
ndim2: 500
W_list: [3.6]
L_list: [31.50006292399622]
