C_final_list: [2.106438808305957e-06, 1.8883176250255428e-06, 1.6849805728888707e-06, 1.5096765379923612e-06, 1.3490819852720783e-06, 1.2069223495725342e-06, 1.081855730415437e-06, 9.663871507270234e-07, 8.644562368129913e-07, 7.722176989578917e-07, 6.913039012028088e-07, 6.173948819459528e-07, 5.493044879984597e-07, 4.895738096283108e-07, 4.358295841527008e-07, 3.8798735912751565e-07, 3.449582765089099e-07, 3.064546848390578e-07, 2.717366900498981e-07, 2.4105013940041977e-07, 2.1405526419990846e-07, 1.904481950095608e-07, 1.692780643821391e-07, 1.503988108321329e-07, 1.33330830740798e-07, 1.1806759041341098e-07, 1.0437887227417329e-07, 9.220860439800978e-08, 8.158378211005276e-08, 7.229199301656864e-08, 6.395123715431874e-08, 5.652067594701239e-08, 4.992997617502298e-08, 4.4102898355847225e-08, 3.900927080364832e-08, 3.440196212164355e-08, 3.029153825780771e-08, 2.6686414346124828e-08, 2.348389320304326e-08, 2.0680899242814762e-08, 1.8213708781826984e-08, 1.6053154922405606e-08, 1.4181289582694187e-08, 1.2523783657347086e-08, 1.102447553592202e-08, 9.697971874471083e-09, 8.509690695615341e-09, 7.484319634772895e-09, 6.600053760028969e-09, 5.79025861790323e-09]
ndim2: 500
W_list: [2.8]
L_list: [8.83391691261584]
