R_list= [ 1  2  3  4  5  6  7  8  9 10 11 12 13 14 15 16 17 18 19 20 21 22 23 24
 25 26 27 28 29 30 31 32 33 34 35 36 37 38]
C_final_list= [1.3721142745222378e-07, 7.867937181595323e-08, 3.885581355100622e-08, 1.7790982353861875e-08, 7.85467602077457e-09, 3.403337313308279e-09, 1.4571722200703869e-09, 6.178717101284772e-10, 2.603809953506223e-10, 1.099975548747548e-10, 4.7022404101180844e-11, 2.0276266767338748e-11, 8.8969283628025e-12, 3.9357748071582944e-12, 1.738721281815026e-12, 7.687364780050333e-13, 3.5246910660194985e-13, 1.807602825995252e-13, 1.157766957567376e-13, 8.515754149805902e-14, 5.012162863367739e-14, 2.1772874392352134e-14, 8.069182755910729e-15, 2.677720650943869e-15, 8.21596923640511e-16, 2.5772410814458148e-16, 8.571037506832842e-17, 3.527471877538328e-17, 1.7193715810039684e-17, 8.216071550385105e-18, 3.4632077601359604e-18, 1.145593917618943e-18, 3.0136088431623696e-19, 7.513578376606225e-20, 1.9753707702930934e-20, 5.882516019977595e-21, 1.9693342877115636e-21, 6.929902359721668e-22]
W_list: [5]
L_list: [1.5626679983271035]
