R_list= [ 1  2  3  4  5  6  7  8  9 10 11 12 13 14 15 16 17 18 19 20 21 22 23 24
 25 26 27 28 29 30 31 32 33 34 35 36 37 38]
C_final_list= [3.9622113405069923e-07, 2.969684055255779e-07, 2.1998176637084496e-07, 1.6217820304808702e-07, 1.1956385978985122e-07, 8.806687784111292e-08, 6.501184382196584e-08, 4.7707351284419814e-08, 3.497074007006051e-08, 2.556514223981003e-08, 1.8671788815706703e-08, 1.3580777000846367e-08, 9.866884915906676e-09, 7.139962031191943e-09, 5.169119687246593e-09, 3.78211501963469e-09, 2.7580283874217305e-09, 2.016386541206039e-09, 1.470634671881956e-09, 1.0756170565968286e-09, 7.80266404932419e-10, 5.62635736111449e-10, 4.051542608582617e-10, 2.9100810041329885e-10, 2.0925449966787643e-10, 1.5073753445703319e-10, 1.0796851290638566e-10, 7.728518574027859e-11, 5.591981083936779e-11, 4.1409068913420396e-11, 3.0728568160074584e-11, 2.271869909842048e-11, 1.6430816269722615e-11, 1.18958202349832e-11, 8.484867054089656e-12, 6.063617965959256e-12, 4.294521320193262e-12, 3.027848429844714e-12]
W_list: [9.0]
L_list: [3.321267754437742]
