C_final_list: [1.9108288442141884e-06, 1.7918137819698303e-06, 1.6757330441550063e-06, 1.567571723324672e-06, 1.4672709209499562e-06, 1.3737865460942244e-06, 1.2863234832199935e-06, 1.2039137135006156e-06, 1.126270458571328e-06, 1.0538732199747684e-06, 9.86869872981688e-07, 9.236163975205782e-07, 8.652572001305204e-07, 8.100023910472728e-07, 7.580664622559495e-07, 7.097837236910271e-07, 6.642693388067606e-07, 6.218108649224549e-07, 5.813509053185119e-07, 5.439636097593957e-07, 5.082046328709288e-07, 4.7480000129852034e-07, 4.432851214838887e-07, 4.1431909839932233e-07, 3.872574112128848e-07, 3.62123935333003e-07, 3.3856849988812485e-07, 3.164160549330394e-07, 2.9564138743260463e-07, 2.763468946847919e-07, 2.5792731555862335e-07, 2.40902470253004e-07, 2.2463775679241546e-07, 2.0948000674556016e-07, 1.9524859953403972e-07, 1.8219356205030335e-07, 1.6981703394460106e-07, 1.5827882829006807e-07, 1.4739598799879768e-07, 1.371805641333904e-07, 1.2780623443631837e-07, 1.190574464888285e-07, 1.109429694136761e-07, 1.0344543814824518e-07, 9.651389322775931e-08, 8.996752646233142e-08, 8.375308642457236e-08, 7.805364675915078e-08, 7.26907519741867e-08, 6.779187651520828e-08]
ndim2: 500
W_list: [3.05]
L_list: [14.9993763403083]
