R_list= [ 1  2  3  4  5  6  7  8  9 10 11 12 13 14 15 16 17 18 19 20 21 22 23 24
 25 26 27 28 29 30 31 32 33 34 35 36 37 38]
C_final_list= [3.8227287486048573e-07, 3.5654315147864274e-07, 3.3043368930036986e-07, 3.0538634036770094e-07, 2.817080453592544e-07, 2.597145827234428e-07, 2.392757439139552e-07, 2.2039769176831164e-07, 2.0279966297956473e-07, 1.865530667650383e-07, 1.7143569437609947e-07, 1.575964107170982e-07, 1.4469990266198445e-07, 1.3286883537135397e-07, 1.2190993342836995e-07, 1.118167489718986e-07, 1.0251289227786465e-07, 9.39960814506459e-08, 8.620495535749095e-08, 7.909011480040366e-08, 7.253267014326767e-08, 6.656947667051655e-08, 6.106600979853275e-08, 5.603156783403069e-08, 5.141261428343179e-08, 4.7163860709136407e-08, 4.322986634019045e-08, 3.9623864567939126e-08, 3.633709991767774e-08, 3.332226865532921e-08, 3.053737874407247e-08, 2.7976342913731506e-08, 2.5632848157775182e-08, 2.3451169905312047e-08, 2.1442742448106402e-08, 1.9584528357497248e-08, 1.788749359044336e-08, 1.6338580960632278e-08]
W_list: [6.800000000000001]
L_list: [12.012982246605505]
