R_list= [ 1  2  3  4  5  6  7  8  9 10 11 12 13 14 15 16 17 18 19 20 21 22 23 24
 25 26 27 28 29 30 31 32 33 34 35 36 37 38]
C_final_list= [7.854324061369148e-07, 5.270128669508246e-07, 3.572964694616037e-07, 2.4900031817206157e-07, 1.749612717167381e-07, 1.2255895935081115e-07, 8.550457418558636e-08, 5.910282738550106e-08, 4.0616430561771053e-08, 2.7898557402322956e-08, 1.9210896258947328e-08, 1.3270412127385981e-08, 9.210952882019838e-09, 6.365247205732385e-09, 4.33969255191232e-09, 2.923352250645447e-09, 1.947462946048052e-09, 1.2976470808193625e-09, 8.57988020888605e-10, 5.712134124595221e-10, 3.817959913973458e-10, 2.5642710939592743e-10, 1.7312208949191294e-10, 1.190121489624141e-10, 8.317751383226075e-11, 5.714781815352451e-11, 3.821424803998765e-11, 2.6046840993291774e-11, 1.7623524060948908e-11, 1.1878199967463581e-11, 8.034078726348713e-12, 5.467222230873561e-12, 3.6147402587266405e-12, 2.3601962939046344e-12, 1.541247410334596e-12, 1.0073371282118934e-12, 6.376869627210525e-13, 4.0401203659967093e-13]
W_list: [6]
L_list: [2.645079106985435]
