C_final_list: [1.7320762876057185e-06, 1.4267244330260497e-06, 1.1623593799843004e-06, 9.528869179468685e-07, 7.774513740543177e-07, 6.324356725318813e-07, 5.157917452820277e-07, 4.2092679214967147e-07, 3.418264772386358e-07, 2.7809698383852487e-07, 2.2666988167578745e-07, 1.8415139832788381e-07, 1.5008980168303282e-07, 1.2239844743040877e-07, 9.973356860713248e-08, 8.090622794869982e-08, 6.58035327624306e-08, 5.364891480217522e-08, 4.373402495610048e-08, 3.549042796607375e-08, 2.8864164418568903e-08, 2.3514405196013484e-08, 1.9248972926829155e-08, 1.5754213320264595e-08, 1.285643338481484e-08, 1.0532758533353069e-08, 8.563643747262406e-09, 6.968240629997252e-09, 5.631943998811464e-09, 4.569479040579119e-09, 3.708105153412611e-09, 3.005738125549533e-09, 2.4349296016180694e-09, 1.9866214118222414e-09, 1.6102428380324265e-09, 1.3098897048933948e-09, 1.0704723509587913e-09, 8.65384513514317e-10, 7.031801533767327e-10, 5.68358851008464e-10, 4.5818887991139114e-10, 3.6853942070092607e-10, 2.937564244090865e-10, 2.374627577544221e-10, 1.9361829096228767e-10, 1.5622022792486347e-10, 1.2517027761442753e-10, 1.0137443688636007e-10, 8.138485786995146e-11, 6.584221984217049e-11]
ndim2: 500
W_list: [3.8]
L_list: [4.930252948195385]
