R_list= [ 1  2  3  4  5  6  7  8  9 10 11 12 13 14 15 16 17 18 19 20 21 22 23 24
 25 26 27 28 29 30 31 32 33 34 35 36 37 38]
C_final_list= [1.6087449827135843e-07, 6.397819571596737e-08, 1.9934431912466855e-08, 5.500306161124898e-09, 1.4139826742780311e-09, 3.4720585336682946e-10, 8.238648086597233e-11, 1.9244314089390163e-11, 4.516525701570727e-12, 1.0693799155932338e-12, 2.5863734360032194e-13, 6.366330696718938e-14, 1.6537379394072856e-14, 4.612343267625391e-15, 1.2875468975997593e-15, 3.529459381930354e-16, 9.36148846827647e-17, 2.5664256992526582e-17, 6.82034610208509e-18, 1.738651109702005e-18, 4.26908184263779e-19, 1.0848319470253742e-19, 2.9089441352697176e-20, 7.951824732062673e-21, 2.156036494433764e-21, 6.132172812892107e-22, 1.9724478995227705e-22, 7.966859146577666e-23, 4.386123992239474e-23, 3.2399937868726953e-23, 2.772279125165146e-23, 2.5197068304222922e-23, 2.305926070116645e-23, 2.2273799911724432e-23, 2.24559756262003e-23, 2.2537507042690507e-23, 2.1861573754961654e-23, 2.1103525808416765e-23]
W_list: [6]
L_list: [1.0149784567103006]
