R_list= [ 1  2  3  4  5  6  7  8  9 10 11 12 13 14 15 16 17 18 19 20 21 22 23 24
 25 26 27 28 29 30 31 32 33 34 35 36 37 38]
C_final_list= [3.3917491190278325e-05, 2.1754776532880924e-05, 1.3894250865500176e-05, 8.829627236250257e-06, 5.603203294949531e-06, 3.5481974455777507e-06, 2.2503249197843086e-06, 1.4276547192555876e-06, 9.043903535466113e-07, 5.700670427188852e-07, 3.5955388457127573e-07, 2.2569490964958867e-07, 1.4236046496689327e-07, 9.003472922167385e-08, 5.738902419760015e-08, 3.6561954247523044e-08, 2.321708531695667e-08, 1.4811990513495828e-08, 9.407468887247868e-09, 6.017583350599508e-09, 3.832467684508821e-09, 2.487842973974529e-09, 1.5950238091590348e-09, 1.0273201350555026e-09, 6.627801464003335e-10, 4.2320627019445265e-10, 2.742374116767214e-10, 1.7746613114369477e-10, 1.1357121930998467e-10, 7.109583442591774e-11, 4.5029175677645396e-11, 2.854083285634452e-11, 1.7717897496870604e-11, 1.1423155352603774e-11, 7.707120664382794e-12, 5.105381962603394e-12, 3.423383986701035e-12, 2.245549809468556e-12]
W_list: [8.4]
L_list: [2.2267487295710984]
