R_list= [ 1  2  3  4  5  6  7  8  9 10 11 12 13 14 15 16 17 18 19 20 21 22 23 24
 25 26 27 28 29 30 31 32 33 34 35 36 37 38]
C_final_list= [2.3054114324834023e-05, 1.901838037142319e-05, 1.5552414538664652e-05, 1.2676587404632783e-05, 1.03180521904192e-05, 8.397003733205149e-06, 6.8299326062721444e-06, 5.551811174520035e-06, 4.512501105814311e-06, 3.664023459708933e-06, 2.9680249313146347e-06, 2.4040154549289344e-06, 1.9495233986093255e-06, 1.5833018114064314e-06, 1.2888217344014516e-06, 1.0484640541674695e-06, 8.515972002176216e-07, 6.909124153321635e-07, 5.59510524119927e-07, 4.533405716155403e-07, 3.678385054107909e-07, 2.9846499769481965e-07, 2.421877583708367e-07, 1.967208134818503e-07, 1.5992541662339396e-07, 1.299043819396426e-07, 1.0549495341151715e-07, 8.577526888948328e-08, 6.963950720565874e-08, 5.6548479939645354e-08, 4.6006318174059034e-08, 3.734788951234512e-08, 3.0377726242940154e-08, 2.472781190240231e-08, 2.008311839879114e-08, 1.6312078753049714e-08, 1.3300767907788668e-08, 1.0851646981783946e-08]
W_list: [8.05]
L_list: [4.898763162338044]
