C_final_list: [1.4204473361010923e-06, 1.2860124641185096e-06, 1.157683995905148e-06, 1.044980855482487e-06, 9.418778600662466e-07, 8.492245281619823e-07, 7.646102205282055e-07, 6.882343833386538e-07, 6.195861301799857e-07, 5.577310758851032e-07, 5.011216275038654e-07, 4.501343868802142e-07, 4.050375282136539e-07, 3.64671191337372e-07, 3.279210804014388e-07, 2.949487254417426e-07, 2.6563851833058644e-07, 2.38857074016298e-07, 2.144732261261355e-07, 1.9265125802184144e-07, 1.7330582141806697e-07, 1.5586346860546037e-07, 1.4004194934708372e-07, 1.2563292484020024e-07, 1.1269790191025009e-07, 1.0111111443412663e-07, 9.066285455881897e-08, 8.124893985453467e-08, 7.272289739094962e-08, 6.519910874842715e-08, 5.832285494619749e-08, 5.2083661297511766e-08, 4.6582021807803354e-08, 4.1698247726110335e-08, 3.727734446502176e-08]
ndim2: 500
W_list: [2.4000000000000004]
L_list: [9.520015317059736]
