R_list= [ 1  2  3  4  5  6  7  8  9 10 11 12 13 14 15 16 17 18 19 20 21 22 23 24
 25 26 27 28 29 30 31 32 33 34 35 36 37 38]
C_final_list= [9.840781447794486e-07, 6.352994686251732e-07, 4.094993758268722e-07, 2.635555253120804e-07, 1.6972364762644625e-07, 1.0955524452394761e-07, 7.02777149343466e-08, 4.458755965819147e-08, 2.838795612149409e-08, 1.7850444961300544e-08, 1.108507578818399e-08, 6.8524661466571105e-09, 4.284944083996378e-09, 2.6557395461836414e-09, 1.6431431832396217e-09, 1.0213610427855218e-09, 6.549324843292803e-10, 4.09294577250951e-10, 2.587600211169073e-10, 1.595250677813373e-10, 1.0005747166884012e-10, 6.358578494599358e-11, 4.1554267351704436e-11, 2.6662147646892995e-11, 1.762199354764744e-11, 1.1452613109820974e-11, 7.75900439541209e-12, 5.336447478137946e-12, 3.688854985703924e-12, 2.629411051691847e-12, 1.6116720616438823e-12, 8.873311037421281e-13, 5.377360105109795e-13, 3.1716540832317737e-13, 1.8048891763508784e-13, 1.0801719360096321e-13, 5.691567021985085e-14, 2.993798638139742e-14]
W_list: [7.4]
L_list: [2.275606653545548]
