R_list= [ 1  2  3  4  5  6  7  8  9 10 11 12 13 14 15 16 17 18 19 20 21 22 23 24
 25 26 27 28 29 30 31 32]
C_final_list= [7.663218801954814e-07, 7.139849549133744e-07, 6.638155206725849e-07, 6.16750806427328e-07, 5.729739263337564e-07, 5.325527600971258e-07, 4.949480065853895e-07, 4.596305560077648e-07, 4.268480438336079e-07, 3.963774260895233e-07, 3.679769341213368e-07, 3.415024151566919e-07, 3.1685310984922563e-07, 2.941773457499585e-07, 2.7287466419375335e-07, 2.531744239080445e-07, 2.3485191040845446e-07, 2.1775726490673227e-07, 2.019017656859368e-07, 1.8704097379270592e-07, 1.7337743863266352e-07, 1.6070779127876608e-07, 1.488364175364501e-07, 1.3776208401611298e-07, 1.2747865357028448e-07, 1.1794129603440998e-07, 1.0914664669151157e-07, 1.0100610619915126e-07, 9.341422776766335e-08, 8.642425042626124e-08, 7.997578027888235e-08, 7.403015517156093e-08]
W_list: [6]
L_list: [13.43217122600889]
