R_list= [ 1  2  3  4  5  6  7  8  9 10 11 12 13 14 15 16 17 18 19 20 21 22 23 24
 25 26 27 28 29 30 31 32 33 34 35 36 37 38]
C_final_list= [2.631064951155097e-07, 2.2190068967041428e-07, 1.8745462859840364e-07, 1.5748208976198535e-07, 1.316498723315853e-07, 1.0979610222061596e-07, 9.14704455104253e-08, 7.615655481550217e-08, 6.329062230224871e-08, 5.24772817982838e-08, 4.3426666084670156e-08, 3.591189333033188e-08, 2.9723628578979947e-08, 2.4580106504050966e-08, 2.029300775070244e-08, 1.6781798851779263e-08, 1.3850085716444456e-08, 1.1424505552308074e-08, 9.419015478154241e-09, 7.752438168155903e-09, 6.38183640753632e-09, 5.249286419148894e-09, 4.321420251331973e-09, 3.5534211414397894e-09, 2.9200795598631866e-09, 2.4090736617787332e-09, 1.9846003617792145e-09, 1.6270713232632459e-09, 1.3361490646774654e-09, 1.0966925632348603e-09, 8.990657293831908e-10, 7.367001916742604e-10, 6.029963504082046e-10, 4.914549971271589e-10, 3.994634481259068e-10, 3.244560364674772e-10, 2.6388030988527223e-10, 2.15292286307083e-10]
W_list: [7]
L_list: [5.569770435141171]
