R_list= [ 1  2  3  4  5  6  7  8  9 10 11 12 13 14 15 16 17 18 19 20 21 22 23 24
 25 26 27 28 29 30 31 32 33 34 35 36 37 38]
C_final_list= [6.08253732769026e-07, 5.032676153986933e-07, 4.140934629750087e-07, 3.404381075488502e-07, 2.8002813648468857e-07, 2.3120973594708523e-07, 1.9104832593814155e-07, 1.5763675007278786e-07, 1.297457187012119e-07, 1.065767680451693e-07, 8.740899946017988e-08, 7.174894192283495e-08, 5.88021562544768e-08, 4.8218005175282444e-08, 3.958458001508839e-08, 3.24477934779223e-08, 2.6489112263065774e-08, 2.156767663637861e-08, 1.7544477985810708e-08, 1.4289792419682644e-08, 1.1628697222027982e-08, 9.50320059275032e-09, 7.760555016513698e-09, 6.324854082875216e-09, 5.186950487102299e-09, 4.267289737391632e-09, 3.508494583938504e-09, 2.8662135272862028e-09, 2.336006322867265e-09, 1.8907212630407603e-09, 1.5276259883985318e-09, 1.2381282714855429e-09, 1.0042584564776606e-09, 8.219291933835279e-10, 6.722265109612349e-10, 5.488117139778396e-10, 4.470336785192002e-10, 3.629175211388777e-10]
W_list: [7.0]
L_list: [5.14997925029405]
