R_list= [ 1  2  3  4  5  6  7  8  9 10 11 12 13 14 15 16 17 18 19 20 21 22 23 24
 25 26 27 28 29 30 31 32 33 34 35 36 37 38]
C_final_list= [4.100494963713579e-06, 3.4363377215915585e-06, 2.8575641546388527e-06, 2.3694737009443657e-06, 1.960670531045758e-06, 1.622176917124927e-06, 1.3395473642613682e-06, 1.1061160141151517e-06, 9.129321684169569e-07, 7.534432672549685e-07, 6.204260791926167e-07, 5.109761483618004e-07, 4.218832385543519e-07, 3.4797084333192516e-07, 2.869655036943255e-07, 2.366830209920447e-07, 1.9514622097433575e-07, 1.60654648366979e-07, 1.320873583193469e-07, 1.0852046683937632e-07, 8.889135412572874e-08, 7.288161172055836e-08, 5.961650380484889e-08, 4.871040283676487e-08, 3.987773408754913e-08, 3.2699772091959464e-08, 2.6807893955824628e-08, 2.1897379942396713e-08, 1.78292998897908e-08, 1.4508174882416428e-08, 1.181004661591075e-08, 9.634967893287828e-09, 7.857371359146151e-09, 6.398362072799629e-09, 5.227403480193488e-09, 4.270648111750794e-09, 3.4843859696716017e-09, 2.8472233645535665e-09]
W_list: [7.8]
L_list: [5.310011638195255]
