C_final_list: [1.7762709600465165e-06, 1.711730857083442e-06, 1.6480307921460895e-06, 1.5868087868946e-06, 1.5275769009960663e-06, 1.4707951309801415e-06, 1.4170760424596573e-06, 1.36558915229974e-06, 1.3149233226074467e-06, 1.2665781995951983e-06, 1.2196184187381871e-06, 1.174860400336974e-06, 1.1321729927797199e-06, 1.0908030299422825e-06, 1.0512459739921144e-06, 1.0129544319073794e-06, 9.759221545104345e-07, 9.405188735651272e-07, 9.061441284716522e-07, 8.728578393374777e-07, 8.404573589075098e-07, 8.089328299613144e-07, 7.785638266109441e-07, 7.498435090407679e-07, 7.222236405359714e-07, 6.95407368011103e-07, 6.696782294500891e-07, 6.446119147858572e-07, 6.204477656163394e-07, 5.972564956063699e-07, 5.747602022530863e-07, 5.532575689287793e-07, 5.328507896909553e-07, 5.129850939529904e-07, 4.937061309853791e-07, 4.752456887480485e-07, 4.5729562931950075e-07, 4.400648987100815e-07, 4.232515585319767e-07, 4.071629847920196e-07, 3.9159218009529083e-07, 3.763942154606774e-07, 3.618417326118355e-07, 3.476783596423455e-07, 3.342360062017682e-07, 3.2125761834705184e-07, 3.087433569018705e-07, 2.9669287938385856e-07, 2.8516354522058606e-07, 2.7411420579953565e-07]
ndim2: 500
W_list: [3.1999999999999997]
L_list: [26.520993169211337]
