C_final_list: [2.251574134544611e-06, 2.0386269084204172e-06, 1.8329100489096756e-06, 1.6503913652492162e-06, 1.484107193007471e-06, 1.334598314459985e-06, 1.1989387270828392e-06, 1.0787700517049991e-06, 9.700412623086751e-07, 8.723297517827582e-07, 7.833183750109172e-07, 7.027734066897465e-07, 6.31440165911156e-07, 5.660896604067198e-07, 5.068963737147023e-07, 4.53881295601815e-07, 4.072622702408501e-07, 3.6469099305197004e-07, 3.2674682157401e-07, 2.929843173584992e-07, 2.6275892137164884e-07, 2.3621776206458318e-07, 2.1161142024180524e-07, 1.8931288733535303e-07, 1.6931045643567511e-07, 1.5114781526804873e-07, 1.3484683503410335e-07, 1.2035190415774312e-07, 1.073318778044886e-07, 9.580524281263975e-08, 8.560624358432605e-08, 7.645604823396401e-08, 6.849922397871617e-08, 6.11403153812669e-08, 5.4434952543342183e-08, 4.856365989792132e-08, 4.33383158612399e-08, 3.8653764245522175e-08, 3.45400431419302e-08, 3.0857858955843936e-08, 2.753386634498437e-08, 2.4483885198537756e-08, 2.179126554462294e-08, 1.933100058293503e-08, 1.7210836762522467e-08, 1.5290499609231826e-08, 1.3597400832217224e-08, 1.208546199794175e-08, 1.0764113593560347e-08, 9.583881764299262e-09]
ndim2: 500
W_list: [2.6]
L_list: [9.337275630985944]
