C_final_list: [7.576573772294298e-07, 7.176611724812801e-07, 6.770154102634312e-07, 6.375836835714906e-07, 6.00408362554091e-07, 5.647627214617176e-07, 5.310279336117587e-07, 4.988182300626346e-07, 4.6854422116676856e-07, 4.3966182423876356e-07, 4.1293717711451215e-07, 3.874944174127764e-07, 3.6371282340000696e-07, 3.4117288764910334e-07, 3.197879211582769e-07, 2.996633763733546e-07, 2.8081719470607436e-07, 2.6310430805542547e-07, 2.464540778877666e-07, 2.308542611030202e-07, 2.1615032840526356e-07, 2.0236916304555342e-07, 1.8935627157456915e-07, 1.7700595014507816e-07, 1.6530868153228156e-07, 1.5422540338618238e-07, 1.4386155129141666e-07, 1.3396864879181396e-07, 1.2477285008047656e-07, 1.1621867592031112e-07, 1.0824959686079481e-07, 1.0086094489857126e-07, 9.399327249763321e-08, 8.758383396984162e-08, 8.159682952362346e-08, 7.59537876912681e-08, 7.070984279720703e-08, 6.586848805816485e-08, 6.134117587426624e-08, 5.7148641065621647e-08, 5.321654440030159e-08, 4.957074068247572e-08, 4.613061875209135e-08, 4.292677049811497e-08, 3.996755371044806e-08, 3.721390324885985e-08, 3.466609163952632e-08, 3.2326866433174256e-08, 3.012484740302458e-08, 2.806907408038593e-08]
ndim2: 500
W_list: [4.2]
L_list: [15.553116006163881]
