R_list= [ 1  2  3  4  5  6  7  8  9 10 11 12 13 14 15 16 17 18 19 20 21 22 23 24
 25 26 27 28 29 30 31 32 33 34 35 36 37 38]
C_final_list= [1.9617806642112266e-05, 1.573892102242169e-05, 1.2502738487606714e-05, 9.900267720999903e-06, 7.827554447575098e-06, 6.179188153774904e-06, 4.875150617763976e-06, 3.836164443299556e-06, 3.0202550315423164e-06, 2.378034814835177e-06, 1.8743381200854008e-06, 1.4773985895199005e-06, 1.1646805104618651e-06, 9.175522574529177e-07, 7.232978803741123e-07, 5.70076775225435e-07, 4.4966498894215994e-07, 3.545736990566355e-07, 2.794873210912377e-07, 2.203659369468862e-07, 1.7312941954656593e-07, 1.3614879164467288e-07, 1.0692411402244054e-07, 8.384432937616428e-08, 6.566075242961035e-08, 5.153822101473045e-08, 4.0426548692921136e-08, 3.1743420917874035e-08, 2.4937630467794022e-08, 1.960272636522241e-08, 1.5423940278887987e-08, 1.2122662102160563e-08, 9.572542559983178e-09, 7.564462109969125e-09, 5.994006699466279e-09, 4.7487349412597035e-09, 3.764803299034825e-09, 2.992164509248712e-09]
W_list: [8.45]
L_list: [4.293175182175178]
