R_list= [ 1  2  3  4  5  6  7  8  9 10 11 12 13 14 15 16 17 18 19 20 21 22 23 24
 25 26 27 28 29 30 31 32 33 34 35 36 37 38]
C_final_list= [3.559785434476352e-07, 3.2100554325619985e-07, 2.8764840385499573e-07, 2.5664402481817786e-07, 2.2832200853027315e-07, 2.0315112755876826e-07, 1.8059423466052512e-07, 1.6031982058512044e-07, 1.4222292823168362e-07, 1.2614441477253742e-07, 1.1193972856599632e-07, 9.926681514053423e-08, 8.798528469075709e-08, 7.806056993442885e-08, 6.914679954749382e-08, 6.12661289088705e-08, 5.429349463427081e-08, 4.8097980726680066e-08, 4.2592063188673385e-08, 3.771441517845093e-08, 3.336540080762245e-08, 2.9503712025779145e-08, 2.611563067512085e-08, 2.308789271014804e-08, 2.0400729540731985e-08, 1.8047133036297554e-08, 1.595534129622676e-08, 1.4100332873286117e-08, 1.2462839610165597e-08, 1.1013646395638007e-08, 9.723717212825671e-09, 8.589066537856316e-09, 7.574749540680362e-09, 6.677038174220961e-09, 5.88674920592744e-09, 5.187829021941767e-09, 4.568455785143355e-09, 4.027833312231109e-09]
W_list: [7]
L_list: [8.510117008309082]
