R_list= [ 1  2  3  4  5  6  7  8  9 10 11 12 13 14 15 16 17 18 19 20 21 22 23 24
 25 26 27 28 29 30]
C_final_list= [7.251966442129348e-07, 6.869186581035974e-07, 6.491394758775002e-07, 6.126586562454209e-07, 5.779320891567297e-07, 5.449301448276815e-07, 5.135823285467396e-07, 4.843992108004629e-07, 4.56434235124695e-07, 4.2975812819248495e-07, 4.04796961534633e-07, 3.813378237110754e-07, 3.5894742797720603e-07, 3.377276110403067e-07, 3.1768982899479503e-07, 2.9873460136372965e-07, 2.8078550519091817e-07, 2.6376581645051104e-07, 2.477004043807132e-07, 2.326949547527469e-07, 2.1854227785544848e-07, 2.0527820538082678e-07, 1.927322429934013e-07, 1.8089600230690713e-07, 1.6984540446187045e-07, 1.5958719033516327e-07, 1.4993296689790284e-07, 1.4086790353216614e-07, 1.322323020143813e-07, 1.240976000574853e-07]
W_list: [6]
L_list: [16.608301798992212]
