R_list= [ 1  2  3  4  5  6  7  8  9 10 11 12 13 14 15 16 17 18 19 20 21 22 23 24
 25 26 27 28 29 30 31 32 33 34 35 36 37 38]
C_final_list= [2.2688341841993993e-06, 1.992027348946308e-06, 1.7321022579753158e-06, 1.4980810992758696e-06, 1.29253007037329e-06, 1.1132039364688714e-06, 9.584088359057118e-07, 8.243011188263146e-07, 7.077450352279348e-07, 6.077110988275588e-07, 5.216813383171823e-07, 4.4799357585364364e-07, 3.8421568026276427e-07, 3.295175556606131e-07, 2.825085774712249e-07, 2.41970151976791e-07, 2.0724814856211813e-07, 1.7750467805022185e-07, 1.5202975020109463e-07, 1.3022376333710157e-07, 1.114505142121593e-07, 9.533482350632568e-08, 8.156618665586091e-08, 6.98234933238225e-08, 5.975688127965774e-08, 5.11456753088559e-08, 4.376065841752017e-08, 3.739065434649871e-08, 3.197067090530349e-08, 2.7322938365754133e-08, 2.3345301979558966e-08, 1.9977522512936903e-08, 1.710489521427778e-08, 1.4632255731842227e-08, 1.2511876560759047e-08, 1.0682307329306253e-08, 9.133892484671599e-09, 7.814729028763373e-09]
W_list: [8.3]
L_list: [6.757257967165862]
