R_list= [ 1  2  3  4  5  6  7  8  9 10 11 12 13 14 15 16 17 18 19 20 21 22 23 24
 25 26 27 28 29 30 31 32 33 34 35 36 37 38]
C_final_list= [2.098694333383689e-06, 2.0341503745588263e-06, 1.980767280781907e-06, 1.9272080155932063e-06, 1.8765694969377682e-06, 1.8270854338672997e-06, 1.7787754584040624e-06, 1.731626024067658e-06, 1.6853473044148895e-06, 1.6405676232196816e-06, 1.5964497320480882e-06, 1.5533917658443541e-06, 1.5114197970735165e-06, 1.4706856076111825e-06, 1.4316206254618995e-06, 1.3933459285251395e-06, 1.3558277652178512e-06, 1.3191834029570428e-06, 1.2833923401300041e-06, 1.2484694980263657e-06, 1.2144627265999146e-06, 1.1813471629344124e-06, 1.149403376802676e-06, 1.1182128785167859e-06, 1.0879104250434134e-06, 1.0585233856605145e-06, 1.0300399770040422e-06, 1.002228848854981e-06, 9.755761990749552e-07, 9.494667825501994e-07, 9.242756928335233e-07, 8.996725070271172e-07, 8.757648341986945e-07, 8.526398130474419e-07, 8.303243560576419e-07, 8.081604724150482e-07, 7.866732578298782e-07, 7.656686119425644e-07]
W_list: [4]
L_list: [36.71446109857624]
