R_list= [ 1  2  3  4  5  6  7  8  9 10 11 12 13 14 15 16 17 18 19 20 21 22 23 24
 25 26 27 28 29 30 31 32 33 34 35 36 37 38]
C_final_list= [4.3860177423034537e-07, 3.3712148265251746e-07, 2.5611583468372994e-07, 1.9363752188807067e-07, 1.4578056314556981e-07, 1.0979255646238969e-07, 8.221452874600228e-08, 6.154669604336651e-08, 4.6421865802068624e-08, 3.500956096905055e-08, 2.6220801860554693e-08, 1.9554588587662512e-08, 1.4604490138914337e-08, 1.0877328851311009e-08, 8.048244957519085e-09, 5.962877786979988e-09, 4.400220053193175e-09, 3.2388628723279636e-09, 2.3926315247285916e-09, 1.7561080179751147e-09, 1.2855303930446195e-09, 9.377863636540954e-10, 6.851283330281737e-10, 5.000531960816472e-10, 3.6462604266321857e-10, 2.6602067798995257e-10, 1.9288606546305694e-10, 1.4026219148612864e-10, 1.0334869016746738e-10, 7.548507217787757e-11, 5.472795034176449e-11, 3.924555847325578e-11, 2.813255285598627e-11, 2.0200039680558502e-11, 1.4459242005949107e-11, 1.0427580236025514e-11, 7.568291936507861e-12, 5.475682409213561e-12]
W_list: [8.600000000000001]
L_list: [3.5946491182902633]
