R_list= [ 1  2  3  4  5  6  7  8  9 10 11 12 13 14 15 16 17 18 19 20 21 22 23 24
 25 26 27 28 29 30 31 32 33 34 35 36 37 38]
C_final_list= [3.2124694748494233e-07, 2.631199321752696e-07, 2.1524668229434486e-07, 1.751390400865232e-07, 1.4256571625998412e-07, 1.1597049182167488e-07, 9.416417264847467e-08, 7.619480469286683e-08, 6.176178110488885e-08, 5.002850932079168e-08, 4.0662099375788416e-08, 3.298077308645184e-08, 2.6634890973927044e-08, 2.1553916367251402e-08, 1.740705235193489e-08, 1.405261234063991e-08, 1.1335551528998849e-08, 9.119181568964533e-09, 7.305510069174907e-09, 5.834077257081958e-09, 4.662904537725296e-09, 3.722468652550654e-09, 2.965982081691039e-09, 2.3691662583540523e-09, 1.897577824036148e-09, 1.5185828227193988e-09, 1.2123444624636768e-09, 9.650094749690343e-10, 7.661794424741278e-10, 6.091522482637638e-10, 4.832169070980238e-10, 3.827070448635255e-10, 3.0292173516878393e-10, 2.4175558421804505e-10, 1.9401474714889516e-10, 1.5480295058758233e-10, 1.2341153928078272e-10, 9.843884699349725e-11]
W_list: [7]
L_list: [4.8534818522692165]
