R_list= [ 1  2  3  4  5  6  7  8  9 10 11 12 13 14 15 16 17 18 19 20 21 22 23 24
 25 26 27 28 29 30 31 32 33 34 35 36 37 38]
C_final_list= [4.0515850115039745e-07, 3.591099669647809e-07, 3.1475900932926013e-07, 2.7492748610953775e-07, 2.3956817013528736e-07, 2.086656054273547e-07, 1.8163656826924146e-07, 1.5782957648363842e-07, 1.3715790441299665e-07, 1.190464399438873e-07, 1.0307861122861027e-07, 8.920848769935171e-08, 7.712744790930319e-08, 6.658818626310582e-08, 5.743549360008284e-08, 4.9523402631881e-08, 4.268991796949105e-08, 3.68588947320896e-08, 3.181884260298136e-08, 2.746199540951238e-08, 2.368779021389423e-08, 2.042225129225026e-08, 1.7607004644696772e-08, 1.5166447315710893e-08, 1.3060122459951588e-08, 1.126024331741868e-08, 9.728569212284425e-09, 8.395055187866165e-09, 7.24807446748707e-09, 6.244523456263776e-09, 5.367405217427361e-09, 4.615721966672325e-09, 3.981074754801323e-09, 3.4315452648105518e-09, 2.955605733062336e-09, 2.5450329096139492e-09, 2.192355895029174e-09, 1.8908730474548925e-09]
W_list: [7.2]
L_list: [7.2023773585498985]
