C_final_list: [2.1068967876756295e-06, 1.9977626189467193e-06, 1.8906412428208616e-06, 1.7884979222671612e-06, 1.6914603077493518e-06, 1.5995169055310637e-06, 1.5125778530511612e-06, 1.429989256695735e-06, 1.352999164433766e-06, 1.2798749058555595e-06, 1.2098088119194182e-06, 1.1445015000620502e-06, 1.082220595993596e-06, 1.023056364035573e-06, 9.67429094362888e-07, 9.134503615200943e-07, 8.62257310130783e-07, 8.137540657408985e-07, 7.682339509192063e-07, 7.255076097698092e-07, 6.851033081408807e-07, 6.473306273082003e-07, 6.112087705081854e-07, 5.778323099265452e-07, 5.462326745305449e-07, 5.164500089835393e-07, 4.879290756451293e-07, 4.6066996359293686e-07, 4.3506546985348704e-07, 4.1057223078914004e-07, 3.875240271029683e-07, 3.6601780266784425e-07, 3.457193134024246e-07, 3.263979490608171e-07, 3.081173592580479e-07, 2.9101419627642866e-07, 2.747778126908084e-07, 2.595951293092333e-07, 2.452867525671031e-07, 2.3148264497145803e-07, 2.1830110624488647e-07, 2.057049823932291e-07, 1.9386383445535562e-07, 1.82778773277786e-07, 1.72227216313363e-07, 1.623731266252143e-07, 1.5309509360071738e-07, 1.4436984230059113e-07, 1.3618481083894767e-07, 1.2837109209661646e-07]
ndim2: 500
W_list: [2.8]
L_list: [17.709326438710924]
