R_list= [ 1  2  3  4  5  6  7  8  9 10 11 12 13 14 15 16 17 18 19 20 21 22 23 24
 25 26 27 28 29 30 31 32 33 34 35 36 37 38]
C_final_list= [9.64412514683724e-07, 8.094900463486473e-07, 6.873174155423072e-07, 5.82003064252332e-07, 4.924364574958139e-07, 4.1674922087742655e-07, 3.5276813527988516e-07, 2.979726058738509e-07, 2.5132503000959856e-07, 2.1179919674747163e-07, 1.784716495918521e-07, 1.5027768652596147e-07, 1.260425848248795e-07, 1.057095715689619e-07, 8.878505347023737e-08, 7.463076931541066e-08, 6.271345517427947e-08, 5.2689712172200685e-08, 4.4185870958352414e-08, 3.707140212338048e-08, 3.116295784381379e-08, 2.6210933209581333e-08, 2.2012271880300172e-08, 1.8500667752378234e-08, 1.550904376890655e-08, 1.2957157698399558e-08, 1.0842982528857972e-08, 9.065530702092819e-09, 7.601282090243431e-09, 6.369222151653142e-09, 5.336600344140325e-09, 4.465527165054862e-09, 3.734322475594377e-09, 3.1208079962881965e-09, 2.6094065063020638e-09, 2.173062425090006e-09, 1.8094419594596885e-09, 1.5085210761056965e-09]
W_list: [6]
L_list: [5.923644470117848]
