R_list= [ 1  2  3  4  5  6  7  8  9 10 11 12 13 14 15 16 17 18 19 20 21 22 23 24
 25 26 27 28 29 30 31 32 33 34 35 36 37 38]
C_final_list= [1.8534477197589859e-06, 1.7128661349857847e-06, 1.6111898115996721e-06, 1.5280433873364523e-06, 1.446802404493265e-06, 1.3683558393440945e-06, 1.2953072474333675e-06, 1.2257531236934185e-06, 1.1604679142859653e-06, 1.0990244279173263e-06, 1.0405915719556957e-06, 9.837037306401547e-07, 9.297803922947264e-07, 8.791446524350419e-07, 8.308430892025544e-07, 7.851532925603393e-07, 7.414961938500852e-07, 7.001979618102765e-07, 6.61245119237327e-07, 6.241589640556666e-07, 5.890539911270165e-07, 5.560020067010103e-07, 5.249278960438516e-07, 4.95327614487602e-07, 4.6722688783122156e-07, 4.406426144321872e-07, 4.1552664610758946e-07, 3.918285802576478e-07, 3.696508731291806e-07, 3.4888385442533827e-07, 3.2912256602597296e-07, 3.10440845753812e-07, 2.928662107484724e-07, 2.76267439274311e-07, 2.6054496543209754e-07, 2.4570259384010953e-07, 2.31732573121501e-07, 2.1848472705382802e-07]
W_list: [4]
L_list: [17.62870886951004]
