R_list= [ 1  2  3  4  5  6  7  8  9 10 11 12 13 14 15 16 17 18 19 20 21 22 23 24
 25 26 27 28 29 30 31 32 33 34 35 36 37 38]
C_final_list= [2.6482547347075467e-07, 2.1908844765155695e-07, 1.7808036732952737e-07, 1.4363953673749874e-07, 1.1518921047149083e-07, 9.209718947688894e-08, 7.361372225539769e-08, 5.8882282870673605e-08, 4.6925370698116314e-08, 3.73826765842413e-08, 2.97671160468096e-08, 2.3651826218977492e-08, 1.8791337938528775e-08, 1.4876354633272299e-08, 1.1729039251103645e-08, 9.2434548841882e-09, 7.293593207070818e-09, 5.75178476995856e-09, 4.552294834067721e-09, 3.5992100676609224e-09, 2.847147618017827e-09, 2.2528489744251875e-09, 1.7704451850030014e-09, 1.3911510581889502e-09, 1.093094834301427e-09, 8.58762430622112e-10, 6.773265729709174e-10, 5.330749130487139e-10, 4.201180195450208e-10, 3.3207797695362926e-10, 2.620438863685755e-10, 2.0724525364331917e-10, 1.6304397829168055e-10, 1.2804947002313477e-10, 1.0016519626473888e-10, 7.825104906919896e-11, 6.129579906629259e-11, 4.803299215590568e-11]
W_list: [9.2]
L_list: [4.6307770505716]
