R_list= [ 1  2  3  4  5  6  7  8  9 10 11 12 13 14 15 16 17 18 19 20 21 22 23 24
 25 26 27 28 29 30 31 32 33 34 35 36 37 38]
C_final_list= [4.4056310975583563e-07, 4.1383414350251753e-07, 3.8672755427189286e-07, 3.6053805729395295e-07, 3.354174741961372e-07, 3.1161883003093605e-07, 2.8936649979008206e-07, 2.6870537125960185e-07, 2.494880900662264e-07, 2.3176264838198645e-07, 2.1524251864672542e-07, 1.998676334410659e-07, 1.8552346733467207e-07, 1.722452064588058e-07, 1.5984203553651316e-07, 1.4829833909440638e-07, 1.3759137135842948e-07, 1.2762035812127958e-07, 1.182628131342379e-07, 1.0952701049107375e-07, 1.0139787434985217e-07, 9.384068576094796e-08, 8.682790480231635e-08, 8.034503382601238e-08, 7.431823909303971e-08, 6.871698206488114e-08, 6.358168756317419e-08, 5.878254256105255e-08, 5.4354657646368664e-08, 5.026633816241613e-08, 4.6502348310454404e-08, 4.29966589880958e-08, 3.975614833416955e-08, 3.6763865900173396e-08, 3.399629995490988e-08, 3.1454383082062906e-08, 2.908128155384533e-08, 2.687638446019401e-08]
W_list: [6.6000000000000005]
L_list: [13.490482512863561]
