C_final_list: [2.033723863200195e-06, 1.9290984990783176e-06, 1.8262486312498397e-06, 1.7297225067020847e-06, 1.6384970713408218e-06, 1.5524639601988567e-06, 1.469563419455376e-06, 1.3922873146052962e-06, 1.3180487866008033e-06, 1.247029836095919e-06, 1.1816071864892819e-06, 1.1189281286146797e-06, 1.0591075148238252e-06, 1.0026772913485874e-06, 9.48687859588435e-07, 8.977823037412888e-07, 8.495703184444002e-07, 8.034041706562012e-07, 7.60225217017262e-07, 7.188384324263727e-07, 6.801938997419891e-07, 6.43587708459767e-07, 6.086777819816336e-07, 5.758026907073975e-07, 5.443488472909399e-07, 5.14689683656973e-07, 4.864052051733771e-07, 4.5969644260993024e-07, 4.3447845113910335e-07, 4.103298018619943e-07, 3.8743493336641107e-07, 3.6583342658117543e-07, 3.454183828227186e-07, 3.2610668213171996e-07, 3.07741204147126e-07, 2.904251261467424e-07, 2.740060718675836e-07, 2.5866023950186806e-07, 2.442417263464546e-07, 2.304582823609348e-07, 2.1740826670971096e-07, 2.0499365851209753e-07, 1.9326253952914436e-07, 1.8214075085912425e-07, 1.7173804520367111e-07, 1.6195190802551682e-07, 1.5259586775056936e-07, 1.4384611049892785e-07, 1.3555048210160962e-07, 1.278532625136911e-07]
ndim2: 500
W_list: [2.8]
L_list: [18.07476904075346]
