R_list= [ 1  2  3  4  5  6  7  8  9 10 11 12 13 14 15 16 17 18 19 20 21 22 23 24
 25 26 27 28 29 30 31 32 33 34 35 36 37 38]
C_final_list= [1.0010604208982382e-06, 6.341544527529691e-07, 3.9815303354685516e-07, 2.527201260366851e-07, 1.585258686029943e-07, 9.957589349471506e-08, 6.308251251686694e-08, 3.978541284040384e-08, 2.5029347301944058e-08, 1.5650344128519e-08, 9.750846841213303e-09, 6.156388168608811e-09, 3.884022595598976e-09, 2.4458654671607673e-09, 1.5362602278470575e-09, 9.751025024743072e-10, 6.198367214741524e-10, 3.9207156012637086e-10, 2.5234845405878014e-10, 1.6407544488068557e-10, 1.0415539636977969e-10, 6.533807242949084e-11, 4.03406211428815e-11, 2.503739787058065e-11, 1.559553037711571e-11, 9.587494205176663e-12, 5.7433885376535125e-12, 3.393438245771292e-12, 2.142284623966208e-12, 1.2621710641284986e-12, 8.120787093380461e-13, 5.220208727601158e-13, 3.3478113706436033e-13, 2.1769041871280946e-13, 1.7590187582268997e-13, 9.148000930252514e-14, 4.329454300831349e-14, 3.088404031785656e-14]
W_list: [7.6000000000000005]
L_list: [2.1731349233227237]
