R_list= [ 1  2  3  4  5  6  7  8  9 10 11 12 13 14 15 16 17 18 19 20 21 22 23 24
 25 26 27 28 29 30 31 32 33 34 35 36 37 38]
C_final_list= [3.089741241355643e-05, 2.335538161627591e-05, 1.7511155757551312e-05, 1.3127297829694697e-05, 9.796386557479057e-06, 7.296523330467613e-06, 5.440699231176713e-06, 4.052312937161069e-06, 3.02246470850658e-06, 2.2528752142923163e-06, 1.6786429586669858e-06, 1.251131905058848e-06, 9.326999969199561e-07, 6.956223761897094e-07, 5.189936610017434e-07, 3.8762359116485964e-07, 2.899109519838625e-07, 2.162823002619514e-07, 1.6099199329498708e-07, 1.1971945770788892e-07, 8.909583527991579e-08, 6.626981867173335e-08, 4.917107242151448e-08, 3.641892637799168e-08, 2.6975592651680784e-08, 2.009252652326993e-08, 1.4915157996097903e-08, 1.1042685714742963e-08, 8.16854854259727e-09, 5.990920005682629e-09, 4.393077991902405e-09, 3.22652237142219e-09, 2.3692521065242495e-09, 1.7366965853532893e-09, 1.278258609455469e-09, 9.453019786147748e-10, 6.97003277859226e-10, 5.157662781869221e-10]
W_list: [8.2]
L_list: [3.4632989285866875]
