C_final_list: [1.9346292878704082e-06, 1.8863230446765491e-06, 1.8387092593248442e-06, 1.792473961155574e-06, 1.7469757801732009e-06, 1.7024961025193693e-06, 1.6591907046472398e-06, 1.6167459610359884e-06, 1.5757251644984143e-06, 1.5354247215966188e-06, 1.4961066395480176e-06, 1.4574391766851e-06, 1.4196240173091184e-06, 1.3818953800956466e-06, 1.345296175438053e-06, 1.3097274349648463e-06, 1.2756394157042412e-06, 1.2417909925144625e-06, 1.2095844519592013e-06, 1.1779957707310008e-06, 1.147773743920347e-06, 1.1184471719297962e-06, 1.089745937106318e-06, 1.0618076611019856e-06, 1.0341016212296086e-06, 1.0070256853991604e-06, 9.807045738593284e-07, 9.55233629486933e-07, 9.297573734069876e-07, 9.049236427538638e-07, 8.80944249078398e-07, 8.580913636922776e-07, 8.35640156606177e-07, 8.138297145208339e-07, 7.921940801516386e-07, 7.708925576668995e-07, 7.504393715827794e-07, 7.30300879820881e-07, 7.108296358481823e-07, 6.917814595660194e-07, 6.73312167212469e-07, 6.554925672534069e-07, 6.381489516251731e-07, 6.211144107589446e-07, 6.046705199414395e-07, 5.886377444097241e-07, 5.729687851403405e-07, 5.578838187800343e-07, 5.431463442130107e-07, 5.285913174622978e-07]
ndim2: 500
W_list: [2.8]
L_list: [37.87929792112153]
