R_list= [ 1  2  3  4  5  6  7  8  9 10 11 12 13 14 15 16 17 18 19 20 21 22 23 24
 25 26 27 28 29 30 31 32 33 34 35 36 37 38]
C_final_list= [2.1325232171303023e-07, 1.9018089827516564e-07, 1.6771036860272868e-07, 1.4692591852613782e-07, 1.2823929893045938e-07, 1.1161932007874215e-07, 9.7025743603389e-08, 8.414012646641274e-08, 7.291141066964567e-08, 6.305095599301165e-08, 5.4456868013406685e-08, 4.705504608170897e-08, 4.066957528092464e-08, 3.51064117842378e-08, 3.02865106503717e-08, 2.614055007068402e-08, 2.254309454761236e-08, 1.9444412216306484e-08, 1.6775025207859878e-08, 1.444830617911244e-08, 1.2432148627036408e-08, 1.070221311281041e-08, 9.201864503923786e-09, 7.91170733109782e-09, 6.7979407085509705e-09, 5.844108423174421e-09, 5.020337955704326e-09, 4.306338593005649e-09, 3.6896002014821817e-09, 3.160417871123089e-09, 2.7142687029990914e-09, 2.333394425485085e-09, 2.006855062786132e-09, 1.722661742171026e-09, 1.4773746805240927e-09, 1.2657028990260262e-09, 1.083530564812166e-09, 9.273252478514949e-10]
W_list: [8.2]
L_list: [7.2205627132285555]
