R_list= [ 1  2  3  4  5  6  7  8  9 10 11 12 13 14 15 16 17 18 19 20 21 22 23 24
 25 26 27 28 29 30 31 32 33 34 35 36 37 38]
C_final_list= [1.9291631233162277e-06, 1.2209192856932988e-06, 6.629737360222957e-07, 3.287199097999037e-07, 1.5426382942367924e-07, 6.991140462842783e-08, 3.10150091652442e-08, 1.3612048026589233e-08, 5.975213617417207e-09, 2.6320809463097957e-09, 1.165698954636965e-09, 5.209277434303208e-10, 2.354735140036304e-10, 1.0715256848127996e-10, 4.883274607771146e-11, 2.2416811498210265e-11, 1.0538333458827853e-11, 5.1095718867213366e-12, 2.5168509781415947e-12, 1.237495085392243e-12, 5.998998492857314e-13, 2.830984547208032e-13, 1.3174834176149264e-13, 6.20899475587617e-14, 3.0874321008210935e-14, 1.7290246177318758e-14, 1.1768607679131227e-14, 9.117022939764076e-15, 6.491712711899e-15, 3.5487294229622513e-15, 1.4899819423166765e-15, 5.426348289705305e-16, 2.0197243953405584e-16, 7.916950268524872e-17, 3.031186923033543e-17, 1.1554334908257202e-17, 4.544441742134348e-18, 1.860218395543024e-18]
W_list: [4]
L_list: [1.7757654751809704]
