C_final_list: [1.940580361753241e-06, 1.668649887173377e-06, 1.4337617050295282e-06, 1.2310600006802275e-06, 1.0548884966686462e-06, 9.030280438671304e-07, 7.7687084701374e-07, 6.68244858632605e-07, 5.761932984551554e-07, 4.939505015092054e-07, 4.235580002826326e-07, 3.623586124819613e-07, 3.0999047575649896e-07, 2.6533521957681614e-07, 2.2755265201059147e-07, 1.9540017318683647e-07, 1.6734850200137954e-07, 1.4311460242886046e-07, 1.2219156765311667e-07, 1.0451550430514057e-07, 8.901533196797308e-08, 7.558852994388288e-08, 6.440777849448547e-08, 5.481386229930385e-08, 4.680357358455901e-08, 3.988746930992461e-08, 3.391315511190205e-08, 2.886276725244985e-08, 2.4620811195850626e-08, 2.1037888909346488e-08, 1.7957052499955026e-08, 1.5318264868938526e-08, 1.3105670525197304e-08, 1.1194409060815864e-08, 9.531395887538608e-09, 8.169904233438125e-09, 6.975061329472406e-09, 5.931760617229013e-09, 5.040312513779358e-09, 4.25306545405955e-09, 3.6132280284917806e-09, 3.078707608410963e-09, 2.6059148679619913e-09, 2.215660339278601e-09, 1.8704310126260713e-09, 1.5896351628995574e-09, 1.3470101986926124e-09, 1.1420623659153409e-09, 9.584136751567767e-10, 8.046946688400778e-10]
ndim2: 500
W_list: [3.3]
L_list: [6.53900618088064]
