C_list:
1.9407448577127586e-06 0.06326628478024174
ndim2: 500
W_list: [1.4]
L_list: [15.806207104993515]
