R_list= [ 1  2  3  4  5  6  7  8  9 10 11 12 13 14 15 16 17 18 19 20 21 22 23 24
 25 26 27 28 29 30 31 32 33 34 35 36 37 38]
C_final_list= [3.365646865482603e-05, 2.1486720870139718e-05, 1.3612881304887847e-05, 8.622466243046383e-06, 5.459256666554264e-06, 3.447160988528856e-06, 2.1709411576188155e-06, 1.3691367863246726e-06, 8.630133725767273e-07, 5.45364457583201e-07, 3.4395875782922557e-07, 2.1591943783113344e-07, 1.352304884136415e-07, 8.487400315848518e-08, 5.3284549534816665e-08, 3.3659415958246395e-08, 2.1184736253568897e-08, 1.329121693708311e-08, 8.375707963535407e-09, 5.253266850356864e-09, 3.2990869379277575e-09, 2.04922424667049e-09, 1.2761883303786179e-09, 7.854029962067492e-10, 4.946445942749993e-10, 3.11127181947645e-10, 1.8987261712786244e-10, 1.185109832116458e-10, 7.313959253096419e-11, 4.496491812867235e-11, 2.7595594722528103e-11, 1.7058376315470475e-11, 1.0382324916042598e-11, 6.449509445558768e-12, 3.905222220549245e-12, 2.4108164552294685e-12, 1.506956543990174e-12, 9.175664612359952e-13]
W_list: [8.45]
L_list: [2.201819265612201]
