C_final_list: [1.7840661903681622e-06, 1.7625576225638883e-06, 1.74111345363919e-06, 1.7204229020622683e-06, 1.7003010325455707e-06, 1.6807730942907808e-06, 1.6614753052755273e-06, 1.6426781101647733e-06, 1.6239368612333377e-06, 1.6053722616715434e-06, 1.5869951715767123e-06, 1.5690573042046225e-06, 1.5514190854941177e-06, 1.5342072268793737e-06, 1.517186230296775e-06, 1.5005358430929957e-06, 1.484012820365969e-06, 1.4678558875933435e-06, 1.4518053214698603e-06, 1.4360700854901167e-06, 1.4204990439594184e-06, 1.4051679020613075e-06, 1.3899566848843092e-06, 1.374927772493395e-06, 1.3600878663253036e-06, 1.3453698165440845e-06, 1.3309604356427004e-06, 1.3168704182855542e-06, 1.3029801028931123e-06, 1.289087473918831e-06, 1.2752108988024947e-06, 1.2612977795825778e-06, 1.2476760009358864e-06, 1.2342188470953457e-06, 1.2208665034580815e-06]
ndim2: 500
W_list: [2.6]
L_list: [89.89719057085723]
