R_list= [ 1  2  3  4  5  6  7  8  9 10 11 12 13 14 15 16 17 18 19 20 21 22 23 24
 25 26 27 28 29 30 31 32 33 34 35 36 37 38]
C_final_list= [2.0641092524662556e-06, 1.3413020725756585e-06, 7.542113544338371e-07, 3.891461227072657e-07, 1.9064389593308238e-07, 9.057133468559768e-08, 4.224337455219085e-08, 1.9442952139331674e-08, 8.877814548742086e-09, 4.04406061182566e-09, 1.8436915260617293e-09, 8.452299901941669e-10, 3.893248610451438e-10, 1.7991965593745519e-10, 8.270828387830628e-11, 3.791103382238692e-11, 1.732336422071961e-11, 7.895475998162576e-12, 3.6060178210397916e-12, 1.6578925162790204e-12, 7.664644589340225e-13, 3.5190248799209983e-13, 1.594760772493502e-13, 7.107131791404006e-14, 3.0998844177764176e-14, 1.341661127628923e-14, 5.7915706757492406e-15, 2.501277281762687e-15, 1.0982997578793807e-15, 4.872923804407236e-16, 2.201773860478394e-16, 1.0179452410857636e-16, 4.7774222642346205e-17, 2.2609371669798526e-17, 1.0690628321153931e-17, 5.025082846046476e-18, 2.3398816714387347e-18, 1.0859893858684745e-18]
W_list: [4]
L_list: [1.8610603271522665]
