C_list:
1.6580183231823754e-06 0.07625970770183899
ndim2: 500
W_list: [2.2]
L_list: [13.113084617499592]
