R_list= [ 1  2  3  4  5  6  7  8  9 10 11 12 13 14 15 16 17 18 19 20 21 22 23 24
 25 26 27 28 29 30 31 32 33 34 35 36 37 38]
C_final_list= [4.1826186882818105e-07, 2.59189809556268e-07, 1.3636261364513247e-07, 6.516855844047037e-08, 2.9427010407508894e-08, 1.2850574570407045e-08, 5.507133744290862e-09, 2.3364832813733373e-09, 9.871748361117203e-10, 4.1782044711379334e-10, 1.779541208678054e-10, 7.647786366149169e-11, 3.33135376264354e-11, 1.477837198014142e-11, 6.696668570354676e-12, 3.0821517723223004e-12, 1.4482440507907209e-12, 7.052844598773795e-13, 3.6391670506948326e-13, 2.04334217105858e-13, 1.2903491267007398e-13, 8.91253788209496e-14, 5.5105718139144644e-14, 2.586789014162946e-14, 1.1370368606271013e-14, 4.987632121860494e-15, 2.164341008279517e-15, 9.00125684144087e-16, 3.4998790819630684e-16, 1.2763236503591243e-16, 4.1175023664206336e-17, 1.4784305065306224e-17, 5.73596484802049e-18, 2.2851751113350363e-18, 9.265217466473023e-19, 3.898208022277742e-19, 1.7377519303415447e-19, 8.417670492090483e-20]
W_list: [4]
L_list: [1.709196468791051]
