C_final_list: [1.7595288923501694e-06, 1.6336306520150807e-06, 1.5103775821894694e-06, 1.3981173379137979e-06, 1.2925021122717395e-06, 1.1969835266605086e-06, 1.1072457024248575e-06, 1.024997810729494e-06, 9.481283269158759e-07, 8.761182750341612e-07, 8.103796167679068e-07, 7.492524282314753e-07, 6.932141094097116e-07, 6.408850377731561e-07, 5.927170996732445e-07, 5.472740627201932e-07, 5.053990901270172e-07, 4.6646771684164354e-07, 4.3056312783473914e-07, 3.9662377505275977e-07, 3.6544975956688824e-07, 3.368410883903176e-07, 3.100709190286626e-07, 2.8573149946082054e-07, 2.6306926596404956e-07, 2.4238467307190435e-07, 2.23545294568289e-07, 2.0608651505592606e-07, 1.898817162528309e-07, 1.7514654327230628e-07, 1.6129536307964252e-07, 1.482857952195075e-07, 1.3648879943312591e-07, 1.2556855780686417e-07, 1.1552617853875514e-07]
ndim2: 500
W_list: [2.8]
L_list: [12.706220389378919]
