C_final_list: [1.973718413133168e-06, 1.6970406556150444e-06, 1.4483416233709838e-06, 1.2384713399974836e-06, 1.0589733744376193e-06, 9.005904422449576e-07, 7.672961869867707e-07, 6.523999385343542e-07, 5.553592693822623e-07, 4.7357244435082786e-07, 4.024390934444895e-07, 3.4171320759721196e-07, 2.9068460876098366e-07, 2.4725412577723603e-07, 2.0989725461045573e-07, 1.774100513912585e-07, 1.5027581940851205e-07, 1.2673694934729394e-07, 1.0737514112686052e-07, 9.101020505417049e-08, 7.720970448836498e-08, 6.535929020004879e-08, 5.567817768673785e-08, 4.7081754230038715e-08, 3.987237063232294e-08, 3.364240957405048e-08, 2.8364448913382605e-08, 2.399211018707155e-08, 2.0188412227776233e-08, 1.7048720207069502e-08, 1.4430122317739366e-08, 1.2202604401921027e-08, 1.0331145118608913e-08, 8.760078435593988e-09, 7.4041927290521315e-09, 6.26756809019947e-09, 5.321741992875592e-09, 4.519361503634129e-09, 3.842723141329075e-09, 3.267130718793481e-09, 2.7735659067886447e-09, 2.3649071877598025e-09, 2.0234309470181233e-09, 1.7235795241681276e-09, 1.4753659564366782e-09, 1.2610924016428797e-09, 1.0752106802143268e-09, 9.145847375485659e-10, 7.769197635413182e-10, 6.628843351363856e-10]
ndim2: 500
W_list: [3.3499999999999996]
L_list: [6.267877136258724]
