R_list= [ 1  2  3  4  5  6  7  8  9 10 11 12 13 14 15 16 17 18 19 20 21 22 23 24
 25 26 27 28 29 30 31 32 33 34 35 36 37 38]
C_final_list= [7.277216333104388e-06, 6.312348181845921e-06, 5.433138621835568e-06, 4.659687937887751e-06, 3.989630267316462e-06, 3.4113507720615177e-06, 2.9138660169131817e-06, 2.4888662669080835e-06, 2.1247186711336587e-06, 1.813723455880977e-06, 1.546326375865082e-06, 1.318849162811823e-06, 1.1241878291868612e-06, 9.565977614947965e-07, 8.13148500597267e-07, 6.907068147791361e-07, 5.869806009285769e-07, 4.986489531101074e-07, 4.233837231361546e-07, 3.5928840880275206e-07, 3.049425649808674e-07, 2.5866378441681324e-07, 2.1924590274973204e-07, 1.8603728537204786e-07, 1.5799641056568604e-07, 1.342306829620923e-07, 1.1407288556888924e-07, 9.703773541529103e-08, 8.248451131163815e-08, 7.008720977630199e-08, 5.9582551711451736e-08, 5.063896628169134e-08, 4.3067246548258496e-08, 3.664803012892296e-08, 3.115840340498538e-08, 2.6471394942071135e-08, 2.2458343271068475e-08, 1.903835594394542e-08]
W_list: [7.95]
L_list: [6.425270323115645]
