C_final_list: [1.41938439367329e-06, 1.3883090385438632e-06, 1.3572866237241568e-06, 1.3268161822901257e-06, 1.2965290099819669e-06, 1.2671104035797602e-06, 1.2382889986575883e-06, 1.2098050580714078e-06, 1.18210748021867e-06, 1.1551533784550856e-06, 1.1287167999643063e-06, 1.1029948719384498e-06, 1.077798941437511e-06, 1.0530227191265457e-06, 1.0289281892226389e-06, 1.0050494528373532e-06, 9.817712529029869e-07, 9.591272039334476e-07, 9.370458895600856e-07, 9.153856985199869e-07, 8.94336384726783e-07, 8.739075300320946e-07, 8.537644026643779e-07, 8.342948114653924e-07, 8.150687366367354e-07, 7.96454743814386e-07, 7.781700518763204e-07, 7.603911095704877e-07, 7.428414271079193e-07, 7.258213665057355e-07, 7.093146492804429e-07, 6.932043976303123e-07, 6.774421672905966e-07, 6.619377325913023e-07, 6.46805097289559e-07, 6.318495976252194e-07, 6.171682815541885e-07, 6.029626464338598e-07, 5.889703420690323e-07, 5.754271290224674e-07, 5.620939843989151e-07, 5.489907584836182e-07, 5.360987233506091e-07, 5.233236971400026e-07, 5.108395752425278e-07, 4.98677613083272e-07, 4.86733217757925e-07, 4.750693533096412e-07, 4.6365165040695375e-07, 4.5245869095276095e-07]
ndim2: 500
W_list: [3.3499999999999996]
L_list: [43.044983595115895]
