R_list= [ 1  2  3  4  5  6  7  8  9 10 11 12 13 14 15 16 17 18 19 20 21 22 23 24
 25 26 27 28 29 30 31 32 33 34 35 36 37 38]
C_final_list= [4.540935764758685e-07, 3.724645257179842e-07, 3.053867775450128e-07, 2.4956977762281826e-07, 2.0313168583916488e-07, 1.6516490634557077e-07, 1.3439206984578057e-07, 1.0937026662509867e-07, 8.905741080575605e-08, 7.247007475208899e-08, 5.8942857363900446e-08, 4.786468205472627e-08, 3.875755377244956e-08, 3.1386115535665324e-08, 2.5310280690753313e-08, 2.037547352327504e-08, 1.6380380265497508e-08, 1.320626517472701e-08, 1.0618713717927507e-08, 8.523984953704082e-09, 6.8304117749365635e-09, 5.503248816489072e-09, 4.440242963819787e-09, 3.586240619922888e-09, 2.891047340896297e-09, 2.343980231335341e-09, 1.8988353384273745e-09, 1.5312346704553737e-09, 1.2283266429769146e-09, 9.828271345576207e-10, 7.85339164072842e-10, 6.279191305081925e-10, 5.008459614432847e-10, 4.007117673228963e-10, 3.229281717958382e-10, 2.598581748796977e-10, 2.0793520383890503e-10, 1.66379473330714e-10]
W_list: [7]
L_list: [4.903822274960631]
