R_list= [ 1  2  3  4  5  6  7  8  9 10 11 12 13 14 15 16 17 18 19 20 21 22 23 24
 25 26 27 28 29 30 31 32 33 34 35 36 37 38]
C_final_list= [1.9508746762920356e-06, 1.8377413284864455e-06, 1.7647378736683942e-06, 1.6953340829277896e-06, 1.624048977141434e-06, 1.5577452919042418e-06, 1.4951151539216639e-06, 1.4353066710291619e-06, 1.3775965384704166e-06, 1.3215342761018458e-06, 1.2679196502121257e-06, 1.2175477947234667e-06, 1.1688356839927392e-06, 1.1215909413181628e-06, 1.076132474522876e-06, 1.0323461530120826e-06, 9.8984043640288e-07, 9.484994566242433e-07, 9.084281579947837e-07, 8.701740904926614e-07, 8.339034675656298e-07, 7.992240751305985e-07, 7.655158867754563e-07, 7.330707691613554e-07, 7.022511272929892e-07, 6.726867594948213e-07, 6.441818726613002e-07, 6.163661552317046e-07, 5.894384780875075e-07, 5.63895146396597e-07, 5.394787753585844e-07, 5.162134570859045e-07, 4.939607861377986e-07, 4.726664199550836e-07, 4.5222788000875404e-07, 4.324554540485824e-07, 4.1330441049087014e-07, 3.9508784576114353e-07]
W_list: [4]
L_list: [23.663765515838897]
