C_final_list: [1.9111880582068866e-06, 1.6336934798176285e-06, 1.3917070965695709e-06, 1.1884783388401463e-06, 1.0115971539877723e-06, 8.616089336114508e-07, 7.322356186129592e-07, 6.236180352072884e-07, 5.315442548801473e-07, 4.5054344830637417e-07, 3.8099851630040675e-07, 3.213796394755268e-07, 2.7157086046591723e-07, 2.3011871360662344e-07, 1.9496491276698314e-07, 1.647018529778499e-07, 1.3934258672155927e-07, 1.1791826354715475e-07, 9.980519262604808e-08, 8.432795897401312e-08, 7.134723083362105e-08, 6.039181713599989e-08, 5.1128206146851895e-08, 4.318001212715687e-08, 3.643637572905328e-08, 3.074677635650181e-08, 2.6052670032398013e-08, 2.1946329128687157e-08, 1.8516971500301417e-08, 1.561793718280485e-08, 1.3165985868850865e-08, 1.1104724582680688e-08, 9.34041479423166e-09, 7.90374973941565e-09, 6.66923267852701e-09, 5.639951246555937e-09, 4.79113792220585e-09, 4.0384450212671485e-09, 3.39763654815278e-09, 2.86230683110556e-09, 2.4074906674724572e-09, 2.0244492228575593e-09, 1.6966570319454207e-09, 1.4209764421940822e-09, 1.2009059181941026e-09, 1.0069553419905507e-09, 8.47315493520807e-10, 7.142546519968247e-10, 6.017806002889094e-10, 5.068457556906294e-10]
ndim2: 500
W_list: [3.4000000000000004]
L_list: [6.182805042526549]
