C_final_list: [2.0199999599553165e-06, 2.001167967966331e-06, 1.982668410975919e-06, 1.9646889123563044e-06, 1.947369174203307e-06, 1.9303740933388802e-06, 1.9137029788048676e-06, 1.8973037015438748e-06, 1.88120184566387e-06, 1.8656149572050145e-06, 1.8500267718494261e-06, 1.8344694455541467e-06, 1.819051542374642e-06, 1.80382271064387e-06, 1.7889243119475757e-06, 1.7742923750750396e-06, 1.7598242976823958e-06, 1.7453737150375571e-06, 1.7309230195956293e-06, 1.7168739523286522e-06, 1.7029425068540287e-06, 1.6891777053240625e-06, 1.6751599985741192e-06, 1.6613268366910129e-06, 1.6475009396327455e-06, 1.633917951882044e-06, 1.6203025254183232e-06, 1.6067829186257906e-06, 1.59317052821738e-06, 1.5799209369394477e-06, 1.5668210715946888e-06, 1.553727680654764e-06, 1.5405922227251126e-06, 1.5275368049755061e-06, 1.5146560335895505e-06, 1.5017546750365425e-06, 1.488940403662064e-06, 1.4763183652851178e-06, 1.4637312576275894e-06, 1.451229665291673e-06, 1.4388547852340901e-06, 1.4265613104214333e-06, 1.4142636822534269e-06, 1.402164811362226e-06, 1.3902322918038364e-06, 1.3784909155548208e-06, 1.3667241740792929e-06, 1.3551681005398023e-06, 1.3437148513855545e-06, 1.3323754664559065e-06]
ndim2: 500
W_list: [2.4]
L_list: [118.83509422892877]
