C_final_list: [7.717146541231106e-07, 7.380938954589792e-07, 7.033937113135677e-07, 6.699161988677644e-07, 6.375101341841591e-07, 6.06187433828775e-07, 5.759734800293759e-07, 5.472465038919943e-07, 5.199425257011227e-07, 4.938060077654113e-07, 4.6897454244707453e-07, 4.4532740624256614e-07, 4.22608280927813e-07, 4.0074334815285794e-07, 3.799478471041106e-07, 3.601021419165588e-07, 3.412517988471518e-07, 3.2350386491947596e-07, 3.064799631935721e-07, 2.9028564195033423e-07, 2.7486385327220623e-07, 2.602227912795827e-07, 2.4623500046288697e-07, 2.3305174666095905e-07, 2.204674048318627e-07, 2.0858925748172735e-07, 1.9735039058775567e-07, 1.867222086393426e-07, 1.7658197305145542e-07, 1.6706543845760626e-07, 1.5796256333277135e-07, 1.4933857473164975e-07, 1.4119363268970007e-07, 1.3346334718781944e-07, 1.261648816079541e-07]
ndim2: 500
W_list: [2.8]
L_list: [19.06305787059347]
