C_final_list: [1.80723984850303e-06, 1.538940467922829e-06, 1.2996644309162327e-06, 1.0988319163278142e-06, 9.272948835905324e-07, 7.812387487655975e-07, 6.586382547820755e-07, 5.559063656075467e-07, 4.698795972786608e-07, 3.972197530576652e-07, 3.3665653529966864e-07, 2.8494090839016976e-07, 2.408432495840523e-07, 2.0317826508750962e-07, 1.712789591164714e-07, 1.4409534781588898e-07, 1.2116799785066352e-07, 1.0173516669087418e-07, 8.516551344946058e-08, 7.121598144128023e-08, 5.965531239341734e-08, 4.993862823128112e-08, 4.1957911329372036e-08, 3.4985156221562486e-08, 2.919131731206172e-08, 2.4463956344277907e-08, 2.053633888050186e-08, 1.711190229304848e-08, 1.4271133084836339e-08, 1.1867233288803617e-08, 9.908970259379609e-09, 8.212340610998179e-09, 6.875406470325403e-09, 5.728330790271798e-09, 4.800025095136628e-09]
ndim2: 500
W_list: [3.4000000000000004]
L_list: [5.927687836974974]
