C_list:
1.3224828591232236e-06 0.22105184463155764
ndim2: 500
W_list: [4.0]
L_list: [4.523825628629198]
