R_list= [ 1  2  3  4  5  6  7  8  9 10 11 12 13 14 15 16 17 18 19 20 21 22 23 24
 25 26 27 28 29 30 31 32 33 34 35 36 37 38]
C_final_list= [2.403345343506202e-07, 1.9974978582119414e-07, 1.635831532247529e-07, 1.3276047019474313e-07, 1.0713248772487006e-07, 8.638853817518834e-08, 6.950771409647525e-08, 5.5892165067289566e-08, 4.490004899651851e-08, 3.6089885768453146e-08, 2.9011509282673682e-08, 2.3275762451908968e-08, 1.864756998828228e-08, 1.4931302801283748e-08, 1.1932354809317372e-08, 9.559636813456347e-09, 7.652906134340893e-09, 6.130153366677788e-09, 4.915019993844195e-09, 3.944953660308579e-09, 3.160630943622817e-09, 2.520034590575766e-09, 2.008224113869844e-09, 1.606293693418223e-09, 1.2825568555000533e-09, 1.0264501470701066e-09, 8.230905497708007e-10, 6.631984550990935e-10, 5.334188310015915e-10, 4.279584364665512e-10, 3.427104660878192e-10, 2.7437470720711963e-10, 2.1983922978638086e-10, 1.7586552939135526e-10, 1.39952226092813e-10, 1.1119877440548867e-10, 8.84776643005575e-11, 6.990132091901984e-11]
W_list: [8.8]
L_list: [4.776796707410715]
