R_list= [ 1  2  3  4  5  6  7  8  9 10 11 12 13 14 15 16 17 18 19 20 21 22 23 24
 25 26 27 28 29 30 31 32 33 34 35 36 37 38]
C_final_list= [1.0478610932371764e-06, 9.324433296181031e-07, 8.406704822257786e-07, 7.600856101602605e-07, 6.847435114133765e-07, 6.160656384968603e-07, 5.547042519477829e-07, 4.997499401559853e-07, 4.5065648651517735e-07, 4.0647741769411616e-07, 3.667998964182526e-07, 3.3099208004811253e-07, 2.9864299564339595e-07, 2.692502439162364e-07, 2.4239648378480927e-07, 2.180732673040979e-07, 1.9601568091736742e-07, 1.7617301391040223e-07, 1.5826011415075657e-07, 1.4214832028857376e-07, 1.2770841970903342e-07, 1.1484282297078342e-07, 1.0318626945251297e-07, 9.26672608726192e-08, 8.318491186060519e-08, 7.470596091287873e-08, 6.707429123827497e-08, 6.016186257612782e-08, 5.390522030824866e-08, 4.8288681504718773e-08, 4.322909811671659e-08, 3.863635898594047e-08, 3.4544473576751765e-08, 3.090468141646581e-08, 2.7617666163198118e-08, 2.4713489086773908e-08, 2.210913785227405e-08, 1.9779870798059756e-08]
W_list: [5]
L_list: [9.544405159337051]
