R_list= [ 1  2  3  4  5  6  7  8  9 10 11 12 13 14 15 16 17 18 19 20 21 22 23 24
 25 26 27 28 29 30 31 32 33 34 35 36 37 38]
C_final_list= [5.968662337760435e-07, 5.558237889773897e-07, 5.144576876983194e-07, 4.745838793421666e-07, 4.367148987356421e-07, 4.014940162794607e-07, 3.6870235490108453e-07, 3.3824443864718166e-07, 3.103250183204048e-07, 2.846323464023354e-07, 2.6097497887969294e-07, 2.3911422228681186e-07, 2.1899602646440312e-07, 2.0059605319955123e-07, 1.836772163136138e-07, 1.6803673862827243e-07, 1.5372897352370014e-07, 1.4067701390638804e-07, 1.2870744014220007e-07, 1.1776852647961027e-07, 1.0773471127877595e-07, 9.850658867862237e-08, 9.003543775788818e-08, 8.229190315554066e-08, 7.517963093514598e-08, 6.867322729570947e-08, 6.269507068074842e-08, 5.72377815446713e-08, 5.224132458456903e-08, 4.770108566134575e-08, 4.353698674129777e-08, 3.971290265630541e-08, 3.6187877288292484e-08, 3.297504032075723e-08, 3.0052596537216434e-08, 2.7388669326934953e-08, 2.4947249389380717e-08, 2.2709256241044256e-08]
W_list: [7.8]
L_list: [11.643197404252204]
