R_list= [ 1  2  3  4  5  6  7  8  9 10 11 12 13 14 15 16 17 18 19 20 21 22 23 24
 25 26 27 28 29 30 31 32 33 34 35 36 37 38]
C_final_list= [3.0405527804182702e-05, 2.2894157678355603e-05, 1.709406496533164e-05, 1.2755151965990968e-05, 9.511901363360875e-06, 7.091208769236996e-06, 5.279925241242423e-06, 3.930911939073056e-06, 2.9227578853894266e-06, 2.167843849643411e-06, 1.605182085144447e-06, 1.1913554866670965e-06, 8.852125282137325e-07, 6.56888522989563e-07, 4.88354121569923e-07, 3.631221055705776e-07, 2.7012205489779576e-07, 2.007196842924552e-07, 1.4925038898198808e-07, 1.109244125382514e-07, 8.22607564928255e-08, 6.10904263677659e-08, 4.536188591689862e-08, 3.352275484391543e-08, 2.4720916344832033e-08, 1.827317191261819e-08, 1.3486457771672978e-08, 9.937227381942845e-09, 7.328239846371396e-09, 5.404865415598148e-09, 3.9847608041578346e-09, 2.9488223876121627e-09, 2.1778582074548797e-09, 1.6067364547421426e-09, 1.1911058928769657e-09, 8.806754795952358e-10, 6.538605577584379e-10, 4.866219448404899e-10]
W_list: [8.25]
L_list: [3.4291312210790106]
