R_list= [ 1  2  3  4  5  6  7  8  9 10 11 12 13 14 15 16 17 18 19 20 21 22 23 24
 25 26 27 28 29 30 31 32 33 34 35 36 37 38]
C_final_list= [2.512063588345964e-06, 2.2264680038459092e-06, 1.955402536459326e-06, 1.7108662788436426e-06, 1.495388380620845e-06, 1.3055882435877564e-06, 1.1384397045403175e-06, 9.92087446052475e-07, 8.63699145717667e-07, 7.512731722665698e-07, 6.534712297288729e-07, 5.684962764128092e-07, 4.943765359826691e-07, 4.2948221189957496e-07, 3.72899068131305e-07, 3.239088603239783e-07, 2.8138798657954837e-07, 2.445965175683208e-07, 2.1258716326462694e-07, 1.8486654165834208e-07, 1.6073953040502724e-07, 1.3961849034751616e-07, 1.2137764000702138e-07, 1.0552962835650617e-07, 9.175359295024642e-08, 7.978931501329143e-08, 6.932168912385832e-08, 6.022179251467991e-08, 5.22739512598698e-08, 4.537158103608359e-08, 3.938147160635212e-08, 3.4142061934769684e-08, 2.9592389517047178e-08, 2.5666277860614878e-08, 2.2263500624707435e-08, 1.9308189612898397e-08, 1.674549023813088e-08, 1.4503079081616283e-08]
W_list: [8.1]
L_list: [7.360025096892426]
