C_final_list: [1.6604392696465621e-06, 1.5982418998705828e-06, 1.5368226347939742e-06, 1.476659313774866e-06, 1.418794674760894e-06, 1.3640474063464464e-06, 1.3115346132888574e-06, 1.2607637082271475e-06, 1.2114591808298707e-06, 1.1648340182056452e-06, 1.1195042256211676e-06, 1.0760263235695014e-06, 1.0342654894505945e-06, 9.938690319099848e-07, 9.548054224382438e-07, 9.172281197461354e-07, 8.812806734707234e-07, 8.464372006847369e-07, 8.125600249312972e-07, 7.804019074569608e-07, 7.493547945241102e-07, 7.199135573885293e-07, 6.917979651513446e-07, 6.648554764869033e-07, 6.386006848872302e-07, 6.135336331175429e-07, 5.894400981420133e-07, 5.659187459463753e-07, 5.43449736685468e-07, 5.220400014215409e-07, 5.01228691552622e-07, 4.814037265728733e-07, 4.6225020617738353e-07, 4.4377796467978e-07, 4.2596338274052604e-07, 4.088939555442391e-07, 3.9260006873496005e-07, 3.76810619080103e-07, 3.616466776506593e-07, 3.4715703334579017e-07, 3.3318083648609584e-07, 3.195529706684935e-07, 3.0651134724987734e-07, 2.941575273752693e-07, 2.8218157010797217e-07, 2.704847028932801e-07, 2.592253492609534e-07, 2.484778968551968e-07, 2.380602924711721e-07, 2.2802492959717203e-07]
ndim2: 500
W_list: [3.25]
L_list: [24.941259633021662]
