C_final_list: [2.062437957936099e-06, 2.0450645424643384e-06, 2.0278629337950664e-06, 2.011510924380974e-06, 1.9953757455112445e-06, 1.97951663251265e-06, 1.964045068782e-06, 1.9487067201566917e-06, 1.9336937039170457e-06, 1.9188818157443854e-06, 1.9041327881791808e-06, 1.889671702668993e-06, 1.8751999110897453e-06, 1.8607116313167424e-06, 1.8465107842485883e-06, 1.8322627008062657e-06, 1.818277591476231e-06, 1.8043540441717243e-06, 1.7904977415434913e-06, 1.7766571057221746e-06, 1.7628803888119329e-06, 1.7493848413797167e-06, 1.736023056442024e-06, 1.7225475903645084e-06, 1.709206426422662e-06, 1.696124668855328e-06, 1.6831183505463402e-06, 1.6702286692421784e-06, 1.6575616726283819e-06, 1.644883696581571e-06, 1.6324029886137038e-06, 1.62014015492897e-06, 1.6079567463609609e-06, 1.5957774443178582e-06, 1.5836127075410417e-06, 1.5714458501895698e-06, 1.5593979539258914e-06, 1.5474893054513064e-06, 1.5355986288109412e-06, 1.5238284154620001e-06, 1.5122756128441869e-06, 1.5007814195591164e-06, 1.4892708918738742e-06, 1.4778865554458507e-06, 1.4665521380310532e-06, 1.4553574831243223e-06, 1.4441039140133082e-06, 1.4330443767013032e-06, 1.4220475929615922e-06, 1.4112663610753118e-06]
ndim2: 500
W_list: [2.2]
L_list: [129.73226739931803]
