C_final_list: [1.9621956797768462e-06, 1.712396987969993e-06, 1.4860006839139594e-06, 1.2903735182075242e-06, 1.1155790784846097e-06, 9.690142865329507e-07, 8.413115945537183e-07, 7.314203802064971e-07, 6.357915665208299e-07, 5.519712421136505e-07, 4.778595977753746e-07, 4.138889936356347e-07, 3.580007368150012e-07, 3.090747174148021e-07, 2.674511196615379e-07, 2.314174702216431e-07, 2.0029694281261155e-07, 1.7321087545797782e-07, 1.4949221568441862e-07, 1.2935820132584002e-07, 1.1229157783718915e-07, 9.707678068644126e-08, 8.376092657539549e-08, 7.215178563639838e-08, 6.234509058117087e-08, 5.381488895394867e-08, 4.634755732814947e-08, 4.000897768922192e-08, 3.43485985451667e-08, 2.948313896613524e-08, 2.5376411958060243e-08, 2.1816307989331892e-08, 1.8747620615735945e-08, 1.6082643684074894e-08, 1.3792541714479543e-08, 1.1841895121694566e-08, 1.013449356760978e-08, 8.71190674305652e-09, 7.474862169213621e-09, 6.4354853198587696e-09, 5.518060387350215e-09, 4.7294205177986625e-09, 4.053487871096842e-09, 3.470630574419987e-09, 2.967086571997681e-09, 2.534793861405348e-09, 2.1652791082156496e-09, 1.8471152348272873e-09, 1.5776746759860976e-09, 1.3500995448968968e-09]
ndim2: 500
W_list: [3.15]
L_list: [7.034201565106722]
