R_list= [ 1  2  3  4  5  6  7  8  9 10 11 12 13 14 15 16 17 18 19 20 21 22 23 24
 25 26 27 28 29 30 31 32 33 34 35 36 37 38]
C_final_list= [3.452916194198379e-07, 3.194511206256561e-07, 2.9329860581621295e-07, 2.6841726095574955e-07, 2.45165391141224e-07, 2.2357078702824376e-07, 2.0390832246594658e-07, 1.8601347050966097e-07, 1.694953758872026e-07, 1.5431737910128925e-07, 1.403618886330213e-07, 1.2756901950960854e-07, 1.1590307024762806e-07, 1.0526845681104347e-07, 9.554942489302994e-08, 8.677172277608984e-08, 7.87730026433344e-08, 7.146363146753587e-08, 6.479296935377258e-08, 5.878897967192151e-08, 5.3297939229377636e-08, 4.834762549142063e-08, 4.388336981363765e-08, 3.982544262095571e-08, 3.616881940665387e-08, 3.284298114709336e-08, 2.983416025197157e-08, 2.7101111400603628e-08, 2.4576272171629305e-08, 2.2258910872768133e-08, 2.0154043693943836e-08, 1.8241709223751792e-08, 1.6480634403061683e-08, 1.4884809308217628e-08, 1.3453758239270125e-08, 1.2170673536839232e-08, 1.1019127261204212e-08, 9.976289824762906e-09]
W_list: [7.0]
L_list: [10.734513998422676]
