R_list= [ 1  2  3  4  5  6  7  8  9 10 11 12 13 14 15 16 17 18 19 20 21 22 23 24
 25 26 27 28 29 30 31 32 33 34 35 36 37 38]
C_final_list= [4.3379877591520077e-07, 2.773149033212537e-07, 1.695355000908904e-07, 1.0351293148535598e-07, 6.30832066996174e-08, 3.8342756348348794e-08, 2.3230607802312693e-08, 1.4053608647293055e-08, 8.512742373891181e-09, 5.142781166772753e-09, 3.0954102503399247e-09, 1.8722981987629937e-09, 1.1267077262676243e-09, 6.75573716255869e-10, 4.0421704859626185e-10, 2.423745478558175e-10, 1.4568620274634672e-10, 8.857958337538864e-11, 5.4253846586245516e-11, 3.304150988369234e-11, 1.9948373884102643e-11, 1.2162139542735983e-11, 7.597938133845741e-12, 4.786179640454906e-12, 3.0121886613451266e-12, 1.8840290857759176e-12, 1.137314013910519e-12, 6.823120706992375e-13, 4.1487776934982834e-13, 2.572766097741606e-13, 1.534095576316365e-13, 8.538366589054563e-14, 4.62739950976659e-14, 2.555172225093675e-14, 1.429359672504279e-14, 7.642916019815987e-15, 3.9429949224361655e-15, 2.1108372817321286e-15]
W_list: [6]
L_list: [2.100199192359072]
