R_list= [ 1  2  3  4  5  6  7  8  9 10 11 12 13 14 15 16 17 18 19 20 21 22 23 24
 25 26 27 28 29 30 31 32 33 34 35 36 37 38]
C_final_list= [9.405520717813241e-07, 8.554217504360885e-07, 7.851180203096154e-07, 7.224047004348435e-07, 6.639861580728817e-07, 6.101269642184912e-07, 5.608984398031898e-07, 5.156847372409382e-07, 4.736471113237843e-07, 4.34885340853069e-07, 3.9932590086893597e-07, 3.666191112820971e-07, 3.3681910058440375e-07, 3.095118017870805e-07, 2.841555461331407e-07, 2.6077765166194236e-07, 2.3924234274333466e-07, 2.194352885179758e-07, 2.0111837978746516e-07, 1.8414654443852675e-07, 1.686334342613177e-07, 1.5452720197060296e-07, 1.4167304453752396e-07, 1.2981915825064668e-07, 1.1894712124316258e-07, 1.0899709370602958e-07, 9.984044139122673e-08, 9.138534098728803e-08, 8.367541990732267e-08, 7.669953925756039e-08, 7.029116189677054e-08, 6.435725109503793e-08, 5.890499673710249e-08, 5.3938593015590254e-08, 4.93501686059648e-08, 4.511043121607571e-08, 4.121462774029674e-08, 3.763229887892471e-08]
W_list: [5]
L_list: [11.682482316663473]
