R_list= [ 1  2  3  4  5  6  7  8  9 10 11 12 13 14 15 16 17 18 19 20 21 22 23 24
 25 26 27 28 29 30 31 32 33 34 35 36 37 38]
C_final_list= [1.1374129907457147e-06, 7.863926734530847e-07, 5.458837596404807e-07, 3.8414128002908513e-07, 2.6977894394785353e-07, 1.8756464223449244e-07, 1.3053205924387775e-07, 9.058965442768616e-08, 6.26741236361207e-08, 4.308091893463976e-08, 2.9679608305106283e-08, 2.0520770925008728e-08, 1.4254621912028938e-08, 9.86046600357517e-09, 6.814029131150259e-09, 4.660938099400207e-09, 3.189506065146561e-09, 2.192477405501039e-09, 1.4911276508166778e-09, 1.0262573739352115e-09, 7.006373628456108e-10, 4.706680991804607e-10, 3.2109699286249634e-10, 2.1572048065440988e-10, 1.4853561943958158e-10, 1.0023862092026365e-10, 6.78556629457692e-11, 4.5671463311568215e-11, 3.2063989358921945e-11, 2.1695618584701596e-11, 1.4197625762622978e-11, 9.473685853724814e-12, 6.533662112319603e-12, 4.36373714868745e-12, 2.8296869217928177e-12, 1.8889837439333084e-12, 1.2845475035388806e-12, 8.578546846519147e-13]
W_list: [6.4]
L_list: [2.7617976198709737]
