R_list= [ 1  2  3  4  5  6  7  8  9 10 11 12 13 14 15 16 17 18 19 20 21 22 23 24
 25 26 27 28 29 30 31 32]
C_final_list= [7.298151115333447e-07, 6.599025710044964e-07, 5.984741695830402e-07, 5.407168211383374e-07, 4.880061206523621e-07, 4.4009339050481505e-07, 3.966547808406754e-07, 3.5713387116070236e-07, 3.212952288539831e-07, 2.8915586960304185e-07, 2.602533650242256e-07, 2.3426778379330093e-07, 2.1099497954213155e-07, 1.8977097772031222e-07, 1.7039419792907556e-07, 1.5299629701547492e-07, 1.3750702858507857e-07, 1.2355127782924964e-07, 1.1101161422171276e-07, 9.980181695309106e-08, 8.971611949754198e-08, 8.064527761447904e-08, 7.250915306157185e-08, 6.50832012164412e-08, 5.838408478611883e-08, 5.233539676614957e-08, 4.694659922155287e-08, 4.214904099916768e-08, 3.7808368061721704e-08, 3.389129401968174e-08, 3.042463413331987e-08, 2.72599876348915e-08]
W_list: [6]
L_list: [9.587833052402612]
