C_list:
7.40572744192004e-07 0.06856777446912683
ndim2: 500
W_list: [3.2]
L_list: [14.584110505879956]
