C_final_list: [1.920256217360415e-06, 1.665873218478956e-06, 1.4423319020700122e-06, 1.2491306455878573e-06, 1.0799709741286624e-06, 9.350947184124223e-07, 8.083102660316992e-07, 6.984052648671472e-07, 6.026931637240957e-07, 5.205135017455442e-07, 4.4917777236437035e-07, 3.8732290068995867e-07, 3.3433199573471907e-07, 2.893606449016457e-07, 2.500673837336268e-07, 2.1593209900948764e-07, 1.8677363059766447e-07, 1.6178732668076394e-07, 1.3998347254647557e-07, 1.2086281754223355e-07, 1.0464958795815881e-07, 9.076233165353208e-08, 7.853177043596725e-08, 6.765785663725633e-08, 5.8175134699272774e-08, 4.983880776824913e-08, 4.2718608688281226e-08, 3.668103517989082e-08, 3.1577014049743906e-08, 2.7170882104159626e-08, 2.3246400543278012e-08, 1.9925032157878886e-08, 1.7096824172492815e-08, 1.4602547101006063e-08, 1.2474336820377928e-08, 1.0664321695198528e-08, 9.139007162495365e-09, 7.825432858288724e-09, 6.692105801235528e-09, 5.733340972120947e-09, 4.907424253729912e-09, 4.204530230405266e-09, 3.600451945363793e-09, 3.0765035037088886e-09, 2.6338189964744595e-09, 2.2542531685216496e-09, 1.9230356753586385e-09, 1.6432597658421994e-09, 1.3972864931294113e-09, 1.182343202728728e-09]
ndim2: 500
W_list: [3.2]
L_list: [6.8799529593733055]
