C_final_list: [1.0336462240738023e-06, 9.964332832511013e-07, 9.588329349490437e-07, 9.214796347016143e-07, 8.852054316611557e-07, 8.495503125726427e-07, 8.154252387274004e-07, 7.820452061382831e-07, 7.501891331511514e-07, 7.195573201148796e-07, 6.902360636478823e-07, 6.620528099767729e-07, 6.351703552521734e-07, 6.093485112485916e-07, 5.844265514375652e-07, 5.608088659627944e-07, 5.379447227132916e-07, 5.158526255368289e-07, 4.946280475521415e-07, 4.7430209652012125e-07, 4.5492558464980205e-07, 4.365952583449047e-07, 4.187728493636326e-07, 4.0191900428359873e-07, 3.856613034636262e-07, 3.701065875470118e-07, 3.551771798428269e-07, 3.406617383689767e-07, 3.266840990780778e-07, 3.1329581709262496e-07, 3.003910703951774e-07, 2.880843787324315e-07, 2.7625603045011994e-07, 2.6484439105690397e-07, 2.5393135279851896e-07, 2.4349614189596504e-07, 2.3341292101633353e-07, 2.2367931752909194e-07, 2.1432990101995154e-07, 2.0526845442881304e-07, 1.9653933675615016e-07, 1.8819784215889617e-07, 1.8016706155182194e-07, 1.7246273341846944e-07, 1.6510236837736374e-07, 1.5805012024523134e-07, 1.5129400985702967e-07, 1.4482527519655619e-07, 1.38593949849024e-07, 1.326048800684456e-07]
ndim2: 500
W_list: [3.8]
L_list: [24.075821723623612]
