C_list:
2.0002377340920803e-06 0.1243514140010799
ndim2: 500
W_list: [2.2]
L_list: [8.041726007163183]
