R_list= [ 1  2  3  4  5  6  7  8  9 10 11 12 13 14 15 16 17 18 19 20 21 22 23 24
 25 26 27 28 29 30 31 32 33 34 35 36 37 38]
C_final_list= [1.012529624611701e-06, 6.187126118669996e-07, 3.7306237059454667e-07, 2.2535123096105566e-07, 1.3285053303574948e-07, 7.766097699002662e-08, 4.599146306998699e-08, 2.6914229140270673e-08, 1.5727667295944408e-08, 9.257131525482222e-09, 5.4364986115280365e-09, 3.1722044827900963e-09, 1.8355238818761548e-09, 1.0677478977737756e-09, 6.282283343528984e-10, 3.6932356329178465e-10, 2.150800318752999e-10, 1.232719958520966e-10, 6.889702169057826e-11, 3.7521588864267736e-11, 2.0467652179954137e-11, 1.1539427396454042e-11, 6.357544764821915e-12, 3.6294338805678355e-12, 2.084251251573524e-12, 1.1989173603199784e-12, 7.443479871705672e-13, 4.559638612041844e-13, 2.7126926633177645e-13, 1.5756175027232149e-13, 9.730532904476738e-14, 5.59967165011158e-14, 3.399335811006605e-14, 2.4143684308721136e-14, 1.6554236792978715e-14, 1.3589118388674668e-14, 7.807448512887271e-15, 3.731843588502254e-15]
W_list: [8.8]
L_list: [1.9856448533798718]
