C_list:
8.913885019782652e-07 0.14431709231017484
ndim2: 500
W_list: [3.8000000000000003]
L_list: [6.929186169097288]
