C_final_list: [2.011687733887018e-06, 1.967073617627499e-06, 1.9237948027725683e-06, 1.8813001650546198e-06, 1.8410572236005129e-06, 1.8013594325261898e-06, 1.7625163849438098e-06, 1.7249670822053759e-06, 1.687841530808577e-06, 1.6520150787159856e-06, 1.6167347953797598e-06, 1.5818199590836643e-06, 1.5476841085263596e-06, 1.5142736235583738e-06, 1.481476949000077e-06, 1.4498420640159303e-06, 1.4185872834324309e-06, 1.387904724707839e-06, 1.3581932636349454e-06, 1.3290497809464215e-06, 1.3002041730493143e-06, 1.2720608726664991e-06, 1.2443729439817606e-06, 1.2172174454319985e-06, 1.1906918326620906e-06, 1.1648056294856462e-06, 1.139421498496507e-06, 1.1143847934415497e-06, 1.0896699148379513e-06, 1.0654974112822935e-06, 1.041587572728181e-06, 1.0182978788835479e-06, 9.954066799627461e-07, 9.730619174373946e-07, 9.511622157674491e-07, 9.294538135008761e-07, 9.086936470645679e-07, 8.88395134197239e-07, 8.688112526925788e-07, 8.494125796658455e-07, 8.304519454989319e-07, 8.117733114965856e-07, 7.935031623857073e-07, 7.75420046094846e-07, 7.577912775677528e-07, 7.402687759943046e-07, 7.232637165496357e-07, 7.065634716285466e-07, 6.902580957411506e-07, 6.74409309479072e-07]
ndim2: 500
W_list: [2.6]
L_list: [45.26396947850525]
