C_final_list: [1.430487304890861e-06, 1.1556610700201537e-06, 9.253791542783475e-07, 7.428942640734619e-07, 5.93733468249651e-07, 4.718370711914226e-07, 3.772164541999761e-07, 2.9901395870271985e-07, 2.3731069400469172e-07, 1.8836158051480557e-07, 1.4967031651581895e-07, 1.1888588784440546e-07, 9.41522924454779e-08, 7.453305285638599e-08, 5.876089573235155e-08, 4.631014884015966e-08, 3.665597216429112e-08, 2.9076869951460517e-08, 2.3075615069084256e-08, 1.837753673582721e-08, 1.4571577991546705e-08, 1.152605089300738e-08, 9.1018665315834e-09, 7.235405025928071e-09, 5.704767513236106e-09, 4.486465338047107e-09, 3.52251876673065e-09, 2.7642266951316896e-09, 2.1742483579301163e-09, 1.7047814210323482e-09, 1.343703669309371e-09, 1.0653926030564652e-09, 8.435294444806693e-10, 6.671889777360798e-10, 5.21777342961915e-10]
ndim2: 500
W_list: [2.8]
L_list: [4.466293474615712]
