C_list:
1.9501466893903713e-06 0.2171018392817512
ndim2: 500
W_list: [3.2]
L_list: [4.606133247458196]
