R_list= [ 1  2  3  4  5  6  7  8  9 10 11 12 13 14 15 16 17 18 19 20 21 22 23 24
 25 26 27 28 29 30 31 32 33 34 35 36 37 38]
C_final_list= [2.3464255408789625e-05, 1.9411201604969055e-05, 1.5907372389250846e-05, 1.3004266749877152e-05, 1.0619399804000745e-05, 8.660242433626261e-06, 7.059429732212327e-06, 5.753246487211163e-06, 4.687363954382926e-06, 3.818046291544896e-06, 3.1121816370880743e-06, 2.5347857290683836e-06, 2.061203374927562e-06, 1.6751809122584806e-06, 1.3616852300230402e-06, 1.1069309769255384e-06, 8.994655281667879e-07, 7.312029889704332e-07, 5.944019708638098e-07, 4.829869462944218e-07, 3.927262849563921e-07, 3.190563747941465e-07, 2.5914616827752845e-07, 2.1067370029431012e-07, 1.7129991023226853e-07, 1.3973344847649741e-07, 1.1386031004233922e-07, 9.281035209659275e-08, 7.567578880919685e-08, 6.1730270097242e-08, 5.032741583001213e-08, 4.1001796575466257e-08, 3.339546539736319e-08, 2.7134558680392062e-08, 2.20675309376578e-08, 1.7904751482602058e-08, 1.4506187628969195e-08, 1.1741940491969444e-08]
W_list: [8.0]
L_list: [4.96279336151924]
