R_list= [ 1  2  3  4  5  6  7  8  9 10 11 12 13 14 15 16 17 18 19 20 21 22 23 24
 25 26 27 28 29 30 31 32 33 34 35 36 37 38]
C_final_list= [6.376571148097653e-06, 5.454603409797297e-06, 4.62316709471348e-06, 3.903936817512512e-06, 3.293111429691743e-06, 2.7758350218359034e-06, 2.3378502873561658e-06, 1.9671277615260888e-06, 1.6546977229027455e-06, 1.3902654638003064e-06, 1.1675193003492776e-06, 9.803219651232292e-07, 8.229947052383358e-07, 6.901047950664683e-07, 5.782375899389162e-07, 4.842552550381856e-07, 4.055208315773972e-07, 3.397357496603615e-07, 2.845173112811025e-07, 2.381265370197483e-07, 1.9933786563688259e-07, 1.668458681744879e-07, 1.3966874953275299e-07, 1.1666717844568954e-07, 9.752239280442645e-08, 8.159744336100202e-08, 6.832329129619864e-08, 5.718598577140109e-08, 4.788119737337987e-08, 4.007620441821837e-08, 3.3561186275211875e-08, 2.8070220175855068e-08, 2.34639877050074e-08, 1.9597224620838925e-08, 1.6359310085204858e-08, 1.368518927827353e-08, 1.1468682745484263e-08, 9.624823841375293e-09]
W_list: [8.2]
L_list: [5.882553100002758]
