R_list= [ 1  2  3  4  5  6  7  8  9 10 11 12 13 14 15 16 17 18 19 20 21 22 23 24
 25 26 27 28 29 30 31 32 33 34 35 36 37 38]
C_final_list= [1.4101706032579737e-06, 1.338678314873948e-06, 1.2691527012652313e-06, 1.203989691643281e-06, 1.1419950549060515e-06, 1.0829064855765723e-06, 1.026628702409505e-06, 9.726327705360968e-07, 9.216704514036769e-07, 8.729272438028753e-07, 8.265050931128804e-07, 7.829626814012106e-07, 7.419763626732076e-07, 7.031585402278512e-07, 6.664559583492482e-07, 6.316828202612808e-07, 5.989613261348452e-07, 5.675198889997946e-07, 5.377131665088171e-07, 5.097771089812193e-07, 4.829481867235627e-07, 4.575460539302002e-07, 4.3334891544178595e-07, 4.1040234641930556e-07, 3.8840062106235956e-07, 3.6750916018238103e-07, 3.474480090666022e-07, 3.2822442702801024e-07, 3.099508512331872e-07, 2.9278819306210655e-07, 2.7639508223027127e-07, 2.609783742099169e-07, 2.465053366471324e-07, 2.3269271441581546e-07, 2.1964191585068415e-07, 2.0722727171717902e-07, 1.9549233176008575e-07, 1.8453618125299275e-07]
W_list: [5]
L_list: [18.489676631691193]
