C_final_list: [1.6276046998049008e-06, 1.3330114210903204e-06, 1.0842427592323531e-06, 8.82534325116575e-07, 7.174313742346448e-07, 5.855090565164879e-07, 4.780155760956658e-07, 3.908734832190093e-07, 3.1932875977992606e-07, 2.6110526221924887e-07, 2.132002399426049e-07, 1.7358707954596906e-07, 1.4102912712850598e-07, 1.1487311044543963e-07, 9.335143406734943e-08, 7.581528038413171e-08, 6.130247912678255e-08, 4.933057848993275e-08, 3.993090387688252e-08, 3.2392973237035704e-08, 2.6183484056307454e-08, 2.1155141922396587e-08, 1.718361907326054e-08, 1.3970753608832354e-08, 1.138819262789665e-08, 9.30714581406086e-09, 7.578255078978168e-09, 6.165285664246155e-09, 4.978903371149265e-09, 4.042105973536066e-09, 3.272202411125273e-09, 2.6495679246536518e-09, 2.1439381268789823e-09, 1.7313066454998296e-09, 1.3930984015667934e-09]
ndim2: 500
W_list: [3.4000000000000004]
L_list: [4.896523989154604]
