C_final_list: [2.0213103915380283e-06, 1.907687828321473e-06, 1.7980943775669204e-06, 1.6945316693614097e-06, 1.5965691902578385e-06, 1.5055042991336206e-06, 1.4183986262596812e-06, 1.3363127874510515e-06, 1.2592295657093053e-06, 1.1863936091102612e-06, 1.1191607508000221e-06, 1.0559622996400205e-06, 9.957591902028185e-07, 9.395200706709028e-07, 8.864187369802285e-07, 8.360855801597965e-07, 7.876548570555487e-07, 7.413826129905269e-07, 6.98105322310871e-07, 6.566668926715007e-07, 6.18132839019173e-07, 5.819919485280628e-07, 5.481401577670904e-07, 5.156000823564438e-07, 4.85009743064988e-07, 4.560986184006113e-07, 4.292217485657043e-07, 4.038366691909576e-07, 3.7981899217341117e-07, 3.5719016962491064e-07, 3.3586558119280393e-07, 3.160850223989012e-07, 2.97245227628256e-07, 2.793032410289592e-07, 2.6239857713578695e-07, 2.468056194252864e-07, 2.3208938500393463e-07, 2.1815757657829548e-07, 2.049402021697869e-07, 1.9261499136602827e-07, 1.8075900051341212e-07, 1.6959230120211943e-07, 1.5928512918590563e-07, 1.494575142452056e-07, 1.4027381730273323e-07, 1.3178845915071401e-07, 1.237705920550537e-07, 1.1625042560031849e-07, 1.0920009470523121e-07, 1.0263724674136565e-07]
ndim2: 500
W_list: [2.9]
L_list: [16.747139601063306]
