R_list= [ 1  2  3  4  5  6  7  8  9 10 11 12 13 14 15 16 17 18 19 20 21 22 23 24
 25 26 27 28 29 30 31 32 33 34 35 36 37 38]
C_final_list= [2.718587231554425e-06, 2.426571537434855e-06, 2.1467836714360522e-06, 1.8908981302498652e-06, 1.6627013887039193e-06, 1.460621883352383e-06, 1.2829843091448951e-06, 1.1266221957685592e-06, 9.889249178749743e-07, 8.675215830327047e-07, 7.612821156968835e-07, 6.675814246933555e-07, 5.854127339217813e-07, 5.132272103723063e-07, 4.497795682067077e-07, 3.942972887408144e-07, 3.454335818180766e-07, 3.026274591364451e-07, 2.649511982927014e-07, 2.317265927106e-07, 2.027033993577337e-07, 1.7718749739780493e-07, 1.5484635004924277e-07, 1.353683921046029e-07, 1.1825425198599458e-07, 1.0330105760652341e-07, 9.018361919853917e-08, 7.86949681111774e-08, 6.870634719435554e-08, 5.999939774856505e-08, 5.237523353631393e-08, 4.575435816428768e-08, 3.997134105461863e-08, 3.4897873775627966e-08, 3.0461934060709866e-08, 2.659067082099487e-08, 2.322383109536856e-08, 2.027877811334533e-08]
W_list: [7.95]
L_list: [7.76841517070762]
