C_list:
1.604723079236872e-06 0.11683874223313767
ndim2: 500
W_list: [2.8]
L_list: [8.558804903981422]
