C_final_list: [1.5464825962917579e-06, 1.517611436180934e-06, 1.4887549255284616e-06, 1.4610399640240938e-06, 1.4338119633473043e-06, 1.4071870706673975e-06, 1.3811182207039621e-06, 1.3555086839057552e-06, 1.3302847985033416e-06, 1.305697871184046e-06, 1.2813768318180596e-06, 1.2576897176774907e-06, 1.2343407692360638e-06, 1.2114916047318867e-06, 1.1890922161945701e-06, 1.1672081368172613e-06, 1.1456788208086564e-06, 1.1246086870826933e-06, 1.1039652785773817e-06, 1.0834556859185454e-06, 1.0634657859330904e-06, 1.0438309724932832e-06, 1.0245527353987478e-06, 1.0054364176773316e-06, 9.869306939415723e-07, 9.689290579602779e-07, 9.511162559111693e-07, 9.336787404134747e-07, 9.16398957657611e-07, 8.992913380633892e-07, 8.823810318722849e-07, 8.657355030937876e-07, 8.493610111016899e-07, 8.333099256125147e-07, 8.177534665572622e-07, 8.02208326523291e-07, 7.869252127213074e-07, 7.717313030021425e-07, 7.566989917959479e-07, 7.420206478953822e-07, 7.273920146798954e-07, 7.130169009957138e-07, 6.988400039158178e-07, 6.847866537732125e-07, 6.712687486749243e-07, 6.579596675967346e-07, 6.449333799983175e-07, 6.321118067847271e-07, 6.196230840847323e-07, 6.072898421109741e-07]
ndim2: 500
W_list: [3.1999999999999997]
L_list: [53.021062850146706]
