R_list= [ 1  2  3  4  5  6  7  8  9 10 11 12 13 14 15 16 17 18 19 20 21 22 23 24
 25 26 27 28 29 30 31 32 33 34 35 36 37 38]
C_final_list= [7.849696594357773e-07, 5.392079161740161e-07, 3.4699196647935235e-07, 2.208103076476316e-07, 1.4108973057408296e-07, 9.061152897424255e-08, 5.8133399293733635e-08, 3.708878083533647e-08, 2.353622197141238e-08, 1.4820924150127319e-08, 9.301484733491146e-09, 5.833732891293674e-09, 3.6589810041417343e-09, 2.2907472015989e-09, 1.4366145848201851e-09, 9.015955697125098e-10, 5.629665456318847e-10, 3.5286854826426586e-10, 2.229732739376195e-10, 1.4150768538880783e-10, 8.962584859578039e-11, 5.599616186228994e-11, 3.4326101651598096e-11, 2.0876935715002725e-11, 1.2623896235083941e-11, 7.642760165143308e-12, 4.5964655710493005e-12, 2.755785087693714e-12, 1.6532738832874661e-12, 1.0013945098616602e-12, 6.063949899582644e-13, 3.667090498369787e-13, 2.2380388179432449e-13, 1.3684395840498905e-13, 8.327301912863081e-14, 5.0564233317098225e-14, 3.062152440941927e-14, 1.880216750411195e-14]
W_list: [5]
L_list: [2.3664071233521278]
