C_final_list: [1.473880487036156e-06, 1.4416861287976357e-06, 1.4091496829930445e-06, 1.3773565521630245e-06, 1.3464479215693358e-06, 1.3160523302485723e-06, 1.2862917517645805e-06, 1.2575204197620396e-06, 1.2296374078103675e-06, 1.2022749701150929e-06, 1.1755420784437103e-06, 1.1494799461801585e-06, 1.1239133580775964e-06, 1.0985154217598685e-06, 1.0737994146092826e-06, 1.0495413153151525e-06, 1.025967587454464e-06, 1.0029857343422427e-06, 9.805945019297123e-07, 9.588727362667686e-07, 9.379119524797265e-07, 9.17239480888857e-07, 8.969628838545304e-07, 8.771334907066355e-07, 8.575857457582398e-07, 8.385985025907504e-07, 8.200645550939848e-07, 8.018272900779322e-07, 7.839603097869327e-07, 7.664328010715481e-07, 7.491743261145077e-07, 7.322955673430617e-07, 7.156884946648074e-07, 6.994392680500346e-07, 6.835912829939926e-07]
ndim2: 500
W_list: [3.2]
L_list: [44.30673629871409]
