R_list= [ 1  2  3  4  5  6  7  8  9 10 11 12 13 14 15 16 17 18 19 20 21 22 23 24
 25 26 27 28 29 30 31 32 33 34 35 36 37 38]
C_final_list= [1.1767374978515788e-06, 7.764832353761462e-07, 5.120768528283412e-07, 3.357389714678841e-07, 2.1901864979123019e-07, 1.433005057813604e-07, 9.351918019506512e-08, 6.063289141068856e-08, 3.9218336379165804e-08, 2.5280050729373448e-08, 1.5993540405773446e-08, 1.0340845087838526e-08, 6.610115190577709e-09, 4.260654167029902e-09, 2.7352400904631107e-09, 1.7654276314157889e-09, 1.134815370630404e-09, 7.357278714349756e-10, 4.676141858667185e-10, 2.991208634036909e-10, 1.8833990091456926e-10, 1.2118527958099224e-10, 7.989155264452693e-11, 5.196266720750657e-11, 3.3979753324246943e-11, 2.2213053713790692e-11, 1.3610898341908765e-11, 8.52326601857923e-12, 5.2843073110837826e-12, 3.2578448754921347e-12, 2.0469970444609898e-12, 1.2968335210443606e-12, 8.373061898137631e-13, 5.39597491003508e-13, 3.454005867363172e-13, 2.1408366977605485e-13, 1.334992904660026e-13, 8.62150999314258e-14]
W_list: [7.800000000000001]
L_list: [2.383221042621475]
