C_list:
1.4368337084279965e-06 0.1852252429333654
ndim2: 500
W_list: [3.6]
L_list: [5.398832168678807]
