R_list= [ 1  2  3  4  5  6  7  8  9 10 11 12 13 14 15 16 17 18 19 20 21 22 23 24
 25 26 27 28 29 30 31 32 33 34 35 36 37 38]
C_final_list= [7.953884718121437e-08, 3.78073866590521e-08, 1.436011326158404e-08, 4.826768678692587e-09, 1.5137040368620075e-09, 4.5583532014553177e-10, 1.3446563347279902e-10, 3.9207618032253977e-11, 1.134536061171826e-11, 3.2903620188505298e-12, 9.551938402154563e-13, 2.732591406320571e-13, 7.596770248735624e-14, 2.1075064536054555e-14, 6.024268483226174e-15, 1.8012130378126297e-15, 5.756464866234985e-16, 1.9258842539316838e-16, 6.380536066594798e-17, 1.9934867773087705e-17, 5.9640437401160295e-18, 1.759760842663792e-18, 5.4139022473246445e-19, 1.7412329975980293e-19, 5.65059316201353e-20, 1.929314786915033e-20, 7.248424394169181e-21, 3.3324549089442803e-21, 1.939434097436617e-21, 1.3773042747922562e-21, 1.1063576499378598e-21, 9.60275522977223e-22, 8.845233889360313e-22, 8.438814558516009e-22, 8.259386044166955e-22, 8.17509400047354e-22, 8.140407468071489e-22, 8.111659779185654e-22]
W_list: [5]
L_list: [1.2101556021802227]
