R_list= [ 1  2  3  4  5  6  7  8  9 10 11 12 13 14 15 16 17 18 19 20 21 22 23 24
 25 26 27 28 29 30 31 32 33 34 35 36 37 38]
C_final_list= [3.086866221577683e-05, 2.3340801804052305e-05, 1.7521989022235963e-05, 1.3115108339095989e-05, 9.788077636362129e-06, 7.2943486035437875e-06, 5.4337258759109925e-06, 4.0539384324535615e-06, 3.023326463598422e-06, 2.251740835099302e-06, 1.6760066167060795e-06, 1.2474412501763152e-06, 9.269430098445821e-07, 6.882666390371262e-07, 5.116500170453661e-07, 3.8076810192155907e-07, 2.830827705710263e-07, 2.1065259954944558e-07, 1.565099105873617e-07, 1.1607995776317747e-07, 8.610549236810293e-08, 6.381675430048121e-08, 4.732222226571695e-08, 3.5059255206341754e-08, 2.5992044475083746e-08, 1.93976561763292e-08, 1.4431832325135283e-08, 1.0712933727744564e-08, 7.966201505116191e-09, 5.9212883764113614e-09, 4.389304365932363e-09, 3.243453169457698e-09, 2.4034505359299793e-09, 1.7880201287840866e-09, 1.3233129219537707e-09, 9.829913699778938e-10, 7.282478297589664e-10, 5.433105010282585e-10]
W_list: [8.2]
L_list: [3.463836527602637]
