C_final_list: [1.5056037120377408e-06, 1.4801971606261017e-06, 1.4543943612816899e-06, 1.4294704735545162e-06, 1.4053536370777832e-06, 1.3818028525126703e-06, 1.3585167918491357e-06, 1.3358017433636751e-06, 1.31335141930164e-06, 1.2914005271694226e-06, 1.2697913390474668e-06, 1.2486251083622468e-06, 1.2276051256028636e-06, 1.206841367003164e-06, 1.186632842711509e-06, 1.1666990212273986e-06, 1.1472914156761988e-06, 1.1282290080537038e-06, 1.1094368199458535e-06, 1.0908778341332233e-06, 1.0728778319354832e-06, 1.0552787682059202e-06, 1.0378568575284477e-06, 1.020608458387993e-06, 1.0036964467392277e-06, 9.869179756482294e-07, 9.704792137522342e-07, 9.542084098084229e-07, 9.38168428786805e-07, 9.223115528379377e-07, 9.066372742494084e-07, 8.912806832163275e-07, 8.762332925177045e-07, 8.611598214730537e-07, 8.462939909372199e-07]
ndim2: 500
W_list: [2.6]
L_list: [59.24420388436576]
