R_list= [ 1  2  3  4  5  6  7  8  9 10 11 12 13 14 15 16 17 18 19 20 21 22 23 24
 25 26 27 28 29 30 31 32 33 34 35 36 37 38]
C_final_list= [5.843588747943972e-07, 4.782702112202266e-07, 3.9008329818471074e-07, 3.177323286968051e-07, 2.5815988894266794e-07, 2.0938197251904106e-07, 1.7031548940633311e-07, 1.385475968095617e-07, 1.1266137932749063e-07, 9.160819547804834e-08, 7.440696276783797e-08, 6.029160426844048e-08, 4.879725287880004e-08, 3.945331847858058e-08, 3.185081330507002e-08, 2.5626979531065397e-08, 2.064867722747606e-08, 1.659154532278311e-08, 1.327039442340438e-08, 1.0597034201279281e-08, 8.458464836933113e-09, 6.7400609807404964e-09, 5.404743449486778e-09, 4.3510606795954775e-09, 3.495775456970165e-09, 2.8184247318408347e-09, 2.2700967992055067e-09, 1.8336281536397442e-09, 1.4738746173112528e-09, 1.1810844870534976e-09, 9.4885199215352e-10, 7.596009409558482e-10, 6.068349502335827e-10, 4.861233877505099e-10, 3.862545829742966e-10, 3.0700960971864964e-10, 2.430116432641603e-10, 1.9411505059088362e-10]
W_list: [7.2]
L_list: [4.849470668013576]
