R_list= [ 1  2  3  4  5  6  7  8  9 10 11 12 13 14 15 16 17 18 19 20 21 22 23 24
 25 26 27 28 29 30 31 32 33 34 35 36 37 38]
C_final_list= [8.690371684030594e-07, 5.497923533581999e-07, 2.974399305138935e-07, 1.4704218757760647e-07, 6.885877260396152e-08, 3.115794721431588e-08, 1.3808723718370483e-08, 6.0545958507468875e-09, 2.6474538355843798e-09, 1.1601058075864962e-09, 5.112295809508351e-10, 2.275084648096626e-10, 1.0245169107187902e-10, 4.702752235526958e-11, 2.2268377532927813e-11, 1.092818905641846e-11, 5.466422272864429e-12, 2.6981477194309856e-12, 1.3002853784058631e-12, 6.201699560777171e-13, 2.978366035951246e-13, 1.449152473305915e-13, 7.045781299961683e-14, 3.421693028526433e-14, 1.688730063196974e-14, 8.544339646179706e-15, 4.454731653425803e-15, 2.3988457167714454e-15, 1.3200445991555177e-15, 7.076179736652368e-16, 3.643711650021637e-16, 1.8788693675830705e-16, 1.0006649133383557e-16, 5.589239518614383e-17, 3.128883871753211e-17, 1.655513815807891e-17, 8.220902482719896e-18, 3.915242080890885e-18]
W_list: [4]
L_list: [1.7711706849460553]
