R_list= [ 1  2  3  4  5  6  7  8  9 10 11 12 13 14 15 16 17 18 19 20 21 22 23 24
 25 26 27 28 29 30 31 32 33 34 35 36 37 38]
C_final_list= [2.3241502028467452e-05, 1.9197674029546186e-05, 1.5763079887688795e-05, 1.2906665964489899e-05, 1.054993047939077e-05, 8.615270156734336e-06, 7.033493998750038e-06, 5.734000049384754e-06, 4.674264364215277e-06, 3.8075938558615575e-06, 3.100350721146062e-06, 2.5238453591509067e-06, 2.054629233152151e-06, 1.6717939176785406e-06, 1.3596697452764298e-06, 1.1068157025530479e-06, 9.002863543104706e-07, 7.320310980449311e-07, 5.953453172588386e-07, 4.841611525331579e-07, 3.9376212504146044e-07, 3.2014643380406476e-07, 2.603142121650252e-07, 2.1179598637599973e-07, 1.7242474939465756e-07, 1.4031822485661465e-07, 1.1408157872029697e-07, 9.286059997260442e-08, 7.56075000987406e-08, 6.143930831550764e-08, 4.9912877437244484e-08, 4.051066189686899e-08, 3.283269292299234e-08, 2.6597364149260358e-08, 2.1550649637354586e-08, 1.746134212403793e-08, 1.4190288719206822e-08, 1.1549975373911891e-08]
W_list: [8.0]
L_list: [4.982793711794686]
