C_final_list: [2.2280584010278467e-06, 2.151460807179386e-06, 2.0746779396043973e-06, 2.0015464737351917e-06, 1.9312116070115846e-06, 1.8630596478986525e-06, 1.7958873295199096e-06, 1.7318492267469055e-06, 1.6699305448056123e-06, 1.611036063239154e-06, 1.5534333799411312e-06, 1.4984846790845266e-06, 1.4451094570998487e-06, 1.3934708514550125e-06, 1.3433524713864094e-06, 1.2947622761094293e-06, 1.2472839763874106e-06, 1.2018687982713804e-06, 1.1581659861402903e-06, 1.1159473791741055e-06, 1.0750824787963976e-06, 1.0361409985673405e-06, 9.983761273532932e-07, 9.620959806330327e-07, 9.265046718999446e-07, 8.916186867900043e-07, 8.584296099477111e-07, 8.265598093024518e-07, 7.957324047055079e-07, 7.662564234116885e-07, 7.375058950419606e-07, 7.096472906788249e-07, 6.826879049729941e-07, 6.565982862871422e-07, 6.317526165864961e-07]
ndim2: 500
W_list: [2.0]
L_list: [27.198688278263514]
