R_list= [ 1  2  3  4  5  6  7  8  9 10 11 12 13 14 15 16 17 18 19 20 21 22 23 24
 25 26 27 28 29 30 31 32 33 34 35 36 37 38]
C_final_list= [8.061666877444276e-07, 4.084209693021122e-07, 1.701420207028271e-07, 6.360614599121895e-08, 2.240240876556728e-08, 7.665213223639162e-09, 2.5882633708412673e-09, 8.719055044405981e-10, 2.9510378703854433e-10, 1.006579625422995e-10, 3.473259127300632e-11, 1.2079692703775214e-11, 4.226713326168234e-12, 1.498530220481839e-12, 5.511625417289262e-13, 2.0457717293262544e-13, 7.229646560528698e-14, 2.5696671043201068e-14, 9.013795708521227e-15, 3.1569136354678174e-15, 1.1395221603864318e-15, 4.1490656345746464e-16, 1.5066213373502116e-16, 5.242014035824187e-17, 1.8395498936104993e-17, 6.474096894574907e-18, 2.3386886932248504e-18, 8.561314128454179e-19, 3.2508464057746537e-19, 1.3000655568053966e-19, 5.65387157685406e-20, 2.75504756879282e-20, 1.526967934508262e-20, 9.602792992089654e-21, 6.91184173949557e-21, 5.6509799400135356e-21, 5.066821786182679e-21, 4.7539266400043625e-21]
W_list: [5]
L_list: [1.3095872990282873]
