R_list= [ 1  2  3  4  5  6  7  8  9 10 11 12 13 14 15 16 17 18 19 20 21 22 23 24
 25 26 27 28 29 30 31 32]
C_final_list= [5.853605141266733e-07, 4.99671821308902e-07, 4.3121362493447954e-07, 3.7123149672281704e-07, 3.185696368860126e-07, 2.733051194368127e-07, 2.3475215241318125e-07, 2.0161241003989345e-07, 1.730138069427434e-07, 1.4871145194676508e-07, 1.276108947274571e-07, 1.0916754106597397e-07, 9.316092378941535e-08, 7.939838595699233e-08, 6.766810601742835e-08, 5.7626620536420614e-08, 4.906728390403313e-08, 4.1882950860121885e-08, 3.570795726785555e-08, 3.038103491313004e-08, 2.5806806291519655e-08, 2.194915079771113e-08, 1.8650099647140917e-08, 1.5848872446360003e-08, 1.3465915980661847e-08, 1.1459022257135697e-08, 9.7571502951343e-09, 8.297795180396184e-09, 7.039520877517042e-09, 5.975252967990108e-09, 5.078536403686489e-09, 4.318607277397081e-09]
W_list: [6]
L_list: [6.526911680986601]
