C_final_list: [9.666910885721247e-07, 9.307065506218621e-07, 8.938742196017447e-07, 8.58098918410286e-07, 8.230259138017126e-07, 7.893276750348412e-07, 7.566454760333389e-07, 7.253409460246845e-07, 6.952705249373924e-07, 6.659963330856977e-07, 6.378159686087884e-07, 6.1065323625979e-07, 5.847883898616138e-07, 5.600090983941141e-07, 5.359462036711167e-07, 5.131029680718372e-07, 4.909530352878973e-07, 4.699244980667757e-07, 4.4964253109811926e-07, 4.300259798053858e-07, 4.1128168862602707e-07, 3.932589077048414e-07, 3.758405935214787e-07, 3.593212101034829e-07, 3.4364636130621413e-07, 3.285930661034299e-07, 3.139835068050533e-07, 3.0011475910119297e-07, 2.8678760639563256e-07, 2.739664388327835e-07, 2.618417541234063e-07, 2.501351524165693e-07, 2.388573120482024e-07, 2.2812327438040977e-07, 2.1774317340185566e-07]
ndim2: 500
W_list: [3.4000000000000004]
L_list: [23.026063545501362]
