C_final_list: [1.4988378506589804e-06, 1.4278769298968611e-06, 1.3602410006257507e-06, 1.295849539642279e-06, 1.2344703798946123e-06, 1.1765875944317653e-06, 1.1220733922211167e-06, 1.0704241150548349e-06, 1.020657646251554e-06, 9.7320915826097e-07, 9.273456895832053e-07, 8.84289392757436e-07, 8.430518697620064e-07, 8.037797424941246e-07, 7.664015272561663e-07, 7.305057242357904e-07, 6.957717855255664e-07, 6.625339035393513e-07, 6.306472189622287e-07, 6.000726062450088e-07, 5.707958345631838e-07, 5.4293167422647e-07, 5.163077665844524e-07, 4.910406992946185e-07, 4.670313952935329e-07, 4.442809701020525e-07, 4.223860082859444e-07, 4.016135665748472e-07, 3.8175244917004015e-07, 3.627857371262559e-07, 3.44838030710461e-07, 3.2752877451744726e-07, 3.111846903829185e-07, 2.955313682598683e-07, 2.806374937583401e-07]
ndim2: 500
W_list: [3.4000000000000004]
L_list: [20.585470661393245]
