R_list= [ 1  2  3  4  5  6  7  8  9 10 11 12 13 14 15 16 17 18 19 20 21 22 23 24
 25 26 27 28 29 30 31 32 33 34 35 36 37 38]
C_final_list= [5.275015097818002e-07, 3.887173799607683e-07, 2.907884223200285e-07, 2.167840254025572e-07, 1.6139000856879117e-07, 1.2054221314843003e-07, 8.952787194488108e-08, 6.630524487815037e-08, 4.922781980995133e-08, 3.673402659325447e-08, 2.741078730898463e-08, 2.0412134938960722e-08, 1.5094077358035517e-08, 1.1067800977636303e-08, 8.10320278322379e-09, 5.965216816114281e-09, 4.392455113840854e-09, 3.2425769550335616e-09, 2.376318447421286e-09, 1.750273626749811e-09, 1.287413496823421e-09, 9.577539772860956e-10, 7.074358257963122e-10, 5.235204935869341e-10, 3.876919366155158e-10, 2.85994841747361e-10, 2.0966649935977147e-10, 1.5202689347974188e-10, 1.102038774214736e-10, 8.012317393950322e-11, 5.845001633526048e-11, 4.221098348823682e-11, 3.058870025726183e-11, 2.2442867079442897e-11, 1.6438236996917948e-11, 1.1904026143744618e-11, 8.688969295778748e-12, 6.369111467642488e-12]
W_list: [7]
L_list: [3.378883986319072]
