C_final_list: [1.3312715258885496e-06, 1.1777823716600378e-06, 1.0343136518287945e-06, 9.077468840599382e-07, 7.970072178875052e-07, 6.999474733477478e-07, 6.142759678863301e-07, 5.389692669114618e-07, 4.7272217791052116e-07, 4.14739423724467e-07, 3.6343126602947294e-07, 3.1833337711228056e-07, 2.783357599127074e-07, 2.441222371382005e-07, 2.1401889102055549e-07, 1.8725828126917024e-07, 1.638188558455736e-07, 1.427907336347488e-07, 1.2496097594113266e-07, 1.092748688319596e-07, 9.547356532115824e-08, 8.337797188131372e-08, 7.255621388009989e-08, 6.338117441981933e-08, 5.519295127774367e-08, 4.8137386762678696e-08, 4.1803169228725086e-08, 3.641930721141767e-08, 3.156346177461346e-08, 2.7371206069073204e-08, 2.381562872319553e-08, 2.0684120065411584e-08, 1.798410381197863e-08, 1.559215721233637e-08, 1.353305594783527e-08]
ndim2: 500
W_list: [2.8]
L_list: [7.6426118186194465]
