R_list= [ 1  2  3  4  5  6  7  8  9 10 11 12 13 14 15 16 17 18 19 20 21 22 23 24
 25 26 27 28 29 30 31 32 33 34 35 36 37 38]
C_final_list= [2.2193866070489354e-07, 1.3536810203235414e-07, 6.963016822851012e-08, 3.2448445833626394e-08, 1.4224746181287102e-08, 5.989771198886786e-09, 2.4622405757948856e-09, 1.0006086974528418e-09, 4.043721104039469e-10, 1.6256142752953557e-10, 6.52866274537876e-11, 2.6328980898057015e-11, 1.0742684263609574e-11, 4.475975916044463e-12, 1.917408959674911e-12, 8.399830412654767e-13, 3.663398236454306e-13, 1.577897329361243e-13, 6.628310740878703e-14, 2.7330458704156424e-14, 1.1260737968778022e-14, 4.721083040519745e-15, 2.035750670005895e-15, 8.939662425753335e-16, 3.98896253686141e-16, 1.7845981120101911e-16, 7.83783191325063e-17, 3.4047159106569295e-17, 1.5462941741405583e-17, 7.060918233420037e-18, 3.1905394602659387e-18, 1.4487698264793243e-18, 6.754823327576881e-19, 3.155314202982535e-19, 1.512384298131361e-19, 7.392121787364169e-20, 3.657531760171275e-20, 1.8743924377789648e-20]
W_list: [4]
L_list: [1.6638087740635654]
