R_list= [ 1  2  3  4  5  6  7  8  9 10 11 12 13 14 15 16 17 18 19 20 21 22 23 24
 25 26 27 28 29 30 31 32 33 34 35 36 37 38]
C_final_list= [3.623900147502597e-05, 2.36148361522414e-05, 1.5307081909863916e-05, 9.892683047763318e-06, 6.39982734546662e-06, 4.134397962895133e-06, 2.6621330347772773e-06, 1.712429233502368e-06, 1.102167320402879e-06, 7.070574534531061e-07, 4.546658623647605e-07, 2.934274011433714e-07, 1.8891413657462383e-07, 1.2190431529587666e-07, 7.861114379444072e-08, 5.062658350233118e-08, 3.256162973618179e-08, 2.085074430196218e-08, 1.330237089784126e-08, 8.575445494785303e-09, 5.527296598309181e-09, 3.57040355669593e-09, 2.33462144287808e-09, 1.5214709535743113e-09, 9.866575419951309e-10, 6.404267242536277e-10, 4.1150922557008814e-10, 2.6636438019487364e-10, 1.7386766676543083e-10, 1.1332688843968692e-10, 7.350136562101779e-11, 4.716133234444639e-11, 3.057206043452621e-11, 1.9829443997852946e-11, 1.250486717085374e-11, 7.930495283104465e-12, 4.981166148539232e-12, 3.0957823266849646e-12]
W_list: [8.2]
L_list: [2.3092530224334786]
