R_list= [ 1  2  3  4  5  6  7  8  9 10 11 12 13 14 15 16 17 18 19 20 21 22 23 24
 25 26 27 28 29 30 31 32]
C_final_list= [1.5699142417133373e-07, 8.559465869465915e-08, 4.143071418890823e-08, 1.915962045124456e-08, 8.721254762958132e-09, 3.944260658996821e-09, 1.7816675181676378e-09, 8.052830940659054e-10, 3.648107487749158e-10, 1.667004146963852e-10, 7.670524763592952e-11, 3.48585506453753e-11, 1.5429074394062566e-11, 6.8801325128322075e-12, 3.1181894431918934e-12, 1.4654624687032058e-12, 7.137146249230151e-13, 3.552741547500153e-13, 1.8890905183188147e-13, 1.0772646503743525e-13, 6.100099426447581e-14, 3.232202411043758e-14, 1.5498274514064893e-14, 7.564692369925736e-15, 3.7622896963150334e-15, 1.896229276590722e-15, 7.81294557339597e-16, 2.9255816733145543e-16, 9.076775178400523e-17, 2.6739517580475986e-17, 8.103939018987108e-18, 2.4840817636803517e-18]
W_list: [6]
L_list: [1.4983003320120174]
