R_list= [ 1  2  3  4  5  6  7  8  9 10 11 12 13 14 15 16 17 18 19 20 21 22 23 24
 25 26 27 28 29 30 31 32 33 34 35 36 37 38]
C_final_list= [4.711402796745125e-07, 4.2220542199035725e-07, 3.756170277720832e-07, 3.3299094915136793e-07, 2.9469811089419096e-07, 2.606741140882453e-07, 2.3036532206932352e-07, 2.0347178425363033e-07, 1.7983307255886923e-07, 1.589941457412673e-07, 1.4052362235357813e-07, 1.241122209455605e-07, 1.0949153903148666e-07, 9.649402892728774e-08, 8.508291982092933e-08, 7.495745030826187e-08, 6.597984688127217e-08, 5.807449178805217e-08, 5.103549246587099e-08, 4.483602773891271e-08, 3.9352146297956645e-08, 3.450120108873484e-08, 3.022400362593968e-08, 2.6451300647857004e-08, 2.312980065073834e-08, 2.018475123631401e-08, 1.763342687131818e-08, 1.5399338782255077e-08, 1.3440136097269035e-08, 1.1729760130491113e-08, 1.0248759409283627e-08, 8.966770772733807e-09, 7.85357854954524e-09, 6.877433493349262e-09, 6.016519624101219e-09, 5.264589072049268e-09, 4.605122464264226e-09, 4.0273332207199195e-09]
W_list: [7]
L_list: [8.135745020286262]
