R_list= [ 1  2  3  4  5  6  7  8  9 10 11 12 13 14 15 16 17 18 19 20 21 22 23 24
 25 26 27 28 29 30]
C_final_list= [7.452162749599689e-07, 7.072245661838644e-07, 6.686689887994359e-07, 6.313053069193928e-07, 5.956664063002122e-07, 5.619327334509228e-07, 5.307215463295127e-07, 5.010834597312826e-07, 4.735018108717398e-07, 4.4707798648181664e-07, 4.219548065919006e-07, 3.9816998231137356e-07, 3.7584934628781637e-07, 3.5503410792559736e-07, 3.3515789577830044e-07, 3.164083739811784e-07, 2.9863381468657043e-07, 2.81687119083752e-07, 2.655220864392447e-07, 2.5024677031312764e-07, 2.3592306228125374e-07, 2.2245767706559295e-07, 2.0980287742453944e-07, 1.9787807976372245e-07, 1.8659996164216004e-07, 1.7593690721027956e-07, 1.6590152892631595e-07, 1.5631414571420058e-07, 1.472710582597783e-07, 1.3875469341709432e-07]
W_list: [6]
L_list: [17.3277806256939]
