R_list= [ 1  2  3  4  5  6  7  8  9 10 11 12 13 14 15 16 17 18 19 20 21 22 23 24
 25 26 27 28 29 30 31 32 33 34 35 36 37 38]
C_final_list= [1.5505744199259962e-06, 1.3860791963565825e-06, 1.260481464897965e-06, 1.1412425270487353e-06, 1.0337992286096567e-06, 9.351804129154251e-07, 8.45389826304229e-07, 7.642427930050254e-07, 6.91455414610916e-07, 6.256575300716518e-07, 5.660450088091818e-07, 5.109530290749225e-07, 4.613347078171122e-07, 4.161035952406214e-07, 3.7567349162096757e-07, 3.387230552613353e-07, 3.0500601806654964e-07, 2.7502434516132983e-07, 2.4785913056232486e-07, 2.236831638035197e-07, 2.0218879719444273e-07, 1.826497562073578e-07, 1.6529325794681536e-07, 1.493047170855529e-07, 1.3467768634999873e-07, 1.2164395510793783e-07, 1.0986539248535666e-07, 9.89098615815584e-08, 8.902091168400439e-08, 8.008374551942193e-08, 7.207727999220509e-08, 6.489471214213598e-08, 5.835909229509209e-08, 5.250446269829905e-08, 4.727172903689229e-08, 4.2517668737252e-08, 3.817883775511568e-08, 3.432825321469966e-08]
W_list: [5]
L_list: [9.881138647017256]
