R_list= [ 1  2  3  4  5  6  7  8  9 10 11 12 13 14 15 16 17 18 19 20 21 22 23 24
 25 26 27 28 29 30 31 32 33 34 35 36 37 38]
C_final_list= [3.523966396225587e-07, 3.2023392842989734e-07, 2.8926643781752225e-07, 2.602805461616674e-07, 2.3392555134971623e-07, 2.1004724910966753e-07, 1.886802776248981e-07, 1.6948475717409164e-07, 1.521547946131611e-07, 1.3660206548546658e-07, 1.2259339273453404e-07, 1.1002105837950704e-07, 9.863299812933384e-08, 8.841747375149847e-08, 7.922647793350937e-08, 7.091164411828942e-08, 6.338879732038585e-08, 5.6615345491288144e-08, 5.0531778755427526e-08, 4.507732051085045e-08, 4.0198986176448534e-08, 3.586051657564876e-08, 3.201422780073887e-08, 2.8563382701430904e-08, 2.5477000309308365e-08, 2.2707179475721447e-08, 2.02404049849878e-08, 1.8032003110818823e-08, 1.607173273306842e-08, 1.4307301768656547e-08, 1.2726822507284383e-08, 1.1312614331560414e-08, 1.0061629408312433e-08, 8.9509170060434e-09, 7.967134236934394e-09, 7.084450280278526e-09, 6.289058753828428e-09, 5.582932323869512e-09]
W_list: [7]
L_list: [9.277807756476639]
