R_list= [ 1  2  3  4  5  6  7  8  9 10 11 12 13 14 15 16 17 18 19 20 21 22 23 24
 25 26 27 28 29 30 31 32 33 34 35 36 37 38]
C_final_list= [2.8201814765439376e-07, 1.5052377624445692e-07, 7.151313651211521e-08, 3.2524907849310475e-08, 1.4556704678280774e-08, 6.463000151118671e-09, 2.8588961199727703e-09, 1.2691399383152245e-09, 5.572570091390224e-10, 2.419402249975442e-10, 1.0482375320696327e-10, 4.5725833774733134e-11, 2.0160899900991916e-11, 8.812239394490273e-12, 3.763789444449495e-12, 1.5811317424760818e-12, 6.725178706650315e-13, 2.914658945308141e-13, 1.2509756818394717e-13, 5.110986934950433e-14, 2.0253180495931006e-14, 8.054815935258463e-15, 3.2143046423815795e-15, 1.2688401766090953e-15, 4.945429029703457e-16, 1.8814720504277625e-16, 7.030497770657656e-17, 2.6720415795044886e-17, 1.0390413966576827e-17, 4.169151865720464e-18, 1.7773623995864112e-18, 7.442183724621119e-19, 3.102695329029239e-19, 1.5762620893397396e-19, 1.1040415073285366e-19, 3.674199403642993e-20, 1.112882439238663e-20, 3.4154022910668854e-21]
W_list: [6]
L_list: [1.4594218445816323]
