R_list= [ 1  2  3  4  5  6  7  8  9 10 11 12 13 14 15 16 17 18 19 20 21 22 23 24
 25 26 27 28 29 30 31 32 33 34 35 36 37 38]
C_final_list= [3.441611121097102e-06, 2.8100316933253236e-06, 2.2737355611709605e-06, 1.8331718388732044e-06, 1.4758211795456523e-06, 1.1834455459968954e-06, 9.483161521053632e-07, 7.579365277669632e-07, 6.060185091955079e-07, 4.842355772406849e-07, 3.8545793893107476e-07, 3.072055573742941e-07, 2.4537535146933287e-07, 1.9620511261665265e-07, 1.5697917584276964e-07, 1.257151992289118e-07, 1.0077782632088088e-07, 8.047243856008464e-08, 6.434336886011883e-08, 5.164923333482565e-08, 4.1274541080468295e-08, 3.2869244942508324e-08, 2.6128648911983658e-08, 2.078343754762286e-08, 1.6566099703696645e-08, 1.3196094099707236e-08, 1.0471944175729222e-08, 8.321352956226258e-09, 6.611841507417645e-09, 5.25696968542235e-09, 4.156219405987288e-09, 3.276513294397668e-09, 2.588722136768923e-09, 2.0641712133805243e-09, 1.6543005574983953e-09, 1.3245308843724595e-09, 1.0680658147798695e-09, 8.58316501134754e-10]
W_list: [8.2]
L_list: [4.615871749247353]
