R_list= [ 1  2  3  4  5  6  7  8  9 10 11 12 13 14 15 16 17 18 19 20 21 22 23 24
 25 26 27 28 29 30 31 32 33 34 35 36 37 38]
C_final_list= [4.379634593947432e-07, 1.921560564235818e-07, 6.805279832582962e-08, 2.1491254233845827e-08, 6.430453281271738e-09, 1.8712333413470433e-09, 5.417684326337335e-10, 1.5569543984685355e-10, 4.470739385317048e-11, 1.29594463533689e-11, 3.774838947716658e-12, 1.1003585556212163e-12, 3.138195692848454e-13, 9.197705951591485e-14, 2.8655835478988276e-14, 8.780651184061538e-15, 2.8393550567020886e-15, 8.33840046838357e-16, 2.259059028088136e-16, 6.743346738001766e-17, 1.9106617919940568e-17, 5.2681769440180836e-18, 1.552089432601295e-18, 5.32342594842819e-19, 2.0948851173817453e-19, 9.831491036767979e-20, 3.723794562585963e-20, 1.3452192876675498e-20, 3.973217825049599e-21, 1.1397821063225487e-21, 3.4908529006869226e-22, 1.0243732399086245e-22, 3.027319341147215e-23, 9.174734022935857e-24, 3.089818402882529e-24, 1.3886921946474074e-24, 8.57439727798249e-25, 6.122870119045479e-25]
W_list: [6]
L_list: [1.1205714985327961]
