R_list= [ 1  2  3  4  5  6  7  8  9 10 11 12 13 14 15 16 17 18 19 20 21 22 23 24
 25 26 27 28 29 30 31 32 33 34 35 36 37 38]
C_final_list= [2.1812245399500448e-05, 1.781386028620584e-05, 1.4420180890619555e-05, 1.1637073639361243e-05, 9.374022037080115e-06, 7.5498247720920214e-06, 6.073702479403192e-06, 4.876350318761595e-06, 3.918234178446912e-06, 3.1470834117665953e-06, 2.5294501180353155e-06, 2.029652410502817e-06, 1.6289589393504468e-06, 1.3069266775814289e-06, 1.048261268064103e-06, 8.405363722654994e-07, 6.744419778198144e-07, 5.416038431185306e-07, 4.3485947930322353e-07, 3.4892160604445783e-07, 2.8004228059850313e-07, 2.2477055979893636e-07, 1.8049654344021482e-07, 1.4478469725557482e-07, 1.1571094701131922e-07, 9.243572236251203e-08, 7.389053514643941e-08, 5.919774147983127e-08, 4.74739787050384e-08, 3.803367913712788e-08, 3.0554779236533835e-08, 2.4459028616890347e-08, 1.958003989623225e-08, 1.565519438964553e-08, 1.2541783956143564e-08, 1.0036960269133757e-08, 8.054045565569775e-09, 6.446254233997293e-09]
W_list: [8.2]
L_list: [4.664728270305207]
