R_list= [ 1  2  3  4  5  6  7  8  9 10 11 12 13 14 15 16 17 18 19 20 21 22 23 24
 25 26 27 28 29 30 31 32 33 34 35 36 37 38]
C_final_list= [2.8128168389908323e-06, 2.5121907649003603e-06, 2.2267655691507807e-06, 1.9672994564238438e-06, 1.7357218949462573e-06, 1.5289732774325603e-06, 1.3458524007511848e-06, 1.1828492487442225e-06, 1.0394585648477133e-06, 9.133593352099662e-07, 8.01887430416153e-07, 7.038175306677684e-07, 6.170959855756584e-07, 5.407343066544242e-07, 4.7345975805239484e-07, 4.142839623843025e-07, 3.6243662384225117e-07, 3.171738078516868e-07, 2.776058852285233e-07, 2.428008915748301e-07, 2.124022446327647e-07, 1.8562656424225392e-07, 1.6218000441776864e-07, 1.4169176578038746e-07, 1.236860693064039e-07, 1.0797039669478759e-07, 9.41708891413022e-08, 8.225250218667577e-08, 7.185152384467007e-08, 6.281260706812442e-08, 5.4908369725464025e-08, 4.799203161653042e-08, 4.1973264000259774e-08, 3.67273278183402e-08, 3.214440994590483e-08, 2.8150236851946582e-08, 2.4651405688802958e-08, 2.1602662068229923e-08]
W_list: [7.95]
L_list: [7.8511250308407]
