C_final_list: [1.976844273603752e-06, 1.6944465992377803e-06, 1.4497138077284139e-06, 1.244654393056364e-06, 1.0647116311189729e-06, 9.109552841889979e-07, 7.752025488326526e-07, 6.612123920779872e-07, 5.63545848608833e-07, 4.795714866945844e-07, 4.0786669360003277e-07, 3.4486097791254584e-07, 2.911424458604038e-07, 2.4675229478454925e-07, 2.0892807156167848e-07, 1.7691957991860771e-07, 1.4983725225540813e-07, 1.264548524613715e-07, 1.0678273055331998e-07, 8.985189587838727e-08, 7.591027453323809e-08, 6.402301812229868e-08, 5.402169098453879e-08, 4.5696958493945273e-08, 3.8615920026975644e-08, 3.266662488252162e-08, 2.7651234243388703e-08, 2.3357871771802527e-08, 1.9820130991575106e-08, 1.6743062282694642e-08, 1.4125502928420322e-08, 1.189388712878255e-08, 9.990012503384794e-09, 8.406717730865037e-09, 7.070448260500707e-09, 5.9491805362392124e-09, 4.994302460637162e-09, 4.198320518722961e-09, 3.5256974036921293e-09, 2.9483407648285074e-09, 2.467700308275874e-09, 2.0891369016336436e-09, 1.7659431387130713e-09, 1.4898813836758279e-09, 1.2610610403590829e-09, 1.0670733755512753e-09, 9.026260599036529e-10, 7.600847941032413e-10, 6.41111062486894e-10, 5.436504360301624e-10]
ndim2: 500
W_list: [3.4000000000000004]
L_list: [6.299398385934492]
