R_list= [ 1  2  3  4  5  6  7  8  9 10 11 12 13 14 15 16 17 18 19 20 21 22 23 24
 25 26 27 28 29 30 31 32 33 34 35 36 37 38]
C_final_list= [6.302429160466299e-07, 5.549773900947033e-07, 4.834720504455443e-07, 4.1965317405481934e-07, 3.633188170256949e-07, 3.140440706559938e-07, 2.7151913562811085e-07, 2.3487686558911491e-07, 2.027327216402516e-07, 1.7524287214234504e-07, 1.513379703317375e-07, 1.3062239649144033e-07, 1.1266140786406789e-07, 9.723874645975698e-08, 8.387409175277009e-08, 7.232031076477275e-08, 6.235344006292118e-08, 5.374526664270877e-08, 4.6329698663175355e-08, 3.9924412040116076e-08, 3.4423627719125236e-08, 2.9651628507077902e-08, 2.5526267820103724e-08, 2.1957611707735982e-08, 1.8865448820476298e-08, 1.62069278608254e-08, 1.3938088051139871e-08, 1.1975303951960939e-08, 1.0277688442250524e-08, 8.81879063643014e-09, 7.567150102105184e-09, 6.485371536658959e-09, 5.563240023526075e-09, 4.763981687785415e-09, 4.0871938625610985e-09, 3.507533219417088e-09, 3.007001561944263e-09, 2.5864813721957642e-09]
W_list: [8.2]
L_list: [6.957035104549846]
