C_final_list: [2.0759825370582502e-06, 1.8341718046085743e-06, 1.6170575961672569e-06, 1.4286617215698437e-06, 1.2591676499124692e-06, 1.111543316102107e-06, 9.744772542069668e-07, 8.544654061008029e-07, 7.486264357290804e-07, 6.525241379039878e-07, 5.716093517686247e-07, 4.993561261404695e-07, 4.363927824500494e-07, 3.810198169290022e-07, 3.3210708189210386e-07, 2.891910267144962e-07, 2.517995342921442e-07, 2.1913186567297408e-07, 1.9099877072186666e-07, 1.660430838326454e-07, 1.4424215205971312e-07, 1.2545171349842396e-07, 1.0928188032436806e-07, 9.536490655356076e-08, 8.309042870580269e-08, 7.230976201236362e-08, 6.278408808958165e-08, 5.462302657158883e-08, 4.751120550933035e-08, 4.1263420502572075e-08, 3.586952950670309e-08, 3.099987700768466e-08, 2.6883072590094e-08, 2.3293256076962467e-08, 2.0135437158256597e-08, 1.7456913576907898e-08, 1.5103096059971085e-08, 1.3077788498566135e-08, 1.1347295837637911e-08, 9.881948347837988e-09, 8.592631411115547e-09, 7.475056876411376e-09, 6.463439375947825e-09, 5.61373637135225e-09, 4.882143423303108e-09, 4.264238690079244e-09, 3.715608645248713e-09, 3.220632610078867e-09, 2.797511844524644e-09, 2.4228690044391942e-09]
ndim2: 500
W_list: [3.05]
L_list: [7.660889733566614]
