R_list= [ 1  2  3  4  5  6  7  8  9 10 11 12 13 14 15 16 17 18 19 20 21 22 23 24
 25 26 27 28 29 30 31 32 33 34 35 36 37 38]
C_final_list= [1.3961848383293752e-06, 1.2912721282338801e-06, 1.2056820493187382e-06, 1.1237700490472124e-06, 1.04773612396495e-06, 9.76684188648168e-07, 9.100894162006209e-07, 8.477099480993918e-07, 7.889999144823897e-07, 7.344357851395358e-07, 6.840144944194796e-07, 6.373174740189475e-07, 5.934963062069376e-07, 5.531638486562393e-07, 5.155915951011486e-07, 4.803055207813911e-07, 4.470003724778984e-07, 4.1561839938906534e-07, 3.861868199687399e-07, 3.58711014992849e-07, 3.329800056526717e-07, 3.0899808495669403e-07, 2.8670882353960644e-07, 2.656287192213856e-07, 2.46338839604383e-07, 2.285035294979381e-07, 2.1163066442658032e-07, 1.9579068842874499e-07, 1.8112328680434943e-07, 1.677447804327484e-07, 1.5525822400798246e-07, 1.4362530678975268e-07, 1.3298324256534422e-07, 1.232073420131418e-07, 1.1415097352269479e-07, 1.0580774346049752e-07, 9.80711239493346e-08, 9.088878918535448e-08]
W_list: [5]
L_list: [13.898433482109857]
