R_list= [ 1  2  3  4  5  6  7  8  9 10 11 12 13 14 15 16 17 18 19 20 21 22 23 24
 25 26 27 28 29 30 31 32 33 34 35 36 37 38]
C_final_list= [1.5223536269162999e-07, 7.405024425670733e-08, 2.9038760973879647e-08, 1.0128147495182166e-08, 3.301185217086801e-09, 1.033073289407645e-09, 3.1432200690660643e-10, 9.446361547732872e-11, 2.8375292469011436e-11, 8.621031692283474e-12, 2.659935166280747e-12, 8.31446755424469e-13, 2.612461795278146e-13, 8.301413515358484e-14, 2.7207815052649006e-14, 8.950745555988788e-15, 2.7355595880038655e-15, 8.147822986814175e-16, 2.4729859321412615e-16, 7.193950949622336e-17, 2.066401964879014e-17, 6.073208950200057e-18, 1.8703889452615146e-18, 5.925169480775435e-19, 1.8736572036097098e-19, 5.937915377113523e-20, 1.9663756415560746e-20, 7.177205676242596e-21, 2.966946407658414e-21, 1.447819560236805e-21, 8.602579235508553e-22, 6.121202316847225e-22, 4.975111093006376e-22, 4.405478829801332e-22, 4.107099124912155e-22, 3.9476398083613633e-22, 3.895373592084045e-22, 3.8938491976680473e-22]
W_list: [5]
L_list: [1.2434603027734739]
