R_list= [ 1  2  3  4  5  6  7  8  9 10 11 12 13 14 15 16 17 18 19 20 21 22 23 24
 25 26 27 28 29 30 31 32 33 34 35 36 37 38]
C_final_list= [5.752554382441188e-07, 4.561378412648541e-07, 3.5764246348617415e-07, 2.797052533359973e-07, 2.1756674634192836e-07, 1.6972364461205367e-07, 1.319916718722034e-07, 1.0264456661033967e-07, 7.968294681380231e-08, 6.201379533279191e-08, 4.828382828869551e-08, 3.7645618003671096e-08, 2.916978884949752e-08, 2.247614398190204e-08, 1.7360152076757633e-08, 1.338810241984696e-08, 1.0360354250508166e-08, 7.971021935314934e-09, 6.1148075012181015e-09, 4.708685854490843e-09, 3.6360409220316786e-09, 2.815860907418999e-09, 2.1833115627188297e-09, 1.692084632717702e-09, 1.3113881626037574e-09, 1.0116574046495285e-09, 7.815118653882277e-10, 6.050038912868477e-10, 4.672918606084377e-10, 3.60408993773389e-10, 2.7832586377845973e-10, 2.1492390785162908e-10, 1.6756574280201884e-10, 1.3176380653973285e-10, 1.0341153297913987e-10, 8.079649330387744e-11, 6.31535800629333e-11, 4.8989135532928534e-11]
W_list: [8.4]
L_list: [4.068060913080031]
