C_final_list: [1.7882300040343524e-06, 1.47048041361633e-06, 1.2087863649482073e-06, 9.937902966946264e-07, 8.183912066690618e-07, 6.69500525420984e-07, 5.476137872494538e-07, 4.4734573716302275e-07, 3.65773993911854e-07, 2.9791830090932405e-07, 2.4241248317759276e-07, 1.979984679766469e-07, 1.6169303645133543e-07, 1.3157286288293342e-07, 1.0706543788464592e-07, 8.728342259115794e-08, 7.123903741882058e-08, 5.79965196004478e-08, 4.739692441793913e-08, 3.853825461860775e-08, 3.1257518209828715e-08, 2.5208554279071298e-08, 2.026453788986388e-08, 1.6257774731752785e-08, 1.3035493724230373e-08, 1.052017886920331e-08, 8.555218662980976e-09, 6.9522824794725576e-09, 5.6342173590505404e-09, 4.5709104251775676e-09, 3.717244349146879e-09, 2.9973443492293204e-09, 2.4087657156617377e-09, 1.912050546954669e-09, 1.5188639383097967e-09, 1.223222332623951e-09, 9.910411758305304e-10, 7.913911633185206e-10, 6.291671685948712e-10, 4.957033947480519e-10, 3.89472195202764e-10, 3.0731686157565923e-10, 2.3984890752821926e-10, 1.8740452772733922e-10, 1.4719875899264909e-10, 1.1692054204925988e-10, 9.307873354325154e-11, 7.441029501214862e-11, 5.995261740635855e-11, 4.7929184120088534e-11]
ndim2: 500
W_list: [3.8]
L_list: [5.032632126600614]
