C_list:
3.580103910137096e-07 0.1408421847179339
ndim2: 500
W_list: [4.2]
L_list: [7.1001454713494425]
