R_list= [ 1  2  3  4  5  6  7  8  9 10 11 12 13 14 15 16 17 18 19 20 21 22 23 24
 25 26 27 28 29 30 31 32 33 34 35 36 37 38]
C_final_list= [7.030707222151125e-07, 6.493841993527125e-07, 5.983692127499926e-07, 5.504790881458258e-07, 5.056277111110747e-07, 4.643233220994614e-07, 4.265191601497983e-07, 3.9166396178358284e-07, 3.592851917133206e-07, 3.2913702078702737e-07, 3.0141539396343626e-07, 2.7618787811400086e-07, 2.5315688662845255e-07, 2.3217196294587403e-07, 2.1268518953887746e-07, 1.9509877951524552e-07, 1.7878324369309644e-07, 1.6379734426494507e-07, 1.4994328694185287e-07, 1.3707822745749534e-07, 1.2516967730913748e-07, 1.1419632469049619e-07, 1.0415152027812104e-07, 9.510662319539858e-08, 8.681658819973613e-08, 7.919388945254373e-08, 7.219171510971532e-08, 6.578400800864354e-08, 6.00159664448083e-08, 5.472651654781513e-08, 4.9908455507127654e-08, 4.552564226808579e-08, 4.151792352643591e-08, 3.78593897297328e-08, 3.453258306223865e-08, 3.1488908815741646e-08, 2.8715545724110558e-08, 2.6176585515298446e-08]
W_list: [6.2]
L_list: [11.551276658068383]
