R_list= [ 1  2  3  4  5  6  7  8  9 10 11 12 13 14 15 16 17 18 19 20 21 22 23 24
 25 26 27 28 29 30]
C_final_list= [8.880784066066369e-08, 4.895286157725554e-08, 2.4310705846783185e-08, 1.1562400706549879e-08, 5.3839422350757255e-09, 2.4598170308575085e-09, 1.1057275418897618e-09, 4.902712299555951e-10, 2.1547807263549868e-10, 9.39873584304339e-11, 4.075184068974825e-11, 1.7437050602994455e-11, 7.492872451394399e-12, 3.2452473613265092e-12, 1.4366258106815173e-12, 6.322184370871943e-13, 2.8037041374494093e-13, 1.3027982180870827e-13, 6.51004337263861e-14, 4.3941638166752506e-14, 3.8180328895090655e-14, 2.73789619090096e-14, 1.2875512127099811e-14, 3.5120889436816817e-15, 1.2029708509386772e-15, 5.497471671216443e-16, 2.4993036404138967e-16, 8.609467624100988e-17, 2.931414814952889e-17, 1.1510617815811674e-17]
W_list: [6]
L_list: [1.5336088352817248]
