C_final_list: [2.170955689230041e-06, 2.131762929590849e-06, 2.092310518190916e-06, 2.0542535153883426e-06, 2.01685488794197e-06, 1.979856109579164e-06, 1.943845202834921e-06, 1.9082394368507884e-06, 1.8730259410712974e-06, 1.8387657493763603e-06, 1.8049102921162728e-06, 1.7717120469511826e-06, 1.7392010167496156e-06, 1.7072706379964132e-06, 1.676301093658636e-06, 1.6457788872947403e-06, 1.6152248574304906e-06, 1.5853789620167897e-06, 1.555828615455941e-06, 1.5264945175896317e-06, 1.49791577005806e-06, 1.4697829738316011e-06, 1.44219344358168e-06, 1.4151258703397412e-06, 1.3886654955728228e-06, 1.3623821392055086e-06, 1.3366290748845409e-06, 1.3114018781406931e-06, 1.286334167774033e-06, 1.2618802629202265e-06, 1.237938782034464e-06, 1.2141517442370712e-06, 1.1905764926487368e-06, 1.1676232888654392e-06, 1.1449508836660655e-06]
ndim2: 500
W_list: [2.2]
L_list: [53.39526736651907]
