R_list= [ 1  2  3  4  5  6  7  8  9 10 11 12 13 14 15 16 17 18 19 20 21 22 23 24
 25 26 27 28 29 30 31 32 33 34 35 36 37 38]
C_final_list= [2.249777828374794e-06, 1.9736712137053357e-06, 1.7134050193340989e-06, 1.4819216743858803e-06, 1.2782095803411075e-06, 1.1014163829607984e-06, 9.476385244396886e-07, 8.146566284968472e-07, 7.00040624251599e-07, 6.013508185993111e-07, 5.169242273783925e-07, 4.439724083052574e-07, 3.8097968232345856e-07, 3.2680378931902656e-07, 2.8034206897101334e-07, 2.4048076818489525e-07, 2.0631834886275698e-07, 1.769322600361107e-07, 1.5158665327127956e-07, 1.2991398174421254e-07, 1.1132940977638823e-07, 9.533140126526673e-08, 8.170268719435793e-08, 6.9963677107943e-08, 5.985719018859069e-08, 5.1224961777061046e-08, 4.385452354090353e-08, 3.750568622067447e-08, 3.2087809650079276e-08, 2.74398706597016e-08, 2.346133111763509e-08, 2.005480817502021e-08, 1.7150191692663296e-08, 1.4660087620785373e-08, 1.2542997767951858e-08, 1.0728123027468118e-08, 9.175407744092204e-09, 7.856097835708837e-09]
W_list: [8.3]
L_list: [6.755640344275552]
