R_list= [ 1  2  3  4  5  6  7  8  9 10 11 12 13 14 15 16 17 18 19 20 21 22 23 24
 25 26 27 28 29 30 31 32]
C_final_list= [7.787659047442324e-07, 7.283636233361156e-07, 6.790820040180833e-07, 6.324735787637004e-07, 5.879230952731941e-07, 5.463900056463271e-07, 5.075909137209294e-07, 4.7151287195485294e-07, 4.376979748981238e-07, 4.0635813806250586e-07, 3.7705266408516094e-07, 3.4975158339546845e-07, 3.2443526371856985e-07, 3.008716793337016e-07, 2.7894036172804755e-07, 2.5848307600993925e-07, 2.3956344910555584e-07, 2.2186289528683735e-07, 2.0544346443291344e-07, 1.9028139518695453e-07, 1.7622643540813496e-07, 1.6327178728001123e-07, 1.5141789410355933e-07, 1.402938585312685e-07, 1.3001058796165244e-07, 1.2050599275863744e-07, 1.1158484462913238e-07, 1.0327342269866477e-07, 9.563797370707209e-08, 8.855514663967523e-08, 8.199298588576862e-08, 7.592037909022977e-08]
W_list: [6]
L_list: [13.44339523545691]
