C_list:
1.9212359318331445e-06 0.19560718609885744
ndim2: 500
W_list: [3.0]
L_list: [5.112286618624596]
