R_list= [ 1  2  3  4  5  6  7  8  9 10 11 12 13 14 15 16 17 18 19 20 21 22 23 24
 25 26 27 28 29 30 31 32 33 34 35 36 37 38]
C_final_list= [7.732920837797903e-07, 6.947105682008722e-07, 6.193540759578517e-07, 5.502018891387288e-07, 4.880192038275972e-07, 4.329664167667743e-07, 3.8435106676766614e-07, 3.411245846547648e-07, 3.029252703011075e-07, 2.6868642924850154e-07, 2.37689349793083e-07, 2.1012623538946002e-07, 1.8567758971812133e-07, 1.6402114247229268e-07, 1.4483232318446288e-07, 1.279230062165208e-07, 1.1281913768004652e-07, 9.9410645064492e-08, 8.745618005000564e-08, 7.678912298585853e-08, 6.738628869612653e-08, 5.9135020046282204e-08, 5.187301313069388e-08, 4.548631259196807e-08, 3.9859159653178116e-08, 3.492338390640962e-08, 3.0602163325424454e-08, 2.6807800815338834e-08, 2.353325037787091e-08, 2.0658910466550202e-08, 1.8125532931222522e-08, 1.5909551002141502e-08, 1.3953811709636783e-08, 1.2239083634892926e-08, 1.0742738059564485e-08, 9.418325012749905e-09, 8.253562730543785e-09, 7.228064681588371e-09]
W_list: [7.8]
L_list: [8.308835946513335]
