C_final_list: [6.719798466230705e-07, 6.362977004412693e-07, 6.001331239111003e-07, 5.651324255207931e-07, 5.319991525306796e-07, 5.006994596880396e-07, 4.707443291954378e-07, 4.423220348283042e-07, 4.1525091351099866e-07, 3.895921630519374e-07, 3.6561759865488197e-07, 3.431924404177583e-07, 3.2202867125618086e-07, 3.022784894916896e-07, 2.8358896217568957e-07, 2.662652710316294e-07, 2.4982954707121547e-07, 2.3422315712233107e-07, 2.1966946721322512e-07, 2.058888418420144e-07, 1.928439197247436e-07, 1.8073058309047834e-07, 1.694594793935528e-07, 1.588454487981447e-07, 1.4885712456439133e-07, 1.393826372331559e-07, 1.3054722609679118e-07, 1.221848201358243e-07, 1.1432834077703252e-07, 1.0699546974719592e-07, 1.0015101119167583e-07, 9.361059340827215e-08, 8.742059288254065e-08, 8.169692984029647e-08, 7.62984282941294e-08]
ndim2: 500
W_list: [3.0]
L_list: [15.874864359781938]
