C_final_list: [1.5377081297427057e-06, 1.41123274231526e-06, 1.2900019708450188e-06, 1.1770985477786232e-06, 1.0773829608286994e-06, 9.846859857602578e-07, 9.008795769728611e-07, 8.243444421226697e-07, 7.536402093255337e-07, 6.894895022594213e-07, 6.292158179976163e-07, 5.743260326947048e-07, 5.234849935810478e-07, 4.776512753139169e-07, 4.354794278034512e-07, 3.9747536173585674e-07, 3.624759826838013e-07, 3.3014790032190363e-07, 3.0046597528921035e-07, 2.7311376103906254e-07, 2.480967419878584e-07, 2.251749494895907e-07, 2.0417986193206332e-07, 1.8522609998643976e-07, 1.6820111013010862e-07, 1.525875258567447e-07, 1.3851408567588391e-07, 1.2572308071761623e-07, 1.1398894700268608e-07, 1.0330520783774366e-07, 9.362996501380799e-08, 8.486253489643175e-08, 7.704076199150084e-08, 6.993736133357793e-08, 6.348315775664532e-08]
ndim2: 500
W_list: [2.2]
L_list: [10.977556672284233]
