C_final_list: [1.5858427311667681e-06, 1.2805165898665338e-06, 1.0308564444720173e-06, 8.288368763554407e-07, 6.662839671300919e-07, 5.33541723949244e-07, 4.2838905767670463e-07, 3.4223527664627427e-07, 2.7176980302050215e-07, 2.165712511057333e-07, 1.7299850678493747e-07, 1.3793773990617168e-07, 1.1067220890485165e-07, 8.873837662346715e-08, 7.115619592392358e-08, 5.6902211159712847e-08, 4.560058623540309e-08, 3.64328766961864e-08, 2.9075662082435814e-08, 2.3063307649197905e-08, 1.826995771672977e-08, 1.4560014486218404e-08, 1.1580028833886244e-08, 9.159613958741867e-09, 7.250092304836617e-09, 5.691901771760617e-09, 4.455586360363898e-09, 3.4641060746324174e-09, 2.7305362759332434e-09, 2.165620776584891e-09, 1.7280334469488522e-09, 1.3691142989386917e-09, 1.0918113710425856e-09, 8.553615097815395e-10, 6.722620132755623e-10]
ndim2: 500
W_list: [3.6]
L_list: [4.551863472095169]
