R_list= [ 1  2  3  4  5  6  7  8  9 10 11 12 13 14 15 16 17 18 19 20 21 22 23 24
 25 26 27 28 29 30 31 32 33 34 35 36 37 38]
C_final_list= [5.807722838287186e-07, 4.792755934044596e-07, 3.937251129201219e-07, 3.233995542892507e-07, 2.656194708915891e-07, 2.1769700352504862e-07, 1.7811624838482462e-07, 1.4587831998543868e-07, 1.197114631471638e-07, 9.764101037831267e-08, 7.973233586341704e-08, 6.503011601086836e-08, 5.306709845348351e-08, 4.32468630904013e-08, 3.5228485688459064e-08, 2.8644172022376655e-08, 2.337064651483205e-08, 1.9037360943291763e-08, 1.552702864366889e-08, 1.2581810772691078e-08, 1.0182143183054078e-08, 8.243007953880784e-09, 6.636664303718976e-09, 5.338096788090374e-09, 4.304195658918329e-09, 3.481473219127009e-09, 2.795928770379017e-09, 2.25523256202831e-09, 1.8135431119794187e-09, 1.45406844638316e-09, 1.1706547227609846e-09, 9.420998560808525e-10, 7.558340272349691e-10, 6.063995118102232e-10, 4.869677312772702e-10, 3.927530552673497e-10, 3.149990887865742e-10, 2.5206661299434396e-10]
W_list: [7]
L_list: [5.045803881012538]
