R_list= [ 1  2  3  4  5  6  7  8  9 10 11 12 13 14 15 16 17 18 19 20 21 22 23 24
 25 26 27 28 29 30 31 32]
C_final_list= [7.749499155492357e-07, 7.241971130420594e-07, 6.740870880535908e-07, 6.268414857019382e-07, 5.822705342291648e-07, 5.4092398112023e-07, 5.025052269690377e-07, 4.668725785077258e-07, 4.3341443507575726e-07, 4.020258564564124e-07, 3.732336412357306e-07, 3.463370370085647e-07, 3.213171569180909e-07, 2.9823425918054426e-07, 2.76348730488224e-07, 2.5600013903314015e-07, 2.3711110137465083e-07, 2.1950658320719493e-07, 2.03362475609967e-07, 1.882535124162483e-07, 1.7413323566208232e-07, 1.6108604907560948e-07, 1.4894464811378745e-07, 1.377465514129078e-07, 1.274193133070618e-07, 1.1780273316436858e-07, 1.0889041224709514e-07, 1.0064422712683956e-07, 9.304399024110225e-08, 8.600833935867381e-08, 7.947691751320426e-08, 7.34816390524773e-08]
W_list: [6]
L_list: [13.364749153371642]
