R_list= [ 1  2  3  4  5  6  7  8  9 10 11 12 13 14 15 16 17 18 19 20 21 22 23 24
 25 26 27 28 29 30 31 32 33 34 35 36 37 38]
C_final_list= [4.0040073596009197e-07, 1.6113615288469848e-07, 5.149546159448874e-08, 1.465744198021284e-08, 3.894619039527764e-09, 9.983105929695147e-10, 2.516803868877179e-10, 6.396777200259746e-11, 1.646055935721455e-11, 4.2628635297489225e-12, 1.113976641027183e-12, 3.0502821674435636e-13, 8.648722710144956e-14, 2.31525055620315e-14, 6.0613357903305145e-15, 1.5508781346807673e-15, 3.967763364987879e-16, 1.0359321908963531e-16, 2.831901918152358e-17, 7.45032655502218e-18, 1.845021873309848e-18, 4.574331136010552e-19, 1.0926209158452519e-19, 2.719726436199092e-20, 7.790736543699526e-21, 2.440771379465386e-21, 8.348994931967421e-22, 3.6130527219674526e-22, 1.9608867627662327e-22, 1.320970845007611e-22, 1.0548990241042674e-22, 9.156476213643065e-23, 8.544303277931586e-23, 8.386184407330568e-23, 8.336282395819291e-23, 8.12094877129221e-23, 7.979137238027666e-23, 7.894665349020812e-23]
W_list: [6]
L_list: [1.028840550961784]
