R_list= [ 1  2  3  4  5  6  7  8  9 10 11 12 13 14 15 16 17 18 19 20 21 22 23 24
 25 26 27 28 29 30]
C_final_list= [4.9983895945416124e-08, 2.1489838302009055e-08, 7.53476439477554e-09, 2.3930798785238247e-09, 7.223472101674658e-10, 2.1183322648027057e-10, 6.036009104879671e-11, 1.6838093709518517e-11, 4.637102158747397e-12, 1.276872084012045e-12, 3.464001061567494e-13, 9.091390591411759e-14, 2.3739043631694245e-14, 6.452136660654137e-15, 1.7043198852275862e-15, 4.049861359843312e-16, 9.677920576754292e-17, 2.437053030435682e-17, 6.2627096069247345e-18, 1.6352089387462469e-18, 4.1650539303118537e-19, 1.0071878052431375e-19, 2.43966809656833e-20, 6.2435193241646055e-21, 1.6294958564686592e-21, 4.440529783629824e-22, 1.1765548241378257e-22, 2.833631383846673e-23, 6.819030804030939e-24, 1.8881356513699493e-24]
W_list: [6]
L_list: [1.1022992581752475]
