R_list= [ 1  2  3  4  5  6  7  8  9 10 11 12 13 14 15 16 17 18 19 20 21 22 23 24
 25 26 27 28 29 30 31 32 33 34 35 36 37 38]
C_final_list= [4.7489903737545725e-07, 2.702869501674952e-07, 1.3199854391768828e-07, 5.971680350315952e-08, 2.5937118368576018e-08, 1.0971618779197173e-08, 4.562851395690149e-09, 1.8735475560314437e-09, 7.571750786027188e-10, 3.024562010272031e-10, 1.1903239914183922e-10, 4.615216225455644e-11, 1.7839611803397556e-11, 6.955379864271696e-12, 2.718064661340435e-12, 1.0800807700266547e-12, 4.494140910590286e-13, 2.008345545860957e-13, 9.014045345155975e-14, 3.760365092408558e-14, 1.5301374541956596e-14, 6.073656365234434e-15, 2.465279736040781e-15, 1.0382987955084754e-15, 4.665108404383177e-16, 2.2290550674697554e-16, 1.0391366344328858e-16, 4.715540819745213e-17, 1.9308291396026457e-17, 6.9964345660319e-18, 2.4349772611359993e-18, 8.166550562372801e-19, 2.7512776390430156e-19, 9.447636193394908e-20, 3.32214380976811e-20, 1.2265906026061782e-20, 4.590598889362082e-21, 1.712202035745676e-21]
W_list: [5]
L_list: [1.5432615356499593]
