R_list= [ 1  2  3  4  5  6  7  8  9 10 11 12 13 14 15 16 17 18 19 20 21 22 23 24
 25 26 27 28 29 30 31 32 33 34 35 36 37 38]
C_final_list= [1.8145634481659148e-06, 1.5684969380504817e-06, 1.3706533785550994e-06, 1.2186686432150137e-06, 1.088750174492388e-06, 9.716402427827025e-07, 8.664188525281847e-07, 7.735028072344627e-07, 6.900593385195584e-07, 6.144416933807396e-07, 5.469869423194982e-07, 4.871596683847617e-07, 4.342800452952835e-07, 3.870374356989032e-07, 3.443673717037021e-07, 3.061409876604939e-07, 2.71992506933612e-07, 2.41900706458178e-07, 2.154584462393271e-07, 1.9213831601458845e-07, 1.7118492392415518e-07, 1.5233398660108308e-07, 1.3556327184199613e-07, 1.2062852180660112e-07, 1.0719714699520084e-07, 9.522530955442435e-08, 8.459461069547383e-08, 7.510941829293798e-08, 6.659149913697117e-08, 5.9012486476241616e-08, 5.229738542006919e-08, 4.631549642168328e-08, 4.102436491997598e-08, 3.6354557478970885e-08, 3.219335096192605e-08, 2.848523645605078e-08, 2.520553106288624e-08, 2.230616573466077e-08]
W_list: [4]
L_list: [8.474174076496913]
