R_list= [ 1  2  3  4  5  6  7  8  9 10 11 12 13 14 15 16 17 18 19 20 21 22 23 24
 25 26 27 28 29 30 31 32 33 34 35 36 37 38]
C_final_list= [2.498120371783893e-06, 1.92689087794694e-06, 1.4704080827953233e-06, 1.1135285425355383e-06, 8.404127298648577e-07, 6.342559294019786e-07, 4.772343465701358e-07, 3.599458564029966e-07, 2.709748572635069e-07, 2.0330623121786413e-07, 1.5251749941007006e-07, 1.1400383001026797e-07, 8.526974684860492e-08, 6.385449660692306e-08, 4.778474253458558e-08, 3.5794818813206957e-08, 2.6800754766664946e-08, 2.0052752974512085e-08, 1.500624949334966e-08, 1.1225533904198234e-08, 8.362560629640757e-09, 6.264904751112629e-09, 4.704728564424017e-09, 3.5512424022411902e-09, 2.676217032786126e-09, 2.00951617706855e-09, 1.5135014560294831e-09, 1.1321029555211948e-09, 8.420732416025497e-10, 6.325812916025108e-10, 4.738919882971178e-10, 3.5808383398305737e-10, 2.689078234354873e-10, 2.034065093802152e-10, 1.5201247363461692e-10, 1.1288460911433557e-10, 8.388466334950404e-11, 6.243622313586999e-11]
W_list: [9.0]
L_list: [3.6329387360952206]
