C_final_list: [1.645993245634276e-06, 1.5819061886905676e-06, 1.5179270989739858e-06, 1.454781678336142e-06, 1.394154026872811e-06, 1.3368841581391692e-06, 1.2820805746436788e-06, 1.2302285580910287e-06, 1.1808192283524323e-06, 1.1336123106401617e-06, 1.0885069932549562e-06, 1.0446350013532453e-06, 1.0024444223084758e-06, 9.616895802851394e-07, 9.226579130781082e-07, 8.855250364589551e-07, 8.500454459057926e-07, 8.15679210910645e-07, 7.826838398807013e-07, 7.507518336787826e-07, 7.200331808376388e-07, 6.902624478178722e-07, 6.618389987066216e-07, 6.341744200948404e-07, 6.075060959545086e-07, 5.818179035753412e-07, 5.57047706045334e-07, 5.333786105134447e-07, 5.108120405506345e-07, 4.893191940199907e-07, 4.6884922063530065e-07, 4.492779279482869e-07, 4.3073462789830506e-07, 4.1288636476644536e-07, 3.957727445619878e-07, 3.794120430719573e-07, 3.63744128366345e-07, 3.484207333316445e-07, 3.336890397158673e-07, 3.196601463679731e-07, 3.0618093420861464e-07, 2.932797838798758e-07, 2.809067091458223e-07, 2.691700479185951e-07, 2.5791363570454444e-07, 2.4707886077578907e-07, 2.3676603634002752e-07, 2.2699423342341025e-07, 2.1757121859214504e-07, 2.0864350743465348e-07]
ndim2: 500
W_list: [3.3]
L_list: [23.88887057747319]
