C_final_list: [2.0775408215902432e-06, 1.9681680472161534e-06, 1.8599926255749099e-06, 1.7593523890695575e-06, 1.66656480601344e-06, 1.5776074065136195e-06, 1.4949521442255917e-06, 1.4159593394988383e-06, 1.342268911091271e-06, 1.272018910616341e-06, 1.2051050174842178e-06, 1.141900433081861e-06, 1.0812366620262145e-06, 1.0249079574581397e-06, 9.71059560346869e-07, 9.19513396161673e-07, 8.702255468966841e-07, 8.231805376834755e-07, 7.783207671914997e-07, 7.363278850645689e-07, 6.960646529759495e-07, 6.580798015154303e-07, 6.219739730749123e-07, 5.877522359984422e-07, 5.556198331405732e-07, 5.255106786589648e-07, 4.964978257480256e-07, 4.69382913408025e-07, 4.4357314288005713e-07, 4.1893956497033386e-07, 3.959047150655803e-07, 3.7431094043485003e-07, 3.538009947481391e-07, 3.336699139582175e-07, 3.1482784828176953e-07, 2.9680750690846753e-07, 2.7981210121545984e-07, 2.6362014030496834e-07, 2.486583415103172e-07, 2.34675657415993e-07, 2.213336059708513e-07, 2.0865788072846983e-07, 1.9659305794136241e-07, 1.852870864177915e-07, 1.7470176996811285e-07, 1.6485810258185402e-07, 1.553574374748479e-07, 1.464426006650899e-07, 1.380443187253903e-07, 1.300686409943695e-07]
ndim2: 500
W_list: [2.8]
L_list: [18.11254160791985]
