R_list= [ 1  2  3  4  5  6  7  8  9 10 11 12 13 14 15 16 17 18 19 20 21 22 23 24
 25 26 27 28 29 30 31 32 33 34 35 36 37 38]
C_final_list= [1.265274909863319e-06, 8.86960930739525e-07, 6.204274649114268e-07, 4.3277630497581533e-07, 3.039471047552648e-07, 2.1279765300523462e-07, 1.4797880170291519e-07, 1.0313670497642907e-07, 7.167200675126915e-08, 4.946148677778852e-08, 3.419251270340243e-08, 2.3434453989858546e-08, 1.6064460920214352e-08, 1.0979606761330721e-08, 7.554564109603653e-09, 5.170353617621021e-09, 3.5850312771841514e-09, 2.4699662262338895e-09, 1.6764197522937398e-09, 1.1403280256375314e-09, 7.804730898473679e-10, 5.357381681591112e-10, 3.690869138967089e-10, 2.55250828267964e-10, 1.7701801153326147e-10, 1.1922076000773693e-10, 8.16769003422481e-11, 5.6486259118736454e-11, 3.791795148932617e-11, 2.6185336821325826e-11, 1.7838092888122275e-11, 1.234918880235618e-11, 8.624988152084069e-12, 5.918945947047767e-12, 4.031104444897518e-12, 2.7716882694357532e-12, 1.924507135259589e-12, 1.3087759903223185e-12]
W_list: [6.800000000000001]
L_list: [2.797378169059535]
