R_list= [ 1  2  3  4  5  6  7  8  9 10 11 12 13 14 15 16 17 18 19 20 21 22 23 24
 25 26 27 28 29 30 31 32 33 34 35 36 37 38]
C_final_list= [2.416485973785919e-05, 2.0055923290116775e-05, 1.6508489629207057e-05, 1.3557429532247848e-05, 1.1118656021661955e-05, 9.107395163271262e-06, 7.448212028288633e-06, 6.087508715717417e-06, 4.9751234924946724e-06, 4.0627378873632695e-06, 3.3159657435072262e-06, 2.7078547614820135e-06, 2.2115210825902858e-06, 1.8073547800258982e-06, 1.4766744840065037e-06, 1.2073765707190401e-06, 9.869310819777886e-07, 8.065396638550698e-07, 6.590111221308281e-07, 5.390429587153441e-07, 4.41247670442253e-07, 3.610196675172548e-07, 2.954136005968587e-07, 2.4149632892483383e-07, 1.9732154877037853e-07, 1.6099218110616466e-07, 1.3155526410109187e-07, 1.0763011887093083e-07, 8.819830526448354e-08, 7.22734342678031e-08, 5.9362814365544825e-08, 4.878370665546537e-08, 4.002803489973206e-08, 3.281276710467604e-08, 2.6872308425096368e-08, 2.204722564690814e-08, 1.8035831406708454e-08, 1.4727076062022128e-08]
W_list: [7.95]
L_list: [5.057283250433256]
