R_list= [ 1  2  3  4  5  6  7  8  9 10 11 12 13 14 15 16 17 18 19 20 21 22 23 24
 25 26 27 28 29 30 31 32 33 34 35 36 37 38]
C_final_list= [3.4433876759647065e-07, 2.8654769833853117e-07, 2.351094639196249e-07, 1.9165626549332518e-07, 1.5596373130765296e-07, 1.2665629534764496e-07, 1.0252638526926311e-07, 8.285954680735768e-08, 6.693207417475015e-08, 5.3961480278062656e-08, 4.352318090665288e-08, 3.51412785737076e-08, 2.8313532230733553e-08, 2.2813879556453553e-08, 1.8337187082344795e-08, 1.4722848958118403e-08, 1.1821382759125386e-08, 9.495481482133848e-09, 7.597271776636418e-09, 6.0759735070292054e-09, 4.852708824772208e-09, 3.8881699511137195e-09, 3.1148050340543885e-09, 2.4933716701266495e-09, 1.988617772998812e-09, 1.5783708862235485e-09, 1.2514863175593897e-09, 9.88970818403176e-10, 7.813909912696446e-10, 6.177870258275444e-10, 4.875666544423898e-10, 3.8433613398878477e-10, 3.035135185332415e-10, 2.389729299429216e-10, 1.8747949095389172e-10, 1.4739976431122608e-10, 1.1595624996102956e-10, 9.08544713158445e-11]
W_list: [9.2]
L_list: [4.880176478846501]
