R_list= [ 1  2  3  4  5  6  7  8  9 10 11 12 13 14 15 16 17 18 19 20 21 22 23 24
 25 26 27 28 29 30 31 32 33 34 35 36 37 38]
C_final_list= [5.33980878880609e-07, 4.6487960339590675e-07, 4.0081461971316683e-07, 3.434235981422928e-07, 2.933492416063221e-07, 2.5034459411868297e-07, 2.1349330667388177e-07, 1.816769669889319e-07, 1.546551510246441e-07, 1.3159415611661112e-07, 1.1217198986179428e-07, 9.546366028146615e-08, 8.126114055560588e-08, 6.912798081142795e-08, 5.86770678089762e-08, 4.984370141612501e-08, 4.2383116044039976e-08, 3.603597957021113e-08, 3.0604035902157986e-08, 2.594701597539845e-08, 2.1995244811017005e-08, 1.864888415828353e-08, 1.5783778091859495e-08, 1.3342918523762154e-08, 1.1279509171012428e-08, 9.531277195769365e-09, 8.067736974272084e-09, 6.8365683133887354e-09, 5.7918183240264194e-09, 4.899555684484842e-09, 4.152654942119028e-09, 3.5198040179882007e-09, 2.981540873272652e-09, 2.5223204458304925e-09, 2.1304315982092683e-09, 1.7986408163938878e-09, 1.516553566195873e-09, 1.2793866617509564e-09]
W_list: [8.4]
L_list: [6.381876342510072]
