R_list= [ 1  2  3  4  5  6  7  8  9 10 11 12 13 14 15 16 17 18 19 20 21 22 23 24
 25 26 27 28 29 30 31 32 33 34 35 36 37 38]
C_final_list= [1.3101002894052246e-06, 1.1626874452243498e-06, 1.05277820524738e-06, 9.527841957633923e-07, 8.609636482608549e-07, 7.780434608435006e-07, 7.038023732937572e-07, 6.378174424036251e-07, 5.785395920323243e-07, 5.248376965549283e-07, 4.757789833385105e-07, 4.309729796823106e-07, 3.899632721616314e-07, 3.528512424654075e-07, 3.1901492587727114e-07, 2.8793923456176506e-07, 2.5958449652408687e-07, 2.3449474377080282e-07, 2.1203500723188676e-07, 1.9139961920940198e-07, 1.7264011752104762e-07, 1.5564537253895946e-07, 1.4014175735783138e-07, 1.2617101342732838e-07, 1.1364483692681531e-07, 1.0235611709529043e-07, 9.2040092272721e-08, 8.281496776205715e-08, 7.458773283858907e-08, 6.70815010482752e-08, 6.028432018018027e-08, 5.410838592412328e-08, 4.8504096017954914e-08, 4.35355980108754e-08, 3.9107520612737104e-08, 3.5092874643400835e-08, 3.1490394851428095e-08, 2.832131607797535e-08]
W_list: [5]
L_list: [9.90934261796789]
