R_list= [ 1  2  3  4  5  6  7  8  9 10 11 12 13 14 15 16 17 18 19 20 21 22 23 24
 25 26 27 28 29 30 31 32 33 34 35 36 37 38]
C_final_list= [9.294458349408562e-07, 7.514841516815389e-07, 6.193071341797866e-07, 5.092448348920969e-07, 4.171955464317429e-07, 3.4330125843310226e-07, 2.819945555313992e-07, 2.3178616480110102e-07, 1.9011836760033292e-07, 1.560139579348962e-07, 1.2774661097646133e-07, 1.0471420486686158e-07, 8.574953311323693e-08, 7.013462193653716e-08, 5.72734012063602e-08, 4.677510380419588e-08, 3.830128811568056e-08, 3.131756712527754e-08, 2.5527196245173015e-08, 2.0681823687060206e-08, 1.670295382100192e-08, 1.3514882407964713e-08, 1.0939170993951342e-08, 8.830340839705558e-09, 7.171170919285631e-09, 5.825124777849566e-09, 4.722828525864586e-09, 3.838796518383063e-09, 3.1349808591500963e-09, 2.5605094276507194e-09, 2.0947974154832195e-09, 1.7097988034651825e-09, 1.3851753852545832e-09, 1.1159200224353408e-09, 9.002259768624315e-10, 7.26073722920075e-10, 5.874982777948965e-10, 4.719349529983389e-10]
W_list: [6]
L_list: [5.038548308946371]
