R_list= [ 1  2  3  4  5  6  7  8  9 10 11 12 13 14 15 16 17 18 19 20 21 22 23 24
 25 26 27 28 29 30 31 32]
C_final_list= [6.61577192999026e-07, 5.840367467546752e-07, 5.193328149064452e-07, 4.6038614401854954e-07, 4.0757539901795767e-07, 3.6148416931253823e-07, 3.202521299215443e-07, 2.8321111082476705e-07, 2.5032468168205985e-07, 2.2110005217751562e-07, 1.949939974498697e-07, 1.7205787143769467e-07, 1.5190157339074368e-07, 1.3407311993335505e-07, 1.1807342703142099e-07, 1.0393164632324104e-07, 9.156259015995405e-08, 8.077888659890736e-08, 7.122409348497955e-08, 6.272244961545978e-08, 5.519634722207022e-08, 4.8611236144317315e-08, 4.280943317608769e-08, 3.765864132256896e-08, 3.3061397348332994e-08, 2.899847474363161e-08, 2.5422566459124074e-08, 2.2309650606641298e-08, 1.9577156573931414e-08, 1.7171513575387933e-08, 1.503392801407975e-08, 1.317394163494511e-08]
W_list: [6]
L_list: [8.134617062921839]
