R_list= [ 1  2  3  4  5  6  7  8  9 10 11 12 13 14 15 16 17 18 19 20 21 22 23 24
 25 26 27 28 29 30 31 32 33 34 35 36 37 38]
C_final_list= [9.312596231215136e-07, 8.214770476681404e-07, 7.222290196047328e-07, 6.352263573950576e-07, 5.5810088723489e-07, 4.90419900930237e-07, 4.310577910247717e-07, 3.781997419480011e-07, 3.3253578810025996e-07, 2.929243914325821e-07, 2.574954620500238e-07, 2.2661137402740043e-07, 1.9908592586633948e-07, 1.7473164629411204e-07, 1.5326381039780356e-07, 1.341709576730041e-07, 1.1750754274173062e-07, 1.0274925413080735e-07, 8.979839062940515e-08, 7.849491609710648e-08, 6.856020622326814e-08, 5.990593238090231e-08, 5.231638428190887e-08, 4.571612322120455e-08, 3.9969743633621673e-08, 3.4912903546134546e-08, 3.0465281350730524e-08, 2.6546844980983677e-08, 2.3145452158025287e-08, 2.018386531267798e-08, 1.7582797391077227e-08, 1.5304918883292897e-08, 1.331419003510173e-08, 1.1571818267085262e-08, 1.0066473428533707e-08, 8.751106629791685e-09, 7.596494278410652e-09, 6.575722689241761e-09]
W_list: [6]
L_list: [7.72700150793424]
