C_final_list: [1.8607492008315712e-06, 1.6161254934637206e-06, 1.3976761535499556e-06, 1.2087420307579204e-06, 1.0446970902697334e-06, 9.045711528991253e-07, 7.795274717209741e-07, 6.750109545115036e-07, 5.841136611306193e-07, 5.039231108141312e-07, 4.3512428383135317e-07, 3.7649739306588723e-07, 3.26012303481898e-07, 2.8089936129711485e-07, 2.42364931967671e-07, 2.0915584071833013e-07, 1.8048523701223452e-07, 1.5568325555434842e-07, 1.3360863348604292e-07, 1.1511220378905354e-07, 9.872334612949399e-08, 8.454931449155631e-08, 7.216866603067457e-08, 6.147472337874174e-08, 5.231256698514424e-08, 4.447254782373313e-08, 3.7778880646542715e-08, 3.2217369834662274e-08, 2.749044702945095e-08, 2.3462240557261857e-08, 2.0024265014838958e-08, 1.703279142367289e-08, 1.4515465605279964e-08, 1.2340630025031517e-08, 1.0498243476563107e-08, 8.959334325018028e-09, 7.59720692521332e-09, 6.445122501693103e-09, 5.491224556379213e-09, 4.6622117108645255e-09, 3.972041525722019e-09, 3.3818765370232543e-09, 2.887035582315404e-09, 2.4518405467902256e-09, 2.0895132019321164e-09, 1.786847067021914e-09, 1.5321712423913132e-09, 1.3168655832385767e-09, 1.1252734812354345e-09, 9.59734903406447e-10]
ndim2: 500
W_list: [3.25]
L_list: [6.85807361962617]
