R_list= [ 1  2  3  4  5  6  7  8  9 10 11 12 13 14 15 16 17 18 19 20 21 22 23 24
 25 26 27 28 29 30 31 32 33 34 35 36 37 38]
C_final_list= [1.513076282686353e-06, 1.398478497198227e-06, 1.2923277693788596e-06, 1.1939267485971844e-06, 1.1039263348480864e-06, 1.020094641410256e-06, 9.436117510945055e-07, 8.719990954382025e-07, 8.061099090043815e-07, 7.454317118550089e-07, 6.888477218438973e-07, 6.369324539162687e-07, 5.88930077461955e-07, 5.449000964999741e-07, 5.043214181038974e-07, 4.6632581730829245e-07, 4.3094789731279585e-07, 3.9802593115532756e-07, 3.6700428688787066e-07, 3.3839335283985147e-07, 3.119787477418021e-07, 2.875784356325046e-07, 2.652069747338766e-07, 2.445855976980883e-07, 2.2563602510346217e-07, 2.0814291002758496e-07, 1.9185154053386823e-07, 1.7682292460726345e-07, 1.6310729502662062e-07, 1.5032650775781495e-07, 1.384094982292034e-07, 1.2738172661918504e-07, 1.1710689731952357e-07, 1.0762316198468416e-07, 9.887476145447036e-08, 9.087223580170935e-08, 8.363620821510894e-08, 7.686057508198758e-08]
W_list: [5]
L_list: [12.64715523277149]
