R_list= [ 1  2  3  4  5  6  7  8  9 10 11 12 13 14 15 16 17 18 19 20 21 22 23 24
 25 26 27 28 29 30 31 32 33 34 35 36 37 38]
C_final_list= [3.850873894648125e-07, 3.512914417376889e-07, 3.183994220506215e-07, 2.8725545893971416e-07, 2.5871325873776086e-07, 2.3285451639056376e-07, 2.093699358255309e-07, 1.8805016986103472e-07, 1.689043933010086e-07, 1.5174823462056103e-07, 1.3635346692876895e-07, 1.2242728912816472e-07, 1.0995113829327427e-07, 9.877671172831993e-08, 8.865201952405714e-08, 7.954863328763997e-08, 7.135431402041641e-08, 6.396827018935768e-08, 5.7313834800657906e-08, 5.1365404873707835e-08, 4.599767681479026e-08, 4.1158942815825646e-08, 3.678138716367241e-08, 3.286246429211485e-08, 2.9344776383937424e-08, 2.6204533959063542e-08, 2.3393010769509984e-08, 2.0895193200159866e-08, 1.8634750128353908e-08, 1.662328395607858e-08, 1.482850483205442e-08, 1.3229553873221993e-08, 1.1811441620999054e-08, 1.0542469544641833e-08, 9.407761308547066e-09, 8.388259496522313e-09, 7.479969715284638e-09, 6.665962798761886e-09]
W_list: [7]
L_list: [9.435280263544916]
