R_list= [ 1  2  3  4  5  6  7  8  9 10 11 12 13 14 15 16 17 18 19 20 21 22 23 24
 25 26 27 28 29 30 31 32 33 34 35 36 37 38]
C_final_list= [3.7562321914258836e-07, 3.241394202312432e-07, 2.7710920089211954e-07, 2.3599771699754082e-07, 2.000286420885628e-07, 1.692999043337588e-07, 1.4280484675162772e-07, 1.2019814920716664e-07, 1.0098591012562828e-07, 8.478511867445168e-08, 7.119329599366878e-08, 5.976460069096102e-08, 5.014818025815488e-08, 4.206676162596573e-08, 3.530088051035128e-08, 2.9633128079253732e-08, 2.4884541305327634e-08, 2.0877758766121917e-08, 1.7509129829093563e-08, 1.4706374943003378e-08, 1.2321602007570233e-08, 1.0322184029187513e-08, 8.627918223562822e-09, 7.20786480639327e-09, 6.025977877159503e-09, 5.0406531440309685e-09, 4.2139969676211966e-09, 3.5306852596963167e-09, 2.9578076162711148e-09, 2.4793413494287994e-09, 2.0787287307985182e-09, 1.7433052770324458e-09, 1.4599668537892535e-09, 1.2245376309856911e-09, 1.0269759267437563e-09, 8.61554756387029e-10, 7.219730640457581e-10, 6.033484675686369e-10]
W_list: [8.4]
L_list: [6.016857610022844]
