R_list= [ 1  2  3  4  5  6  7  8  9 10 11 12 13 14 15 16 17 18 19 20 21 22 23 24
 25 26 27 28 29 30 31 32 33 34 35 36 37 38]
C_final_list= [5.836367636765029e-07, 4.817568954518713e-07, 3.96961650799148e-07, 3.260205699484169e-07, 2.6779421369521476e-07, 2.1920733502447145e-07, 1.7978493318695083e-07, 1.473488720488441e-07, 1.203235277762483e-07, 9.802724015032644e-08, 7.97469630395707e-08, 6.492184336736345e-08, 5.2864187019412354e-08, 4.301386185108678e-08, 3.488438635513594e-08, 2.8302754351792255e-08, 2.2934763636032825e-08, 1.8528814242609698e-08, 1.5014117493669174e-08, 1.2144701310590704e-08, 9.861666250676997e-09, 7.985602881657014e-09, 6.4918422675863144e-09, 5.277184329454999e-09, 4.2646014922243434e-09, 3.440834140817523e-09, 2.7741107608065835e-09, 2.2494520272258563e-09, 1.8271971053104439e-09, 1.4865210812399764e-09, 1.2105287523858275e-09, 9.778406922409022e-10, 7.905695907200987e-10, 6.324388028749018e-10, 5.08669611950878e-10, 4.094829242239365e-10, 3.2713899981667156e-10, 2.6195526464671984e-10]
W_list: [7]
L_list: [5.045072650245365]
