R_list= [ 1  2  3  4  5  6  7  8  9 10 11 12 13 14 15 16 17 18 19 20 21 22 23 24
 25 26 27 28 29 30 31 32 33 34 35 36 37 38]
C_final_list= [3.4802114048507222e-06, 2.8314063769986357e-06, 2.2863739158603265e-06, 1.8384069209778605e-06, 1.4768547879366228e-06, 1.1867376998920274e-06, 9.542656078468898e-07, 7.663465536774318e-07, 6.156673879879297e-07, 4.939519473631985e-07, 3.9578842216014303e-07, 3.1748212195560317e-07, 2.5431511545588714e-07, 2.0333328931437853e-07, 1.6280017037347918e-07, 1.2963051826013798e-07, 1.0299193839602999e-07, 8.217579308062721e-08, 6.562666535098403e-08, 5.2485881527838616e-08, 4.199308860424355e-08, 3.35401684039136e-08, 2.6764593918080113e-08, 2.1392411671466747e-08, 1.7121932259055614e-08, 1.3638500012668506e-08, 1.0828680819611438e-08, 8.592087254863619e-09, 6.820793633907029e-09, 5.4053583865269065e-09, 4.285769705520172e-09, 3.407612406887081e-09, 2.7078503999852344e-09, 2.147951620727312e-09, 1.7022230876491259e-09, 1.3506367616216301e-09, 1.0744081270551206e-09, 8.590584631832286e-10]
W_list: [8.2]
L_list: [4.615094457652791]
