R_list= [ 1  2  3  4  5  6  7  8  9 10 11 12 13 14 15 16 17 18 19 20 21 22 23 24
 25 26 27 28 29 30 31 32 33 34 35 36 37 38]
C_final_list= [1.5101451839776556e-06, 1.3853225009245671e-06, 1.2798884624407564e-06, 1.1949016069054089e-06, 1.1178461278622472e-06, 1.0443674296133084e-06, 9.750246282080306e-07, 9.099778969694824e-07, 8.495149780189444e-07, 7.930874805222567e-07, 7.402278093264395e-07, 6.909033854397311e-07, 6.449549386577523e-07, 6.022247469761473e-07, 5.620813122024911e-07, 5.243236837019899e-07, 4.891144741874661e-07, 4.560233231670076e-07, 4.2511967415642276e-07, 3.9629413618882506e-07, 3.6929976987629975e-07, 3.442203991385717e-07, 3.2098308776013714e-07, 2.991647600058706e-07, 2.7869493529436986e-07, 2.595132508840994e-07, 2.415260515177499e-07, 2.247394134386089e-07, 2.0906665538907772e-07, 1.944002661382568e-07, 1.806565328875168e-07, 1.6785624621458194e-07, 1.5587798487401914e-07, 1.4465471196643802e-07, 1.3423055048192116e-07, 1.2460947782553293e-07, 1.156824419945524e-07, 1.0737211880924171e-07]
W_list: [4]
L_list: [14.294602138194962]
