R_list= [ 1  2  3  4  5  6  7  8  9 10 11 12 13 14 15 16 17 18 19 20 21 22 23 24
 25 26 27 28 29 30 31 32 33 34 35 36 37 38]
C_final_list= [2.2748024711397706e-06, 2.1592662714334335e-06, 2.061062795172928e-06, 1.964064302278768e-06, 1.8739861242217465e-06, 1.787609874873683e-06, 1.704483773767398e-06, 1.6269156711950529e-06, 1.5518273600707036e-06, 1.4793771172107133e-06, 1.4108772788524352e-06, 1.344484195907017e-06, 1.2815532467992998e-06, 1.2212569293216394e-06, 1.1637086445250912e-06, 1.1090331559101778e-06, 1.056100763046114e-06, 1.0060555246613572e-06, 9.579577529523139e-07, 9.122219020605413e-07, 8.69042720566084e-07, 8.278257807696208e-07, 7.882149179804708e-07, 7.503354589093941e-07, 7.141451175427488e-07, 6.796767240489331e-07, 6.467670942439007e-07, 6.158121484055786e-07, 5.862038350815629e-07, 5.579618680711607e-07, 5.309998062909342e-07, 5.052428577676478e-07, 4.802199679020269e-07, 4.568313236199186e-07, 4.3451385306156886e-07, 4.130683650073538e-07, 3.9281387259494117e-07, 3.737099896506751e-07]
W_list: [4]
L_list: [20.715139369050043]
