R_list= [ 1  2  3  4  5  6  7  8  9 10 11 12 13 14 15 16 17 18 19 20 21 22 23 24
 25 26 27 28 29 30 31 32 33 34 35 36 37 38]
C_final_list= [8.836320735842856e-07, 5.359382614918943e-07, 3.215351196577345e-07, 1.9083041984142967e-07, 1.1271813535156915e-07, 6.684722557876585e-08, 3.923889967361589e-08, 2.329336178086007e-08, 1.3889676233547332e-08, 8.191817555787087e-09, 4.745503215832832e-09, 2.7699541403231e-09, 1.6040378401093043e-09, 9.17968127723628e-10, 5.354472882601828e-10, 3.110653687211874e-10, 1.8089305226554427e-10, 1.0399465532638192e-10, 5.879890977014897e-11, 3.3238747483230985e-11, 1.8986001662826532e-11, 1.0752824863048356e-11, 5.949376916329699e-12, 3.26852858423762e-12, 1.93305191138788e-12, 1.1864392537547553e-12, 6.116701044581843e-13, 3.230924498191773e-13, 1.7350718699938314e-13, 9.352046150112424e-14, 4.906025595647193e-14, 2.5287157960878093e-14, 1.3099878235646795e-14, 6.90349633666864e-15, 3.6928815039727326e-15, 2.0792639936803985e-15, 1.118599622168931e-15, 5.909074631561212e-16]
W_list: [8.4]
L_list: [1.9601470761576107]
