R_list= [ 1  2  3  4  5  6  7  8  9 10 11 12 13 14 15 16 17 18 19 20 21 22 23 24
 25 26 27 28 29 30 31 32 33 34 35 36 37 38]
C_final_list= [2.875217590073415e-05, 2.1423082375172243e-05, 1.5847524855602087e-05, 1.1687909883397273e-05, 8.602029570263374e-06, 6.3215695079809965e-06, 4.639699393489946e-06, 3.408249539064414e-06, 2.5036588980380238e-06, 1.839584661721808e-06, 1.351879911578398e-06, 9.932942565512145e-07, 7.317720915158167e-07, 5.405478213058516e-07, 3.980385935876452e-07, 2.930589444650765e-07, 2.1595118557143763e-07, 1.581537936549374e-07, 1.1558340426614132e-07, 8.469773406668052e-08, 6.197129256073764e-08, 4.5249416950882546e-08, 3.3142170118993995e-08, 2.4205213741101173e-08, 1.768731216613179e-08, 1.2917376323739086e-08, 9.45085046999496e-09, 6.944667746911405e-09, 5.06870766561273e-09, 3.6823881074477493e-09, 2.66088387065633e-09, 1.915565717722825e-09, 1.3869044698697243e-09, 1.0050086411185285e-09, 7.309731799163484e-10, 5.270608804574685e-10, 3.8025292655023987e-10, 2.72848005321725e-10]
W_list: [8.4]
L_list: [3.301198091924204]
