R_list= [ 1  2  3  4  5  6  7  8  9 10 11 12 13 14 15 16 17 18 19 20 21 22 23 24
 25 26 27 28 29 30 31 32 33 34 35 36 37 38]
C_final_list= [5.629555953322285e-07, 4.454382459192219e-07, 3.500305053910365e-07, 2.7319366659617264e-07, 2.134240165029804e-07, 1.6673513283053014e-07, 1.299680607329894e-07, 1.0085870695344185e-07, 7.854107959009091e-08, 6.109216834141433e-08, 4.74844475395799e-08, 3.6752140819121844e-08, 2.8569923606907146e-08, 2.208304282878059e-08, 1.702407237053457e-08, 1.311574222689578e-08, 1.0119197781191969e-08, 7.783402558012398e-09, 5.991145795384828e-09, 4.611695382766527e-09, 3.5567093192250067e-09, 2.735808973580044e-09, 2.1130980228123234e-09, 1.6403804047168335e-09, 1.2678770128747168e-09, 9.749616574573207e-10, 7.480422486891464e-10, 5.752214324350649e-10, 4.426770991673444e-10, 3.402469974769221e-10, 2.6230879220731816e-10, 2.038840292118337e-10, 1.5709551959243328e-10, 1.21073716199364e-10, 9.326762426313002e-11, 7.232803270136237e-11, 5.56114279345092e-11, 4.255509274830398e-11]
W_list: [8.4]
L_list: [4.077392885778318]
