R_list= [ 1  2  3  4  5  6  7  8  9 10 11 12 13 14 15 16 17 18 19 20 21 22 23 24
 25 26 27 28 29 30 31 32 33 34 35 36 37 38]
C_final_list= [5.26823256003316e-07, 4.577735795899994e-07, 3.9391785900998036e-07, 3.386611986524769e-07, 2.9047777247980256e-07, 2.4893250336009993e-07, 2.130726110632894e-07, 1.8233674611750566e-07, 1.5594372980935433e-07, 1.3348321872592857e-07, 1.139421087232264e-07, 9.72653449856422e-08, 8.30161301514015e-08, 7.078557839000487e-08, 6.039164809509095e-08, 5.146049850543213e-08, 4.384462673642592e-08, 3.727123124485798e-08, 3.167272576438936e-08, 2.6850112865926505e-08, 2.274479060545377e-08, 1.9282686635960473e-08, 1.6335311428978923e-08, 1.3852620558308122e-08, 1.177550408681126e-08, 1.0026563889979313e-08, 8.51312733806956e-09, 7.233461580227676e-09, 6.1478682982573555e-09, 5.210486429077029e-09, 4.4214757973237595e-09, 3.751094208455043e-09, 3.180278377506708e-09, 2.695214499879232e-09, 2.2762280403200722e-09, 1.919913824867944e-09, 1.6223100302079103e-09, 1.3684886232486563e-09]
W_list: [7]
L_list: [6.493987568401223]
