C_final_list: [1.6943279880469255e-06, 1.6317304002170434e-06, 1.570823062517843e-06, 1.5128986510364625e-06, 1.4576770200333459e-06, 1.4046757392020134e-06, 1.3535872650755845e-06, 1.3039625282883018e-06, 1.25649230337916e-06, 1.210336250460248e-06, 1.165652715183171e-06, 1.1225692427279696e-06, 1.0805138122972747e-06, 1.0404668712336517e-06, 1.0015642554845553e-06, 9.639640247502554e-07, 9.276149714370234e-07, 8.925375238013133e-07, 8.584336000935269e-07, 8.258872479637582e-07, 7.951255615480126e-07, 7.653408771080897e-07, 7.368216323161109e-07, 7.088540490116793e-07, 6.819486692752272e-07, 6.561707129343865e-07, 6.311049836898136e-07, 6.067572490342103e-07, 5.834665368357212e-07, 5.607886602221406e-07, 5.387878450117483e-07, 5.177076315689403e-07, 4.972674944715501e-07, 4.774194778549724e-07, 4.585903033754376e-07, 4.4027190918192224e-07, 4.2282387818000023e-07, 4.061683596013057e-07, 3.9021071272802655e-07, 3.7470774307966373e-07, 3.597409262069817e-07, 3.4530256967535827e-07, 3.313479086944432e-07, 3.178081883585495e-07, 3.048752960484686e-07, 2.924102900607282e-07, 2.804235140088207e-07, 2.6892421890534487e-07, 2.578738546735041e-07, 2.472209275128855e-07]
ndim2: 500
W_list: [3.25]
L_list: [25.980624049445137]
