C_final_list: [2.1821201762497364e-06, 2.144359970349431e-06, 2.1066014586807094e-06, 2.070309291819384e-06, 2.03459498710702e-06, 1.9999025443901023e-06, 1.966029277237342e-06, 1.932992949705246e-06, 1.9003827502217828e-06, 1.868180602871826e-06, 1.8365469412654898e-06, 1.8058017197510537e-06, 1.775547752939975e-06, 1.7456382061479036e-06, 1.7161665217534351e-06, 1.68695355480919e-06, 1.6581344856885257e-06, 1.6295858016070277e-06, 1.6019314073659582e-06, 1.5742893832317497e-06, 1.5471301455805688e-06, 1.520579087947196e-06, 1.4942798993608344e-06, 1.4679258561205613e-06, 1.4425235211643526e-06, 1.4171600489012709e-06, 1.3923329694325713e-06, 1.3677224349854535e-06, 1.343514132396703e-06, 1.3197312030898768e-06, 1.2964260872164422e-06, 1.2735525299401382e-06, 1.251105316652124e-06, 1.2293498395020297e-06, 1.2076756801441806e-06, 1.1866306882242752e-06, 1.1658683335176391e-06, 1.1452345288405688e-06, 1.1250279310186504e-06, 1.1049041481851678e-06, 1.0853339823372799e-06, 1.0660340190538062e-06, 1.0474825618419144e-06, 1.0289115889570618e-06, 1.010575586581365e-06, 9.924328336432468e-07, 9.74549814052613e-07, 9.572095152766243e-07, 9.401736767531201e-07, 9.233926600860845e-07]
ndim2: 500
W_list: [2.2]
L_list: [57.28555874839521]
