R_list= [ 1  2  3  4  5  6  7  8  9 10 11 12 13 14 15 16 17 18 19 20 21 22 23 24
 25 26 27 28 29 30 31 32 33 34 35 36 37 38]
C_final_list= [1.2323203400372486e-06, 1.0559209291831556e-06, 9.245739261602891e-07, 8.146916283005439e-07, 7.156660029742596e-07, 6.281768205932727e-07, 5.51367691918636e-07, 4.835923623663768e-07, 4.237308491890524e-07, 3.711902667616573e-07, 3.241808702916076e-07, 2.8304177293489085e-07, 2.473581339199803e-07, 2.162316068486022e-07, 1.8888644515016273e-07, 1.6508162807277752e-07, 1.4421603383977103e-07, 1.2590478166755647e-07, 1.0980936944262036e-07, 9.596536428199328e-08, 8.395765838114444e-08, 7.338605749643325e-08, 6.404250123635727e-08, 5.583924109504414e-08, 4.8675852867470335e-08, 4.236667463504035e-08, 3.681729561778514e-08, 3.196609184108245e-08, 2.772629644664278e-08, 2.4019793193732273e-08, 2.0804917322819476e-08, 1.8011241039373012e-08, 1.5597237564136423e-08, 1.3517135693146355e-08, 1.1744184051627058e-08, 1.01901034744829e-08, 8.838124662293616e-09, 7.680965314263477e-09]
W_list: [5]
L_list: [7.508945413896661]
