R_list= [ 1  2  3  4  5  6  7  8  9 10 11 12 13 14 15 16 17 18 19 20 21 22 23 24
 25 26 27 28 29 30 31 32 33 34 35 36 37 38]
C_final_list= [8.614722388208988e-07, 5.083709950577897e-07, 2.983930682984149e-07, 1.7433127091945487e-07, 1.017427058902553e-07, 5.908913036504752e-08, 3.395217073965139e-08, 1.9515540201508066e-08, 1.1362972393775069e-08, 6.70496945673831e-09, 3.877439816927279e-09, 2.212827114664868e-09, 1.2784501195132282e-09, 7.218608497550809e-10, 4.0986988037004254e-10, 2.2987506092462347e-10, 1.33126191263332e-10, 8.040640231616333e-11, 4.561723230142456e-11, 2.6431944661339405e-11, 1.5554583194452655e-11, 8.943679695796137e-12, 4.700012692348708e-12, 2.412485692260238e-12, 1.2773517107657322e-12, 6.936705494985093e-13, 3.6296165204224905e-13, 1.907155383232125e-13, 9.842667911474965e-14, 5.0237967951255107e-14, 2.702403166923906e-14, 1.3616273415616978e-14, 7.122982988284575e-15, 4.1298206356383774e-15, 2.176854585228241e-15, 1.2300644896909504e-15, 7.198632272520449e-16, 3.7059866714869025e-16]
W_list: [8.600000000000001]
L_list: [1.8786291882671837]
