R_list= [ 1  2  3  4  5  6  7  8  9 10 11 12 13 14 15 16 17 18 19 20 21 22 23 24
 25 26 27 28 29 30 31 32 33 34 35 36 37 38]
C_final_list= [3.213656238190904e-05, 2.455863081631244e-05, 1.863669664527228e-05, 1.4122591831407915e-05, 1.0668397006911383e-05, 8.049922268436482e-06, 6.068567211536527e-06, 4.567416799315507e-06, 3.4378845834428528e-06, 2.5901629068425e-06, 1.9554995938224443e-06, 1.4740110333351787e-06, 1.1116503244438972e-06, 8.38986411148104e-07, 6.339137069307169e-07, 4.785792912129975e-07, 3.6140817437128424e-07, 2.7344407509673837e-07, 2.065180718031108e-07, 1.5641395708523173e-07, 1.1816633580327655e-07, 8.925572213881141e-08, 6.731571800289062e-08, 5.0796179047633766e-08, 3.842882421095184e-08, 2.920698509277409e-08, 2.223217016593474e-08, 1.6857484720708576e-08, 1.2772367772104849e-08, 9.68454688394258e-09, 7.334694720171782e-09, 5.524924300011927e-09, 4.183703703671405e-09, 3.171874854460561e-09, 2.4179934299181124e-09, 1.8371245003390021e-09, 1.3952891919492347e-09, 1.0597470384581792e-09]
W_list: [8.05]
L_list: [3.6038767012572004]
