R_list= [ 1  2  3  4  5  6  7  8  9 10 11 12 13 14 15 16 17 18 19 20 21 22 23 24
 25 26 27 28 29 30 31 32 33 34 35 36 37 38]
C_final_list= [2.9332583492367338e-05, 2.192899488280366e-05, 1.626626160472409e-05, 1.204545622150767e-05, 8.92379204925578e-06, 6.598894068260843e-06, 4.869883000910557e-06, 3.5960290968075325e-06, 2.650523195449272e-06, 1.95476128842671e-06, 1.4412266242195377e-06, 1.0603605669864191e-06, 7.795057473474592e-07, 5.730157890716072e-07, 4.200036448937454e-07, 3.077167085949122e-07, 2.261093816692144e-07, 1.6600123839503874e-07, 1.2198044843160733e-07, 8.943568744301365e-08, 6.5712707214845e-08, 4.8368901428755114e-08, 3.5746852510698155e-08, 2.6399612613030107e-08, 1.94546514923309e-08, 1.4309623050267906e-08, 1.0505397136931882e-08, 7.720831546548687e-09, 5.686863148590564e-09, 4.2057046235399455e-09, 3.1043548237975555e-09, 2.3092620304075495e-09, 1.7127121792292782e-09, 1.2793237006284581e-09, 9.565240455270283e-10, 7.143297572514288e-10, 5.301565275079312e-10, 3.938187752654043e-10]
W_list: [8.35]
L_list: [3.346658521828363]
