C_final_list: [2.099374940669144e-06, 2.044369987443327e-06, 2.0115096693514547e-06, 1.9708984063394116e-06, 1.9302215114584925e-06, 1.891360036889729e-06, 1.8535132178609077e-06, 1.816073895960129e-06, 1.7793286804461927e-06, 1.743643822774781e-06, 1.7086027072309232e-06, 1.673825516139772e-06, 1.6402858637585166e-06, 1.6073973376629058e-06, 1.5751546929874549e-06, 1.543293433904345e-06, 1.5120036236321718e-06, 1.4813077446827202e-06, 1.4512077535613019e-06, 1.422064620069385e-06, 1.3933285175429596e-06, 1.3650598316130021e-06, 1.3374353200758314e-06, 1.3100797057033087e-06, 1.2833560384341618e-06, 1.2570887410123634e-06, 1.2310631181516058e-06, 1.2053431167091682e-06, 1.180394002979034e-06, 1.155463538686393e-06, 1.1310529100570088e-06, 1.1071509624446505e-06, 1.08379881055929e-06, 1.060988688606512e-06, 1.0387306734209858e-06]
ndim2: 500
W_list: [1.0]
L_list: [48.76655848537383]
