R_list= [ 1  2  3  4  5  6  7  8  9 10 11 12 13 14 15 16 17 18 19 20 21 22 23 24
 25 26 27 28 29 30 31 32 33 34 35 36 37 38]
C_final_list= [2.900548808781388e-07, 1.5550895879864722e-07, 7.503757929728439e-08, 3.4990621276547926e-08, 1.5992088017823105e-08, 7.218409229587885e-09, 3.2367620273685793e-09, 1.4388152768133544e-09, 6.299291270586274e-10, 2.734865874178409e-10, 1.1852205877104176e-10, 5.069357569766347e-11, 2.1582986095637892e-11, 9.300125580065388e-12, 4.098197508552122e-12, 1.7454177840004977e-12, 7.166749093205831e-13, 2.9223655415915985e-13, 1.2184285925633288e-13, 5.013071905782107e-14, 1.990573597087851e-14, 7.731114676282026e-15, 3.0139140532880406e-15, 1.1788616876302532e-15, 4.712417538070338e-16, 1.921687395805191e-16, 8.246083016207416e-17, 4.054428007432796e-17, 2.6425086590012697e-17, 2.3338713118181713e-17, 1.576415319871169e-17, 9.309667559768777e-18, 4.4257588410020084e-18, 1.2659936852358958e-18, 3.1934367000066196e-19, 8.606769768977115e-20, 2.6958913473272977e-20, 1.2717639072043692e-20]
W_list: [6]
L_list: [1.4792486355864627]
