R_list= [ 1  2  3  4  5  6  7  8  9 10 11 12 13 14 15 16 17 18 19 20 21 22 23 24
 25 26 27 28 29 30 31 32 33 34 35 36 37 38]
C_final_list= [9.941324613119352e-07, 8.674291248487415e-07, 7.577116371198073e-07, 6.611964958932281e-07, 5.76453676549944e-07, 5.032606324725611e-07, 4.389707625717956e-07, 3.8212927779271285e-07, 3.330369421296623e-07, 2.890916641158123e-07, 2.511352657735559e-07, 2.1872145349425867e-07, 1.902945838333928e-07, 1.655602512118043e-07, 1.43868673851534e-07, 1.248938069381471e-07, 1.0854324311330254e-07, 9.41739261757111e-08, 8.167111029188227e-08, 7.091291459792638e-08, 6.159731052619013e-08, 5.332955151185126e-08, 4.620918139634467e-08, 3.998348781729282e-08, 3.45983599923737e-08, 2.9983058161192616e-08, 2.5957326515222574e-08, 2.2462425405943312e-08, 1.942963546195292e-08, 1.678906336857718e-08, 1.4548994605449403e-08, 1.2625867980635956e-08, 1.0923993243994961e-08, 9.46661658896931e-09, 8.204268779332345e-09, 7.100922801675819e-09, 6.146190497627539e-09, 5.309668422616728e-09]
W_list: [6]
L_list: [7.251067077524004]
