R_list= [ 1  2  3  4  5  6  7  8  9 10 11 12 13 14 15 16 17 18 19 20 21 22 23 24
 25 26 27 28 29 30 31 32 33 34 35 36 37 38]
C_final_list= [3.451203802292764e-05, 2.2159367038410582e-05, 1.4170245406063902e-05, 9.048963787008249e-06, 5.774893671964708e-06, 3.6862326751685553e-06, 2.3448890037957385e-06, 1.4931120124857153e-06, 9.489871726364585e-07, 6.038246338916851e-07, 3.8451677969712386e-07, 2.439325991181472e-07, 1.544741443780935e-07, 9.848349489550519e-08, 6.273238216206618e-08, 3.9989768474413924e-08, 2.5442855512932823e-08, 1.6193015626842927e-08, 1.0339510996276518e-08, 6.599271751484083e-09, 4.192308095880085e-09, 2.6494235095891715e-09, 1.6685763224799754e-09, 1.0601195259182339e-09, 6.73348692713202e-10, 4.3147212392782205e-10, 2.74087512121933e-10, 1.7661288600803215e-10, 1.1441782660435537e-10, 7.473047232224498e-11, 4.8052541903718495e-11, 3.028430663422781e-11, 1.93711908887762e-11, 1.2165032068835515e-11, 7.43598756662675e-12, 4.554541124711076e-12, 2.8243667687828687e-12, 1.7129928852022764e-12]
W_list: [8.35]
L_list: [2.239903400335717]
