C_final_list: [1.794198582439615e-06, 1.7435491749738268e-06, 1.6925937979377173e-06, 1.6436338649198065e-06, 1.5966532154449937e-06, 1.5514769077181332e-06, 1.5077275994905052e-06, 1.465425990364515e-06, 1.4243567243228955e-06, 1.3846886854578994e-06, 1.3457302038070569e-06, 1.3082776828633453e-06, 1.2714870807936336e-06, 1.235256016320691e-06, 1.2001776412581143e-06, 1.1660976114013918e-06, 1.1327457004213643e-06, 1.1004725208598519e-06, 1.0690033445313322e-06, 1.038258875080157e-06, 1.008789089150102e-06, 9.800447150883905e-07, 9.523225323982175e-07, 9.251815838961376e-07, 8.986571524591917e-07, 8.727505373996646e-07, 8.474056153764153e-07, 8.230315053552031e-07, 7.99209942060294e-07, 7.76151441090897e-07, 7.534648867810225e-07, 7.31456309127671e-07, 7.097804698887173e-07, 6.888424520284704e-07, 6.685409868181168e-07]
ndim2: 500
W_list: [2.4]
L_list: [34.65212700919056]
