C_final_list: [1.4067653869140631e-06, 1.3343195012460453e-06, 1.2619345576813267e-06, 1.1941148098806766e-06, 1.130134703551278e-06, 1.0705478449790482e-06, 1.01413171210993e-06, 9.60577944461252e-07, 9.094863288941009e-07, 8.619602221257239e-07, 8.168534905674179e-07, 7.728999962706221e-07, 7.313756761547258e-07, 6.91945528195375e-07, 6.548402061038204e-07, 6.193193712022249e-07, 5.858289161943737e-07, 5.542503178810861e-07, 5.240546924596018e-07, 4.951442563542067e-07, 4.6769539620809436e-07, 4.4173646836931884e-07, 4.173556173873392e-07, 3.9433892139271806e-07, 3.7239549655869557e-07, 3.5165910269373575e-07, 3.3205976329473704e-07, 3.1357425268374573e-07, 2.964167816989982e-07, 2.802974665354321e-07, 2.650263925113442e-07, 2.5051144785713794e-07, 2.3661406955274592e-07, 2.2349388428842423e-07, 2.1099783402053811e-07, 1.9897225844575522e-07, 1.8774592526627144e-07, 1.7712029118909056e-07, 1.671095886648147e-07, 1.5762305468385548e-07, 1.4863984267896684e-07, 1.4032866425497604e-07, 1.323251473926119e-07, 1.2479970509276545e-07, 1.1771955510363359e-07, 1.109904272033563e-07, 1.0456221873642416e-07, 9.852792563427079e-08, 9.289750144676062e-08, 8.756960864446735e-08]
ndim2: 500
W_list: [3.6]
L_list: [17.98283893563464]
