R_list= [ 1  2  3  4  5  6  7  8  9 10 11 12 13 14 15 16 17 18 19 20 21 22 23 24
 25 26 27 28 29 30 31 32 33 34 35 36 37 38]
C_final_list= [6.379868348989037e-06, 5.447859230136105e-06, 4.61144943844716e-06, 3.8908232783379975e-06, 3.2756948243182685e-06, 2.754493430210593e-06, 2.312023512473384e-06, 1.939390059667799e-06, 1.625883174096445e-06, 1.3633726560200828e-06, 1.1428177762308112e-06, 9.572968412052907e-07, 8.013470005148443e-07, 6.70031479675852e-07, 5.604729462232008e-07, 4.691258059066671e-07, 3.9211371822940847e-07, 3.275789104510307e-07, 2.734787348510669e-07, 2.2824152021036724e-07, 1.906422889288967e-07, 1.5915581231387172e-07, 1.3308933272893416e-07, 1.1129991712063106e-07, 9.307273152375232e-08, 7.792391869371184e-08, 6.530633101959391e-08, 5.47954744666889e-08, 4.5948089369544885e-08, 3.841778776796411e-08, 3.2110352827696476e-08, 2.6806630521942305e-08, 2.2373823469602738e-08, 1.8704588462501306e-08, 1.5642607319733865e-08, 1.3080823104506744e-08, 1.0942291520397993e-08, 9.158262160884312e-09]
W_list: [8.2]
L_list: [5.8132337961245035]
