R_list= [ 1  2  3  4  5  6  7  8  9 10 11 12 13 14 15 16 17 18 19 20 21 22 23 24
 25 26 27 28 29 30 31 32 33 34 35 36 37 38]
C_final_list= [2.5287243978235497e-06, 1.950579771708676e-06, 1.5306409774578737e-06, 1.2787150026630446e-06, 1.109366810447759e-06, 9.639978089058912e-07, 8.256597801057792e-07, 6.996294438218274e-07, 5.929144973873336e-07, 5.054288185434025e-07, 4.3195478567045357e-07, 3.6860081300097085e-07, 3.1373290925478837e-07, 2.667715887283056e-07, 2.2707796384182196e-07, 1.9341026887918404e-07, 1.6471970589841057e-07, 1.3988847908239762e-07, 1.1846501693297505e-07, 1.0017118868314643e-07, 8.475353626093835e-08, 7.168102126872136e-08, 6.068748608505689e-08, 5.140959512766676e-08, 4.345463705634791e-08, 3.661962697433641e-08, 3.0675308880689114e-08, 2.571948302472838e-08, 2.1677936482239028e-08, 1.8343739650721493e-08, 1.5506086339990503e-08, 1.306048526248628e-08, 1.095812492803372e-08, 9.172871982957629e-09, 7.66056095263486e-09, 6.39237969334605e-09, 5.344532014210766e-09, 4.481029028730479e-09]
W_list: [4]
L_list: [5.6285429665037405]
