R_list= [ 1  2  3  4  5  6  7  8  9 10 11 12 13 14 15 16 17 18 19 20 21 22 23 24
 25 26 27 28 29 30 31 32 33 34 35 36 37 38]
C_final_list= [4.450378825415976e-06, 3.771376609179519e-06, 3.175820760421829e-06, 2.664429286727757e-06, 2.2336344644890414e-06, 1.8715257328170994e-06, 1.567881589617197e-06, 1.3123146526604567e-06, 1.097133700966027e-06, 9.165825617371757e-07, 7.639889097200394e-07, 6.358233688790929e-07, 5.288586573682223e-07, 4.4031359281223515e-07, 3.66461827958213e-07, 3.049170770071266e-07, 2.529975445988256e-07, 2.0919107876710795e-07, 1.7332894218029271e-07, 1.436424048556207e-07, 1.1925695589221963e-07, 9.89057346769751e-08, 8.207317203936563e-08, 6.824475830674396e-08, 5.672441480496925e-08, 4.716366835056498e-08, 3.917910459653479e-08, 3.2562821943697265e-08, 2.699318033840777e-08, 2.2436670348648964e-08, 1.8629873822306356e-08, 1.5458391807823793e-08, 1.2803688260727336e-08, 1.058201560005911e-08, 8.752358206601104e-09, 7.217718546520788e-09, 5.95466111123157e-09, 4.9222513258790106e-09]
W_list: [7.6]
L_list: [5.667653634810113]
