C_final_list: [1.7153776879371276e-06, 1.4387285742945915e-06, 1.2050636252352202e-06, 1.0103572848963935e-06, 8.451091547088074e-07, 7.063260855239702e-07, 5.895677990813933e-07, 4.906224003749592e-07, 4.113091435639275e-07, 3.445004935031188e-07, 2.8789842275910555e-07, 2.388189816132417e-07, 1.9819839680666483e-07, 1.6462022233394394e-07, 1.3682381350834022e-07, 1.1332977399931943e-07, 9.390960495905053e-08, 7.787015071041288e-08, 6.479403407950097e-08, 5.390030106996202e-08, 4.462749614578178e-08, 3.691958119779158e-08, 3.0482430840721095e-08, 2.515068281460904e-08, 2.0760706782257253e-08, 1.7244981710564773e-08, 1.4345332106052787e-08, 1.188859024925116e-08, 9.824143462720987e-09, 8.157284474528885e-09, 6.7398808191940035e-09, 5.558465543733512e-09, 4.544319785449988e-09, 3.731490061203527e-09, 3.0801051279003952e-09, 2.5261431085649497e-09, 2.0830332717003126e-09, 1.704085320896807e-09, 1.3889765608275351e-09, 1.1398930255480839e-09, 9.310753288549638e-10, 7.60988864406215e-10, 6.255242087432629e-10, 5.164488503297543e-10, 4.252402083049713e-10, 3.526355922071358e-10, 2.903469446208717e-10, 2.398377410170783e-10, 1.967718052147305e-10, 1.631521257175822e-10]
ndim2: 500
W_list: [3.6]
L_list: [5.579514478419205]
