R_list= [ 1  2  3  4  5  6  7  8  9 10 11 12 13 14 15 16 17 18 19 20 21 22 23 24
 25 26 27 28 29 30 31 32 33 34 35 36 37 38]
C_final_list= [3.824031382440542e-07, 3.226469799914092e-07, 2.6890743101606095e-07, 2.2272070178449743e-07, 1.8392137314940123e-07, 1.5144649567230775e-07, 1.246291298475367e-07, 1.0231659975595875e-07, 8.376790052988984e-08, 6.829147226537034e-08, 5.5502156596291084e-08, 4.5112789130362636e-08, 3.6619186739778974e-08, 2.9653571868790588e-08, 2.404895217405153e-08, 1.9523114217277277e-08, 1.5840232691592233e-08, 1.2840667865028541e-08, 1.0412529456948694e-08, 8.436534916637069e-09, 6.816797107223619e-09, 5.503575832107248e-09, 4.445965811854724e-09, 3.593861176810778e-09, 2.9025816096306693e-09, 2.351100136021628e-09, 1.9054020556448516e-09, 1.5481460334057844e-09, 1.2582423487827007e-09, 1.0220071911282193e-09, 8.29216496900058e-10, 6.719438956359469e-10, 5.404871747740819e-10, 4.359299628466927e-10, 3.5226238593863705e-10, 2.8413204687835273e-10, 2.2929256680251063e-10, 1.8554934957649159e-10]
W_list: [9.0]
L_list: [5.219855855044484]
