C_final_list: [1.933613726494321e-06, 1.6633530393391463e-06, 1.424534909652337e-06, 1.2233372071561746e-06, 1.0483874699120332e-06, 9.000747738310371e-07, 7.725061450292273e-07, 6.618468548754634e-07, 5.665475709809465e-07, 4.867340501905337e-07, 4.163279170855038e-07, 3.5677937379685847e-07, 3.072502892086858e-07, 2.6342727513702456e-07, 2.2591533078884157e-07, 1.934130186256844e-07, 1.6583621168182817e-07, 1.420467533130451e-07, 1.214988665924215e-07, 1.0388272377047033e-07, 8.909617038551603e-08, 7.628814461694643e-08, 6.505250410333666e-08, 5.5445135820434086e-08, 4.721998722687262e-08, 4.018555881797204e-08, 3.419964607845742e-08, 2.9021797708177498e-08, 2.4596781673886666e-08, 2.0856951099761205e-08, 1.7773863856669896e-08, 1.5159975769681372e-08, 1.2937111984468711e-08, 1.1050605088469991e-08, 9.465621444072799e-09]
ndim2: 500
W_list: [3.2]
L_list: [6.512222863689224]
