C_final_list: [1.5780161473928918e-06, 1.4165113395637812e-06, 1.2632095073158693e-06, 1.1290120489533328e-06, 1.0091238934491627e-06, 9.021973977375167e-07, 8.070423869009081e-07, 7.221107469474054e-07, 6.457344443322724e-07, 5.788365906495177e-07, 5.187273138939505e-07, 4.6408594895343917e-07, 4.1509463756767887e-07, 3.7104625358530606e-07, 3.317276923670085e-07, 2.961684469922206e-07, 2.6437349024296694e-07, 2.360268008359695e-07, 2.10715168663995e-07, 1.8773803932469062e-07, 1.6734250821313343e-07, 1.489812420952322e-07, 1.3241245587047815e-07, 1.178477843631856e-07, 1.0468849581825896e-07, 9.314747986828439e-08, 8.264230431139255e-08, 7.344763043831395e-08, 6.5353115228403e-08, 5.815459308802081e-08, 5.182182307797261e-08, 4.609731127447613e-08, 4.1042993200773404e-08, 3.65077326774418e-08, 3.2469477903540614e-08, 2.875017503163746e-08, 2.5411039543295807e-08, 2.2448033027368648e-08, 1.9847413492102867e-08, 1.755194232327945e-08, 1.553753279710923e-08, 1.3749671027728244e-08, 1.2170935910637382e-08, 1.0804549776452054e-08, 9.568217017159374e-09, 8.487683590399313e-09, 7.511397989292858e-09, 6.662107287276874e-09, 5.90506350271119e-09, 5.245167490080818e-09]
ndim2: 500
W_list: [3.8]
L_list: [8.92063437889166]
