C_final_list: [8.164983879577304e-07, 7.778086730199353e-07, 7.387515332777259e-07, 7.0027105644157e-07, 6.628147576461144e-07, 6.272902168862974e-07, 5.93628744873502e-07, 5.61309643480431e-07, 5.304735716865909e-07, 5.013114473851484e-07, 4.7327356485590436e-07, 4.4691653814855975e-07, 4.221832825256581e-07, 3.9866687911239637e-07, 3.7639793686840035e-07, 3.553069894654713e-07, 3.354978108969308e-07, 3.1674330399664986e-07, 2.989558918546479e-07, 2.822710229899556e-07, 2.6645754625764986e-07, 2.5157368375071285e-07, 2.3757010925323847e-07, 2.2441277123426997e-07, 2.1187359720324998e-07, 1.9995042685181744e-07, 1.8865649188828104e-07, 1.7804713232180678e-07, 1.679784875646569e-07, 1.5839733377817754e-07, 1.493942402053625e-07, 1.4083075031886443e-07, 1.3273036779359063e-07, 1.2509692376826088e-07, 1.1788125296300314e-07]
ndim2: 500
W_list: [4.0]
L_list: [17.688545280798724]
