R_list= [ 1  2  3  4  5  6  7  8  9 10 11 12 13 14 15 16 17 18 19 20 21 22 23 24
 25 26 27 28 29 30 31 32 33 34 35 36 37 38]
C_final_list= [1.249277704436933e-06, 8.655917133538553e-07, 5.999585408038844e-07, 4.1353465799759324e-07, 2.861347049163187e-07, 1.9697122731626736e-07, 1.346462272214069e-07, 9.29592701487744e-08, 6.37479934859144e-08, 4.345623985955367e-08, 2.9535809476401944e-08, 2.012381156241183e-08, 1.3768286908297967e-08, 9.397613583157827e-09, 6.358326250702943e-09, 4.303873783817461e-09, 2.872647587071146e-09, 1.913165462384382e-09, 1.275059599128263e-09, 8.510579346664487e-10, 5.665283609349631e-10, 3.78221122538224e-10, 2.4742312751308965e-10, 1.6188013551073338e-10, 1.0363211749784856e-10, 6.564920875142646e-11, 4.3290543015454664e-11, 2.78970683553222e-11, 1.784194536384852e-11, 1.1489051025857094e-11, 7.613176976175195e-12, 5.366167481022209e-12, 4.051142880138227e-12, 2.590016066276835e-12, 1.597012133349918e-12, 1.0794103732337844e-12, 6.95217776983829e-13, 4.72714905743458e-13]
W_list: [7.0]
L_list: [2.7071074376230015]
