R_list= [ 1  2  3  4  5  6  7  8  9 10 11 12 13 14 15 16 17 18 19 20 21 22 23 24
 25 26 27 28 29 30 31 32 33 34 35 36 37 38]
C_final_list= [3.405616232653497e-05, 2.175741846984635e-05, 1.3840512596278808e-05, 8.783284095238063e-06, 5.556409681143836e-06, 3.516287457539877e-06, 2.223093523748921e-06, 1.4038721056564594e-06, 8.855948063250642e-07, 5.598457271895653e-07, 3.5337205109629306e-07, 2.2350770873397797e-07, 1.4059090211602213e-07, 8.837471804688859e-08, 5.591726348886433e-08, 3.534898942871992e-08, 2.2184154046381524e-08, 1.3963498791924873e-08, 8.874830957196215e-09, 5.600617360765985e-09, 3.5386143401847375e-09, 2.2273680177238527e-09, 1.4078384371950548e-09, 8.812560303859286e-10, 5.556218252236795e-10, 3.504939785777189e-10, 2.2378473533634001e-10, 1.4518771130158188e-10, 9.329762461164581e-11, 5.966888703361853e-11, 3.675235294548568e-11, 2.2338943970538035e-11, 1.393271431734851e-11, 8.543868892146966e-12, 5.145393107305803e-12, 3.149770893946004e-12, 1.963422074573468e-12, 1.2126837375812713e-12]
W_list: [8.4]
L_list: [2.2109258842085304]
