C_final_list: [1.4226987548620346e-06, 1.3915002598421377e-06, 1.3605252401289036e-06, 1.3303682038218652e-06, 1.3007257029686692e-06, 1.2714573062344042e-06, 1.2426988243687623e-06, 1.2149888155297795e-06, 1.1875694650557667e-06, 1.1607703710401317e-06, 1.1345329825240249e-06, 1.1093038204422408e-06, 1.084625752504287e-06, 1.0603644857435205e-06, 1.0364670547904527e-06, 1.0130988294114365e-06, 9.902929493864842e-07, 9.682416352748182e-07, 9.466338647542469e-07, 9.252786764859143e-07, 9.044291195595314e-07, 8.841838301492499e-07, 8.644231241693594e-07, 8.452021768557028e-07, 8.262823676353451e-07, 8.080104742628951e-07, 7.901256261506533e-07, 7.724613328974662e-07, 7.55062273063432e-07, 7.378426064064455e-07, 7.212744662249928e-07, 7.049821838355366e-07, 6.890105767934824e-07, 6.732825047603464e-07, 6.578608150212217e-07, 6.428863971479305e-07, 6.282745302942893e-07, 6.139976639903502e-07, 6.001100782019379e-07, 5.865344955135846e-07, 5.731269269629479e-07, 5.60006851782715e-07, 5.471192010071363e-07, 5.344828082917986e-07, 5.220743185700124e-07, 5.09934802093974e-07, 4.981043808804056e-07, 4.86342280998383e-07, 4.747998115581147e-07, 4.63666948084051e-07]
ndim2: 500
W_list: [3.3499999999999996]
L_list: [43.94611028435818]
