R_list= [ 1  2  3  4  5  6  7  8  9 10 11 12 13 14 15 16 17 18 19 20 21 22 23 24
 25 26 27 28 29 30 31 32 33 34 35 36 37 38]
C_final_list= [1.9396560923644886e-05, 1.5607719236472214e-05, 1.2424219204109655e-05, 9.855620981468927e-06, 7.80660865529805e-06, 6.177085343558476e-06, 4.8818274506527006e-06, 3.854224895464068e-06, 3.0401266932267347e-06, 2.3986720751362737e-06, 1.890698962199353e-06, 1.4887712532462387e-06, 1.1731905087724855e-06, 9.247523522355823e-07, 7.289663020594057e-07, 5.748789720265372e-07, 4.5298505538278535e-07, 3.5640193939915616e-07, 2.8044353203033155e-07, 2.2110876266189188e-07, 1.744997877670638e-07, 1.3768396462605058e-07, 1.0863454992885171e-07, 8.579517905730475e-08, 6.778117903909996e-08, 5.3355198869486144e-08, 4.186336395860588e-08, 3.286195397947803e-08, 2.5847391674510542e-08, 2.031901178930869e-08, 1.5930883822414164e-08, 1.251631016734879e-08, 9.813820622120851e-09, 7.695093333693285e-09, 6.010729389573099e-09, 4.699454382612829e-09, 3.6702475867157683e-09, 2.8723498408554346e-09]
W_list: [8.45]
L_list: [4.329980919118808]
