C_list:
1.9021677945071678e-06 0.2637271492945037
ndim2: 500
W_list: [3.6]
L_list: [3.791797707119268]
