C_final_list: [1.8076182710562904e-06, 1.553041837441992e-06, 1.329980191592869e-06, 1.142097921697304e-06, 9.783561701656587e-07, 8.396730629066929e-07, 7.167000217953533e-07, 6.146349014085162e-07, 5.286242095096618e-07, 4.535884657225107e-07, 3.90270379204627e-07, 3.3540634291182083e-07, 2.8726409458610113e-07, 2.4668036514366095e-07, 2.1108703640507094e-07, 1.8026337792586235e-07, 1.537671128265729e-07, 1.312036587517024e-07, 1.120911873305728e-07, 9.568639214430342e-08, 8.166267386260798e-08, 6.960064794915266e-08, 5.935697497396492e-08, 5.055892213704034e-08, 4.302476507360455e-08, 3.6651889528794533e-08, 3.126040152706185e-08, 2.6576701258206974e-08, 2.2660861641699537e-08, 1.9268553019344027e-08, 1.6387196109364016e-08, 1.3876610431267438e-08, 1.1803550082228129e-08, 1.001310937516067e-08, 8.529229389691301e-09]
ndim2: 500
W_list: [2.8]
L_list: [6.498324512703369]
