R_list= [ 1  2  3  4  5  6  7  8  9 10 11 12 13 14 15 16 17 18 19 20 21 22 23 24
 25 26 27 28 29 30 31 32 33 34 35 36 37 38]
C_final_list= [3.316319310905927e-05, 2.101349330619088e-05, 1.3256397758504802e-05, 8.342212189835338e-06, 5.2335707831960845e-06, 3.26937360220971e-06, 2.0461732066757082e-06, 1.2765424780860256e-06, 7.955155488632099e-07, 4.952442081450739e-07, 3.090989547883728e-07, 1.9322731137563296e-07, 1.2087847208609833e-07, 7.566882811022817e-08, 4.7246372921653755e-08, 2.9520913869232214e-08, 1.8435094043895298e-08, 1.165010961764869e-08, 7.329404187443775e-09, 4.610452167895016e-09, 2.913438506272887e-09, 1.8384542065799861e-09, 1.1564370244170983e-09, 7.299162480313842e-10, 4.70181710752666e-10, 2.978262261946902e-10, 1.8266361576605994e-10, 1.1418644336447508e-10, 7.195923843856676e-11, 4.5260977045275513e-11, 2.8723189862995243e-11, 1.8259036381292215e-11, 1.139707420059967e-11, 6.986297105600925e-12, 4.204176954810943e-12, 2.519114097783359e-12, 1.5369503863079312e-12, 9.119229630554287e-13]
W_list: [8.5]
L_list: [2.169994870814393]
