R_list= [ 1  2  3  4  5  6  7  8  9 10 11 12 13 14 15 16 17 18 19 20 21 22 23 24
 25 26 27 28 29 30 31 32]
C_final_list= [5.803341062967906e-07, 4.94724941082792e-07, 4.258660065994964e-07, 3.666716832499047e-07, 3.153950083544551e-07, 2.707343115037356e-07, 2.3308822807319297e-07, 2.0048064258286212e-07, 1.719890395636349e-07, 1.4724693508191438e-07, 1.2593084421967768e-07, 1.0748468562615097e-07, 9.180748405959236e-08, 7.835043781620801e-08, 6.676928922998793e-08, 5.6798755133782795e-08, 4.827291151751603e-08, 4.107956340208439e-08, 3.4943908388972394e-08, 2.967482859846024e-08, 2.5181271481052228e-08, 2.1382157933819665e-08, 1.8197027640660953e-08, 1.5488816765057398e-08, 1.3170680917814254e-08, 1.120383340165254e-08, 9.547733334855076e-09, 8.129797388050286e-09, 6.902015313319579e-09, 5.856425775728699e-09, 4.965960897649683e-09, 4.206124677202946e-09]
W_list: [6]
L_list: [6.519232346646804]
