R_list= [ 1  2  3  4  5  6  7  8  9 10 11 12 13 14 15 16 17 18 19 20 21 22 23 24
 25 26 27 28 29 30 31 32 33 34 35 36 37 38]
C_final_list= [4.3702419775066845e-07, 2.69551932359444e-07, 1.404308162895963e-07, 6.64105003727661e-08, 2.9669467172048362e-08, 1.2838356030880285e-08, 5.4670818365823445e-09, 2.3079439683803426e-09, 9.65241625324474e-10, 4.0053399301472545e-10, 1.6563753162573154e-10, 6.826743448753586e-11, 2.8125613966822234e-11, 1.1584314240051988e-11, 4.77784556155297e-12, 1.9777127275468915e-12, 8.260407127764998e-13, 3.50665924193914e-13, 1.512917685770586e-13, 6.602140181791607e-14, 2.9275041894800323e-14, 1.3370608376651361e-14, 6.286837651887212e-15, 3.023840732462656e-15, 1.4603684552282707e-15, 7.012876032204511e-16, 3.3296409605744955e-16, 1.555066221568043e-16, 7.100775384587463e-17, 3.1413459030752066e-17, 1.3666847638221129e-17, 5.997769560903489e-18, 2.6911229572028097e-18, 1.228604243794838e-18, 5.72640021926209e-19, 2.7582088121129873e-19, 1.3866626604867542e-19, 7.390785479998704e-20]
W_list: [4]
L_list: [1.6924092145316003]
