C_final_list: [1.9717350869134654e-06, 1.8623347642569058e-06, 1.756036233983141e-06, 1.6553994999572496e-06, 1.5598796038555195e-06, 1.47151906858996e-06, 1.3887442211370645e-06, 1.308922383158269e-06, 1.233789184571898e-06, 1.1630524706817975e-06, 1.096649087203723e-06, 1.0347223000366217e-06, 9.761942264511044e-07, 9.21861560589205e-07, 8.700932996021426e-07, 8.219405823782693e-07, 7.762825824423851e-07, 7.335100593722349e-07, 6.928967198402632e-07, 6.547575141999746e-07, 6.182093442604529e-07, 5.833858036171715e-07, 5.504005050266969e-07, 5.190506330239327e-07, 4.894907603526539e-07, 4.614765441471198e-07, 4.3527929427287743e-07, 4.1017343877196847e-07, 3.8680628523456706e-07, 3.645029376046596e-07, 3.4342415106399526e-07, 3.2345967530778467e-07, 3.044765276770554e-07, 2.8641849445277853e-07, 2.6918670779428795e-07, 2.528495612316523e-07, 2.3779348962053384e-07, 2.234758211509701e-07, 2.1013244973954095e-07, 1.9770790261548927e-07, 1.8587888050839707e-07, 1.7457899121898386e-07, 1.638009783899636e-07, 1.5365180043124988e-07, 1.4403928055876277e-07, 1.3513989077073654e-07, 1.267023362804968e-07, 1.1890065832465523e-07, 1.1152965152731244e-07, 1.0456821813034838e-07]
ndim2: 500
W_list: [2.9]
L_list: [17.102382932290062]
