C_final_list: [1.5002411648803835e-06, 1.3637044081598983e-06, 1.2320028358738202e-06, 1.1106693006825133e-06, 9.990971331567316e-07, 8.984770387933525e-07, 8.087324344390272e-07, 7.283585101911562e-07, 6.566769633427274e-07, 5.925954176437412e-07, 5.34231934894309e-07, 4.820690378273658e-07, 4.349822178416795e-07, 3.912885423138067e-07, 3.5229546683061614e-07, 3.1731675529843625e-07, 2.863706429636739e-07, 2.5807294879688646e-07, 2.326577194268378e-07, 2.093674530801995e-07, 1.883289904113877e-07, 1.694767546762852e-07, 1.519760308897168e-07, 1.3645892786974245e-07, 1.2259793139543906e-07, 1.1019559078841734e-07, 9.878847887742369e-08, 8.84763345041533e-08, 7.935155189008739e-08, 7.103544212146679e-08, 6.376150722720798e-08, 5.7190426244339314e-08, 5.130880579156874e-08, 4.596634760725419e-08, 4.120514103757106e-08]
ndim2: 500
W_list: [2.4000000000000004]
L_list: [9.608461375343534]
