R_list= [ 1  2  3  4  5  6  7  8  9 10 11 12 13 14 15 16 17 18 19 20 21 22 23 24
 25 26 27 28 29 30 31 32 33 34 35 36 37 38]
C_final_list= [2.7317234690887957e-06, 2.143613776904611e-06, 1.6663565833915488e-06, 1.2891049716811843e-06, 9.96371521657684e-07, 7.670596302475541e-07, 5.896736905599615e-07, 4.520746298808641e-07, 3.469099360705547e-07, 2.655504509658873e-07, 2.0347459257052025e-07, 1.5587282133991937e-07, 1.1937412773630973e-07, 9.166171979791233e-08, 7.036419630820974e-08, 5.394643960853487e-08, 4.139015231940952e-08, 3.1915136808113e-08, 2.4626333789685715e-08, 1.8981638077949098e-08, 1.4551044153827392e-08, 1.1195547495574893e-08, 8.584287700651132e-09, 6.599667735865344e-09, 5.073545624786077e-09, 3.9033439415043306e-09, 3.0019912473834407e-09, 2.3108063670389556e-09, 1.7864862198299811e-09, 1.3786799500180944e-09, 1.0591796807216815e-09, 8.133095991837454e-10, 6.298278342451656e-10, 4.889985519388457e-10, 3.7999835539747506e-10, 2.931836528903406e-10, 2.2481571053647127e-10, 1.730734687385116e-10]
W_list: [8.8]
L_list: [3.906895140008118]
