C_final_list: [2.0080043403374153e-06, 1.7887365540538507e-06, 1.5874581148179938e-06, 1.407233801908532e-06, 1.2504722640040233e-06, 1.111038151065686e-06, 9.882594688087001e-07, 8.78119692261185e-07, 7.811401736537787e-07, 6.92939967856148e-07, 6.171759142899672e-07, 5.476286401901316e-07, 4.867819885550962e-07, 4.3247752663972665e-07, 3.8255910004507583e-07, 3.382730815040222e-07, 2.9928992326047133e-07, 2.650607586807949e-07, 2.3504091887065242e-07, 2.0791324370449718e-07, 1.838135936459497e-07, 1.6238441252226013e-07, 1.4361737081383037e-07, 1.2732572271614612e-07, 1.128499984575836e-07, 9.964369288266481e-08, 8.80221269535681e-08, 7.776965757323139e-08, 6.852442933112363e-08, 6.04243927405814e-08, 5.319560347297962e-08, 4.700043641013114e-08, 4.148863229490026e-08, 3.6723496237841574e-08, 3.240264777174909e-08, 2.8676697833924294e-08, 2.5312065534349235e-08, 2.2317199745308123e-08, 1.9650670082266056e-08, 1.7251464700328193e-08, 1.517528460590728e-08, 1.3339844363827847e-08, 1.1743910305612355e-08, 1.0328668363391155e-08, 9.092776460750105e-09, 8.006684499238114e-09, 7.065764392515807e-09, 6.229090843971414e-09, 5.49704611928878e-09, 4.847418905206361e-09]
ndim2: 500
W_list: [2.8499999999999996]
L_list: [8.407868704033701]
