R_list= [ 1  2  3  4  5  6  7  8  9 10 11 12 13 14 15 16 17 18 19 20 21 22 23 24
 25 26 27 28 29 30 31 32 33 34 35 36 37 38]
C_final_list= [8.002628173039489e-07, 7.031669004535699e-07, 6.232488412961496e-07, 5.513031917961114e-07, 4.862120977447443e-07, 4.2855965346426117e-07, 3.7719035262806764e-07, 3.318061815240217e-07, 2.923039890760787e-07, 2.5705062995861736e-07, 2.258597435854438e-07, 1.9882924401813418e-07, 1.749617408624086e-07, 1.537391479902187e-07, 1.3494226816440082e-07, 1.1849455843934523e-07, 1.0397705890968055e-07, 9.113562791815281e-08, 7.980976382166526e-08, 7.00035179365338e-08, 6.133685607771172e-08, 5.366798656492674e-08, 4.704026081411305e-08, 4.119603823666305e-08, 3.595863035615628e-08, 3.14314750016892e-08, 2.7470552940690758e-08, 2.4055498799596603e-08, 2.1027582242549738e-08, 1.8359023251027716e-08, 1.602840893090753e-08, 1.4000551107158181e-08, 1.221469171106034e-08, 1.066231131950564e-08, 9.303179492095912e-09, 8.116709893639334e-09, 7.084320831709897e-09, 6.190443556658426e-09]
W_list: [6]
L_list: [7.866343061592752]
