C_final_list: [1.247845044070158e-06, 1.17175348679192e-06, 1.0971991685933913e-06, 1.0269022300133993e-06, 9.60094706779158e-07, 8.973365731896048e-07, 8.379202383537853e-07, 7.824557139326373e-07, 7.302895405191434e-07, 6.817108829941812e-07, 6.366145306185069e-07, 5.936655614665849e-07, 5.53297473150421e-07, 5.157208340227982e-07, 4.804405824498988e-07, 4.480522300286507e-07, 4.177277267347325e-07, 3.8987408668845645e-07, 3.6346949574784505e-07, 3.3911145437944223e-07, 3.163002603845814e-07, 2.9518965026953884e-07, 2.7521334146451523e-07, 2.569152131760012e-07, 2.3977271360487955e-07, 2.235908226063772e-07, 2.083970523161162e-07, 1.9426566212327873e-07, 1.8098163872012704e-07, 1.6852063480481902e-07, 1.5687910900411942e-07, 1.4595366561761864e-07, 1.3575579104050048e-07, 1.2610831037793524e-07, 1.171564746037486e-07]
ndim2: 500
W_list: [3.4000000000000004]
L_list: [14.517221317892416]
