C_final_list: [1.8363814908865713e-06, 1.7033635627843184e-06, 1.5757033433115482e-06, 1.4569695176241661e-06, 1.3468319336317698e-06, 1.2465356463578924e-06, 1.1547588771013756e-06, 1.0691022222117786e-06, 9.900538476086415e-07, 9.162564594759632e-07, 8.472668789807516e-07, 7.835894775383097e-07, 7.234250210296194e-07, 6.670080386219102e-07, 6.15937639744957e-07, 5.687181937388104e-07, 5.251170184550599e-07, 4.850242692304286e-07, 4.48138120099163e-07, 4.137179918549271e-07, 3.818324282946641e-07, 3.521731833932435e-07, 3.2481162247988357e-07, 2.993595918217169e-07, 2.757961840299714e-07, 2.5430698753165747e-07, 2.3428790715591605e-07, 2.1597931317486167e-07, 1.9887484301853753e-07, 1.831390557892087e-07, 1.6851763915652194e-07, 1.5500291039337152e-07, 1.425509805646945e-07, 1.3087820282820582e-07, 1.2023822720330199e-07]
ndim2: 500
W_list: [3.2]
L_list: [12.711852022480791]
