C_final_list: [1.9868737013493395e-06, 1.7165233741419406e-06, 1.4733320035780164e-06, 1.2662412063667145e-06, 1.0856807214420649e-06, 9.292153663836351e-07, 7.957264469082293e-07, 6.833909467643332e-07, 5.862111567153602e-07, 5.034160784660528e-07, 4.313567900780104e-07, 3.7063551733313126e-07, 3.187982462304252e-07, 2.726705291161013e-07, 2.335711955519647e-07, 1.9984427464077824e-07, 1.7106954662872172e-07, 1.4581603248908976e-07, 1.2442527914385323e-07, 1.0612695250446002e-07, 9.013869725989031e-08, 7.669972807111483e-08, 6.50287681907527e-08, 5.507576548405663e-08, 4.6554195632210675e-08, 3.9350619284360336e-08, 3.332679713292404e-08, 2.8297785480454267e-08, 2.3979808364041362e-08, 2.034565640473669e-08, 1.7232785756561617e-08, 1.4561493396412657e-08, 1.2327200107334881e-08, 1.0437981069868098e-08, 8.817048179899292e-09, 7.416102184943425e-09, 6.235869544247276e-09, 5.249356529270873e-09, 4.396560269704592e-09, 3.69036502871145e-09, 3.1103567961247682e-09, 2.6165675585456983e-09, 2.223378244555175e-09, 1.8814673991876103e-09, 1.5948206183210098e-09, 1.3413909979900814e-09, 1.137531146624307e-09, 9.65869645699398e-10, 8.237204083140925e-10, 7.030987989400988e-10]
ndim2: 500
W_list: [3.3]
L_list: [6.524809442847544]
