R_list= [ 1  2  3  4  5  6  7  8  9 10 11 12 13 14 15 16 17 18 19 20 21 22 23 24
 25 26 27 28 29 30 31 32 33 34 35 36 37 38]
C_final_list= [1.0091166974857881e-06, 9.316250164004746e-07, 8.557107597562666e-07, 7.839721569153225e-07, 7.170788647085769e-07, 6.554353188004354e-07, 5.988414238680277e-07, 5.469731765481357e-07, 4.99377312809067e-07, 4.55979923181077e-07, 4.1655869932433104e-07, 3.8100556811651855e-07, 3.484402894301901e-07, 3.186212970746533e-07, 2.911536902720371e-07, 2.659161550666562e-07, 2.4293692276918335e-07, 2.2178396373177534e-07, 2.0230873921641032e-07, 1.8439267961428174e-07, 1.6798575080907107e-07, 1.5296032010410092e-07, 1.3929546852198591e-07, 1.2688634267609962e-07, 1.1561265795182846e-07, 1.0529534264964353e-07, 9.585549743143673e-08, 8.717968053855237e-08, 7.917527253197089e-08, 7.194342103371318e-08, 6.534056626392206e-08, 5.933342798189946e-08, 5.382872567330607e-08, 4.8778675897988837e-08, 4.424523888075394e-08, 4.013941966795014e-08, 3.641371687521767e-08, 3.3028280559382285e-08]
W_list: [7.2]
L_list: [11.112816015019016]
