R_list= [ 1  2  3  4  5  6  7  8  9 10 11 12 13 14 15 16 17 18 19 20 21 22 23 24
 25 26 27 28 29 30 31 32 33 34 35 36 37 38]
C_final_list= [4.404045780117068e-07, 4.140307909737363e-07, 3.8751027664800535e-07, 3.6143583299172026e-07, 3.365270108822674e-07, 3.131039356203661e-07, 2.911128126728705e-07, 2.705658541991518e-07, 2.5145219210201993e-07, 2.3367651948529354e-07, 2.1699172448505733e-07, 2.0151806829680802e-07, 1.8710144967759816e-07, 1.7374454536106486e-07, 1.6134849461063141e-07, 1.4969070614348958e-07, 1.3884510470825706e-07, 1.2871409221132425e-07, 1.1938502526084863e-07, 1.1064478869689175e-07, 1.0257981370688852e-07, 9.508355753583016e-08, 8.813561305427496e-08, 8.174739062849206e-08, 7.58300588340203e-08, 7.035230108320639e-08, 6.525083407665914e-08, 6.05076470471247e-08, 5.605148643967331e-08, 5.194400401753092e-08, 4.811714712703261e-08, 4.455101057777511e-08, 4.125135003004147e-08, 3.818792680192192e-08, 3.5365527684533705e-08, 3.274707427664724e-08, 3.0311039155370905e-08, 2.8031686116907654e-08]
W_list: [6.6000000000000005]
L_list: [13.635053327003842]
