C_final_list: [1.5525833829112783e-06, 1.4057338017285318e-06, 1.2696181813097242e-06, 1.1482889633978357e-06, 1.0380376180017137e-06, 9.393337744473796e-07, 8.486139275194919e-07, 7.662973725518039e-07, 6.923624815464849e-07, 6.247454887947364e-07, 5.626460472924086e-07, 5.074203650039389e-07, 4.575333008811954e-07, 4.127222735612126e-07, 3.7234072782793463e-07, 3.355569599214446e-07, 3.0233386342378267e-07, 2.726803669159296e-07, 2.458902755257639e-07, 2.2162478344995606e-07, 1.9916314387694476e-07, 1.7878932317723906e-07, 1.6053093919192598e-07, 1.4407530617651812e-07, 1.2927910874017391e-07, 1.1593177283388631e-07, 1.0406767753353914e-07, 9.343588331629243e-08, 8.365747993660379e-08, 7.487861415302697e-08, 6.687347533822397e-08, 5.971037976814426e-08, 5.320398147395581e-08, 4.744053117884201e-08, 4.2361294209458886e-08]
ndim2: 500
W_list: [3.6]
L_list: [9.75441162967918]
