R_list= [ 1  2  3  4  5  6  7  8  9 10 11 12 13 14 15 16 17 18 19 20 21 22 23 24
 25 26 27 28 29 30 31 32 33 34 35 36 37 38]
C_final_list= [1.1762502770355163e-06, 1.1133034942214879e-06, 1.0615707860474995e-06, 1.0103806135620597e-06, 9.613527847160046e-07, 9.150300453902617e-07, 8.704692525102095e-07, 8.279504627978959e-07, 7.875131472123338e-07, 7.490294420427795e-07, 7.119619723557366e-07, 6.766568848504478e-07, 6.428483891082166e-07, 6.104642789516018e-07, 5.799429784428459e-07, 5.511632581513827e-07, 5.23573423679558e-07, 4.969958247703599e-07, 4.7158629033758667e-07, 4.474367775148689e-07, 4.2454057292976035e-07, 4.0283581355491524e-07, 3.8216395691658275e-07, 3.624222237837888e-07, 3.436959543928534e-07, 3.259739849075975e-07, 3.092188760143731e-07, 2.9341828966525065e-07, 2.784241505578392e-07, 2.6410349644197223e-07, 2.5046294577642965e-07, 2.3754145558613145e-07, 2.2522851337674166e-07, 2.1361698344294722e-07, 2.025179682578976e-07, 1.919631130880514e-07, 1.8190633012703365e-07, 1.7238029747192925e-07]
W_list: [5]
L_list: [19.512521993096964]
