R_list= [ 1  2  3  4  5  6  7  8  9 10 11 12 13 14 15 16 17 18 19 20 21 22 23 24
 25 26 27 28 29 30 31 32 33 34 35 36 37 38]
C_final_list= [5.249899075128617e-07, 4.679424106919057e-07, 4.1377777182517024e-07, 3.6431222324271165e-07, 3.2036304321801963e-07, 2.817156146419847e-07, 2.475934661110418e-07, 2.1757398489712826e-07, 1.9110058679593e-07, 1.6779522778605394e-07, 1.4717642752034103e-07, 1.2907043505112134e-07, 1.1307356499080831e-07, 9.892778625742397e-08, 8.634203441625597e-08, 7.541334207754041e-08, 6.57754927191301e-08, 5.744514624968694e-08, 5.008677325581156e-08, 4.362766659427511e-08, 3.8030937617538087e-08, 3.314385910127051e-08, 2.88629010274316e-08, 2.5159608984457378e-08, 2.1931895438737342e-08, 1.9089247228780822e-08, 1.6623661895517737e-08, 1.4478979727594276e-08, 1.2622881092666045e-08, 1.0993550774227044e-08, 9.581001885973457e-09, 8.336152965830436e-09, 7.241067899005694e-09, 6.292740419385319e-09, 5.468666301964624e-09, 4.768250289621414e-09, 4.154011618224992e-09, 3.623057166471339e-09]
W_list: [7.6]
L_list: [7.742617350257298]
