R_list= [ 1  2  3  4  5  6  7  8  9 10 11 12 13 14 15 16 17 18 19 20 21 22 23 24
 25 26 27 28 29 30 31 32 33 34 35 36 37 38]
C_final_list= [2.040099666542171e-06, 1.647874476909927e-06, 1.3733669788050927e-06, 1.1812194450708009e-06, 1.016649177060264e-06, 8.72246436941035e-07, 7.524391333881541e-07, 6.51173940329332e-07, 5.630938433925073e-07, 4.8691131393395e-07, 4.2167330192863494e-07, 3.648662472099847e-07, 3.154457582482366e-07, 2.721042420854067e-07, 2.3426795658816932e-07, 2.020156478201963e-07, 1.7489592854583476e-07, 1.5158849988255775e-07, 1.3102669305024242e-07, 1.1268989543974216e-07, 9.667313832273238e-08, 8.317668211385746e-08, 7.174611285076693e-08, 6.19184624187712e-08, 5.337014297438111e-08, 4.599387210384744e-08, 3.9539345196449805e-08, 3.3914142954114284e-08, 2.9095844171714987e-08, 2.5017873834321453e-08, 2.1489787436454436e-08, 1.839999434640293e-08, 1.5712030626379586e-08, 1.3420987312935501e-08, 1.1477029088812635e-08, 9.838931782075626e-09, 8.443259010153174e-09, 7.2367677375994965e-09]
W_list: [4]
L_list: [6.394320820624468]
