R_list= [ 1  2  3  4  5  6  7  8  9 10 11 12 13 14 15 16 17 18 19 20 21 22 23 24
 25 26 27 28 29 30 31 32 33 34 35 36 37 38]
C_final_list= [1.5726349334599182e-07, 6.220716116788791e-08, 1.9208289765817696e-08, 5.230833712743245e-09, 1.3358076105468837e-09, 3.3021632040431334e-10, 8.019492702317144e-11, 1.9155942398034556e-11, 4.5600721098873104e-12, 1.116191162311491e-12, 2.9980579997568835e-13, 9.056259732197777e-14, 2.6224028164523844e-14, 6.940557622228991e-15, 1.7385289021327187e-15, 4.236787951420325e-16, 1.0163982372774313e-16, 2.2875849397769647e-17, 5.1471359414058705e-18, 1.1327376177935348e-18, 2.508482929280171e-19, 5.729212730861657e-20, 1.3483543665751589e-20, 3.405151557291398e-21, 9.555434740039753e-22, 2.9213121077808487e-22, 1.059855501499638e-22, 5.0294139181877996e-23, 3.1705203078323074e-23, 2.5177365730660232e-23, 2.2591557502371245e-23, 2.1233698566201145e-23, 2.015743059656423e-23, 1.9471784242215528e-23, 1.9581566402588885e-23, 2.0389533288769303e-23, 2.1524718402218186e-23, 2.2496750191245298e-23]
W_list: [6]
L_list: [1.0093272308457026]
