R_list= [ 1  2  3  4  5  6  7  8  9 10 11 12 13 14 15 16 17 18 19 20 21 22 23 24
 25 26 27 28 29 30 31 32 33 34 35 36 37 38]
C_final_list= [7.714146234428962e-07, 6.499399320485738e-07, 5.45162460615998e-07, 4.5660820357550754e-07, 3.8173598479771844e-07, 3.189921041883125e-07, 2.660847235956304e-07, 2.2126305444249244e-07, 1.839195039466633e-07, 1.528093928639994e-07, 1.274363273028111e-07, 1.0606064368043083e-07, 8.79685013080149e-08, 7.302615409031085e-08, 6.061583512242905e-08, 5.02132479104064e-08, 4.158792096155364e-08, 3.435482190939872e-08, 2.8391633523018816e-08, 2.3483643483917717e-08, 1.9423801674267044e-08, 1.6027805151299404e-08, 1.3209686013322701e-08, 1.0879901554055282e-08, 8.958905355189749e-09, 7.398388571883968e-09, 6.107826424427971e-09, 5.065790636570736e-09, 4.210181211904022e-09, 3.4970902826841816e-09, 2.899501073327409e-09, 2.4048341973629684e-09, 1.993478965734179e-09, 1.649906297934589e-09, 1.3638601076618718e-09, 1.1277590815162941e-09, 9.305178957825959e-10, 7.702888590580415e-10]
W_list: [7.2]
L_list: [5.558474984620398]
