C_final_list: [1.4434257079862682e-06, 1.2520212230479785e-06, 1.085475651865456e-06, 9.392030702497952e-07, 8.130006813083148e-07, 7.038472169884434e-07, 6.090491533788384e-07, 5.264568588740924e-07, 4.5541119824537976e-07, 3.9360520368197164e-07, 3.3982614333015754e-07, 2.931538378808776e-07, 2.535060771922511e-07, 2.1875668828187992e-07, 1.8826040313678327e-07, 1.6236117037394518e-07, 1.401085326253344e-07, 1.2088715273228387e-07, 1.0422188122926306e-07, 8.975068460760247e-08, 7.722339875193353e-08, 6.64307979019157e-08, 5.7097386791727654e-08, 4.9088684663487236e-08, 4.207725898490168e-08, 3.614597514840934e-08, 3.095173847583363e-08, 2.652713099030559e-08, 2.283941145928949e-08, 1.962227367051076e-08, 1.6873150485842653e-08, 1.4511526069599178e-08, 1.2501543231683251e-08, 1.0743012084975686e-08, 9.193066223038986e-09, 7.89157271639827e-09, 6.76060584155786e-09, 5.801758111902734e-09, 4.973617658127295e-09, 4.249641346046744e-09, 3.6483506346770598e-09, 3.151578578898462e-09, 2.727262559827449e-09, 2.3594157963378018e-09, 2.0445816586648163e-09, 1.7650814702657372e-09, 1.5211317360608338e-09, 1.3093349564345292e-09, 1.1227572106706395e-09, 9.636540212261069e-10]
ndim2: 500
W_list: [4.2]
L_list: [6.888303399398274]
