R_list= [ 1  2  3  4  5  6  7  8  9 10 11 12 13 14 15 16 17 18 19 20 21 22 23 24
 25 26 27 28 29 30 31 32 33 34 35 36 37 38]
C_final_list= [1.9106721127204623e-06, 1.4797720448515926e-06, 1.0779998052683556e-06, 7.718258331287515e-07, 5.54463746021083e-07, 4.0185769737839316e-07, 2.932977534552182e-07, 2.145811420932899e-07, 1.5673985163672616e-07, 1.1404048441835222e-07, 8.265084893723445e-08, 5.976070701844373e-08, 4.311691990056045e-08, 3.1096945068515055e-08, 2.239838564604687e-08, 1.6073420888823296e-08, 1.1472743504011474e-08, 8.169557790973685e-09, 5.8044995416788036e-09, 4.114415296696958e-09, 2.9230338090823364e-09, 2.08635977587267e-09, 1.4903166356621834e-09, 1.0649140435358807e-09, 7.601942896743698e-10, 5.43240634923086e-10, 3.8813339065757885e-10, 2.769851353743155e-10, 1.9752264367373384e-10, 1.408078439933411e-10, 1.0059560386306503e-10, 7.265500136077603e-11, 5.3022841522420114e-11, 3.889579031010953e-11, 2.864616056576312e-11, 2.124055163622539e-11, 1.5788689489063946e-11, 1.1595221683650148e-11]
W_list: [4]
L_list: [3.235533250080665]
