C_final_list: [1.3533118677980833e-06, 1.175564527428719e-06, 1.0156605292500161e-06, 8.767555072589273e-07, 7.570604834399545e-07, 6.52615010331203e-07, 5.635109393399429e-07, 4.878011266254882e-07, 4.2193636424994346e-07, 3.648390497993509e-07, 3.1538720205094224e-07, 2.7176033961385844e-07, 2.3352675184381827e-07, 2.0080520354410342e-07, 1.7345865584507335e-07, 1.4966376375042076e-07, 1.2922659241385836e-07, 1.1145434189487828e-07, 9.598305056846873e-08, 8.236147339859733e-08, 7.064064860666739e-08, 6.058245620204824e-08, 5.187213852837989e-08, 4.441354533162805e-08, 3.803910945137189e-08, 3.255208322731227e-08, 2.788821776317242e-08, 2.3774155854131684e-08, 2.0299869148739926e-08, 1.728668873035683e-08, 1.4690163715079293e-08, 1.2469695624879944e-08, 1.0636556746383583e-08, 9.060975591900853e-09, 7.72705131106938e-09, 6.578650948644833e-09, 5.598624692509242e-09, 4.7809805867435245e-09, 4.09581005737783e-09, 3.4867483066193495e-09, 2.98893341400376e-09, 2.560087295717839e-09, 2.192273700906631e-09, 1.875249638491429e-09, 1.607433235507041e-09, 1.3744720739084332e-09, 1.1772472992946046e-09, 1.0102828418148181e-09, 8.658486022596572e-10, 7.387895886857572e-10]
ndim2: 500
W_list: [4.2]
L_list: [6.817166780596751]
