R_list= [ 1  2  3  4  5  6  7  8  9 10 11 12 13 14 15 16 17 18 19 20 21 22 23 24
 25 26 27 28 29 30 31 32 33 34 35 36 37 38]
C_final_list= [3.22232048418995e-05, 2.4635575557046407e-05, 1.868624935011674e-05, 1.4154703693081948e-05, 1.0697722552282539e-05, 8.077656169370228e-06, 6.082845573049114e-06, 4.579436303497645e-06, 3.440458936541722e-06, 2.588846906561378e-06, 1.9477834729563527e-06, 1.4640289480277194e-06, 1.1025561356631244e-06, 8.299441975589417e-07, 6.240298768768587e-07, 4.6941478296345556e-07, 3.52281592876816e-07, 2.6456732529039093e-07, 1.9890784362002003e-07, 1.4984716834389506e-07, 1.1340520190848098e-07, 8.580838432757885e-08, 6.485862516535387e-08, 4.89889841441815e-08, 3.6952616503625485e-08, 2.7777842496072355e-08, 2.096867853625386e-08, 1.5810810087185803e-08, 1.1935050600022294e-08, 8.985297418830594e-09, 6.797366187966454e-09, 5.145528264703316e-09, 3.884150390105089e-09, 2.9392205782185133e-09, 2.217459152829501e-09, 1.6790926945471099e-09, 1.2735657511835671e-09, 9.67661986383475e-10]
W_list: [8.05]
L_list: [3.601426242695989]
