R_list= [ 1  2  3  4  5  6  7  8  9 10 11 12 13 14 15 16 17 18 19 20 21 22 23 24
 25 26 27 28 29 30 31 32 33 34 35 36 37 38]
C_final_list= [1.3179207399346906e-06, 9.395039773791605e-07, 6.71218939128645e-07, 4.810735571718101e-07, 3.451692617353501e-07, 2.4673382453575987e-07, 1.7683718404132405e-07, 1.2652646377625134e-07, 9.051321839005304e-08, 6.434806720597636e-08, 4.540726574589619e-08, 3.205783891957122e-08, 2.2662384839299534e-08, 1.590229071170536e-08, 1.120466959241516e-08, 7.91389488465146e-09, 5.55730571816634e-09, 3.923665754468112e-09, 2.7598071459349575e-09, 1.9244312967601777e-09, 1.353168154998982e-09, 9.486245808655836e-10, 6.650630983302875e-10, 4.621606892315316e-10, 3.243807902396699e-10, 2.2752967441253534e-10, 1.584498073734555e-10, 1.1021319161362853e-10, 7.718946305953802e-11, 5.3834330670433203e-11, 3.699356471538467e-11, 2.591977036376416e-11, 1.8391672066134712e-11, 1.2965387544433787e-11, 9.312459065598768e-12, 6.8951380465675225e-12, 5.124281107084824e-12, 3.821784954581101e-12]
W_list: [6.4]
L_list: [2.9799268226867177]
