R_list= [ 1  2  3  4  5  6  7  8  9 10 11 12 13 14 15 16 17 18 19 20 21 22 23 24
 25 26 27 28 29 30 31 32 33 34 35 36 37 38]
C_final_list= [7.944883784277535e-07, 5.459543210184718e-07, 3.5117696676643046e-07, 2.227311416306495e-07, 1.4138861677767692e-07, 8.951247054013453e-08, 5.634801071922863e-08, 3.528993645200985e-08, 2.211784333654829e-08, 1.3892512814862271e-08, 8.717163400431403e-09, 5.461905239282041e-09, 3.4061734828918046e-09, 2.110217843251904e-09, 1.30616170335539e-09, 8.109326116564093e-10, 5.066886304905842e-10, 3.1762256963595374e-10, 1.98485594458157e-10, 1.2336078672725216e-10, 7.69449141602022e-11, 4.8173272310293305e-11, 3.041463119349404e-11, 1.9253048930331272e-11, 1.2077356936566683e-11, 7.580376147704244e-12, 4.772199585768457e-12, 3.0499430925772713e-12, 1.9811210899377483e-12, 1.3033039443287398e-12, 8.773556161545342e-13, 6.167057151014526e-13, 4.3406758771641396e-13, 3.0830457072526623e-13, 2.3110745224600085e-13, 1.8512151865388705e-13, 1.3629611646086726e-13, 8.692495415456968e-14]
W_list: [5]
L_list: [2.3520151821467663]
