C_final_list: [1.5868376054008087e-06, 1.5581377009873968e-06, 1.529774298873365e-06, 1.5022681107220333e-06, 1.4752749645350353e-06, 1.4489911800819928e-06, 1.4231563020174066e-06, 1.3975768726979475e-06, 1.3726527255123526e-06, 1.3483556493860541e-06, 1.324302481448354e-06, 1.3008849179124268e-06, 1.2779137606691573e-06, 1.255404567679271e-06, 1.2333782682171567e-06, 1.211612621455974e-06, 1.1902027631352682e-06, 1.1693943722735568e-06, 1.1488054480696714e-06, 1.1283281967440537e-06, 1.108317539399925e-06, 1.0884610746172544e-06, 1.0691179868284263e-06, 1.0499186068709869e-06, 1.031038476731926e-06, 1.012510798570363e-06, 9.941806773247554e-07, 9.76296015356058e-07, 9.58746801765399e-07, 9.414238069775865e-07, 9.244497443061183e-07, 9.077050100184864e-07, 8.911365853474424e-07, 8.746672294719367e-07, 8.585324803780881e-07, 8.424935949739664e-07, 8.266106276298404e-07, 8.11094714991645e-07, 7.959620575962501e-07, 7.810588658687737e-07, 7.666709716912629e-07, 7.525474237281933e-07, 7.385098865574846e-07, 7.246322475012436e-07, 7.110197750546399e-07, 6.97826689851133e-07, 6.849420771535378e-07, 6.723025965301763e-07, 6.598661589166424e-07, 6.474576833974542e-07]
ndim2: 500
W_list: [3.15]
L_list: [55.08053867026133]
