C_final_list: [1.9996169047989136e-06, 1.7741852775354e-06, 1.5693298546706083e-06, 1.3867329984935753e-06, 1.226710029791591e-06, 1.0861055154874574e-06, 9.619785759015899e-07, 8.544622142987558e-07, 7.549136364275629e-07, 6.659544697194858e-07, 5.884981057848626e-07, 5.175809857523805e-07, 4.5672697604507997e-07, 4.0303798355503573e-07, 3.554123056876046e-07, 3.127637292329513e-07, 2.75961070762531e-07, 2.433947678255728e-07, 2.1578043145422538e-07, 1.91473654283615e-07, 1.697708216016965e-07, 1.5000934867579245e-07, 1.3243384850010732e-07, 1.1659801136049083e-07, 1.02467656070314e-07, 9.013265396335671e-08, 7.906416133245947e-08, 6.958694438747773e-08, 6.109511497048893e-08, 5.365307024160041e-08, 4.6979440992220484e-08, 4.1186643515902396e-08, 3.6092612312824474e-08, 3.1571714676412885e-08, 2.755339550050757e-08, 2.401747565804862e-08, 2.095943334444447e-08, 1.823677636091024e-08, 1.5972123541508357e-08, 1.3939892934504526e-08, 1.2192084591211762e-08, 1.0681163324662443e-08, 9.28447257434207e-09, 8.08733858476039e-09, 7.029213159746171e-09, 6.095400405572347e-09, 5.314080890940127e-09, 4.6453778601683725e-09, 4.041091232289953e-09, 3.512167120360691e-09]
ndim2: 500
W_list: [2.9]
L_list: [8.115261639831196]
