C_final_list: [1.590053034680924e-06, 1.5612769683897843e-06, 1.532657736371362e-06, 1.5048864615982254e-06, 1.47758388170984e-06, 1.4510760469849345e-06, 1.4249754755165874e-06, 1.3993486761771909e-06, 1.3739488422541008e-06, 1.3493685311738997e-06, 1.3247846541637146e-06, 1.3004890028779067e-06, 1.2766516785425645e-06, 1.2531784309039494e-06, 1.2301068109438679e-06, 1.2076506246853197e-06, 1.1854110202875673e-06, 1.1635445775923174e-06, 1.1419295963916352e-06, 1.1207792227146238e-06, 1.100013959982959e-06, 1.079804949292208e-06, 1.0598860912296673e-06, 1.0402161431514571e-06, 1.0211606072259047e-06, 1.0023827705939462e-06, 9.84057515812136e-07, 9.660920395383595e-07, 9.482613799460331e-07, 9.307511495237577e-07, 9.13705826099682e-07, 8.967999728285401e-07, 8.801924355826151e-07, 8.640243332089541e-07, 8.480009431356489e-07, 8.322921737242102e-07, 8.167194370579599e-07, 8.015598537650241e-07, 7.865184985093798e-07, 7.719064630761987e-07, 7.575455346260486e-07, 7.435259729302053e-07, 7.295586211956983e-07, 7.15916697786344e-07, 7.023992805521085e-07, 6.891481641403185e-07, 6.761033622418515e-07, 6.632541764277725e-07, 6.506017659465063e-07, 6.38217276163875e-07]
ndim2: 500
W_list: [3.15]
L_list: [53.858612354176884]
