R_list= [ 1  2  3  4  5  6  7  8  9 10 11 12 13 14 15 16 17 18 19 20 21 22 23 24
 25 26 27 28 29 30 31 32 33 34 35 36 37 38]
C_final_list= [1.908819537987155e-05, 1.5234511151044504e-05, 1.2053116303041626e-05, 9.50414079615233e-06, 7.485524510780938e-06, 5.885362568165684e-06, 4.630194754597561e-06, 3.644587174855732e-06, 2.869712241783677e-06, 2.2571782442192714e-06, 1.7770524140300983e-06, 1.39887492044585e-06, 1.098453168438603e-06, 8.622028475592093e-07, 6.781521942909132e-07, 5.332735551379436e-07, 4.194540580373564e-07, 3.2934000887980427e-07, 2.585893580281728e-07, 2.028730885402508e-07, 1.5910264049748922e-07, 1.2459083033983322e-07, 9.75223079787202e-08, 7.642518781442353e-08, 5.985058669882887e-08, 4.70508883910846e-08, 3.6933215075256306e-08, 2.8945935444231077e-08, 2.2645399905203954e-08, 1.770400814429364e-08, 1.3818889675520213e-08, 1.0794004712482667e-08, 8.441590552557856e-09, 6.6027884583743815e-09, 5.17062279528626e-09, 4.050407256684635e-09, 3.1794139399128975e-09, 2.496589864466967e-09]
W_list: [8.5]
L_list: [4.231354261160892]
