C_final_list: [1.8169458449066996e-06, 1.7696175830044746e-06, 1.7228465524415362e-06, 1.6781522894819837e-06, 1.6343525397984049e-06, 1.5914627472120134e-06, 1.550399706675766e-06, 1.510390367150667e-06, 1.4712053139121015e-06, 1.43301752892426e-06, 1.3960218641756341e-06, 1.3599823692390943e-06, 1.3245854013623343e-06, 1.2905002225000723e-06, 1.2569847835756779e-06, 1.2240669575916546e-06, 1.1917981566199782e-06, 1.159970890351724e-06, 1.1291466007183807e-06, 1.0990272521691814e-06, 1.07006328395929e-06, 1.0416189776454137e-06, 1.013976890379143e-06, 9.866276334287168e-07, 9.60055072530632e-07, 9.342741822328114e-07, 9.086962271587301e-07, 8.841422257249832e-07, 8.601026126816457e-07, 8.368488562923828e-07, 8.140831909871858e-07, 7.918044079507166e-07, 7.697275029210758e-07, 7.483455619639791e-07, 7.278321212920613e-07, 7.078045330027903e-07, 6.883630143336268e-07, 6.694112472568611e-07, 6.510004028382181e-07, 6.331498591881861e-07, 6.156444211353814e-07, 5.985544807418485e-07, 5.821369534711298e-07, 5.662236459742183e-07, 5.507074741253125e-07, 5.356015253146113e-07, 5.209723927696343e-07, 5.066770354513246e-07, 4.92687308788589e-07, 4.790559846348876e-07]
ndim2: 500
W_list: [2.8499999999999996]
L_list: [37.05069440397903]
