C_final_list: [1.7492108132050858e-06, 1.4648536071862084e-06, 1.2188418775182699e-06, 1.0116506489508084e-06, 8.372037189525709e-07, 6.928457371553223e-07, 5.736970442576282e-07, 4.7650526616856035e-07, 3.956933416304921e-07, 3.285750089577525e-07, 2.725848880737087e-07, 2.253711869416214e-07, 1.8690323353343227e-07, 1.5505529554995138e-07, 1.283086426984042e-07, 1.0643839733227947e-07, 8.73303572664461e-08, 7.186002843188601e-08, 5.9171395717917417e-08, 4.8862737794511635e-08, 4.0181103790475344e-08, 3.30796912579751e-08, 2.717303392119466e-08, 2.230533629930606e-08, 1.8264569691055602e-08, 1.4932480543822706e-08, 1.2177620615835373e-08, 9.918485229184001e-09, 8.042435132518596e-09, 6.525292502847724e-09, 5.340881157527908e-09, 4.3958943847387795e-09, 3.6101243323769697e-09, 2.9610865810963003e-09, 2.4091986968859755e-09]
ndim2: 500
W_list: [3.2]
L_list: [5.367398619607239]
