R_list= [ 1  2  3  4  5  6  7  8  9 10 11 12 13 14 15 16 17 18 19 20 21 22 23 24
 25 26 27 28 29 30 31 32 33 34 35 36 37 38]
C_final_list= [2.5529212207283675e-06, 2.2635170983696977e-06, 1.9890308625327535e-06, 1.739705323396777e-06, 1.5176612599443656e-06, 1.3227783685374928e-06, 1.1528510287098833e-06, 1.0039223765165845e-06, 8.741969921723017e-07, 7.610552607926759e-07, 6.624881863776955e-07, 5.758902892629681e-07, 5.000326103170401e-07, 4.3389163317972856e-07, 3.7641069377330407e-07, 3.268958153377772e-07, 2.8398984164191613e-07, 2.4659837523974636e-07, 2.1393926078298438e-07, 1.8552077695294949e-07, 1.6085593905932342e-07, 1.3945692444267728e-07, 1.2089650441169957e-07, 1.0467506102252839e-07, 9.057598160000255e-08, 7.831748971999784e-08, 6.766685976981184e-08, 5.846900031297384e-08, 5.054431801850063e-08, 4.3710831363729476e-08, 3.7802166844029325e-08, 3.270449762715149e-08, 2.828257175659073e-08, 2.4467675152887207e-08, 2.116249504221846e-08, 1.8303075438191656e-08, 1.5817929084231756e-08, 1.3687594481572414e-08]
W_list: [8.1]
L_list: [7.328373839851619]
