R_list= [ 1  2  3  4  5  6  7  8  9 10 11 12 13 14 15 16 17 18 19 20 21 22 23 24
 25 26 27 28 29 30 31 32 33 34 35 36 37 38]
C_final_list= [9.425941893813935e-07, 8.310080737727882e-07, 7.316007238232661e-07, 6.423625116064901e-07, 5.651918223789665e-07, 4.954657505139812e-07, 4.3443502434678907e-07, 3.8080707848595415e-07, 3.334634027019014e-07, 2.922604872138711e-07, 2.558038263382244e-07, 2.2424575856262928e-07, 1.959744378759134e-07, 1.7158308690398355e-07, 1.5022145660230675e-07, 1.3139177298234486e-07, 1.1496124445777283e-07, 1.0058899660162814e-07, 8.804432677776363e-08, 7.682003063402224e-08, 6.696480545964494e-08, 5.843519876108314e-08, 5.0930031158936706e-08, 4.444355994836444e-08, 3.8703025876545266e-08, 3.371265041563707e-08, 2.9351388738143464e-08, 2.5476827374833716e-08, 2.2106861316332543e-08, 1.916891274809311e-08, 1.662988371198195e-08, 1.4422111964694278e-08, 1.25429606453507e-08, 1.0903139145392575e-08, 9.460525483374257e-09, 8.211153586861312e-09, 7.1149953966869395e-09, 6.18895967888806e-09]
W_list: [6]
L_list: [7.621849848933305]
