C_final_list: [1.1280018017400304e-06, 1.0934464525472228e-06, 1.0581811907275848e-06, 1.0237687642748122e-06, 9.904898664793008e-07, 9.577908905746894e-07, 9.260790629860468e-07, 8.950131378785901e-07, 8.650901430205149e-07, 8.361489427621659e-07, 8.080587344974381e-07, 7.807433366033121e-07, 7.540033914849588e-07, 7.28245031707015e-07, 7.033658155733963e-07, 6.792649068904404e-07, 6.560821483538714e-07, 6.336937441913109e-07, 6.118704583486737e-07, 5.905880269197842e-07, 5.698834784291856e-07, 5.498747003380044e-07, 5.30806638282541e-07, 5.123160578449348e-07, 4.945261437378264e-07, 4.773636801418154e-07, 4.60812898773962e-07, 4.44748014339622e-07, 4.290255475938828e-07, 4.140454223028126e-07, 3.9936503372678904e-07, 3.8528917718659925e-07, 3.7170319351169257e-07, 3.587431352588253e-07, 3.461959690505868e-07]
ndim2: 500
W_list: [3.2]
L_list: [28.881953916527298]
