R_list= [ 1  2  3  4  5  6  7  8  9 10 11 12 13 14 15 16 17 18 19 20 21 22 23 24
 25 26 27 28 29 30 31 32 33 34 35 36 37 38]
C_final_list= [8.520297473690694e-07, 7.799543815938525e-07, 7.114822129826319e-07, 6.469662451883116e-07, 5.880842627227392e-07, 5.343795507796274e-07, 4.859680227019144e-07, 4.4147189878135623e-07, 4.0130356704441464e-07, 3.646982550238474e-07, 3.3122101523364636e-07, 3.0092329289756603e-07, 2.73471593981732e-07, 2.4829781732846745e-07, 2.254710161047353e-07, 2.0479630264979798e-07, 1.8595618710641952e-07, 1.6879696769138218e-07, 1.5305696951400766e-07, 1.3879062419134117e-07, 1.25906711583718e-07, 1.142424007130721e-07, 1.0355215153388526e-07, 9.380113234986793e-08, 8.493584331527118e-08, 7.679827012494748e-08, 6.934566790305388e-08, 6.256979676099524e-08, 5.652619772517062e-08, 5.103799254012641e-08, 4.6049537553696266e-08, 4.1529503731020574e-08, 3.7466341975329235e-08, 3.383167989531964e-08, 3.0547692371408725e-08, 2.759271656580133e-08, 2.4937993742499863e-08, 2.250363763541579e-08]
W_list: [6]
L_list: [10.442351692386612]
