C_final_list: [1.2677971176327666e-06, 1.1070333354291618e-06, 9.58201454050949e-07, 8.291577707132212e-07, 7.179946339533686e-07, 6.216744518927749e-07, 5.383214546768218e-07, 4.6553800616509275e-07, 4.035407532045143e-07, 3.4910434463228294e-07, 3.020211274901408e-07, 2.613584768022331e-07, 2.2584674660582698e-07, 1.945263147130277e-07, 1.6833360958862153e-07, 1.449385192624049e-07, 1.2522584589138214e-07, 1.0774760603837362e-07, 9.291337845187849e-08, 8.028941952630625e-08, 6.93928463306426e-08, 5.995743141847571e-08, 5.180904414590083e-08, 4.464916335815598e-08, 3.842160593777339e-08, 3.3064349837691444e-08, 2.843664745332802e-08, 2.4478481161605105e-08, 2.1103635303229683e-08, 1.8187478721145924e-08, 1.567459184678979e-08, 1.3469067176659615e-08, 1.1578040521304582e-08, 9.916480342654803e-09, 8.460028270808187e-09]
ndim2: 500
W_list: [3.0]
L_list: [6.9331564513631845]
