R_list= [ 1  2  3  4  5  6  7  8  9 10 11 12 13 14 15 16 17 18 19 20 21 22 23 24
 25 26 27 28 29 30 31 32 33 34 35 36 37 38]
C_final_list= [1.0057091273061668e-06, 9.591833124379318e-07, 9.119039433703913e-07, 8.656225800002536e-07, 8.207753565197225e-07, 7.777158317420053e-07, 7.369967004593115e-07, 6.987596268482837e-07, 6.625762753349059e-07, 6.278478076209971e-07, 5.947629806974842e-07, 5.630101497521474e-07, 5.327176402663743e-07, 5.042371314690868e-07, 4.774392692274724e-07, 4.520614718555265e-07, 4.2783274593872325e-07, 4.0500006581997555e-07, 3.832926753987015e-07, 3.625619827752743e-07, 3.4295922787272155e-07, 3.2430693111613865e-07, 3.0671606181520927e-07, 2.9004817869018594e-07, 2.741940736743891e-07, 2.5919870291731195e-07, 2.449595794977174e-07, 2.3137876931870536e-07, 2.1847247929221913e-07, 2.0624750834437493e-07, 1.946579939388792e-07, 1.837624315045719e-07, 1.7344364019356415e-07, 1.6361088774167302e-07, 1.5429471297296084e-07, 1.4548278069120403e-07, 1.3717189093084678e-07, 1.2929428851812286e-07]
W_list: [7.0]
L_list: [18.32584503018695]
