R_list= [ 1  2  3  4  5  6  7  8  9 10 11 12 13 14 15 16 17 18 19 20 21 22 23 24
 25 26 27 28 29 30 31 32 33 34 35 36 37 38]
C_final_list= [5.93627345165187e-07, 4.830284995017996e-07, 3.9459932248924404e-07, 3.221326863979671e-07, 2.636004745043367e-07, 2.1501432578992496e-07, 1.7473981329969492e-07, 1.4175878114172348e-07, 1.144782476676184e-07, 9.240086095330311e-08, 7.471873107652306e-08, 6.042316653120061e-08, 4.863014491603156e-08, 3.9014404937746944e-08, 3.1509572398254105e-08, 2.5395767847748776e-08, 2.045990934748712e-08, 1.6397313515318316e-08, 1.314770541557603e-08, 1.0561737243929074e-08, 8.49060734154641e-09, 6.8277964775961445e-09, 5.45536174903041e-09, 4.358793607384533e-09, 3.4780655607533633e-09, 2.772822892477123e-09, 2.2072553436459996e-09, 1.7645625745076912e-09, 1.3983241121125214e-09, 1.1099665627193364e-09, 8.791303373504598e-10, 6.9742725365372e-10, 5.529991831052423e-10, 4.392725561433246e-10, 3.490667137898864e-10, 2.7750622075120973e-10, 2.2029942895124133e-10, 1.7439352040009485e-10]
W_list: [7]
L_list: [4.85638650366035]
