C_final_list: [9.525776771583449e-07, 9.166695018952278e-07, 8.801236863165267e-07, 8.448295257161108e-07, 8.09823428546104e-07, 7.761681142992316e-07, 7.436691958787612e-07, 7.125377747217253e-07, 6.82857429398971e-07, 6.540057011278242e-07, 6.259763425537288e-07, 5.991732946000957e-07, 5.736740560480654e-07, 5.493103183212672e-07, 5.262317472028027e-07, 5.039337173056171e-07, 4.824474360760052e-07, 4.61975272643092e-07, 4.4233047407138253e-07, 4.234548152675693e-07, 4.0527981816483046e-07, 3.8788991437847875e-07, 3.7097163726843755e-07, 3.54894775342339e-07, 3.395061440225526e-07, 3.247091758502389e-07, 3.104322284509715e-07, 2.9684356581071717e-07, 2.8374204937416436e-07, 2.71292082705655e-07, 2.5935719662623905e-07, 2.478810413097941e-07, 2.3684298172311243e-07, 2.2626258912381235e-07, 2.1614761527785327e-07]
ndim2: 500
W_list: [3.4000000000000004]
L_list: [23.08463281597414]
