C_final_list: [1.7063164145843948e-06, 1.6788127316651852e-06, 1.6513331511112887e-06, 1.6248900077335752e-06, 1.5988030238757862e-06, 1.5734935734040793e-06, 1.548642029596296e-06, 1.5246528427317664e-06, 1.500900641835388e-06, 1.477554550192373e-06, 1.4544956018159052e-06, 1.431934436410416e-06, 1.4097339625305024e-06, 1.387744354219866e-06, 1.3661360898156329e-06, 1.3446720965321663e-06, 1.3234232220689407e-06, 1.3024333925039073e-06, 1.2814234247868682e-06, 1.2608209673364243e-06, 1.2408164055545215e-06, 1.2208904825360018e-06, 1.20131699033807e-06, 1.1819085370521025e-06, 1.162861786883096e-06, 1.1441121586094553e-06, 1.1255134543969694e-06, 1.1070617498531428e-06, 1.0887523540251137e-06, 1.0709137385873892e-06, 1.0535197718332386e-06, 1.0362197027878415e-06, 1.0192922749006457e-06, 1.0025892305082683e-06, 9.860723653048914e-07, 9.699494252785244e-07, 9.540957700234664e-07, 9.386178087176008e-07, 9.233859169909902e-07, 9.082934162067109e-07, 8.935240572956076e-07, 8.789209112937042e-07, 8.644583142598019e-07, 8.503481370664927e-07, 8.364885113503895e-07, 8.22839023591129e-07, 8.095751650203734e-07, 7.96580474322632e-07, 7.836153022679324e-07, 7.707664365254197e-07]
ndim2: 500
W_list: [3.05]
L_list: [61.861547674120885]
