C_list:
1.407457755677746e-06 0.01364351342192921
ndim2: 500
W_list: [1.5999999999999999]
L_list: [73.29490352482819]
