C_final_list: [1.1688422021664595e-06, 1.0045141664858227e-06, 8.5958699363523e-07, 7.345877758582996e-07, 6.263297439328945e-07, 5.352533984113221e-07, 4.5713122164195833e-07, 3.8957114949992615e-07, 3.324603194668771e-07, 2.8326245392946436e-07, 2.41109476789262e-07, 2.05327742765655e-07, 1.7438134303905598e-07, 1.4833932164945877e-07, 1.2686642840611943e-07, 1.0804975906582127e-07, 9.206969523499302e-08, 7.841770991098244e-08, 6.709770942619381e-08, 5.72172382612906e-08, 4.871127350748827e-08, 4.1186788449934e-08, 3.4958274084667636e-08, 2.9573226425479087e-08, 2.5042571165319828e-08, 2.1161267071305526e-08, 1.78416899762505e-08, 1.5045830588341085e-08, 1.2703927406274957e-08, 1.0690622926150352e-08, 8.997376605210517e-09, 7.575788339606501e-09, 6.394024615987629e-09, 5.3826322145301e-09, 4.524250074741788e-09]
ndim2: 500
W_list: [3.2]
L_list: [6.324025810590166]
