R_list= [ 1  2  3  4  5  6  7  8  9 10 11 12 13 14 15 16 17 18 19 20 21 22 23 24
 25 26 27 28 29 30 31 32 33 34 35 36 37 38]
C_final_list= [2.076464401184975e-06, 1.9705891114691616e-06, 1.8967838080082627e-06, 1.8184333225078854e-06, 1.7462710429352755e-06, 1.678542713544951e-06, 1.6122731294119014e-06, 1.549597478242359e-06, 1.4890210132524698e-06, 1.4310023879601534e-06, 1.3754443816961107e-06, 1.3214126316880992e-06, 1.269632380939161e-06, 1.2198557590954948e-06, 1.1717019409937655e-06, 1.125489462312867e-06, 1.0806624689980423e-06, 1.0369519823873326e-06, 9.954925619857048e-07, 9.557190678630641e-07, 9.173458304101018e-07, 8.800844799847777e-07, 8.441199455353543e-07, 8.097606680592328e-07, 7.767059861372616e-07, 7.450170158399392e-07, 7.144394707426521e-07, 6.85534460171323e-07, 6.577828156082297e-07, 6.312411164608194e-07, 6.055383497309812e-07, 5.805613019499611e-07, 5.569022144998637e-07, 5.340619357794282e-07, 5.121664746154016e-07, 4.913619577473106e-07, 4.711462765371643e-07, 4.5157468048372315e-07]
W_list: [4]
L_list: [24.561645037113255]
