R_list= [ 1  2  3  4  5  6  7  8  9 10 11 12 13 14 15 16 17 18 19 20 21 22 23 24
 25 26 27 28 29 30 31 32 33 34 35 36 37 38]
C_final_list= [1.97272388613642e-06, 1.917783394564829e-06, 1.8768470524885309e-06, 1.8342267809818216e-06, 1.7942409932005489e-06, 1.7552407444783832e-06, 1.7170828509756944e-06, 1.6796103774150769e-06, 1.6432491138264125e-06, 1.6072534529142132e-06, 1.5716969499159348e-06, 1.5374113543438829e-06, 1.5038491105712966e-06, 1.4709586168122597e-06, 1.4389081521199933e-06, 1.4077856681777158e-06, 1.3768164644730447e-06, 1.3466482498946268e-06, 1.3170565511354705e-06, 1.2881461533600075e-06, 1.2600404979426548e-06, 1.2326148423929836e-06, 1.2056852076900089e-06, 1.179258532683568e-06, 1.1532923046998856e-06, 1.1278472405473568e-06, 1.1026203888432896e-06, 1.0781330218232183e-06, 1.0540121223983496e-06, 1.0302964053545236e-06, 1.0071848266218464e-06, 9.847483820335891e-07, 9.62764889252112e-07, 9.410483194691778e-07, 9.199258398634756e-07, 8.992992809883694e-07, 8.790873283536266e-07, 8.592185578466526e-07]
W_list: [4]
L_list: [44.94216637683643]
