R_list= [ 1  2  3  4  5  6  7  8  9 10 11 12 13 14 15 16 17 18 19 20 21 22 23 24
 25 26 27 28 29 30]
C_final_list= [2.6763451833019695e-07, 2.063954442909498e-07, 1.581235675256636e-07, 1.211683537289904e-07, 9.253521459211066e-08, 7.022182216402042e-08, 5.310565555577943e-08, 4.014422887950518e-08, 3.02963978524895e-08, 2.282196307050506e-08, 1.7158668835676252e-08, 1.2853108851718013e-08, 9.633159220702174e-09, 7.200700961938709e-09, 5.3601689427387106e-09, 3.98752075207945e-09, 2.968140055797354e-09, 2.1983133091261586e-09, 1.626862882963105e-09, 1.2029749694992156e-09, 8.895914513897374e-10, 6.595534687411753e-10, 4.889891602178672e-10, 3.6239212895730234e-10, 2.6730008898164123e-10, 1.9685144090487376e-10, 1.4489475957865486e-10, 1.0660591384731935e-10, 7.863697787065567e-11, 5.8096272174820226e-11]
W_list: [6]
L_list: [3.70708483228372]
