R_list= [ 1  2  3  4  5  6  7  8  9 10 11 12 13 14 15 16 17 18 19 20 21 22 23 24
 25 26 27 28 29 30 31 32 33 34 35 36 37 38]
C_final_list= [1.341719038889988e-06, 1.2920328368811057e-06, 1.2423211324653954e-06, 1.1950013923085575e-06, 1.1497249734277697e-06, 1.1058077530022895e-06, 1.0643894238915972e-06, 1.0244770564214343e-06, 9.856533547750382e-07, 9.484977796995174e-07, 9.123532608378443e-07, 8.775636986309755e-07, 8.44048112586651e-07, 8.116308166831654e-07, 7.803537055151316e-07, 7.501381874272204e-07, 7.211217158340613e-07, 6.934331949963721e-07, 6.667262621360224e-07, 6.407674148288126e-07, 6.158475544133574e-07, 5.92035092968318e-07, 5.689844655404262e-07, 5.46619158294164e-07, 5.252083342863499e-07, 5.044321887426872e-07, 4.843020574486354e-07, 4.650579263883812e-07, 4.4641003108575287e-07, 4.2843333179813066e-07, 4.1109637881231287e-07, 3.9440597070165784e-07, 3.7833536553719995e-07, 3.6308773594349326e-07, 3.4839897639549833e-07, 3.34251915878004e-07, 3.20626521404455e-07, 3.07598012396538e-07]
W_list: [5]
L_list: [25.407662227526288]
