C_final_list: [1.3720501002494233e-06, 1.0595823447804234e-06, 8.195129862043912e-07, 6.345031377834745e-07, 4.903171329765001e-07, 3.7775512746545267e-07, 2.8947010795211514e-07, 2.2388284405407443e-07, 1.7245053540788987e-07, 1.3289069990041594e-07, 1.0241269618208396e-07, 7.794137234535428e-08, 6.001486841551532e-08, 4.599114202563331e-08, 3.520685341366496e-08, 2.6845278333413677e-08, 2.038084106097856e-08, 1.557797848626593e-08, 1.1849855747740711e-08, 9.033253504784908e-09, 6.889971521939028e-09, 5.2588470029607195e-09, 4.032091629412854e-09, 3.0861522561565453e-09, 2.3425404508030338e-09, 1.7674198834140794e-09, 1.3183159898528261e-09, 9.81854115892123e-10, 7.296423885850643e-10, 5.384190987608341e-10, 4.0440643984297503e-10, 2.9939323650555616e-10, 2.2490887722827897e-10, 1.7048600515453715e-10, 1.2794082381802208e-10]
ndim2: 500
W_list: [3.2]
L_list: [3.864086512549743]
