C_final_list: [1.1719255082002652e-06, 1.1421840330000604e-06, 1.111348315887079e-06, 1.0807016645951457e-06, 1.0507017237097568e-06, 1.021448217831623e-06, 9.933750196294825e-07, 9.655982566949464e-07, 9.38706105807312e-07, 9.125162234439225e-07, 8.871957108218876e-07, 8.624465988777133e-07, 8.381581094393377e-07, 8.143725072325714e-07, 7.910592462216181e-07, 7.685435469390534e-07, 7.469348489263561e-07, 7.256446949238851e-07, 7.049444784963707e-07, 6.84933748920783e-07, 6.654468824998284e-07, 6.463899010511923e-07, 6.281585707264566e-07, 6.104291894957017e-07, 5.932210103957295e-07, 5.764389815372506e-07, 5.601344000291497e-07, 5.442164833855764e-07, 5.28517379450688e-07, 5.133652712209389e-07, 4.984833169348067e-07, 4.840140384155129e-07, 4.700997640638046e-07, 4.565243472647692e-07, 4.4334061467014436e-07]
ndim2: 500
W_list: [2.2]
L_list: [35.002602624321575]
