R_list= [ 1  2  3  4  5  6  7  8  9 10 11 12 13 14 15 16 17 18 19 20 21 22 23 24
 25 26 27 28 29 30 31 32 33 34 35 36 37 38]
C_final_list= [2.680784571634053e-07, 1.7394190527939277e-07, 9.742642118720615e-08, 5.001762528914138e-08, 2.4363782452507188e-08, 1.1465863590133664e-08, 5.2710362323193276e-09, 2.3820208149843866e-09, 1.0623138923489648e-09, 4.678364252165431e-10, 2.038380720993604e-10, 8.811529106588132e-11, 3.80762855854693e-11, 1.6578473177238833e-11, 7.370327139734492e-12, 3.3912883671762645e-12, 1.5971700423636911e-12, 7.430225011090978e-13, 3.4372627031131816e-13, 1.5977765774385329e-13, 7.325838172026262e-14, 3.309409710174543e-14, 1.4827455468595188e-14, 6.558637368485627e-15, 2.944033952737553e-15, 1.3996817405035025e-15, 7.420874509726247e-16, 4.795921746532124e-16, 3.377168634577648e-16, 1.8185090862122785e-16, 7.000036875535406e-17, 2.6200542017335298e-17, 1.015766848642613e-17, 3.97761833086352e-18, 1.6020382012108189e-18, 6.717918033487181e-19, 3.096835405234753e-19, 1.5338770867626633e-19]
W_list: [4]
L_list: [1.85218860306648]
