C_final_list: [1.7180180518984767e-06, 1.5745701222494838e-06, 1.4399567329509088e-06, 1.315685206123218e-06, 1.2024637430836883e-06, 1.099055408684908e-06, 1.0051328112556202e-06, 9.182180316793652e-07, 8.379999540748886e-07, 7.647596660875388e-07, 6.974908657311599e-07, 6.363073108505046e-07, 5.797256853978019e-07, 5.278609957768013e-07, 4.803435232676011e-07, 4.368375083952897e-07, 3.966319612026926e-07, 3.603927325499766e-07, 3.2740211509328064e-07, 2.9725838910542885e-07, 2.7002331858446295e-07, 2.446053439477158e-07, 2.2173575569105986e-07, 2.0104898677369076e-07, 1.8211290460436103e-07, 1.6495532460026313e-07, 1.495665644390671e-07, 1.3559404965208464e-07, 1.2286975269990027e-07, 1.1132562919206465e-07, 1.0102211579159059e-07, 9.150673191137053e-08, 8.297528993748405e-08, 7.512744179599714e-08, 6.812770697190978e-08]
ndim2: 500
W_list: [3.4000000000000004]
L_list: [10.84707540125193]
