R_list= [ 1  2  3  4  5  6  7  8  9 10 11 12 13 14 15 16 17 18 19 20 21 22 23 24
 25 26 27 28 29 30 31 32 33 34 35 36 37 38]
C_final_list= [2.0411081221179207e-07, 1.8035470801109333e-07, 1.573872250036671e-07, 1.36244118395493e-07, 1.1729585918778478e-07, 1.0056814142777123e-07, 8.60257609971251e-08, 7.348107182245273e-08, 6.278843597431155e-08, 5.366279683158517e-08, 4.586570181178609e-08, 3.925983766499096e-08, 3.352264937776709e-08, 2.8559260112691855e-08, 2.4307840288059008e-08, 2.072024427643461e-08, 1.7649506956508346e-08, 1.5026842287213148e-08, 1.2781619821893723e-08, 1.086148621749844e-08, 9.23569705058049e-09, 7.858185511338384e-09, 6.675400934371371e-09, 5.6618772950432114e-09, 4.79892015556125e-09, 4.068769836280764e-09, 3.446128560776901e-09, 2.9164069620119667e-09, 2.462703829026572e-09, 2.078136237762014e-09, 1.7550947404865818e-09, 1.4824830204749543e-09, 1.2544537546751397e-09, 1.0607343837281152e-09, 8.972586837714459e-10, 7.584738757185934e-10, 6.414582480942346e-10, 5.415218753993061e-10]
W_list: [8.8]
L_list: [6.644500292298472]
