R_list= [ 1  2  3  4  5  6  7  8  9 10 11 12 13 14 15 16 17 18 19 20 21 22 23 24
 25 26 27 28 29 30 31 32 33 34 35 36 37 38]
C_final_list= [2.314100142563291e-06, 1.7636322674687307e-06, 1.3273802152560957e-06, 9.96383303277518e-07, 7.458837344402467e-07, 5.557388978402807e-07, 4.1372006346183163e-07, 3.0665204014210534e-07, 2.2773050405793514e-07, 1.682210794045679e-07, 1.2466235348836766e-07, 9.237873421335141e-08, 6.843207270751533e-08, 5.063253008905554e-08, 3.7564306473125357e-08, 2.7787742567649847e-08, 2.0486845105484415e-08, 1.5043037605964485e-08, 1.1064225100011969e-08, 8.081465021926764e-09, 5.906049043627184e-09, 4.318852698469943e-09, 3.1821871001827156e-09, 2.351746055601227e-09, 1.7376570026845376e-09, 1.2811338460573554e-09, 9.42059055950463e-10, 6.985706314221096e-10, 5.154197951619323e-10, 3.7648833690855366e-10, 2.7447633318965167e-10, 1.9871332271905337e-10, 1.4134337449495623e-10, 1.0035222769667979e-10, 7.189471888594385e-11, 5.200213471542971e-11, 3.735311641351094e-11, 2.6558886452540897e-11]
W_list: [9.2]
L_list: [3.491195502250972]
