C_list:
1.922941182670856e-06 0.19819614372626895
ndim2: 500
W_list: [3.0]
L_list: [5.045506845890563]
