R_list= [ 1  2  3  4  5  6  7  8  9 10 11 12 13 14 15 16 17 18 19 20 21 22 23 24
 25 26 27 28 29 30 31 32 33 34 35 36 37 38]
C_final_list= [2.6856121480164106e-06, 2.103515560758034e-06, 1.6279875048217182e-06, 1.2556203924139587e-06, 9.652607237942796e-07, 7.414754870488531e-07, 5.682564197318555e-07, 4.3491230921506736e-07, 3.3193642799930713e-07, 2.531107741928649e-07, 1.929623149216427e-07, 1.469576816656949e-07, 1.118048953479764e-07, 8.511422918765586e-08, 6.486611051007016e-08, 4.930463943337175e-08, 3.7456664520525504e-08, 2.8538312907063086e-08, 2.1691690264193263e-08, 1.6530313206445345e-08, 1.2618968246019611e-08, 9.652596192679224e-09, 7.380114545599129e-09, 5.630003010276978e-09, 4.303611705119549e-09, 3.2668634617043115e-09, 2.4684340621282545e-09, 1.8595422731367673e-09, 1.3967305712571833e-09, 1.0509196826223134e-09, 7.892016569964128e-10, 5.921907048196383e-10, 4.4484280002956897e-10, 3.3204848181497474e-10, 2.492374345207063e-10, 1.8801478234494095e-10, 1.427262206791987e-10, 1.0802037498239408e-10]
W_list: [8.8]
L_list: [3.855518772260856]
