C_list:
1.1036776925331696e-06 0.09864027414151322
ndim2: 500
W_list: [3.2]
L_list: [10.13784692614865]
