R_list= [ 1  2  3  4  5  6  7  8  9 10 11 12 13 14 15 16 17 18 19 20 21 22 23 24
 25 26 27 28 29 30 31 32 33 34 35 36 37 38]
C_final_list= [9.373628276683967e-07, 8.297417119394915e-07, 7.32192751926761e-07, 6.460856342622502e-07, 5.691421710196205e-07, 5.007698915360331e-07, 4.409778060967044e-07, 3.8800367712025986e-07, 3.409270824317437e-07, 2.9921618137737157e-07, 2.6239363152225595e-07, 2.3002801664216702e-07, 2.0141755708595735e-07, 1.7627111752414121e-07, 1.5415814270642038e-07, 1.3464411781034263e-07, 1.1766864051229528e-07, 1.0288526993330018e-07, 8.992406682955158e-08, 7.861051669696958e-08, 6.884858283039677e-08, 6.0320612944909e-08, 5.285296107890804e-08, 4.6272621172342024e-08, 4.051630872745796e-08, 3.5373012860895e-08, 3.095876682070162e-08, 2.7092951409110118e-08, 2.369435138658842e-08, 2.0703019532879915e-08, 1.811953909446583e-08, 1.5845562238123452e-08, 1.385023219894858e-08, 1.2124970742061176e-08, 1.0598320115950497e-08, 9.269398680895686e-09, 8.113956335130812e-09, 7.0983466282834845e-09]
W_list: [6]
L_list: [7.769068164991243]
