R_list= [ 1  2  3  4  5  6  7  8  9 10 11 12 13 14 15 16 17 18 19 20 21 22 23 24
 25 26 27 28 29 30 31 32 33 34 35 36 37 38]
C_final_list= [5.274670106943081e-07, 4.871810050773649e-07, 4.4641788038279746e-07, 4.074739471516839e-07, 3.706526100720997e-07, 3.3675892908129455e-07, 3.054867041421317e-07, 2.7682098065979877e-07, 2.507738848327162e-07, 2.268590409831632e-07, 2.0517102094390292e-07, 1.8565679714670276e-07, 1.681042946930662e-07, 1.5221196649724643e-07, 1.3773036235530183e-07, 1.2460520742976374e-07, 1.1264424412188072e-07, 1.0191098858236885e-07, 9.225796735368376e-08, 8.348041404803482e-08, 7.552348479760961e-08, 6.833188492975822e-08, 6.181444183876323e-08, 5.590926948630381e-08, 5.055334364411538e-08, 4.5749503761908015e-08, 4.1362243920526004e-08, 3.7421525209906557e-08, 3.380269037220521e-08, 3.052905809124441e-08, 2.7550497026507153e-08, 2.4829705642756688e-08, 2.2377849182676067e-08, 2.016000064516903e-08, 1.8162057366425952e-08, 1.6351601709739827e-08, 1.4729854993401521e-08, 1.3272703710695094e-08]
W_list: [8.0]
L_list: [10.296925182578482]
