C_final_list: [1.8254959369134175e-06, 1.5396795870179554e-06, 1.2825918630109706e-06, 1.070373604526433e-06, 9.006874655318738e-07, 7.51856969570117e-07, 6.289361442289807e-07, 5.246985607858315e-07, 4.377630182166015e-07, 3.651589080400912e-07, 3.0442549631464114e-07, 2.549149300303949e-07, 2.1346349469887405e-07, 1.78744521257436e-07, 1.500177299444347e-07, 1.250735218405086e-07, 1.0426309445070425e-07, 8.664498213580615e-08, 7.209927752421494e-08, 6.029327747293871e-08, 5.018238811089569e-08, 4.168970622193627e-08, 3.457711139597441e-08, 2.8645359465393986e-08, 2.3625720015755438e-08, 1.9623763873548663e-08, 1.6319582691028873e-08, 1.35522904266043e-08, 1.1348326365629262e-08, 9.517127996216676e-09, 7.910376188515893e-09, 6.537891181426655e-09, 5.440118036053566e-09, 4.481414765087538e-09, 3.704105402980039e-09, 3.0548014958988e-09, 2.5113881485244704e-09, 2.06525093024202e-09, 1.6913715272374803e-09, 1.3799390616583324e-09, 1.1325060416942082e-09, 9.308024805390533e-10, 7.683934846652791e-10, 6.298788898778891e-10, 5.175225761465357e-10, 4.2301726651981406e-10, 3.4671977418698573e-10, 2.842064409929988e-10, 2.332544079347454e-10, 1.9417527369881924e-10]
ndim2: 500
W_list: [3.6]
L_list: [5.593794297730087]
