C_final_list: [1.8877369135838159e-06, 1.7529673020216997e-06, 1.6251967381084365e-06, 1.5067037485243834e-06, 1.3963311582173057e-06, 1.2959089691478265e-06, 1.203367908718925e-06, 1.1159436730809189e-06, 1.0360066428370207e-06, 9.612309662792626e-07, 8.918650483128213e-07, 8.270955081482393e-07, 7.660439624425577e-07, 7.091075853965278e-07, 6.568729257501517e-07, 6.077976121229306e-07, 5.626122928600453e-07, 5.199943207150734e-07, 4.812366393157797e-07, 4.4451090920652894e-07, 4.1081782651833464e-07, 3.7975585752255105e-07, 3.512337741211388e-07, 3.2494671216139333e-07, 3.0093495878938237e-07, 2.7831403309952947e-07, 2.568954611667453e-07, 2.3725871045156057e-07, 2.1909640543425257e-07, 2.0231768221404193e-07, 1.864052354949954e-07, 1.7211893338674881e-07, 1.5871630649713362e-07, 1.4625469873825547e-07, 1.347409445465327e-07, 1.2392608111800286e-07, 1.1387089287017952e-07, 1.0462894215921908e-07, 9.609744331758462e-08, 8.83398462675125e-08, 8.109024853261663e-08, 7.448932052830945e-08, 6.84577543369776e-08, 6.292974486114394e-08, 5.796721070991344e-08, 5.331376293102555e-08, 4.90511516895561e-08, 4.52034079691451e-08, 4.165183509529079e-08, 3.8390029224883165e-08]
ndim2: 500
W_list: [3.25]
L_list: [13.066219252271583]
