C_final_list: [2.025201465065618e-06, 1.9159812592026444e-06, 1.8089169573542054e-06, 1.705298776709219e-06, 1.6073495935267063e-06, 1.5141713482775262e-06, 1.4272561968265356e-06, 1.344941900859276e-06, 1.2686929773832287e-06, 1.1971720636414152e-06, 1.1297869598498165e-06, 1.0664300339527144e-06, 1.0063460902770748e-06, 9.493471722408541e-07, 8.949858306301125e-07, 8.433157770146534e-07, 7.947320649494939e-07, 7.483382583595355e-07, 7.052006722891803e-07, 6.647665885963827e-07, 6.263680345286128e-07, 5.893202858049036e-07, 5.550246342626183e-07, 5.227233332505938e-07, 4.921190906417825e-07, 4.6324745486959854e-07, 4.3605728397647683e-07, 4.105109140473592e-07, 3.862896051770127e-07, 3.6295391085706097e-07, 3.4136603717454105e-07, 3.2100286249266574e-07, 3.0183470681371186e-07, 2.8353860164564236e-07, 2.664918358766852e-07, 2.5052642609369943e-07, 2.3555825110516137e-07, 2.2129352374184465e-07, 2.0771680330854902e-07, 1.9493140836356024e-07, 1.828335916631038e-07, 1.7159461303042065e-07, 1.6077678264152752e-07, 1.5067504356191463e-07, 1.412305575022987e-07, 1.3242670292904387e-07, 1.2411470109946943e-07, 1.1639307106299702e-07, 1.0923651547386098e-07, 1.025862689051799e-07]
ndim2: 500
W_list: [2.9]
L_list: [16.845915780941393]
