R_list= [ 1  2  3  4  5  6  7  8  9 10 11 12 13 14 15 16 17 18 19 20 21 22 23 24
 25 26 27 28 29 30 31 32 33 34 35 36 37 38]
C_final_list= [3.4789721246946725e-07, 3.166880396365326e-07, 2.8599468141144437e-07, 2.5716799375236933e-07, 2.306397495670586e-07, 2.0698075967465062e-07, 1.855610073543487e-07, 1.6628605184893193e-07, 1.4917530651720643e-07, 1.3390011204424242e-07, 1.2011316229333129e-07, 1.0767639396635057e-07, 9.642943691897456e-08, 8.6220476082289e-08, 7.708917497182195e-08, 6.892350783498871e-08, 6.153802777880002e-08, 5.488492299366007e-08, 4.887263816964191e-08, 4.352475928762076e-08, 3.8715421157070565e-08, 3.442994455259803e-08, 3.060838040512537e-08, 2.7189241487472276e-08, 2.4131276603608077e-08, 2.1412916207011406e-08, 1.900742759492227e-08, 1.6874922906994137e-08, 1.5004728793109818e-08, 1.3341090083347277e-08, 1.1844235471087448e-08, 1.0521652806879727e-08, 9.352716206775243e-09, 8.30740827374104e-09, 7.383443442961454e-09, 6.572193429362758e-09, 5.8433747451193185e-09, 5.196283528339565e-09]
W_list: [7]
L_list: [9.17552364351875]
