R_list= [ 1  2  3  4  5  6  7  8  9 10 11 12 13 14 15 16 17 18 19 20 21 22 23 24
 25 26 27 28 29 30 31 32 33 34 35 36 37 38]
C_final_list= [3.8879228525814066e-07, 3.6332533548043876e-07, 3.376302978717994e-07, 3.1278656635183506e-07, 2.890934696746014e-07, 2.666569578381516e-07, 2.456731530808837e-07, 2.2609351965183382e-07, 2.079859825384767e-07, 1.9121792552392302e-07, 1.757613846033908e-07, 1.6168865028086124e-07, 1.4866203529365008e-07, 1.366602942407194e-07, 1.2568290618564096e-07, 1.1539118165017459e-07, 1.05856231114585e-07, 9.716293164770709e-08, 8.921538246220422e-08, 8.1934308118768e-08, 7.522787140411991e-08, 6.90626635893984e-08, 6.342614452858825e-08, 5.821203083881395e-08, 5.3430270335881746e-08, 4.899974278572797e-08, 4.494995112191869e-08, 4.1235654973527374e-08, 3.782731461186973e-08, 3.467737825972676e-08, 3.1777881906965816e-08, 2.9111498013041404e-08, 2.666701215316228e-08, 2.4402121637387106e-08, 2.2310279165860578e-08, 2.0375867831531838e-08, 1.8615341690088073e-08, 1.6999271236405657e-08]
W_list: [6.800000000000001]
L_list: [12.123315109749287]
