C_final_list: [1.8606196425697062e-06, 1.7436060369013362e-06, 1.62868608816987e-06, 1.5221213981036496e-06, 1.4218945842297769e-06, 1.3284004001360411e-06, 1.2399890236944659e-06, 1.1579758889830916e-06, 1.082305305499049e-06, 1.0107370149246912e-06, 9.448810606602463e-07, 8.83228293337427e-07, 8.256581132578977e-07, 7.71087444488495e-07, 7.19503466260439e-07, 6.712822961677873e-07, 6.258520012810228e-07, 5.841569873407158e-07, 5.444153575439339e-07, 5.076110989228203e-07, 4.727567527985098e-07, 4.4004553944063177e-07, 4.098652745092075e-07, 3.8158221939783243e-07, 3.5499819326078297e-07, 3.30285579516576e-07, 3.073023193250202e-07, 2.8607144200283625e-07, 2.6603394449183976e-07, 2.472014427692161e-07, 2.2973394183481363e-07, 2.1328783909218661e-07, 1.9820902192230323e-07, 1.839856040073845e-07, 1.709589885164162e-07]
ndim2: 500
W_list: [3.0]
L_list: [14.520062102273616]
