R_list= [ 1  2  3  4  5  6  7  8  9 10 11 12 13 14 15 16 17 18 19 20 21 22 23 24
 25 26 27 28 29 30 31 32 33 34 35 36 37 38]
C_final_list= [3.8119690223484495e-07, 3.351840623523383e-07, 2.921652743049198e-07, 2.5370313339694345e-07, 2.197739173837951e-07, 1.9016318595916173e-07, 1.6451843204733987e-07, 1.422983898912522e-07, 1.2298881140715126e-07, 1.0620969461857777e-07, 9.167595673969534e-08, 7.902704658553216e-08, 6.802671386831525e-08, 5.8525761118271605e-08, 5.033785134952732e-08, 4.326134875076684e-08, 3.717393578422992e-08, 3.1925650861125476e-08, 2.7371335840176247e-08, 2.3439547803568624e-08, 2.0096033939776643e-08, 1.7230886489936983e-08, 1.4790598803404139e-08, 1.2697385480471937e-08, 1.0886677789065066e-08, 9.30149818486833e-09, 7.942218354963686e-09, 6.7791521017370854e-09, 5.787861579040472e-09, 4.947387644841956e-09, 4.229647826164453e-09, 3.6120810636835237e-09, 3.0825418744579313e-09, 2.6357577263142255e-09, 2.255618400296252e-09, 1.9282065206708262e-09, 1.652678308585211e-09, 1.4186974847846896e-09]
W_list: [7.4]
L_list: [6.9421094416043525]
