C_final_list: [1.6950176319247103e-06, 1.6397338333754863e-06, 1.58347961035002e-06, 1.5294710143509571e-06, 1.4769521187171468e-06, 1.4261445636911477e-06, 1.3778749382026913e-06, 1.3312713989770371e-06, 1.286015734572662e-06, 1.242466946110047e-06, 1.2006397207620324e-06, 1.1605808806265383e-06, 1.1214661230889395e-06, 1.0838186956594173e-06, 1.0476773224170092e-06, 1.012567851298269e-06, 9.785782146840683e-07, 9.453360613180695e-07, 9.135458454882577e-07, 8.827874974123777e-07, 8.528880266113785e-07, 8.241860350685899e-07, 7.962386385459916e-07, 7.693884387884986e-07, 7.433028563222837e-07, 7.184108092414957e-07, 6.943342780498397e-07, 6.708993334669512e-07, 6.480288824472199e-07, 6.257949991594375e-07, 6.040595106153492e-07, 5.833205118195915e-07, 5.632066910591929e-07, 5.437818847655059e-07, 5.249592316455277e-07]
ndim2: 500
W_list: [2.6]
L_list: [29.090471284379905]
