C_list:
4.874169593463556e-07 0.10774513718440887
ndim2: 500
W_list: [3.8000000000000003]
L_list: [9.28116132321101]
