C_final_list: [1.8282202305552735e-06, 1.698172459927632e-06, 1.5746369713404082e-06, 1.457709085274347e-06, 1.3507174133191887e-06, 1.2498543093231414e-06, 1.1576011345875798e-06, 1.073607977085634e-06, 9.941930088471767e-07, 9.214577722763717e-07, 8.540483469882076e-07, 7.901520943698769e-07, 7.289944804511449e-07, 6.732958515638694e-07, 6.217622729478125e-07, 5.744585812536354e-07, 5.302229863094805e-07, 4.898634711015243e-07, 4.5260855851253147e-07, 4.1844669960139184e-07, 3.869219752490574e-07, 3.5745287941827787e-07, 3.3076010836103435e-07, 3.0628427733208945e-07, 2.831349126050068e-07, 2.6204820679761874e-07, 2.422375451472021e-07, 2.2393549237812846e-07, 2.0745631378965488e-07, 1.9204350296938502e-07, 1.77450427786207e-07, 1.6403666536631184e-07, 1.5159019599047797e-07, 1.4007570310685953e-07, 1.2950099834883232e-07, 1.1983343324035533e-07, 1.107331367414762e-07, 1.0233277851409613e-07, 9.460767900658737e-08, 8.737630028238599e-08, 8.068835167290418e-08, 7.458508205309701e-08, 6.902831917604808e-08, 6.385145701308966e-08, 5.907567921575966e-08, 5.459102680887791e-08, 5.048503126774706e-08, 4.662056427262679e-08, 4.302025112929156e-08, 3.971418133317521e-08]
ndim2: 500
W_list: [3.3]
L_list: [12.886724849848695]
