R_list= [ 1  2  3  4  5  6  7  8  9 10 11 12 13 14 15 16 17 18 19 20 21 22 23 24
 25 26 27 28 29 30 31 32 33 34 35 36 37 38]
C_final_list= [8.402386115315994e-07, 7.514331356809461e-07, 6.733650059978102e-07, 6.021076571962222e-07, 5.386952196068682e-07, 4.824173548716345e-07, 4.318069019080497e-07, 3.854901393618608e-07, 3.438952353422088e-07, 3.067484596695149e-07, 2.7317680534278684e-07, 2.434137095212663e-07, 2.1677799510384816e-07, 1.931983466608974e-07, 1.717378530486704e-07, 1.5262201181392403e-07, 1.3559627636197602e-07, 1.2032415801904872e-07, 1.0676026239487234e-07, 9.470451396226674e-08, 8.407739392030831e-08, 7.463650730600735e-08, 6.625982908986113e-08, 5.881354735714042e-08, 5.2187173075543925e-08, 4.629918533802686e-08, 4.103115146092545e-08, 3.633778457044556e-08, 3.219886682329432e-08, 2.8568101172736822e-08, 2.5347989164899752e-08, 2.2493331015423826e-08, 1.9916951280628447e-08, 1.7613244742343244e-08, 1.554914542210369e-08, 1.3718279541903711e-08, 1.2089699888897803e-08, 1.066345682164204e-08]
W_list: [6]
L_list: [8.787463899321303]
