C_final_list: [1.8430244186961008e-06, 1.792006796737332e-06, 1.7413623560636846e-06, 1.6926990700585782e-06, 1.6450930644988384e-06, 1.5995721746224328e-06, 1.555319288424718e-06, 1.5122362056811246e-06, 1.4704040110198326e-06, 1.4299742336456478e-06, 1.3907192277922e-06, 1.3528740333169599e-06, 1.3156370135916202e-06, 1.2789178769596237e-06, 1.2436171248673835e-06, 1.2095412875409394e-06, 1.1760419667707564e-06, 1.1437193036952944e-06, 1.1121295409503035e-06, 1.0814643242782775e-06, 1.0511401024104023e-06, 1.0213169980212045e-06, 9.92345694209961e-07, 9.641708808267607e-07, 9.369527695845948e-07, 9.103840734463335e-07, 8.847338285058033e-07, 8.598589049816702e-07, 8.355318407568641e-07, 8.118831923276909e-07, 7.888166907634435e-07, 7.663999604038121e-07, 7.446042254505159e-07, 7.232378817965863e-07, 7.023599602931553e-07]
ndim2: 500
W_list: [2.8]
L_list: [35.437511971873]
