R_list= [ 1  2  3  4  5  6  7  8  9 10 11 12 13 14 15 16 17 18 19 20 21 22 23 24
 25 26 27 28 29 30 31 32 33 34 35 36 37 38]
C_final_list= [1.5735077529218046e-07, 7.614572069299252e-08, 2.964296925198398e-08, 1.0265964167237195e-08, 3.325991443742818e-09, 1.0398352298218266e-09, 3.2088088550829095e-10, 9.84101705375851e-11, 3.0089936799627205e-11, 9.176997106451092e-12, 2.7824466099161998e-12, 8.419847743939208e-13, 2.5760114171441745e-13, 8.092802651564355e-14, 2.576160294030259e-14, 7.801443719805032e-15, 2.2732718131922247e-15, 6.74479403131639e-16, 2.354703744894626e-16, 1.4862856206778829e-16, 9.004261999689206e-17, 3.220573652858589e-17, 9.731141958164044e-18, 2.950621018553802e-18, 8.44243050186423e-19, 2.342305347631273e-19, 6.603125788904718e-20, 2.0210283621901114e-20, 7.647629885058786e-21, 3.891474730695506e-21, 2.595028872649308e-21, 2.0822719268593103e-21, 1.851228471704359e-21, 1.737667813152962e-21, 1.6738100340123828e-21, 1.6304912461095997e-21, 1.603330067640296e-21, 1.5834375550127568e-21]
W_list: [5]
L_list: [1.2359481599548021]
