R_list= [ 1  2  3  4  5  6  7  8  9 10 11 12 13 14 15 16 17 18 19 20 21 22 23 24
 25 26 27 28 29 30 31 32]
C_final_list= [7.952203882040168e-07, 7.433406459261264e-07, 6.925183116092987e-07, 6.444405712071369e-07, 5.995524497821521e-07, 5.572814367017736e-07, 5.179421593944761e-07, 4.815165471710588e-07, 4.474190586549086e-07, 4.1562854393728296e-07, 3.859365350486819e-07, 3.5796628580822623e-07, 3.3202401600513714e-07, 3.0761746716096005e-07, 2.8497489870405677e-07, 2.6387426478228337e-07, 2.4411807690734725e-07, 2.2591729073335688e-07, 2.0903357971029472e-07, 1.9347269451100222e-07, 1.7917275735798403e-07, 1.6596667786837163e-07, 1.5368263106139832e-07, 1.4226391661759043e-07, 1.3162327256349544e-07, 1.217379565510095e-07, 1.1260082487076577e-07, 1.0409649920863362e-07, 9.628803550072283e-08, 8.906274780312202e-08, 8.237942742089308e-08, 7.61623995430145e-08]
W_list: [6]
L_list: [13.41729280313261]
