C_final_list: [1.5918577130977914e-06, 1.5270841563488118e-06, 1.463421931501181e-06, 1.4021126812392369e-06, 1.343061091000605e-06, 1.2860677393368644e-06, 1.2317952388275227e-06, 1.1804583909720654e-06, 1.131324420791533e-06, 1.0848169068045054e-06, 1.04069406586548e-06, 9.982793261512075e-07, 9.576303481277202e-07, 9.186536989133703e-07, 8.804170996112678e-07, 8.434442537197522e-07, 8.08139740891117e-07, 7.737635720920843e-07, 7.414465858717727e-07, 7.102617987480899e-07, 6.805277800834341e-07, 6.519716374896501e-07, 6.24760341557792e-07, 5.984303662471688e-07, 5.731747116755107e-07, 5.485589576451736e-07, 5.246886317151354e-07, 5.018638689501171e-07, 4.798342515328998e-07, 4.5884545046547554e-07, 4.385618679271548e-07, 4.1914623152602935e-07, 4.0056601376802413e-07, 3.8294311234077774e-07, 3.6584433511815554e-07, 3.497115678129569e-07, 3.34183915267641e-07, 3.1942486677621576e-07, 3.05326053746443e-07, 2.9172767191825397e-07, 2.7883587389737385e-07, 2.665705106047991e-07, 2.5473704403039794e-07, 2.43366286674795e-07, 2.3255946056625303e-07, 2.221942068973678e-07, 2.1235001556499752e-07, 2.0291301766701655e-07, 1.9378292371173775e-07, 1.8502888799196915e-07]
ndim2: 500
W_list: [3.3499999999999996]
L_list: [23.182292412850106]
