R_list= [ 1  2  3  4  5  6  7  8  9 10 11 12 13 14 15 16 17 18 19 20 21 22 23 24
 25 26 27 28 29 30 31 32 33 34 35 36 37 38]
C_final_list= [6.641859838241966e-07, 5.390053029632659e-07, 4.339193884944776e-07, 3.479273317007243e-07, 2.7880311412899656e-07, 2.2354170038118698e-07, 1.7919249975217118e-07, 1.4350188352530814e-07, 1.151661594582065e-07, 9.226396972677931e-08, 7.390002717194492e-08, 5.916704684933019e-08, 4.724261842845942e-08, 3.7551559940520575e-08, 2.98411324653049e-08, 2.361015365804267e-08, 1.8638286713307045e-08, 1.472994698938142e-08, 1.1659635263643638e-08, 9.21250629105846e-09, 7.2877180865708956e-09, 5.748225816692786e-09, 4.554390623800644e-09, 3.6044853849864262e-09, 2.8425415176855686e-09, 2.2384997232511954e-09, 1.7639568332016653e-09, 1.3784220239467502e-09, 1.0772796923525363e-09, 8.374041423131863e-10, 6.522301115392785e-10, 5.111460694378615e-10, 3.9902490525625835e-10, 3.1146628299662393e-10, 2.4194815131999756e-10, 1.873484348004168e-10, 1.4531325297870033e-10, 1.1263605513708071e-10]
W_list: [8.0]
L_list: [4.560583962485669]
