C_list:
1.8888668009548713e-06 0.3066889473609797
ndim2: 500
W_list: [4.0]
L_list: [3.2606326657836084]
