R_list= [ 1  2  3  4  5  6  7  8  9 10 11 12 13 14 15 16 17 18 19 20 21 22 23 24
 25 26 27 28 29 30 31 32 33 34 35 36 37 38]
C_final_list= [3.430413727130267e-05, 2.1933514642786108e-05, 1.3957997285364125e-05, 8.887986764859447e-06, 5.654042868584196e-06, 3.590722159254922e-06, 2.276054563820399e-06, 1.4432896419150622e-06, 9.124726145519582e-07, 5.771696912756987e-07, 3.649869890244247e-07, 2.300612761842275e-07, 1.4515175515230792e-07, 9.136854661941043e-08, 5.769723366666398e-08, 3.646680152090837e-08, 2.315524769626379e-08, 1.4678136392826302e-08, 9.23029347113084e-09, 5.85209002772424e-09, 3.7068459651629215e-09, 2.334336826551077e-09, 1.4581733136291164e-09, 9.205190753183187e-10, 5.824650046033733e-10, 3.71003140987079e-10, 2.3503851717848235e-10, 1.4864939215142535e-10, 9.363693557448138e-11, 5.895392857272178e-11, 3.692631186280833e-11, 2.372247447406979e-11, 1.5516791882931863e-11, 9.923978748728215e-12, 6.656986495405016e-12, 4.236887682453666e-12, 2.6548422134768354e-12, 1.6668897185647402e-12]
W_list: [8.4]
L_list: [2.2196706861758346]
