R_list= [ 1  2  3  4  5  6  7  8  9 10 11 12 13 14 15 16 17 18 19 20 21 22 23 24
 25 26 27 28 29 30 31 32 33 34 35 36 37 38]
C_final_list= [2.4410323184958383e-07, 2.174177783550754e-07, 1.9103766708369832e-07, 1.6674696560017235e-07, 1.4499955029297189e-07, 1.259008730485259e-07, 1.0909051409102412e-07, 9.440452537272917e-08, 8.16295288262769e-08, 7.060534145755114e-08, 6.106650549772501e-08, 5.273271152676401e-08, 4.5501750286154185e-08, 3.9251886325149614e-08, 3.385753387835496e-08, 2.9209680590023886e-08, 2.521533579906503e-08, 2.1717994612165896e-08, 1.8683265380090022e-08, 1.605477035512044e-08, 1.3802296001437043e-08, 1.1869198842195955e-08, 1.0199368186927447e-08, 8.748597651853182e-09, 7.495498105196657e-09, 6.4156008510450016e-09, 5.487216344736256e-09, 4.6906690516900805e-09, 4.010235860763028e-09, 3.432260362769375e-09, 2.936048733791986e-09, 2.511692084916501e-09, 2.1484731081565934e-09, 1.8386362140367382e-09, 1.568229857435847e-09, 1.3390336641097557e-09, 1.1429872259523863e-09, 9.762419828593682e-10]
W_list: [8.6]
L_list: [7.117828312797247]
