C_final_list: [1.8898737332675152e-06, 1.8461948706814567e-06, 1.801746775803239e-06, 1.7589653656842384e-06, 1.7168764461101373e-06, 1.6759285490423233e-06, 1.636046180502333e-06, 1.5971668910862953e-06, 1.558854154481554e-06, 1.5222630739925996e-06, 1.4859346355274957e-06, 1.4509317562345317e-06, 1.4169018739965703e-06, 1.3834474741761113e-06, 1.3507340276792149e-06, 1.3185629783066091e-06, 1.286811762615908e-06, 1.2561702881229067e-06, 1.2264192706247e-06, 1.1974078967091512e-06, 1.168833800837284e-06, 1.1407868378049472e-06, 1.1136381814685898e-06, 1.086818260171394e-06, 1.0611125384893102e-06, 1.0361516768212247e-06, 1.0116980529976876e-06, 9.874714195714745e-07, 9.64026568935662e-07, 9.407592428129823e-07, 9.181822949390423e-07, 8.96092439233022e-07, 8.74633687079913e-07, 8.533941522637489e-07, 8.328499351539488e-07]
ndim2: 500
W_list: [2.2]
L_list: [41.55306477284879]
