C_final_list: [2.087994660623666e-06, 1.8514112980992141e-06, 1.631577906011281e-06, 1.4405329498291254e-06, 1.2715236049804594e-06, 1.1172896817369022e-06, 9.82167706481792e-07, 8.661073794571485e-07, 7.632665772516859e-07, 6.715887576212479e-07, 5.923595312506198e-07, 5.216821603768012e-07, 4.5982066222698166e-07, 4.0452981296162956e-07, 3.5616943944430104e-07, 3.133652466900574e-07, 2.764594407179221e-07, 2.440633665073807e-07, 2.153430244287844e-07, 1.893990094227566e-07, 1.668519145311379e-07, 1.4673262471195902e-07, 1.2914484187413884e-07, 1.1333368262877982e-07, 9.914314419246192e-08, 8.674651154216534e-08, 7.591711328344928e-08, 6.651984147524075e-08, 5.830694073430858e-08, 5.094847115752523e-08, 4.4414114981307614e-08, 3.8731527686616584e-08, 3.370104818892336e-08, 2.9390010418052043e-08, 2.5557086569575764e-08, 2.221903198125575e-08, 1.9314475714389268e-08, 1.6753302581283717e-08, 1.4491770860686454e-08, 1.2568016233048884e-08, 1.0922833633926433e-08, 9.535068235490867e-09, 8.323579216190946e-09, 7.266798951595234e-09, 6.3422469457670405e-09, 5.519934721514581e-09, 4.8182519923837624e-09, 4.2158858067267174e-09, 3.7096777264683453e-09, 3.264023934266747e-09]
ndim2: 500
W_list: [2.9499999999999997]
L_list: [7.903517481039339]
