C_list:
1.975247146863492e-06 0.13988710899198786
ndim2: 500
W_list: [2.4]
L_list: [7.148621536365268]
