R_list= [ 1  2  3  4  5  6  7  8  9 10 11 12 13 14 15 16 17 18 19 20 21 22 23 24
 25 26 27 28 29 30 31 32 33 34 35 36 37 38]
C_final_list= [3.0269242125594923e-07, 2.4806990921732977e-07, 2.0065845717415152e-07, 1.612657897722129e-07, 1.290246612483471e-07, 1.0299510948094021e-07, 8.18199374757207e-08, 6.479041888544709e-08, 5.1265087514708174e-08, 4.0436155141593514e-08, 3.189721478469487e-08, 2.518797219664215e-08, 1.993078652857002e-08, 1.5763367899843832e-08, 1.2457231579306311e-08, 9.857637832459378e-09, 7.800180970662466e-09, 6.158365698039149e-09, 4.844922362231162e-09, 3.826746646209936e-09, 3.0156925662823997e-09, 2.360998889646324e-09, 1.8504509944577566e-09, 1.4457354644480972e-09, 1.1294625635341585e-09, 8.857251193147126e-10, 6.917480190105409e-10, 5.383851328864226e-10, 4.183816046357699e-10, 3.2593125063400893e-10, 2.5291424755511226e-10, 1.9572085484617688e-10, 1.5084162234478983e-10, 1.1598844456362692e-10, 8.96567566505691e-11, 6.924422428629351e-11, 5.351303115991649e-11, 4.134192516028065e-11]
W_list: [9.4]
L_list: [4.5275783880432465]
