R_list= [ 1  2  3  4  5  6  7  8  9 10 11 12 13 14 15 16 17 18 19 20 21 22 23 24
 25 26 27 28 29 30 31 32]
C_final_list= [7.734924077056226e-07, 7.243379511041197e-07, 6.756545167385735e-07, 6.296403525663938e-07, 5.860931682276383e-07, 5.455261335769138e-07, 5.075249328730894e-07, 4.7215309221629965e-07, 4.3889312095195304e-07, 4.0790509592822587e-07, 3.788476601015965e-07, 3.516647221359875e-07, 3.2626044428257377e-07, 3.028729212839486e-07, 2.8108443866781245e-07, 2.6088581315056906e-07, 2.421464710700585e-07, 2.248306725274643e-07, 2.084787411219304e-07, 1.934278302591465e-07, 1.793065067086366e-07, 1.6613242503571226e-07, 1.5388493718990732e-07, 1.4249674018113852e-07, 1.3198156020052217e-07, 1.222647836781251e-07, 1.1322909459507951e-07, 1.0479927529756633e-07, 9.70303664345017e-08, 8.981766762643736e-08, 8.305893639449021e-08, 7.676957244597287e-08]
W_list: [6]
L_list: [13.6278214192104]
