C_final_list: [1.7846299991390872e-06, 1.6712594788243887e-06, 1.5617630130369378e-06, 1.4603004772791837e-06, 1.3675394775353108e-06, 1.2796057859266925e-06, 1.1972854366184057e-06, 1.1202195503195562e-06, 1.0487048548108253e-06, 9.826379211257335e-07, 9.208998572189899e-07, 8.62112529393461e-07, 8.072845323564983e-07, 7.55239936181984e-07, 7.066242402115291e-07, 6.609767616057779e-07, 6.173238731769714e-07, 5.765262144920804e-07, 5.388664604459179e-07, 5.027410353551056e-07, 4.6915915209683884e-07, 4.376250832430295e-07, 4.0812891815748977e-07, 3.809065226359965e-07, 3.5552323951645176e-07, 3.3191004315172087e-07, 3.0933857711777216e-07, 2.8833657177885654e-07, 2.686460424053484e-07, 2.504029559749002e-07, 2.3346268584733375e-07, 2.1788137137489822e-07, 2.0307616347392258e-07, 1.8915347183113114e-07, 1.7620564694488412e-07]
ndim2: 500
W_list: [2.6]
L_list: [14.928116386204012]
