C_final_list: [7.101660419055979e-07, 6.693099556837203e-07, 6.287719354598239e-07, 5.900361136888593e-07, 5.531080125451508e-07, 5.173890703686469e-07, 4.837036069279262e-07, 4.520331248842394e-07, 4.224039191961599e-07, 3.946535411502865e-07, 3.68681707203434e-07, 3.4445501677872946e-07, 3.2177383502704125e-07, 3.002463751838813e-07, 2.80128115233743e-07, 2.6115657345525935e-07, 2.4344844371786767e-07, 2.2679929370565475e-07, 2.1132004373893324e-07, 1.9684284300447477e-07, 1.8350495351238944e-07, 1.7094085130022618e-07, 1.591678131201874e-07, 1.4821352135568665e-07, 1.379135831278148e-07, 1.2825714955108275e-07, 1.192045502609534e-07, 1.1080031068901403e-07, 1.0302146316821389e-07, 9.575821970690317e-08, 8.897896007237875e-08, 8.269478101276607e-08, 7.68551001242213e-08, 7.147122222089386e-08, 6.634825318257247e-08]
ndim2: 500
W_list: [4.2]
L_list: [14.651152354468453]
