R_list= [ 1  2  3  4  5  6  7  8  9 10 11 12 13 14 15 16 17 18 19 20 21 22 23 24
 25 26 27 28 29 30 31 32 33 34 35 36 37 38]
C_final_list= [3.3266767312394067e-05, 2.563217174775824e-05, 1.9624781932184018e-05, 1.5003763177277019e-05, 1.1452371604904383e-05, 8.736544303635644e-06, 6.656995249507436e-06, 5.072897313978243e-06, 3.862283154439768e-06, 2.941317786726194e-06, 2.239508338583631e-06, 1.7015639666016012e-06, 1.2937409245350974e-06, 9.837217284174463e-07, 7.482762394352825e-07, 5.684044556342035e-07, 4.32912022839073e-07, 3.292109960380687e-07, 2.4963327289199177e-07, 1.898268556396667e-07, 1.4447317832588702e-07, 1.099187054622846e-07, 8.387256599429766e-08, 6.400542468247344e-08, 4.886180503268664e-08, 3.73961814073766e-08, 2.8582392042225416e-08, 2.1939387491504324e-08, 1.6863462903354526e-08, 1.2959118355767187e-08, 9.967921243447225e-09, 7.610895404347282e-09, 5.775068189712182e-09, 4.370365388043005e-09, 3.3037266979544158e-09, 2.5102422075032003e-09, 1.902743045907558e-09, 1.4497046580148074e-09]
W_list: [7.95]
L_list: [3.729907762944634]
