R_list= [ 1  2  3  4  5  6  7  8  9 10 11 12 13 14 15 16 17 18 19 20 21 22 23 24
 25 26 27 28 29 30 31 32 33 34 35 36 37 38]
C_final_list= [3.731539878606167e-06, 3.0830246957904535e-06, 2.526698495062807e-06, 2.0649031977815175e-06, 1.6837975376764722e-06, 1.3700015870775685e-06, 1.112406941450204e-06, 9.036390455159131e-07, 7.352009944769065e-07, 5.988458368853166e-07, 4.888867790758577e-07, 3.9909405825804346e-07, 3.2504213671092695e-07, 2.650601991723077e-07, 2.1578040952025123e-07, 1.7582561051843566e-07, 1.4338327449433917e-07, 1.1660266061833777e-07, 9.45764291801582e-08, 7.659338811280944e-08, 6.216868957394323e-08, 5.0486814345595856e-08, 4.085508855190287e-08, 3.30672007840782e-08, 2.674494839478715e-08, 2.1647544365120705e-08, 1.752311008069125e-08, 1.4174173132838666e-08, 1.151914578486373e-08, 9.363906226140224e-09, 7.630575221420672e-09, 6.20067157253148e-09, 5.029880016500138e-09, 4.086565484945111e-09, 3.3336645899895505e-09, 2.713385384446164e-09, 2.1958631382945122e-09, 1.7913520599320654e-09]
W_list: [8.0]
L_list: [4.936792133984844]
