C_final_list: [1.341842070397342e-06, 1.3101769042325008e-06, 1.2778937637947227e-06, 1.2466688009332575e-06, 1.2164395232449048e-06, 1.186734554537023e-06, 1.1580065593974435e-06, 1.130156923319779e-06, 1.1027312710792127e-06, 1.0758732746450793e-06, 1.0495977181382096e-06, 1.0238613527124274e-06, 9.989301339882054e-07, 9.74391188296332e-07, 9.506439172199314e-07, 9.273563798388174e-07, 9.046610764318488e-07, 8.826121546590644e-07, 8.608104431550917e-07, 8.395063314884906e-07, 8.187906238206797e-07, 7.985369251139148e-07, 7.788320343410362e-07, 7.595369923559409e-07, 7.408719757008075e-07, 7.226924475767118e-07, 7.050904347712448e-07, 6.87860690771535e-07, 6.708501669588768e-07, 6.543472148146823e-07, 6.383562325454533e-07, 6.225682573836312e-07, 6.072155226938124e-07, 5.919932779842392e-07, 5.770423369635004e-07, 5.625412974866131e-07, 5.48384674232186e-07, 5.345292407732611e-07, 5.211170456953841e-07, 5.080429473831379e-07, 4.951118586282911e-07, 4.824224205147229e-07, 4.698435768543543e-07, 4.575937934577953e-07, 4.4567189785361994e-07, 4.340665778564085e-07, 4.2280336438368525e-07, 4.119959499535736e-07, 4.01402637805931e-07, 3.9101501157265036e-07]
ndim2: 500
W_list: [3.4000000000000004]
L_list: [40.06835987147906]
