R_list= [ 1  2  3  4  5  6  7  8  9 10 11 12 13 14 15 16 17 18 19 20 21 22 23 24
 25 26 27 28 29 30 31 32 33 34 35 36 37 38]
C_final_list= [1.4592853224858067e-06, 9.688009346354553e-07, 6.004064696648913e-07, 3.6847872886926245e-07, 2.2805343864208458e-07, 1.4255110350488e-07, 8.921016043876877e-08, 5.536388454160464e-08, 3.403389861988959e-08, 2.0928563876298357e-08, 1.2939637269868651e-08, 8.037095359408328e-09, 5.008317580840506e-09, 3.1102447682526874e-09, 1.9189932771601135e-09, 1.1801054340090955e-09, 7.29005117387422e-10, 4.471915413177e-10, 2.6962315923374306e-10, 1.6195640701888691e-10, 9.74180950364578e-11, 5.836869333402375e-11, 3.504355362305764e-11, 2.1014072710209062e-11, 1.2430494314785579e-11, 7.228543132835996e-12, 4.13776867071142e-12, 2.3677429827350296e-12, 1.3604943466677157e-12, 7.861043575423167e-13, 4.511276503738078e-13, 2.568743742187588e-13, 1.452085400624763e-13, 8.002902720918151e-14, 4.2776899056913877e-14, 2.2932713889952636e-14, 1.2283954706884306e-14, 6.528616762734257e-15]
W_list: [5]
L_list: [2.1984011115468527]
