R_list= [ 1  2  3  4  5  6  7  8  9 10 11 12 13 14 15 16 17 18 19 20 21 22 23 24
 25 26 27 28 29 30 31 32 33 34 35 36 37 38]
C_final_list= [2.3386943591196435e-06, 2.1214117662774065e-06, 1.9820720339846827e-06, 1.8520144406528077e-06, 1.7275737999367038e-06, 1.6119576554385939e-06, 1.504297639799224e-06, 1.4052682636960494e-06, 1.3113972091330189e-06, 1.2223618173132724e-06, 1.1404511878704741e-06, 1.0637674978312087e-06, 9.921977916649473e-07, 9.252257811256024e-07, 8.625776168994422e-07, 8.041539851278228e-07, 7.500758574192457e-07, 6.998155076273458e-07, 6.517209957080872e-07, 6.060643300491334e-07, 5.639949814152296e-07, 5.251408012608564e-07, 4.886129527216108e-07, 4.5508386924229206e-07, 4.233484036600357e-07, 3.938177560996815e-07, 3.663047893286272e-07, 3.4060275637956204e-07, 3.168202429400361e-07, 2.943870948099337e-07, 2.7380516583677614e-07, 2.545357464821259e-07, 2.3613230562737667e-07, 2.1924779076826819e-07, 2.0374277542276018e-07, 1.8950816003731302e-07, 1.7626485716829632e-07, 1.6385777258546595e-07]
W_list: [4]
L_list: [14.184273211259024]
