R_list= [ 1  2  3  4  5  6  7  8  9 10 11 12 13 14 15 16 17 18 19 20 21 22 23 24
 25 26 27 28 29 30 31 32 33 34 35 36 37 38]
C_final_list= [9.594754188774527e-07, 5.985445788793615e-07, 3.761439888215798e-07, 2.3455343378134232e-07, 1.450313867694972e-07, 8.91611268988595e-08, 5.5611252779254094e-08, 3.460486438987207e-08, 2.1195009776070008e-08, 1.3074033062822959e-08, 7.972912743114162e-09, 4.906642227302596e-09, 2.9984120827534088e-09, 1.8740246578553e-09, 1.1632431857085754e-09, 7.126290844920645e-10, 4.3492426369127475e-10, 2.629315318283145e-10, 1.575706396021406e-10, 9.513113558637758e-11, 5.832732989603657e-11, 3.51596023201695e-11, 2.1669590740242932e-11, 1.2875290404903377e-11, 7.557284227411577e-12, 4.578716923519488e-12, 2.855538891660618e-12, 1.72565250834339e-12, 1.0259558546231856e-12, 6.243237570749458e-13, 3.779734927799496e-13, 2.306066015835061e-13, 1.3920667850483872e-13, 8.503086599373244e-14, 5.515436980555286e-14, 3.493139562281333e-14, 2.0003160164794033e-14, 1.147360921416058e-14]
W_list: [7.800000000000001]
L_list: [2.121550456705528]
