R_list= [ 1  2  3  4  5  6  7  8  9 10 11 12 13 14 15 16 17 18 19 20 21 22 23 24
 25 26 27 28 29 30 31 32 33 34 35 36 37 38]
C_final_list= [2.9995846628553322e-05, 2.2588421040479792e-05, 1.6878018985077535e-05, 1.258547038862656e-05, 9.38180567276014e-06, 6.98673085100062e-06, 5.200315120768738e-06, 3.86309310560215e-06, 2.8712439932270505e-06, 2.134912342080183e-06, 1.5865571185664476e-06, 1.17746189870826e-06, 8.73768689522962e-07, 6.4885861934988e-07, 4.805877631189586e-07, 3.558890740762602e-07, 2.6363018332430887e-07, 1.9582563962237825e-07, 1.453010016513321e-07, 1.0814734403240845e-07, 8.03454204431537e-08, 5.957984058740794e-08, 4.424302655314484e-08, 3.2791323320416655e-08, 2.4334818782247742e-08, 1.802263916723131e-08, 1.3421821984355674e-08, 9.95739592016063e-09, 7.343522696446165e-09, 5.44739512513699e-09, 4.020526819842877e-09, 2.9724583632619735e-09, 2.189692178187077e-09, 1.6143133100951885e-09, 1.1896050774806494e-09, 8.795432132993492e-10, 6.507987577358562e-10, 4.822298698136428e-10]
W_list: [8.25]
L_list: [3.4273601828209084]
