R_list= [ 1  2  3  4  5  6  7  8  9 10 11 12 13 14 15 16 17 18 19 20 21 22 23 24
 25 26 27 28 29 30 31 32 33 34 35 36 37 38]
C_final_list= [3.351109862411272e-07, 1.663469360787676e-07, 6.740087772075685e-08, 2.4516459544065895e-08, 8.39582226747712e-09, 2.783821076166107e-09, 9.086758852879497e-10, 2.956319316289189e-10, 9.632206080662527e-11, 3.1365334489395566e-11, 1.012806412807628e-11, 3.2908421168397887e-12, 1.0647800037913862e-12, 3.439234969113411e-13, 1.1353531753814755e-13, 3.7409192050015285e-14, 1.236101685101854e-14, 4.140911504843059e-15, 1.3530896572135951e-15, 4.405610546890003e-16, 1.45058470496344e-16, 4.664275704847018e-17, 1.4500180177692043e-17, 4.3925190236952426e-18, 1.317823490665956e-18, 4.0273256644148807e-19, 1.250103069571096e-19, 3.9473060355904466e-20, 1.2717329903832724e-20, 4.235369263740774e-21, 1.5223097168482189e-21, 6.129191056235956e-22, 2.817350479105004e-22, 1.484644557587637e-22, 9.133847802504974e-23, 6.60709473469625e-23, 5.452038555427618e-23, 4.9339165765126455e-23]
W_list: [5]
L_list: [1.2772054161792068]
