C_final_list: [2.0934423432262833e-06, 1.9849684260029537e-06, 1.8781143715185152e-06, 1.777284832755515e-06, 1.682278929946531e-06, 1.5930693988192193e-06, 1.5091366857632725e-06, 1.4300292743231185e-06, 1.3541038268650663e-06, 1.2834261124822552e-06, 1.2163080108069344e-06, 1.1523893843376422e-06, 1.092112598853232e-06, 1.0340438365368643e-06, 9.792410708839134e-07, 9.264727391928349e-07, 8.759781380776474e-07, 8.275457741222481e-07, 7.811317557666378e-07, 7.376238157197253e-07, 6.969100001230403e-07, 6.579093849121195e-07, 6.212881714748073e-07, 5.866455940699498e-07, 5.538452915138559e-07, 5.230768922728739e-07, 4.942624728841309e-07, 4.670806379801477e-07, 4.4116884899108083e-07, 4.168172631134637e-07, 3.937780340485092e-07, 3.7213205674366595e-07, 3.516882863060237e-07, 3.3241749180019934e-07, 3.1405107401446416e-07, 2.9640143486421e-07, 2.7968126937490734e-07, 2.637602162638796e-07, 2.4872309534691835e-07, 2.3457521040284616e-07, 2.211697004533083e-07, 2.084731479898669e-07, 1.9642962957005995e-07, 1.8506263341643082e-07, 1.7443602981105945e-07, 1.6447190440549269e-07, 1.550310882788506e-07, 1.4607077832839597e-07, 1.375424164828275e-07, 1.2944086296017974e-07]
ndim2: 500
W_list: [2.8]
L_list: [17.996740643204785]
