C_final_list: [1.0391233720673578e-06, 1.0021443812797776e-06, 9.644221977634719e-07, 9.27346623019906e-07, 8.913751354081163e-07, 8.563759363405549e-07, 8.226986193808865e-07, 7.899033991613273e-07, 7.583426301388955e-07, 7.280215401920565e-07, 6.987969775657499e-07, 6.707308206278794e-07, 6.43623078806834e-07, 6.176310255448662e-07, 5.924805293881066e-07, 5.683316250736801e-07, 5.450531555432026e-07, 5.227350623771521e-07, 5.012883027205765e-07, 4.806342967023263e-07, 4.608864028873787e-07, 4.4183137278446356e-07, 4.2361422867843014e-07, 4.060504032808365e-07, 3.893731050034808e-07, 3.7314359480013785e-07, 3.576682434916542e-07, 3.4278740899545343e-07, 3.2852234116764026e-07, 3.148502409486033e-07, 3.017913439998074e-07, 2.891919014090844e-07, 2.7722319951837194e-07, 2.658481768816677e-07, 2.54924426219888e-07, 2.4442429252373515e-07, 2.3439951956975093e-07, 2.248208770543984e-07, 2.155615742937217e-07, 2.0669548120168766e-07, 1.981766559361744e-07, 1.8997771689702288e-07, 1.8208600920881637e-07, 1.744414929851345e-07, 1.6713664278302555e-07, 1.6006819935657264e-07, 1.5323383623338883e-07, 1.4666292327254892e-07, 1.4039199367734356e-07, 1.3441283757369332e-07]
ndim2: 500
W_list: [3.8]
L_list: [24.126758855341784]
