C_final_list: [2.1152596701496435e-06, 1.8915343054726355e-06, 1.6823023952653249e-06, 1.4991815595590389e-06, 1.3339255253006942e-06, 1.188564169445047e-06, 1.0579597735670362e-06, 9.434048918789985e-07, 8.402631377824566e-07, 7.48587441321872e-07, 6.653805530359098e-07, 5.930387370256979e-07, 5.295365934601533e-07, 4.72253972570357e-07, 4.209574004963378e-07, 3.747719315173364e-07, 3.325223035816168e-07, 2.9491642358326894e-07, 2.6200233542222315e-07, 2.3205868908865778e-07, 2.0612632707547897e-07, 1.8277504764201572e-07, 1.6216534680923803e-07, 1.4367958247483997e-07, 1.2743356034768746e-07, 1.1272566531697273e-07, 1.0021694701477989e-07, 8.905144215617282e-08, 7.889323035580551e-08, 6.995259630731751e-08, 6.218068096255518e-08, 5.509661882535821e-08, 4.8897044264609776e-08, 4.3331802106606253e-08, 3.8273832812810125e-08, 3.3835875696990784e-08, 2.996003400972759e-08, 2.6488116728205494e-08, 2.342792992253404e-08, 2.0696564815888376e-08, 1.8258238996926783e-08, 1.601960594616923e-08, 1.4115155121155881e-08, 1.2431958083244573e-08, 1.0910010170240617e-08, 9.603077705920274e-09, 8.484258516966156e-09, 7.499306263134173e-09, 6.65147220491929e-09, 5.906852210763964e-09]
ndim2: 500
W_list: [2.8]
L_list: [8.61402444512052]
