R_list= [ 1  2  3  4  5  6  7  8  9 10 11 12 13 14 15 16 17 18 19 20 21 22 23 24
 25 26 27 28 29 30 31 32]
C_final_list= [1.51796237358536e-07, 8.348492135782472e-08, 4.1181061996068136e-08, 1.950401356867926e-08, 9.083753488399577e-09, 4.208116167212391e-09, 1.9342562877254445e-09, 8.819048148426372e-10, 3.988391934869273e-10, 1.7967367064079766e-10, 8.233392779118575e-11, 3.752966104637493e-11, 1.6788694907310096e-11, 7.425787804422969e-12, 3.2829149006638623e-12, 1.4868697919398138e-12, 6.904153405265547e-13, 3.15594600908523e-13, 1.42262054059569e-13, 6.28048141027058e-14, 2.6951203218079707e-14, 1.130575840139524e-14, 4.692953689291779e-15, 1.8810875008442603e-15, 7.179253904989572e-16, 2.647879034915187e-16, 9.914916978474575e-17, 3.776510481674061e-17, 1.4598318351855714e-17, 5.7112000725721296e-18, 2.320559111915379e-18, 9.55522183306023e-19]
W_list: [6]
L_list: [1.5264951947607823]
