R_list= [ 1  2  3  4  5  6  7  8  9 10 11 12 13 14 15 16 17 18 19 20 21 22 23 24
 25 26 27 28 29 30 31 32 33 34 35 36 37 38]
C_final_list= [4.449268636699155e-06, 3.774538835997996e-06, 3.175356863219003e-06, 2.6708943147560028e-06, 2.2455312560789306e-06, 1.8890618463872397e-06, 1.5855099575219357e-06, 1.3305875461014396e-06, 1.114713676542229e-06, 9.332448546971493e-07, 7.822089184514369e-07, 6.556696430493607e-07, 5.492041559671188e-07, 4.5943417454849394e-07, 3.8416733573847657e-07, 3.2055812566916337e-07, 2.6791753341459666e-07, 2.2389175464783776e-07, 1.8706334157226904e-07, 1.5620645041867553e-07, 1.3048621050188665e-07, 1.0888238624380481e-07, 9.073817149286916e-08, 7.569381263785289e-08, 6.295082051380129e-08, 5.259979194022667e-08, 4.3959841220843615e-08, 3.666554141432259e-08, 3.056528755161606e-08, 2.5457418974960917e-08, 2.110940014545564e-08, 1.7509422743671013e-08, 1.4518347195021975e-08, 1.208327189759701e-08, 1.0047189289039686e-08, 8.37559011039557e-09, 6.987151246157664e-09, 5.8468824064903345e-09]
W_list: [7.6]
L_list: [5.750371743301773]
