C_final_list: [5.811770053638388e-07, 5.463742864235675e-07, 5.117565002287412e-07, 4.784357383350986e-07, 4.465732402190431e-07, 4.164580406362176e-07, 3.8761364027702814e-07, 3.602897003629804e-07, 3.343777323082927e-07, 3.105505608659295e-07, 2.8825022346416116e-07, 2.6732318792032343e-07, 2.4774428289029626e-07, 2.2958962061597383e-07, 2.128865684290412e-07, 1.9738168990522728e-07, 1.832087399761877e-07, 1.6993263563792933e-07, 1.5755380141153443e-07, 1.4614894373007424e-07, 1.354376514869055e-07, 1.2551034803682222e-07, 1.1612423625301034e-07, 1.073516388415123e-07, 9.922547447495959e-08, 9.1756773209338e-08, 8.479309545237458e-08, 7.835859223933383e-08, 7.241046016953753e-08, 6.691265039271202e-08, 6.187647785359064e-08, 5.7228899066480446e-08, 5.2948531939619855e-08, 4.89662453044839e-08, 4.527298895006062e-08]
ndim2: 500
W_list: [3.2]
L_list: [13.609205942721767]
