C_final_list: [2.0686842976440244e-06, 1.9677084915118466e-06, 1.8671004589703275e-06, 1.7749831984977786e-06, 1.685567064492534e-06, 1.5997268716842767e-06, 1.5186679738447696e-06, 1.4415582434883815e-06, 1.3683135896836904e-06, 1.2993961707672887e-06, 1.232801407902687e-06, 1.1697206920981104e-06, 1.1097813571721546e-06, 1.0526720463570535e-06, 9.982847370126941e-07, 9.462280863510366e-07, 8.967195778185065e-07, 8.499169371694295e-07, 8.055122532947751e-07, 7.639792514896908e-07, 7.242776262446545e-07, 6.869868659673925e-07, 6.519993354055766e-07, 6.184882673883525e-07, 5.865974983438421e-07, 5.561550796053005e-07, 5.271621992043883e-07, 4.99262599545628e-07, 4.7264408773549303e-07, 4.475242306224551e-07, 4.2361734403341924e-07, 4.0105361245991357e-07, 3.796798804170784e-07, 3.5933882240999095e-07, 3.4005854282563456e-07]
ndim2: 500
W_list: [2.6]
L_list: [18.983047331894298]
