R_list= [ 1  2  3  4  5  6  7  8  9 10 11 12 13 14 15 16 17 18 19 20 21 22 23 24
 25 26 27 28 29 30 31 32 33 34 35 36 37 38]
C_final_list= [4.82309082166367e-07, 4.3277978410424323e-07, 3.8573515404489387e-07, 3.4292738546831303e-07, 3.0388865568921223e-07, 2.6931116601274966e-07, 2.3831095865611021e-07, 2.1065700685253887e-07, 1.858824845066743e-07, 1.638984700223027e-07, 1.447322096949228e-07, 1.2776059268292566e-07, 1.127999574564966e-07, 9.943084751822991e-08, 8.76682126973672e-08, 7.729517164790584e-08, 6.820545409477311e-08, 6.016454266829639e-08, 5.310361545921728e-08, 4.683633652304916e-08, 4.128149466711681e-08, 3.6337108308495095e-08, 3.1976780442828387e-08, 2.8144355895740655e-08, 2.4741633409737937e-08, 2.171586564701085e-08, 1.9028150809830855e-08, 1.6664912676504726e-08, 1.45836564840182e-08, 1.2755090387692235e-08, 1.1152486895153763e-08, 9.769448517779301e-09, 8.548628371942844e-09, 7.470783944660588e-09, 6.5311487305085826e-09, 5.707524730172484e-09, 4.9939584589219055e-09, 4.367142816026171e-09]
W_list: [7]
L_list: [8.197528033173063]
