C_final_list: [2.1501837526965555e-06, 2.057304033862802e-06, 1.966015729453613e-06, 1.879294029575741e-06, 1.796648658968333e-06, 1.7201342142135843e-06, 1.6449136428633212e-06, 1.5725833822256045e-06, 1.502928086996897e-06, 1.4365408084424643e-06, 1.3716744088958236e-06, 1.309139694405593e-06, 1.2493073031908562e-06, 1.1924935099201646e-06, 1.1382487911691002e-06, 1.0857222325810055e-06, 1.0366045647299306e-06, 9.895805230307168e-07, 9.448937321575896e-07, 9.015832497533922e-07, 8.600136096526635e-07, 8.210068052778572e-07, 7.840547339422405e-07, 7.478950258756414e-07, 7.139005864977468e-07, 6.812792241153928e-07, 6.498845416569645e-07, 6.19959917062027e-07, 5.912109505001962e-07, 5.635241255070376e-07, 5.37208945180606e-07, 5.122727574823304e-07, 4.880830681028637e-07, 4.649322669396709e-07, 4.4302644369401907e-07]
ndim2: 500
W_list: [2.4]
L_list: [21.696129170314883]
