C_final_list: [1.0645766711248341e-06, 9.723776037177604e-07, 8.823519007520281e-07, 7.986308900427871e-07, 7.228822077645772e-07, 6.538727831661919e-07, 5.914738622734238e-07, 5.354230601087419e-07, 4.850599523275366e-07, 4.3909884290428215e-07, 3.969219835292063e-07, 3.587802406104111e-07, 3.2478251519734067e-07, 2.9366648158521607e-07, 2.660774263020737e-07, 2.408258948179457e-07, 2.1760471336899242e-07, 1.9666407456934738e-07, 1.7767497248822856e-07, 1.6028170424961554e-07, 1.4470313587348053e-07, 1.3056341632093218e-07, 1.1775504824101151e-07, 1.0619659061397325e-07, 9.587674395683138e-08, 8.657641014958816e-08, 7.794877196066378e-08, 7.023568265600066e-08, 6.342744769215869e-08, 5.71957327526032e-08, 5.145798669447361e-08, 4.631928046291814e-08, 4.17489052770219e-08, 3.7573209821683745e-08, 3.379852835759495e-08]
ndim2: 500
W_list: [4.2]
L_list: [10.018849699893066]
