R_list= [ 1  2  3  4  5  6  7  8  9 10 11 12 13 14 15 16 17 18 19 20 21 22 23 24
 25 26 27 28 29 30 31 32 33 34 35 36 37 38]
C_final_list= [1.5142967645287884e-06, 1.390112311265066e-06, 1.279142546938521e-06, 1.1785872643871061e-06, 1.0878950701125325e-06, 1.0031099305959533e-06, 9.252342630521052e-07, 8.53099634495601e-07, 7.854943127204992e-07, 7.243010148684076e-07, 6.676458932702603e-07, 6.151238755478414e-07, 5.658622111616934e-07, 5.203959737300879e-07, 4.787416970142281e-07, 4.4091152166523226e-07, 4.0574343062583763e-07, 3.733017290850265e-07, 3.4379898293757755e-07, 3.161723892014076e-07, 2.9124206560090744e-07, 2.6801795603160506e-07, 2.4685184021833854e-07, 2.26971596528111e-07, 2.0852766986346315e-07, 1.9182531388984698e-07, 1.7626342444224442e-07, 1.6194360533619646e-07, 1.488255254029928e-07, 1.3683029537460892e-07, 1.25687865941071e-07, 1.1545053116549916e-07, 1.060367721815907e-07, 9.743186756659659e-08, 8.943449858263763e-08, 8.214288755747019e-08, 7.546996142136605e-08, 6.933092446731757e-08]
W_list: [5]
L_list: [12.14683352799096]
