R_list= [ 1  2  3  4  5  6  7  8  9 10 11 12 13 14 15 16 17 18 19 20 21 22 23 24
 25 26 27 28 29 30 31 32 33 34 35 36 37 38]
C_final_list= [4.957324629353068e-07, 3.7936282774946075e-07, 2.873883788430264e-07, 2.1659585371638202e-07, 1.6262744454102394e-07, 1.2163587510768546e-07, 9.116360950062778e-08, 6.849071428571009e-08, 5.113066061826863e-08, 3.824047277017033e-08, 2.8567571648456155e-08, 2.1282957787745438e-08, 1.5836672726882587e-08, 1.1742263230267308e-08, 8.691840339284494e-09, 6.425792067996993e-09, 4.771426637214196e-09, 3.5439394248052253e-09, 2.646630075977312e-09, 1.9782829195795438e-09, 1.4789642925170803e-09, 1.1097821559965686e-09, 8.296595498562067e-10, 6.185647653114422e-10, 4.606492989873151e-10, 3.4148926643096803e-10, 2.5731560135317876e-10, 1.937542749553292e-10, 1.4497863168862302e-10, 1.0881618833170926e-10, 8.164947041249522e-11, 6.110752043472717e-11, 4.4896298502499747e-11, 3.3242590679454255e-11, 2.4904096831052343e-11, 1.8547946653887667e-11, 1.3679964887657595e-11, 9.944017323493381e-12]
W_list: [9.0]
L_list: [3.5537226228411423]
