R_list= [ 1  2  3  4  5  6  7  8  9 10 11 12 13 14 15 16 17 18 19 20 21 22 23 24
 25 26 27 28 29 30 31 32 33 34 35 36 37 38]
C_final_list= [7.166960763343688e-07, 5.887758062002733e-07, 4.905883866526437e-07, 4.0976337419957917e-07, 3.421190320516936e-07, 2.849150648188856e-07, 2.3679337601064917e-07, 1.971158090969282e-07, 1.6368343924100165e-07, 1.3552512826568137e-07, 1.1216856075429747e-07, 9.247168952921308e-08, 7.6152853429755e-08, 6.274877436459393e-08, 5.1636914902995164e-08, 4.257840144815226e-08, 3.513906622075579e-08, 2.895060370997302e-08, 2.389143697323217e-08, 1.97137372486336e-08, 1.6251594650675753e-08, 1.342535332330851e-08, 1.1104574370521054e-08, 9.167367983715337e-09, 7.562475817683715e-09, 6.244283810042102e-09, 5.146490788480766e-09, 4.233291893109678e-09, 3.4661243394605967e-09, 2.8213639411609116e-09, 2.2936253164252607e-09, 1.8657513307375312e-09, 1.5238697021366457e-09, 1.2423701464454897e-09, 1.0134768010269635e-09, 8.25690443725568e-10, 6.723070532051698e-10, 5.484526097757933e-10]
W_list: [6]
L_list: [5.394792640178838]
