R_list= [ 1  2  3  4  5  6  7  8  9 10 11 12 13 14 15 16 17 18 19 20 21 22 23 24
 25 26 27 28 29 30 31 32 33 34 35 36 37 38]
C_final_list= [7.587850977382531e-07, 6.829237219867164e-07, 6.091154024916064e-07, 5.418358822687561e-07, 4.811022868163382e-07, 4.2655179484269515e-07, 3.781504059616733e-07, 3.3493367170322393e-07, 2.96686437369036e-07, 2.6272191204201486e-07, 2.3271970860278468e-07, 2.0589055772216235e-07, 1.8201903032668106e-07, 1.605580556090519e-07, 1.41531976937457e-07, 1.2478352819182813e-07, 1.1004513905517701e-07, 9.692986854864443e-08, 8.528443871716489e-08, 7.497208937610076e-08, 6.595491918780246e-08, 5.805170370979578e-08, 5.107720668717236e-08, 4.496414415882403e-08, 3.952556834898672e-08, 3.473350392983864e-08, 3.0533063780458914e-08, 2.6886948660883677e-08, 2.3687984834324854e-08, 2.0866813514364626e-08, 1.838299416598532e-08, 1.6196970923920622e-08, 1.427130021890951e-08, 1.2552446389244131e-08, 1.1024253697134585e-08, 9.674475507604436e-09, 8.486718515111552e-09, 7.457219556011702e-09]
W_list: [7.8]
L_list: [8.299595246105628]
