C_list:
1.288661301487498e-06 0.02118726431116598
ndim2: 500
W_list: [2.0]
L_list: [47.19816514834274]
