R_list= [ 1  2  3  4  5  6  7  8  9 10 11 12 13 14 15 16 17 18 19 20 21 22 23 24
 25 26 27 28 29 30 31 32 33 34 35 36 37 38]
C_final_list= [3.375982855780948e-05, 2.1502223484290886e-05, 1.3643644346414559e-05, 8.650835810776221e-06, 5.48222889123652e-06, 3.464455041331266e-06, 2.1797440087750267e-06, 1.37199217687645e-06, 8.640372927145786e-07, 5.441797090793476e-07, 3.425618169379005e-07, 2.1520260086246306e-07, 1.3531308685656168e-07, 8.448576265167379e-08, 5.284917595665858e-08, 3.3289429164045317e-08, 2.09361129867628e-08, 1.323454845933429e-08, 8.368847535215707e-09, 5.299472616196017e-09, 3.3469846300413463e-09, 2.098964017581937e-09, 1.3095294983351443e-09, 8.160457501982884e-10, 5.072024717256099e-10, 3.2279347389727374e-10, 2.0752771033847397e-10, 1.3190385263490243e-10, 8.108589890903846e-11, 5.060563187619475e-11, 3.199798278810152e-11, 2.005599447341448e-11, 1.27259599704376e-11, 7.872011149981083e-12, 5.074408922234226e-12, 3.0674185881796968e-12, 2.00086614178398e-12, 1.2437584668965682e-12]
W_list: [8.45]
L_list: [2.2010999080779796]
