C_final_list: [1.778583838906633e-06, 1.7293659324972782e-06, 1.6788245932520112e-06, 1.6303209724830975e-06, 1.5832243269816416e-06, 1.5379418870887605e-06, 1.4936692031997905e-06, 1.4506623722339245e-06, 1.408409739102047e-06, 1.3671067391668765e-06, 1.3273209019856798e-06, 1.2886036905681417e-06, 1.2505163099578078e-06, 1.213975609550226e-06, 1.17836487974951e-06, 1.1439636260287476e-06, 1.1106208709082043e-06, 1.077857346901845e-06, 1.04616011439897e-06, 1.0153235975847922e-06, 9.850657747419314e-07, 9.557486632802178e-07, 9.275348316152934e-07, 8.999558187803994e-07, 8.729672257544633e-07, 8.472355457407549e-07, 8.222708925740401e-07, 7.981126355259912e-07, 7.748795464702641e-07, 7.522912641873115e-07, 7.301849589312126e-07, 7.088555153871753e-07, 6.881277518730157e-07, 6.679969496602837e-07, 6.481487492818961e-07]
ndim2: 500
W_list: [2.4]
L_list: [33.65821807429498]
