C_final_list: [2.0105916033493304e-06, 1.8994316134764884e-06, 1.7897791235244682e-06, 1.6864919319471759e-06, 1.5888885246138507e-06, 1.4984959434698843e-06, 1.4123649148133706e-06, 1.3305270640872892e-06, 1.254077003971837e-06, 1.182728042397752e-06, 1.1157092882178454e-06, 1.0524534865881836e-06, 9.918259562327266e-07, 9.353287696899326e-07, 8.819068928137848e-07, 8.313416477611319e-07, 7.833446798047377e-07, 7.376844329602662e-07, 6.940879636408796e-07, 6.52937025538955e-07, 6.142617947935687e-07, 5.781676266632265e-07, 5.445086232451224e-07, 5.125412262841395e-07, 4.825397860517155e-07, 4.543571998820052e-07, 4.2732798726249107e-07, 4.0165107405056446e-07, 3.7742202546644584e-07, 3.550379657510599e-07, 3.337762127930888e-07, 3.137236421362766e-07, 2.9498547912611276e-07, 2.7751801631945823e-07, 2.606750688051673e-07]
ndim2: 500
W_list: [2.8]
L_list: [16.811513448909004]
