R_list= [ 1  2  3  4  5  6  7  8  9 10 11 12 13 14 15 16 17 18 19 20 21 22 23 24
 25 26 27 28 29 30 31 32 33 34 35 36 37 38]
C_final_list= [1.923147760302106e-05, 1.5358079309377616e-05, 1.2155578915713923e-05, 9.596991520258887e-06, 7.5598334986929375e-06, 5.949684532253622e-06, 4.681991591205779e-06, 3.6809214777307756e-06, 2.8912413972664953e-06, 2.272500001416254e-06, 1.7843998020825907e-06, 1.3995541197844192e-06, 1.0993149457576613e-06, 8.620074985830007e-07, 6.757877336024905e-07, 5.313135411048795e-07, 4.1772198571010574e-07, 3.279509059584534e-07, 2.576712049889333e-07, 2.024326796209315e-07, 1.5885789505832827e-07, 1.2459152719344828e-07, 9.774872664763268e-08, 7.665696010350546e-08, 6.00359070223913e-08, 4.7044659299787244e-08, 3.6892135283071394e-08, 2.899584415026836e-08, 2.2789838201238642e-08, 1.7853141593011432e-08, 1.3976065813059306e-08, 1.0948528918657915e-08, 8.596016450638738e-09, 6.773103151591411e-09, 5.369476861897417e-09, 4.2538596611321656e-09, 3.3592768292445564e-09, 2.644523052002368e-09]
W_list: [8.5]
L_list: [4.234923140180618]
