R_list= [ 1  2  3  4  5  6  7  8  9 10 11 12 13 14 15 16 17 18 19 20 21 22 23 24
 25 26 27 28 29 30 31 32 33 34 35 36 37 38]
C_final_list= [5.114653187455887e-07, 3.327292029840554e-07, 1.8671384682278465e-07, 9.593808007351086e-08, 4.6768038369457744e-08, 2.202872529124129e-08, 1.0147918057626177e-08, 4.598136616604507e-09, 2.0595634598754464e-09, 9.151251188092285e-10, 4.031279848111337e-10, 1.7607067941750616e-10, 7.61435672370748e-11, 3.257148521267074e-11, 1.3770236337933453e-11, 5.782942943375646e-12, 2.4421077136488104e-12, 1.0482579837648068e-12, 4.679771142665178e-13, 2.2404326805481176e-13, 1.1770069727579815e-13, 6.796258577267617e-14, 4.1910401089085455e-14, 2.71531029712184e-14, 1.7369851991092168e-14, 9.583499014473947e-15, 4.719926794223254e-15, 2.473083029635588e-15, 1.330579799008159e-15, 6.313733965886943e-16, 2.658972904193518e-16, 1.0529025558174714e-16, 4.3214487061814715e-17, 1.881580509138625e-17, 7.709275203072586e-18, 3.0696120234281082e-18, 1.2625731507979261e-18, 6.139562442511247e-19]
W_list: [4]
L_list: [1.8577335657400391]
