C_final_list: [1.3147894770598496e-06, 1.1468525511482277e-06, 9.939892144150144e-07, 8.597952482879183e-07, 7.43890326166898e-07, 6.426560424584008e-07, 5.549409885205782e-07, 4.786804338229221e-07, 4.138432509624464e-07, 3.5853642897923943e-07, 3.09810909178498e-07, 2.6740487224141616e-07, 2.3029805667170936e-07, 1.987370901951241e-07, 1.712721764678353e-07, 1.4741016693213108e-07, 1.2668810745424166e-07, 1.0860952520315692e-07, 9.307318081398884e-08, 7.969183849592185e-08, 6.811879153005939e-08, 5.824712218576933e-08, 4.988774648615454e-08, 4.2510011424321593e-08, 3.625794251495513e-08, 3.090021082064679e-08, 2.6395174248198234e-08, 2.252894825913115e-08, 1.922549718408465e-08, 1.6398063859940736e-08, 1.3969402794065823e-08, 1.1905817205646226e-08, 1.0127408017870628e-08, 8.651273341506395e-09, 7.374473545097675e-09]
ndim2: 500
W_list: [3.8]
L_list: [6.860958826072519]
