R_list= [ 1  2  3  4  5  6  7  8  9 10 11 12 13 14 15 16 17 18 19 20 21 22 23 24
 25 26 27 28 29 30 31 32 33 34 35 36 37 38]
C_final_list= [4.1190164030485726e-07, 3.6713032321002144e-07, 3.242859403141125e-07, 2.8550342335745445e-07, 2.511793690038984e-07, 2.2084580349058226e-07, 1.9397633478943871e-07, 1.7057835774978616e-07, 1.4998406984612814e-07, 1.318379192094916e-07, 1.1584561355679526e-07, 1.0195132727106528e-07, 8.958609548441603e-08, 7.867146268177892e-08, 6.895406347257113e-08, 6.043533504439987e-08, 5.288255031962663e-08, 4.623385223479155e-08, 4.036123610138031e-08, 3.5241520668595793e-08, 3.0706873907448447e-08, 2.6703625580936854e-08, 2.319702548008445e-08, 2.0146271704329072e-08, 1.7507302409621635e-08, 1.5203326631688762e-08, 1.3208755600087996e-08, 1.1471646887463426e-08, 9.976230434728415e-09, 8.680200074237367e-09, 7.551139954316941e-09, 6.575704769424081e-09, 5.726076175814275e-09, 4.981718131544917e-09, 4.3385191733384235e-09, 3.774385046658306e-09, 3.284942039268244e-09, 2.865809039889796e-09]
W_list: [7]
L_list: [7.786631021233829]
