C_list:
1.8335975113166382e-06 0.31352997759865003
ndim2: 500
W_list: [4.0]
L_list: [3.1894876772520324]
