C_final_list: [1.0303195642082722e-06, 9.993552942948021e-07, 9.669578158437655e-07, 9.349490160385963e-07, 9.035540242321514e-07, 8.730320557069016e-07, 8.43496284321694e-07, 8.147082528583761e-07, 7.871089101730132e-07, 7.602636607922217e-07, 7.342519883227133e-07, 7.091171697204688e-07, 6.846843708665259e-07, 6.61410428060485e-07, 6.386784099534978e-07, 6.169308369834796e-07, 5.961147701973933e-07, 5.757538444855373e-07, 5.557685521687726e-07, 5.36385012503537e-07, 5.176344961367473e-07, 4.994214307607362e-07, 4.81753600403962e-07, 4.644809203127476e-07, 4.4799412548080196e-07, 4.319301028595903e-07, 4.1649370015254827e-07, 4.0154744706251584e-07, 3.8715396814645207e-07, 3.733206344737865e-07, 3.6005155601278335e-07, 3.4718045626062476e-07, 3.346016170800041e-07, 3.225766976182642e-07, 3.109394675726143e-07]
ndim2: 500
W_list: [2.4000000000000004]
L_list: [28.54620378020348]
