R_list= [ 1  2  3  4  5  6  7  8  9 10 11 12 13 14 15 16 17 18 19 20 21 22 23 24
 25 26 27 28 29 30 31 32 33 34 35 36 37 38]
C_final_list= [8.481119243440155e-07, 7.569164074581606e-07, 6.775078892802879e-07, 6.052361839578554e-07, 5.409722863099369e-07, 4.844197392437815e-07, 4.3317939053782445e-07, 3.8730606757427094e-07, 3.4627416951995443e-07, 3.099972389582964e-07, 2.7700959284465333e-07, 2.4780702960998746e-07, 2.2168290698897485e-07, 1.9807218663867382e-07, 1.7674893231114443e-07, 1.5777162069661394e-07, 1.4072620669152905e-07, 1.2554273690489906e-07, 1.118927952631738e-07, 9.98555304845153e-08, 8.910941120763065e-08, 7.940087615082548e-08, 7.080047040720582e-08, 6.307571263292183e-08, 5.613773903128143e-08, 5.0018019993297234e-08, 4.4582142652303025e-08, 3.966667080360526e-08, 3.5307006254275084e-08, 3.14182142685738e-08, 2.8015667522548155e-08, 2.497902307082221e-08, 2.2254092768569144e-08, 1.9766541262523175e-08, 1.758541016450772e-08, 1.5585937281353492e-08, 1.379776724628124e-08, 1.2200932017983007e-08]
W_list: [6]
L_list: [8.904676213671411]
