R_list= [ 1  2  3  4  5  6  7  8  9 10 11 12 13 14 15 16 17 18 19 20 21 22 23 24
 25 26 27 28 29 30 31 32 33 34 35 36 37 38]
C_final_list= [2.931249981040208e-06, 2.2059973558187767e-06, 1.5565695714810701e-06, 1.0792194829039198e-06, 7.527691994410577e-07, 5.317976469116144e-07, 3.78610233789992e-07, 2.6966943468391125e-07, 1.9101769662157377e-07, 1.3448701732094048e-07, 9.424330147511358e-08, 6.57385968064435e-08, 4.569589279776914e-08, 3.1759906629765156e-08, 2.2035532367683608e-08, 1.5250156890044117e-08, 1.056676649017891e-08, 7.363466035762165e-09, 5.155720785292747e-09, 3.609902403113974e-09, 2.5306432448219185e-09, 1.7744103596125217e-09, 1.2480004647555989e-09, 8.756476251083532e-10, 6.098465521599009e-10, 4.229292690738116e-10, 2.92886084508108e-10, 2.0211584740644123e-10, 1.38641607460548e-10, 9.492471041888626e-11, 6.505482231547641e-11, 4.4656056949543736e-11, 3.0496029684533264e-11, 2.0733237138010762e-11, 1.4089756187266643e-11, 9.561094562215032e-12, 6.525552368259588e-12, 4.535323685238936e-12]
W_list: [4]
L_list: [2.9663411718332493]
