C_final_list: [1.358882502658702e-06, 1.2851921052411018e-06, 1.2132266969701104e-06, 1.145368689427082e-06, 1.0801597349031858e-06, 1.0175753323506817e-06, 9.58705995082368e-07, 9.035496904143209e-07, 8.517430981067167e-07, 8.03387549092561e-07, 7.576946094153353e-07, 7.141409957054073e-07, 6.732056715269999e-07, 6.345702265528928e-07, 5.978664605849175e-07, 5.635333089320855e-07, 5.315868808486055e-07, 5.013414311284124e-07, 4.730767818083159e-07, 4.4609598565971013e-07, 4.2073133865375095e-07, 3.963377199478737e-07, 3.7329187828417295e-07, 3.517984630267474e-07, 3.3172489588339594e-07, 3.1250476600261876e-07, 2.9445441390138055e-07, 2.774781821306527e-07, 2.615391855482702e-07, 2.4627361427554456e-07, 2.3171199112743094e-07, 2.180852793574072e-07, 2.0521179667197053e-07, 1.930931647349766e-07, 1.8149548354585416e-07]
ndim2: 500
W_list: [3.2]
L_list: [16.97109269929413]
