C_final_list: [1.5404461842997973e-06, 1.5106944777957662e-06, 1.4814781984432723e-06, 1.4531748030834945e-06, 1.4253000310393982e-06, 1.3981358858218166e-06, 1.3715574193638093e-06, 1.3452755982178887e-06, 1.3196340687935375e-06, 1.294604255074078e-06, 1.270099972507378e-06, 1.2459829342961942e-06, 1.2222002874873383e-06, 1.1987131204179868e-06, 1.1755038729547004e-06, 1.1526215714767734e-06, 1.1302095360938124e-06, 1.108475553000495e-06, 1.0871072981968133e-06, 1.0662831692129184e-06, 1.0454920047102568e-06, 1.025255919796282e-06, 1.0056166092506806e-06, 9.862872398087242e-07, 9.674148685410723e-07, 9.489266403119221e-07, 9.308550151487536e-07, 9.132010178242053e-07, 8.959341978585599e-07, 8.788541488797844e-07, 8.618297820966408e-07, 8.451877473545773e-07, 8.287848479285824e-07, 8.126427111642011e-07, 7.966897926732396e-07, 7.810387144365222e-07, 7.659060877993012e-07, 7.51004903450626e-07, 7.363436929473331e-07, 7.220243492486844e-07, 7.078068139442488e-07, 6.9374897115855e-07, 6.799486753000981e-07, 6.66476350442062e-07, 6.532524369205639e-07, 6.403851183109705e-07, 6.279210564019755e-07, 6.156805145837139e-07, 6.037626369314764e-07, 5.920930988941938e-07]
ndim2: 500
W_list: [3.2]
L_list: [51.41064463860788]
