C_final_list: [2.1764328693879798e-06, 1.898665203502998e-06, 1.781070841295812e-06, 1.6067172990938277e-06, 1.4514521107295422e-06, 1.3247423738641598e-06, 1.1986754312327623e-06, 1.081625173651906e-06, 9.789768903455247e-07, 8.854237594120384e-07, 7.993692808463909e-07, 7.209794197751498e-07, 6.519604483635033e-07, 5.884745549196569e-07, 5.322537512413395e-07, 4.81533693113124e-07, 4.341753687705697e-07, 3.9123420658069874e-07, 3.529079196406031e-07, 3.182172710122792e-07, 2.8723260628819125e-07, 2.5946271925240003e-07, 2.337954130052757e-07, 2.1075859770828303e-07, 1.896172297293363e-07, 1.7036450380902552e-07, 1.5334628803609865e-07, 1.3783717774991273e-07, 1.2350409488036734e-07, 1.1082062385474213e-07, 9.949561874952814e-08, 8.934522907379635e-08, 8.008631774797049e-08, 7.172417926375677e-08, 6.438257279348696e-08]
ndim2: 500
W_list: [1.0]
L_list: [9.98257760397264]
