C_final_list: [1.5424928910962585e-06, 1.5167530399902074e-06, 1.4904814312863378e-06, 1.4653702822803715e-06, 1.440618243552804e-06, 1.4163812803124065e-06, 1.3925523924261504e-06, 1.3691802152859942e-06, 1.3463565537122406e-06, 1.3235188018892402e-06, 1.3008938876771747e-06, 1.2788071241194176e-06, 1.257180274352174e-06, 1.2361439279382867e-06, 1.2154362808427717e-06, 1.1951095180752682e-06, 1.1750673568241897e-06, 1.1551374530884978e-06, 1.1355459651736722e-06, 1.1162856516078486e-06, 1.0973903224569138e-06, 1.0789067387163707e-06, 1.0607201642200674e-06, 1.0428500960817408e-06, 1.025332361328611e-06, 1.0078806752251094e-06, 9.905591620230825e-07, 9.73436003846376e-07, 9.564022501618487e-07, 9.395865993950461e-07, 9.231234269161895e-07, 9.069871495430841e-07, 8.911691714598582e-07, 8.755388008288671e-07, 8.601416336248122e-07]
ndim2: 500
W_list: [2.6]
L_list: [58.50593203810801]
