R_list= [ 1  2  3  4  5  6  7  8  9 10 11 12 13 14 15 16 17 18 19 20 21 22 23 24
 25 26 27 28 29 30 31 32 33 34 35 36 37 38]
C_final_list= [2.4633100127239486e-06, 2.176539871040605e-06, 1.9047747708803816e-06, 1.6599201952191942e-06, 1.4442628685385055e-06, 1.255192137831528e-06, 1.0891644804183062e-06, 9.444982350454787e-07, 8.182009487408287e-07, 7.080821773258565e-07, 6.123788093346871e-07, 5.292816661565234e-07, 4.572289265822266e-07, 3.9499293803427856e-07, 3.4094837578037746e-07, 2.9414872840365325e-07, 2.536657330211034e-07, 2.1865165241274468e-07, 1.8858534576543426e-07, 1.6253955566277027e-07, 1.4003361229523282e-07, 1.206243886360313e-07, 1.0395330026359104e-07, 8.952597123342448e-08, 7.710120141709678e-08, 6.64072513143324e-08, 5.7195163282308973e-08, 4.927777497156543e-08, 4.248558456412977e-08, 3.66359550972722e-08, 3.15998186786973e-08, 2.7269076692428227e-08, 2.352922859297463e-08, 2.0313563430368357e-08, 1.7524921555694887e-08, 1.5122426578059142e-08, 1.306515500661916e-08, 1.1304188748095486e-08]
W_list: [8.15]
L_list: [7.109481438012875]
