R_list= [ 1  2  3  4  5  6  7  8  9 10 11 12 13 14 15 16 17 18 19 20 21 22 23 24
 25 26 27 28 29 30 31 32 33 34 35 36 37 38]
C_final_list= [2.679275129914562e-07, 2.0907160087478528e-07, 1.6358096418261725e-07, 1.2707934878048905e-07, 9.823633975246069e-08, 7.588609349789061e-08, 5.859135523749566e-08, 4.506911070754644e-08, 3.469165413531455e-08, 2.665869304384947e-08, 2.0443732510623686e-08, 1.5675264419010994e-08, 1.1995584249958122e-08, 9.182905316980532e-09, 7.021843764245986e-09, 5.347207327246169e-09, 4.057087828619027e-09, 3.0693450515311118e-09, 2.3207737330380838e-09, 1.7548004725746059e-09, 1.328259430225305e-09, 1.007765319992144e-09, 7.644846976123747e-10, 5.785548682973093e-10, 4.409913473639168e-10, 3.362913704537117e-10, 2.542209845899639e-10, 1.9169406985697982e-10, 1.4466158849471466e-10, 1.0867694014306012e-10, 8.158633723133918e-11, 6.155318806320278e-11, 4.655337045874417e-11, 3.523067839008743e-11, 2.6641888647689647e-11, 2.034789476561375e-11, 1.544968405887756e-11, 1.1780915315704404e-11]
W_list: [7]
L_list: [3.9380501329422635]
