R_list= [ 1  2  3  4  5  6  7  8  9 10 11 12 13 14 15 16 17 18 19 20 21 22 23 24
 25 26 27 28 29 30 31 32 33 34 35 36 37 38]
C_final_list= [2.6359984899948006e-06, 2.34284184377755e-06, 2.0638729570674263e-06, 1.8114908777664771e-06, 1.5875318928092607e-06, 1.3876143703846928e-06, 1.2114742795322587e-06, 1.056929960829533e-06, 9.221047686065713e-07, 8.046966802466906e-07, 7.021938808776534e-07, 6.128353592125071e-07, 5.346827216601522e-07, 4.662183605926565e-07, 4.0612379965505013e-07, 3.5344022479575996e-07, 3.075772607487493e-07, 2.677870678370059e-07, 2.3308959428543643e-07, 2.0278763615553466e-07, 1.763793583857824e-07, 1.534021499968331e-07, 1.3356295444559985e-07, 1.1634426640101842e-07, 1.0129291280242421e-07, 8.81583345120095e-08, 7.666664133102129e-08, 6.664158574334359e-08, 5.785079536891572e-08, 5.026088563876804e-08, 4.362591561560488e-08, 3.788484813948251e-08, 3.286591621384838e-08, 2.8522113018951067e-08, 2.473397880569654e-08, 2.1465273082503327e-08, 1.8619266043155225e-08, 1.615227034633031e-08]
W_list: [8.05]
L_list: [7.485038050755314]
