R_list= [ 1  2  3  4  5  6  7  8  9 10 11 12 13 14 15 16 17 18 19 20 21 22 23 24
 25 26 27 28 29 30 31 32 33 34 35 36 37 38]
C_final_list= [8.51105667605514e-07, 6.556999692670842e-07, 5.169300731581762e-07, 4.086704732771015e-07, 3.227794116414273e-07, 2.550330883772185e-07, 2.0159525318319302e-07, 1.5890470119478823e-07, 1.2447513267557673e-07, 9.722906035517041e-08, 7.585867887697428e-08, 5.9320072773707966e-08, 4.635221601529196e-08, 3.622522934375128e-08, 2.832063777702504e-08, 2.2180142074672912e-08, 1.7355612124690412e-08, 1.3579824404155405e-08, 1.0578693891607612e-08, 8.1904165110263e-09, 6.323242764363651e-09, 4.9087274289455455e-09, 3.811018315238039e-09, 2.9642970564693966e-09, 2.3022062252976677e-09, 1.7825288828743362e-09, 1.3793145399273124e-09, 1.066460512165665e-09, 8.211375595165468e-10, 6.320992096746757e-10, 4.873190176141661e-10, 3.7529334474756254e-10, 2.893042452746993e-10, 2.2390173026045221e-10, 1.7294226066187615e-10, 1.3384270770831436e-10, 1.0411275885827542e-10, 8.095417941165406e-11]
W_list: [6]
L_list: [4.148496662577522]
