R_list= [ 1  2  3  4  5  6  7  8  9 10 11 12 13 14 15 16 17 18 19 20 21 22 23 24
 25 26 27 28 29 30 31 32 33 34 35 36 37 38]
C_final_list= [7.786666755082224e-07, 6.796714017029812e-07, 5.966744648611444e-07, 5.27468765486882e-07, 4.655168670718991e-07, 4.096945393756115e-07, 3.6054987830078253e-07, 3.175016364617637e-07, 2.793876337065912e-07, 2.457542740305638e-07, 2.1649409642925987e-07, 1.908032152491638e-07, 1.678174250473122e-07, 1.4745191973407805e-07, 1.2958324238624828e-07, 1.1381989378725835e-07, 9.983745158214762e-08, 8.752093692754678e-08, 7.669771008732977e-08, 6.722961666359107e-08, 5.8912262676510216e-08, 5.15937890138338e-08, 4.5197590696484706e-08, 3.958475052442108e-08, 3.461088221152931e-08, 3.0227240739420337e-08, 2.6397627130510475e-08, 2.3061976101296118e-08, 2.0143687696217352e-08, 1.757279725805133e-08, 1.530507703503606e-08, 1.3320934644960781e-08, 1.1587219116279558e-08, 1.008571510358481e-08, 8.783187002034107e-09, 7.642929689152388e-09, 6.652402597689445e-09, 5.785568222070484e-09]
W_list: [5]
L_list: [7.803973462221207]
