C_final_list: [1.9585976523262162e-06, 1.8390147015402693e-06, 1.7226095060104954e-06, 1.6157211519178589e-06, 1.5152891070331244e-06, 1.4217740527967389e-06, 1.33385819188541e-06, 1.2497587701022852e-06, 1.169872100551739e-06, 1.0956190846412896e-06, 1.0258435018886353e-06, 9.59558593413968e-07, 8.986466565397708e-07, 8.415014829664282e-07, 7.875553441407821e-07, 7.369046538669521e-07, 6.887358961843306e-07, 6.436617930652355e-07, 6.007390299738686e-07, 5.605517281219607e-07, 5.233433014366168e-07, 4.88753800645638e-07, 4.566665901007483e-07, 4.263213596144375e-07, 3.984632364002712e-07, 3.7250602160242805e-07, 3.479042672196819e-07, 3.2494428216706414e-07, 3.033290754004656e-07, 2.831579446911193e-07, 2.643480168745561e-07, 2.4697139402092375e-07, 2.3075385612120608e-07, 2.1535615766120692e-07, 2.0079267544938378e-07, 1.8719185489585042e-07, 1.7476192528582622e-07, 1.6319394074336908e-07, 1.5225419791040987e-07, 1.42088822548101e-07, 1.3239508306207073e-07, 1.2343188337562382e-07, 1.1508917313279265e-07, 1.0725260182081664e-07, 9.990559473573137e-08, 9.319589964378669e-08, 8.691010089112966e-08, 8.107620959138463e-08, 7.571130543530954e-08, 7.064058522721919e-08]
ndim2: 500
W_list: [3.05]
L_list: [15.059110389164829]
