R_list= [ 1  2  3  4  5  6  7  8  9 10 11 12 13 14 15 16 17 18 19 20 21 22 23 24
 25 26 27 28 29 30 31 32 33 34 35 36 37 38]
C_final_list= [2.2726409894272803e-07, 1.8673296859089815e-07, 1.5140418961212098e-07, 1.2211801696494257e-07, 9.817211379328206e-08, 7.881001569477212e-08, 6.324457355156232e-08, 5.0667054006540825e-08, 4.059508653475885e-08, 3.2420480863121533e-08, 2.5870586846042495e-08, 2.059223588328339e-08, 1.63838664503435e-08, 1.3023819181212677e-08, 1.0362291646657029e-08, 8.245569627181734e-09, 6.549727192051598e-09, 5.182578606769624e-09, 4.10539932029449e-09, 3.248913194482962e-09, 2.5729618652790143e-09, 2.0270634633771542e-09, 1.5902376196844236e-09, 1.2485188685344583e-09, 9.78160584891222e-10, 7.668216883403251e-10, 6.000606269854809e-10, 4.696421326511962e-10, 3.6870566850159955e-10, 2.906440449085269e-10, 2.2883785693261878e-10, 1.7984786787487277e-10, 1.4024109518752951e-10, 1.0925283767084728e-10, 8.536869036268438e-11, 6.651276657927818e-11, 5.179869478115038e-11, 4.03364707882795e-11]
W_list: [9.0]
L_list: [4.641780259169219]
