R_list= [ 1  2  3  4  5  6  7  8  9 10 11 12 13 14 15 16 17 18 19 20 21 22 23 24
 25 26 27 28 29 30 31 32 33 34 35 36 37 38]
C_final_list= [8.142959511314785e-07, 5.901750964167054e-07, 4.3557076534925355e-07, 3.249540938534742e-07, 2.4192274014020113e-07, 1.796802364676898e-07, 1.3365395874561496e-07, 9.93641192725882e-08, 7.388672718281555e-08, 5.495039386181124e-08, 4.0762681590233125e-08, 3.020469868412232e-08, 2.2296911760725977e-08, 1.6459031963700395e-08, 1.2121748628431326e-08, 8.907785073864903e-09, 6.523551083912049e-09, 4.772535378697851e-09, 3.4996017611404825e-09, 2.559338815542918e-09, 1.874159413425829e-09, 1.3705748372569847e-09, 1.0064917147832357e-09, 7.396718747748885e-10, 5.430067501546133e-10, 3.9664555706988824e-10, 2.8676549621704833e-10, 2.0866454362305231e-10, 1.5348438844049626e-10, 1.130922599906373e-10, 8.321525651880207e-11, 6.134877226746116e-11, 4.606661684226319e-11, 3.481825888580624e-11, 2.630396936104232e-11, 2.029757496528637e-11, 1.566068364126545e-11, 1.1702542544145136e-11]
W_list: [6]
L_list: [3.3041109111405076]
