C_final_list: [1.982966135726242e-06, 1.861756471419419e-06, 1.770124875217653e-06, 1.6686690308860808e-06, 1.5764541378825743e-06, 1.4881243184299195e-06, 1.4060840629853375e-06, 1.3294632596773949e-06, 1.2573841475717714e-06, 1.188379121569064e-06, 1.1234434620270483e-06, 1.0616857798754421e-06, 1.0037612499656578e-06, 9.485396311613607e-07, 8.95239922250524e-07, 8.468356956226229e-07, 8.006073896954994e-07, 7.562634379217225e-07, 7.144754053053978e-07, 6.748056652938478e-07, 6.375018491123048e-07, 6.020691284547647e-07, 5.690296577898394e-07, 5.37435824965308e-07, 5.072869716798786e-07, 4.789992173123489e-07, 4.521403272172659e-07, 4.2635123603587676e-07, 4.015343857951383e-07, 3.7868669118100054e-07, 3.5669479163232345e-07, 3.363316392431971e-07, 3.1692180556384034e-07, 2.984330404007823e-07, 2.8117325503603344e-07]
ndim2: 500
W_list: [1.4]
L_list: [17.608142010106814]
