C_final_list: [1.8668124013252868e-06, 1.728031034215335e-06, 1.5973734175631524e-06, 1.4777057089430956e-06, 1.365697558078593e-06, 1.262719435020674e-06, 1.1666964588998584e-06, 1.0790261595668322e-06, 9.984096853503607e-07, 9.231032527877645e-07, 8.533304378405646e-07, 7.886103422405143e-07, 7.287650842283107e-07, 6.732476324788388e-07, 6.216782519358048e-07, 5.737696275180853e-07, 5.298243857595412e-07, 4.888992566839109e-07, 4.5065653638214285e-07, 4.1547107759128124e-07, 3.8278202059890435e-07, 3.527029055760506e-07, 3.250995506763216e-07, 2.996322071145074e-07, 2.760955643224083e-07, 2.5449501478871513e-07, 2.3433677005925446e-07, 2.1567144169320505e-07, 1.9856073727064632e-07, 1.8268168223820221e-07, 1.681548450436079e-07, 1.5456414950176627e-07, 1.418752439895036e-07, 1.301985904186355e-07, 1.1940080119228375e-07, 1.0959427741100588e-07, 1.0050628781437573e-07, 9.217722740707156e-08, 8.449513497217713e-08, 7.739202235980379e-08, 7.081375837807158e-08, 6.474094435313711e-08, 5.9275599183734465e-08, 5.429076649963075e-08, 4.969729149137114e-08, 4.547362458602089e-08, 4.1688549550042055e-08, 3.8256922454317495e-08, 3.512785063024673e-08, 3.216600421003029e-08]
ndim2: 500
W_list: [3.3]
L_list: [12.566827627939169]
