R_list= [ 1  2  3  4  5  6  7  8  9 10 11 12 13 14 15 16 17 18 19 20 21 22 23 24
 25 26 27 28 29 30 31 32 33 34 35 36 37 38]
C_final_list= [2.1530775340800366e-07, 1.8962301737290145e-07, 1.6497410524955016e-07, 1.4253299784669216e-07, 1.2261187148545885e-07, 1.0531216673923689e-07, 9.024917583221173e-08, 7.727236365494015e-08, 6.6016554804636e-08, 5.644258566699531e-08, 4.8275434258668655e-08, 4.1238738676345914e-08, 3.520533003912793e-08, 3.003132934409786e-08, 2.561856506615414e-08, 2.184322389274998e-08, 1.8641654082516088e-08, 1.5900597998210473e-08, 1.3545178732229548e-08, 1.1512588321830464e-08, 9.773549140751303e-09, 8.295145689891622e-09, 7.051351220715162e-09, 6.002481247699773e-09, 5.1087968480985395e-09, 4.342449538548113e-09, 3.6939074501134744e-09, 3.1350131169698895e-09, 2.6576897030962914e-09, 2.2561565301843143e-09, 1.913655794200632e-09, 1.6190630167014732e-09, 1.3678952132731276e-09, 1.1525213956718607e-09, 9.719742506837624e-10, 8.208783643033962e-10, 6.945298140109488e-10, 5.881835621797353e-10]
W_list: [8.8]
L_list: [6.635583969159424]
