R_list= [ 1  2  3  4  5  6  7  8  9 10 11 12 13 14 15 16 17 18 19 20 21 22 23 24
 25 26 27 28 29 30 31 32 33 34 35 36 37 38]
C_final_list= [2.5457729986049873e-06, 2.2557986100203384e-06, 1.9803654580165417e-06, 1.7316354320259131e-06, 1.512064061394841e-06, 1.3188000489051269e-06, 1.1502077571152773e-06, 1.0022151168480599e-06, 8.726112149252045e-07, 7.597588392594287e-07, 6.605856692582706e-07, 5.736885557612404e-07, 4.982673146137746e-07, 4.3256377759965607e-07, 3.7531126035681306e-07, 3.259861165668606e-07, 2.8299528802033206e-07, 2.4566563029009113e-07, 2.1327662573988058e-07, 1.8505183696406246e-07, 1.6050897954969728e-07, 1.390810265764889e-07, 1.204361600431817e-07, 1.0431203385853102e-07, 9.03636369851266e-08, 7.82518060133245e-08, 6.78112490698182e-08, 5.878740078601576e-08, 5.102112095834631e-08, 4.430535817071792e-08, 3.847530151949877e-08, 3.341856922604831e-08, 2.905013570562049e-08, 2.521257136068134e-08, 2.1885770962017125e-08, 1.9000963367638316e-08, 1.6501855644969133e-08, 1.4329222792862138e-08]
W_list: [8.1]
L_list: [7.332322428286804]
