R_list= [ 1  2  3  4  5  6  7  8  9 10 11 12 13 14 15 16 17 18 19 20 21 22 23 24
 25 26 27 28 29 30 31 32 33 34 35 36 37 38]
C_final_list= [8.015478943409879e-07, 5.801977151014724e-07, 4.2789424539162256e-07, 3.1925994972783375e-07, 2.3702282677773114e-07, 1.7590423694330538e-07, 1.3031285940615407e-07, 9.636599011864169e-08, 7.133211185658382e-08, 5.285365855833356e-08, 3.9150532316083805e-08, 2.8889328765527635e-08, 2.119697020571499e-08, 1.5505766841530954e-08, 1.134636621646026e-08, 8.275666021672233e-09, 6.058932909663149e-09, 4.434512612331223e-09, 3.254096805708354e-09, 2.3856654022744488e-09, 1.7381462803814076e-09, 1.257194103449021e-09, 9.028625794697005e-10, 6.472383008187009e-10, 4.682966152681666e-10, 3.4263792832274526e-10, 2.516184406844821e-10, 1.8420496352727227e-10, 1.3505830228106577e-10, 9.901329042022347e-11, 7.27490868451611e-11, 5.3384496438176956e-11, 3.9221867058572116e-11, 2.905078484765575e-11, 2.1661231065654888e-11, 1.597201141590941e-11, 1.1866688898991054e-11, 8.883955225792483e-12]
W_list: [6]
L_list: [3.286831476963342]
