C_final_list: [1.4400849019322722e-06, 1.4060585327688403e-06, 1.3714338603048386e-06, 1.337582416562226e-06, 1.304499559237448e-06, 1.2721543651114594e-06, 1.2407060940970767e-06, 1.209882783905066e-06, 1.1802114723934149e-06, 1.1515186899407483e-06, 1.1235121456773068e-06, 1.0964786343549352e-06, 1.0701706711653734e-06, 1.044111680128676e-06, 1.0189622552927643e-06, 9.941123676957594e-07, 9.698353527922582e-07, 9.461714635948093e-07, 9.229156705820332e-07, 9.002582348454907e-07, 8.780354726528035e-07, 8.561327294635307e-07, 8.345434857148454e-07, 8.133768033295547e-07, 7.926515573065672e-07, 7.725772966643818e-07, 7.529530044012818e-07, 7.337043404582622e-07, 7.148319178283285e-07, 6.964643117839319e-07, 6.785199792810284e-07, 6.608947559141177e-07, 6.436541611703878e-07, 6.270146260560248e-07, 6.108072238637983e-07, 5.949753381136316e-07, 5.796441029180508e-07, 5.646471374296809e-07, 5.499242876714959e-07, 5.356151328589274e-07, 5.215362978817314e-07, 5.077901946212706e-07, 4.945249595846148e-07, 4.814895485412379e-07, 4.6890640929398796e-07, 4.56581927899629e-07, 4.4469474705463914e-07, 4.330887558350305e-07, 4.2186206869070977e-07, 4.1089718294875674e-07]
ndim2: 500
W_list: [3.4000000000000004]
L_list: [39.45744378855585]
