R_list= [ 1  2  3  4  5  6  7  8  9 10 11 12 13 14 15 16 17 18 19 20 21 22 23 24
 25 26 27 28 29 30 31 32 33 34 35 36 37 38]
C_final_list= [1.320946551938373e-06, 1.2698475695025779e-06, 1.2195706487247798e-06, 1.1710950421323816e-06, 1.1242309889756383e-06, 1.0795835603947128e-06, 1.0364381524833655e-06, 9.948071339528836e-07, 9.550899450502663e-07, 9.168779548721005e-07, 8.804905344351447e-07, 8.451422452701724e-07, 8.112783177229128e-07, 7.788079773358034e-07, 7.476299426426021e-07, 7.177248897584492e-07, 6.894468096251731e-07, 6.620725435177177e-07, 6.356501533558342e-07, 6.099084039063303e-07, 5.854705871216354e-07, 5.617141683343131e-07, 5.388661630608664e-07, 5.171091478058525e-07, 4.961559774185085e-07, 4.760929141404924e-07, 4.5664767785503396e-07, 4.379614218243063e-07, 4.1997787317108376e-07, 4.026384283892663e-07, 3.858857571110087e-07, 3.6998549763232213e-07, 3.547082451130204e-07, 3.3994315357642097e-07, 3.257267379257124e-07, 3.1186456096701073e-07, 2.986873613082944e-07, 2.8596773050701554e-07]
W_list: [5]
L_list: [24.38985260453119]
