C_list:
1.6704038705083997e-06 0.06443800652510084
ndim2: 500
W_list: [2.0]
L_list: [15.51879168717712]
