R_list= [ 1  2  3  4  5  6  7  8  9 10 11 12 13 14 15 16 17 18 19 20 21 22 23 24
 25 26 27 28 29 30]
C_final_list= [4.855076011032338e-07, 4.2612365680043717e-07, 3.764376746077941e-07, 3.3187253577050305e-07, 2.9150875263471437e-07, 2.559034129416863e-07, 2.2424253774929751e-07, 1.9638402162482538e-07, 1.7178764729396704e-07, 1.4994067659672152e-07, 1.3079740811193165e-07, 1.1423264895252239e-07, 9.983224378502272e-08, 8.712329574577966e-08, 7.615625947148929e-08, 6.661264753722026e-08, 5.82997753043066e-08, 5.0989689563702946e-08, 4.4516369614186636e-08, 3.88238793924907e-08, 3.379921196081346e-08, 2.9372532971100494e-08, 2.5570130742299145e-08, 2.229540866604718e-08, 1.9398524839337207e-08, 1.6842188228521237e-08, 1.4618582751358782e-08, 1.2696510535797583e-08, 1.1031226268328397e-08, 9.581937943163961e-09]
W_list: [6]
L_list: [7.594294089922888]
