R_list= [ 1  2  3  4  5  6  7  8  9 10 11 12 13 14 15 16 17 18 19 20 21 22 23 24
 25 26 27 28 29 30 31 32 33 34 35 36 37 38]
C_final_list= [7.191817225595937e-06, 6.241355247313723e-06, 5.376930507702435e-06, 4.6147639609034114e-06, 3.952744872491764e-06, 3.385579114826581e-06, 2.8980340203637814e-06, 2.478332924193077e-06, 2.1159382187052547e-06, 1.8052517313813876e-06, 1.5375898477773518e-06, 1.3086510766122882e-06, 1.1139070969163011e-06, 9.479096968067043e-07, 8.066731813848123e-07, 6.853737876147026e-07, 5.822912483519019e-07, 4.950751780123269e-07, 4.212625991785587e-07, 3.5840135413149823e-07, 3.0497275330060473e-07, 2.594497727575037e-07, 2.205514291401956e-07, 1.8731527718562545e-07, 1.590287925309271e-07, 1.350213795528141e-07, 1.1470579239356671e-07, 9.742237924920201e-08, 8.270308615346748e-08, 7.025814241730758e-08, 5.96705148825717e-08, 5.0674256746386246e-08, 4.309295464127881e-08, 3.6681311475510505e-08, 3.1192322219374614e-08, 2.6560435763577726e-08, 2.2628068177490938e-08, 1.926469718751963e-08]
W_list: [7.95]
L_list: [6.450225822631982]
