R_list= [ 1  2  3  4  5  6  7  8  9 10 11 12 13 14 15 16 17 18 19 20 21 22 23 24
 25 26 27 28 29 30 31 32 33 34 35 36 37 38]
C_final_list= [1.063258340574484e-06, 7.174932357565934e-07, 4.860554373664974e-07, 3.271419353240596e-07, 2.1973569641835673e-07, 1.4864060888006702e-07, 1.0003217745170009e-07, 6.724764512583224e-08, 4.506046990008362e-08, 3.016284525998415e-08, 2.0037092044948676e-08, 1.3265140715950666e-08, 8.788746551223112e-09, 5.737286985968082e-09, 3.746360217570325e-09, 2.430808825109374e-09, 1.544854170894084e-09, 1.0013759532023944e-09, 6.439731543201781e-10, 4.145589757105365e-10, 2.69038204361055e-10, 1.7957015257902688e-10, 1.202241734223911e-10, 7.817940050180665e-11, 5.2440559452614666e-11, 3.37440613614978e-11, 2.1675596491701405e-11, 1.4234762036912208e-11, 9.203755619836807e-12, 5.9106430926269015e-12, 3.785286949333642e-12, 2.3325752321546783e-12, 1.5226550800403662e-12, 9.791879936681609e-13, 6.279033269991362e-13, 3.9677508257729267e-13, 2.479663936129763e-13, 1.5631500569281278e-13]
W_list: [6.800000000000001]
L_list: [2.541412547153087]
