R_list= [ 1  2  3  4  5  6  7  8  9 10 11 12 13 14 15 16 17 18 19 20 21 22 23 24
 25 26 27 28 29 30 31 32 33 34 35 36 37 38]
C_final_list= [1.8444745209327268e-07, 9.932916994873813e-08, 5.0424413286409684e-08, 2.5351922252675926e-08, 1.260548444070814e-08, 6.171579439394926e-09, 3.0115390771998e-09, 1.4667576454236107e-09, 7.215624261051938e-10, 3.5951996648824187e-10, 1.8246994896300748e-10, 9.374362935936942e-11, 4.885353029341981e-11, 2.5386936696680406e-11, 1.3168154621015776e-11, 6.942858014547239e-12, 3.7520357204979594e-12, 2.079358874329463e-12, 9.666916972885823e-13, 4.579638664324786e-13, 2.3079253186509115e-13, 9.170007726253957e-14, 4.5946108229437004e-14, 2.4946094117940732e-14, 1.4251229712520537e-14, 8.445589306589149e-15, 5.13981753262754e-15, 3.159968313318457e-15, 1.5989729925273292e-15, 7.996918551634699e-16, 3.935915456016929e-16, 1.849055027612318e-16, 9.775261885849089e-17, 5.94860014911328e-17, 3.519110791130582e-17, 2.2328695428884533e-17, 1.419965849106403e-17, 8.724525413674816e-18]
W_list: [7]
L_list: [1.5406361277646456]
