R_list= [ 1  2  3  4  5  6  7  8  9 10 11 12 13 14 15 16 17 18 19 20 21 22 23 24
 25 26 27 28 29 30 31 32 33 34 35 36 37 38]
C_final_list= [8.935862876269924e-07, 5.602376630285305e-07, 2.9981213101445375e-07, 1.4622034549102474e-07, 6.7431013636285e-08, 3.0091536445907254e-08, 1.318582605206576e-08, 5.722167589501267e-09, 2.4754823477615952e-09, 1.0720801078368323e-09, 4.659602963881367e-10, 2.0322675701839395e-10, 8.869292469467251e-11, 3.873200148084549e-11, 1.698262014003538e-11, 7.506881700543688e-12, 3.3275855727839042e-12, 1.4794956719824494e-12, 6.626898593050266e-13, 2.9461569582674255e-13, 1.2925501458712322e-13, 5.578391238348848e-14, 2.3996672540872665e-14, 1.0311754487540767e-14, 4.4089303912131935e-15, 1.8852945507029692e-15, 8.130366159054818e-16, 3.5457143190836605e-16, 1.5547547609599642e-16, 6.836570513021244e-17, 2.9921508859650193e-17, 1.3150332905020644e-17, 5.8179759356907004e-18, 2.5945490601204985e-18, 1.1608516033279703e-18, 5.183013515081411e-19, 2.3185147958932463e-19, 1.0578121070136686e-19]
W_list: [4]
L_list: [1.7450102167298513]
