C_final_list: [1.6436347904374887e-06, 1.4970391782535018e-06, 1.361817863394744e-06, 1.237847498684633e-06, 1.1232546682427128e-06, 1.021429505125015e-06, 9.274163358309156e-07, 8.415124697781583e-07, 7.63238558477322e-07, 6.93426203050888e-07, 6.291292696225081e-07, 5.708802127257479e-07, 5.180688818607182e-07, 4.7041137854881473e-07, 4.2707318075231764e-07, 3.8735723745564637e-07, 3.509525053777806e-07, 3.1736272783015764e-07, 2.873923241127924e-07, 2.599777486932299e-07, 2.352595055929179e-07, 2.1300413349716247e-07, 1.9267403811952673e-07, 1.7378457086840676e-07, 1.5693739060249174e-07, 1.414626802013915e-07, 1.2769124848383123e-07, 1.1550661597463479e-07, 1.0422627626633791e-07, 9.412182745745831e-08, 8.489856674796283e-08, 7.646838522773211e-08, 6.883885053565851e-08, 6.2124825826687e-08, 5.6121034106076385e-08, 5.066509930618689e-08, 4.5682466674346734e-08, 4.111019434138578e-08, 3.701124913696612e-08, 3.3295866840706054e-08, 2.99556284861933e-08, 2.6981517750127112e-08, 2.4295080416126296e-08, 2.186586258422461e-08, 1.9619421189080965e-08, 1.7627936145500385e-08, 1.581858152582769e-08, 1.4206853158627667e-08, 1.2793389774908511e-08, 1.1501278815731267e-08]
ndim2: 500
W_list: [3.6]
L_list: [10.28562817016864]
