C_final_list: [2.0221155982787256e-06, 1.983355453593745e-06, 1.9450505451700845e-06, 1.90828296428112e-06, 1.871983271757426e-06, 1.8362110150645544e-06, 1.8004473382230752e-06, 1.7656589710718672e-06, 1.7319964698020937e-06, 1.6988010729102115e-06, 1.6660516247824762e-06, 1.6344484283652075e-06, 1.6033205729828846e-06, 1.5727414354082655e-06, 1.543030728823823e-06, 1.5139980038685858e-06, 1.4855982588551467e-06, 1.4579242189538159e-06, 1.4305917107067343e-06, 1.4039222108197135e-06, 1.378074182038945e-06, 1.3525823328951159e-06, 1.3273829373809743e-06, 1.3029235931888678e-06, 1.2786546516035329e-06, 1.2547076395589722e-06, 1.2314534897378467e-06, 1.2085522793130057e-06, 1.185940304416567e-06, 1.1639854408437739e-06, 1.1420978829568162e-06, 1.120220901394488e-06, 1.0990188441779787e-06, 1.0781796803553253e-06, 1.0578765221142008e-06, 1.037398873897869e-06, 1.0174552129513814e-06, 9.977592388009473e-07, 9.78282665283437e-07, 9.592542624918866e-07, 9.406779495950504e-07, 9.223908071492775e-07, 9.044975130534676e-07, 8.868912610138894e-07, 8.698019969939141e-07, 8.530890904173586e-07, 8.364937034541568e-07, 8.202128017297322e-07, 8.040348672947828e-07, 7.883630082754199e-07]
ndim2: 500
W_list: [2.4]
L_list: [52.36562834468339]
