C_final_list: [2.16280671853704e-06, 1.9444078661237857e-06, 1.7407465437545832e-06, 1.559715401445505e-06, 1.392866758909938e-06, 1.2446030464137228e-06, 1.1120328956023896e-06, 9.957777258881274e-07, 8.868824929685562e-07, 7.91618087032118e-07, 7.067519644262448e-07, 6.309638340515968e-07, 5.655571015921091e-07, 5.059086722370526e-07, 4.521679836173481e-07, 4.0413124272780656e-07, 3.615608304261267e-07, 3.227060281050381e-07, 2.876617609898057e-07, 2.5662067703930476e-07, 2.283017840905342e-07, 2.0278134982229568e-07, 1.8021675845116972e-07, 1.6000764310920162e-07, 1.4228367439538382e-07, 1.2639460781089115e-07, 1.1232481371808996e-07, 9.992272120137492e-08, 8.893150039521749e-08, 7.919838954022442e-08, 7.059187097766061e-08, 6.290354969689643e-08, 5.6005749202198876e-08, 4.988415210180003e-08, 4.4465950666922806e-08]
ndim2: 500
W_list: [2.6]
L_list: [8.898891765357329]
