R_list= [ 1  2  3  4  5  6  7  8  9 10 11 12 13 14 15 16 17 18 19 20 21 22 23 24
 25 26 27 28 29 30 31 32 33 34 35 36 37 38]
C_final_list= [4.805565105495882e-07, 3.389946665413798e-07, 2.233482663013493e-07, 1.44293252363367e-07, 9.268801875072873e-08, 5.9452773869901586e-08, 3.804736364653642e-08, 2.4270003800872698e-08, 1.544731540918865e-08, 9.806754743531686e-09, 6.209077570458171e-09, 3.92417889422004e-09, 2.4798144526025043e-09, 1.56489593314579e-09, 9.811419131570738e-10, 6.110250721947858e-10, 3.80867024360383e-10, 2.376248632442856e-10, 1.4730774612233653e-10, 8.970589001158738e-11, 5.398080404369793e-11, 3.245017608609405e-11, 1.9678467622109243e-11, 1.2034311249328795e-11, 7.396758721791033e-12, 4.541815478967855e-12, 2.8175561125633893e-12, 1.760215921655232e-12, 1.0941270196058539e-12, 6.723514044711017e-13, 4.0623368779378607e-13, 2.476083768724453e-13, 1.5303920661799225e-13, 9.542835732763609e-14, 5.865579489002407e-14, 3.608100723591971e-14, 2.2120356632880275e-14, 1.3844289233455763e-14]
W_list: [5]
L_list: [2.4656392206661804]
