C_final_list: [1.857801863786809e-06, 1.8327719348040296e-06, 1.8156569688476847e-06, 1.7953703710894346e-06, 1.7756960256164463e-06, 1.7568745411441353e-06, 1.738146631299782e-06, 1.7195591489977066e-06, 1.7011817690569424e-06, 1.682982584227406e-06, 1.6649511135593377e-06, 1.647191710309046e-06, 1.6297175368558223e-06, 1.612535001589833e-06, 1.5954621986370788e-06, 1.5784742357334677e-06, 1.561581820481802e-06, 1.5448809992426178e-06, 1.5284942935471913e-06, 1.5122428020391424e-06, 1.4960118257910559e-06, 1.479718556069174e-06, 1.4637843326874905e-06, 1.4479342781381644e-06, 1.4321924459736553e-06, 1.416986529214581e-06, 1.4019756569375883e-06, 1.38706143258933e-06, 1.372219699749947e-06, 1.357437031622089e-06, 1.3426681261507673e-06, 1.328104462673311e-06, 1.3135576608805813e-06, 1.2992123865781498e-06, 1.2851678305531159e-06]
ndim2: 500
W_list: [1.2]
L_list: [92.86510845890773]
