R_list= [ 1  2  3  4  5  6  7  8  9 10 11 12 13 14 15 16 17 18 19 20 21 22 23 24
 25 26 27 28 29 30 31 32 33 34 35 36 37 38]
C_final_list= [6.8672830936046924e-06, 5.921398846996296e-06, 5.0636475478247195e-06, 4.314497015035521e-06, 3.671941131838236e-06, 3.1235215027456055e-06, 2.6583494904596003e-06, 2.260123310465818e-06, 1.920258852938874e-06, 1.6287427879397763e-06, 1.379954805083338e-06, 1.1680384673159384e-06, 9.879776898376006e-07, 8.35022238749519e-07, 7.063982025632028e-07, 5.973492510642883e-07, 5.046466674440349e-07, 4.262763660587836e-07, 3.601370694835873e-07, 3.043059719815209e-07, 2.5714563427259007e-07, 2.1725819630507694e-07, 1.8340770718708784e-07, 1.5490908307461782e-07, 1.3080609134788292e-07, 1.103770698465093e-07, 9.317121419569104e-08, 7.870354860858435e-08, 6.650754510063771e-08, 5.629810264401693e-08, 4.756522281808037e-08, 4.00994564679415e-08, 3.384394548387652e-08, 2.8562563331343254e-08, 2.4100005470082615e-08, 2.035695534185493e-08, 1.718446099076138e-08, 1.4467467791067748e-08]
W_list: [8.05]
L_list: [6.205611546716638]
