R_list= [ 1  2  3  4  5  6  7  8  9 10 11 12 13 14 15 16 17 18 19 20 21 22 23 24
 25 26 27 28 29 30 31 32 33 34 35 36 37 38]
C_final_list= [6.955250488333414e-07, 6.423567178798339e-07, 5.908215796443288e-07, 5.433650506059672e-07, 4.990130395774817e-07, 4.582550011467194e-07, 4.2089539480002075e-07, 3.8652228315363136e-07, 3.5467617950827054e-07, 3.2553770202331433e-07, 2.9908485620684316e-07, 2.747066672542499e-07, 2.5245809666447194e-07, 2.3176298848688832e-07, 2.1292765611833472e-07, 1.95479160336192e-07, 1.792823250240251e-07, 1.6436215627197284e-07, 1.5060742697610807e-07, 1.379979872840965e-07, 1.264872960767922e-07, 1.1578516107467081e-07, 1.0583378059638713e-07, 9.678030467586649e-08, 8.860576702247571e-08, 8.115185173291035e-08, 7.419005572183262e-08, 6.778964728712732e-08, 6.192312369233853e-08, 5.654475938076002e-08, 5.1651232221348375e-08, 4.7196802141218616e-08, 4.307696619510184e-08, 3.9325619388475e-08, 3.589499684421786e-08, 3.276366328087934e-08, 2.991488877424e-08, 2.730808753132695e-08]
W_list: [6.2]
L_list: [11.688640181014291]
