R_list= [ 1  2  3  4  5  6  7  8  9 10 11 12 13 14 15 16 17 18 19 20 21 22 23 24
 25 26 27 28 29 30 31 32 33 34 35 36 37 38]
C_final_list= [6.580437143585602e-07, 5.526064299435355e-07, 4.6153927812440724e-07, 3.842223007633619e-07, 3.204149784001838e-07, 2.6704662794091913e-07, 2.2293103151737342e-07, 1.8561643939487272e-07, 1.543836670973321e-07, 1.279832643071452e-07, 1.0605383396833969e-07, 8.789017224713118e-08, 7.286451329467521e-08, 6.049818380752812e-08, 5.007390794028509e-08, 4.146571829503565e-08, 3.4282337655503386e-08, 2.8366918768579815e-08, 2.3524135585799916e-08, 1.9506811930170687e-08, 1.617873782103106e-08, 1.3388110314807674e-08, 1.1088238172100725e-08, 9.161210147009039e-09, 7.556678226284936e-09, 6.238020135959441e-09, 5.144592463161897e-09, 4.236701974874621e-09, 3.5012964795198208e-09, 2.8890260710870886e-09, 2.3875741744529924e-09, 1.9581246634749216e-09, 1.6057776426392594e-09, 1.3182735709166514e-09, 1.0763625727070043e-09, 8.834166398830585e-10, 7.260689579177814e-10, 5.97696481342454e-10]
W_list: [6.800000000000001]
L_list: [5.483089198821816]
