R_list= [ 1  2  3  4  5  6  7  8  9 10 11 12 13 14 15 16 17 18 19 20 21 22 23 24
 25 26 27 28 29 30 31 32 33 34 35 36 37 38]
C_final_list= [9.827767410356283e-07, 6.358161023856113e-07, 4.1121617423415394e-07, 2.637769113984465e-07, 1.699681509634802e-07, 1.0901637210125382e-07, 6.974349278698963e-08, 4.455171077867618e-08, 2.863329590671922e-08, 1.8362640791699734e-08, 1.1862247822933978e-08, 7.56133559141019e-09, 4.877464663952374e-09, 3.1321780409168815e-09, 2.01870247422637e-09, 1.2919836451302767e-09, 8.250847597697418e-10, 5.211206710592793e-10, 3.2666646933921826e-10, 2.0269029509575709e-10, 1.24699676052104e-10, 8.002938505814934e-11, 5.008985103339743e-11, 3.153763184771225e-11, 1.9860488583062314e-11, 1.2983408228417019e-11, 8.560493431975739e-12, 5.537859001462665e-12, 3.5045928255549826e-12, 2.2416067688554794e-12, 1.311601551912207e-12, 8.045661633208296e-13, 5.26316736891805e-13, 3.50980830458431e-13, 2.4530797252256946e-13, 1.6441067175936154e-13, 1.0941777056643734e-13, 6.679911164985188e-14]
W_list: [7.4]
L_list: [2.280906141772696]
