C_final_list: [1.84699588764544e-06, 1.8212752019222552e-06, 1.8032657276023798e-06, 1.7823698354967997e-06, 1.76217188734143e-06, 1.7425012272977841e-06, 1.7228837469581645e-06, 1.7038692572170957e-06, 1.6852164134284675e-06, 1.666730387377436e-06, 1.6483608992946922e-06, 1.6303161267379136e-06, 1.612452603973529e-06, 1.5949998718491095e-06, 1.577772833533435e-06, 1.5605822544006332e-06, 1.5434162415609508e-06, 1.52639138269602e-06, 1.5095749214372989e-06, 1.4928450758562487e-06, 1.4763476002839685e-06, 1.4599912906610761e-06, 1.443898928822055e-06, 1.4277686868370848e-06, 1.4117132281212876e-06, 1.3958691390769297e-06, 1.3803512865868753e-06, 1.364949197656699e-06, 1.3498556105023944e-06, 1.3348467298941753e-06, 1.3199953366805222e-06, 1.3054712282288142e-06, 1.291106714256491e-06, 1.2767774785257278e-06, 1.2625262114579717e-06]
ndim2: 500
W_list: [1.2]
L_list: [89.95495263543248]
