R_list= [ 1  2  3  4  5  6  7  8  9 10 11 12 13 14 15 16 17 18 19 20 21 22 23 24
 25 26 27 28 29 30 31 32 33 34 35 36 37 38]
C_final_list= [1.9788032028868193e-06, 1.2541085824426742e-06, 6.826991540002434e-07, 3.4120230142647415e-07, 1.6211115075330656e-07, 7.465590123155327e-08, 3.368219886154458e-08, 1.498993520840558e-08, 6.630951904865739e-09, 2.9431773948072436e-09, 1.3176008870788234e-09, 5.97193781015616e-10, 2.7331180773127106e-10, 1.264303773411333e-10, 5.953966759334847e-11, 2.8211159843792195e-11, 1.332848399501301e-11, 6.275957279655921e-12, 2.9062855939102656e-12, 1.324113367365054e-12, 5.950441505572138e-13, 2.642613681462381e-13, 1.1515333701745987e-13, 4.936417012742236e-14, 2.1171367034927103e-14, 9.129810464129706e-15, 3.956027437751307e-15, 1.7236817355387943e-15, 7.618132366989344e-16, 3.384535917264447e-16, 1.4941764945888537e-16, 6.550000071836009e-17, 2.9068001122351834e-17, 1.3135358669390077e-17, 6.01950900821977e-18, 2.815918302968545e-18, 1.3749699603082656e-18, 7.123106756283069e-19]
W_list: [4]
L_list: [1.7844641659986185]
