R_list= [ 1  2  3  4  5  6  7  8  9 10 11 12 13 14 15 16 17 18 19 20 21 22 23 24
 25 26 27 28 29 30 31 32 33 34 35 36 37 38]
C_final_list= [9.392763521424243e-07, 5.565619610333578e-07, 3.2703282855466055e-07, 1.9322816703957088e-07, 1.1524200276440286e-07, 6.848417134765279e-08, 4.0307090918638724e-08, 2.3855445974524228e-08, 1.4155573143959646e-08, 8.29052424910395e-09, 4.868200937162398e-09, 2.8455645911639294e-09, 1.6659916902433936e-09, 9.67506723634431e-10, 5.623035182915236e-10, 3.183498504511197e-10, 1.8196080184884951e-10, 1.0458589655878407e-10, 5.923983932054611e-11, 3.350121304809264e-11, 1.9516029544980123e-11, 1.112623833947895e-11, 6.1624226670118924e-12, 3.4170913404089344e-12, 1.950854180942765e-12, 1.1470848917966437e-12, 6.764081748958665e-13, 4.0710794792183977e-13, 2.587520712429486e-13, 1.4800097448524835e-13, 7.520350416056538e-14, 3.788165069383968e-14, 1.959569730892669e-14, 1.1779943102482688e-14, 6.661814979950476e-15, 4.071425787067263e-15, 2.146634568355846e-15, 1.0915759824903037e-15]
W_list: [9.0]
L_list: [1.901867254774019]
