R_list= [ 1  2  3  4  5  6  7  8  9 10 11 12 13 14 15 16 17 18 19 20 21 22 23 24
 25 26 27 28 29 30 31 32 33 34 35 36 37 38]
C_final_list= [6.096000614158662e-07, 4.706374347557742e-07, 3.675747957390446e-07, 2.8818374838845304e-07, 2.258891748379788e-07, 1.7718865227065053e-07, 1.3881864010674467e-07, 1.0836239483385304e-07, 8.447240077945405e-08, 6.576335505309187e-08, 5.120615873294862e-08, 3.977769701847155e-08, 3.088797946920609e-08, 2.3938549517161384e-08, 1.86393904277647e-08, 1.4535188626616402e-08, 1.1311925122825991e-08, 8.81408298886429e-09, 6.8420254300820235e-09, 5.2787672182290175e-09, 4.0627037835746394e-09, 3.137984548918511e-09, 2.4268096571260134e-09, 1.876433012956371e-09, 1.4511730970069957e-09, 1.1238218221796556e-09, 8.700046790986727e-10, 6.710295305262814e-10, 5.189241800964817e-10, 4.0254533161953573e-10, 3.1354593835132567e-10, 2.428603347752505e-10, 1.8787695072072827e-10, 1.4580257579264313e-10, 1.1379582902272182e-10, 8.946239017157885e-11, 7.060515922534004e-11, 5.5390675590791216e-11]
W_list: [6]
L_list: [4.040388498726923]
