R_list= [ 1  2  3  4  5  6  7  8  9 10 11 12 13 14 15 16 17 18 19 20 21 22 23 24
 25 26 27 28 29 30 31 32 33 34 35 36 37 38]
C_final_list= [5.529825615283846e-07, 5.21948418794341e-07, 4.901712502428049e-07, 4.592006564579271e-07, 4.3006576555876887e-07, 4.024228601690637e-07, 3.768119024369729e-07, 3.5262627839924665e-07, 3.298176156053104e-07, 3.0841891560628537e-07, 2.884459394667621e-07, 2.6962403941231435e-07, 2.519913975507881e-07, 2.3553372455258635e-07, 2.202270655782939e-07, 2.0575918583007158e-07, 1.9219011979818293e-07, 1.794564628454322e-07, 1.6757224855593391e-07, 1.563278492860072e-07, 1.4587996246747648e-07, 1.3610870711662705e-07, 1.2694867538776567e-07, 1.1838238405284836e-07, 1.1040355246346188e-07, 1.0290947436100762e-07, 9.586807215352647e-08, 8.926427056333302e-08, 8.309242090785015e-08, 7.735957502181681e-08, 7.202510242052034e-08, 6.704909380666783e-08, 6.244093086117246e-08, 5.816349525499366e-08, 5.416868784510218e-08, 5.047290951707685e-08, 4.7045534857740966e-08, 4.385670103446284e-08]
W_list: [6.8]
L_list: [14.854633993979226]
