C_final_list: [1.1906470150969163e-06, 1.027044457480761e-06, 8.802121847375171e-07, 7.560791247110598e-07, 6.476168224598194e-07, 5.556147278626114e-07, 4.7712355161752e-07, 4.0956532713746834e-07, 3.505089884369234e-07, 2.992984928007166e-07, 2.5538983472686173e-07, 2.184439432281754e-07, 1.8615999797787456e-07, 1.5896067926109694e-07, 1.358445401862367e-07, 1.158951836144509e-07, 9.875179588805354e-08, 8.409185824701597e-08, 7.15335747427647e-08, 6.094823136086731e-08, 5.1831055241613796e-08, 4.406046435953489e-08, 3.7391074413507e-08, 3.1666497880376145e-08, 2.6888312095455636e-08, 2.2898189513772213e-08, 1.952567501297485e-08, 1.6631372131353483e-08, 1.4145043895351982e-08, 1.2022602906210797e-08, 1.0204375557003945e-08, 8.64898537761784e-09, 7.31171890755967e-09, 6.203263924482098e-09, 5.2771166326185496e-09]
ndim2: 500
W_list: [3.2]
L_list: [6.475068060234538]
