R_list= [ 1  2  3  4  5  6  7  8  9 10 11 12 13 14 15 16 17 18 19 20 21 22 23 24
 25 26 27 28 29 30 31 32 33 34 35 36 37 38]
C_final_list= [2.291614630929077e-05, 1.8886774449322768e-05, 1.546497512703109e-05, 1.2625705495997739e-05, 1.0292764221331456e-05, 8.382448077996e-06, 6.8179417637867695e-06, 5.537708319543801e-06, 4.4997540930408786e-06, 3.6556283587595602e-06, 2.9658584980462923e-06, 2.4062901681935717e-06, 1.9535537960962563e-06, 1.5861922162414117e-06, 1.2872295804439525e-06, 1.0437448813460717e-06, 8.453072541494126e-07, 6.844715734556247e-07, 5.542077689078583e-07, 4.48150994960097e-07, 3.6239406285295966e-07, 2.934365548328785e-07, 2.3814926640910716e-07, 1.9317023983297365e-07, 1.5655453228612488e-07, 1.2680873854525711e-07, 1.0282703368058091e-07, 8.369393238856853e-08, 6.819106643807228e-08, 5.559827704646025e-08, 4.53441751971413e-08, 3.6934924394746995e-08, 3.006576759920693e-08, 2.4488836950968194e-08, 2.0004863708489385e-08, 1.636639032085177e-08, 1.337650590853417e-08, 1.0928514903438172e-08]
W_list: [8.05]
L_list: [4.912800184943622]
