R_list= [ 1  2  3  4  5  6  7  8  9 10 11 12 13 14 15 16 17 18 19 20 21 22 23 24
 25 26 27 28 29 30 31 32 33 34 35 36 37 38]
C_final_list= [2.4545561490497164e-06, 2.1701421504707453e-06, 1.9008089301611218e-06, 1.6570332914829372e-06, 1.4415143980191743e-06, 1.2525664464666996e-06, 1.0885356795577445e-06, 9.448993341348542e-07, 8.199995245471058e-07, 7.118087995298205e-07, 6.176099325818591e-07, 5.351577830480844e-07, 4.6340531843500293e-07, 4.0120578333765865e-07, 3.4720214098070715e-07, 3.0051392855882156e-07, 2.6001846329858076e-07, 2.2477359974414687e-07, 1.943355506251974e-07, 1.680528041619364e-07, 1.4532523488943787e-07, 1.257626536619531e-07, 1.0880226464835303e-07, 9.410295291923103e-08, 8.141674299801412e-08, 7.047026790478967e-08, 6.09924713978163e-08, 5.277944786203341e-08, 4.568200337848781e-08, 3.952861384672039e-08, 3.4245280901947426e-08, 2.9690331016089288e-08, 2.5729570620008223e-08, 2.225845774501949e-08, 1.9261846087415763e-08, 1.6649538375066197e-08, 1.4372863430101247e-08, 1.2408598162375159e-08]
W_list: [8.15]
L_list: [7.175390243901741]
