C_list:
1.5336978815286098e-06 0.030478251904968383
ndim2: 500
W_list: [1.7999999999999998]
L_list: [32.81028069188528]
