R_list= [ 1  2  3  4  5  6  7  8  9 10 11 12 13 14 15 16 17 18 19 20 21 22 23 24
 25 26 27 28 29 30 31 32 33 34 35 36 37 38]
C_final_list= [1.2786857031309376e-06, 1.2403377423974555e-06, 1.2021261289058429e-06, 1.165284313880769e-06, 1.1296577266431467e-06, 1.0945936046958655e-06, 1.060537496024174e-06, 1.0273519740153442e-06, 9.954232587675219e-07, 9.643423191141033e-07, 9.342277511757283e-07, 9.049284495202524e-07, 8.764065921572193e-07, 8.48938296388268e-07, 8.223382544458159e-07, 7.96594225045943e-07, 7.714828485995232e-07, 7.470931573526432e-07, 7.233386057011824e-07, 7.001905356415318e-07, 6.776905672824035e-07, 6.556431141972562e-07, 6.34495607185873e-07, 6.138768406324134e-07, 5.938541932381195e-07, 5.744800199757975e-07, 5.559253124589546e-07, 5.377644461089039e-07, 5.201312288638342e-07, 5.032585615658453e-07, 4.86772953257828e-07, 4.7095835125023135e-07, 4.5559719950498964e-07, 4.407207239038948e-07, 4.2636291906050384e-07, 4.1244867818012186e-07, 3.989735318852297e-07, 3.8590170724106254e-07]
W_list: [5]
L_list: [31.050498184184264]
