R_list= [ 1  2  3  4  5  6  7  8  9 10 11 12 13 14 15 16 17 18 19 20 21 22 23 24
 25 26 27 28 29 30 31 32 33 34 35 36 37 38]
C_final_list= [5.832631612417302e-07, 4.68194770604341e-07, 3.772801958900165e-07, 3.012555873066935e-07, 2.408744633624994e-07, 1.9226917530278142e-07, 1.5274459448791368e-07, 1.2147994821397878e-07, 9.713103434149424e-08, 7.756119456630682e-08, 6.187092692001326e-08, 4.911950026381054e-08, 3.904849451947461e-08, 3.107956205025674e-08, 2.4742850810751393e-08, 1.9665305050306417e-08, 1.564331821638872e-08, 1.2416894775980788e-08, 9.856514774172481e-09, 7.82184525687849e-09, 6.203611169006265e-09, 4.911727429276599e-09, 3.891870674059826e-09, 3.0790939240439537e-09, 2.4293309185504817e-09, 1.9194538448634032e-09, 1.5072429932301487e-09, 1.1754913311060891e-09, 9.249457218439361e-10, 7.263009380996059e-10, 5.690041981014324e-10, 4.468082252833973e-10, 3.4858285507781205e-10, 2.715607992208498e-10, 2.1005452053231273e-10, 1.623385992580802e-10, 1.2548192590217982e-10, 9.730023496971927e-11]
W_list: [7]
L_list: [4.473239985621853]
