R_list= [ 1  2  3  4  5  6  7  8  9 10 11 12 13 14 15 16 17 18 19 20 21 22 23 24
 25 26 27 28 29 30 31 32 33 34 35 36 37 38]
C_final_list= [2.1412147156197965e-06, 1.829263217076953e-06, 1.609279652215162e-06, 1.4311844983082533e-06, 1.272488744035333e-06, 1.1340305849257624e-06, 1.0107992609216968e-06, 8.98880116078991e-07, 7.972773518483483e-07, 7.068546073713678e-07, 6.268219535644823e-07, 5.560191051901227e-07, 4.931444312319276e-07, 4.3762803746449774e-07, 3.8866601871701006e-07, 3.451181916077701e-07, 3.0626763371487716e-07, 2.716960944554604e-07, 2.4151378902787456e-07, 2.147866098938817e-07, 1.9076085671863774e-07, 1.6916132618657069e-07, 1.500676626979195e-07, 1.333706472053567e-07, 1.1842342306054319e-07, 1.04897487778596e-07, 9.297285393135188e-08, 8.255173257668778e-08, 7.334389381615952e-08, 6.514353831684838e-08, 5.783236098081514e-08, 5.1377716431015733e-08, 4.549483447640219e-08, 4.01617575328249e-08, 3.5458376944058764e-08, 3.135308505890713e-08, 2.7775968363882217e-08, 2.4588414061633202e-08]
W_list: [4]
L_list: [8.286032882095489]
