R_list= [ 1  2  3  4  5  6  7  8  9 10 11 12 13 14 15 16 17 18 19 20 21 22 23 24
 25 26 27 28 29 30 31 32 33 34 35 36 37 38]
C_final_list= [1.1412388787602423e-06, 7.913822863865044e-07, 5.560019818596397e-07, 3.921552689276803e-07, 2.771562113488212e-07, 1.9553767612361104e-07, 1.3800025398227712e-07, 9.686269436333763e-08, 6.756284555397311e-08, 4.7209196447632374e-08, 3.260251786943569e-08, 2.2302099801544104e-08, 1.5106274122610515e-08, 1.0256561522348309e-08, 7.014616727539328e-09, 4.812420172224418e-09, 3.2950743756360635e-09, 2.231189091319624e-09, 1.5172307742865596e-09, 1.04288678152546e-09, 7.107047567645023e-10, 4.890752386478964e-10, 3.3503906745251063e-10, 2.3158078665915065e-10, 1.581190551953033e-10, 1.0638829046067224e-10, 7.110979591881129e-11, 4.7712653867635544e-11, 3.236733605890836e-11, 2.1807479168825908e-11, 1.4738489231113668e-11, 9.961577490508181e-12, 6.662657592112709e-12, 4.5016868114489125e-12, 3.024834075285365e-12, 2.0511243428254844e-12, 1.4808376841888589e-12, 9.715618578199593e-13]
W_list: [6.4]
L_list: [2.8185599024271277]
