R_list= [ 1  2  3  4  5  6  7  8  9 10 11 12 13 14 15 16 17 18 19 20 21 22 23 24
 25 26 27 28 29 30 31 32 33 34 35 36 37 38]
C_final_list= [1.797278355209979e-06, 1.7155683011563964e-06, 1.6581344255581563e-06, 1.6033832218824103e-06, 1.5483131955450619e-06, 1.4972506114134316e-06, 1.448553842103291e-06, 1.4007152166221746e-06, 1.3541095433235504e-06, 1.309037575492923e-06, 1.2652600128397463e-06, 1.223101223384847e-06, 1.182371972413459e-06, 1.1424884189096047e-06, 1.1035620974417452e-06, 1.0657420951295644e-06, 1.0290536489841797e-06, 9.935457313365485e-07, 9.595532392038243e-07, 9.267767560589387e-07, 8.951952225430412e-07, 8.648090718082205e-07, 8.353616198573965e-07, 8.070018269076767e-07, 7.798322321155299e-07, 7.535235470718268e-07, 7.279859874607385e-07, 7.033057934042993e-07, 6.794195028773251e-07, 6.563313346958861e-07, 6.342919410343082e-07, 6.128864633532608e-07, 5.920865282311686e-07, 5.719207397667245e-07, 5.525784745499428e-07, 5.339177190580197e-07, 5.158688379852314e-07, 4.982668748987873e-07]
W_list: [4]
L_list: [29.052358254384846]
