C_final_list: [2.0097984238142554e-06, 1.9906634682634483e-06, 1.971915639571031e-06, 1.954037109885917e-06, 1.936652509218995e-06, 1.9195202525075076e-06, 1.9027745225264337e-06, 1.886434011740848e-06, 1.8703625702507816e-06, 1.8542721025202629e-06, 1.8387493334704544e-06, 1.8232309343850863e-06, 1.807960390711519e-06, 1.792916689591299e-06, 1.7777754112050595e-06, 1.763043148664328e-06, 1.7483748362912405e-06, 1.7339661718283515e-06, 1.7197564924656142e-06, 1.7054892499609967e-06, 1.69142919051536e-06, 1.677792660633053e-06, 1.6641053645984466e-06, 1.650522586991041e-06, 1.6370621424469639e-06, 1.6235381238669909e-06, 1.610162629680146e-06, 1.5968189027396394e-06, 1.5834698120265764e-06, 1.5703241250059195e-06, 1.5571100564923724e-06, 1.5441040430661506e-06, 1.531088075230801e-06, 1.5181674018156757e-06, 1.5052739111187326e-06, 1.492732664302047e-06, 1.4802575805875811e-06, 1.4678949977821955e-06, 1.4557124463598329e-06, 1.443751850202593e-06, 1.4318422175413804e-06, 1.419985071811204e-06, 1.4081832545991908e-06, 1.3965429469706977e-06, 1.384876789035355e-06, 1.3734463471952736e-06, 1.3620615149180234e-06, 1.3507819474550927e-06, 1.339571459002248e-06, 1.328531456533096e-06]
ndim2: 500
W_list: [2.4]
L_list: [119.22705989680142]
