C_final_list: [2.165603681213008e-06, 1.980393049922189e-06, 1.8007762888114166e-06, 1.6394943791792728e-06, 1.4931869281319025e-06, 1.3573465790704342e-06, 1.2342283752481026e-06, 1.1214395538867196e-06, 1.0198277714732888e-06, 9.249867153425911e-07, 8.410940925888386e-07, 7.634904294573571e-07, 6.94133845026191e-07, 6.293727076456979e-07, 5.70545560693054e-07, 5.171893551778274e-07, 4.6906534508724466e-07, 4.2425452545327317e-07, 3.8447069595919274e-07, 3.484157313163913e-07, 3.158194693872179e-07, 2.862099824978444e-07, 2.5895756890900866e-07, 2.335765746655649e-07, 2.1087502979379353e-07, 1.9053016401793093e-07, 1.7224152612377826e-07, 1.5546549897384736e-07, 1.399481696572892e-07, 1.259155673528283e-07, 1.1326604594003852e-07, 1.0191949169799273e-07, 9.182299833550311e-08, 8.26720850854977e-08, 7.450227317762421e-08, 6.714013360404481e-08, 6.035409403835146e-08, 5.419367656876109e-08, 4.8752989486031224e-08, 4.3783925299376314e-08, 3.9409923197284256e-08, 3.551856544610085e-08, 3.203426240063239e-08, 2.888373504407482e-08, 2.606413251865161e-08, 2.3501632461655104e-08, 2.1111642723510512e-08, 1.901518695729541e-08, 1.7127271759591412e-08, 1.5429617124860763e-08]
ndim2: 500
W_list: [2.4]
L_list: [10.378178372415343]
