R_list= [ 1  2  3  4  5  6  7  8  9 10 11 12 13 14 15 16 17 18 19 20 21 22 23 24
 25 26 27 28 29 30 31 32 33 34 35 36 37 38]
C_final_list= [2.659603368231505e-06, 2.3642274419020275e-06, 2.086268849578024e-06, 1.833154306860537e-06, 1.6053300189902914e-06, 1.404106675499354e-06, 1.2278238990434461e-06, 1.0725394811528349e-06, 9.364748858831676e-07, 8.172139272547092e-07, 7.126286418001976e-07, 6.208499665108867e-07, 5.407964851895633e-07, 4.7060687406880204e-07, 4.091441921165597e-07, 3.5592632655708224e-07, 3.0964358943531814e-07, 2.6936693926545975e-07, 2.3447312197339983e-07, 2.0398974511971232e-07, 1.7727797522752583e-07, 1.5389282993772712e-07, 1.3348648827394867e-07, 1.1570726170684696e-07, 1.0039057473206743e-07, 8.710626441518297e-08, 7.54826632377267e-08, 6.535812255385285e-08, 5.6558617966846026e-08, 4.898661658259796e-08, 4.24476161636435e-08, 3.680662220918743e-08, 3.1950331625426835e-08, 2.773928669949005e-08, 2.4069977506670746e-08, 2.0868000704282993e-08, 1.8060013769899588e-08, 1.563636481467507e-08]
W_list: [8.05]
L_list: [7.494610631440155]
