C_final_list: [1.2461032690936095e-06, 1.2105687857584518e-06, 1.1743457392307114e-06, 1.1390387215181095e-06, 1.1042476790267737e-06, 1.070682918688914e-06, 1.0381303932179624e-06, 1.006016606682461e-06, 9.751157475221247e-07, 9.447236531914227e-07, 9.151620510852262e-07, 8.861557105271664e-07, 8.581582503600488e-07, 8.310196065161394e-07, 8.047657964866058e-07, 7.792121713627038e-07, 7.546042214258264e-07, 7.304535824348626e-07, 7.072747319228777e-07, 6.848945389587491e-07, 6.630805953887462e-07, 6.421381244351698e-07, 6.217466564421191e-07, 6.017581363861922e-07, 5.822690802776229e-07, 5.632152308668613e-07, 5.445324587165742e-07, 5.263851606755227e-07, 5.087854270514617e-07, 4.918600779059636e-07, 4.7552387141336714e-07, 4.597430230133004e-07, 4.445412042015826e-07, 4.297798109415009e-07, 4.1541015598291044e-07, 4.0136331314683453e-07, 3.878520660036781e-07, 3.7485376934904053e-07, 3.624403045703537e-07, 3.502849544716899e-07, 3.38537130377664e-07, 3.2716069633305733e-07, 3.161975516288006e-07, 3.056723684031997e-07, 2.955947370018643e-07, 2.8580382189652627e-07, 2.763704874523367e-07, 2.671551423909967e-07, 2.582054479530685e-07, 2.4959313220416547e-07]
ndim2: 500
W_list: [3.6]
L_list: [30.766029601702066]
