R_list= [ 1  2  3  4  5  6  7  8  9 10 11 12 13 14 15 16 17 18 19 20 21 22 23 24
 25 26 27 28 29 30 31 32 33 34 35 36 37 38]
C_final_list= [4.1094599044213206e-06, 3.442454477436678e-06, 2.863220623561973e-06, 2.3727223789954173e-06, 1.95807064823429e-06, 1.6147816684464814e-06, 1.333092935243601e-06, 1.0996909105152312e-06, 9.05978114488506e-07, 7.460055290265626e-07, 6.139342476127775e-07, 5.043441671969772e-07, 4.147218622797641e-07, 3.405172712082312e-07, 2.800824029469596e-07, 2.3057571603747577e-07, 1.900942321935058e-07, 1.5684632276052942e-07, 1.2924336590344234e-07, 1.0641213336003485e-07, 8.747227226306748e-08, 7.185805759113213e-08, 5.9053757911235814e-08, 4.849868217488818e-08, 3.9912222984811814e-08, 3.2788411253450096e-08, 2.690825171990658e-08, 2.205422765354952e-08, 1.81214111685931e-08, 1.4881899934769061e-08, 1.2224065999748142e-08, 1.0046941173434172e-08, 8.266654231896901e-09, 6.8184265096741615e-09, 5.650470381191483e-09, 4.671738647267036e-09, 3.855372033570677e-09, 3.1973480960776664e-09]
W_list: [7.8]
L_list: [5.274245399714774]
