R_list= [ 1  2  3  4  5  6  7  8  9 10 11 12 13 14 15 16 17 18 19 20 21 22 23 24
 25 26 27 28 29 30 31 32 33 34 35 36 37 38]
C_final_list= [9.278160631135795e-07, 7.487033370674797e-07, 6.162628899787077e-07, 5.085188444645634e-07, 4.199101618584827e-07, 3.4627346846753585e-07, 2.846280764357433e-07, 2.3319448298867686e-07, 1.918959895324266e-07, 1.5761482838663013e-07, 1.292658039169462e-07, 1.0570175984357679e-07, 8.639782357408415e-08, 7.073361135635536e-08, 5.796404144047988e-08, 4.731599429781897e-08, 3.86048742808154e-08, 3.1473520406804984e-08, 2.565135501602594e-08, 2.0866862877816318e-08, 1.692974410805654e-08, 1.3761975247189138e-08, 1.1194962240733821e-08, 9.119718308356362e-09, 7.419595625410887e-09, 6.0416677455838676e-09, 4.913088362920884e-09, 3.9977571848331215e-09, 3.255300355141834e-09, 2.658783277326371e-09, 2.163272079554957e-09, 1.7566123991227674e-09, 1.426633537941081e-09, 1.157981147558826e-09, 9.393199532389893e-10, 7.639260585865402e-10, 6.216204285538306e-10, 5.024350668346196e-10]
W_list: [6]
L_list: [5.075331759202167]
