R_list= [ 1  2  3  4  5  6  7  8  9 10 11 12 13 14 15 16 17 18 19 20 21 22 23 24
 25 26 27 28 29 30 31 32 33 34 35 36 37 38]
C_final_list= [3.1770046791115554e-05, 2.4177324892320464e-05, 1.828035631697054e-05, 1.3776735421547993e-05, 1.0383464252753388e-05, 7.81231830264373e-06, 5.879013667973135e-06, 4.418576626949096e-06, 3.3179848041137842e-06, 2.489678663393348e-06, 1.8676456520875143e-06, 1.3973734219044237e-06, 1.0457674738283024e-06, 7.822964005238651e-07, 5.847314668899163e-07, 4.370417879984036e-07, 3.2694066169035007e-07, 2.443425922306847e-07, 1.8316543551534904e-07, 1.3708035228292747e-07, 1.0231730872805989e-07, 7.632441946768866e-08, 5.708108358975198e-08, 4.266809625164759e-08, 3.20639429781048e-08, 2.4045735709438345e-08, 1.802132331023608e-08, 1.3513619625139495e-08, 1.0094248625677436e-08, 7.527358872204398e-09, 5.607869287478475e-09, 4.169754686414585e-09, 3.0920297896458854e-09, 2.2963332403812947e-09, 1.7054319537418052e-09, 1.2632541048561483e-09, 9.341604811404154e-10, 6.893369697334709e-10]
W_list: [8.1]
L_list: [3.5575107630485294]
