R_list= [ 1  2  3  4  5  6  7  8  9 10 11 12 13 14 15 16 17 18 19 20 21 22 23 24
 25 26 27 28 29 30 31 32 33 34 35 36 37 38]
C_final_list= [9.173972048059759e-07, 5.774199458269815e-07, 3.6507668494982545e-07, 2.305369958063025e-07, 1.44219171935098e-07, 9.012827882273845e-08, 5.6068130568527056e-08, 3.477323691029312e-08, 2.1484024914228796e-08, 1.3296321580851295e-08, 8.356910791014428e-09, 5.233346796136123e-09, 3.2700453910381533e-09, 2.082053592069232e-09, 1.3175605313965317e-09, 8.036389200286066e-10, 5.000784051956194e-10, 3.0640007008992715e-10, 1.884170973146582e-10, 1.1516101974710252e-10, 6.885933768908413e-11, 4.270696835698331e-11, 2.5574569823615128e-11, 1.53867203821754e-11, 9.008866000201302e-12, 5.2741797765962024e-12, 3.0885194185045973e-12, 1.7999112773799374e-12, 1.0728913726815493e-12, 6.127645031408433e-13, 3.525211526848733e-13, 2.045389061576923e-13, 1.198792156011241e-13, 7.0032643563516e-14, 4.484966127756507e-14, 2.5260111794810586e-14, 1.505394378306912e-14, 9.14227834324014e-15]
W_list: [7.800000000000001]
L_list: [2.162246528193775]
