C_final_list: [8.990385594593551e-07, 8.193657921757511e-07, 7.428054695506836e-07, 6.734986082520769e-07, 6.088565439392415e-07, 5.504993759169175e-07, 4.964006348002046e-07, 4.485181466677419e-07, 4.054469325887946e-07, 3.658255049853684e-07, 3.302575355707063e-07, 2.9730451595669747e-07, 2.676306769658648e-07, 2.409327258858319e-07, 2.1655844474202452e-07, 1.9447302527068736e-07, 1.7471959569536495e-07, 1.5685123583590342e-07, 1.4090927183511052e-07, 1.2660599913518583e-07, 1.1404139647266485e-07, 1.0254806787529287e-07, 9.236526543904034e-08, 8.300113221045697e-08, 7.456292663688139e-08, 6.686104537055945e-08, 5.991967224055872e-08, 5.370053941066786e-08, 4.8119947510590934e-08, 4.314355898867525e-08, 3.866753336940824e-08, 3.467719850076449e-08, 3.1110230597359596e-08, 2.791183433683616e-08, 2.4981462391815202e-08]
ndim2: 500
W_list: [3.2]
L_list: [9.752711691510326]
