C_final_list: [1.5388942878954169e-06, 1.1992793323964124e-06, 9.374095769273307e-07, 7.331081177737322e-07, 5.733692329303442e-07, 4.506091474226297e-07, 3.5186765108234483e-07, 2.755000792070711e-07, 2.1458581099501597e-07, 1.6594837010735874e-07, 1.2893443421138702e-07, 9.944793507386782e-08, 7.659916922049342e-08, 5.872866279203992e-08, 4.502367237173238e-08, 3.478735892531297e-08, 2.6794843898874506e-08, 2.0740855172515594e-08, 1.5905836624017825e-08, 1.2105565057954578e-08, 9.242459840107038e-09, 7.056542652410392e-09, 5.404547717063985e-09, 4.164566733386204e-09, 3.188882092883315e-09, 2.432619990452825e-09, 1.8382271988561663e-09, 1.3981926987142736e-09, 1.056762768524518e-09, 7.920921609466051e-10, 5.950732758766917e-10, 4.4762922088204236e-10, 3.4180409095234583e-10, 2.5829939197143227e-10, 1.9446184562683694e-10]
ndim2: 500
W_list: [4.2]
L_list: [4.047175718779999]
