R_list= [ 1  2  3  4  5  6  7  8  9 10 11 12 13 14 15 16 17 18 19 20 21 22 23 24
 25 26 27 28 29 30 31 32 33 34 35 36 37 38]
C_final_list= [1.8241779813935994e-06, 1.7416379791034977e-06, 1.682573235503496e-06, 1.6263367943508597e-06, 1.5701905923847253e-06, 1.517622312860708e-06, 1.4673941051770435e-06, 1.4184032171736496e-06, 1.3711670892696352e-06, 1.3255751706128432e-06, 1.2810339239964979e-06, 1.237936418016423e-06, 1.1960145439912596e-06, 1.1554222996923659e-06, 1.1170389706150242e-06, 1.0795079795660927e-06, 1.0429339683918251e-06, 1.0076044701892996e-06, 9.731034311479761e-07, 9.394991353550714e-07, 9.072662790045035e-07, 8.761170994734044e-07, 8.46035956447921e-07, 8.169750880740376e-07, 7.891285396643967e-07, 7.622987204591178e-07, 7.364206959648999e-07, 7.113962015870602e-07, 6.8700261267257e-07, 6.631928955232722e-07, 6.400546013800293e-07, 6.179687226974008e-07, 5.966064570024433e-07, 5.759757872447396e-07, 5.559326618042502e-07, 5.366675296186757e-07, 5.180280609076683e-07, 4.999962807378208e-07]
W_list: [4]
L_list: [28.911603262467743]
