R_list= [ 1  2  3  4  5  6  7  8  9 10 11 12 13 14 15 16 17 18 19 20 21 22 23 24
 25 26 27 28 29 30 31 32 33 34 35 36 37 38]
C_final_list= [9.674206860313319e-07, 8.536054867533259e-07, 7.500090812559689e-07, 6.586386718251436e-07, 5.788728531209442e-07, 5.078077980913258e-07, 4.4451181215099327e-07, 3.893313906166793e-07, 3.4136360025528267e-07, 2.989945014332377e-07, 2.61723872632912e-07, 2.289458578638584e-07, 2.0061554662593852e-07, 1.7543134037404252e-07, 1.532206218122879e-07, 1.3356621945974041e-07, 1.1660572398619687e-07, 1.0167877762035545e-07, 8.857018191103842e-08, 7.71908371449441e-08, 6.73199853665727e-08, 5.873642060659146e-08, 5.115370483885926e-08, 4.450372068152205e-08, 3.875436882900093e-08, 3.3776151792390616e-08, 2.9439572201460957e-08, 2.569615563328723e-08, 2.2422319297737593e-08, 1.9574319439031437e-08, 1.7068645906790954e-08, 1.490438602089297e-08, 1.2992386598888075e-08, 1.1315782620562609e-08, 9.869085616437746e-09, 8.590644282646634e-09, 7.459552423105464e-09, 6.48479203741429e-09]
W_list: [6]
L_list: [7.589131257296181]
