C_final_list: [1.2755131138815933e-06, 1.2431842877285702e-06, 1.2101775193005202e-06, 1.1778623505784852e-06, 1.1463352238684389e-06, 1.1156193151772849e-06, 1.0855567265504668e-06, 1.0559477605828499e-06, 1.0272779755665671e-06, 9.991090990025868e-07, 9.719005829678755e-07, 9.451068576072024e-07, 9.19017148003366e-07, 8.934588622024619e-07, 8.689252307376885e-07, 8.452049310237123e-07, 8.222425023340005e-07, 7.996736233054538e-07, 7.775015129362134e-07, 7.559518217036258e-07, 7.349310208841393e-07, 7.147956322335885e-07, 6.95063944530409e-07, 6.760095530304747e-07, 6.572751024762611e-07, 6.387529290273847e-07, 6.207122673968977e-07, 6.030053843250069e-07, 5.85869225735766e-07, 5.691723811539477e-07, 5.52885551662957e-07, 5.371211851017186e-07, 5.216198411107968e-07, 5.06728778939275e-07, 4.92062043711668e-07]
ndim2: 500
W_list: [3.4000000000000004]
L_list: [35.85811880833038]
