R_list= [ 1  2  3  4  5  6  7  8  9 10 11 12 13 14 15 16 17 18 19 20 21 22 23 24
 25 26 27 28 29 30 31 32 33 34 35 36 37 38]
C_final_list= [1.1396059006644314e-06, 7.854431650005804e-07, 5.471205736866548e-07, 3.792524444436441e-07, 2.641034365778543e-07, 1.8264062804050546e-07, 1.2650658243068092e-07, 8.77562454428053e-08, 6.064156576886614e-08, 4.1814450510421377e-08, 2.892790031750056e-08, 1.987110100156116e-08, 1.378237847915534e-08, 9.407963456779016e-09, 6.391530851333283e-09, 4.353837831971951e-09, 2.972123367415099e-09, 2.0209234643486624e-09, 1.3738054080971503e-09, 9.427891672820049e-10, 6.382488591592819e-10, 4.2658745851663436e-10, 2.858408643758169e-10, 1.922034871092215e-10, 1.2921103192543482e-10, 8.922264080486049e-11, 5.988344950109927e-11, 4.05799796287695e-11, 2.7732623081819096e-11, 1.9033545121726366e-11, 1.2957276650890395e-11, 8.731035506538923e-12, 5.9700282478906094e-12, 4.063499126096071e-12, 2.659619485646857e-12, 1.7340725481627547e-12, 1.1433858705820228e-12, 7.876052228212188e-13]
W_list: [6.4]
L_list: [2.7285637150889817]
