R_list= [ 1  2  3  4  5  6  7  8  9 10 11 12 13 14 15 16 17 18 19 20 21 22 23 24
 25 26 27 28 29 30 31 32 33 34 35 36 37 38]
C_final_list= [6.780097671663436e-07, 6.351881530846544e-07, 5.915268703823134e-07, 5.492686789849512e-07, 5.091010121131975e-07, 4.7131824493265813e-07, 4.360454539554663e-07, 4.034407712998224e-07, 3.7324178736218345e-07, 3.449535486030085e-07, 3.189799753661346e-07, 2.9503779071472423e-07, 2.729204878310304e-07, 2.5245873977524675e-07, 2.3345118638587335e-07, 2.1578226754077342e-07, 1.994450131325427e-07, 1.843341263310865e-07, 1.7015256754951196e-07, 1.5702182864302877e-07, 1.4484077252064856e-07, 1.3365594086736013e-07, 1.2331655308451503e-07, 1.1372383790306443e-07, 1.0484029267618642e-07, 9.666619417828282e-08, 8.913037380900718e-08, 8.21641208554566e-08, 7.569042306741352e-08, 6.971763706620234e-08, 6.419383747263653e-08, 5.910638204932263e-08, 5.442972898667052e-08, 5.012486153412715e-08, 4.617851650239241e-08, 4.2551007421946876e-08, 3.921461391753294e-08, 3.616178792963191e-08]
W_list: [7.6]
L_list: [12.862035505557484]
