R_list= [ 1  2  3  4  5  6  7  8  9 10 11 12 13 14 15 16 17 18 19 20 21 22 23 24
 25 26 27 28 29 30 31 32 33 34 35 36 37 38]
C_final_list= [6.29487286816542e-07, 5.733303046870435e-07, 5.195074614638479e-07, 4.6973335927648666e-07, 4.236186931167584e-07, 3.8180929294955064e-07, 3.4430768527424794e-07, 3.102010620727812e-07, 2.7918996371778294e-07, 2.5141968249729296e-07, 2.26440066493534e-07, 2.040281043545309e-07, 1.836337149638639e-07, 1.6500507915282085e-07, 1.4811119851088909e-07, 1.3284271148222563e-07, 1.1909881929825411e-07, 1.06757075711767e-07, 9.566835057153715e-08, 8.575971902722791e-08, 7.688048622278878e-08, 6.900229022134578e-08, 6.193598971384206e-08, 5.5663571207557834e-08, 5.00068844416596e-08, 4.4928406419608966e-08, 4.029618350401776e-08, 3.6112879569274504e-08, 3.229621086268933e-08, 2.88546283172977e-08, 2.5783762863224546e-08, 2.3043086149037582e-08, 2.0585375731552054e-08, 1.8377054130340024e-08, 1.639109925569265e-08, 1.4606491302474461e-08, 1.302758776567792e-08, 1.1623750615120443e-08]
W_list: [7.0]
L_list: [9.580446695098427]
