C_list:
7.539807043193889e-07 0.17848749334747585
ndim2: 500
W_list: [4.2]
L_list: [5.602633446441091]
