C_final_list: [2.180547048104683e-06, 1.8923551710853074e-06, 1.7741219836212054e-06, 1.5891037918825004e-06, 1.4257387248962534e-06, 1.2948157478953356e-06, 1.1716114168977309e-06, 1.0553331532011303e-06, 9.520272144225332e-07, 8.588551394117091e-07, 7.755544373970952e-07, 7.000448902941964e-07, 6.302683727876081e-07, 5.674154478406611e-07, 5.116083287429062e-07, 4.594415831737297e-07, 4.1307912825722146e-07, 3.728146688039307e-07, 3.366803332017127e-07, 3.0290073634197877e-07, 2.734745414790394e-07, 2.46964814289761e-07, 2.2240015822476135e-07, 2.0023115124999977e-07, 1.8041474408013375e-07, 1.624182497656101e-07, 1.463652946716165e-07, 1.3204905860438214e-07, 1.1858330437737475e-07, 1.0672245272013679e-07, 9.601080765166645e-08, 8.610906604594564e-08, 7.729272574996746e-08, 6.961363774775872e-08, 6.24505638427948e-08]
ndim2: 500
W_list: [1.0]
L_list: [9.723394454839752]
