R_list= [ 1  2  3  4  5  6  7  8  9 10 11 12 13 14 15 16 17 18 19 20 21 22 23 24
 25 26 27 28 29 30 31 32 33 34 35 36 37 38]
C_final_list= [2.003328772617065e-06, 1.9633976279960363e-06, 1.927090470043385e-06, 1.8916912424545234e-06, 1.8580525441457886e-06, 1.824839531101439e-06, 1.7926017710597425e-06, 1.7605017540165255e-06, 1.7289448500314998e-06, 1.6979665125579494e-06, 1.6677128121624106e-06, 1.638258400030078e-06, 1.6093175842676245e-06, 1.5806906680921449e-06, 1.5523770022916707e-06, 1.5246418133702819e-06, 1.4976356385438133e-06, 1.4710997887711128e-06, 1.4447721068219074e-06, 1.419076921691e-06, 1.3937369673212534e-06, 1.3687711081342036e-06, 1.3440905680369688e-06, 1.3200613716784573e-06, 1.2964178061638572e-06, 1.2730849460733016e-06, 1.2501921518231654e-06, 1.227633627759792e-06, 1.2056094097976379e-06, 1.1838755228958374e-06, 1.1624431832753892e-06, 1.1413098335555634e-06, 1.1204967165763437e-06, 1.1001394364253924e-06, 1.080104723202166e-06, 1.0605368946342067e-06, 1.0411941719608816e-06, 1.0222584020623493e-06]
W_list: [4]
L_list: [55.322301388154955]
