R_list= [ 1  2  3  4  5  6  7  8  9 10 11 12 13 14 15 16 17 18 19 20 21 22 23 24
 25 26 27 28 29 30 31 32 33 34 35 36 37 38]
C_final_list= [3.0788938996499223e-07, 2.6309933336015167e-07, 2.2206689911834795e-07, 1.8638952503061716e-07, 1.5596102575321133e-07, 1.306250126830356e-07, 1.0907708065209643e-07, 9.118658561221919e-08, 7.61197489350075e-08, 6.345154381066382e-08, 5.281340318175347e-08, 4.3892026008610396e-08, 3.6504541065754106e-08, 3.0343998692372986e-08, 2.5176152891282036e-08, 2.0852138555221562e-08, 1.7282939580282298e-08, 1.434765960031692e-08, 1.1896426328538771e-08, 9.836402198840313e-09, 8.113873929751429e-09, 6.691562136620446e-09, 5.532685085347131e-09, 4.585216433487309e-09, 3.7885341395820965e-09, 3.1310908304167753e-09, 2.5864851709361054e-09, 2.1323057494398572e-09, 1.7573726594948054e-09, 1.4496274765345188e-09, 1.1941050096875038e-09, 9.865585630404071e-10, 8.15750344159252e-10, 6.742073520013168e-10, 5.567244365065409e-10, 4.582016991488256e-10, 3.768326337739702e-10, 3.100924034856312e-10]
W_list: [8.2]
L_list: [5.668010700263541]
