R_list= [ 1  2  3  4  5  6  7  8  9 10 11 12 13 14 15 16 17 18 19 20 21 22 23 24
 25 26 27 28 29 30 31 32 33 34 35 36 37 38]
C_final_list= [5.4786644100171685e-06, 4.604638186838108e-06, 3.82429120614934e-06, 3.1583876329084993e-06, 2.6021065676603594e-06, 2.1417275710751974e-06, 1.760518173868352e-06, 1.446974180857529e-06, 1.1876278111587842e-06, 9.740372101470197e-07, 7.986264453599529e-07, 6.552643030741641e-07, 5.379548678328258e-07, 4.41235571020685e-07, 3.6145625957042284e-07, 2.9635175712447715e-07, 2.428085236328849e-07, 1.987095266723071e-07, 1.6259855276438247e-07, 1.3327851089783156e-07, 1.0926794884585005e-07, 8.939338535156495e-08, 7.314619588427118e-08, 5.979766544639227e-08, 4.888427652862542e-08, 3.9993249664671124e-08, 3.279363445929268e-08, 2.6873750674261056e-08, 2.2042403668515346e-08, 1.8071957728936054e-08, 1.4800777812216938e-08, 1.207817931798133e-08, 9.832048041039915e-09, 7.9825677915258e-09, 6.491569098504318e-09, 5.275447941509077e-09, 4.295454165398059e-09, 3.5029799454667266e-09]
W_list: [8.5]
L_list: [5.216715520739749]
