C_final_list: [1.965295058719151e-06, 1.7014542392848746e-06, 1.4599584537000714e-06, 1.2555511080270322e-06, 1.0825413508915387e-06, 9.347728659969731e-07, 8.050940031307775e-07, 6.944006831485301e-07, 5.980468123690292e-07, 5.160150459108303e-07, 4.4439116962410793e-07, 3.825923187769473e-07, 3.293630167008757e-07, 2.821217524699018e-07, 2.418118693455579e-07, 2.063132117670405e-07, 1.7584070966050237e-07, 1.5027749466533579e-07, 1.2835423878728872e-07, 1.0988326174095574e-07, 9.406634559673333e-08, 8.046484116896714e-08, 6.888757244271918e-08, 5.8781315427746404e-08, 5.034364843368546e-08, 4.311723512697145e-08, 3.687017604833925e-08, 3.1602659222020606e-08, 2.698162241297683e-08, 2.299861966775906e-08, 1.950050540161175e-08, 1.658177574227878e-08, 1.4109932414719147e-08, 1.196953528589013e-08, 1.0170000635931442e-08, 8.650020165413899e-09, 7.350785809789678e-09, 6.2349008833267734e-09, 5.289126300508785e-09, 4.485430099149322e-09, 3.822375506995624e-09, 3.2504691903205417e-09, 2.7790085681208507e-09, 2.3686793010581418e-09, 2.0160655860093627e-09, 1.7187778752410054e-09, 1.4590467511202873e-09, 1.2384716189507387e-09, 1.0515385547844092e-09, 8.924802693144303e-10]
ndim2: 500
W_list: [3.25]
L_list: [6.677173770707462]
