R_list= [ 1  2  3  4  5  6  7  8  9 10 11 12 13 14 15 16 17 18 19 20 21 22 23 24
 25 26 27 28 29 30 31 32 33 34 35 36 37 38]
C_final_list= [9.31337286062486e-07, 5.851269727478498e-07, 3.6137437886454367e-07, 2.248572671787034e-07, 1.4093794720449917e-07, 8.858431272208962e-08, 5.507696373624147e-08, 3.448756634794235e-08, 2.183234984935062e-08, 1.3875806603583913e-08, 8.745376787165587e-09, 5.44911932482407e-09, 3.3430145271088356e-09, 2.079348879760687e-09, 1.301495107719335e-09, 8.177333629620724e-10, 5.095421828268005e-10, 3.1076184928523855e-10, 1.9279435332848592e-10, 1.2371140046104148e-10, 7.907128972171019e-11, 4.978593909623826e-11, 3.0856675632349984e-11, 1.928030435129409e-11, 1.2191953983182722e-11, 7.775468980079405e-12, 4.808019960993378e-12, 3.2084659139614666e-12, 2.0790582040555547e-12, 1.1758784640982613e-12, 6.590859908468315e-13, 3.8682236949518135e-13, 2.4726667341434385e-13, 1.475265121144885e-13, 8.811602645101165e-14, 5.2154736454662213e-14, 2.7631209022470105e-14, 1.788979689125021e-14]
W_list: [7.800000000000001]
L_list: [2.1196495198558494]
