R_list= [ 1  2  3  4  5  6  7  8  9 10 11 12 13 14 15 16 17 18 19 20 21 22 23 24
 25 26 27 28 29 30 31 32 33 34 35 36 37 38]
C_final_list= [3.8479315949840196e-08, 1.718802989159673e-08, 6.8442930720657334e-09, 2.582077097116992e-09, 9.5358175836262e-10, 3.4712452358260336e-10, 1.2543879107327374e-10, 4.514679731560588e-11, 1.6212733746111742e-11, 5.845154604387596e-12, 2.0786091475788202e-12, 7.967100425896377e-13, 3.546948387308058e-13, 1.861365688071769e-13, 1.3336391269605065e-13, 1.083228009260198e-13, 5.2572348659553215e-14, 1.1088836399728849e-14, 1.7925145576776073e-15, 8.324937031146613e-16, 9.165555624854564e-16, 1.550386039708917e-15, 1.1709687680781773e-15, 1.0025754301480032e-15, 6.087086238354536e-16, 2.7505589595693396e-16, 7.864970478358787e-17, 1.4366545816008212e-17, 2.400655656219678e-18, 5.084818315170748e-19, 1.2221131172322005e-19, 2.3316266703687483e-20, 3.768794918875612e-21, 6.977399183995462e-22, 3.0543345578438186e-22, 1.451245762238705e-22, 5.010230098176849e-23, 4.150005476353403e-23]
W_list: [7]
L_list: [1.1799483327694422]
