C_list:
1.352593989869048e-06 0.05371852826389186
ndim2: 500
W_list: [2.4]
L_list: [18.615550952690057]
