R_list= [ 1  2  3  4  5  6  7  8  9 10 11 12 13 14 15 16 17 18 19 20 21 22 23 24
 25 26 27 28 29 30 31 32 33 34 35 36 37 38]
C_final_list= [7.593549318439859e-07, 4.6695632193027955e-07, 2.76578916448831e-07, 1.6540913217275112e-07, 9.894174809357356e-08, 5.89784331379833e-08, 3.507050876798767e-08, 2.086317326653343e-08, 1.2341962709914248e-08, 7.268838576298541e-09, 4.291071090084111e-09, 2.5652309656268e-09, 1.5414586132881887e-09, 9.248628144352793e-10, 5.492806505171892e-10, 3.193037643164252e-10, 1.8524578533830332e-10, 1.0696583477809054e-10, 6.237619649314793e-11, 3.632810774467123e-11, 2.122652568580393e-11, 1.2445991683017065e-11, 7.155838984436046e-12, 4.1130503285882504e-12, 2.34110336040151e-12, 1.324147697241118e-12, 7.557719751845123e-13, 4.344756074518172e-13, 2.511686062971398e-13, 1.4428545476052803e-13, 8.483633761626858e-14, 4.995135730269113e-14, 2.8187658637157885e-14, 1.518977753007303e-14, 8.003923360657403e-15, 4.274950088619748e-15, 2.3009766393684088e-15, 1.2590656078442086e-15]
W_list: [6]
L_list: [1.976810069938657]
