R_list= [ 1  2  3  4  5  6  7  8  9 10 11 12 13 14 15 16 17 18 19 20 21 22 23 24
 25 26 27 28 29 30 31 32 33 34 35 36 37 38]
C_final_list= [3.72064132397345e-05, 2.457659936301896e-05, 1.618437486056442e-05, 1.0637190119855482e-05, 6.98112201840198e-06, 4.559801392579176e-06, 2.978066767137637e-06, 1.9489347017360963e-06, 1.271895798169226e-06, 8.306529442745171e-07, 5.436937773627261e-07, 3.5645827964393637e-07, 2.3279411604104273e-07, 1.5235249941115784e-07, 9.968680435852323e-08, 6.510933298796625e-08, 4.225950119814548e-08, 2.7649590083859707e-08, 1.8121072694580768e-08, 1.183339039586659e-08, 7.744620174944424e-09, 5.04269070749309e-09, 3.2882157857975868e-09, 2.1519971913282656e-09, 1.3989113117083113e-09, 9.060204863094992e-10, 5.834107293430072e-10, 3.7616829427308615e-10, 2.4421707685619434e-10, 1.5734524082089908e-10, 1.0326619142193153e-10, 6.88323440403558e-11, 4.54941549126741e-11, 3.011045220608587e-11, 2.0021197643602812e-11, 1.3866092942316304e-11, 8.98422531336144e-12, 5.690498928305728e-12]
W_list: [8.05]
L_list: [2.3902056951140898]
