R_list= [ 1  2  3  4  5  6  7  8  9 10 11 12 13 14 15 16 17 18 19 20 21 22 23 24
 25 26 27 28 29 30 31 32 33 34 35 36 37 38]
C_final_list= [4.076419452153125e-06, 3.4161248545713232e-06, 2.8407609975068076e-06, 2.3586038447126157e-06, 1.954736514644308e-06, 1.6178314779854402e-06, 1.339452661681571e-06, 1.1056858710963288e-06, 9.124272396612351e-07, 7.527294133751219e-07, 6.214017293317843e-07, 5.130617992041048e-07, 4.2407910104209313e-07, 3.4996202257574976e-07, 2.885486884923212e-07, 2.3763824099183204e-07, 1.9576961444455292e-07, 1.6069700421846088e-07, 1.315897593441576e-07, 1.0764994635648347e-07, 8.817005871837226e-08, 7.225589247597144e-08, 5.9144291293720824e-08, 4.835612181753883e-08, 3.958761096157131e-08, 3.243278126281872e-08, 2.655950601957422e-08, 2.173201007889727e-08, 1.775677429260162e-08, 1.4491544263452165e-08, 1.1845022978937454e-08, 9.689701781513028e-09, 7.903275839037957e-09, 6.457393498959686e-09, 5.290344232058456e-09, 4.3519575063976584e-09, 3.566461518596844e-09, 2.9287331864701176e-09]
W_list: [7.8]
L_list: [5.330153065797439]
