C_final_list: [1.809764212346248e-06, 1.756079344776591e-06, 1.704342859999714e-06, 1.6544587308205316e-06, 1.6056731089105755e-06, 1.5579503482454804e-06, 1.5114885888976078e-06, 1.4659559414067607e-06, 1.421994538634943e-06, 1.379431801278777e-06, 1.3384897884437195e-06, 1.2985876597962806e-06, 1.2596262384717102e-06, 1.2217568107229974e-06, 1.1851578441677393e-06, 1.1495186622170356e-06, 1.1145743001158597e-06, 1.0807295137927503e-06, 1.04817561886234e-06, 1.0165951032023647e-06, 9.853742128064677e-07, 9.553720100472698e-07, 9.261685362865861e-07, 8.983170732861435e-07, 8.709253997544884e-07, 8.442419756100721e-07, 8.180650449842809e-07, 7.930265420784951e-07, 7.686074763585893e-07, 7.448636424437423e-07, 7.215095319507213e-07, 6.990547899010944e-07, 6.774666961069202e-07, 6.562923019003153e-07, 6.356838627481834e-07, 6.156894431755513e-07, 5.963819304514738e-07, 5.773390173292265e-07, 5.58991075035577e-07, 5.411724961315955e-07, 5.239964283719064e-07, 5.072417296284398e-07, 4.911891767805359e-07, 4.753798514095474e-07, 4.601314083870291e-07, 4.4542451112457624e-07, 4.3117211814286277e-07, 4.175576621991506e-07, 4.043771556947406e-07, 3.9151232638470385e-07]
ndim2: 500
W_list: [3.0]
L_list: [32.343603783912606]
