C_final_list: [1.1410537197714839e-06, 1.1119972046610128e-06, 1.0818486732337659e-06, 1.0521927572276028e-06, 1.0235974494030128e-06, 9.956352813166866e-07, 9.678331818717384e-07, 9.412706070389047e-07, 9.149768040860094e-07, 8.892765964228382e-07, 8.642996395018354e-07, 8.401260493704681e-07, 8.162561771696036e-07, 7.932025422433102e-07, 7.706404365741163e-07, 7.487416789574173e-07, 7.275115720202294e-07, 7.069524778622452e-07, 6.869211814788892e-07, 6.67678116925733e-07, 6.487153813400097e-07, 6.300603011831732e-07, 6.11708614033398e-07, 5.939010629896675e-07, 5.76597110711946e-07, 5.598984312212941e-07, 5.437164200008727e-07, 5.279402013463637e-07, 5.125879095133402e-07, 4.97634723136768e-07, 4.830770957860128e-07, 4.6886906849482966e-07, 4.550721167489208e-07, 4.4170311891739034e-07, 4.2853314456206037e-07]
ndim2: 500
W_list: [2.2]
L_list: [34.853478867239744]
