R_list= [ 1  2  3  4  5  6  7  8  9 10 11 12 13 14 15 16 17 18 19 20 21 22 23 24
 25 26 27 28 29 30 31 32 33 34 35 36 37 38]
C_final_list= [3.2219236410801404e-06, 2.592854305088839e-06, 2.071820941857113e-06, 1.6507430141927524e-06, 1.3121294387375647e-06, 1.042726134710532e-06, 8.277784467880484e-07, 6.562884831567904e-07, 5.198960333848169e-07, 4.121281990553546e-07, 3.2659329382429244e-07, 2.584728050364743e-07, 2.042810892457321e-07, 1.609539961222691e-07, 1.271738854857047e-07, 1.0049777142392916e-07, 7.9329621602086e-08, 6.258122835417637e-08, 4.933595446633313e-08, 3.8851107669517896e-08, 3.0638429590906033e-08, 2.409484405571512e-08, 1.895578391410565e-08, 1.4908700527629136e-08, 1.1702683652423268e-08, 9.152300604590402e-09, 7.176188786096381e-09, 5.629805006306977e-09, 4.421460315140982e-09, 3.4834283064552374e-09, 2.7381603384809877e-09, 2.143627105790518e-09, 1.6883325417938936e-09, 1.3305614269682629e-09, 1.050848198293248e-09, 8.327922819987581e-10, 6.627086934784847e-10, 5.254175787488545e-10]
W_list: [8.4]
L_list: [4.395180186037957]
