R_list= [ 1  2  3  4  5  6  7  8  9 10 11 12 13 14 15 16 17 18 19 20 21 22 23 24
 25 26 27 28 29 30 31 32 33 34 35 36 37 38]
C_final_list= [1.9945385359864868e-05, 1.6065558750002913e-05, 1.2820150969894524e-05, 1.0202036282845516e-05, 8.10714146861662e-06, 6.434375276247678e-06, 5.0986855770593555e-06, 4.04237701178465e-06, 3.1994117625754622e-06, 2.531772586743284e-06, 1.9975835275885606e-06, 1.577633321117053e-06, 1.2459522986034767e-06, 9.829672932612667e-07, 7.759436913146158e-07, 6.122732841942263e-07, 4.828668511692412e-07, 3.8042711269447943e-07, 2.999951766807692e-07, 2.3688184237497916e-07, 1.870043296313492e-07, 1.4760934682552227e-07, 1.1643184642880343e-07, 9.192127000307041e-08, 7.271161832035028e-08, 5.7605632675612724e-08, 4.54684103894458e-08, 3.59238462128775e-08, 2.8312772242284176e-08, 2.225501584694004e-08, 1.7477993905269583e-08, 1.3691001385600736e-08, 1.0708330117248289e-08, 8.397385279760232e-09, 6.6102951845624274e-09, 5.228949840314724e-09, 4.131313002765795e-09, 3.261676238249296e-09]
W_list: [8.4]
L_list: [4.379145090027068]
