R_list= [ 1  2  3  4  5  6  7  8  9 10 11 12 13 14 15 16 17 18 19 20 21 22 23 24
 25 26 27 28 29 30 31 32]
C_final_list= [7.492006975449024e-08, 2.8767110065384585e-08, 8.596879815522533e-09, 2.2489885534798178e-09, 5.47106662487789e-10, 1.2858913010983686e-10, 2.996577182339033e-11, 6.9779539621911426e-12, 1.6525242041707057e-12, 3.9889638016705905e-13, 9.429108602761301e-14, 2.1872514354647435e-14, 5.0419195604992036e-15, 1.1077697861729769e-15, 2.3854251744071924e-16, 5.0712699038967345e-17, 1.0683209490427966e-17, 2.265576244482471e-18, 4.918427407517169e-19, 1.121873500709741e-19, 2.569972700031599e-20, 6.315902659821259e-21, 1.8666826927160706e-21, 7.252551336568387e-22, 3.807723095835778e-22, 2.623182918545672e-22, 2.1569214432507965e-22, 1.9724787529484213e-22, 1.9116091756354575e-22, 1.8969655429239472e-22, 1.8655761189395035e-22, 1.8424240758244748e-22]
W_list: [6]
L_list: [0.9824740552254695]
