R_list= [ 1  2  3  4  5  6  7  8  9 10 11 12 13 14 15 16 17 18 19 20 21 22 23 24
 25 26 27 28 29 30 31 32 33 34 35 36 37 38]
C_final_list= [3.7948746826919314e-05, 2.5179155496820963e-05, 1.662793584294109e-05, 1.0939082320204018e-05, 7.1771324452807695e-06, 4.708501541073745e-06, 3.0872200531841107e-06, 2.025879004586289e-06, 1.3310919074344875e-06, 8.741672369279738e-07, 5.733896870902422e-07, 3.7473871819463535e-07, 2.4501964826699585e-07, 1.6077206272726894e-07, 1.0534944879257e-07, 6.929068972678058e-08, 4.547533367471178e-08, 2.9936852035767175e-08, 1.969956902297358e-08, 1.2930755122155387e-08, 8.428708057264658e-09, 5.494786104427727e-09, 3.581155392422632e-09, 2.3236596839925366e-09, 1.4992474042593047e-09, 9.596782094728835e-10, 6.157980508357543e-10, 3.9986444162781486e-10, 2.5950947088509683e-10, 1.7108838979156715e-10, 1.1272978032309499e-10, 7.344940700261335e-11, 4.807745990924926e-11, 3.165345381052485e-11, 2.1343265794884743e-11, 1.4262695171432443e-11, 9.506265722190929e-12, 6.287039022035494e-12]
W_list: [8.0]
L_list: [2.4063229231297867]
