R_list= [ 1  2  3  4  5  6  7  8  9 10 11 12 13 14 15 16 17 18 19 20 21 22 23 24
 25 26 27 28 29 30 31 32 33 34 35 36 37 38]
C_final_list= [1.6256629669344853e-07, 1.4133801478337325e-07, 1.2127016056435174e-07, 1.0312878463786293e-07, 8.737603291774398e-08, 7.376760892950267e-08, 6.219544147281122e-08, 5.235853401353095e-08, 4.409860542584537e-08, 3.711547991313044e-08, 3.1236880222610944e-08, 2.6282357464932687e-08, 2.2056168431980864e-08, 1.8465346964356084e-08, 1.5440693075299496e-08, 1.2899020469065447e-08, 1.076370847400918e-08, 8.974285260129678e-09, 7.47290867757818e-09, 6.224410566588894e-09, 5.194785435370393e-09, 4.3331379981826635e-09, 3.6085858448543863e-09, 3.0054139950053953e-09, 2.5037908151274513e-09, 2.091163835615407e-09, 1.744465066840281e-09, 1.453493845895534e-09, 1.208205236284347e-09, 1.004602374301897e-09, 8.346727857619735e-10, 6.943605498527824e-10, 5.786877467200125e-10, 4.83241163607519e-10, 4.0279047008457104e-10, 3.345367956707726e-10, 2.7783978570003423e-10, 2.3105968207670597e-10]
W_list: [8.8]
L_list: [6.037880205510451]
