C_final_list: [1.953825113308241e-06, 1.851916383153161e-06, 1.752653973037732e-06, 1.6585511860833741e-06, 1.5689781551460907e-06, 1.4834826236224996e-06, 1.4032361598399113e-06, 1.3278223325898665e-06, 1.2564308122701858e-06, 1.1878303365790184e-06, 1.1230148788384168e-06, 1.061299800377056e-06, 1.002758825451271e-06, 9.469055890861503e-07, 8.944050083205234e-07, 8.45914481257681e-07, 7.986351755012707e-07, 7.545555421819859e-07, 7.131518754163403e-07, 6.734852608434731e-07, 6.363410867273533e-07, 6.008258022273824e-07, 5.675337863075618e-07, 5.358793264309976e-07, 5.060332155129605e-07, 4.773473421733342e-07, 4.503412785618152e-07, 4.2473246124755475e-07, 4.0044186924059913e-07, 3.7762709858792227e-07, 3.55954060253136e-07, 3.35517177704324e-07, 3.1609695052646267e-07, 2.9811684887276276e-07, 2.8096888614052334e-07, 2.6480995614014727e-07, 2.4958757128871026e-07, 2.3515647493282724e-07, 2.2142544892047695e-07, 2.0848080743003422e-07, 1.9620505408881353e-07, 1.8454201332169904e-07, 1.7364290692997872e-07, 1.6347717727047555e-07, 1.5385929505739952e-07, 1.447540589850097e-07, 1.3621891541368593e-07, 1.282466782272116e-07, 1.2070261386600846e-07, 1.1367527296105434e-07]
ndim2: 500
W_list: [2.8499999999999996]
L_list: [17.6101370054342]
