C_final_list: [1.677549885532748e-06, 1.6183863110035387e-06, 1.560793688295257e-06, 1.5048612440730462e-06, 1.4506915099645377e-06, 1.3987242267729833e-06, 1.349033470785199e-06, 1.3017614479391022e-06, 1.2554722859263642e-06, 1.2112230716661106e-06, 1.1685802844845287e-06, 1.1273074349582535e-06, 1.0869242426883502e-06, 1.0476161616095717e-06, 1.0097530331095091e-06, 9.729120325842086e-07, 9.374987231445479e-07, 9.032045851557912e-07, 8.700466487891486e-07, 8.380247553931606e-07, 8.071259782984947e-07, 7.772417379312527e-07, 7.483430932330879e-07, 7.20488631821778e-07, 6.936761600210759e-07, 6.678963543553067e-07, 6.426918823133304e-07, 6.182880292560137e-07, 5.949442555876855e-07, 5.724576178313352e-07, 5.505387720362751e-07, 5.295127739154443e-07, 5.090840198122293e-07, 4.893640763688232e-07, 4.704054233194346e-07, 4.5223742417389513e-07, 4.345751698748401e-07, 4.176691244967065e-07, 4.0162646995962753e-07, 3.8604542235834677e-07, 3.711939164674028e-07, 3.567939922072143e-07, 3.4298084568561114e-07, 3.2967564758653073e-07, 3.1696725490879695e-07, 3.0481907150617605e-07, 2.9303526346237417e-07, 2.8174938780741096e-07, 2.709041849268652e-07, 2.6053372032994015e-07]
ndim2: 500
W_list: [3.2]
L_list: [26.721986427465264]
