C_final_list: [1.6254920798426048e-06, 1.561220242854217e-06, 1.498094445008734e-06, 1.4382782155846525e-06, 1.379836037406095e-06, 1.3245926287832932e-06, 1.270849006792817e-06, 1.2199381158444798e-06, 1.1717460012480337e-06, 1.1252990034915058e-06, 1.0799050989315563e-06, 1.036975005935661e-06, 9.953287802361198e-07, 9.557840820959628e-07, 9.177426496289608e-07, 8.810710810935406e-07, 8.45585425867774e-07, 8.115186074010816e-07, 7.788190456985351e-07, 7.475003210692001e-07, 7.17028953639537e-07, 6.88230218964085e-07, 6.603639056653716e-07, 6.33271465494658e-07, 6.074769669419597e-07, 5.826747223043741e-07, 5.586282853737502e-07, 5.35465246306706e-07, 5.136307190360826e-07, 4.926450770477923e-07, 4.7228691495657737e-07, 4.5267331803097314e-07, 4.3364314782550374e-07, 4.155179279578096e-07, 3.9803025988867744e-07, 3.813037364003261e-07, 3.65307071912233e-07, 3.499331471138335e-07, 3.353585531808759e-07, 3.2151537980586323e-07, 3.0826101921366245e-07, 2.956128398018306e-07, 2.8340204321354284e-07, 2.716571636090177e-07, 2.6020495693224546e-07, 2.493872820500587e-07, 2.389903542121252e-07, 2.2911656668362014e-07, 2.1969598846996985e-07, 2.1042823426226198e-07]
ndim2: 500
W_list: [3.3]
L_list: [24.193243417840026]
