R_list= [ 1  2  3  4  5  6  7  8  9 10 11 12 13 14 15 16 17 18 19 20 21 22 23 24
 25 26 27 28 29 30 31 32 33 34 35 36 37 38]
C_final_list= [6.68600499662854e-07, 5.949644201247119e-07, 5.247953350654367e-07, 4.614139427899099e-07, 4.049977372800513e-07, 3.549154857319721e-07, 3.112776313294553e-07, 2.7281696611560526e-07, 2.391180397636467e-07, 2.0928462999550783e-07, 1.831299157190039e-07, 1.6001860425298044e-07, 1.3963271238971883e-07, 1.216493695749807e-07, 1.0607295388458245e-07, 9.254826223418972e-08, 8.076258629631951e-08, 7.037356696939355e-08, 6.131035156217722e-08, 5.33798934656593e-08, 4.64495369189796e-08, 4.037448500569912e-08, 3.5053004126740585e-08, 3.0389392413062414e-08, 2.6381742428732276e-08, 2.2898741167170832e-08, 1.987779064595251e-08, 1.724016143510801e-08, 1.4962684159875373e-08, 1.2955498379173972e-08, 1.1213723030144896e-08, 9.697587452707253e-09, 8.381977962790977e-09, 7.245204365046168e-09, 6.270182778238573e-09, 5.424574554319922e-09, 4.699838565933169e-09, 4.0774857781906636e-09]
W_list: [8.0]
L_list: [7.608031574015872]
