R_list= [ 1  2  3  4  5  6  7  8  9 10 11 12 13 14 15 16 17 18 19 20 21 22 23 24
 25 26 27 28 29 30 31 32 33 34 35 36 37 38]
C_final_list= [1.6015390612845117e-07, 6.277551911887055e-08, 1.9323324385274903e-08, 5.291347626239993e-09, 1.3586088403885868e-09, 3.374494961185179e-10, 8.277815650557432e-11, 2.0346136846165495e-11, 5.153511424521157e-12, 1.3029850026078977e-12, 3.2484433800401375e-13, 8.043380498439967e-14, 2.0673858440124954e-14, 6.764617804638477e-15, 3.538027193918368e-15, 1.1626513074581936e-15, 2.493624456286873e-16, 6.15328283432888e-17, 2.707256030682492e-17, 4.149056605497505e-17, 4.4547200480424053e-17, 1.2360226921999009e-17, 1.8048118892329235e-18, 3.2571917547267554e-19, 6.277670546221007e-20, 1.1918956998029732e-20, 2.7947021325410243e-21, 9.800882941032824e-22, 5.537604566712824e-22, 4.280975055065366e-22, 3.76807439016105e-22, 3.483241556327068e-22, 3.3033592124037266e-22, 3.233318293423593e-22, 3.248637299804566e-22, 3.2497149566654174e-22, 3.2029042882631275e-22, 3.1559129558622363e-22]
W_list: [6]
L_list: [1.0025325177230169]
