R_list= [ 1  2  3  4  5  6  7  8  9 10 11 12 13 14 15 16 17 18 19 20 21 22 23 24
 25 26 27 28 29 30 31 32 33 34 35 36 37 38]
C_final_list= [3.023196176183424e-07, 2.575156856749246e-07, 2.1679175401720756e-07, 1.811879403437837e-07, 1.5089459280525684e-07, 1.2560619243158793e-07, 1.0447260860187373e-07, 8.675593470330068e-08, 7.206540582767327e-08, 5.986990387363403e-08, 4.9647070434837675e-08, 4.116229615674553e-08, 3.407990429941658e-08, 2.8229450295927744e-08, 2.3343286044869997e-08, 1.928731618784316e-08, 1.5944462994024254e-08, 1.31796527626551e-08, 1.0901651634884046e-08, 9.007470892060048e-09, 7.435077042537449e-09, 6.125150079731857e-09, 5.050926893947735e-09, 4.175352646116562e-09, 3.4444294126523827e-09, 2.841109897176741e-09, 2.3401904633787002e-09, 1.9228560139059137e-09, 1.5728701899624441e-09, 1.285339736014809e-09, 1.0523460811735955e-09, 8.605930052063068e-10, 7.03945755192858e-10, 5.759892939937435e-10, 4.701041161902167e-10, 3.830125326652803e-10, 3.13045897300584e-10, 2.55943807398968e-10]
W_list: [8.2]
L_list: [5.541483570115817]
