R_list= [ 1  2  3  4  5  6  7  8  9 10 11 12 13 14 15 16 17 18 19 20 21 22 23 24
 25 26 27 28 29 30 31 32 33 34 35 36 37 38]
C_final_list= [7.041939078438682e-07, 5.905104374841711e-07, 4.922876747354235e-07, 4.0779019549134247e-07, 3.3687868978313e-07, 2.7887621622774403e-07, 2.3166588052110922e-07, 1.924253837798921e-07, 1.5976611700032635e-07, 1.3231824362982124e-07, 1.096033955400988e-07, 9.060988081906829e-08, 7.486169883747676e-08, 6.183650427070259e-08, 5.106867529165285e-08, 4.210192974638991e-08, 3.462271509413983e-08, 2.8533232990588372e-08, 2.350622363312984e-08, 1.9360210450538267e-08, 1.5910948731272216e-08, 1.3055408732035267e-08, 1.0712544113069943e-08, 8.78911653964004e-09, 7.19517130713992e-09, 5.879205916079803e-09, 4.816405275355898e-09, 3.944902499469818e-09, 3.2261522293209462e-09, 2.635327950387435e-09, 2.155467791112582e-09, 1.7619452518420488e-09, 1.4416045325265448e-09, 1.1808595782816696e-09, 9.6458268569164e-10, 7.887537827491377e-10, 6.445543473567349e-10, 5.27721593240447e-10]
W_list: [7]
L_list: [5.363115297778506]
