C_final_list: [8.598588144785045e-07, 8.222669394985374e-07, 7.838830207630044e-07, 7.462527357688512e-07, 7.099368098595413e-07, 6.750205335626214e-07, 6.416131186649917e-07, 6.09164561933814e-07, 5.78415248657155e-07, 5.49138048066759e-07, 5.206549377363044e-07, 4.93819186795406e-07, 4.681335845336352e-07, 4.436978426133468e-07, 4.207278490551881e-07, 3.99015390493158e-07, 3.784283881589992e-07, 3.590458931853166e-07, 3.407473111696176e-07, 3.2329430759060133e-07, 3.0680872991113267e-07, 2.9102835800462915e-07, 2.760141769392801e-07, 2.6171780238184633e-07, 2.481252459465548e-07, 2.353234712522506e-07, 2.2308286621811408e-07, 2.113715646551687e-07, 2.0030280895219736e-07, 1.8978267621653427e-07, 1.7982465934654338e-07, 1.7039832159660185e-07, 1.6146786442052617e-07, 1.530274182109464e-07, 1.449476883529092e-07, 1.3736106024305792e-07, 1.3011303492526707e-07, 1.2319968209862495e-07, 1.1658151173953413e-07, 1.1027536172914012e-07, 1.0432741687451066e-07, 9.864909653801517e-08, 9.329520699281557e-08, 8.82733088197763e-08, 8.351076847955624e-08, 7.899072932904987e-08, 7.466509068330304e-08, 7.055196788179625e-08, 6.667991630589967e-08, 6.300651805778111e-08]
ndim2: 500
W_list: [4.0]
L_list: [19.060637269415146]
