R_list= [ 1  2  3  4  5  6  7  8  9 10 11 12 13 14 15 16 17 18 19 20 21 22 23 24
 25 26 27 28 29 30 31 32 33 34 35 36 37 38]
C_final_list= [3.033898812130019e-07, 2.590621219948821e-07, 2.18876858481841e-07, 1.8404632784476578e-07, 1.542546005749269e-07, 1.291368153718761e-07, 1.0766387917479657e-07, 8.959897307261492e-08, 7.458341750021603e-08, 6.188137285677611e-08, 5.139346956142362e-08, 4.264316870182695e-08, 3.5374618790019254e-08, 2.9350935851893608e-08, 2.4355592658816948e-08, 2.0219292734173918e-08, 1.675286506085884e-08, 1.3872522668980713e-08, 1.1456861298575406e-08, 9.440883804447195e-09, 7.7788665965417e-09, 6.4057401347153975e-09, 5.277375905086951e-09, 4.358489708337265e-09, 3.589710020498105e-09, 2.954665278845089e-09, 2.429333870205102e-09, 1.997949580296931e-09, 1.6461729718380364e-09, 1.3563262236032954e-09, 1.1150735217653665e-09, 9.171166210457893e-10, 7.549703160132306e-10, 6.223516025414915e-10, 5.122189617978109e-10, 4.201427426834701e-10, 3.428885388367566e-10, 2.808997908384088e-10]
W_list: [8.2]
L_list: [5.648373575690099]
