R_list= [ 1  2  3  4  5  6  7  8  9 10 11 12 13 14 15 16 17 18 19 20 21 22 23 24
 25 26 27 28 29 30 31 32 33 34 35 36 37 38]
C_final_list= [2.1277130751483913e-05, 1.7280596394192323e-05, 1.3918366306322974e-05, 1.116622803844093e-05, 8.956101846724858e-06, 7.181938621323741e-06, 5.757593909918082e-06, 4.613068447682892e-06, 3.692479922713978e-06, 2.9505272201796434e-06, 2.358554370712935e-06, 1.885965009891182e-06, 1.5089752367283908e-06, 1.2056582225472282e-06, 9.648694392012155e-07, 7.716111596281132e-07, 6.179017302185964e-07, 4.950684248975833e-07, 3.967122930001069e-07, 3.1788983301231493e-07, 2.5480446344232184e-07, 2.041099683924268e-07, 1.6387008103716294e-07, 1.3154052551149328e-07, 1.0581344499174976e-07, 8.499334795839784e-08, 6.816955290407079e-08, 5.48010979055102e-08, 4.408847850420011e-08, 3.5467146648812986e-08, 2.8419027971611966e-08, 2.2775876362401242e-08, 1.8233545611118506e-08, 1.456439520070734e-08, 1.1591064023531384e-08, 9.215774513097853e-09, 7.345210957910988e-09, 5.871671331473686e-09]
W_list: [8.25]
L_list: [4.569372659882872]
