R_list= [ 1  2  3  4  5  6  7  8  9 10 11 12 13 14 15 16 17 18 19 20 21 22 23 24
 25 26 27 28 29 30 31 32 33 34 35 36 37 38]
C_final_list= [4.464969496823656e-07, 4.1937594606092607e-07, 3.9185665687837455e-07, 3.651557268618494e-07, 3.398683407910723e-07, 3.1595222276315014e-07, 2.935826160690831e-07, 2.7279204160817986e-07, 2.5341323333729494e-07, 2.3520684243389022e-07, 2.1818510377743304e-07, 2.0238668614104663e-07, 1.8780362013793543e-07, 1.7432473393058754e-07, 1.616827904641693e-07, 1.498313621518194e-07, 1.3883391250487196e-07, 1.2863821970939742e-07, 1.1919725649292568e-07, 1.1048312396117987e-07, 1.0241437460339475e-07, 9.492760955530371e-08, 8.793046063684256e-08, 8.14388674237587e-08, 7.540186941011758e-08, 6.981320223351663e-08, 6.467874060042859e-08, 5.994144902044302e-08, 5.557874695971877e-08, 5.1510355473201904e-08, 4.774934088366683e-08, 4.425710290787451e-08, 4.099679955534343e-08, 3.797436086706904e-08, 3.514106828288143e-08, 3.2490533661533496e-08, 3.0015127367816505e-08, 2.7721310484155708e-08]
W_list: [6.6000000000000005]
L_list: [13.498752032749762]
