R_list= [ 1  2  3  4  5  6  7  8  9 10 11 12 13 14 15 16 17 18 19 20 21 22 23 24
 25 26 27 28 29 30 31 32 33 34 35 36 37 38]
C_final_list= [2.0506553175652826e-05, 1.657643676440849e-05, 1.328244792892705e-05, 1.061181224611178e-05, 8.450048741408913e-06, 6.723568229916653e-06, 5.341167367893089e-06, 4.239985950869651e-06, 3.3659929514632076e-06, 2.6690819554677963e-06, 2.1157969365933424e-06, 1.6774238824738826e-06, 1.3282474653421947e-06, 1.0503073889904482e-06, 8.315339187467918e-07, 6.583819272192607e-07, 5.212528151948609e-07, 4.129228284109409e-07, 3.270180149955884e-07, 2.5916083243313856e-07, 2.052410107202371e-07, 1.625881174653452e-07, 1.285565885457439e-07, 1.0170942248923076e-07, 8.061720654577216e-08, 6.390774786824648e-08, 5.062835585767512e-08, 4.016692809900814e-08, 3.18299055402859e-08, 2.519589789070345e-08, 1.998484137249786e-08, 1.584241874583685e-08, 1.253053898346375e-08, 9.932026967508282e-09, 7.845360190139983e-09, 6.202034865825783e-09, 4.913602766105316e-09, 3.892050683612395e-09]
W_list: [8.35]
L_list: [4.437938358784791]
