C_final_list: [1.9912737658321386e-06, 1.939871483502088e-06, 1.8898114795521477e-06, 1.8419463791485015e-06, 1.7958675467861608e-06, 1.7506903942108497e-06, 1.7069680244353482e-06, 1.6641395236018743e-06, 1.6222222668192996e-06, 1.581847624987698e-06, 1.5418033603308808e-06, 1.502753299035693e-06, 1.464359427747317e-06, 1.4268388475067223e-06, 1.3903243834545965e-06, 1.354650555738651e-06, 1.3192736194034508e-06, 1.2847948210423907e-06, 1.251770410139008e-06, 1.2194460577591328e-06, 1.1877511583743174e-06, 1.1570064902932391e-06, 1.1270938782677484e-06, 1.0980097681684547e-06, 1.0694114700770766e-06, 1.0415545507553111e-06, 1.0144060326608873e-06, 9.87950760922896e-07, 9.62023601086643e-07, 9.366334691681244e-07, 9.119161879703501e-07, 8.881158656921451e-07, 8.64833501263769e-07, 8.423468140954699e-07, 8.204422605494408e-07, 7.988982665216965e-07, 7.780437744312935e-07, 7.57549003467276e-07, 7.374988767106636e-07, 7.17963028369251e-07, 6.987859314334296e-07, 6.800541338677907e-07, 6.616695086164233e-07, 6.439055070636767e-07, 6.266086956307536e-07, 6.096517774069145e-07, 5.931883593680486e-07, 5.770487686953898e-07, 5.614612869935016e-07, 5.461744218064328e-07]
ndim2: 500
W_list: [2.8]
L_list: [38.191801323285034]
