R_list= [ 1  2  3  4  5  6  7  8  9 10 11 12 13 14 15 16 17 18 19 20 21 22 23 24
 25 26 27 28 29 30 31 32 33 34 35 36 37 38]
C_final_list= [1.2984573753309904e-06, 1.153967366367537e-06, 1.0450420398526772e-06, 9.466450717658945e-07, 8.562263820661869e-07, 7.742263654408119e-07, 7.001950620940661e-07, 6.333517074147401e-07, 5.731785293595721e-07, 5.186361225399169e-07, 4.6940468969803765e-07, 4.245073146067434e-07, 3.838853088836098e-07, 3.4753901158674545e-07, 3.143249678641975e-07, 2.847136433339988e-07, 2.577076203630044e-07, 2.3305491194483795e-07, 2.1067031489743225e-07, 1.903599878413231e-07, 1.720277654546394e-07, 1.5532643158646152e-07, 1.4018256419274797e-07, 1.263118560821161e-07, 1.137426049353301e-07, 1.0244838006037657e-07, 9.236927191939098e-08, 8.325500702905806e-08, 7.500427551569574e-08, 6.758091575067348e-08, 6.084607675452467e-08, 5.483413792709002e-08, 4.945228876130985e-08, 4.459653937435946e-08, 4.0191720827722724e-08, 3.616951212949902e-08, 3.252016197280406e-08, 2.9218194247762368e-08]
W_list: [5]
L_list: [9.907772376407655]
