C_final_list: [1.9378285224085174e-06, 1.695411448772825e-06, 1.5235969122906375e-06, 1.3461616379556187e-06, 1.1941665607901087e-06, 1.0591255068450305e-06, 9.395983505660613e-07, 8.334220736766077e-07, 7.380435139360878e-07, 6.540034707602579e-07, 5.814897194628797e-07, 5.166071506838676e-07, 4.5771637697701426e-07, 4.0488268460628327e-07, 3.6059311337013793e-07, 3.1951880320902925e-07, 2.827301513306189e-07, 2.4930834482129985e-07, 2.2055843673934708e-07, 1.9518511143019328e-07, 1.7232262696419374e-07, 1.518368886469954e-07, 1.3403145916667564e-07, 1.1873673332495586e-07, 1.0482638661005146e-07, 9.29425186584054e-08, 8.254753518006289e-08, 7.301907053367125e-08, 6.454776436308416e-08, 5.6922800899349635e-08, 5.012458797225405e-08, 4.424459432418717e-08, 3.880099998538392e-08, 3.415397775102769e-08, 3.020624996616476e-08]
ndim2: 500
W_list: [1.4]
L_list: [8.3115864071895]
