R_list= [ 1  2  3  4  5  6  7  8  9 10 11 12 13 14 15 16 17 18 19 20 21 22 23 24
 25 26 27 28 29 30 31 32 33 34 35 36 37 38]
C_final_list= [4.802103365437122e-07, 4.1568137400044706e-07, 3.573435346717633e-07, 3.071954978184353e-07, 2.6300412380390075e-07, 2.2509102924978304e-07, 1.926148076552555e-07, 1.649121985146393e-07, 1.4077796546835845e-07, 1.199608555331065e-07, 1.0240115627601935e-07, 8.736218540233477e-08, 7.44246506527441e-08, 6.338754478574789e-08, 5.391409586804288e-08, 4.5813391277054766e-08, 3.891262125838098e-08, 3.303644131507487e-08, 2.8050884709594748e-08, 2.381742467877976e-08, 2.020505191875414e-08, 1.715348238989603e-08, 1.4493143681007411e-08, 1.2205174563840314e-08, 1.031906371160153e-08, 8.705502413628223e-09, 7.336100980042246e-09, 6.173847684213261e-09, 5.191069115662941e-09, 4.37737535066366e-09, 3.6896188215211037e-09, 3.1074053723952094e-09, 2.609023244106877e-09, 2.1988754233011314e-09, 1.8549149469358505e-09, 1.5673950446532466e-09, 1.3219017749889035e-09, 1.1139751824713145e-09]
W_list: [7]
L_list: [6.439728505462866]
