R_list= [ 1  2  3  4  5  6  7  8  9 10 11 12 13 14 15 16 17 18 19 20 21 22 23 24
 25 26 27 28 29 30 31 32 33 34 35 36 37 38]
C_final_list= [9.983442244779167e-07, 6.447023032617875e-07, 4.0993251894756326e-07, 2.601939889624658e-07, 1.6563301495103902e-07, 1.0469482771351698e-07, 6.583882303685173e-08, 4.155665951920361e-08, 2.5834942692536517e-08, 1.6005813316353724e-08, 9.888841576000858e-09, 6.075421154485068e-09, 3.753992180093766e-09, 2.3488437861782912e-09, 1.452036958993747e-09, 9.017797227921346e-10, 5.599788453892329e-10, 3.46809676884767e-10, 2.1423517629885093e-10, 1.3478169482107652e-10, 8.570744098893416e-11, 5.45427543132506e-11, 3.47518852206049e-11, 2.200098711418244e-11, 1.443367696278249e-11, 9.849816036657437e-12, 5.960292510947859e-12, 3.739534794786327e-12, 2.3540327689121112e-12, 1.4601800753459543e-12, 9.29107936231892e-13, 5.310693353709328e-13, 3.14864397423581e-13, 1.8422128954223283e-13, 1.0894408019842469e-13, 6.499735009723232e-14, 3.8865663237529e-14, 2.3891506533122158e-14]
W_list: [7.4]
L_list: [2.2301762535269756]
