R_list= [ 1  2  3  4  5  6  7  8  9 10 11 12 13 14 15 16 17 18 19 20 21 22 23 24
 25 26 27 28 29 30 31 32 33 34 35 36 37 38]
C_final_list= [4.248066869857024e-07, 2.7128289205112255e-07, 1.653750964132756e-07, 1.0051198128401858e-07, 6.09371760667916e-08, 3.69962869521692e-08, 2.2492967326631086e-08, 1.373460421307238e-08, 8.358863437789273e-09, 5.075997425048456e-09, 3.0560807993596426e-09, 1.8355787289058401e-09, 1.1064063454476508e-09, 6.69003981096184e-10, 4.0149703067250054e-10, 2.386618181266507e-10, 1.4118653117375748e-10, 8.403356358259606e-11, 5.066351048327709e-11, 3.031261522410895e-11, 1.8163158622439455e-11, 1.0938083746647777e-11, 6.590581035217111e-12, 3.948502507696259e-12, 2.4326899539364517e-12, 1.5104156249190363e-12, 9.666074922355105e-13, 6.339382959112789e-13, 4.1098748652347326e-13, 2.6456629445424345e-13, 1.7310457856497406e-13, 1.1014493816322584e-13, 6.967631667994848e-14, 4.2619268682038383e-14, 2.361794200349376e-14, 1.3493754251987761e-14, 8.012943818025816e-15, 4.706782624337164e-15]
W_list: [6]
L_list: [2.090460397343074]
