R_list= [ 1  2  3  4  5  6  7  8  9 10 11 12 13 14 15 16 17 18 19 20 21 22 23 24
 25 26 27 28 29 30 31 32 33 34 35 36 37 38]
C_final_list= [7.802627153222144e-08, 3.688528917136088e-08, 1.3851221191186618e-08, 4.592374291603503e-09, 1.4169543040269283e-09, 4.1879956942263366e-10, 1.20916063292403e-10, 3.466757943100456e-11, 9.948790484413056e-12, 2.8857501585289575e-12, 8.674724037493394e-13, 2.782924099210916e-13, 9.307731857125467e-14, 2.935145936752964e-14, 8.244070755891528e-15, 2.200360524860605e-15, 6.056638822349488e-16, 1.7599704040480677e-16, 5.377352751582268e-17, 1.6677274959815448e-17, 4.958711214467714e-18, 1.3877554960404747e-18, 3.752415451010196e-19, 1.0223050909159325e-19, 2.9358615577265284e-20, 9.339868792055118e-21, 3.424797002449146e-21, 1.4644350802376015e-21, 7.399172691810203e-22, 4.573642063449362e-22, 3.390068269723098e-22, 2.8190002864854644e-22, 2.536443463345501e-22, 2.4306330285500142e-22, 2.410698058677971e-22, 2.399729536203832e-22, 2.3104619929764324e-22, 2.1961883273333307e-22]
W_list: [5]
L_list: [1.2010371906990016]
