C_final_list: [1.547590259128576e-06, 1.2240143116502873e-06, 9.603310613791494e-07, 7.50469416784071e-07, 5.905943509383619e-07, 4.651332216646627e-07, 3.664522973855059e-07, 2.888986911190253e-07, 2.2697030449289662e-07, 1.7789231751253178e-07, 1.3994701740099184e-07, 1.0930089915759184e-07, 8.549531422349868e-08, 6.632461196826162e-08, 5.138279836357359e-08, 3.990323867235522e-08, 3.0978540545661174e-08, 2.4103394296143508e-08, 1.878971218697612e-08, 1.4699627619334478e-08, 1.1425366570770206e-08, 8.832399508114332e-09, 6.78827346573453e-09, 5.271161291649744e-09, 4.021128246407665e-09, 3.1026347425136655e-09, 2.378954057819457e-09, 1.8147179056366948e-09, 1.3880723711002922e-09, 1.0668646993922313e-09, 8.225947821847604e-10, 6.417100577222865e-10, 4.952492170842846e-10, 3.8113848624741697e-10, 2.9653885892739343e-10, 2.281354058094856e-10, 1.7619589555190714e-10, 1.3498383401084717e-10, 1.0496772957026469e-10, 8.064643205149147e-11, 6.20149361676307e-11, 4.726471438761552e-11, 3.604807203712304e-11, 2.7385537512845783e-11, 2.094261386799366e-11, 1.5920354943735756e-11, 1.2225544175735877e-11, 9.301484582063022e-12, 7.0807419231034436e-12, 5.408093682774527e-12]
ndim2: 500
W_list: [4.2]
L_list: [4.151757855682377]
