C_final_list: [2.1846805666251023e-06, 2.0956527614205317e-06, 2.0071061702000293e-06, 1.923731896802635e-06, 1.8433404494207673e-06, 1.7674373436814497e-06, 1.69375986183162e-06, 1.6228905782467558e-06, 1.556079234371384e-06, 1.491953452399843e-06, 1.4308801756201934e-06, 1.3724534047983075e-06, 1.3154979436446583e-06, 1.261489490717827e-06, 1.210048553111409e-06, 1.1607195663134702e-06, 1.1126761030764955e-06, 1.06606799695523e-06, 1.0206642125504717e-06, 9.770195633631603e-07, 9.352100674462888e-07, 8.952395030949151e-07, 8.569757716534244e-07, 8.203339405219739e-07, 7.853629601531547e-07, 7.52151557278643e-07, 7.202403699446038e-07, 6.898299031528429e-07, 6.60659907594729e-07, 6.330279292723584e-07, 6.061098073561956e-07, 5.804354444974734e-07, 5.55629724663701e-07, 5.318830247640262e-07, 5.091218384240884e-07, 4.872020876647298e-07, 4.66205943000401e-07, 4.4597674212513595e-07, 4.264347215066356e-07, 4.077731773135602e-07, 3.898676449238762e-07, 3.7261675870269764e-07, 3.5648635915264445e-07, 3.4094335803260096e-07, 3.2614673680795377e-07, 3.119356054037866e-07, 2.9811408136886643e-07, 2.8496524539745364e-07, 2.72298955365446e-07, 2.6007875897167557e-07]
ndim2: 500
W_list: [2.4]
L_list: [23.33606199548235]
