C_final_list: [9.571531564873417e-07, 8.67380602605025e-07, 7.82314648470204e-07, 7.053499525755526e-07, 6.347454666767478e-07, 5.710791927242485e-07, 5.128948288820356e-07, 4.6133376807480537e-07, 4.15038971453923e-07, 3.7352671749656246e-07, 3.3602803632567966e-07, 3.0185612513025514e-07, 2.710331730420092e-07, 2.435098606238538e-07, 2.184261793513953e-07, 1.9592043594170546e-07, 1.760812352587141e-07, 1.5809306243703933e-07, 1.4182123865619182e-07, 1.2711650668647115e-07, 1.1395529431736404e-07, 1.0219231998151449e-07, 9.163376371950046e-08, 8.234392334629473e-08, 7.393508366855304e-08, 6.634910953825677e-08, 5.948596134407393e-08, 5.325648225558136e-08, 4.760317937459803e-08, 4.255924477454891e-08, 3.8150432150633566e-08, 3.412927995845238e-08, 3.0566650644438494e-08, 2.7377207488876435e-08, 2.448843706173135e-08]
ndim2: 500
W_list: [4.0]
L_list: [9.431296843427196]
