R_list= [ 1  2  3  4  5  6  7  8  9 10 11 12 13 14 15 16 17 18 19 20 21 22 23 24
 25 26 27 28 29 30 31 32 33 34 35 36 37 38]
C_final_list= [1.8360473322294e-07, 7.986824085517456e-08, 2.8303748490651275e-08, 8.999972665981465e-09, 2.701394597588531e-09, 7.860900739223642e-10, 2.2414979827353084e-10, 6.308719921109121e-11, 1.754438727239004e-11, 4.761618359989368e-12, 1.2787365628350662e-12, 3.4501739998081515e-13, 9.420883681709451e-14, 2.496562685294653e-14, 6.419028252642003e-15, 1.6318635005952076e-15, 4.1362229410650437e-16, 1.0422596318391472e-16, 2.5764580006717375e-17, 5.9620834741763806e-18, 1.3621386958967078e-18, 3.157421547808635e-19, 7.265900857531306e-20, 1.6936988955293152e-20, 4.142351242222294e-21, 1.1140065582792125e-21, 3.541145345495433e-22, 1.2020556180758354e-22, 3.6569108206372186e-23, 1.1551209567100644e-23, 3.709058462402221e-24, 1.2366046167569586e-24, 5.519094519625207e-25, 3.4187066131063172e-25, 2.697478195493645e-25, 2.665402754026707e-25, 2.2812211649167582e-25, 1.5119044025475778e-25]
W_list: [6]
L_list: [1.11412287330054]
