C_final_list: [1.2375454460767244e-06, 1.1488137828837858e-06, 1.0648528629315572e-06, 9.859318771728304e-07, 9.116743131218469e-07, 8.4295835530186e-07, 7.796027478022078e-07, 7.210253357892477e-07, 6.652792025509773e-07, 6.13724299387706e-07, 5.668594145695239e-07, 5.234733715616135e-07, 4.831026919282613e-07, 4.4586987005661024e-07, 4.1139919334641194e-07, 3.7959445171072817e-07, 3.5007261969701e-07, 3.2287781110767837e-07, 2.97743394152869e-07, 2.742948159705005e-07, 2.526348970658488e-07, 2.3272880559950589e-07, 2.1454072007914634e-07, 1.9768944905746537e-07, 1.8194446099317692e-07, 1.6760353788331135e-07, 1.542532795646033e-07, 1.418839074031026e-07, 1.3052788885078788e-07, 1.1988614639017643e-07, 1.1009062929778208e-07, 1.0120245346678878e-07, 9.295083014255419e-08, 8.531876904803944e-08, 7.825891331719879e-08, 7.17288534533275e-08, 6.571613202778957e-08, 6.021916919931403e-08, 5.513693408236639e-08, 5.047686720543419e-08, 4.6263567358385246e-08, 4.24075462443949e-08, 3.8853765385616216e-08, 3.56262052305985e-08, 3.266472915772223e-08, 2.9953292216503425e-08, 2.7473171839231002e-08, 2.520784915289572e-08, 2.3132590370589065e-08, 2.123019087073897e-08]
ndim2: 500
W_list: [4.0]
L_list: [12.513307971326967]
