C_final_list: [1.7675301388361476e-06, 1.7088181063055615e-06, 1.6508868537690058e-06, 1.5950441051755692e-06, 1.540381661793448e-06, 1.4874894998144775e-06, 1.436289392036493e-06, 1.3869634645006217e-06, 1.3389815172368168e-06, 1.293301320319448e-06, 1.248480737874664e-06, 1.2051820475010648e-06, 1.1634701861641366e-06, 1.1233663070120899e-06, 1.0841186987282704e-06, 1.046348327724271e-06, 1.0101090260638368e-06, 9.752087787626416e-07, 9.419278502442773e-07, 9.094698226871723e-07, 8.784267743223455e-07, 8.48051402122597e-07, 8.190651923571686e-07, 7.910123547115272e-07, 7.636837729874857e-07, 7.37075847689709e-07, 7.113315184311575e-07, 6.866960131510868e-07, 6.629355932997315e-07, 6.400532102660506e-07, 6.177298016815407e-07, 5.961460470777675e-07, 5.753173837457996e-07, 5.551940079125048e-07, 5.357132827725432e-07]
ndim2: 500
W_list: [3.0]
L_list: [28.50132982300307]
