R_list= [ 1  2  3  4  5  6  7  8  9 10 11 12 13 14 15 16 17 18 19 20 21 22 23 24
 25 26 27 28 29 30 31 32 33 34 35 36 37 38]
C_final_list= [2.173759837566183e-06, 1.8967794934610293e-06, 1.6377428736287286e-06, 1.4066467503847202e-06, 1.2055507532728676e-06, 1.0311342081614682e-06, 8.813189869030978e-07, 7.528495893746476e-07, 6.430106025082295e-07, 5.487692744390468e-07, 4.681207379492913e-07, 3.989424744877922e-07, 3.397886364784631e-07, 2.8916731327980366e-07, 2.461504799199141e-07, 2.0944668487282664e-07, 1.7817989675256108e-07, 1.5154661145175104e-07, 1.2867900027716597e-07, 1.0927995630722611e-07, 9.272746719843927e-08, 7.869064508656564e-08, 6.672646908205714e-08, 5.6579294917118625e-08, 4.794780917998198e-08, 4.061779473224001e-08, 3.441785429679522e-08, 2.9190181389023588e-08, 2.4749632025419953e-08, 2.0991023333741347e-08, 1.7807757816107984e-08, 1.509753851773189e-08, 1.2801470341352955e-08, 1.0846113185788178e-08, 9.180542412387232e-09, 7.767961776033236e-09, 6.580017651319286e-09, 5.580817810862731e-09]
W_list: [8.4]
L_list: [6.472927001534183]
