C_final_list: [1.6291906656400633e-06, 1.4625441441898358e-06, 1.308266343535881e-06, 1.1663673959874631e-06, 1.040915172348343e-06, 9.290056965892461e-07, 8.298285909492981e-07, 7.417899004417852e-07, 6.649979386354933e-07, 5.963142808807558e-07, 5.343706296407968e-07, 4.792315704498283e-07, 4.2874884082833824e-07, 3.8375078083183586e-07, 3.4315647363628525e-07, 3.0687469607807175e-07, 2.738932837337912e-07, 2.4394720206944714e-07, 2.1707140040491028e-07, 1.9299842685420216e-07, 1.7186953493130544e-07, 1.5308577891843564e-07, 1.3633678325580704e-07, 1.2129339299012325e-07, 1.0795898979292555e-07, 9.611137744395733e-08, 8.543448047321276e-08, 7.595498754136114e-08, 6.730575887713342e-08, 5.969145929293545e-08, 5.294049764143806e-08, 4.698419851254561e-08, 4.168876060202716e-08, 3.707352124138804e-08, 3.2909329146481096e-08, 2.924596786925511e-08, 2.5999935372507713e-08, 2.306147143768965e-08, 2.0492042985798698e-08, 1.824100117147738e-08, 1.62212425257116e-08, 1.4429405508121886e-08, 1.283844575491414e-08, 1.1440730607541238e-08, 1.022270645987805e-08, 9.123853659511336e-09, 8.150786839527677e-09, 7.272002474353483e-09, 6.483115473763406e-09, 5.7790641187884975e-09]
ndim2: 500
W_list: [3.8]
L_list: [8.908192679288334]
