C_list:
1.2799292109416667e-06 0.021150635440755954
ndim2: 500
W_list: [2.0]
L_list: [47.27990337694831]
