C_final_list: [1.7758654071723733e-06, 1.4790533406101476e-06, 1.2263061621021227e-06, 1.016484821355274e-06, 8.428703985563824e-07, 6.993810240181382e-07, 5.80787616778152e-07, 4.839661731815383e-07, 4.0316044186024966e-07, 3.350707500150586e-07, 2.773800734758477e-07, 2.2934836839667724e-07, 1.8886883716691402e-07, 1.5518157548106462e-07, 1.2760500898032934e-07, 1.0477433402543173e-07, 8.585646879103155e-08, 7.025187773898204e-08, 5.759334285793726e-08, 4.7139386647681255e-08, 3.8850320323904496e-08, 3.187239470476185e-08, 2.6057701104315146e-08, 2.1465911983688045e-08, 1.761498067530962e-08, 1.4488281187079734e-08, 1.1954405667679341e-08, 9.871013638307884e-09, 8.098105303683744e-09, 6.68966801352332e-09, 5.529553444881609e-09, 4.58185224048832e-09, 3.7921837873166825e-09, 3.1448741816726966e-09, 2.6002262857263445e-09]
ndim2: 500
W_list: [3.6]
L_list: [5.354131131737978]
