R_list= [ 1  2  3  4  5  6  7  8  9 10 11 12 13 14 15 16 17 18 19 20 21 22 23 24
 25 26 27 28 29 30 31 32 33 34 35 36 37 38]
C_final_list= [5.813296841805973e-07, 5.260352281510851e-07, 4.728823329554828e-07, 4.242493811690126e-07, 3.804626402588483e-07, 3.4057281275446725e-07, 3.048209584937149e-07, 2.7258431180152265e-07, 2.435904488887017e-07, 2.178246483906974e-07, 1.9482688580868349e-07, 1.743517888124799e-07, 1.559714319180009e-07, 1.3967469234937757e-07, 1.2502726649416552e-07, 1.1181814269351228e-07, 1.0012232269121554e-07, 8.956062964751033e-08, 8.000602803116135e-08, 7.14560564707774e-08, 6.380279423645316e-08, 5.701364812925991e-08, 5.099503497731221e-08, 4.5559784750441475e-08, 4.06631221391362e-08, 3.6313465610282476e-08, 3.238560587789773e-08, 2.8877591825557655e-08, 2.572995494360427e-08, 2.2916265963376946e-08, 2.040265065716818e-08, 1.8148730713739577e-08, 1.6143878683579643e-08, 1.436886963093838e-08, 1.2784909249790507e-08, 1.1375502704533248e-08, 1.010338977711576e-08, 8.961049650298437e-09]
W_list: [7.2]
L_list: [9.062923727682517]
