C_final_list: [1.1408966958816524e-06, 1.053741334941708e-06, 9.704164729218985e-07, 8.933576494802954e-07, 8.225143291306724e-07, 7.57343567879767e-07, 6.968724647672884e-07, 6.416386018629114e-07, 5.904063490813865e-07, 5.433177071048425e-07, 4.998815466984812e-07, 4.6014236508229533e-07, 4.233923307351312e-07, 3.892859914351781e-07, 3.5762749784876844e-07, 3.2879226604525346e-07, 3.02258988832893e-07, 2.778314546690827e-07, 2.550728611057791e-07, 2.3403213036601925e-07, 2.150740534687243e-07, 1.9749078757778182e-07, 1.8134484350601544e-07, 1.6633148229970237e-07, 1.5252434569948317e-07, 1.397815720453452e-07, 1.2795711834155832e-07, 1.1708947995737492e-07, 1.0716802471105419e-07, 9.81271943560416e-08, 8.976281538159938e-08, 8.201392812677611e-08, 7.493134251735393e-08, 6.849010155778988e-08, 6.257576121476728e-08]
ndim2: 500
W_list: [4.0]
L_list: [11.964169811401133]
