C_final_list: [1.5404134404666639e-06, 1.5114888411333877e-06, 1.482848135444843e-06, 1.4548881436930097e-06, 1.4276245558280204e-06, 1.4009802099924176e-06, 1.3751003336402009e-06, 1.3496179041196594e-06, 1.3249910984563321e-06, 1.301001280214218e-06, 1.277588479054617e-06, 1.2543890270977534e-06, 1.2317397577696418e-06, 1.2092652246903514e-06, 1.1869164163985742e-06, 1.1648723029920517e-06, 1.1434258283271474e-06, 1.1222701436570556e-06, 1.1013537654417453e-06, 1.0806884627064985e-06, 1.0605549178091101e-06, 1.0408758845633924e-06, 1.0215113670891086e-06, 1.0024464381192098e-06, 9.83594946027776e-07, 9.65045841113919e-07, 9.469442644071339e-07, 9.290199610206033e-07, 9.114306260713397e-07, 8.94017009223666e-07, 8.768641995861165e-07, 8.600510896910527e-07, 8.435963681329635e-07, 8.274670593994607e-07, 8.116959298866667e-07, 7.962384262248505e-07, 7.810004128352379e-07, 7.660752467406172e-07, 7.512240676123232e-07, 7.366417043299425e-07, 7.223186574049594e-07, 7.080278686632502e-07, 6.940012031644933e-07, 6.80222201190536e-07, 6.667389674657733e-07, 6.53545436008417e-07, 6.407545496294825e-07, 6.279725936656018e-07, 6.154458998443755e-07, 6.032070215802924e-07]
ndim2: 500
W_list: [3.2]
L_list: [52.80717004794759]
