C_final_list: [1.9901141141271942e-06, 1.8644628237639325e-06, 1.745394255076714e-06, 1.6363321861682061e-06, 1.5337600334281415e-06, 1.4378955032017517e-06, 1.347507886074997e-06, 1.2622850813181966e-06, 1.1818827604222396e-06, 1.1066298230964053e-06, 1.0352128575678157e-06, 9.678335436228082e-07, 9.05390684264726e-07, 8.46522371044018e-07, 7.91342551786222e-07, 7.40268207670129e-07, 6.92318589078904e-07, 6.475826160742419e-07, 6.055509754374275e-07, 5.666176590662324e-07, 5.30241467729431e-07, 4.962145098832114e-07, 4.638654824869312e-07, 4.3366689833919176e-07, 4.051181620749364e-07, 3.782695272739462e-07, 3.5318052835604485e-07, 3.297487730464476e-07, 3.0772524253999056e-07, 2.873369821656768e-07, 2.681977289037099e-07, 2.504517532374183e-07, 2.3378591228310647e-07, 2.1808862494561702e-07, 2.0364652883216242e-07, 1.9015471378391456e-07, 1.7740346594243293e-07, 1.6536423687722137e-07, 1.5398328458254522e-07, 1.4332419943169937e-07, 1.3348606030987662e-07, 1.2443810471116828e-07, 1.1601671225137913e-07, 1.081529846788832e-07, 1.0068766823753906e-07, 9.382356223580137e-08, 8.736140777354552e-08, 8.150587618163907e-08, 7.589163182369224e-08, 7.072439863804015e-08]
ndim2: 500
W_list: [3.05]
L_list: [15.020121481197755]
