R_list= [ 1  2  3  4  5  6  7  8  9 10 11 12 13 14 15 16 17 18 19 20 21 22 23 24
 25 26 27 28 29 30 31 32 33 34 35 36 37 38]
C_final_list= [9.009168335391811e-07, 5.654591212054379e-07, 3.033623364785342e-07, 1.4832343028338045e-07, 6.859458358231969e-08, 3.0702086196749614e-08, 1.3525534426631616e-08, 5.936874990283725e-09, 2.6075131737494526e-09, 1.1452513696815694e-09, 5.004073056421589e-10, 2.1741059041298012e-10, 9.412170228748416e-11, 4.062704184881974e-11, 1.7524890969368326e-11, 7.617155464336104e-12, 3.3628794124459093e-12, 1.507283651279267e-12, 6.826925467218542e-13, 3.1293633429321225e-13, 1.4561004775988903e-13, 6.927696350387562e-14, 3.371669391560491e-14, 1.7175431522561524e-14, 1.0103738889766647e-14, 7.464752989084592e-15, 5.10157640991963e-15, 2.650398737956457e-15, 1.187965553203357e-15, 5.159009471036981e-16, 2.270648004103169e-16, 1.0695153875072542e-16, 5.544385895196611e-17, 2.832758042057393e-17, 1.312447786240913e-17, 5.723255741126848e-18, 2.4676292787063585e-18, 1.0360855218736341e-18]
W_list: [4]
L_list: [1.7495279622639588]
