R_list= [ 1  2  3  4  5  6  7  8  9 10 11 12 13 14 15 16 17 18 19 20 21 22 23 24
 25 26 27 28 29 30 31 32 33 34 35 36 37 38]
C_final_list= [6.609032353934911e-07, 6.058364372252912e-07, 5.523357776529508e-07, 5.026465850731535e-07, 4.5735973514732905e-07, 4.159540030650378e-07, 3.781014160006865e-07, 3.4320586800682985e-07, 3.115460324715169e-07, 2.827751203790807e-07, 2.5626423204704246e-07, 2.3217653849813493e-07, 2.1030388070943373e-07, 1.903945330554464e-07, 1.7233111501374682e-07, 1.5584804303602432e-07, 1.408983518176068e-07, 1.273512376643051e-07, 1.1511937568496698e-07, 1.0401572923474635e-07, 9.391450437147079e-08, 8.476400245745672e-08, 7.652764827368891e-08, 6.914356432977889e-08, 6.246663174691605e-08, 5.642099396814174e-08, 5.0936450838344154e-08, 4.5900746262969306e-08, 4.1287441654614063e-08, 3.713401400920624e-08, 3.339535125634549e-08, 3.0039017896428664e-08, 2.701358414643096e-08, 2.4260081083909337e-08, 2.1793613218091484e-08, 1.9595023484146865e-08, 1.761228592495277e-08, 1.5825861886741522e-08]
W_list: [6.8]
L_list: [10.288762387197064]
