C_final_list: [1.6499321684501e-06, 1.5818638376693075e-06, 1.5153293485222073e-06, 1.4508675958429107e-06, 1.3903158832747103e-06, 1.3308340151302477e-06, 1.2738489948998457e-06, 1.219007940818348e-06, 1.1662548123319337e-06, 1.1157691220771367e-06, 1.0675321071130004e-06, 1.0218571397621477e-06, 9.786715151717594e-07, 9.370287049256515e-07, 8.9707628471214e-07, 8.584374796467726e-07, 8.220413921686048e-07, 7.875977581971523e-07, 7.542195260442529e-07, 7.223625528372449e-07, 6.914078383549229e-07, 6.618376136159625e-07, 6.333586333523381e-07, 6.060370343970989e-07, 5.799404455509906e-07, 5.547385211406635e-07, 5.302104984555428e-07, 5.066225753706344e-07, 4.841297837614351e-07, 4.6239066472363547e-07, 4.4176951265416915e-07, 4.218287712855937e-07, 4.0289691467936253e-07, 3.8474588758615703e-07, 3.6741926038164907e-07, 3.50696847088492e-07, 3.348586982815911e-07, 3.1997124612680564e-07, 3.054739361271024e-07, 2.917362092097799e-07, 2.7859458956623753e-07, 2.661231273913287e-07, 2.542056437662665e-07, 2.427268450382098e-07, 2.318813764997187e-07, 2.2151504879047923e-07, 2.1160427580324956e-07, 2.0203341662797564e-07, 1.9292380168294073e-07, 1.8415907985699797e-07]
ndim2: 500
W_list: [3.3499999999999996]
L_list: [22.658953780066284]
