C_final_list: [1.8231072727729558e-06, 1.5409436863221531e-06, 1.2992238395983131e-06, 1.101514090244615e-06, 9.324090271637965e-07, 7.919619733796471e-07, 6.717337323985471e-07, 5.676574006550656e-07, 4.798165046631916e-07, 4.0565492603646843e-07, 3.4158638224017316e-07, 2.879888581708559e-07, 2.4298922544437665e-07, 2.044080393120934e-07, 1.7198566036049698e-07, 1.4486215229773236e-07, 1.2182819645327694e-07, 1.0244053121589502e-07, 8.640890116713678e-08, 7.276423021499111e-08, 6.138342994982162e-08, 5.178468984005031e-08, 4.376779739762924e-08, 3.686800800033258e-08, 3.098526413114223e-08, 2.598664827330931e-08, 2.169662283603279e-08, 1.8081475735494478e-08, 1.5072190851651052e-08, 1.254101861110937e-08, 1.0475845598712398e-08, 8.750659613387613e-09, 7.291494033532207e-09, 6.096149222647884e-09, 5.082305963766966e-09]
ndim2: 500
W_list: [3.4000000000000004]
L_list: [5.965222073541902]
