R_list= [ 1  2  3  4  5  6  7  8  9 10 11 12 13 14 15 16 17 18 19 20 21 22 23 24
 25 26 27 28 29 30 31 32 33 34 35 36 37 38]
C_final_list= [3.8276792421380283e-07, 3.331802344451857e-07, 2.8958243737964803e-07, 2.5060298242357343e-07, 2.167089428748143e-07, 1.8712627402843494e-07, 1.614248325486144e-07, 1.3895840551583878e-07, 1.195918322810933e-07, 1.029752636489426e-07, 8.855587124771519e-08, 7.607922321204892e-08, 6.522457094744081e-08, 5.5923289435121685e-08, 4.7893628655529014e-08, 4.106783444814045e-08, 3.523237906564936e-08, 3.0206033916295414e-08, 2.5863833168809152e-08, 2.211223986628186e-08, 1.8909332371674054e-08, 1.614522937602778e-08, 1.3774775171727419e-08, 1.1745662759804326e-08, 1.0015220441430042e-08, 8.543215527943296e-09, 7.295338261306793e-09, 6.230845203133143e-09, 5.308977341099076e-09, 4.525598683539938e-09, 3.848424742228244e-09, 3.269194009832468e-09, 2.7833203527085533e-09, 2.3692126296587643e-09, 2.013412246622597e-09, 1.7023718183617595e-09, 1.4387240721080713e-09, 1.2203258492992665e-09]
W_list: [7]
L_list: [6.7823171408287095]
