C_final_list: [1.7576928724019865e-06, 1.6390117445423085e-06, 1.5304299311748429e-06, 1.4213371904890924e-06, 1.319674330114428e-06, 1.2287431887889394e-06, 1.1440503116655052e-06, 1.0646646256843711e-06, 9.915269999456197e-07, 9.22340227576803e-07, 8.57624975350848e-07, 7.980752724807484e-07, 7.420480017322214e-07, 6.900698519014237e-07, 6.416913073214786e-07, 5.961868522753551e-07, 5.533506055918273e-07, 5.13808380066429e-07, 4.7662525015014456e-07, 4.425680473393332e-07, 4.1068243002911956e-07, 3.8083562964472753e-07, 3.5354809367474317e-07, 3.283429833534723e-07, 3.0491802568802304e-07, 2.8288933605321324e-07, 2.623724932771115e-07, 2.436094813964174e-07, 2.262070936779787e-07, 2.0972532067209447e-07, 1.9427427281460518e-07, 1.8030836944545552e-07, 1.67405959762671e-07, 1.555042016648582e-07, 1.4433586635152515e-07]
ndim2: 500
W_list: [1.8]
L_list: [13.734717300646546]
