R_list= [ 1  2  3  4  5  6  7  8  9 10 11 12 13 14 15 16 17 18 19 20 21 22 23 24
 25 26 27 28 29 30 31 32 33 34 35 36 37 38]
C_final_list= [1.920404399754087e-06, 1.214508543755886e-06, 6.59256408871144e-07, 3.272727610994539e-07, 1.5416832380609485e-07, 7.045773500466108e-08, 3.167390107098399e-08, 1.4135228209065061e-08, 6.280284990715397e-09, 2.7829816897433107e-09, 1.231660288572091e-09, 5.44270849320287e-10, 2.4120106168269534e-10, 1.0735366440535164e-10, 4.8090579399184016e-11, 2.175661528894572e-11, 9.895633874153046e-12, 4.522073569066518e-12, 2.071789280530274e-12, 9.427921407623962e-13, 4.235043523494995e-13, 1.884143403719139e-13, 8.355693121394032e-14, 3.7020859106193615e-14, 1.6346862268136868e-14, 7.223072514846628e-15, 3.206933656132178e-15, 1.424498656142911e-15, 6.389570088676328e-16, 2.898748291826443e-16, 1.321710510025472e-16, 6.046363755550583e-17, 2.79475050096415e-17, 1.3143477243869683e-17, 6.229977466176658e-18, 2.976516895532008e-18, 1.4560848392854796e-18, 7.411435174335159e-19]
W_list: [4]
L_list: [1.775954391731741]
