C_final_list: [2.1969936645121904e-06, 1.9931455339304233e-06, 1.8018038532278637e-06, 1.6298761190119863e-06, 1.4749414833917412e-06, 1.3351636984673028e-06, 1.2113592703663712e-06, 1.0971792881054765e-06, 9.920776818991676e-07, 8.981884510833449e-07, 8.127620874757642e-07, 7.346336393848467e-07, 6.636363628924275e-07, 6.000367209589888e-07, 5.414056064789415e-07, 4.890596662281108e-07, 4.40991891306572e-07, 3.974622133861919e-07, 3.587794525560829e-07, 3.239613947717778e-07, 2.924285209183142e-07, 2.642559778480754e-07, 2.3896989103465773e-07, 2.1527627985457922e-07, 1.9433939839876942e-07, 1.7476835456120198e-07, 1.5748568917419433e-07, 1.4174614633478642e-07, 1.2735716667653923e-07, 1.1475313788172837e-07, 1.0336501562453975e-07, 9.272333025847944e-08, 8.313310013238376e-08, 7.423717452146566e-08, 6.657487356939094e-08]
ndim2: 500
W_list: [2.4]
L_list: [9.952698108759261]
