R_list= [ 1  2  3  4  5  6  7  8  9 10 11 12 13 14 15 16 17 18 19 20 21 22 23 24
 25 26 27 28 29 30 31 32 33 34 35 36 37 38]
C_final_list= [6.708341735527403e-07, 6.147514533606368e-07, 5.602513661763261e-07, 5.094218097330281e-07, 4.628533187208554e-07, 4.202784318441607e-07, 3.8159560914256113e-07, 3.4650670940657536e-07, 3.143230447333561e-07, 2.848240366161118e-07, 2.580537237012263e-07, 2.338120997937381e-07, 2.1193395148563377e-07, 1.9204653942187733e-07, 1.7380404821367362e-07, 1.5730461006648788e-07, 1.423139149672932e-07, 1.2870692102793683e-07, 1.1634388889587018e-07, 1.0513757502885279e-07, 9.499591302097766e-08, 8.574755198480338e-08, 7.742812079158676e-08, 6.986196462823009e-08, 6.302207267042113e-08, 5.6873892576522436e-08, 5.1331344918194755e-08, 4.6293187799596885e-08, 4.1718779616677166e-08, 3.757843455707236e-08, 3.386658295624099e-08, 3.049893151950723e-08, 2.7481733522168302e-08, 2.477048444396929e-08, 2.2331841013253157e-08, 2.0114725662609748e-08, 1.8112290639414753e-08, 1.6318252361202286e-08]
W_list: [6.8]
L_list: [10.24921000872529]
