C_final_list: [8.788620570883635e-07, 7.877069238367632e-07, 7.016444823915104e-07, 6.234417280785022e-07, 5.522449185249184e-07, 4.893388017179343e-07, 4.3364905001849403e-07, 3.8343163091575413e-07, 3.3937926509847345e-07, 3.006664485854848e-07, 2.664086092050966e-07, 2.3591616041656176e-07, 2.086494225397729e-07, 1.848869819575359e-07, 1.6368770503430766e-07, 1.447936895479174e-07, 1.2788985538484327e-07, 1.1315599227729985e-07, 1.0002771438191646e-07, 8.84275424209479e-08, 7.802547118215825e-08, 6.867075949023958e-08, 6.043868745732143e-08, 5.296495420152456e-08, 4.649701370396881e-08, 4.0753842669057374e-08, 3.574986856859004e-08, 3.13243066272522e-08, 2.7494121884785557e-08, 2.407263956733897e-08, 2.1044700812947595e-08, 1.835192760888228e-08, 1.6045704378315492e-08, 1.4032162680478041e-08, 1.2299932729189491e-08]
ndim2: 500
W_list: [4.2]
L_list: [8.284872907849719]
