R_list= [ 1  2  3  4  5  6  7  8  9 10 11 12 13 14 15 16 17 18 19 20 21 22 23 24
 25 26 27 28 29 30 31 32 33 34 35 36 37 38]
C_final_list= [1.74575571976605e-07, 1.53046257990417e-07, 1.3258410217577563e-07, 1.1411904320933343e-07, 9.782282198706725e-08, 8.35636911326722e-08, 7.129154349668713e-08, 6.066156146088279e-08, 5.157881871353675e-08, 4.380842167362246e-08, 3.722536100744455e-08, 3.159084144303983e-08, 2.677375098183143e-08, 2.265465588042692e-08, 1.913330512195822e-08, 1.6161090992819044e-08, 1.365901741636008e-08, 1.1532911559667388e-08, 9.71741890262281e-09, 8.191948965198007e-09, 6.9045929721924036e-09, 5.8128773033530265e-09, 4.894231222413606e-09, 4.125972261752807e-09, 3.4735044184931614e-09, 2.924628562363266e-09, 2.4624185652681806e-09, 2.07671097184558e-09, 1.7514650724653518e-09, 1.476323128955994e-09, 1.2430019858915884e-09, 1.0477082779614668e-09, 8.833741835434164e-10, 7.462309381764047e-10, 6.306061939349847e-10, 5.328910681956466e-10, 4.5065289554101734e-10, 3.8055555596630213e-10]
W_list: [8.600000000000001]
L_list: [6.422444577444668]
