R_list= [ 1  2  3  4  5  6  7  8  9 10 11 12 13 14 15 16 17 18 19 20 21 22 23 24
 25 26 27 28 29 30 31 32 33 34 35 36 37 38]
C_final_list= [1.0947687292834173e-06, 6.921202763116625e-07, 4.38602479208139e-07, 2.772414929672346e-07, 1.7449305619415633e-07, 1.0889680529812637e-07, 6.855194239370268e-08, 4.286647249973439e-08, 2.6412397919015894e-08, 1.6248472892080895e-08, 1.0021925199180232e-08, 6.214704745888665e-09, 3.778867785407465e-09, 2.2681721340149083e-09, 1.3874946771904222e-09, 8.327482028147654e-10, 4.976275728995257e-10, 2.9568719800338166e-10, 1.774970413872322e-10, 1.0630487050895564e-10, 6.385531886509402e-11, 3.9886556947721074e-11, 2.358790858844327e-11, 1.4323367538686514e-11, 8.607739270648503e-12, 4.97717327871518e-12, 2.8636805060295938e-12, 1.6316321662517195e-12, 9.362330464584772e-13, 5.330910677662622e-13, 3.114451574176196e-13, 1.9153544252839343e-13, 1.1441667330090744e-13, 6.935002191432486e-14, 4.3766981993974825e-14, 2.5617300195588323e-14, 1.555662740732802e-14, 9.260219008444406e-15]
W_list: [8.200000000000001]
L_list: [2.177261088110018]
