R_list= [ 1  2  3  4  5  6  7  8  9 10 11 12 13 14 15 16 17 18 19 20 21 22 23 24
 25 26 27 28 29 30 31 32 33 34 35 36 37 38]
C_final_list= [2.029690708266998e-06, 1.6445802291328953e-06, 1.3735920654772687e-06, 1.1835784861976618e-06, 1.0198269623202046e-06, 8.743583552727156e-07, 7.52158078211648e-07, 6.51005794442361e-07, 5.641327389137238e-07, 4.87191675171908e-07, 4.1996785934307903e-07, 3.621878909821676e-07, 3.126063355905708e-07, 2.696642655476598e-07, 2.3291524009910104e-07, 2.015272539910834e-07, 1.745507886936289e-07, 1.508637259686764e-07, 1.3010043673440253e-07, 1.1194012217527652e-07, 9.617982302637408e-08, 8.265698904197665e-08, 7.114039701372153e-08, 6.109524122168547e-08, 5.234772391380522e-08, 4.479400765054262e-08, 3.832250097145883e-08, 3.2792922911279625e-08, 2.8050425733169848e-08, 2.4005378429812774e-08, 2.0539633988298382e-08, 1.75147329041871e-08, 1.4879720344655967e-08, 1.2671833297298508e-08, 1.0821244029390562e-08, 9.240752639789702e-09, 7.877583606174552e-09, 6.690859747600179e-09]
W_list: [4]
L_list: [6.403262202526604]
