R_list= [ 1  2  3  4  5  6  7  8  9 10 11 12 13 14 15 16 17 18 19 20 21 22 23 24
 25 26 27 28 29 30 31 32 33 34 35 36 37 38]
C_final_list= [1.1188913905327726e-06, 1.0391573151722596e-06, 9.611143294580885e-07, 8.871852917877682e-07, 8.183616675651837e-07, 7.548853357575942e-07, 6.962234333122616e-07, 6.412822814929384e-07, 5.908857052842221e-07, 5.442406100082552e-07, 5.007101471761481e-07, 4.6039071021092173e-07, 4.234145882002925e-07, 3.891559764957108e-07, 3.5746538630125624e-07, 3.2843721472984006e-07, 3.01803016464204e-07, 2.7753084875384813e-07, 2.5515903649055443e-07, 2.3446017054018185e-07, 2.1547750040526877e-07, 1.9809139445811321e-07, 1.8196092504669557e-07, 1.6722974073592608e-07, 1.5382426095241068e-07, 1.413973997854851e-07, 1.2982503891795072e-07, 1.1915133684491693e-07, 1.093300248853114e-07, 1.0027169509477059e-07, 9.190612989847149e-08, 8.424202338882775e-08, 7.719366019459323e-08, 7.071601334743056e-08, 6.477213406334805e-08, 5.936439871332219e-08, 5.439707957093462e-08, 4.984502113738437e-08]
W_list: [7.0]
L_list: [12.118837110205511]
