R_list= [ 1  2  3  4  5  6  7  8  9 10 11 12 13 14 15 16 17 18 19 20 21 22 23 24
 25 26 27 28 29 30 31 32 33 34 35 36 37 38]
C_final_list= [3.152978214379036e-07, 2.9031769289168944e-07, 2.652226745550759e-07, 2.4143196470990407e-07, 2.1928980861011216e-07, 1.9882303002723045e-07, 1.8024446397643867e-07, 1.63295985228268e-07, 1.4801362302661018e-07, 1.3411211745300492e-07, 1.2139727188848787e-07, 1.0983698604680395e-07, 9.92855495680902e-08, 8.975761838548363e-08, 8.115429239069318e-08, 7.331308957403172e-08, 6.615173122495857e-08, 5.965449406270143e-08, 5.380103637691878e-08, 4.847580041374179e-08, 4.3664651669608965e-08, 3.931333483605514e-08, 3.5368343286793275e-08, 3.1825113651143365e-08, 2.8639763805444957e-08, 2.5779425315144562e-08, 2.319899204375971e-08, 2.0841755713869525e-08, 1.8732701258250013e-08, 1.683230511250295e-08, 1.5123962664681092e-08, 1.3569965765865615e-08, 1.216292254823665e-08, 1.0898336293624028e-08, 9.768028344368277e-09, 8.75715263324955e-09, 7.856886671121309e-09, 7.050737743568311e-09]
W_list: [7.2]
L_list: [10.147123734119178]
