C_final_list: [2.0298587504090626e-06, 1.9189840544021735e-06, 1.8120230383660354e-06, 1.7094449765150994e-06, 1.6122824166693315e-06, 1.5211294516327998e-06, 1.4356038808889418e-06, 1.3550615726038785e-06, 1.2789556438446865e-06, 1.2071354604601436e-06, 1.1399548640170271e-06, 1.0764128095361464e-06, 1.0164267698798124e-06, 9.597621867210166e-07, 9.061060727777333e-07, 8.551930376807986e-07, 8.074734108623799e-07, 7.622742855157841e-07, 7.200605780508077e-07, 6.804064388317891e-07, 6.426507578863311e-07, 6.06752130904792e-07, 5.727800178932124e-07, 5.403190067720952e-07, 5.09624650014052e-07, 4.807042520083599e-07, 4.532901578295691e-07, 4.2754326834903626e-07, 4.034510725774518e-07, 3.804609807725689e-07, 3.5854520369392286e-07, 3.3766030519844295e-07, 3.178513094525571e-07, 2.988502900256451e-07, 2.809936607280694e-07, 2.642085889493371e-07, 2.488515340678755e-07, 2.3433276527101918e-07, 2.2053378163266644e-07, 2.0756569733657138e-07, 1.9526268536192526e-07, 1.8363586863539175e-07, 1.7272344644686526e-07, 1.625006594803056e-07, 1.5290505669927668e-07, 1.4394825882001609e-07, 1.3558050842954795e-07, 1.276635452444477e-07, 1.2017756752676267e-07, 1.1307547424244866e-07]
ndim2: 500
W_list: [2.8499999999999996]
L_list: [17.25503233377047]
