R_list= [ 1  2  3  4  5  6  7  8  9 10 11 12 13 14 15 16 17 18 19 20 21 22 23 24
 25 26 27 28 29 30 31 32 33 34 35 36 37 38]
C_final_list= [1.8584788678872551e-06, 1.1878365053256965e-06, 6.514793443933808e-07, 3.269493168151381e-07, 1.557673873053585e-07, 7.155809424683375e-08, 3.216433973729065e-08, 1.4290028364218847e-08, 6.323022533975694e-09, 2.7990708809181197e-09, 1.2434402345506593e-09, 5.547890192231841e-10, 2.488077940557933e-10, 1.1257862307326799e-10, 5.161761336281658e-11, 2.4028225757534457e-11, 1.1287023964715482e-11, 5.339988353895393e-12, 2.5498002390584867e-12, 1.2410440496808521e-12, 6.129547893010566e-13, 3.083946422160096e-13, 1.6062411465698667e-13, 8.623283949449792e-14, 4.688952266905177e-14, 2.583507743306293e-14, 1.4301899769650077e-14, 7.882384990722104e-15, 4.264448376611963e-15, 2.3058941412740566e-15, 1.246647274642476e-15, 6.917808433379863e-16, 3.845162014423761e-16, 2.145229659635024e-16, 1.1617090405267203e-16, 6.082799231818415e-17, 3.03909626185619e-17, 1.5088381876005475e-17]
W_list: [4]
L_list: [1.802785671075776]
