R_list= [ 1  2  3  4  5  6  7  8  9 10 11 12 13 14 15 16 17 18 19 20 21 22 23 24
 25 26 27 28 29 30 31 32 33 34 35 36 37 38]
C_final_list= [5.442495128613837e-07, 4.4076026061737566e-07, 3.538631978479578e-07, 2.848220608541621e-07, 2.2915109096953585e-07, 1.8405433004606278e-07, 1.4785023931818458e-07, 1.1847034309323073e-07, 9.47604069817138e-08, 7.566444042867403e-08, 6.055020046819517e-08, 4.828956020941661e-08, 3.845163033931555e-08, 3.063583442614638e-08, 2.434417644352457e-08, 1.9273455310652936e-08, 1.5286943225239975e-08, 1.2139943152647776e-08, 9.649843768802412e-09, 7.665132496936965e-09, 6.08890444881536e-09, 4.8234196160910925e-09, 3.817743580537515e-09, 3.012560121376412e-09, 2.3722534682609317e-09, 1.874460678706515e-09, 1.4740753534601154e-09, 1.1624890333068702e-09, 9.145825693322346e-10, 7.201426293148966e-10, 5.685878086335998e-10, 4.5195921363402193e-10, 3.5919555467455014e-10, 2.835554401801461e-10, 2.239080613549847e-10, 1.767838760565674e-10, 1.3960511427128736e-10, 1.1041622635750388e-10]
W_list: [7.4]
L_list: [4.57113382871029]
