R_list= [ 1  2  3  4  5  6  7  8  9 10 11 12 13 14 15 16 17 18 19 20 21 22 23 24
 25 26 27 28 29 30 31 32 33 34 35 36 37 38]
C_final_list= [4.19873697441206e-07, 2.6109911123302166e-07, 1.3798797778111957e-07, 6.641622947027072e-08, 3.02369943700294e-08, 1.3319399109190349e-08, 5.7303091014073344e-09, 2.4159214146948207e-09, 1.0028607004840144e-09, 4.1452984445681453e-10, 1.7290652062883618e-10, 7.341391367623927e-11, 3.1692376029233885e-11, 1.394685381764612e-11, 6.255507730121952e-12, 2.8657125731410955e-12, 1.327107499178617e-12, 6.1532406951994e-13, 2.8255087466470205e-13, 1.2787728104720484e-13, 5.705842096910481e-14, 2.5317323686897297e-14, 1.1047245615956772e-14, 4.750970138406861e-15, 2.0125862800626802e-15, 8.400258694831791e-16, 3.481184771637721e-16, 1.4547314664916414e-16, 6.404411430240276e-17, 3.246834416015383e-17, 2.0367074181322983e-17, 1.3662897990763817e-17, 9.474239491348624e-18, 6.752583510488878e-18, 3.821720834918884e-18, 1.98359632155892e-18, 1.049895649934618e-18, 4.992318753532588e-19]
W_list: [4]
L_list: [1.7197857793290994]
