C_final_list: [1.7079325624736288e-06, 1.6484535100313816e-06, 1.589121262618172e-06, 1.5325517401644248e-06, 1.4779906382301346e-06, 1.4255613199505585e-06, 1.375136686966873e-06, 1.3265089583347631e-06, 1.2793356316357215e-06, 1.2335027590856328e-06, 1.189237591899268e-06, 1.146647047743265e-06, 1.1053333198919802e-06, 1.0655807085301445e-06, 1.0270553758551368e-06, 9.897346690702852e-07, 9.542790965555762e-07, 9.195869296944304e-07, 8.856290079092155e-07, 8.535260976614967e-07, 8.22264842902041e-07, 7.920208670748747e-07, 7.62793200662346e-07, 7.347604657133535e-07, 7.082194573856191e-07, 6.825793314597387e-07, 6.579447528303001e-07, 6.344323511588034e-07, 6.115359189378601e-07, 5.897350380372111e-07, 5.68473482720413e-07, 5.478560876678321e-07, 5.27976339958244e-07, 5.08744000716562e-07, 4.901330296046441e-07, 4.721767730624518e-07, 4.548042715967972e-07, 4.3815395894987604e-07, 4.222094933222805e-07, 4.0679004131594964e-07, 3.919678819394022e-07, 3.7759571407500123e-07, 3.6343032823408485e-07, 3.4987310944875154e-07, 3.369300230261606e-07, 3.2471334074622665e-07, 3.1282869049111017e-07, 3.0122513950404474e-07, 2.8996668877623253e-07, 2.793123873781535e-07]
ndim2: 500
W_list: [3.15]
L_list: [27.172765034970094]
