R_list= [ 1  2  3  4  5  6  7  8  9 10 11 12 13 14 15 16 17 18 19 20 21 22 23 24
 25 26 27 28 29 30 31 32 33 34 35 36 37 38]
C_final_list= [2.01196979103871e-06, 1.8077032892088684e-06, 1.660417312625839e-06, 1.5405715802130923e-06, 1.4262565802130714e-06, 1.3191406240155655e-06, 1.2227123769692962e-06, 1.1346433820964749e-06, 1.0523590539396118e-06, 9.762178744546493e-07, 9.061502822026447e-07, 8.405750385332996e-07, 7.787949881908903e-07, 7.212288298281943e-07, 6.678272618427047e-07, 6.185868536981277e-07, 5.725209730644007e-07, 5.295440308218844e-07, 4.899798192761058e-07, 4.5302918370344533e-07, 4.189344121599683e-07, 3.8718094655338663e-07, 3.575079370564218e-07, 3.299759417848913e-07, 3.047556650741772e-07, 2.8172122027387565e-07, 2.6050975384592624e-07, 2.408018788291412e-07, 2.2255698909913386e-07, 2.0552036422670448e-07, 1.8975250647612942e-07, 1.7520403959889215e-07, 1.6178054036003928e-07, 1.4925898562780155e-07, 1.376991054670097e-07, 1.2705317213426177e-07, 1.1728476651939735e-07, 1.0822988070796022e-07]
W_list: [4]
L_list: [12.876987221454945]
