C_final_list: [1.8575111324196535e-06, 1.8057501268322288e-06, 1.7542720118904234e-06, 1.7051214899212202e-06, 1.6581104765743522e-06, 1.6118384519038267e-06, 1.567602106458443e-06, 1.524645553485362e-06, 1.4827103482219987e-06, 1.4420160617074555e-06, 1.4023346080467082e-06, 1.3643022290938332e-06, 1.3268313474608088e-06, 1.2900032008064477e-06, 1.2538777100537364e-06, 1.2192883879661544e-06, 1.1855174730726795e-06, 1.1527201992125207e-06, 1.1210626489184547e-06, 1.0906899022815012e-06, 1.060819077864442e-06, 1.0314199981989186e-06, 1.002845392700853e-06, 9.74981321598349e-07, 9.478995224204158e-07, 9.211985677318252e-07, 8.954464980711165e-07, 8.703559626097981e-07, 8.459679507975087e-07, 8.222612909624115e-07, 7.992718643531257e-07, 7.767255813025973e-07, 7.549954497858605e-07, 7.337137611222581e-07, 7.130474970245274e-07, 6.925868632176427e-07, 6.726735560024581e-07, 6.534078006600805e-07, 6.347373501050509e-07, 6.165253068437637e-07, 5.98420061837648e-07, 5.807855404069994e-07, 5.634515000839485e-07, 5.464911531082548e-07, 5.300596897092586e-07, 5.141429050275333e-07, 4.986265069315463e-07, 4.836779917992677e-07, 4.69163152508563e-07, 4.5499228734981535e-07]
ndim2: 500
W_list: [2.9]
L_list: [35.359394050528586]
