C_final_list: [1.3788595407893278e-06, 1.3505626188757666e-06, 1.3216338180656832e-06, 1.2936459047524944e-06, 1.2660991745853982e-06, 1.2392142892562008e-06, 1.2130388314080655e-06, 1.1875034312091023e-06, 1.1623719997979307e-06, 1.1379502679444105e-06, 1.11409436041241e-06, 1.090633227262633e-06, 1.0676261511943124e-06, 1.0452083248306599e-06, 1.0230125934751696e-06, 1.0010891032751123e-06, 9.796908943517858e-07, 9.582249722321022e-07, 9.373790329079269e-07, 9.168620384692696e-07, 8.96816234610693e-07, 8.772800618262698e-07, 8.580521098770174e-07, 8.393126031312659e-07, 8.209224737386431e-07, 8.028675464751423e-07, 7.849938339844528e-07, 7.676895376265358e-07, 7.507517531801693e-07, 7.342044944421113e-07, 7.178062513621422e-07, 7.019049214890422e-07, 6.864033745606349e-07, 6.71279129531613e-07, 6.563561420637e-07]
ndim2: 500
W_list: [2.8]
L_list: [45.995870847401086]
