R_list= [ 1  2  3  4  5  6  7  8  9 10 11 12 13 14 15 16 17 18 19 20 21 22 23 24
 25 26 27 28 29 30 31 32 33 34 35 36 37 38]
C_final_list= [1.0123932982695922e-06, 9.32886431326559e-07, 8.544591305796211e-07, 7.812255083150992e-07, 7.143410662554195e-07, 6.531100875700746e-07, 5.971024111282116e-07, 5.463165666611272e-07, 5.001830271681874e-07, 4.5775266821727377e-07, 4.184324672583693e-07, 3.8217344915366173e-07, 3.4887164236088045e-07, 3.183153840745629e-07, 2.9030070311044204e-07, 2.6483427841626807e-07, 2.417167890050974e-07, 2.204787457608112e-07, 2.0103628916745957e-07, 1.8326733665400615e-07, 1.6709503374319564e-07, 1.5228746796506216e-07, 1.3875854181609235e-07, 1.2636574504330798e-07, 1.1506846765081326e-07, 1.0468284251032606e-07, 9.516311041236038e-08, 8.647386654648619e-08, 7.855388613009621e-08, 7.138773904460753e-08, 6.485311803421543e-08, 5.890464445944741e-08, 5.3479553100140496e-08, 4.853011749737623e-08, 4.4026868089493966e-08, 3.995320000655364e-08, 3.6254429128871897e-08, 3.292253239806445e-08]
W_list: [7.2]
L_list: [11.087953020505786]
