C_final_list: [1.7702130228979907e-06, 1.706988012244822e-06, 1.645183634566153e-06, 1.5853148602908294e-06, 1.5286981559047414e-06, 1.4741743665940759e-06, 1.4217886918087198e-06, 1.371167499981575e-06, 1.3217015577770238e-06, 1.2747870651845903e-06, 1.2291897965597883e-06, 1.1850592127673974e-06, 1.1425775438870703e-06, 1.1016703200172654e-06, 1.0616791515444675e-06, 1.0231424507364935e-06, 9.857959127166724e-07, 9.495979290734866e-07, 9.143953175937983e-07, 8.803733089533654e-07, 8.475812626637245e-07, 8.15299332589498e-07, 7.843712380159256e-07, 7.546033718213508e-07, 7.255307061574488e-07, 6.975355991253435e-07, 6.710123913825691e-07, 6.453688789903409e-07, 6.206993985278265e-07, 5.967826637026373e-07, 5.736491171892522e-07, 5.513438721011887e-07, 5.297050335190018e-07, 5.089665836442723e-07, 4.889194516132375e-07, 4.697138592866963e-07, 4.512658071842625e-07, 4.3372835166225277e-07, 4.1678127907128236e-07, 4.0039951140823694e-07, 3.847046791706207e-07, 3.694993235054262e-07, 3.5501363626081543e-07, 3.413310858472663e-07, 3.2813406062007653e-07, 3.1532735375126167e-07, 3.030246032119653e-07, 2.9105168896300355e-07, 2.7955092891644276e-07, 2.685015703174223e-07]
ndim2: 500
W_list: [3.2]
L_list: [26.437889610308964]
