C_final_list: [6.859406921948127e-07, 6.508934096465835e-07, 6.146958538446769e-07, 5.79367870373265e-07, 5.449762884690774e-07, 5.129695662550096e-07, 4.822198122284528e-07, 4.5312076695534013e-07, 4.2585613470417293e-07, 4.003783242625325e-07, 3.766679549300911e-07, 3.54016409360634e-07, 3.327030899716309e-07, 3.125806004968635e-07, 2.93564526089306e-07, 2.756224825220066e-07, 2.587741576586671e-07, 2.4278101482360304e-07, 2.2786424472331152e-07, 2.1389100978205925e-07, 2.0075513769205614e-07, 1.8860565045970198e-07, 1.7693626687233536e-07, 1.6611746947701313e-07, 1.5586915639682574e-07, 1.462119501419959e-07, 1.371265042164736e-07, 1.2857363089730634e-07, 1.20580548162074e-07, 1.1301804409440303e-07, 1.0599826779651292e-07, 9.929095814036903e-08, 9.298352335838598e-08, 8.698099585615726e-08, 8.138231122875252e-08]
ndim2: 500
W_list: [3.0]
L_list: [16.13209676260337]
