R_list= [ 1  2  3  4  5  6  7  8  9 10 11 12 13 14 15 16 17 18 19 20 21 22 23 24
 25 26 27 28 29 30 31 32 33 34 35 36 37 38]
C_final_list= [3.6089898762823306e-05, 2.3600664886371103e-05, 1.5405506392522583e-05, 1.0029745259571468e-05, 6.501049508629634e-06, 4.2156139263171036e-06, 2.7295933807203408e-06, 1.7712335107186514e-06, 1.1485774544250459e-06, 7.433745065168623e-07, 4.814419111708932e-07, 3.1075004382630663e-07, 1.9966117862534885e-07, 1.2887181268617136e-07, 8.316426423489265e-08, 5.332579445270185e-08, 3.4022144028385164e-08, 2.1826595179179597e-08, 1.3998237740915847e-08, 9.005758911114554e-09, 5.76785906060719e-09, 3.6992091187588406e-09, 2.360678894694401e-09, 1.5199803060409604e-09, 9.874108332092885e-10, 6.355218554967807e-10, 4.0938321863229073e-10, 2.654721729472948e-10, 1.7465021230470007e-10, 1.1331184563150376e-10, 7.373776324354751e-11, 4.806612338754191e-11, 3.0730973448820904e-11, 1.9255678028377267e-11, 1.2033354849389299e-11, 7.403176299097575e-12, 4.668911145876145e-12, 2.9541905392539746e-12]
W_list: [8.15]
L_list: [2.3370765750546183]
