R_list= [ 1  2  3  4  5  6  7  8  9 10 11 12 13 14 15 16 17 18 19 20 21 22 23 24
 25 26 27 28 29 30 31 32 33 34 35 36 37 38]
C_final_list= [9.279435068806887e-07, 8.216093528841212e-07, 7.24994558216962e-07, 6.403185260388819e-07, 5.664142631188032e-07, 5.00657119184926e-07, 4.4217848559277723e-07, 3.90285920890637e-07, 3.443185306321401e-07, 3.033704035323905e-07, 2.6711439607914917e-07, 2.3484717668208436e-07, 2.064434059584481e-07, 1.8149844189100308e-07, 1.592745117236248e-07, 1.395884291716598e-07, 1.2211069957378853e-07, 1.0661409149425176e-07, 9.314057446396859e-08, 8.118110986753868e-08, 7.089356790105606e-08, 6.184112941047432e-08, 5.404391936602976e-08, 4.72152925644055e-08, 4.121211756069032e-08, 3.592564333967361e-08, 3.1246942482172754e-08, 2.7190439335497e-08, 2.371051925766009e-08, 2.064512686828536e-08, 1.8011724988071117e-08, 1.5729319475106495e-08, 1.374184386090025e-08, 1.200140782709107e-08, 1.0492950816859942e-08, 9.150585639417465e-09, 8.003575510711238e-09, 6.993347670159266e-09]
W_list: [6]
L_list: [7.920969791558338]
