R_list= [ 1  2  3  4  5  6  7  8  9 10 11 12 13 14 15 16 17 18 19 20 21 22 23 24
 25 26 27 28 29 30 31 32 33 34 35 36 37 38]
C_final_list= [2.686067479779641e-06, 2.1020948599888888e-06, 1.6284128349929057e-06, 1.2566527641176784e-06, 9.671670550501177e-07, 7.418370226026115e-07, 5.706929377110867e-07, 4.3753271038589986e-07, 3.353496512724524e-07, 2.572286611928036e-07, 1.9701362474344765e-07, 1.5082898372682394e-07, 1.1561248383841929e-07, 8.874934550041058e-08, 6.811104784824756e-08, 5.215655653154625e-08, 3.99224502631273e-08, 3.054644933597917e-08, 2.329341263927687e-08, 1.7777064226555308e-08, 1.3528024289316064e-08, 1.0237252984186728e-08, 7.736752131404156e-09, 5.87635164310821e-09, 4.4566324209909894e-09, 3.373683715623502e-09, 2.570818284268876e-09, 1.9604172460387426e-09, 1.4897034386807993e-09, 1.1257254664951626e-09, 8.551902300875977e-10, 6.53085513228948e-10, 5.001521807700752e-10, 3.830860114797984e-10, 2.964925220774058e-10, 2.3101970840670114e-10, 1.8012085188648926e-10, 1.3948561107813166e-10]
W_list: [8.8]
L_list: [3.870364423223813]
