C_final_list: [2.0781897880557764e-06, 2.0355199372525815e-06, 1.9926154107986504e-06, 1.9510726408175694e-06, 1.9103894131366476e-06, 1.8708010752039555e-06, 1.8316275228446196e-06, 1.7934616917990033e-06, 1.7562371671678047e-06, 1.7196754275514461e-06, 1.6839545439342124e-06, 1.6484471942816252e-06, 1.6134816646293786e-06, 1.5790827345190759e-06, 1.5458074284492323e-06, 1.5131937449151972e-06, 1.4812660770054979e-06, 1.450167908295264e-06, 1.4193862345879814e-06, 1.3892804718373537e-06, 1.3594402707842441e-06, 1.3301671160653403e-06, 1.3013128733044503e-06, 1.2732792097699085e-06, 1.2455221619711726e-06, 1.2183278673543738e-06, 1.1917931888244517e-06, 1.16549094227266e-06, 1.1399007950043634e-06, 1.1152684286397578e-06, 1.091000143359599e-06, 1.0674143927342726e-06, 1.0442180334372502e-06, 1.0215546839578695e-06, 9.99592784011547e-07]
ndim2: 500
W_list: [2.4]
L_list: [46.59536262896332]
