R_list= [ 1  2  3  4  5  6  7  8  9 10 11 12 13 14 15 16 17 18 19 20 21 22 23 24
 25 26 27 28 29 30 31 32 33 34 35 36 37 38]
C_final_list= [4.0033024475079023e-07, 3.64093940160308e-07, 3.2795839175002546e-07, 2.936558832116373e-07, 2.621911757739353e-07, 2.3366575420453988e-07, 2.079017274162492e-07, 1.8491143179036156e-07, 1.6432556328773176e-07, 1.4587174456019656e-07, 1.2945408376882965e-07, 1.1494636308734157e-07, 1.020965065815075e-07, 9.066074682567735e-08, 8.046089544080926e-08, 7.131585606382245e-08, 6.316309352053788e-08, 5.5871332627856546e-08, 4.9428533301350406e-08, 4.372534562221949e-08, 3.8733078446140484e-08, 3.4313804725060496e-08, 3.039434161773516e-08, 2.6894719314213238e-08, 2.3757931366277975e-08, 2.0960407349475065e-08, 1.8457333627735735e-08, 1.6226243973191405e-08, 1.424952228437963e-08, 1.249366427693514e-08, 1.0963628981463027e-08, 9.628724435622938e-09, 8.459936417958964e-09, 7.431704732518143e-09, 6.5310069963511314e-09, 5.733576456812878e-09, 5.028193855596223e-09, 4.407512305965887e-09]
W_list: [8.4]
L_list: [8.652322312613823]
