R_list= [ 1  2  3  4  5  6  7  8  9 10 11 12 13 14 15 16 17 18 19 20 21 22 23 24
 25 26 27 28 29 30 31 32 33 34 35 36 37 38]
C_final_list= [7.407609033872264e-07, 4.953339951582418e-07, 3.3501233189135963e-07, 2.3137334920148792e-07, 1.6006873963863408e-07, 1.1018734401693004e-07, 7.570517311963354e-08, 5.196598241252259e-08, 3.554549368433315e-08, 2.430546515030686e-08, 1.657813106915007e-08, 1.1346943366735821e-08, 7.738405539928205e-09, 5.293361556040523e-09, 3.623339123339988e-09, 2.4618033128085544e-09, 1.663652663747604e-09, 1.1192313071238443e-09, 7.420979127724431e-10, 4.90272507041706e-10, 3.257221827438428e-10, 2.1592878991668266e-10, 1.4300976318861026e-10, 9.599729682206776e-11, 6.495827631316686e-11, 4.433019295478682e-11, 3.088390749994124e-11, 2.142302191814115e-11, 1.467583362907797e-11, 1.0145387556872512e-11, 7.061041640739575e-12, 4.8260821618878605e-12, 3.2373426701331043e-12, 2.1567454994798067e-12, 1.464403380622852e-12, 9.998862469300142e-13, 6.780858229534432e-13, 4.5467608085715827e-13]
W_list: [6]
L_list: [2.593692754941846]
