C_final_list: [1.880191964165745e-06, 1.8245227931048913e-06, 1.7694008964849704e-06, 1.7159851167996478e-06, 1.6637124799205595e-06, 1.6137044205658678e-06, 1.564335032931245e-06, 1.5177598938861839e-06, 1.4720444523649883e-06, 1.4273628772524402e-06, 1.3846984200515035e-06, 1.342841272857673e-06, 1.3025450600256196e-06, 1.2627411993384272e-06, 1.2240033476883128e-06, 1.1869768999712336e-06, 1.1513101298950247e-06, 1.1163656603719764e-06, 1.082656127655586e-06, 1.0499768381007045e-06, 1.0187193290382692e-06, 9.881801425216047e-07, 9.586146032045127e-07, 9.299007867885526e-07, 9.016294222701355e-07, 8.741479955354914e-07, 8.472323932816371e-07, 8.21273253149253e-07, 7.963411076933968e-07, 7.71940447747016e-07, 7.481055653674986e-07, 7.247103336627077e-07, 7.021915213794788e-07, 6.804084514591846e-07, 6.592901915608524e-07, 6.387931715330283e-07, 6.187578878024832e-07, 5.996162819934707e-07, 5.808034542976104e-07, 5.624563047517223e-07, 5.447285656034668e-07, 5.275395330428308e-07, 5.109586580027442e-07, 4.94756199938132e-07, 4.78878451158364e-07, 4.636888072273519e-07, 4.489542003442254e-07, 4.346759227933935e-07, 4.2079188202980857e-07, 4.073929359343295e-07]
ndim2: 500
W_list: [3.0]
L_list: [32.34675374049471]
