R_list= [ 1  2  3  4  5  6  7  8  9 10 11 12 13 14 15 16 17 18 19 20 21 22 23 24
 25 26 27 28 29 30 31 32 33 34 35 36 37 38]
C_final_list= [3.9195838224203726e-07, 3.6312745226482884e-07, 3.339933805914247e-07, 3.060710497921926e-07, 2.795775439817278e-07, 2.5529049697117955e-07, 2.328856537413517e-07, 2.1239654812276564e-07, 1.9361151654294088e-07, 1.7638020324942944e-07, 1.6049992301299756e-07, 1.4599249993967875e-07, 1.3271803305013556e-07, 1.206951069783784e-07, 1.0980605257942633e-07, 9.983598272806372e-08, 9.074090532201107e-08, 8.246605555238403e-08, 7.484723476953778e-08, 6.786590184616117e-08, 6.157300816920017e-08, 5.589916709704658e-08, 5.0785000319072945e-08, 4.6134328718532755e-08, 4.1913258910070386e-08, 3.8103091572365567e-08, 3.46282139032167e-08, 3.1429694340400174e-08, 2.8538610504238756e-08, 2.5891382323463548e-08, 2.3479858591514398e-08, 2.1297586213168216e-08, 1.931008335220286e-08, 1.748715345652131e-08, 1.5835065654862453e-08, 1.434001682934298e-08, 1.2972187840370043e-08, 1.1731415513189436e-08]
W_list: [7.6]
L_list: [10.825341131948914]
