R_list= [ 1  2  3  4  5  6  7  8  9 10 11 12 13 14 15 16 17 18 19 20 21 22 23 24
 25 26 27 28 29 30 31 32 33 34 35 36 37 38]
C_final_list= [1.003504802749064e-06, 6.08656680520038e-07, 3.7551146152721227e-07, 2.3161037488700404e-07, 1.4184047351851784e-07, 8.534407872369058e-08, 5.11621308519776e-08, 3.091661632860274e-08, 1.8662624026505248e-08, 1.1195360575090681e-08, 6.622259668335049e-09, 3.95692741005034e-09, 2.369312040654935e-09, 1.4180039788931953e-09, 8.561730002179734e-10, 5.368483423459799e-10, 3.3129501493364456e-10, 2.0003883913962964e-10, 1.200106327996419e-10, 7.097858365077448e-11, 4.237750385668159e-11, 2.519374699388288e-11, 1.5180462407750018e-11, 8.877941959838873e-12, 5.2831444959710684e-12, 3.2151756715042987e-12, 1.963280752325404e-12, 1.1925270388871963e-12, 7.50746891874039e-13, 4.2540359996179873e-13, 2.486564188777605e-13, 1.657252125157977e-13, 1.0242204596274894e-13, 6.141823987625699e-14, 4.3889280051183094e-14, 3.2947044717044873e-14, 1.9115979168559068e-14, 9.83991871987617e-15]
W_list: [8.600000000000001]
L_list: [2.032435558255502]
