C_list:
1.5926258600180172e-06 0.10212258553906246
ndim2: 500
W_list: [2.6]
L_list: [9.792153172791481]
