R_list= [ 1  2  3  4  5  6  7  8  9 10 11 12 13 14 15 16 17 18 19 20 21 22 23 24
 25 26 27 28 29 30 31 32 33 34 35 36 37 38]
C_final_list= [2.4169421579870594e-07, 2.1565209548665212e-07, 1.8995963992031946e-07, 1.6621335141992226e-07, 1.4490952013332547e-07, 1.2602425515660598e-07, 1.0954180590353672e-07, 9.502092706667873e-08, 8.239758980204048e-08, 7.14856250784309e-08, 6.192001675553593e-08, 5.358206508923297e-08, 4.636019491004632e-08, 4.011951916681725e-08, 3.4694176115080824e-08, 2.9984962360107436e-08, 2.5880192085059997e-08, 2.2349182189450657e-08, 1.9309542918601694e-08, 1.669962812511358e-08, 1.4439047514223476e-08, 1.2479374599510143e-08, 1.0799373694962935e-08, 9.328482055164181e-09, 8.05154508964021e-09, 6.946431879825117e-09, 5.996106911927311e-09, 5.170493310991694e-09, 4.4588512890359925e-09, 3.84413059592862e-09, 3.3105409845259715e-09, 2.846295001676707e-09, 2.4487815095798876e-09, 2.099289243802156e-09, 1.7992957236280224e-09, 1.544838594089457e-09, 1.326059405265003e-09, 1.1391683707040997e-09]
W_list: [8.6]
L_list: [7.240519393528517]
