C_final_list: [1.8275332746002476e-06, 1.8046438840355561e-06, 1.7820954105659187e-06, 1.760373185420358e-06, 1.7390213560619104e-06, 1.7181962902428384e-06, 1.6976650988731214e-06, 1.6770417035767292e-06, 1.6572536297770486e-06, 1.637737199739648e-06, 1.618361433293749e-06, 1.5993260943439946e-06, 1.5805708145814466e-06, 1.5618883676888716e-06, 1.5434363826174006e-06, 1.5253005694847562e-06, 1.5071696782045249e-06, 1.4891462238373036e-06, 1.4715084083299308e-06, 1.4540821605248924e-06, 1.4368956051629647e-06, 1.4198410356923751e-06, 1.402938834151865e-06, 1.386374582364599e-06, 1.3699484198903049e-06, 1.3535475815761336e-06, 1.3374780580261588e-06, 1.3215961742374414e-06, 1.3059269205043445e-06, 1.2902271378000262e-06, 1.2748044810349478e-06, 1.2595540208438736e-06, 1.244350957708264e-06, 1.229363864446325e-06, 1.2144037670981493e-06, 1.1996697067206992e-06, 1.1850526672798324e-06, 1.170540941702986e-06, 1.1561681461509998e-06, 1.142045558593944e-06, 1.1280344686050593e-06, 1.114043725116737e-06, 1.100321950654054e-06, 1.0865370797383561e-06, 1.0730739873865127e-06, 1.0598192123597796e-06, 1.0468387546345707e-06, 1.0338223833839386e-06, 1.0211568193071011e-06, 1.0085712462535331e-06]
ndim2: 500
W_list: [2.8]
L_list: [83.03278582518674]
