C_list:
1.8283571157137382e-06 0.3101850663491796
ndim2: 500
W_list: [4.0]
L_list: [3.2238818321262643]
