C_final_list: [1.984426385527005e-06, 1.9460904458371106e-06, 1.907195597742961e-06, 1.869762406660923e-06, 1.8329394751405077e-06, 1.7966076560144427e-06, 1.7607838030793604e-06, 1.725594455966326e-06, 1.691106528531998e-06, 1.6571957161419834e-06, 1.623957615518787e-06, 1.591525876881186e-06, 1.5600652697951645e-06, 1.5285691483967699e-06, 1.4977501378016857e-06, 1.4675920442878661e-06, 1.4387606957301663e-06, 1.4098457116201685e-06, 1.3816717712028684e-06, 1.3540634076924048e-06, 1.3271009844560658e-06, 1.3005975866627004e-06, 1.2744340370269474e-06, 1.248774705822703e-06, 1.2235911957207488e-06, 1.198424784906358e-06, 1.174123513907345e-06, 1.150004021487041e-06, 1.1262367767329477e-06, 1.1028996034590423e-06, 1.0798474222000132e-06, 1.0574067639653083e-06, 1.0356326618395607e-06, 1.0141089406284053e-06, 9.928057471079925e-07]
ndim2: 500
W_list: [2.0]
L_list: [49.300696031434]
