R_list= [ 1  2  3  4  5  6  7  8  9 10 11 12 13 14 15 16 17 18 19 20 21 22 23 24
 25 26 27 28 29 30 31 32 33 34 35 36 37 38]
C_final_list= [2.3584787853436322e-07, 2.0986550231836011e-07, 1.8479278849992608e-07, 1.6167523312613059e-07, 1.4087455502151257e-07, 1.226257961759281e-07, 1.0654227590921086e-07, 9.238963211170529e-08, 8.01452180720523e-08, 6.950427663813826e-08, 6.021634418225635e-08, 5.217464094457403e-08, 4.516767579321024e-08, 3.908584603528615e-08, 3.381613147220037e-08, 2.9238259310559075e-08, 2.524798469969171e-08, 2.180515513588187e-08, 1.8787513438427396e-08, 1.6153187346943563e-08, 1.3889096091509711e-08, 1.1953863883420384e-08, 1.028923128445762e-08, 8.852925000493335e-09, 7.61493864621748e-09, 6.550009707830517e-09, 5.632813828613103e-09, 4.8430152304361386e-09, 4.161686710361983e-09, 3.578093465057481e-09, 3.0775619776458307e-09, 2.6469260805799024e-09, 2.2789800236424204e-09, 1.960801108744943e-09, 1.6867601970935383e-09, 1.4510083711658078e-09, 1.249586698491727e-09, 1.0754093354944637e-09]
W_list: [8.6]
L_list: [7.225875433190372]
