C_list:
1.7300387931532975e-06 0.05304260890578897
ndim2: 500
W_list: [1.7999999999999998]
L_list: [18.852768003476953]
