C_final_list: [1.975188505443531e-06, 1.9274413899220492e-06, 1.8803359207705002e-06, 1.834212172994607e-06, 1.7891842282126065e-06, 1.745280750409262e-06, 1.7028924640712946e-06, 1.661207936313566e-06, 1.6208762209798652e-06, 1.58142964082145e-06, 1.5431179487240747e-06, 1.5058603362552633e-06, 1.4698038259206506e-06, 1.434476344458852e-06, 1.3995844923428673e-06, 1.3654276336958353e-06, 1.332154088836912e-06, 1.2993148056529362e-06, 1.267129294027671e-06, 1.23561303457859e-06, 1.2048927840766154e-06, 1.1749433836870558e-06, 1.1460727753515013e-06, 1.1175292990746261e-06, 1.0899123853074643e-06, 1.0627906179875317e-06, 1.0365091302036073e-06, 1.0107570338337828e-06, 9.856233785509814e-07, 9.61296103223935e-07, 9.37605716641344e-07, 9.144323307423252e-07, 8.917124760200839e-07, 8.695728829065002e-07, 8.480722280839262e-07]
ndim2: 500
W_list: [2.6]
L_list: [40.305097302959254]
