R_list= [ 1  2  3  4  5  6  7  8  9 10 11 12 13 14 15 16 17 18 19 20 21 22 23 24
 25 26 27 28 29 30 31 32 33 34 35 36 37 38]
C_final_list= [8.528311437736913e-07, 7.731323925576722e-07, 6.967822093382512e-07, 6.25414749806033e-07, 5.607147714157656e-07, 5.026325128786342e-07, 4.5050329942936674e-07, 4.035910281532012e-07, 3.613151258326481e-07, 3.236906052743875e-07, 2.89933859864426e-07, 2.5958950317212795e-07, 2.3258130990377727e-07, 2.0837849725179562e-07, 1.8679079502876873e-07, 1.6732033235128087e-07, 1.4970313727000053e-07, 1.3386609412869044e-07, 1.196520597156725e-07, 1.0673456349526153e-07, 9.520338417915647e-08, 8.487794093431131e-08, 7.559644891138377e-08, 6.738836290632127e-08, 6.000837646566456e-08, 5.3417547559457096e-08, 4.7531712113069554e-08, 4.2272651751967484e-08, 3.756942001256503e-08, 3.337414779342829e-08, 2.9623929836719052e-08, 2.626891487964982e-08, 2.3313449229654213e-08, 2.0662951547262305e-08, 1.8311303633772645e-08, 1.6218416220690706e-08, 1.4365895413569897e-08, 1.2725031996570524e-08]
W_list: [7.6]
L_list: [9.138421237229132]
