C_list:
1.9861108605590044e-06 0.13907488056485348
ndim2: 500
W_list: [2.4]
L_list: [7.190371085982558]
