C_final_list: [2.213932710854506e-06, 2.0839176741441316e-06, 2.0060692018191805e-06, 1.91495820493517e-06, 1.825222430597268e-06, 1.7433703076354342e-06, 1.665383155304398e-06, 1.5905047476244374e-06, 1.518164853165897e-06, 1.4487122698863636e-06, 1.382550525631211e-06, 1.3205535112880835e-06, 1.2604087518949275e-06, 1.203307040373516e-06, 1.1481198121204891e-06, 1.0952265552875783e-06, 1.0451734029578338e-06, 9.972743831127448e-07, 9.526479211758029e-07, 9.08702741988494e-07, 8.668355594363175e-07, 8.273077552421123e-07, 7.897089005931915e-07, 7.536024431537581e-07, 7.191688377425362e-07, 6.866173196631797e-07, 6.54967695420425e-07, 6.245909772699891e-07, 5.964820823304645e-07, 5.692107326579995e-07, 5.429686739070105e-07, 5.181510137445492e-07, 4.941445504675844e-07, 4.7094885981798936e-07, 4.4880291860066525e-07]
ndim2: 500
W_list: [1.0]
L_list: [21.454930628702922]
