R_list= [ 1  2  3  4  5  6  7  8  9 10 11 12 13 14 15 16 17 18 19 20 21 22 23 24
 25 26 27 28 29 30 31 32 33 34 35 36 37 38]
C_final_list= [8.959805002800549e-07, 7.252451906419055e-07, 5.963036764802739e-07, 4.912069526295484e-07, 4.049878193743138e-07, 3.346904088557052e-07, 2.769109425026146e-07, 2.2828647204745658e-07, 1.8807733957933762e-07, 1.5485255971175396e-07, 1.273916718386676e-07, 1.0470729100795332e-07, 8.580572399617085e-08, 7.025714828097087e-08, 5.7538171016033725e-08, 4.707803103188296e-08, 3.846795649107788e-08, 3.132467773632976e-08, 2.552821285827681e-08, 2.079224658397667e-08, 1.6936376454435318e-08, 1.378358296598604e-08, 1.1198053884298965e-08, 9.115380582946138e-09, 7.432092986337186e-09, 6.054606868957383e-09, 4.932875872303004e-09, 4.022373614198582e-09, 3.2662162508107457e-09, 2.637772451522611e-09, 2.1228981624936243e-09, 1.7084759951562808e-09, 1.3742917672689888e-09, 1.105350723467504e-09, 8.904744458325383e-10, 7.191747290202809e-10, 5.809305195799518e-10, 4.684313428862833e-10]
W_list: [6]
L_list: [5.1122042516496125]
