R_list= [ 1  2  3  4  5  6  7  8  9 10 11 12 13 14 15 16 17 18 19 20 21 22 23 24
 25 26 27 28 29 30 31 32 33 34 35 36 37 38]
C_final_list= [5.164095847809945e-07, 4.2142069489214973e-07, 3.3865105462351815e-07, 2.727644046331593e-07, 2.200727160311285e-07, 1.7749679048853565e-07, 1.4282782252611533e-07, 1.1494017003766462e-07, 9.26118310328196e-08, 7.460566855820891e-08, 6.000817418332486e-08, 4.8221424075848957e-08, 3.87749390517933e-08, 3.115371006447992e-08, 2.4990010008270047e-08, 2.003707889882215e-08, 1.6081489080862633e-08, 1.2913728855302189e-08, 1.033366283360594e-08, 8.224828189814357e-09, 6.5397734420629505e-09, 5.2059422185792105e-09, 4.139337661148479e-09, 3.2941203251430794e-09, 2.6199639862592055e-09, 2.0799356430297593e-09, 1.649556530793681e-09, 1.3020023785454212e-09, 1.0270379001204647e-09, 8.10405141172887e-10, 6.387337586220586e-10, 5.031529215390354e-10, 3.9715999707855576e-10, 3.151124762423462e-10, 2.498116191742792e-10, 1.9793177690242895e-10, 1.5630272382158618e-10, 1.2306524894106153e-10]
W_list: [5]
L_list: [4.6491959030203285]
