R_list= [ 1  2  3  4  5  6  7  8  9 10 11 12 13 14 15 16 17 18 19 20 21 22 23 24
 25 26 27 28 29 30 31 32 33 34 35 36 37 38]
C_final_list= [5.824205886556787e-07, 5.26793507672819e-07, 4.7310110288773256e-07, 4.234916803475377e-07, 3.7833854009117556e-07, 3.3827498494694313e-07, 3.026215778873887e-07, 2.7045944262860135e-07, 2.418114931448076e-07, 2.1605109286186997e-07, 1.9307065490342749e-07, 1.7251831308892364e-07, 1.542202259726673e-07, 1.377165092558876e-07, 1.2293478108586286e-07, 1.0981002515142082e-07, 9.800582041982785e-08, 8.738677148970789e-08, 7.781811585253682e-08, 6.928511070389103e-08, 6.15545352774035e-08, 5.466739423361003e-08, 4.85735991375328e-08, 4.313699243105222e-08, 3.831916943019527e-08, 3.404115394864405e-08, 3.0250025614774284e-08, 2.6888656807793755e-08, 2.390343030274859e-08, 2.1246193910900538e-08, 1.8889066626530123e-08, 1.679010598453095e-08, 1.490560144869602e-08, 1.3200236619326e-08, 1.1689793208032727e-08, 1.0360365423487035e-08, 9.178857061101279e-09, 8.137993133966153e-09]
W_list: [7.2]
L_list: [8.93209457032976]
