C_final_list: [2.0086546659845506e-06, 1.964656738310173e-06, 1.9210681718747694e-06, 1.878801823040262e-06, 1.8378427365663716e-06, 1.7977434923477936e-06, 1.758478234330602e-06, 1.7201167361852393e-06, 1.682266737935183e-06, 1.645437754872684e-06, 1.6097532224224483e-06, 1.5747025917336874e-06, 1.5406284148796133e-06, 1.5070308825741007e-06, 1.474286885532832e-06, 1.442050471263112e-06, 1.4102309998077969e-06, 1.3792066444218843e-06, 1.3490836862989417e-06, 1.319731121188726e-06, 1.2905853737550028e-06, 1.26199584536378e-06, 1.2341915288742256e-06, 1.2070437310270877e-06, 1.180590524934342e-06, 1.1546150362509575e-06, 1.129258117468314e-06, 1.1044551999307537e-06, 1.0804828064714632e-06, 1.0565071336596251e-06, 1.032799459824513e-06, 1.0096832792418165e-06, 9.8706122722858e-07, 9.646746739598018e-07, 9.429669802452266e-07, 9.215563964988706e-07, 9.009103532508795e-07, 8.80562316242078e-07, 8.604966157348831e-07, 8.408063700340579e-07, 8.214078645005591e-07, 8.026387743280063e-07, 7.841374211216794e-07, 7.662346785472002e-07, 7.485269893840642e-07, 7.313246634350407e-07, 7.145605008547746e-07, 6.981911340890969e-07, 6.821875886867795e-07, 6.666134356018402e-07]
ndim2: 500
W_list: [2.6]
L_list: [44.76950247311962]
