R_list= [ 1  2  3  4  5  6  7  8  9 10 11 12 13 14 15 16 17 18 19 20 21 22 23 24
 25 26 27 28 29 30 31 32 33 34 35 36 37 38]
C_final_list= [4.097453258494217e-07, 2.5459561289597936e-07, 1.3432477114655263e-07, 6.423771664346254e-08, 2.8918291731884987e-08, 1.2562934393207982e-08, 5.342463126047734e-09, 2.2513031761532408e-09, 9.48776582478986e-10, 4.0114750152591666e-10, 1.7028555447720119e-10, 7.278541643256834e-11, 3.1443188293523646e-11, 1.3809874077852495e-11, 6.190504070049875e-12, 2.815324581156501e-12, 1.285337631753382e-12, 5.850031391318217e-13, 2.6337835898266567e-13, 1.1764647938064143e-13, 5.2611088258477106e-14, 2.3680482838591168e-14, 1.0743134247601083e-14, 4.914148248376297e-15, 2.264890604892658e-15, 1.050416999341053e-15, 4.943956384160122e-16, 2.3856112411897595e-16, 1.1351564487796227e-16, 5.2454343945394007e-17, 2.4036202319009943e-17, 1.0947477695672984e-17, 4.973992289263727e-18, 2.2914457723699933e-18, 1.0613713323341276e-18, 4.976794212494456e-19, 2.4150178290640994e-19, 1.249972524940883e-19]
W_list: [4]
L_list: [1.7141753320890647]
