R_list= [ 1  2  3  4  5  6  7  8  9 10 11 12 13 14 15 16 17 18 19 20 21 22 23 24
 25 26 27 28 29 30 31 32 33 34 35 36 37 38]
C_final_list= [2.0920764667882785e-05, 1.6976275520147497e-05, 1.3653736527905703e-05, 1.0940939185135045e-05, 8.755026271612996e-06, 6.999759480597652e-06, 5.586874535023016e-06, 4.457037800882265e-06, 3.5559679675576398e-06, 2.8354531543503874e-06, 2.260747685286322e-06, 1.801328475234278e-06, 1.436781017724055e-06, 1.14577645390808e-06, 9.146237603958734e-07, 7.294112398408834e-07, 5.818977759504427e-07, 4.6406480422973037e-07, 3.700511315334395e-07, 2.9542767147653334e-07, 2.3584310928287245e-07, 1.8820008809561653e-07, 1.501784209022363e-07, 1.2009179084570702e-07, 9.612054543964907e-08, 7.680881838327593e-08, 6.122165014345178e-08, 4.885474170623853e-08, 3.899094912302184e-08, 3.102056158842427e-08, 2.4657582663248226e-08, 1.9614759380173172e-08, 1.5623115710373982e-08, 1.2463046778782164e-08, 9.915893278572971e-09, 7.895558479268081e-09, 6.2894221927171775e-09, 5.014718204961965e-09]
W_list: [8.3]
L_list: [4.523461050507037]
