R_list= [ 1  2  3  4  5  6  7  8  9 10 11 12 13 14 15 16 17 18 19 20 21 22 23 24
 25 26 27 28 29 30 31 32 33 34 35 36 37 38]
C_final_list= [1.9766288526018837e-06, 1.8842049935824644e-06, 1.8194552057743136e-06, 1.7536284896548009e-06, 1.6909563270670146e-06, 1.6320027791983817e-06, 1.5754087996833324e-06, 1.5207944588751084e-06, 1.4680848184740104e-06, 1.41688227670322e-06, 1.3674913481261266e-06, 1.3200755279595066e-06, 1.274432018795605e-06, 1.2298715206073162e-06, 1.186592416014951e-06, 1.14483323228448e-06, 1.1044055294289203e-06, 1.0655088345626637e-06, 1.027979471903025e-06, 9.919877817308207e-07, 9.565187375168629e-07, 9.220478894969667e-07, 8.891006584909854e-07, 8.574110114271225e-07, 8.269595199599961e-07, 7.974627171654561e-07, 7.692175550467583e-07, 7.418864643244092e-07, 7.152283001216994e-07, 6.89558800304076e-07, 6.647902302338735e-07, 6.40650884717458e-07, 6.173368895340227e-07, 5.948724394307717e-07, 5.731542981699073e-07, 5.520238176143043e-07, 5.315805901464681e-07, 5.119446744708673e-07]
W_list: [4]
L_list: [27.770403568299212]
