R_list= [ 1  2  3  4  5  6  7  8  9 10 11 12 13 14 15 16 17 18 19 20 21 22 23 24
 25 26 27 28 29 30 31 32 33 34 35 36 37 38]
C_final_list= [5.519415246901072e-06, 4.831165840656226e-06, 4.214230487780241e-06, 3.669823050107483e-06, 3.1937579113891944e-06, 2.7771031861344893e-06, 2.413715333763698e-06, 2.0974327463683124e-06, 1.8208796459235918e-06, 1.5788416212885777e-06, 1.3688936586089451e-06, 1.1869266980279249e-06, 1.0287023726188452e-06, 8.912202247941728e-07, 7.724771553893517e-07, 6.70099500495761e-07, 5.810742127570323e-07, 5.039945684903584e-07, 4.3755528507918017e-07, 3.8022033587765186e-07, 3.301699063270678e-07, 2.8651090322589986e-07, 2.481755872367843e-07, 2.1498724269375397e-07, 1.863224127359084e-07, 1.613686565211491e-07, 1.399418552597613e-07, 1.214458801398948e-07, 1.0516502933780586e-07, 9.098382328653107e-08, 7.858660747095736e-08, 6.783221976349466e-08, 5.854493937645922e-08, 5.051610545836715e-08, 4.35823688420648e-08, 3.762333635067078e-08, 3.2420373481108896e-08, 2.7988120677372226e-08]
W_list: [7.0]
L_list: [7.144589670754259]
