R_list= [ 1  2  3  4  5  6  7  8  9 10 11 12 13 14 15 16 17 18 19 20 21 22 23 24
 25 26 27 28 29 30 31 32 33 34 35 36 37 38]
C_final_list= [3.3298208638781245e-05, 2.563047366925889e-05, 1.965159496597349e-05, 1.5037787194648268e-05, 1.1480854950340072e-05, 8.759385173369225e-06, 6.683710364468311e-06, 5.092227337224279e-06, 3.874828582579838e-06, 2.946509299749523e-06, 2.2392928145631535e-06, 1.7006750215232053e-06, 1.2915559858489665e-06, 9.815914565885886e-07, 7.463358360538212e-07, 5.675620955581405e-07, 4.321454983296063e-07, 3.2778561540877135e-07, 2.4896868281079383e-07, 1.8905193058895114e-07, 1.434397789892174e-07, 1.0840472067208263e-07, 8.196868125865408e-08, 6.21433598210613e-08, 4.724271543272546e-08, 3.598447472710452e-08, 2.7347412442629903e-08, 2.082171981376422e-08, 1.590063853601435e-08, 1.2084632749533485e-08, 9.186933323385119e-09, 6.9819822232433155e-09, 5.319827605840036e-09, 4.0730368400637895e-09, 3.1081321425170024e-09, 2.381791527418395e-09, 1.8380837100136908e-09, 1.4228059241039586e-09]
W_list: [7.95]
L_list: [3.7342741117272213]
