R_list= [ 1  2  3  4  5  6  7  8  9 10 11 12 13 14 15 16 17 18 19 20 21 22 23 24
 25 26 27 28 29 30 31 32 33 34 35 36 37 38]
C_final_list= [9.221365584037708e-07, 5.613399712908084e-07, 3.37433860039619e-07, 2.014711408151062e-07, 1.1975797431580172e-07, 7.163985209354837e-08, 4.2625250896957334e-08, 2.537936304404317e-08, 1.5108070278647434e-08, 8.996450932088804e-09, 5.408585257489953e-09, 3.1963375739544712e-09, 1.906608483445924e-09, 1.128051797695031e-09, 6.638953514166345e-10, 3.8640148865622555e-10, 2.259237818164923e-10, 1.308479379466338e-10, 7.663735673428304e-11, 4.4463504057909526e-11, 2.6807122038761304e-11, 1.6324178072442798e-11, 1.027162044709832e-11, 5.9645506456797565e-12, 3.3893993805910375e-12, 1.922132257516832e-12, 9.949371198428515e-13, 5.679366609011094e-13, 3.2714828227100643e-13, 1.7393031971062296e-13, 1.0087532878508436e-13, 6.348876939907312e-14, 3.7875039672321034e-14, 2.1767482561001204e-14, 1.1616932563383384e-14, 6.3644408016249844e-15, 3.7342260263490774e-15, 2.076092486857311e-15]
W_list: [8.4]
L_list: [1.9754721581293657]
