C_final_list: [1.964230273449355e-06, 1.7100748436153096e-06, 1.4810766814159663e-06, 1.2804411349975344e-06, 1.1079976329004184e-06, 9.581328530668608e-07, 8.307834309397795e-07, 7.218290397736801e-07, 6.27995176138604e-07, 5.447725077164842e-07, 4.729012452925581e-07, 4.0975549562682794e-07, 3.553674513165101e-07, 3.0776376295725484e-07, 2.6697907598933173e-07, 2.3020783764144853e-07, 1.9854443912414751e-07, 1.7046466706019114e-07, 1.4729687947033657e-07, 1.268063859620148e-07, 1.0910030905123206e-07, 9.382741109000022e-08, 8.082791671666672e-08, 6.960994674493178e-08, 5.994443807508154e-08, 5.1507179733515014e-08, 4.4275966892828294e-08, 3.8019387448689994e-08, 3.2543854208468496e-08, 2.788037076669486e-08, 2.3862659951938547e-08, 2.0393593019845343e-08, 1.7430676575740333e-08, 1.4739368364268586e-08, 1.2559443328855272e-08, 1.0695962915580102e-08, 9.134165934344955e-09, 7.827612856321826e-09, 6.6764730250889595e-09, 5.7018252097587825e-09, 4.849164120412935e-09, 4.119865141938111e-09, 3.5047524903427212e-09, 2.9847547064339364e-09, 2.5503613619960945e-09, 2.1766997946561056e-09, 1.8523160256944298e-09, 1.5843322610465472e-09, 1.3575368953458855e-09, 1.1625611856767994e-09]
ndim2: 500
W_list: [3.1999999999999997]
L_list: [6.973889354571657]
