C_final_list: [1.4069498962531277e-06, 1.2347258879961448e-06, 1.078889666033035e-06, 9.427747988348277e-07, 8.240893542936234e-07, 7.221227304826303e-07, 6.316509250527305e-07, 5.516530596988241e-07, 4.813009175238513e-07, 4.202052388617736e-07, 3.6537628489094946e-07, 3.1791088030229016e-07, 2.7695530976038507e-07, 2.4085026046357153e-07, 2.089841545493289e-07, 1.8144084340077534e-07, 1.5764543317728512e-07, 1.3680915861622924e-07, 1.1866679023771203e-07, 1.0286812328485185e-07, 8.907210358628268e-08, 7.711962264552232e-08, 6.67753625368779e-08, 5.777688206526394e-08, 5.002622502753498e-08, 4.3199708694121566e-08, 3.736737600876768e-08, 3.2333287550013656e-08, 2.8086322375176513e-08, 2.4313377262669663e-08, 2.1060852924098835e-08, 1.8288953278225343e-08, 1.5889706079301538e-08, 1.3845809913506942e-08, 1.2028589924789656e-08]
ndim2: 500
W_list: [4.0]
L_list: [7.356811582631143]
