R_list= [ 1  2  3  4  5  6  7  8  9 10 11 12 13 14 15 16 17 18 19 20 21 22 23 24
 25 26 27 28 29 30 31 32 33 34 35 36 37 38]
C_final_list= [6.285894482658492e-07, 5.229638275042998e-07, 4.3295311645578874e-07, 3.5570974096700496e-07, 2.9172379718462023e-07, 2.3915797195166886e-07, 1.9592363423967363e-07, 1.6032311228739355e-07, 1.313522073063491e-07, 1.0741011672865282e-07, 8.775963200233935e-08, 7.172645085131823e-08, 5.8603328460768107e-08, 4.784027310763288e-08, 3.89594237237856e-08, 3.1667842772266466e-08, 2.5733823739285417e-08, 2.084073121049684e-08, 1.6884371948457913e-08, 1.3664112930651037e-08, 1.10329373422858e-08, 8.926957211081751e-09, 7.236878187894886e-09, 5.8817247409238725e-09, 4.772524376392826e-09, 3.886210175137175e-09, 3.160370680155376e-09, 2.5650632843108616e-09, 2.077712246014196e-09, 1.675100807623837e-09, 1.3500100212652166e-09, 1.0863641498131608e-09, 8.745306912323716e-10, 7.016000501215715e-10, 5.677348409928238e-10, 4.5975285901021466e-10, 3.7221664736641844e-10, 3.0039714595174374e-10]
W_list: [7]
L_list: [5.095456815777367]
