R_list= [ 1  2  3  4  5  6  7  8  9 10 11 12 13 14 15 16 17 18 19 20 21 22 23 24
 25 26 27 28 29 30 31 32 33 34 35 36 37 38]
C_final_list= [2.440089847826587e-07, 1.3935432147527478e-07, 6.836738969067096e-08, 3.08843166353567e-08, 1.3318934554944225e-08, 5.599543062936726e-09, 2.327472267621105e-09, 9.616088443156525e-10, 3.96809731082776e-10, 1.634714315098729e-10, 6.649795154689989e-11, 2.6401897259537546e-11, 1.020694249767972e-11, 3.85257886541589e-12, 1.4366847742418924e-12, 5.334150630507647e-13, 1.983404414497665e-13, 7.471003581120692e-14, 2.877498499697779e-14, 1.1517170620773345e-14, 4.956927124163623e-15, 2.274741766282465e-15, 1.0762177177250742e-15, 5.023483337686597e-16, 2.3174755653038845e-16, 1.0743549651061435e-16, 4.744908862055751e-17, 2.1160913750277787e-17, 1.0715890336875978e-17, 5.994622479408688e-18, 3.3237876542406687e-18, 1.6020533085066776e-18, 7.506967350047471e-19, 3.5806778318182476e-19, 1.8715587972383273e-19, 1.1212123894412883e-19, 6.075096697684189e-20, 2.731563179197854e-20]
W_list: [5]
L_list: [1.5490050482272475]
