C_final_list: [1.8289114193780103e-06, 1.7726409071616141e-06, 1.7176338199061557e-06, 1.6645018256261923e-06, 1.6123403187064896e-06, 1.5606353921940993e-06, 1.5115928903426622e-06, 1.4642926793063815e-06, 1.4178557760064003e-06, 1.3731793543085628e-06, 1.3290846825563065e-06, 1.2860953193509367e-06, 1.2446558157573582e-06, 1.2038750941619505e-06, 1.1647943082653506e-06, 1.1262651892806256e-06, 1.0891559854567405e-06, 1.0531977206159079e-06, 1.0184169947074583e-06, 9.850742727034964e-07, 9.526504895474534e-07, 9.212387538067363e-07, 8.909037558962112e-07, 8.618014195880386e-07, 8.335865274525971e-07, 8.060948389973795e-07, 7.794210671811854e-07, 7.537806811155599e-07, 7.287490351505115e-07, 7.047182683530525e-07, 6.816154299655819e-07, 6.592018502787886e-07, 6.375103706618946e-07, 6.16487989177775e-07, 5.963469255554172e-07, 5.765904617413802e-07, 5.57597305088093e-07, 5.3903948374152e-07, 5.211894846492855e-07, 5.037976561255777e-07, 4.870194109623228e-07, 4.7090916767821846e-07, 4.551494447359809e-07, 4.3994378617841047e-07, 4.25424484450692e-07, 4.1136204340584477e-07, 3.977791516568097e-07, 3.84741182477004e-07, 3.7198386906595976e-07, 3.5964439455045184e-07]
ndim2: 500
W_list: [3.05]
L_list: [30.211636748168427]
