R_list= [ 1  2  3  4  5  6  7  8  9 10 11 12 13 14 15 16 17 18 19 20 21 22 23 24
 25 26 27 28 29 30 31 32 33 34 35 36 37 38]
C_final_list= [3.352250889628302e-05, 2.579682992422474e-05, 1.972685179588696e-05, 1.5067382409231813e-05, 1.1489805782989013e-05, 8.746993427516296e-06, 6.656604065676984e-06, 5.05728337693372e-06, 3.839950633109974e-06, 2.914725240117291e-06, 2.21505047291325e-06, 1.6859245391998576e-06, 1.281743839795786e-06, 9.736046977992074e-07, 7.404565076133392e-07, 5.634696203322748e-07, 4.297892330869479e-07, 3.273914423387551e-07, 2.487767435829642e-07, 1.8895388482580544e-07, 1.4352664096961032e-07, 1.0897485010054722e-07, 8.291012421444752e-08, 6.288333208709088e-08, 4.76029329478647e-08, 3.609244869564968e-08, 2.728926524961988e-08, 2.0605337441435753e-08, 1.5524727419612503e-08, 1.1713585560233631e-08, 8.856005234789648e-09, 6.666186278878121e-09, 5.017527280302801e-09, 3.7930101613393686e-09, 2.8764986700257917e-09, 2.172046258799581e-09, 1.6252331155674497e-09, 1.2175528012417607e-09]
W_list: [7.95]
L_list: [3.711206868397866]
