R_list= [ 1  2  3  4  5  6  7  8  9 10 11 12 13 14 15 16 17 18 19 20 21 22 23 24
 25 26 27 28 29 30 31 32 33 34 35 36 37 38]
C_final_list= [4.1367765411656623e-07, 3.674299128279055e-07, 3.2443901480975083e-07, 2.8564347990322853e-07, 2.5073576835734497e-07, 2.1970166910011464e-07, 1.9266394413710487e-07, 1.6893122123007366e-07, 1.4815859773661476e-07, 1.299892393788801e-07, 1.1396007128962086e-07, 9.977686323986628e-08, 8.729078638396619e-08, 7.635680122624495e-08, 6.682155095279027e-08, 5.847680642448187e-08, 5.1124333061941116e-08, 4.4652602270608e-08, 3.894037127898049e-08, 3.3896636061260155e-08, 2.9468050024184123e-08, 2.5601076555024688e-08, 2.2203917902675867e-08, 1.9257598207756437e-08, 1.669184650529749e-08, 1.445288365323487e-08, 1.2507531622685948e-08, 1.083413216529055e-08, 9.389655963346017e-09, 8.135410622032508e-09, 7.045693996317848e-09, 6.093919296875652e-09, 5.278254406742276e-09, 4.571825484686302e-09, 3.959532137324723e-09, 3.426049259588391e-09, 2.9642668725659387e-09, 2.5672552388663655e-09]
W_list: [7]
L_list: [7.658527215292427]
