R_list= [ 1  2  3  4  5  6  7  8  9 10 11 12 13 14 15 16 17 18 19 20 21 22 23 24
 25 26 27 28 29 30 31 32 33 34 35 36 37 38]
C_final_list= [9.976265993565215e-07, 8.789915320710334e-07, 7.708731787141823e-07, 6.753340224371032e-07, 5.918111810834282e-07, 5.185656526846984e-07, 4.550619345390674e-07, 3.9849660352417505e-07, 3.493225747060215e-07, 3.063514451383524e-07, 2.685714022574212e-07, 2.3452973251288735e-07, 2.0480200756574973e-07, 1.7884846360013158e-07, 1.5583600991382904e-07, 1.356649854604725e-07, 1.1838802721080217e-07, 1.0301022137774342e-07, 8.969714528535016e-08, 7.823509089048793e-08, 6.799160424498632e-08, 5.917209599944711e-08, 5.1472153928445094e-08, 4.4777978885792896e-08, 3.906619909926314e-08, 3.4004449274118184e-08, 2.9577787982119168e-08, 2.5710826685747632e-08, 2.2331263701292327e-08, 1.938705913877457e-08, 1.6889890695185092e-08, 1.4674188555276656e-08, 1.2737848739488957e-08, 1.1034414389011297e-08, 9.58067903445534e-09, 8.33224218402603e-09, 7.263225640397895e-09, 6.336551310672192e-09]
W_list: [6]
L_list: [7.536738634221328]
