R_list= [ 1  2  3  4  5  6  7  8  9 10 11 12 13 14 15 16 17 18 19 20 21 22 23 24
 25 26 27 28 29 30 31 32]
C_final_list= [7.681455337035844e-07, 7.119490684226598e-07, 6.592685677096273e-07, 6.0946551101797e-07, 5.623092686226797e-07, 5.191740020785428e-07, 4.790954447750047e-07, 4.4186228694369015e-07, 4.0761693066853026e-07, 3.7614428014817125e-07, 3.4691840691672494e-07, 3.1980963617921656e-07, 2.947466183399229e-07, 2.7171677609402347e-07, 2.504472149505155e-07, 2.308087293804565e-07, 2.125159065108412e-07, 1.9548692602666593e-07, 1.799361746220031e-07, 1.65662117343025e-07, 1.5260895148356113e-07, 1.4039964202545714e-07, 1.290616937971559e-07, 1.1862382807021498e-07, 1.0899777898193635e-07, 1.0007479712873547e-07, 9.187377018460339e-08, 8.436105664424114e-08, 7.746738427143034e-08, 7.117280942146875e-08, 6.544407395743005e-08, 6.012284003715799e-08]
W_list: [6]
L_list: [12.354815443320172]
