C_final_list: [2.0036892362350134e-06, 1.8934524713921958e-06, 1.786345399267402e-06, 1.6847269208544328e-06, 1.5879332362413607e-06, 1.4968164924423519e-06, 1.4108650128269081e-06, 1.3316317849714767e-06, 1.2545833463111997e-06, 1.1828056304286694e-06, 1.1153683167217667e-06, 1.0522284871423585e-06, 9.92314421728126e-07, 9.363948953845211e-07, 8.830208785180307e-07, 8.33411185610721e-07, 7.865085835483345e-07, 7.41843816633139e-07, 7.000412665558805e-07, 6.602375297745843e-07, 6.227303117268365e-07, 5.866886168621507e-07, 5.526993278660288e-07, 5.207239203378111e-07, 4.909144000145107e-07, 4.6250314909290443e-07, 4.3562347366948005e-07, 4.1026502498416296e-07, 3.8685470776648676e-07, 3.648675358843286e-07, 3.4424739009731634e-07, 3.24326328411915e-07, 3.058917393900722e-07, 2.883902146471775e-07, 2.715755380072217e-07, 2.558483469538633e-07, 2.4113464865520695e-07, 2.271862180524286e-07, 2.1401147894950843e-07, 2.014357587439507e-07, 1.896665516268102e-07, 1.7851531275046828e-07, 1.678467615980852e-07, 1.577976453468681e-07, 1.4830469129161803e-07, 1.3945112669553873e-07, 1.310726517610098e-07, 1.2317756913212572e-07, 1.1572256556451061e-07, 1.0861016294753788e-07]
ndim2: 500
W_list: [2.9]
L_list: [17.014318009519606]
