R_list= [ 1  2  3  4  5  6  7  8  9 10 11 12 13 14 15 16 17 18 19 20 21 22 23 24
 25 26 27 28 29 30 31 32 33 34 35 36 37 38]
C_final_list= [1.3036705960483893e-06, 1.2297798371409745e-06, 1.166686005807802e-06, 1.104655155259633e-06, 1.046015272362772e-06, 9.90761300306259e-07, 9.384694522141674e-07, 8.888695587394709e-07, 8.419904059757779e-07, 7.972537189717103e-07, 7.55057600204576e-07, 7.148490122982151e-07, 6.766399107646723e-07, 6.400444225440957e-07, 6.052642322091319e-07, 5.723340227108078e-07, 5.411711178003622e-07, 5.118803075191785e-07, 4.841579447335214e-07, 4.5802244344585526e-07, 4.332207512925357e-07, 4.0956571365119315e-07, 3.871102186934351e-07, 3.66010020756991e-07, 3.4607381644164356e-07, 3.271113940275301e-07, 3.0920540335355986e-07, 2.9206555619680527e-07, 2.7579016218741675e-07, 2.6041371246385944e-07, 2.458296888560607e-07, 2.3210400702389474e-07, 2.1896837056262395e-07, 2.0653154559442925e-07, 1.9479901163422395e-07, 1.8351211969702293e-07, 1.728265559703962e-07, 1.6281869338642905e-07]
W_list: [5]
L_list: [18.078269337714215]
