R_list= [ 1  2  3  4  5  6  7  8  9 10 11 12 13 14 15 16 17 18 19 20 21 22 23 24
 25 26 27 28 29 30 31 32 33 34 35 36 37 38]
C_final_list= [5.806504951359585e-07, 4.7381364868820954e-07, 3.8600513438557276e-07, 3.1419450175748124e-07, 2.5606975101114366e-07, 2.0947532228290153e-07, 1.70748409486749e-07, 1.3888137784486844e-07, 1.1251728902285363e-07, 9.098505409378363e-08, 7.363138797934724e-08, 5.944887874757927e-08, 4.7811076344147423e-08, 3.829394216430142e-08, 3.065222565033579e-08, 2.443538049250605e-08, 1.9613197942347892e-08, 1.579308172615957e-08, 1.271602221305523e-08, 1.02425506062973e-08, 8.241306234608472e-09, 6.603046838780812e-09, 5.2643601512320564e-09, 4.204682635077442e-09, 3.3525463802893825e-09, 2.6794026609884675e-09, 2.1337546479486544e-09, 1.7039762530958518e-09, 1.352860752634882e-09, 1.0769851506788443e-09, 8.535506646833009e-10, 6.783434059645932e-10, 5.383374637703037e-10, 4.2660306742729674e-10, 3.3985041519400814e-10, 2.6912757606792195e-10, 2.1437955077353668e-10, 1.703251352721787e-10]
W_list: [7]
L_list: [4.85095189079649]
