R_list= [ 1  2  3  4  5  6  7  8  9 10 11 12 13 14 15 16 17 18 19 20 21 22 23 24
 25 26 27 28 29 30 31 32 33 34 35 36 37 38]
C_final_list= [9.75701944780058e-07, 8.51272886672386e-07, 7.432088225354132e-07, 6.496419456359683e-07, 5.675273320046304e-07, 4.961897779450586e-07, 4.3306943743091067e-07, 3.787785480391087e-07, 3.3089022750317177e-07, 2.8915191272719025e-07, 2.526087494106524e-07, 2.201086841790298e-07, 1.9188122770148892e-07, 1.6684276124129966e-07, 1.4528681872895658e-07, 1.265379705183211e-07, 1.1004153656764049e-07, 9.579046708747872e-08, 8.306740817114148e-08, 7.226500307808589e-08, 6.27404999484899e-08, 5.4472412298396584e-08, 4.735768638762699e-08, 4.103056835680622e-08, 3.548315663107573e-08, 3.077948996132138e-08, 2.6690727207346955e-08, 2.3219385704970548e-08, 2.0121424435444783e-08, 1.743436541077478e-08, 1.5130246420417957e-08, 1.313961025334072e-08, 1.1390417686147078e-08, 9.853658149603002e-09, 8.567577077205387e-09, 7.468416856591442e-09, 6.480685762712098e-09, 5.631268158487425e-09]
W_list: [6]
L_list: [7.355586768585426]
