R_list= [ 1  2  3  4  5  6  7  8  9 10 11 12 13 14 15 16 17 18 19 20 21 22 23 24
 25 26 27 28 29 30 31 32 33 34 35 36 37 38]
C_final_list= [9.453876702323824e-07, 8.381660148433625e-07, 7.41261810897388e-07, 6.557622941869816e-07, 5.788633668871713e-07, 5.104130814867393e-07, 4.50432022423505e-07, 3.968926519119608e-07, 3.500197539252108e-07, 3.078244578266065e-07, 2.7073989936576074e-07, 2.3797470538142026e-07, 2.095316314960622e-07, 1.845817664989973e-07, 1.624260287794911e-07, 1.4263593751022696e-07, 1.2503524451384043e-07, 1.0958548691112704e-07, 9.601993247989038e-08, 8.406204144367695e-08, 7.347931253292887e-08, 6.440044763081788e-08, 5.640594652580003e-08, 4.936572354543675e-08, 4.316469113738829e-08, 3.775423406262635e-08, 3.299227772087594e-08, 2.8746018497689588e-08, 2.5000129644240174e-08, 2.1739825107764265e-08, 1.892698909887197e-08, 1.6485693852991908e-08, 1.4345991948102661e-08, 1.2478381444039928e-08, 1.0858870820493238e-08, 9.45387842255676e-09, 8.225080685026937e-09, 7.146525973291621e-09]
W_list: [6]
L_list: [7.922995990072621]
