R_list= [ 1  2  3  4  5  6  7  8  9 10 11 12 13 14 15 16 17 18 19 20 21 22 23 24
 25 26 27 28 29 30 31 32 33 34 35 36 37 38]
C_final_list= [6.711075707362393e-07, 6.201825847253613e-07, 5.713485246329985e-07, 5.254005301999679e-07, 4.82772357333634e-07, 4.433536369859593e-07, 4.067774596843268e-07, 3.7359418890316164e-07, 3.4281109645136595e-07, 3.1456857828659203e-07, 2.885038978346586e-07, 2.646523443713497e-07, 2.4276717059550074e-07, 2.2266786435391933e-07, 2.0434002283305231e-07, 1.8740557929837766e-07, 1.716888539802966e-07, 1.5733243391748997e-07, 1.4402159980296113e-07, 1.319149373541141e-07, 1.2077011996459733e-07, 1.1063484290464927e-07, 1.0141775496101596e-07, 9.293949642515787e-08, 8.515053676047268e-08, 7.802148480442493e-08, 7.14927848949502e-08, 6.547133679585326e-08, 5.992241482508133e-08, 5.485073366741213e-08, 5.016989224283431e-08, 4.584486730185738e-08, 4.1871057850342616e-08, 3.820807672537018e-08, 3.485178452897123e-08, 3.17501397670892e-08, 2.8942408223679676e-08, 2.6360615110124285e-08]
W_list: [6.2]
L_list: [11.65081133476373]
