R_list= [ 1  2  3  4  5  6  7  8  9 10 11 12 13 14 15 16 17 18 19 20 21 22 23 24
 25 26 27 28 29 30 31 32 33 34 35 36 37 38]
C_final_list= [5.982965831603196e-07, 5.286561303620021e-07, 4.6269920213309185e-07, 4.0276085676472207e-07, 3.495643452573604e-07, 3.0263090084508767e-07, 2.6181607799053897e-07, 2.2643701705166614e-07, 1.9562858407711325e-07, 1.6852640492081086e-07, 1.4534105373923243e-07, 1.254369474671995e-07, 1.0813983263251611e-07, 9.316245143069887e-08, 8.025357982416959e-08, 6.918362601232012e-08, 5.96316465014157e-08, 5.1446005089738496e-08, 4.442514609223958e-08, 3.8413023046951624e-08, 3.314865634738768e-08, 2.8576095245444986e-08, 2.4616942608767297e-08, 2.1190271512671555e-08, 1.823187439956668e-08, 1.566396310152777e-08, 1.3434847441785682e-08, 1.1540278249528535e-08, 9.900671622576348e-09, 8.491824037137919e-09, 7.271090657857759e-09, 6.214264362654389e-09, 5.3093177318157976e-09, 4.541393867932372e-09, 3.887680938000657e-09, 3.3275649923523397e-09, 2.847734480734495e-09, 2.431365678942804e-09]
W_list: [8.2]
L_list: [7.012294184777433]
