R_list= [ 1  2  3  4  5  6  7  8  9 10 11 12 13 14 15 16 17 18 19 20 21 22 23 24
 25 26 27 28 29 30 31 32 33 34 35 36 37 38]
C_final_list= [4.1478479872839307e-07, 3.668986670658233e-07, 3.211178717143149e-07, 2.7993607090745714e-07, 2.437358559876756e-07, 2.119483576239272e-07, 1.8404170036885519e-07, 1.597483591597117e-07, 1.3877068086045704e-07, 1.2059070787329684e-07, 1.0485291572182229e-07, 9.105158334324276e-08, 7.906543333824973e-08, 6.864308362544047e-08, 5.9596974036998637e-08, 5.173059201734648e-08, 4.496983110640295e-08, 3.904376250372035e-08, 3.3810123428941474e-08, 2.928956608107624e-08, 2.534448108911757e-08, 2.1887915784298673e-08, 1.8880905261366023e-08, 1.6297324225682563e-08, 1.4038976082670487e-08, 1.2098969074170112e-08, 1.0428007518062582e-08, 8.992058174988279e-09, 7.743308236698995e-09, 6.663699672985465e-09, 5.733478381102452e-09, 4.938398086433113e-09, 4.253662377576752e-09, 3.6629721978008656e-09, 3.1600358047010784e-09, 2.72354031639953e-09, 2.347573854321386e-09, 2.0255727533770667e-09]
W_list: [7.2]
L_list: [7.212026505032407]
