R_list= [ 1  2  3  4  5  6  7  8  9 10 11 12 13 14 15 16 17 18 19 20 21 22 23 24
 25 26 27 28 29 30 31 32 33 34 35 36 37 38]
C_final_list= [1.4393845697048332e-06, 1.2154741049914605e-06, 1.0539330046716057e-06, 9.174824612372673e-07, 8.009236242978333e-07, 6.985926888775454e-07, 6.079406205584785e-07, 5.294286499091461e-07, 4.604270705902807e-07, 3.998243649366703e-07, 3.4719724887367664e-07, 3.005647853551607e-07, 2.5965810355721484e-07, 2.2446254782102751e-07, 1.9393091962878796e-07, 1.6740794913037093e-07, 1.4439712517872284e-07, 1.2460667650136326e-07, 1.0750713996216724e-07, 9.280012546948821e-08, 8.01622182984967e-08, 6.925304102709287e-08, 5.971965888865797e-08, 5.1423768388234855e-08, 4.4166765947745094e-08, 3.794906959840415e-08, 3.261340355059741e-08, 2.802021781923982e-08, 2.4086800417399322e-08, 2.0693855527192525e-08, 1.777409179925656e-08, 1.5290677963558182e-08, 1.316896359255348e-08, 1.1330270895797737e-08, 9.726749207359521e-09, 8.365888257473197e-09, 7.220928314545687e-09, 6.222556592483185e-09]
W_list: [5]
L_list: [7.028313926047832]
