C_final_list: [2.192020911737535e-06, 2.1575703978644437e-06, 2.1233904955320233e-06, 2.0898513618490694e-06, 2.057087953934508e-06, 2.0248270395614922e-06, 1.9927628314720936e-06, 1.96112224668055e-06, 1.9299980415591194e-06, 1.8988525969180202e-06, 1.8688703577967073e-06, 1.8391803849071766e-06, 1.8099409994982673e-06, 1.7811823694361662e-06, 1.7530612724008716e-06, 1.725473319320876e-06, 1.6982288781626524e-06, 1.6711161937498613e-06, 1.6441629406931924e-06, 1.6178128572068337e-06, 1.5919778103376974e-06, 1.5665282040657666e-06, 1.5414442325489268e-06, 1.516639767072665e-06, 1.492123524035556e-06, 1.4679876785132445e-06, 1.4442269156065059e-06, 1.4208890003578453e-06, 1.3979018250570281e-06, 1.3751887318920871e-06, 1.352757129137792e-06, 1.3308413990173203e-06, 1.3093234435748759e-06, 1.2881554289569934e-06, 1.267122947973896e-06, 1.2469502142504267e-06, 1.2267949402113387e-06, 1.2072144764273451e-06, 1.1878674511927846e-06, 1.1687507093519635e-06, 1.1498788782837103e-06, 1.1312388979827586e-06, 1.113117038537762e-06, 1.0951940088691939e-06, 1.07764337139526e-06, 1.060469689524128e-06, 1.0433503610276468e-06, 1.0264364192406293e-06, 1.0097257541732774e-06, 9.934988049844452e-07]
ndim2: 500
W_list: [2.0]
L_list: [61.92352022093106]
