R_list= [ 1  2  3  4  5  6  7  8  9 10 11 12 13 14 15 16 17 18 19 20 21 22 23 24
 25 26 27 28 29 30 31 32 33 34 35 36 37 38]
C_final_list= [9.660196879864002e-07, 8.514766567984097e-07, 7.485731239681476e-07, 6.574156872108322e-07, 5.767292872697413e-07, 5.061597731227302e-07, 4.455363803792772e-07, 3.913890132224725e-07, 3.4418541014209066e-07, 3.031108751392543e-07, 2.6665730936517095e-07, 2.3402278918660274e-07, 2.0525694230366557e-07, 1.799464717879856e-07, 1.5801516092682345e-07, 1.386432413866754e-07, 1.2150718799006134e-07, 1.0645851360415415e-07, 9.324223047698767e-08, 8.154319274510246e-08, 7.127315930463982e-08, 6.238040446762787e-08, 5.451789311991518e-08, 4.7641038564595775e-08, 4.15354220335266e-08, 3.618705242692429e-08, 3.1439823517079464e-08, 2.733475023562698e-08, 2.3723999794123505e-08, 2.0597738146687653e-08, 1.7857285541445255e-08, 1.547311510402134e-08, 1.3384668413716359e-08, 1.1560120278915867e-08, 1.0006000043095425e-08, 8.643435978211795e-09, 7.476327195931426e-09, 6.473361402529611e-09]
W_list: [6]
L_list: [7.7101344768418825]
