C_final_list: [9.567153024770235e-07, 9.192007891175555e-07, 8.816302796496654e-07, 8.441971128993332e-07, 8.076373863811462e-07, 7.722697991590616e-07, 7.377963874353378e-07, 7.048653695885306e-07, 6.728678461500578e-07, 6.424544871243781e-07, 6.132755634937872e-07, 5.850593427509845e-07, 5.582945481832375e-07, 5.328062439821407e-07, 5.08300736983268e-07, 4.849160372767885e-07, 4.625199842702504e-07, 4.4100704132347263e-07, 4.202616087858962e-07, 4.005894472750902e-07, 3.8194979069305123e-07, 3.6417012438729135e-07, 3.471987080087465e-07, 3.310781323869258e-07, 3.1567157132500723e-07, 3.0097162480765115e-07, 2.870379139423345e-07, 2.736623398634023e-07, 2.607991230334012e-07, 2.485145388465287e-07, 2.3685230510135962e-07, 2.257582599945271e-07, 2.1509953090219385e-07, 2.0484917037595003e-07, 1.9496460559740402e-07]
ndim2: 500
W_list: [3.8]
L_list: [21.486379068279316]
