C_final_list: [2.186172690016932e-06, 2.14874785626192e-06, 2.1111216836320835e-06, 2.0748081726132883e-06, 2.0386681134646407e-06, 2.0039504630328282e-06, 1.9697785784214863e-06, 1.9365203662707244e-06, 1.9036684689906047e-06, 1.8714213450414208e-06, 1.840034611806563e-06, 1.8089899526166543e-06, 1.7783622812091772e-06, 1.7486455408077676e-06, 1.7196310776325475e-06, 1.691380411352759e-06, 1.663698380408366e-06, 1.6361843409016332e-06, 1.6089787476306047e-06, 1.5823703106604229e-06, 1.5559556597659916e-06, 1.5293133230763427e-06, 1.5033429732387665e-06, 1.4777842787832855e-06, 1.4525975804910354e-06, 1.4279557238188896e-06, 1.40344494864178e-06, 1.3797190320572758e-06, 1.3563221932697302e-06, 1.3332821919548572e-06, 1.3105778079652665e-06, 1.2883667961686805e-06, 1.2666010599752195e-06, 1.2450405630720815e-06, 1.22360838409478e-06, 1.2025438478081159e-06, 1.1819335792855033e-06, 1.1615844155315796e-06, 1.1415158492775142e-06, 1.1216798159293429e-06, 1.1022984883536623e-06, 1.0832119497012947e-06, 1.0645837297480117e-06, 1.0463267104930633e-06, 1.0280411500195323e-06, 1.0100940246547764e-06, 9.922867337611602e-07, 9.748682942156802e-07, 9.57511317862946e-07, 9.406173112446951e-07]
ndim2: 500
W_list: [2.2]
L_list: [58.52387654927047]
