R_list= [ 1  2  3  4  5  6  7  8  9 10 11 12 13 14 15 16 17 18 19 20 21 22 23 24
 25 26 27 28 29 30 31 32 33 34 35 36 37 38]
C_final_list= [3.78755952988989e-06, 3.134434316441335e-06, 2.570307300678278e-06, 2.10343318914643e-06, 1.7200193673776798e-06, 1.4042018100470597e-06, 1.146078382520739e-06, 9.348295862185005e-07, 7.606402535147177e-07, 6.189194084106661e-07, 5.030918608098068e-07, 4.084303329929022e-07, 3.305690315267118e-07, 2.676509524258444e-07, 2.1689726879121232e-07, 1.7597703187173536e-07, 1.42822424848964e-07, 1.1613022060191773e-07, 9.436781798474932e-08, 7.653855930824055e-08, 6.21623258979394e-08, 5.0492799390021866e-08, 4.0943676174887464e-08, 3.3243600857721465e-08, 2.6968049323139323e-08, 2.1936449778789468e-08, 1.7803119134548936e-08, 1.445466606516483e-08, 1.1745917849403231e-08, 9.565677080256761e-09, 7.767083798794558e-09, 6.304420075517897e-09, 5.1202728588797754e-09, 4.1536866132004275e-09, 3.374336796401559e-09, 2.7315210533857694e-09, 2.206479033390906e-09, 1.787032635239287e-09]
W_list: [8.0]
L_list: [4.971004108570589]
