R_list= [ 1  2  3  4  5  6  7  8  9 10 11 12 13 14 15 16 17 18 19 20 21 22 23 24
 25 26 27 28 29 30 31 32 33 34 35 36 37 38]
C_final_list= [2.0841425108562088e-06, 1.5593756595776434e-06, 1.1461569577783237e-06, 8.41618135506172e-07, 6.1701724533394e-07, 4.5126709672492975e-07, 3.306475741581078e-07, 2.4183624987920453e-07, 1.7642647216135214e-07, 1.2792141269378702e-07, 9.268638651284111e-08, 6.70053311987711e-08, 4.8519548077528564e-08, 3.517343352241658e-08, 2.5507797246811525e-08, 1.857137538485672e-08, 1.3526889257347367e-08, 9.856536519046957e-09, 7.177897345541115e-09, 5.228067175016102e-09, 3.789399816091615e-09, 2.7558894930302857e-09, 2.0003593647197275e-09, 1.4552373503896552e-09, 1.0549106544071416e-09, 7.605445362266228e-10, 5.477045115152747e-10, 3.9084189695558714e-10, 2.779553978576986e-10, 1.9895125142231163e-10, 1.4218536886345707e-10, 1.0187800560738471e-10, 7.255125054606998e-11, 5.1958266482708195e-11, 3.658542637350236e-11, 2.6259613343232208e-11, 1.8875771051930995e-11, 1.3502940445658967e-11]
W_list: [9.4]
L_list: [3.2668472958278665]
