C_final_list: [1.7864682372349649e-06, 1.7615765749341968e-06, 1.7370626907881777e-06, 1.7134954227700452e-06, 1.6906837291080455e-06, 1.6684281803327276e-06, 1.6463167249821583e-06, 1.6248012274331987e-06, 1.603463863198605e-06, 1.5826369267283456e-06, 1.562050504629546e-06, 1.54191977415798e-06, 1.5219189726894463e-06, 1.5024893233665121e-06, 1.4830727741595992e-06, 1.4639785737028544e-06, 1.4450014698974967e-06, 1.4263049436689509e-06, 1.4078645410066394e-06, 1.3897026311957596e-06, 1.371897867809046e-06, 1.354408134798313e-06, 1.3371486714929496e-06, 1.3200979758323274e-06, 1.3030405443163301e-06, 1.2864186035069944e-06, 1.269929749732261e-06, 1.2538734985040674e-06, 1.2379523175704258e-06, 1.2220717191854919e-06, 1.206514030047867e-06, 1.1909813277465941e-06, 1.1755139448151368e-06, 1.1603248663339437e-06, 1.1454078090931767e-06, 1.1305548201701001e-06, 1.1158603542419056e-06, 1.1012558054219467e-06, 1.0867473869486446e-06, 1.0724118176317713e-06, 1.058171854848784e-06, 1.043936942933473e-06, 1.029799700955277e-06, 1.0159669836611953e-06, 1.0023447478728434e-06, 9.889692041830617e-07, 9.757997345529896e-07, 9.628633803465886e-07, 9.499484486515532e-07, 9.370924410916909e-07]
ndim2: 500
W_list: [2.8499999999999996]
L_list: [76.64182030296743]
