C_final_list: [2.2204147317871097e-06, 2.134196825995225e-06, 2.048300996711473e-06, 1.966995052331149e-06, 1.888282408287752e-06, 1.8138408187924717e-06, 1.7420716559228549e-06, 1.6728052259229835e-06, 1.6069880532551123e-06, 1.5433549063599158e-06, 1.482782738132679e-06, 1.425808046225438e-06, 1.3706326146400014e-06, 1.317609436592174e-06, 1.2665562949917548e-06, 1.217289002185203e-06, 1.1688111645886987e-06, 1.122341949083714e-06, 1.0765533181990342e-06, 1.032146895787885e-06, 9.899356237833604e-07, 9.487446113248306e-07, 9.09683883199328e-07, 8.720702192884505e-07, 8.363175444405289e-07, 8.02144450787353e-07, 7.691033131638608e-07, 7.377061368897209e-07, 7.071161667292857e-07, 6.778112162837817e-07, 6.497999858177186e-07, 6.226628259778559e-07, 5.966016317618048e-07, 5.717379033100736e-07, 5.479086243662574e-07]
ndim2: 500
W_list: [2.2]
L_list: [24.556680497537403]
