R_list= [ 1  2  3  4  5  6  7  8  9 10 11 12 13 14 15 16 17 18 19 20 21 22 23 24
 25 26 27 28 29 30 31 32 33 34 35 36 37 38]
C_final_list= [6.84259566006771e-07, 6.418669531845323e-07, 5.985229732775356e-07, 5.560106692769148e-07, 5.159666559887397e-07, 4.785281526641398e-07, 4.437545115942211e-07, 4.114449223782223e-07, 3.8158217546793955e-07, 3.5375936652749505e-07, 3.277563457616833e-07, 3.03576990641765e-07, 2.810301816760376e-07, 2.602212446213049e-07, 2.4093036694832303e-07, 2.2290595574011123e-07, 2.0612790420829641e-07, 1.905696137077529e-07, 1.7619025627607114e-07, 1.6283300947387128e-07, 1.5053194936245166e-07, 1.3909197780690464e-07, 1.2851352364760581e-07, 1.1878981850585325e-07, 1.0978319132354596e-07, 1.0137053779508111e-07, 9.353393341494712e-08, 8.621610684967586e-08, 7.940037221942391e-08, 7.311127933285237e-08, 6.731107586040591e-08, 6.200962612704498e-08, 5.712507901786847e-08, 5.259972849555448e-08, 4.842011172019212e-08, 4.455843970532081e-08, 4.098250270397509e-08, 3.768647813789813e-08]
W_list: [7.6]
L_list: [13.10735888282213]
