R_list= [ 1  2  3  4  5  6  7  8  9 10 11 12 13 14 15 16 17 18 19 20 21 22 23 24
 25 26 27 28 29 30 31 32 33 34 35 36 37 38]
C_final_list= [2.000310747693558e-05, 1.613912010689939e-05, 1.2906288141421537e-05, 1.0272923582660716e-05, 8.151989863501008e-06, 6.46726079120262e-06, 5.125969011309126e-06, 4.061418677354835e-06, 3.215337829637317e-06, 2.544059166821006e-06, 2.01115653559095e-06, 1.5896859727128063e-06, 1.2559870534629607e-06, 9.908857677219256e-07, 7.816021018291117e-07, 6.160943848239083e-07, 4.848138637706309e-07, 3.817449531032859e-07, 3.010464936678162e-07, 2.3748396958967147e-07, 1.875476327119033e-07, 1.4826236127540384e-07, 1.1724696004322594e-07, 9.271982222549269e-08, 7.323456393396011e-08, 5.7865556265945225e-08, 4.580558594160958e-08, 3.622180142259271e-08, 2.8577497683687045e-08, 2.2523676183419204e-08, 1.7736233714601995e-08, 1.3948044015936716e-08, 1.1022116761524783e-08, 8.69376224708432e-09, 6.866694294877625e-09, 5.42386957624809e-09, 4.2899885592353635e-09, 3.3869855083458768e-09]
W_list: [8.4]
L_list: [4.387093309190329]
