R_list= [ 1  2  3  4  5  6  7  8  9 10 11 12 13 14 15 16 17 18 19 20 21 22 23 24
 25 26 27 28 29 30 31 32 33 34 35 36 37 38]
C_final_list= [2.9032087144140105e-07, 2.458597601494637e-07, 2.0517624868456428e-07, 1.7034067070355088e-07, 1.412161553279065e-07, 1.1665508736839925e-07, 9.632921423438299e-08, 7.94637221344697e-08, 6.56031556952583e-08, 5.402915752329268e-08, 4.444393653460248e-08, 3.656155203899235e-08, 3.009398679560021e-08, 2.4741271505349534e-08, 2.0350588038670885e-08, 1.668515785513088e-08, 1.3679047120732226e-08, 1.119025753688127e-08, 9.165904963467124e-09, 7.51016872719312e-09, 6.1611197260169344e-09, 5.046260412117549e-09, 4.117648874947317e-09, 3.349128854120327e-09, 2.731592288498669e-09, 2.2240120542795305e-09, 1.8062348705497724e-09, 1.4697827813886733e-09, 1.1987000973025426e-09, 9.781557228272732e-10, 7.971426998848007e-10, 6.489812187633106e-10, 5.292831431779355e-10, 4.3047089748939573e-10, 3.4980265461837217e-10, 2.84582643505345e-10, 2.3147843692455286e-10, 1.8863202629964475e-10]
W_list: [8.4]
L_list: [5.345637772760548]
