C_final_list: [9.815267807925353e-07, 9.463396321589695e-07, 9.10210841083827e-07, 8.747906166898852e-07, 8.405390820892433e-07, 8.073168676563378e-07, 7.748628271318617e-07, 7.435689153598204e-07, 7.130905739178516e-07, 6.838799113722117e-07, 6.55506107411974e-07, 6.279490756116244e-07, 6.013238458988698e-07, 5.753700733461347e-07, 5.500953386120114e-07, 5.260169955475764e-07, 5.028937191692285e-07, 4.807254753318557e-07, 4.5957057153723884e-07, 4.394037844051729e-07, 4.2010746940586536e-07, 4.0143958017288163e-07, 3.8360882072879735e-07, 3.6658500439938385e-07, 3.503479165720373e-07, 3.3492336152424e-07, 3.20058076439737e-07, 3.0590960389583714e-07, 2.9228291104940324e-07, 2.7932020164294997e-07, 2.6691517978688735e-07, 2.5504079854031053e-07, 2.437272212782875e-07, 2.3291748741571717e-07, 2.2253070146698999e-07]
ndim2: 500
W_list: [3.4000000000000004]
L_list: [23.100940542795957]
