C_final_list: [1.576633057778022e-06, 1.5166653581307384e-06, 1.4563413302121887e-06, 1.3993336190175441e-06, 1.344374867699461e-06, 1.2911847594928441e-06, 1.2404918733104646e-06, 1.1918723678713197e-06, 1.14507299035834e-06, 1.1004141841253898e-06, 1.057159128687257e-06, 1.0155251691849098e-06, 9.752461816703683e-07, 9.368668606099307e-07, 8.993521046437527e-07, 8.633348129168171e-07, 8.289181166529906e-07, 7.952310886580071e-07, 7.629944147452309e-07, 7.319709535739869e-07, 7.021056440129461e-07, 6.731257628773653e-07, 6.451022669022989e-07, 6.181670907938369e-07, 5.921831024538075e-07, 5.672855445068658e-07, 5.435158869329081e-07, 5.208784942321558e-07, 4.991211472968738e-07, 4.781591504201323e-07, 4.578532129720747e-07, 4.3847159644643824e-07, 4.1972650535065103e-07, 4.0186775117205206e-07, 3.844441000533113e-07]
ndim2: 500
W_list: [2.8]
L_list: [24.409869508436106]
