C_final_list: [1.5881544617901456e-06, 1.4356415663284773e-06, 1.293263155956212e-06, 1.1666052356220104e-06, 1.0495783544645382e-06, 9.445520648119128e-07, 8.507894769360865e-07, 7.669916269476339e-07, 6.893793119889516e-07, 6.197296047100506e-07, 5.565957323287088e-07, 4.997693728416127e-07, 4.4939321039142163e-07, 4.0456910709991253e-07, 3.641501386045092e-07, 3.2801674822741353e-07, 2.954744227031522e-07, 2.658058142955101e-07, 2.390227099549857e-07, 2.1504871114155384e-07, 1.931405203705711e-07, 1.738462325087589e-07, 1.5622833264094454e-07, 1.4032754842170087e-07, 1.2600720062373329e-07, 1.1311554190010342e-07, 1.0140813115405462e-07, 9.061694553325883e-08, 8.123000599194984e-08, 7.280645180913033e-08, 6.538664492327603e-08, 5.8679537822390834e-08, 5.2637509865857e-08, 4.715029658963456e-08, 4.2135417354602075e-08]
ndim2: 500
W_list: [3.6]
L_list: [9.490738717884211]
