R_list= [ 1  2  3  4  5  6  7  8  9 10 11 12 13 14 15 16 17 18 19 20 21 22 23 24
 25 26 27 28 29 30 31 32 33 34 35 36 37 38]
C_final_list= [5.033387402158694e-07, 4.4978335471918766e-07, 3.982880209931145e-07, 3.5147241292332846e-07, 3.094067431108501e-07, 2.71973456567504e-07, 2.385575643651515e-07, 2.090587597553022e-07, 1.8311060671296738e-07, 1.602345031890588e-07, 1.40003881091333e-07, 1.223088807894389e-07, 1.0681494392825308e-07, 9.318516158580609e-08, 8.119620620666708e-08, 7.081924354521871e-08, 6.176768536324252e-08, 5.385276337160085e-08, 4.6974148285168096e-08, 4.0932966883436904e-08, 3.5616518270902874e-08, 3.100471295758442e-08, 2.6955009684858694e-08, 2.3444495361005333e-08, 2.039819540674257e-08, 1.7764421336821654e-08, 1.548402738345053e-08, 1.3492636558747851e-08, 1.1751106539164188e-08, 1.0249287193468807e-08, 8.930495470077298e-09, 7.771949721600793e-09, 6.754237183529405e-09, 5.856133030774649e-09, 5.080146590377397e-09, 4.4165442228285994e-09, 3.8425191241240085e-09, 3.3454968613728863e-09]
W_list: [7.6]
L_list: [7.690168179157516]
