C_list:
1.196687425307984e-06 0.08542020206872897
ndim2: 500
W_list: [3.0]
L_list: [11.706832526518744]
