R_list= [ 1  2  3  4  5  6  7  8  9 10 11 12 13 14 15 16 17 18 19 20 21 22 23 24
 25 26 27 28 29 30 31 32 33 34 35 36 37 38]
C_final_list= [2.4545967997926684e-07, 1.5181366335908512e-07, 9.182345013069277e-08, 5.5545256957601837e-08, 3.3392435720395694e-08, 1.9961658318403408e-08, 1.1894197437857139e-08, 7.111785738191038e-09, 4.243309886796181e-09, 2.5182542949136166e-09, 1.501302031450668e-09, 8.943479384498043e-10, 5.400739421403854e-10, 3.2384279271209875e-10, 1.9409830241410773e-10, 1.1566632908843376e-10, 6.811977820354815e-11, 4.041413869647038e-11, 2.4099757401889554e-11, 1.4270040990275607e-11, 8.338994214992167e-12, 4.8553295334029395e-12, 2.828899153254124e-12, 1.6429807138519505e-12, 9.67136853361144e-13, 5.468693119326597e-13, 2.9877643190095406e-13, 1.6378481001426191e-13, 9.284278685367049e-14, 5.4662632314815956e-14, 3.2745482831658394e-14, 2.0759602744455162e-14, 1.2428164252231176e-14, 7.0368050021382455e-15, 3.979206571459659e-15, 2.343433929879592e-15, 1.3055334801039915e-15, 7.57015130111075e-16]
W_list: [7]
L_list: [2.019290509832113]
