R_list= [ 1  2  3  4  5  6  7  8  9 10 11 12 13 14 15 16 17 18 19 20 21 22 23 24
 25 26 27 28 29 30 31 32 33 34 35 36 37 38]
C_final_list= [4.359290695354661e-07, 2.535284529537362e-07, 1.4570585304716366e-07, 8.458323999688616e-08, 4.9205484733656785e-08, 2.859516256141973e-08, 1.657589814630498e-08, 9.566594743055896e-09, 5.4872993551719386e-09, 3.1984518502892473e-09, 1.875599687333494e-09, 1.0953790875948903e-09, 6.379564539530356e-10, 3.7128374144846956e-10, 2.124730451368935e-10, 1.2192986846252436e-10, 7.054853513803205e-11, 4.16017901609622e-11, 2.4429021487987797e-11, 1.4034679509004794e-11, 7.987762078637243e-12, 4.512007371365408e-12, 2.6370116654785837e-12, 1.5177700602759607e-12, 8.696607098043712e-13, 4.776625194221685e-13, 2.530845061170708e-13, 1.4115764027536415e-13, 7.629010105078886e-14, 4.2334794814310665e-14, 2.429559204406725e-14, 1.3018841410926233e-14, 6.600865734485478e-15, 3.478067655802336e-15, 1.803773717393973e-15, 9.30449176407761e-16, 4.585958034124283e-16, 2.4579164052677533e-16]
W_list: [7]
L_list: [1.831867701420677]
