C_final_list: [1.8550744963699385e-06, 1.6061159502560706e-06, 1.3800937419904873e-06, 1.1911640605527345e-06, 1.0211169002198355e-06, 8.780700233386408e-07, 7.50904892107827e-07, 6.460231131403488e-07, 5.537870229662536e-07, 4.745651718876778e-07, 4.0771012833500304e-07, 3.482087282031486e-07, 2.981990051121873e-07, 2.5580712898740597e-07, 2.1878098176760724e-07, 1.872536149141244e-07, 1.6062027665009492e-07, 1.3754951360510103e-07, 1.1797924614170669e-07, 1.0122204037178009e-07, 8.668995561655989e-08, 7.399738745560936e-08, 6.328587364462473e-08, 5.400736511379995e-08, 4.612082444959074e-08, 3.9227234044713526e-08, 3.3236029693963936e-08, 2.8183340302480767e-08, 2.388035095504247e-08, 2.0332943259865495e-08, 1.7261994844243983e-08, 1.466550798030383e-08, 1.2398014227360781e-08, 1.0552817279757425e-08, 8.954742013445404e-09]
ndim2: 500
W_list: [2.8]
L_list: [6.572119563747623]
