C_final_list: [2.053539694225296e-06, 1.9436457698813588e-06, 1.8373227519244857e-06, 1.7370631664479725e-06, 1.6427438355110728e-06, 1.5533773312220112e-06, 1.4683700784034165e-06, 1.3877944286635167e-06, 1.3128478911528987e-06, 1.2421206629793235e-06, 1.1743171399395346e-06, 1.1097269157070473e-06, 1.048860039974991e-06, 9.904222823652931e-07, 9.352401171334302e-07, 8.828904699670029e-07, 8.335071472522838e-07, 7.868673680487735e-07, 7.431957647379465e-07, 7.017872437757851e-07, 6.622651014946261e-07, 6.245752169780398e-07, 5.881225559744742e-07, 5.532846734362302e-07, 5.208854121449233e-07, 4.901175110206782e-07, 4.6101769218156074e-07, 4.338020366619043e-07, 4.082950617667913e-07, 3.84003931253419e-07, 3.611977757646339e-07, 3.3947104772134516e-07, 3.1930029714478167e-07, 3.001632369041894e-07, 2.8208492224394275e-07, 2.6517425197549576e-07, 2.4940636799452966e-07, 2.3453402580849839e-07, 2.2065278791286247e-07, 2.0758788115509492e-07, 1.9535053338587704e-07, 1.840113311805568e-07, 1.731753284862363e-07, 1.627931205971616e-07, 1.5316250572619963e-07, 1.4397772788993258e-07, 1.3527203950637155e-07, 1.2711832321400353e-07, 1.194255231615216e-07, 1.1218230601201636e-07]
ndim2: 500
W_list: [2.8499999999999996]
L_list: [17.338662930044347]
