C_final_list: [2.2016583464519335e-06, 2.1661328190936527e-06, 2.13023779954115e-06, 2.0956392631643584e-06, 2.0619690286536606e-06, 2.0288139492345807e-06, 1.9959579202188647e-06, 1.9636698030228993e-06, 1.9319766120986444e-06, 1.9010666246216607e-06, 1.8703245299746823e-06, 1.840315484027965e-06, 1.8110270681310108e-06, 1.782601068180335e-06, 1.754461056436367e-06, 1.7267130476674602e-06, 1.6992278898835013e-06, 1.67214797867921e-06, 1.6458888482465063e-06, 1.619739877906231e-06, 1.5942105899753568e-06, 1.568598646085287e-06, 1.5434592271547696e-06, 1.5188931560543888e-06, 1.4949469065476743e-06, 1.4708116828713949e-06, 1.447072391060402e-06, 1.4239043489507565e-06, 1.400779681912252e-06, 1.3781367336520963e-06, 1.3560178154553926e-06, 1.3341954092373181e-06, 1.31254084990803e-06, 1.2914096182316548e-06, 1.2705330077421897e-06, 1.2502577626599983e-06, 1.230006766146181e-06, 1.21011821594477e-06, 1.1904684173805642e-06, 1.17085429093346e-06, 1.1516911901959047e-06, 1.132749611423762e-06, 1.1141148564226624e-06, 1.0959098621351781e-06, 1.0778731123070507e-06, 1.0602267354876842e-06, 1.0426511516396328e-06, 1.0256427552572079e-06, 1.008826158968171e-06, 9.92550251903529e-07]
ndim2: 500
W_list: [2.0]
L_list: [61.79663621034549]
