R_list= [ 1  2  3  4  5  6  7  8  9 10 11 12 13 14 15 16 17 18 19 20 21 22 23 24
 25 26 27 28 29 30 31 32 33 34 35 36 37 38]
C_final_list= [3.7772524154403444e-05, 2.5106667306015522e-05, 1.6647906111392486e-05, 1.1034880728729541e-05, 7.282379160000528e-06, 4.785319264748452e-06, 3.1427463192849372e-06, 2.064078433910691e-06, 1.3579409132833306e-06, 8.92398685912293e-07, 5.890878431342863e-07, 3.9056590153894265e-07, 2.5910679844385863e-07, 1.7105698885342646e-07, 1.1316927424281895e-07, 7.469891153729676e-08, 4.915430283166197e-08, 3.2261843803865165e-08, 2.124878930440541e-08, 1.3956124459505293e-08, 9.162305319294844e-09, 6.02452321772004e-09, 3.960125275053046e-09, 2.6083253900381998e-09, 1.7204730450838618e-09, 1.1255091812081298e-09, 7.495889635734079e-10, 4.925196312075818e-10, 3.266837417216928e-10, 2.1905976577016988e-10, 1.4741574470316602e-10, 9.840174769241419e-11, 6.605947285213109e-11, 4.380857144771341e-11, 2.8690286880675275e-11, 1.8640205494020003e-11, 1.195440602333958e-11, 7.879031024487284e-12]
W_list: [7.95]
L_list: [2.428730009831265]
