C_list:
3.563702834481833e-07 0.14172805295119764
ndim2: 500
W_list: [4.2]
L_list: [7.055766160453344]
