R_list= [ 1  2  3  4  5  6  7  8  9 10 11 12 13 14 15 16 17 18 19 20 21 22 23 24
 25 26 27 28 29 30 31 32 33 34 35 36 37 38]
C_final_list= [9.048356721345839e-07, 7.306613834701552e-07, 6.013030998364077e-07, 4.944403804999085e-07, 4.0540523191011984e-07, 3.330021653605624e-07, 2.7396706318941324e-07, 2.252361263136588e-07, 1.8518424059210085e-07, 1.5164354360619717e-07, 1.241905406226272e-07, 1.0149000747924615e-07, 8.299000164557883e-08, 6.768880668528331e-08, 5.5077995161844994e-08, 4.481092215795456e-08, 3.658437720044712e-08, 2.9849578395655896e-08, 2.4192254939840796e-08, 1.9591153729334608e-08, 1.590010104276336e-08, 1.2855223783340475e-08, 1.0420621135752306e-08, 8.441924064450961e-09, 6.825806780838674e-09, 5.5240820853196535e-09, 4.468361674700603e-09, 3.599914237008359e-09, 2.881079096077274e-09, 2.3206432924811278e-09, 1.8651841516114194e-09, 1.4997395054661293e-09, 1.212421037522923e-09, 9.818682789595983e-10, 7.936570098930323e-10, 6.42910579126069e-10, 5.23851821630176e-10, 4.2633483562867313e-10]
W_list: [6]
L_list: [5.02757872097668]
