R_list= [ 1  2  3  4  5  6  7  8  9 10 11 12 13 14 15 16 17 18 19 20 21 22 23 24
 25 26 27 28 29 30 31 32 33 34 35 36 37 38]
C_final_list= [1.163341377323887e-06, 1.1014696101935403e-06, 1.04980102068618e-06, 9.98599012623752e-07, 9.496201218661567e-07, 9.030877693103756e-07, 8.593002097113845e-07, 8.173495118466551e-07, 7.773203903879388e-07, 7.391523939512668e-07, 7.025078909222487e-07, 6.673988777759956e-07, 6.341300329883399e-07, 6.021687553686718e-07, 5.713722704060527e-07, 5.419486583843523e-07, 5.142319405714643e-07, 4.877504772243916e-07, 4.6266341135993953e-07, 4.390053172906159e-07, 4.166556730835976e-07, 3.954730782762932e-07, 3.7538030540520946e-07, 3.5631836542924734e-07, 3.3840255112810966e-07, 3.2135917843046717e-07, 3.0516137095915137e-07, 2.896945499833983e-07, 2.7504790916577584e-07, 2.6110259275119515e-07, 2.477796176625692e-07, 2.3510372732931736e-07, 2.2296518854660368e-07, 2.1145794169239378e-07, 2.0046303235073993e-07, 1.8998457490142067e-07, 1.8010900888167907e-07, 1.7066197180261922e-07]
W_list: [5]
L_list: [19.450003699166754]
