R_list= [ 1  2  3  4  5  6  7  8  9 10 11 12 13 14 15 16 17 18 19 20 21 22 23 24
 25 26 27 28 29 30 31 32 33 34 35 36 37 38]
C_final_list= [1.1568875696701051e-06, 1.0131725560777691e-06, 8.747845811015034e-07, 7.591087267299934e-07, 6.638197440946693e-07, 5.82840606055272e-07, 5.125915452190798e-07, 4.509964142122734e-07, 3.962956613691477e-07, 3.477894468226419e-07, 3.050871922795324e-07, 2.675913835623087e-07, 2.3486660392948753e-07, 2.0605325006746237e-07, 1.807085056002252e-07, 1.583038547715725e-07, 1.3862213604592808e-07, 1.215096815268342e-07, 1.0666107028800016e-07, 9.36118643191197e-08, 8.202241759341213e-08, 7.168461502571825e-08, 6.250066681335786e-08, 5.4399002796575225e-08, 4.729076607070963e-08, 4.107586004991026e-08, 3.5677220810310555e-08, 3.09889388129228e-08, 2.6883913867180205e-08, 2.3287446505938297e-08, 2.0168488998438815e-08, 1.7483300572047206e-08, 1.516907062224245e-08, 1.3156145939825652e-08, 1.1401026213531349e-08, 9.871386676091681e-09, 8.543864513744743e-09, 7.3881020108891156e-09]
W_list: [4]
L_list: [7.499328154664125]
