C_list:
1.1162185894694839e-06 0.03231121478434557
ndim2: 500
W_list: [2.4]
L_list: [30.949006611923764]
