R_list= [ 1  2  3  4  5  6  7  8  9 10 11 12 13 14 15 16 17 18 19 20 21 22 23 24
 25 26 27 28 29 30 31 32]
C_final_list= [4.790433136672609e-07, 3.870503179217387e-07, 3.134397176456208e-07, 2.545362880973359e-07, 2.0625125687750524e-07, 1.6726422674195463e-07, 1.3580506205873642e-07, 1.105634258490309e-07, 8.998192806645136e-08, 7.315938211677044e-08, 5.923171778479098e-08, 4.7877233560878024e-08, 3.86840954552314e-08, 3.130106277653384e-08, 2.5293824577552768e-08, 2.0429019356507224e-08, 1.645688806280845e-08, 1.323877377829953e-08, 1.0646375211542075e-08, 8.55491384483151e-09, 6.8697594811415235e-09, 5.514371618255976e-09, 4.418789323954296e-09, 3.536558366068341e-09, 2.838471968995263e-09, 2.274910962697303e-09, 1.8164340671150958e-09, 1.4476746621793797e-09, 1.1544730358231111e-09, 9.229522697639613e-10, 7.392232476343966e-10, 5.918954357236338e-10]
W_list: [6]
L_list: [4.7671097898262875]
