R_list= [ 1  2  3  4  5  6  7  8  9 10 11 12 13 14 15 16 17 18 19 20 21 22 23 24
 25 26 27 28 29 30 31 32 33 34 35 36 37 38]
C_final_list= [5.322959675150483e-07, 4.769934168020072e-07, 4.2436880716141356e-07, 3.7649566621628633e-07, 3.3331872822352306e-07, 2.9544723850655276e-07, 2.619177026929552e-07, 2.3209220640503235e-07, 2.0575077282094028e-07, 1.8243011748623715e-07, 1.6163244891685153e-07, 1.4331461616777514e-07, 1.2712472086442898e-07, 1.1278469831998835e-07, 9.99612347438609e-08, 8.86224529510845e-08, 7.84865686168809e-08, 6.937635366637408e-08, 6.132755445472465e-08, 5.414156583748842e-08, 4.780373309549677e-08, 4.2198588865403266e-08, 3.720558407756014e-08, 3.27803622461284e-08, 2.8925953793985046e-08, 2.550282906240039e-08, 2.249729510048168e-08, 1.9848434998736098e-08, 1.7469818647814923e-08, 1.5356518507443544e-08, 1.348817216087198e-08, 1.1832341781684781e-08, 1.0379451194230445e-08, 9.09884234083173e-09, 7.97317991310834e-09, 6.981674262610041e-09, 6.117141469294101e-09, 5.364922777080788e-09]
W_list: [7.4]
L_list: [8.320608851308336]
