R_list= [ 1  2  3  4  5  6  7  8  9 10 11 12 13 14 15 16 17 18 19 20 21 22 23 24
 25 26 27 28 29 30 31 32 33 34 35 36 37 38]
C_final_list= [2.082233189730245e-05, 1.6866108873156547e-05, 1.3537598788058189e-05, 1.0830378457036234e-05, 8.65213058689547e-06, 6.899638996629905e-06, 5.501928522525199e-06, 4.3862406056579255e-06, 3.4974976031244413e-06, 2.790367373362116e-06, 2.223485862347918e-06, 1.773431389285907e-06, 1.413941097472347e-06, 1.1278761487421947e-06, 8.98166055802292e-07, 7.147497702742751e-07, 5.692874665693335e-07, 4.5343872937992457e-07, 3.610482744006627e-07, 2.8777355042958573e-07, 2.298007255549939e-07, 1.8346823368565918e-07, 1.465002518853099e-07, 1.1697337759494694e-07, 9.323747562342729e-08, 7.422731335259138e-08, 5.905864266386352e-08, 4.693023743162701e-08, 3.727117596614755e-08, 2.965862172821142e-08, 2.3577941002672725e-08, 1.8761550848133983e-08, 1.494788762500555e-08, 1.190328596396699e-08, 9.464892895125792e-09, 7.508828571420691e-09, 5.9595786318900234e-09, 4.724612601937322e-09]
W_list: [8.3]
L_list: [4.493817196701874]
