R_list= [ 1  2  3  4  5  6  7  8  9 10 11 12 13 14 15 16 17 18 19 20 21 22 23 24
 25 26 27 28 29 30 31 32 33 34 35 36 37 38]
C_final_list= [2.5591359495500136e-07, 2.1697321339588067e-07, 1.834342509170028e-07, 1.542868483881208e-07, 1.2894632928582632e-07, 1.0741569580579828e-07, 8.917752289175954e-08, 7.405370766885362e-08, 6.1349127911516e-08, 5.086377384612895e-08, 4.2162444990978103e-08, 3.4895321582693e-08, 2.8817603817073868e-08, 2.3795379418530342e-08, 1.96145237161136e-08, 1.6207884221957233e-08, 1.3400905392805112e-08, 1.1064598701388416e-08, 9.141468691216789e-09, 7.543086541757622e-09, 6.203988770554454e-09, 5.1015213098184324e-09, 4.185240925553196e-09, 3.436210039307498e-09, 2.8232196657360197e-09, 2.3198642282422676e-09, 1.9077986677428715e-09, 1.5774053024972926e-09, 1.3016105025962703e-09, 1.0729111792635806e-09, 8.859331733501749e-10, 7.313754712200162e-10, 6.036540604749558e-10, 4.977755514155548e-10, 4.0957245075704585e-10, 3.359446437214309e-10, 2.7589940353917204e-10, 2.259231215054788e-10]
W_list: [7]
L_list: [5.566925558385612]
