C_final_list: [2.11995606884651e-06, 1.890584575362241e-06, 1.6851319078646853e-06, 1.502562312791075e-06, 1.3388029982437029e-06, 1.1947571311064593e-06, 1.0648814143970182e-06, 9.491645258922571e-07, 8.467386806914149e-07, 7.557481597695286e-07, 6.743380326357725e-07, 6.021683766320318e-07, 5.374244134288634e-07, 4.803507314180487e-07, 4.2798541337502304e-07, 3.8018685855927886e-07, 3.376407237915947e-07, 3.00361963632204e-07, 2.666636992153726e-07, 2.3710013061744154e-07, 2.1010303445074308e-07, 1.862068230739394e-07, 1.648129818714264e-07, 1.4590583541461892e-07, 1.2949362092084706e-07, 1.1448830212780922e-07, 1.0129947443714346e-07, 8.969345736601407e-08, 7.944444053265236e-08, 7.016320576036326e-08, 6.207133895022114e-08, 5.481268047465844e-08, 4.8576394368889735e-08, 4.3001434731892604e-08, 3.8018712463779634e-08, 3.360910581831959e-08, 2.9783147812919145e-08, 2.636911521529151e-08, 2.332367573271617e-08, 2.058916390169079e-08, 1.8177660835722913e-08, 1.6062486140765637e-08, 1.4212969871395098e-08, 1.2555352620265987e-08, 1.1098678383265396e-08, 9.825912438134088e-09, 8.703051982993445e-09, 7.708740414830463e-09, 6.831065536037042e-09, 6.027973284124575e-09]
ndim2: 500
W_list: [2.8]
L_list: [8.682448038688184]
