R_list= [ 1  2  3  4  5  6  7  8  9 10 11 12 13 14 15 16 17 18 19 20 21 22 23 24
 25 26 27 28 29 30 31 32 33 34 35 36 37 38]
C_final_list= [1.2532080920867519e-06, 8.525048739046707e-07, 5.830017754959903e-07, 3.9434990806683023e-07, 2.6536245453175113e-07, 1.76399541706329e-07, 1.1728384082726724e-07, 7.78757558803449e-08, 5.154042457764925e-08, 3.432866472114729e-08, 2.2772459684011402e-08, 1.5165097565299047e-08, 9.987369688456469e-09, 6.590456040455496e-09, 4.350596932714461e-09, 2.8695511461790297e-09, 1.872347848252314e-09, 1.216812254652906e-09, 7.999138417131806e-10, 5.269421358164808e-10, 3.4765296037766465e-10, 2.2465980132783387e-10, 1.4744402863301295e-10, 9.700809789024598e-11, 6.431974061581586e-11, 4.3283498425698506e-11, 2.8893544150119035e-11, 1.9675116057206604e-11, 1.3394855453090683e-11, 9.441129341472326e-12, 6.476771964449418e-12, 4.617139862323108e-12, 3.1275699913820077e-12, 2.211481110550038e-12, 1.4868374350085513e-12, 1.0228708117725301e-12, 7.425154233639841e-13, 5.402850366406262e-13]
W_list: [7.2]
L_list: [2.5683567751187173]
