R_list= [ 1  2  3  4  5  6  7  8  9 10 11 12 13 14 15 16 17 18 19 20 21 22 23 24
 25 26 27 28 29 30 31 32 33 34 35 36 37 38]
C_final_list= [9.061920697926323e-07, 5.464817529860032e-07, 3.300579459276082e-07, 2.0030646487687758e-07, 1.1957133559299154e-07, 7.153648790459497e-08, 4.2272147723449186e-08, 2.5097893483756183e-08, 1.4635712465932043e-08, 8.623435874596917e-09, 5.1289792479088105e-09, 3.0589276882797403e-09, 1.8020615997516258e-09, 1.0788386244282056e-09, 6.384341586369625e-10, 3.781024624872241e-10, 2.2295809743105215e-10, 1.3062777300146348e-10, 7.643127446141631e-11, 4.399450819039147e-11, 2.556950618908554e-11, 1.4613462930123263e-11, 8.452622769007327e-12, 4.493184220305327e-12, 2.4272653441703353e-12, 1.3978535805126228e-12, 7.777999422327077e-13, 4.1192608812815987e-13, 2.3478592325829334e-13, 1.3492496456727978e-13, 6.634066924490554e-14, 3.5956107472155964e-14, 2.0549467589111873e-14, 1.1359906296774283e-14, 6.120571204824537e-15, 3.555544750848772e-15, 2.336579393841396e-15, 1.5793981208109643e-15]
W_list: [8.4]
L_list: [1.9767482161668606]
