R_list= [ 1  2  3  4  5  6  7  8  9 10 11 12 13 14 15 16 17 18 19 20 21 22 23 24
 25 26 27 28 29 30 31 32 33 34 35 36 37 38]
C_final_list= [2.3778546664687488e-05, 1.971859639581975e-05, 1.6219767669603492e-05, 1.3306991161972876e-05, 1.0911286458179796e-05, 8.936820810885166e-06, 7.31834945373828e-06, 5.989625011903809e-06, 4.899469705954765e-06, 4.010576295080277e-06, 3.283280927833312e-06, 2.6858873089220353e-06, 2.1970503011387822e-06, 1.7951759463476951e-06, 1.465072395060363e-06, 1.19739859926066e-06, 9.770137543808934e-07, 7.965320021809591e-07, 6.488890912554107e-07, 5.284821897880523e-07, 4.3024091438730206e-07, 3.505766076620558e-07, 2.8530050919403057e-07, 2.3236426295467114e-07, 1.8957544461072547e-07, 1.5456935339479342e-07, 1.2610884197873094e-07, 1.0276882172812923e-07, 8.373153097950838e-08, 6.829052289921522e-08, 5.58189780384965e-08, 4.5757880610252815e-08, 3.747098275446917e-08, 3.073174493178466e-08, 2.5228065737661668e-08, 2.074199268595028e-08, 1.697156134124441e-08, 1.3914585316394681e-08]
W_list: [7.95]
L_list: [5.059409530593882]
