R_list= [ 1  2  3  4  5  6  7  8  9 10 11 12 13 14 15 16 17 18 19 20 21 22 23 24
 25 26 27 28 29 30 31 32 33 34 35 36 37 38]
C_final_list= [3.477646258113393e-06, 2.833130804421738e-06, 2.287845092338866e-06, 1.8435444357168575e-06, 1.4866440618370741e-06, 1.1987296704696454e-06, 9.660344779958515e-07, 7.797542200016003e-07, 6.268095988996394e-07, 5.023719053284074e-07, 4.025416880909835e-07, 3.229252780411922e-07, 2.59364404603622e-07, 2.0826055945138473e-07, 1.6682219520073958e-07, 1.3309042557368482e-07, 1.0640673199440682e-07, 8.506888253182683e-08, 6.793610543812585e-08, 5.4407540399125034e-08, 4.355491205632759e-08, 3.482734700893473e-08, 2.7825725590787923e-08, 2.2206987858122502e-08, 1.7700867638416393e-08, 1.419235229083667e-08, 1.1359943880516652e-08, 9.093728921267209e-09, 7.261838849018415e-09, 5.813612478799895e-09, 4.661550777393058e-09, 3.730486024114222e-09, 2.9803294212313465e-09, 2.3813266345378138e-09, 1.90698889043737e-09, 1.526733698628116e-09, 1.218949775061789e-09, 9.690896597977348e-10]
W_list: [8.2]
L_list: [4.6575641648472885]
