C_final_list: [2.00498489578382e-06, 1.768547451934959e-06, 1.5569726855041745e-06, 1.3717473184725693e-06, 1.2116416453908641e-06, 1.0667302641425762e-06, 9.380834000910433e-07, 8.265200732463837e-07, 7.287091114633371e-07, 6.40967264615357e-07, 5.648542462126204e-07, 4.979979883347596e-07, 4.3834172870398657e-07, 3.852581879345815e-07, 3.3877827150052066e-07, 2.9737375121237824e-07, 2.6135772723216444e-07, 2.2993665788943695e-07, 2.016959457104032e-07, 1.7685886527772402e-07, 1.5463106889875785e-07, 1.3543087604919413e-07, 1.1843603117559036e-07, 1.0403385102291988e-07, 9.115454414651667e-08, 7.976214824160742e-08, 6.965631079275836e-08, 6.064326938228899e-08, 5.2958072875068295e-08, 4.62080078779354e-08, 4.0405302457406295e-08, 3.518408679249656e-08, 3.060125344349148e-08, 2.6664896764418562e-08, 2.3239675207787595e-08, 2.0266884026231636e-08, 1.7557944488135852e-08, 1.5224701255958226e-08, 1.3259210603432115e-08, 1.1507751580721048e-08, 1.0053508212955068e-08, 8.77999868058448e-09, 7.673997961183019e-09, 6.689289391953698e-09, 5.8011764318677015e-09, 5.034721615890706e-09, 4.366668941201906e-09, 3.774179817406098e-09, 3.2784374079616482e-09, 2.845057659044612e-09]
ndim2: 500
W_list: [2.9499999999999997]
L_list: [7.853195359671361]
