R_list= [ 1  2  3  4  5  6  7  8  9 10 11 12 13 14 15 16 17 18 19 20 21 22 23 24
 25 26 27 28 29 30 31 32 33 34 35 36 37 38]
C_final_list= [6.721483320035245e-07, 5.97883833080948e-07, 5.273380577752442e-07, 4.629604113748262e-07, 4.054593167397932e-07, 3.5504098227792236e-07, 3.109194465537419e-07, 2.7166147741920205e-07, 2.3715386471863547e-07, 2.070029331555734e-07, 1.8085860244811813e-07, 1.5802771338670117e-07, 1.3806778759154103e-07, 1.2053401539000741e-07, 1.0523549431924479e-07, 9.168137729737064e-08, 8.00483687397921e-08, 6.988539606376635e-08, 6.105547519108711e-08, 5.331423022626779e-08, 4.657086787559788e-08, 4.0665579635265734e-08, 3.545645773317309e-08, 3.085502364666148e-08, 2.6832868531686767e-08, 2.331824021201005e-08, 2.025417630578702e-08, 1.762291423396873e-08, 1.5302044718623965e-08, 1.328585470130054e-08, 1.1532589964935445e-08, 1.0018373048159928e-08, 8.68663143803132e-09, 7.5201314889638e-09, 6.516166529389377e-09, 5.645500131938253e-09, 4.900818429053802e-09, 4.25444158901577e-09]
W_list: [8.0]
L_list: [7.5496280289949835]
