C_final_list: [1.8341401870607705e-06, 1.5908546220033346e-06, 1.3897524992621683e-06, 1.2001289200152498e-06, 1.0390557482934896e-06, 9.00639360177217e-07, 7.779019190699069e-07, 6.750019337414903e-07, 5.864662348593987e-07, 5.074913348807538e-07, 4.3815516493660454e-07, 3.779956471870303e-07, 3.267324742069906e-07, 2.824003453264832e-07, 2.4478226743379555e-07, 2.1117479088841722e-07, 1.8235709160326426e-07, 1.578861228809347e-07, 1.3603196412014518e-07, 1.1626190830152592e-07, 9.997864330629799e-08, 8.537293314617997e-08, 7.312129768257674e-08, 6.276941564226105e-08, 5.350256886545134e-08, 4.5617588750551e-08, 3.897323176364512e-08, 3.339450892612302e-08, 2.854683571325797e-08, 2.4360532460818622e-08, 2.0902820317455856e-08, 1.7934971510638195e-08, 1.5399905875761253e-08, 1.3111981590828025e-08, 1.1233147622816073e-08]
ndim2: 500
W_list: [1.8]
L_list: [6.947668593965398]
