R_list= [ 1  2  3  4  5  6  7  8  9 10 11 12 13 14 15 16 17 18 19 20 21 22 23 24
 25 26 27 28 29 30 31 32 33 34 35 36 37 38]
C_final_list= [3.4410570234885894e-07, 3.1887641344168477e-07, 2.934198355628415e-07, 2.6884160188278097e-07, 2.4577865313133183e-07, 2.2470100897406332e-07, 2.052209786051379e-07, 1.8738612136945345e-07, 1.7099085888298567e-07, 1.5595740823769526e-07, 1.422896736305472e-07, 1.297369491329001e-07, 1.1829215926642993e-07, 1.0784403409888841e-07, 9.830985143946227e-08, 8.953463091215023e-08, 8.150085721557873e-08, 7.411054176780208e-08, 6.739455575914377e-08, 6.132811656393338e-08, 5.582919110195505e-08, 5.080055260029372e-08, 4.6178319379293126e-08, 4.193326918242086e-08, 3.80662761269241e-08, 3.4522355201683455e-08, 3.128725432830254e-08, 2.8330566156513307e-08, 2.5662087993930473e-08, 2.3257120332282604e-08, 2.107631511200982e-08, 1.910041281806285e-08, 1.731033064572109e-08, 1.5694535423614842e-08, 1.4231594747678966e-08, 1.2913355009039465e-08, 1.1709902591244246e-08, 1.0610388250105466e-08]
W_list: [7.0]
L_list: [10.972648227166209]
