C_list:
9.273666879614275e-07 0.04757605544036336
ndim2: 500
W_list: [2.8]
L_list: [21.018976683628196]
