C_final_list: [1.4029872349164128e-06, 1.3274040371229465e-06, 1.2521969309548974e-06, 1.180970793425125e-06, 1.1144944954734301e-06, 1.0509317710932246e-06, 9.91671127289245e-07, 9.356850237951584e-07, 8.825890998737795e-07, 8.326656181596063e-07, 7.858858873466435e-07, 7.415892158305638e-07, 6.99028099719284e-07, 6.586812106653712e-07, 6.199886533730444e-07, 5.834299382788753e-07, 5.481402297396282e-07, 5.151956289716216e-07, 4.843723219450684e-07, 4.553029499995247e-07, 4.282993423180108e-07, 4.028149118355625e-07, 3.785217621065331e-07, 3.557490150113001e-07, 3.3417452959681195e-07, 3.14019361719072e-07, 2.9492444011279764e-07, 2.7728119828324587e-07, 2.6064624746312155e-07, 2.4494593919342026e-07, 2.3026907087952603e-07, 2.1626062603401615e-07, 2.0308498559362506e-07, 1.9055559469681593e-07, 1.7887082704215195e-07]
ndim2: 500
W_list: [3.6]
L_list: [16.759675373939732]
