C_final_list: [1.580346166946844e-06, 1.2691406230374549e-06, 1.0126735985229615e-06, 8.07012684138529e-07, 6.381481747695528e-07, 5.058175871297177e-07, 4.0164053092947176e-07, 3.1965741217644964e-07, 2.547676797641212e-07, 2.013373804575379e-07, 1.5886252542105646e-07, 1.2464942347535017e-07, 9.823603638409013e-08, 7.747243811013532e-08, 6.137210067720896e-08, 4.867920587475376e-08, 3.837733298785175e-08, 3.0293035254954965e-08, 2.3982497816490176e-08, 1.895543776650957e-08, 1.4930487593707037e-08, 1.1722011473357475e-08, 9.221084922016412e-09, 7.2565984643836884e-09, 5.733981065136729e-09, 4.548244498594516e-09, 3.6153728164740085e-09, 2.873314494490445e-09, 2.2877261743644634e-09, 1.8070264408025527e-09, 1.428710728905031e-09, 1.1308488313878906e-09, 8.939460668676661e-10, 7.076769051126988e-10, 5.560420611836262e-10]
ndim2: 500
W_list: [4.0]
L_list: [4.371193445147945]
