R_list= [ 1  2  3  4  5  6  7  8  9 10 11 12 13 14 15 16 17 18 19 20 21 22 23 24
 25 26 27 28 29 30 31 32]
C_final_list= [2.54139268469881e-07, 1.6834248527400973e-07, 1.0631393677642512e-07, 6.66353223016996e-08, 4.1819406742080644e-08, 2.6139801266092843e-08, 1.6207197408664506e-08, 9.989325156730997e-09, 6.1182858597177144e-09, 3.731600843112635e-09, 2.270914156759327e-09, 1.3880008384518428e-09, 8.518150755610587e-10, 5.184553073818195e-10, 3.1326578927452e-10, 1.8786113735459133e-10, 1.1189101421405665e-10, 6.590952721538266e-11, 3.8823699717167256e-11, 2.2914005862292866e-11, 1.3522330784313047e-11, 8.014011882118708e-12, 4.8312048777061265e-12, 2.9640454921121873e-12, 1.821225077116027e-12, 1.1179914976465232e-12, 6.788897855256047e-13, 4.124640064805025e-13, 2.426977488186214e-13, 1.3829774835075538e-13, 7.623264645940232e-14, 4.1927673448226355e-14]
W_list: [6]
L_list: [2.2412328937794523]
