R_list= [ 1  2  3  4  5  6  7  8  9 10 11 12 13 14 15 16 17 18 19 20 21 22 23 24
 25 26 27 28 29 30 31 32 33 34 35 36 37 38]
C_final_list= [3.827351898310581e-05, 2.5503041780980822e-05, 1.693933724065878e-05, 1.1247534121955778e-05, 7.451452263356619e-06, 4.930326226543467e-06, 3.251573230905297e-06, 2.146957334636994e-06, 1.4128716380758138e-06, 9.275394101765166e-07, 6.110422457645312e-07, 4.0156287474108157e-07, 2.6396115430959864e-07, 1.7336741984321056e-07, 1.1369014409858594e-07, 7.486249411212952e-08, 4.91488450805164e-08, 3.255747119685707e-08, 2.1530041044707393e-08, 1.419786559228778e-08, 9.267843263579193e-09, 6.029464742655889e-09, 3.981815974848059e-09, 2.596237376648776e-09, 1.6831798081154592e-09, 1.1004282685759466e-09, 7.138943394046727e-10, 4.6283554719408586e-10, 3.04791272867495e-10, 2.0037173115217117e-10, 1.3020900836201547e-10, 8.375756983565494e-11, 5.475355010981109e-11, 3.597912053936617e-11, 2.3821123257491318e-11, 1.5398889256413483e-11, 1.0096544329954063e-11, 6.7741254390961526e-12]
W_list: [7.95]
L_list: [2.4438411061255154]
