R_list= [ 1  2  3  4  5  6  7  8  9 10 11 12 13 14 15 16 17 18 19 20 21 22 23 24
 25 26 27 28 29 30]
C_final_list= [1.6710081251263057e-07, 1.1329591146299949e-07, 7.364761881367998e-08, 4.754577456218169e-08, 3.045041897038231e-08, 1.9305754559430218e-08, 1.2232074343019302e-08, 7.744109595491546e-09, 4.896204185935851e-09, 3.0879198836361604e-09, 1.9454216792894383e-09, 1.2283755418524493e-09, 7.740485745507332e-10, 4.854252704086084e-10, 3.020388916394334e-10, 1.8714932951996332e-10, 1.166660593508519e-10, 7.295012331940681e-11, 4.5900447739002795e-11, 2.912257577932206e-11, 1.8621359608199566e-11, 1.1977013091396607e-11, 7.522860731581608e-12, 4.592846659341389e-12, 2.7714805181174774e-12, 1.6808939190378744e-12, 1.0401132786957018e-12, 6.541507371903507e-13, 4.2441126083538957e-13, 2.7905024096492286e-13]
W_list: [6]
L_list: [2.367598218876095]
