R_list= [ 1  2  3  4  5  6  7  8  9 10 11 12 13 14 15 16 17 18 19 20 21 22 23 24
 25 26 27 28 29 30 31 32 33 34 35 36 37 38]
C_final_list= [1.5416761116851946e-06, 1.3788806043893592e-06, 1.2517640203168013e-06, 1.134749207800607e-06, 1.027657532003982e-06, 9.294653705489271e-07, 8.414020237236762e-07, 7.60829757495604e-07, 6.873456398629673e-07, 6.198923841586102e-07, 5.589850549941105e-07, 5.042193928763859e-07, 4.554209765317876e-07, 4.1189749723105746e-07, 3.7196076188518973e-07, 3.354406851633324e-07, 3.0296123612063305e-07, 2.7348624768127235e-07, 2.4685922420603274e-07, 2.2297487766489095e-07, 2.0162927285307345e-07, 1.824082433157164e-07, 1.649223856819079e-07, 1.4909036490851993e-07, 1.3458958567061207e-07, 1.213802790689636e-07, 1.0949888718416433e-07, 9.88039552387641e-08, 8.926252012085244e-08, 8.046672494927093e-08, 7.241024575361691e-08, 6.519680278760887e-08, 5.860918502514949e-08, 5.265229699829989e-08, 4.7260484066124073e-08, 4.2489086575102964e-08, 3.8215111732173904e-08, 3.431955387603292e-08]
W_list: [5]
L_list: [9.871086794500691]
