R_list= [ 1  2  3  4  5  6  7  8  9 10 11 12 13 14 15 16 17 18 19 20 21 22 23 24
 25 26 27 28 29 30 31 32 33 34 35 36 37 38]
C_final_list= [4.052718161886984e-07, 2.578654101827463e-07, 1.566472081066145e-07, 9.471054825071778e-08, 5.746278821658511e-08, 3.492487121548676e-08, 2.1313450056580174e-08, 1.3054071961247962e-08, 7.996768169549011e-09, 4.894949705614971e-09, 2.9915097145418625e-09, 1.831160222606776e-09, 1.1219284257869761e-09, 6.830070666455832e-10, 4.0933113079322065e-10, 2.4154665120249027e-10, 1.3924952824383513e-10, 7.967378433057974e-11, 4.6102542150617675e-11, 2.6775511231440063e-11, 1.561738263545939e-11, 9.15654288846201e-12, 5.430551734359752e-12, 3.247574524331924e-12, 1.92758198446124e-12, 1.1605316289060028e-12, 7.025737732703801e-13, 4.225812429918677e-13, 2.541679210034471e-13, 1.5230473884944091e-13, 8.96806150954944e-14, 5.26978064823349e-14, 3.06048793429006e-14, 1.824915246369856e-14, 1.1146022781491376e-14, 6.75943153347155e-15, 4.28384751827462e-15, 3.1615405551048128e-15]
W_list: [6]
L_list: [2.0777548336248524]
