C_final_list: [1.1944333981418316e-06, 1.1096620609531405e-06, 1.0277708151386591e-06, 9.514830078844921e-07, 8.800626149100342e-07, 8.134982599513964e-07, 7.521816659532194e-07, 6.957579573088623e-07, 6.438700716252826e-07, 5.951240014258068e-07, 5.507554079738222e-07, 5.09786975117801e-07, 4.7179208225834235e-07, 4.364488420520248e-07, 4.0332622113642874e-07, 3.7190901573685236e-07, 3.4279091352389723e-07, 3.1612451167562885e-07, 2.913716853823124e-07, 2.690425923962564e-07, 2.4817250752651464e-07, 2.2890100408961866e-07, 2.107701456335916e-07, 1.94041587375674e-07, 1.7854141479924888e-07, 1.6446142414698614e-07, 1.5123815857941896e-07, 1.388637923181868e-07, 1.2765562865303132e-07, 1.1728712509400006e-07, 1.0769405898253954e-07, 9.881744412727546e-08, 9.055787739084842e-08, 8.303693894157771e-08, 7.61292450608646e-08, 6.985803139067484e-08, 6.408061310066088e-08, 5.8733228390653985e-08, 5.388123720596824e-08, 4.939744981987933e-08, 4.528456687539436e-08, 4.15485835486102e-08, 3.8121279023288635e-08, 3.49451102759361e-08, 3.204915401221485e-08, 2.941042642521446e-08, 2.6991637643671875e-08, 2.478172975095678e-08, 2.2734296806458834e-08, 2.08583141951229e-08]
ndim2: 500
W_list: [4.0]
L_list: [12.626806214927047]
