R_list= [ 1  2  3  4  5  6  7  8  9 10 11 12 13 14 15 16 17 18 19 20 21 22 23 24
 25 26 27 28 29 30 31 32]
C_final_list= [4.739579830573984e-07, 3.840488640371236e-07, 3.1308705542592873e-07, 2.556514886438036e-07, 2.0892741771713688e-07, 1.709883976053687e-07, 1.3953242275562865e-07, 1.1376998436133991e-07, 9.266699477827246e-08, 7.54100986533285e-08, 6.125343198520927e-08, 4.959838267937334e-08, 4.008410250913753e-08, 3.2358568005594295e-08, 2.6135663696433442e-08, 2.1070968524465586e-08, 1.694329697442258e-08, 1.3597011782291648e-08, 1.0917505900507605e-08, 8.766276143370422e-09, 7.019323441861642e-09, 5.597159316521688e-09, 4.462955665212362e-09, 3.5521079359978107e-09, 2.810214344912718e-09, 2.2209019318521858e-09, 1.7629109891094697e-09, 1.4029477479864363e-09, 1.1173753857849333e-09, 8.908821723964411e-10, 7.104586481802386e-10, 5.654156071169223e-10]
W_list: [6]
L_list: [4.883085020677669]
