R_list= [ 1  2  3  4  5  6  7  8  9 10 11 12 13 14 15 16 17 18 19 20 21 22 23 24
 25 26 27 28 29 30 31 32 33 34 35 36 37 38]
C_final_list= [2.831807698239086e-07, 2.3722343061224916e-07, 1.9551144692836027e-07, 1.594988816309611e-07, 1.296053240995118e-07, 1.0492770504849195e-07, 8.500505787387175e-08, 6.880691795793189e-08, 5.553411854777804e-08, 4.488169244242387e-08, 3.619304918791071e-08, 2.914348166183111e-08, 2.3481137979423936e-08, 1.894674138260597e-08, 1.530860945448468e-08, 1.2357495227789872e-08, 9.959009241519571e-09, 8.012610773148381e-09, 6.4424751477574166e-09, 5.155036312526514e-09, 4.128983576068049e-09, 3.2913716263460533e-09, 2.6227093892631594e-09, 2.0914221738046182e-09, 1.6692222271771344e-09, 1.3284335425032981e-09, 1.0604137717383504e-09, 8.467529807923258e-10, 6.758419563914972e-10, 5.408144648989674e-10, 4.315631502449236e-10, 3.446172340355558e-10, 2.7587222882632057e-10, 2.2055404313663575e-10, 1.7691387999251896e-10, 1.4185337663212715e-10, 1.1414327650990314e-10, 9.23209718143231e-11]
W_list: [9.0]
L_list: [4.909281765933651]
