R_list= [ 1  2  3  4  5  6  7  8  9 10 11 12 13 14 15 16 17 18 19 20 21 22 23 24
 25 26 27 28 29 30 31 32 33 34 35 36 37 38]
C_final_list= [7.812693746573481e-07, 6.575958401101022e-07, 5.506058909550885e-07, 4.6015322452702607e-07, 3.8409108612125257e-07, 3.210454362321977e-07, 2.680729354546305e-07, 2.233728763476751e-07, 1.863907659254977e-07, 1.5551993537957265e-07, 1.2946324810286114e-07, 1.078620183981418e-07, 8.985480158215713e-08, 7.489251554421522e-08, 6.24506552044264e-08, 5.181819508390813e-08, 4.2922426754864753e-08, 3.5614855378188275e-08, 2.9505803884029162e-08, 2.448129579967828e-08, 2.0283096890875817e-08, 1.6775545160085867e-08, 1.3876270610417814e-08, 1.1461988009732886e-08, 9.447859978793094e-09, 7.812131740987598e-09, 6.44939144858299e-09, 5.322321581449962e-09, 4.396307560062085e-09, 3.6303903985363763e-09, 2.9957541182684457e-09, 2.4653528456607156e-09, 2.0299736322287517e-09, 1.6655640559652178e-09, 1.3720898535197126e-09, 1.1292972357739412e-09, 9.299075701797861e-10, 7.605534621640227e-10]
W_list: [7.2]
L_list: [5.561816975505907]
