R_list= [ 1  2  3  4  5  6  7  8  9 10 11 12 13 14 15 16 17 18 19 20 21 22 23 24
 25 26 27 28 29 30 31 32 33 34 35 36 37 38]
C_final_list= [6.433701155508759e-07, 5.330854571019202e-07, 4.387060335034087e-07, 3.6127908338002633e-07, 2.967644005477242e-07, 2.4425987124588684e-07, 2.0120274743431918e-07, 1.6536657945175542e-07, 1.3580145291602504e-07, 1.1091102794655056e-07, 9.040657068076906e-08, 7.381230849239099e-08, 6.031425769207499e-08, 4.928777582851752e-08, 4.024204284590109e-08, 3.2740255261835036e-08, 2.66737161301598e-08, 2.174313104292541e-08, 1.772995190351933e-08, 1.4453667252897761e-08, 1.1772797419399962e-08, 9.55933761906351e-09, 7.727633381605315e-09, 6.239395480529365e-09, 5.05105650788016e-09, 4.094496392239975e-09, 3.31864486804773e-09, 2.6932131188927822e-09, 2.1857876843946602e-09, 1.7672538769909026e-09, 1.423522604574576e-09, 1.1450057667234914e-09, 9.225308253892822e-10, 7.388633676724314e-10, 5.920016029464408e-10, 4.714555423223302e-10, 3.76723382646044e-10, 2.990337919857028e-10]
W_list: [7.0]
L_list: [5.110143282736473]
