C_final_list: [7.26498504196882e-07, 6.875420746793291e-07, 6.476159710949329e-07, 6.082311475290788e-07, 5.712935637675789e-07, 5.363401996713438e-07, 5.031250123162257e-07, 4.718651247030362e-07, 4.423820623085128e-07, 4.1499490479566055e-07, 3.8917775066989764e-07, 3.6506947226298416e-07, 3.4271495198589467e-07, 3.215645241426966e-07, 3.018166017769693e-07, 2.832305679062287e-07, 2.656471232477055e-07, 2.489511286254726e-07, 2.3309238467684507e-07, 2.1830054416661925e-07, 2.0422858951303162e-07, 1.9111512092338692e-07, 1.787512322728281e-07, 1.6723163726164771e-07, 1.5648414897193917e-07, 1.4647552352937496e-07, 1.3702799532187811e-07, 1.2814007051433045e-07, 1.1988356805331314e-07, 1.1214792379124923e-07, 1.0492231754304255e-07, 9.81323001085845e-08, 9.171013951333555e-08, 8.573070888092548e-08, 8.013243617674618e-08]
ndim2: 500
W_list: [3.8]
L_list: [15.610487438727112]
