C_final_list: [1.942500608673007e-06, 1.8198097823576423e-06, 1.6996342215719687e-06, 1.5883998196511805e-06, 1.4847162858566627e-06, 1.3870097563966897e-06, 1.2943470888223652e-06, 1.2080309316723714e-06, 1.1286148732272167e-06, 1.054239094900114e-06, 9.841443617929807e-07, 9.200802207498606e-07, 8.584226438102883e-07, 8.008518010788468e-07, 7.473471538410891e-07, 6.978163944891196e-07, 6.505590118890285e-07, 6.066462322029664e-07, 5.657903508207411e-07, 5.278518829026937e-07, 4.919727927383607e-07, 4.586165748035911e-07, 4.271947890777127e-07, 3.977869833637138e-07, 3.7104093974636074e-07, 3.4614497815730657e-07, 3.2273087273147184e-07, 3.0102617325427726e-07, 2.8051312347288506e-07, 2.614518360804523e-07, 2.437178568979135e-07, 2.2720112973660247e-07, 2.1210829008572082e-07, 1.9801552377884476e-07, 1.846455273262422e-07, 1.718325542445358e-07, 1.6010875205933844e-07, 1.48998357310416e-07, 1.3849894409400772e-07, 1.286645078748126e-07, 1.1949975884289172e-07, 1.1107537603434903e-07, 1.0314611881226673e-07, 9.582313465549964e-08, 8.918680275713087e-08, 8.295923429953572e-08, 7.705831638427411e-08, 7.155644610482959e-08, 6.642958327361359e-08, 6.167286596264446e-08]
ndim2: 500
W_list: [3.0999999999999996]
L_list: [14.487999799423214]
