R_list= [ 1  2  3  4  5  6  7  8  9 10 11 12 13 14 15 16 17 18 19 20 21 22 23 24
 25 26 27 28 29 30 31 32 33 34 35 36 37 38]
C_final_list= [1.2468935413258426e-06, 1.2062863675343181e-06, 1.1671607325453216e-06, 1.1290064750270987e-06, 1.0925243038432974e-06, 1.057041435275009e-06, 1.0225347020809e-06, 9.893793633292282e-07, 9.570842354854143e-07, 9.256828109158372e-07, 8.951025161781296e-07, 8.656528188503557e-07, 8.370683050960281e-07, 8.094841215168929e-07, 7.825291046336094e-07, 7.565088133831367e-07, 7.312212125009265e-07, 7.066876817675488e-07, 6.830232267729819e-07, 6.601633846437979e-07, 6.381883575002059e-07, 6.164718759886997e-07, 5.955201758714292e-07, 5.753445708676467e-07, 5.55662686023175e-07, 5.367193832887008e-07, 5.183139374063546e-07, 5.006099196013107e-07, 4.834842101916024e-07, 4.669131005794305e-07, 4.5094205490282905e-07, 4.3556790883006297e-07, 4.206983871482311e-07, 4.063345424386726e-07, 3.925158857693285e-07, 3.7906340871561217e-07, 3.66074808025845e-07, 3.5355291999926704e-07]
W_list: [5]
L_list: [29.518387472646477]
