C_final_list: [1.4651746857206122e-06, 1.4350003506664123e-06, 1.4049860841748295e-06, 1.3755278710772862e-06, 1.3464621209512336e-06, 1.3178223759847652e-06, 1.289864962446305e-06, 1.2619521344400395e-06, 1.2349696338673947e-06, 1.2084561271866267e-06, 1.182531926585897e-06, 1.1572766504530596e-06, 1.1325406157679737e-06, 1.1083581937352702e-06, 1.0848989226127058e-06, 1.0620723981273122e-06, 1.039647139500032e-06, 1.0176884484626719e-06, 9.959052315394066e-07, 9.747075216592405e-07, 9.53834178992604e-07, 9.33104977657413e-07, 9.130609502053655e-07, 8.933198243261999e-07, 8.739896351745371e-07, 8.548351323734799e-07, 8.358266520644331e-07, 8.172929562355118e-07, 7.990500200033971e-07, 7.812458255697051e-07, 7.636539563330857e-07, 7.463611863082363e-07, 7.294381914166048e-07, 7.128182260568279e-07, 6.967657090992402e-07, 6.812312776657574e-07, 6.657318539923466e-07, 6.505904955625166e-07, 6.358064944860499e-07, 6.213758276626433e-07, 6.071302444862569e-07, 5.930387571595631e-07, 5.793630028567546e-07, 5.659777606198118e-07, 5.528572857673161e-07, 5.401911193453252e-07, 5.278366303895727e-07, 5.157087976523592e-07, 5.03767625353434e-07, 4.921773518799434e-07]
ndim2: 500
W_list: [3.3]
L_list: [45.376700000063984]
