R_list= [ 1  2  3  4  5  6  7  8  9 10 11 12 13 14 15 16 17 18 19 20 21 22 23 24
 25 26 27 28 29 30 31 32 33 34 35 36 37 38]
C_final_list= [7.58974753423383e-07, 5.096987347343322e-07, 3.463405176012992e-07, 2.390153884798035e-07, 1.6610433893604555e-07, 1.1473464861512698e-07, 7.872805031143116e-08, 5.382659202359063e-08, 3.6794774447246076e-08, 2.5350842510648757e-08, 1.7428550587521718e-08, 1.1956981077310338e-08, 8.21198177589094e-09, 5.614566102819647e-09, 3.8156252572550445e-09, 2.5861580622037057e-09, 1.7633690866196708e-09, 1.2077023396565415e-09, 8.233918782957462e-10, 5.596423980499904e-10, 3.7666330326236656e-10, 2.531494550653407e-10, 1.6986628779933837e-10, 1.1514312466580355e-10, 7.828495502101298e-11, 5.2155364412632124e-11, 3.3995134289236724e-11, 2.2389258158254975e-11, 1.497131579709675e-11, 9.98589378426876e-12, 6.628748909220667e-12, 4.271728788782925e-12, 2.702017378646625e-12, 1.7636766456299217e-12, 1.1977448980641608e-12, 8.335770831691215e-13, 5.748085672089088e-13, 3.9584122278522276e-13]
W_list: [6]
L_list: [2.6147861852159147]
