R_list= [ 1  2  3  4  5  6  7  8  9 10 11 12 13 14 15 16 17 18 19 20 21 22 23 24
 25 26 27 28 29 30 31 32 33 34 35 36 37 38]
C_final_list= [1.495595866804459e-06, 9.99555556018976e-07, 6.228532146634403e-07, 3.841692224267287e-07, 2.396739472987472e-07, 1.5111989644559453e-07, 9.556970247474793e-08, 6.02362501246451e-08, 3.782049567874182e-08, 2.3607263628168543e-08, 1.4643548351748388e-08, 9.071272093309e-09, 5.639261709900235e-09, 3.500533450406576e-09, 2.1520910248101807e-09, 1.3145051345531682e-09, 7.980952964064141e-10, 4.842337500449863e-10, 2.947713321129583e-10, 1.8130477672950123e-10, 1.1151433616085971e-10, 6.776516671073364e-11, 4.0915420477687e-11, 2.5347319627623408e-11, 1.634622904319025e-11, 1.0655441632593623e-11, 6.956671110141872e-12, 4.478328249777824e-12, 2.851590742037849e-12, 1.81520809097879e-12, 1.1801854384518507e-12, 7.912466839850617e-13, 5.113597565445603e-13, 3.2499344096236173e-13, 2.0909962495688407e-13, 1.3154152954500018e-13, 8.226928660056849e-14, 5.0239912943874584e-14]
W_list: [5]
L_list: [2.2282404238490536]
