C_final_list: [1.5826538690072976e-06, 1.5553219047278986e-06, 1.5279159932825904e-06, 1.5012688976378078e-06, 1.475353219493915e-06, 1.449708872982841e-06, 1.4243936032026014e-06, 1.3997766313408613e-06, 1.3758833108915831e-06, 1.352262156564543e-06, 1.3290278851347872e-06, 1.3062532839510333e-06, 1.2839170737176462e-06, 1.2619270793550292e-06, 1.2404817784117385e-06, 1.2190914960519762e-06, 1.1979144148394763e-06, 1.1771051947877003e-06, 1.1566431748029963e-06, 1.1365185720437148e-06, 1.116877016396336e-06, 1.0974963185677633e-06, 1.07848194847833e-06, 1.0597620020965743e-06, 1.0414737466388358e-06, 1.0234893661607975e-06, 1.005407869997865e-06, 9.875708704388387e-07, 9.700338474382456e-07, 9.526916759683993e-07, 9.357101552578305e-07, 9.190961823594538e-07, 9.027614919630049e-07, 8.866327728116151e-07, 8.708455106140936e-07]
ndim2: 500
W_list: [3.0]
L_list: [57.18801304230306]
