C_list:
1.6693031414491078e-06 0.07594148220537153
ndim2: 500
W_list: [2.2]
L_list: [13.168033740711838]
