R_list= [ 1  2  3  4  5  6  7  8  9 10 11 12 13 14 15 16 17 18 19 20 21 22 23 24
 25 26 27 28 29 30 31 32 33 34 35 36 37 38]
C_final_list= [5.440979720523756e-07, 4.026980525880632e-07, 3.0146144812895946e-07, 2.2507987890749393e-07, 1.678116331937024e-07, 1.2503123001802586e-07, 9.303557351229135e-08, 6.91798696922899e-08, 5.1552442409573404e-08, 3.8372456274167036e-08, 2.8507093337374574e-08, 2.1128810916637773e-08, 1.5695664096239366e-08, 1.1633568451017036e-08, 8.608213542671447e-09, 6.342484698936478e-09, 4.683446435231888e-09, 3.4598336464935863e-09, 2.554130924749156e-09, 1.887588610563791e-09, 1.405319926356954e-09, 1.0361727421709214e-09, 7.604820319869349e-10, 5.561188897669003e-10, 4.0156612316966685e-10, 2.8967907901798696e-10, 2.110059888572012e-10, 1.531217678831868e-10, 1.097397816943919e-10, 7.843044549235531e-11, 5.5703512997343947e-11, 3.9494975412335706e-11, 2.794850152627939e-11, 1.9876463759922128e-11, 1.3776061014690716e-11, 9.454438213537615e-12, 6.6306286498348385e-12, 4.683306626073145e-12]
W_list: [7]
L_list: [3.3971123695021186]
