R_list= [ 1  2  3  4  5  6  7  8  9 10 11 12 13 14 15 16 17 18 19 20 21 22 23 24
 25 26 27 28 29 30 31 32 33 34 35 36 37 38]
C_final_list= [4.72610395179787e-07, 4.090821473357944e-07, 3.5216033403460706e-07, 3.018470789129409e-07, 2.578871921985406e-07, 2.195635386640462e-07, 1.872205019136319e-07, 1.5938849006488368e-07, 1.3557274747471408e-07, 1.1539989949933401e-07, 9.810489749565872e-08, 8.337203264113946e-08, 7.06779072547317e-08, 5.980851695524304e-08, 5.075740192136392e-08, 4.3112224512768456e-08, 3.654721316307362e-08, 3.093950625943556e-08, 2.61984350247015e-08, 2.2184952481227427e-08, 1.875113270118269e-08, 1.5854149396434123e-08, 1.343321316420889e-08, 1.1392306152063182e-08, 9.670502304551261e-09, 8.197126331131769e-09, 6.950291737411804e-09, 5.896027005841247e-09, 5.010567033919082e-09, 4.2456667284198125e-09, 3.587333135151629e-09, 3.027611945181486e-09, 2.55558690874712e-09, 2.1671910396147447e-09, 1.8344410305414585e-09, 1.5557859740758124e-09, 1.320481942581336e-09, 1.1138655899235447e-09]
W_list: [7]
L_list: [6.333197472001248]
