R_list= [ 1  2  3  4  5  6  7  8  9 10 11 12 13 14 15 16 17 18 19 20 21 22 23 24
 25 26 27 28 29 30 31 32 33 34 35 36 37 38]
C_final_list= [2.1217300480872864e-06, 1.3922749084915356e-06, 7.907029163504758e-07, 4.107198422788765e-07, 2.0146017482137312e-07, 9.513796892454637e-08, 4.3903471646475676e-08, 2.004606387825245e-08, 9.164127698191971e-09, 4.219540626503544e-09, 1.9554157660783212e-09, 9.053034928607396e-10, 4.1603581569777587e-10, 1.894859601958236e-10, 8.576282805568836e-11, 3.880285597822024e-11, 1.7651331603326518e-11, 8.102660355183612e-12, 3.761910604604765e-12, 1.7738639435571364e-12, 8.475500638883102e-13, 4.089616267297902e-13, 1.9389383357086964e-13, 8.912121391637222e-14, 4.1119539519361774e-14, 1.9246531982835002e-14, 9.227786418403061e-15, 4.458560349217525e-15, 2.113637515847264e-15, 9.79602743189341e-16, 4.501481233687102e-16, 2.0622010204789367e-16, 9.318976900620966e-17, 4.187089679357155e-17, 1.895627499955858e-17, 8.774938223625332e-18, 4.149794513246196e-18, 2.0057178821390564e-18]
W_list: [4]
L_list: [1.8848632115796775]
