R_list= [ 1  2  3  4  5  6  7  8  9 10 11 12 13 14 15 16 17 18 19 20 21 22 23 24
 25 26 27 28 29 30]
C_final_list= [3.9755443756061364e-08, 1.4965215577062e-08, 4.3101510037016435e-09, 1.0747262430883794e-09, 2.4659101139136476e-10, 5.4328148357374994e-11, 1.1859845514157892e-11, 2.597675136321955e-12, 5.550293836253337e-13, 1.1878073317304977e-13, 2.6887412577898776e-14, 6.475342945243498e-15, 1.3825477611257114e-15, 2.6924142091497443e-16, 5.140816343882303e-17, 9.636663350398784e-18, 1.797929879918725e-18, 3.3755017931273867e-19, 6.576774263009775e-20, 1.3626837593570944e-20, 3.1840725107677148e-21, 8.94697175625121e-22, 3.3263978038882487e-22, 1.7243594510892651e-22, 1.203072399928163e-22, 1.0010952509281128e-22, 9.054601788638731e-23, 8.824600752083155e-23, 8.718429164192756e-23, 8.55019190414929e-23]
W_list: [6]
L_list: [0.9627966888194616]
