R_list= [ 1  2  3  4  5  6  7  8  9 10 11 12 13 14 15 16 17 18 19 20 21 22 23 24
 25 26 27 28 29 30 31 32 33 34 35 36 37 38]
C_final_list= [3.122567102881519e-07, 2.8718563708649225e-07, 2.619480722121915e-07, 2.376942014509114e-07, 2.1511310709308243e-07, 1.94405608391501e-07, 1.757342199102338e-07, 1.5865291865953996e-07, 1.4339720271866636e-07, 1.296450763004914e-07, 1.1716836806537934e-07, 1.058721142110947e-07, 9.563511395213691e-08, 8.632791911146723e-08, 7.796012219416642e-08, 7.035272163169638e-08, 6.346212150726887e-08, 5.720512682228085e-08, 5.1540893404939506e-08, 4.639058484503577e-08, 4.173768567230729e-08, 3.750547165736311e-08, 3.366770434853532e-08, 3.01956966841935e-08, 2.7087710892311826e-08, 2.4298210025170237e-08, 2.181385680811268e-08, 1.9580029808397435e-08, 1.7553029622488987e-08, 1.573352979009666e-08, 1.4095579479209435e-08, 1.2627901683296628e-08, 1.1316460164159236e-08, 1.0133634497024695e-08, 9.074405970347684e-09, 8.114944087284304e-09, 7.254677585370609e-09, 6.478200866038329e-09]
W_list: [7.2]
L_list: [9.935334435478405]
