R_list= [ 1  2  3  4  5  6  7  8  9 10 11 12 13 14 15 16 17 18 19 20 21 22 23 24
 25 26 27 28 29 30 31 32 33 34 35 36 37 38]
C_final_list= [2.0983712562245984e-06, 1.8245924189911646e-06, 1.5684610750950649e-06, 1.3427454951800943e-06, 1.1474360842451515e-06, 9.80501005360991e-07, 8.362673038029105e-07, 7.126930335346178e-07, 6.07462589455778e-07, 5.175459137093743e-07, 4.404976352856289e-07, 3.7475733091373267e-07, 3.18610652977995e-07, 2.705977533209336e-07, 2.293552178099696e-07, 1.9424828016344614e-07, 1.6456295134891264e-07, 1.3925852087265042e-07, 1.1794100650840324e-07, 9.98840204888696e-08, 8.456930705800412e-08, 7.160690854256228e-08, 6.062047671329758e-08, 5.125934287370187e-08, 4.333852974456875e-08, 3.662382669392013e-08, 3.10011232776576e-08, 2.62227330911865e-08, 2.2172838266621498e-08, 1.8743718519758705e-08, 1.583270571197892e-08, 1.3387491099171518e-08, 1.1315173221674757e-08, 9.574052016553016e-09, 8.102325659559318e-09, 6.843187658934805e-09, 5.774575326237208e-09, 4.87077322675933e-09]
W_list: [8.45]
L_list: [6.367901110374293]
