R_list= [ 1  2  3  4  5  6  7  8  9 10 11 12 13 14 15 16 17 18 19 20 21 22 23 24
 25 26 27 28 29 30 31 32 33 34 35 36 37 38]
C_final_list= [1.958587165379645e-06, 1.253165096784829e-06, 6.893466988804515e-07, 3.4667913289995224e-07, 1.6517148749026914e-07, 7.617347037871371e-08, 3.447176504628637e-08, 1.5427378390467575e-08, 6.888340483578154e-09, 3.0869054656773555e-09, 1.3867453965826354e-09, 6.254035104522038e-10, 2.844958375461327e-10, 1.3061907523096796e-10, 6.008329801710266e-11, 2.7796072753810175e-11, 1.295627529881965e-11, 6.09961383969106e-12, 2.877656256337386e-12, 1.3602938516003306e-12, 6.482465420250821e-13, 3.12169714356258e-13, 1.5569049499304385e-13, 8.618161884838968e-14, 5.3308466565235115e-14, 3.1896271059751055e-14, 1.716294871820654e-14, 8.007700642742673e-15, 3.284769741459245e-15, 1.293400316827487e-15, 4.848313729368152e-16, 1.8254639885113499e-16, 7.088011844374346e-17, 2.853282632182917e-17, 1.1837386205877037e-17, 5.029793690489268e-18, 2.173262883124695e-18, 9.511773477414394e-19]
W_list: [4]
L_list: [1.8075527975717183]
