C_final_list: [1.7656638821730185e-06, 1.7440936105721338e-06, 1.7228439391998728e-06, 1.7023635667445786e-06, 1.6824371202702566e-06, 1.663044150048942e-06, 1.6439821069186775e-06, 1.625306745825041e-06, 1.6073115012770092e-06, 1.5896259575859973e-06, 1.5721264032276385e-06, 1.5548570568351988e-06, 1.5377974684751752e-06, 1.5208539163768926e-06, 1.5041761847452087e-06, 1.4877650848658563e-06, 1.4715008823415568e-06, 1.4554392425185418e-06, 1.4393201066254172e-06, 1.4235563532700584e-06, 1.4078010214774791e-06, 1.3921841697118982e-06, 1.376792695720801e-06, 1.3616190873487433e-06, 1.3465444227577594e-06, 1.3316766679046793e-06, 1.3169031340161804e-06, 1.3024266681235677e-06, 1.288077013822127e-06, 1.2737095216757535e-06, 1.2594603545657119e-06, 1.2454679248452142e-06, 1.231707412509814e-06, 1.218085078526371e-06, 1.2046743698718165e-06]
ndim2: 500
W_list: [2.6]
L_list: [89.55078468562381]
