R_list= [ 1  2  3  4  5  6  7  8  9 10 11 12 13 14 15 16 17 18 19 20 21 22 23 24
 25 26 27 28 29 30 31 32 33 34 35 36 37 38]
C_final_list= [4.0652282816958505e-07, 3.6102201522232e-07, 3.1876145025213275e-07, 2.8045024995712976e-07, 2.463481102528411e-07, 2.1629685191670298e-07, 1.8971180961723886e-07, 1.6636867853402092e-07, 1.4581083567470104e-07, 1.275309304212476e-07, 1.1147910336655412e-07, 9.736453515773452e-08, 8.509381225540276e-08, 7.43649326098485e-08, 6.491706923171089e-08, 5.665512894222477e-08, 4.944446888101742e-08, 4.3108028973813484e-08, 3.7626985668911264e-08, 3.286270096661328e-08, 2.869584528648137e-08, 2.507777790150511e-08, 2.190794591659731e-08, 1.9197227060207856e-08, 1.6802701401443876e-08, 1.4697076182319374e-08, 1.2852070500265084e-08, 1.1219142270054264e-08, 9.771059638359139e-09, 8.500750895378134e-09, 7.3970665129787456e-09, 6.437203084561332e-09, 5.608054196377292e-09, 4.878838555512215e-09, 4.2324554245396064e-09, 3.6726078701062832e-09, 3.187720815537716e-09, 2.758796414159593e-09]
W_list: [7]
L_list: [7.644791564790077]
