R_list= [ 1  2  3  4  5  6  7  8  9 10 11 12 13 14 15 16 17 18 19 20 21 22 23 24
 25 26 27 28 29 30 31 32 33 34 35 36 37 38]
C_final_list= [1.960578600060273e-06, 1.2461918380250765e-06, 6.784471046800866e-07, 3.371944094322865e-07, 1.588005601531006e-07, 7.2492581010164e-08, 3.2503484521650765e-08, 1.438501363002672e-08, 6.3047181355002745e-09, 2.7529450958201594e-09, 1.205354382905391e-09, 5.324775042868508e-10, 2.370197190808824e-10, 1.0647009085684447e-10, 4.7995270820919513e-11, 2.1624814549994485e-11, 9.774853558806085e-12, 4.447444329525611e-12, 2.0396013158475877e-12, 9.407798373097419e-13, 4.4010973699372223e-13, 2.0671210925369772e-13, 9.674359798049865e-14, 4.4173974643752744e-14, 1.9791035675667954e-14, 8.7797844578909e-15, 3.972426016248907e-15, 1.8248777872400705e-15, 8.404012086731113e-16, 3.7744441884140193e-16, 1.6531805430043874e-16, 7.309770898365831e-17, 3.272361437644109e-17, 1.4664800528331585e-17, 6.6858427568797644e-18, 3.166501629789438e-18, 1.5913487863356563e-18, 8.506194686651077e-19]
W_list: [4]
L_list: [1.7849006445752307]
