C_final_list: [1.7281411633742712e-06, 1.7010044110408587e-06, 1.674169704723387e-06, 1.6482909368642723e-06, 1.623136399794614e-06, 1.5983019389159891e-06, 1.5739015030518409e-06, 1.550166721485625e-06, 1.5269689798557307e-06, 1.503868040532512e-06, 1.4811359719008632e-06, 1.4586344030131348e-06, 1.4365501288713255e-06, 1.4147539504554702e-06, 1.393207000175924e-06, 1.3719772108495263e-06, 1.3509334390260936e-06, 1.3301682753629752e-06, 1.3101722021552164e-06, 1.290161176482238e-06, 1.2703627027605885e-06, 1.25093160777934e-06, 1.231821566124262e-06, 1.2129920406753085e-06, 1.1944391405348664e-06, 1.1762648125616243e-06, 1.1584675073510983e-06, 1.140984590237841e-06, 1.1237192918042187e-06, 1.1067006388384187e-06, 1.0900020066451558e-06, 1.0735009761511004e-06, 1.0571107439717023e-06, 1.0410079856473213e-06, 1.025132790556138e-06, 1.0095962360670316e-06, 9.943656199975984e-07, 9.792014471753275e-07, 9.642549350059757e-07, 9.495665945746686e-07, 9.351306496550464e-07, 9.208911833882521e-07, 9.06791888277189e-07, 8.928446238066364e-07, 8.79041540476388e-07, 8.653193208079611e-07, 8.517776156247684e-07, 8.3861124724641e-07, 8.256073370863766e-07, 8.128417277752737e-07]
ndim2: 500
W_list: [3.0]
L_list: [65.17595290696326]
