C_list:
1.968773351707576e-06 0.15820773408728603
ndim2: 500
W_list: [2.6]
L_list: [6.320803504133889]
