C_final_list: [2.025221304802818e-06, 1.905242815771251e-06, 1.7876020283430329e-06, 1.6777660059851388e-06, 1.5739313639635612e-06, 1.4766521688370281e-06, 1.3869033381319123e-06, 1.3003791081770895e-06, 1.220272436727231e-06, 1.144161077250531e-06, 1.0743631538942865e-06, 1.008628285243474e-06, 9.454695239341325e-07, 8.857537848682199e-07, 8.292495573223154e-07, 7.766781663971066e-07, 7.276896226400037e-07, 6.813052973645846e-07, 6.381532146291515e-07, 5.98202842808273e-07, 5.608231318954823e-07, 5.256707506056785e-07, 4.924795429328856e-07, 4.618001369524547e-07, 4.3290452007448903e-07, 4.0551738778074504e-07, 3.7983211426825753e-07, 3.5552365035483534e-07, 3.331171446534453e-07, 3.1196534828228195e-07, 2.9211901824132353e-07, 2.735633142146823e-07, 2.55804397278747e-07, 2.3941313627004124e-07, 2.2417526489384611e-07, 2.0968852913942486e-07, 1.9617419049583884e-07, 1.8356456821197276e-07, 1.718549454850017e-07, 1.6089145862555215e-07, 1.5045059552626103e-07, 1.4070636078349536e-07, 1.3155973221049732e-07, 1.2296117482191478e-07, 1.1494533242270629e-07, 1.0752266134766965e-07, 1.0047670745169751e-07, 9.398662936471792e-08, 8.790654282475741e-08, 8.218137336412982e-08]
ndim2: 500
W_list: [3.0]
L_list: [15.502992593111859]
