R_list= [ 1  2  3  4  5  6  7  8  9 10 11 12 13 14 15 16 17 18 19 20 21 22 23 24
 25 26 27 28 29 30 31 32 33 34 35 36 37 38]
C_final_list= [5.610991972087872e-07, 5.046120922374211e-07, 4.506548497633248e-07, 4.009545409290826e-07, 3.56276590135681e-07, 3.1609584385766346e-07, 2.8044846558909727e-07, 2.4852426105246485e-07, 2.2005366861888444e-07, 1.9482298379077187e-07, 1.7261075932806476e-07, 1.5298829161903846e-07, 1.355805134090659e-07, 1.2006656013542691e-07, 1.0622775648323042e-07, 9.385214537464848e-08, 8.29619383322239e-08, 7.343458749564906e-08, 6.489695150801121e-08, 5.736723259225437e-08, 5.065434261790984e-08, 4.468418612684025e-08, 3.94303448433146e-08, 3.476865044415704e-08, 3.0654814029193645e-08, 2.7000251057419623e-08, 2.3764815839763802e-08, 2.090817006644017e-08, 1.8359111547643294e-08, 1.6115901289411016e-08, 1.4152096525156322e-08, 1.241757838323409e-08, 1.0865742283112044e-08, 9.519690751121877e-09, 8.347621291240232e-09, 7.315101201763304e-09, 6.41436126584592e-09, 5.628652586049044e-09]
W_list: [7.4]
L_list: [8.36988203488877]
