C_list:
1.4933236527882628e-06 0.14594878173344278
ndim2: 500
W_list: [3.2]
L_list: [6.8517187202451275]
