C_final_list: [2.207803912436554e-06, 1.959186810432469e-06, 1.729849457226685e-06, 1.5345124176037392e-06, 1.361354561465253e-06, 1.2065465768948467e-06, 1.0668684634622832e-06, 9.44060645861141e-07, 8.339873239434707e-07, 7.378137734214989e-07, 6.526373274477416e-07, 5.784947521304117e-07, 5.119205759855763e-07, 4.5232304146453826e-07, 3.993923283860987e-07, 3.5329541786853723e-07, 3.133099546425486e-07, 2.7756140588502123e-07, 2.454459715688324e-07, 2.1644815587926357e-07, 1.9097793915223217e-07, 1.6832214075392102e-07, 1.485089999091802e-07, 1.3106981999163473e-07, 1.1551502926821903e-07, 1.0203640254445411e-07, 8.982645091608244e-08, 7.923788092527158e-08, 6.986222421437038e-08, 6.157458518065552e-08, 5.409277717138368e-08, 4.7582419840882304e-08, 4.1794319343528846e-08, 3.677500330870887e-08, 3.237288868104977e-08, 2.8446977696617885e-08, 2.4985265405274584e-08, 2.1903358494081223e-08, 1.9162009610592663e-08, 1.687730274542116e-08, 1.4831237416306127e-08, 1.3037544702769025e-08, 1.1440766126119789e-08, 1.0046028350917912e-08, 8.80634677385411e-09, 7.707556698677832e-09, 6.748748063365748e-09, 5.9422655135152716e-09, 5.237161862801866e-09, 4.600536760130889e-09]
ndim2: 500
W_list: [2.9]
L_list: [8.186762144109498]
