C_final_list: [1.8236801448131016e-06, 1.563638673975506e-06, 1.3482763441175714e-06, 1.162385957747814e-06, 9.982039002761912e-07, 8.563656525311487e-07, 7.385330010297911e-07, 6.349367515527902e-07, 5.47223182540805e-07, 4.6922142172142165e-07, 4.0259068814788704e-07, 3.4545929929948075e-07, 2.954618554468746e-07, 2.5255358452378013e-07, 2.1601220083870206e-07, 1.840511437656653e-07, 1.568151543970326e-07, 1.335047299004982e-07, 1.1337356149244602e-07, 9.649685166178665e-08, 8.206554182061483e-08, 6.951785056002627e-08, 5.889965015170744e-08, 5.0127229426826096e-08, 4.258632960810098e-08, 3.608788470916316e-08, 3.062005232974414e-08, 2.5987507616374734e-08, 2.2013380722994804e-08, 1.855806330620994e-08, 1.5755097940068286e-08, 1.3352518141614508e-08, 1.1246184617694817e-08, 9.527035655575823e-09, 8.038807179999486e-09]
ndim2: 500
W_list: [2.0]
L_list: [6.58120755141078]
