C_final_list: [1.075146936054453e-06, 1.041878516706585e-06, 1.008003688966645e-06, 9.74876131932501e-07, 9.425826831921927e-07, 9.111157252289583e-07, 8.8058484845281e-07, 8.512376771072335e-07, 8.227465170648925e-07, 7.954221096654786e-07, 7.68811711978078e-07, 7.431446077596847e-07, 7.185317361082185e-07, 6.947139662695716e-07, 6.720599661094595e-07, 6.495848311240326e-07, 6.278403384273194e-07, 6.065357188366956e-07, 5.859166363376099e-07, 5.660837251879138e-07, 5.468961729405463e-07, 5.283812059229203e-07, 5.105946953498572e-07, 4.931608249679439e-07, 4.7630127156825773e-07, 4.597326854087131e-07, 4.4391885837605707e-07, 4.2861552666368785e-07, 4.137049305930001e-07, 3.992574994434518e-07, 3.8516999013032514e-07, 3.715201880176436e-07, 3.58274792125747e-07, 3.454574642280496e-07, 3.33241550063134e-07]
ndim2: 500
W_list: [3.2]
L_list: [29.25552506244233]
