C_final_list: [1.3983506601854718e-06, 1.3378056405465216e-06, 1.2745037033201304e-06, 1.2136450754594915e-06, 1.1570156148746238e-06, 1.100246765484009e-06, 1.0468561246268103e-06, 9.956067429212802e-07, 9.470761973281965e-07, 9.010428515820509e-07, 8.564918388070739e-07, 8.143835203125529e-07, 7.740223987952087e-07, 7.355986022125263e-07, 6.994916050421319e-07, 6.656018439453042e-07, 6.32837154215678e-07, 6.015946111541601e-07, 5.725064704969137e-07, 5.439601781546692e-07, 5.176821735491283e-07, 4.921974412505968e-07, 4.677051074294307e-07, 4.4413207632674736e-07, 4.216417182295306e-07, 4.0036487535558964e-07, 3.797888715905901e-07, 3.6006038498190894e-07, 3.41567102739618e-07, 3.239149838977885e-07, 3.0720439396156646e-07, 2.914463075661043e-07, 2.764250103452202e-07, 2.622084767030199e-07, 2.4876783598886115e-07]
ndim2: 500
W_list: [2.2]
L_list: [19.87631145391976]
