R_list= [ 1  2  3  4  5  6  7  8  9 10 11 12 13 14 15 16 17 18 19 20 21 22 23 24
 25 26 27 28 29 30 31 32 33 34 35 36 37 38]
C_final_list= [1.7144534197020425e-06, 1.3921142049287657e-06, 1.122688392251236e-06, 9.29325350944657e-07, 7.844425028747918e-07, 6.651062608306935e-07, 5.629598584295712e-07, 4.7606595658466184e-07, 4.027520731526798e-07, 3.4072096308307074e-07, 2.883701643461786e-07, 2.4400802947796483e-07, 2.0643054764132422e-07, 1.7455984011177915e-07, 1.476900799107377e-07, 1.250382905138645e-07, 1.057650880494812e-07, 8.921406981584654e-08, 7.505835115655674e-08, 6.304268891771217e-08, 5.28572445360383e-08, 4.422196954843066e-08, 3.698424924921056e-08, 3.0959147425962715e-08, 2.5892175428822477e-08, 2.1685753902782416e-08, 1.820953070692075e-08, 1.5285880184257178e-08, 1.2814796245755033e-08, 1.0736887551552656e-08, 9.001280522922828e-09, 7.545282054086534e-09, 6.32474896107329e-09, 5.308970528989091e-09, 4.460106860518491e-09, 3.73728861245716e-09, 3.113750286034497e-09, 2.58164610950735e-09]
W_list: [4]
L_list: [5.5555367811054515]
