C_final_list: [2.1749183936095527e-06, 2.1413202414847135e-06, 2.1075335383204805e-06, 2.0749855815745e-06, 2.0428407909204014e-06, 2.0112525315922382e-06, 1.9804620108706855e-06, 1.949770752681258e-06, 1.9201248304195737e-06, 1.8907958857283384e-06, 1.8618749056332857e-06, 1.833277756379326e-06, 1.8050069402586456e-06, 1.777229883326961e-06, 1.7497488466320595e-06, 1.7228662057095313e-06, 1.6960902635890012e-06, 1.669951805594481e-06, 1.6441316330856663e-06, 1.6186795957256574e-06, 1.593328606718875e-06, 1.56819252761393e-06, 1.5439038126354498e-06, 1.5199973814879306e-06, 1.4964001856515357e-06, 1.4730728038956362e-06, 1.4501522960391976e-06, 1.4273666424382589e-06, 1.405067000500749e-06, 1.383039559526452e-06, 1.361530670503341e-06, 1.3402528311710405e-06, 1.319314155594235e-06, 1.2985647777068246e-06, 1.2782591000512016e-06, 1.2582981310554504e-06, 1.2384134727965109e-06, 1.2187647952698465e-06, 1.199430937186471e-06, 1.1801608684000171e-06, 1.1610937936793859e-06, 1.1425415863275395e-06, 1.1242972769732945e-06, 1.1064070524084948e-06, 1.0886837118466026e-06, 1.0712565820187472e-06, 1.0541063792615025e-06, 1.0371634135789692e-06, 1.020351878784725e-06, 1.0037328805509027e-06]
ndim2: 500
W_list: [2.0]
L_list: [63.69498564313826]
