R_list= [ 1  2  3  4  5  6  7  8  9 10 11 12 13 14 15 16 17 18 19 20 21 22 23 24
 25 26 27 28 29 30 31 32 33 34 35 36 37 38]
C_final_list= [1.9751226337956496e-06, 1.769761073047875e-06, 1.6218361758792567e-06, 1.500816669180686e-06, 1.3885560733785449e-06, 1.2855833052121757e-06, 1.1906337438433771e-06, 1.1015273383590088e-06, 1.019643434408583e-06, 9.445148268018294e-07, 8.746665012819963e-07, 8.101300181539306e-07, 7.507101492023891e-07, 6.960273327403677e-07, 6.448367443590494e-07, 5.964662014824644e-07, 5.518349088349234e-07, 5.10900613181066e-07, 4.7256736986146474e-07, 4.36295190946576e-07, 4.023707162292738e-07, 3.711370076286059e-07, 3.426782757468062e-07, 3.1631179787976776e-07, 2.918576108820121e-07, 2.690449756798961e-07, 2.478674541033044e-07, 2.2838773165209154e-07, 2.1046704601340928e-07, 1.9396962785039864e-07, 1.7896725087302394e-07, 1.652238421048004e-07, 1.5259610248846301e-07, 1.4084606102322718e-07, 1.2996356362284912e-07, 1.1995820673584084e-07, 1.1072396224214483e-07, 1.0213935757820764e-07]
W_list: [4]
L_list: [12.690607762318217]
