R_list= [ 1  2  3  4  5  6  7  8  9 10 11 12 13 14 15 16 17 18 19 20 21 22 23 24
 25 26 27 28 29 30 31 32 33 34 35 36 37 38]
C_final_list= [3.862821504584283e-05, 2.5812825577436458e-05, 1.7138060931516093e-05, 1.1349499214828642e-05, 7.515428181963893e-06, 4.974313257614831e-06, 3.293578851479097e-06, 2.171985138749999e-06, 1.4290281812115997e-06, 9.415920650662314e-07, 6.21810662462814e-07, 4.114772553548263e-07, 2.7151567676443593e-07, 1.7974944317298363e-07, 1.188752182915276e-07, 7.81777452178255e-08, 5.125205072114812e-08, 3.3773988791751605e-08, 2.24388431691382e-08, 1.497409799933618e-08, 9.993296982447086e-09, 6.644704652797091e-09, 4.429361201238799e-09, 2.936987895470256e-09, 1.972092941326452e-09, 1.3211773020308177e-09, 8.868559297567231e-10, 5.920722930590195e-10, 3.9057372620758787e-10, 2.6253511246779227e-10, 1.7932252290308842e-10, 1.2065254306541892e-10, 8.251303448122898e-11, 5.600717311717204e-11, 3.732539519820053e-11, 2.4821156599800023e-11, 1.6464322451714215e-11, 1.0816845082318824e-11]
W_list: [7.95]
L_list: [2.4461855284358776]
