C_final_list: [1.9254951513490414e-06, 1.647241574747253e-06, 1.4078081528699586e-06, 1.2029901450413578e-06, 1.026795464929913e-06, 8.767314107455558e-07, 7.506242883986393e-07, 6.41702775799306e-07, 5.483072784104371e-07, 4.6665696967629036e-07, 3.989506810860321e-07, 3.402679080599992e-07, 2.9040464251167266e-07, 2.478888146205074e-07, 2.112900606821285e-07, 1.802858996531632e-07, 1.5274982180439868e-07, 1.2934682755430745e-07, 1.0946248692969735e-07, 9.289266621160498e-08, 7.861514888643433e-08, 6.630057119441171e-08, 5.5722786227847416e-08, 4.70311744749809e-08, 3.951678946887913e-08, 3.3376910625916505e-08, 2.812321599842543e-08, 2.365368010539963e-08, 1.978881265561279e-08, 1.6676990199161895e-08, 1.409755601908803e-08, 1.1923271494685938e-08, 1.007993816438751e-08, 8.483615434061382e-09, 7.135277689382142e-09, 6.000434405711388e-09, 5.060882193870457e-09, 4.27701279375653e-09, 3.6417322059017565e-09, 3.087005493689472e-09, 2.6027998889382354e-09, 2.2080951522352285e-09, 1.869727311174091e-09, 1.5738878918920234e-09, 1.3316205337149331e-09, 1.1318437503803526e-09, 9.612415908025426e-10, 8.138616357434522e-10, 6.929457761391065e-10, 5.855927788500987e-10]
ndim2: 500
W_list: [3.4000000000000004]
L_list: [6.3315949689724365]
