R_list= [ 1  2  3  4  5  6  7  8  9 10 11 12 13 14 15 16 17 18 19 20 21 22 23 24
 25 26 27 28 29 30 31 32 33 34 35 36 37 38]
C_final_list= [8.272461007008507e-07, 4.168192734764334e-07, 1.7167660013650006e-07, 6.342015951687871e-08, 2.2087927852221867e-08, 7.472615405637952e-09, 2.481481919479067e-09, 8.128354199706901e-10, 2.6343303249436106e-10, 8.492883171598643e-11, 2.7635586569602314e-11, 9.31181161783432e-12, 3.4025675577799894e-12, 1.448656634463062e-12, 7.60616141058024e-13, 3.7288859673345486e-13, 1.4761961554821002e-13, 6.09633829284697e-14, 3.0903850484723624e-14, 1.6205240067754146e-14, 7.074096500413712e-15, 2.5485938404515727e-15, 8.31664066515572e-16, 2.5398101886227335e-16, 7.238714027043732e-17, 2.0927825549299387e-17, 6.426322540879927e-18, 2.224016936535778e-18, 1.0506515271162338e-18, 7.633141145834807e-19, 5.633809600956891e-19, 3.7356169460343433e-19, 1.928250155043839e-19, 7.604262487234575e-20, 2.5701635021428403e-20, 7.91179517627926e-21, 2.6442672232524058e-21, 1.038452052262504e-21]
W_list: [5]
L_list: [1.2988124589758956]
