C_final_list: [1.901948388603959e-06, 1.781263131362983e-06, 1.6652352455783272e-06, 1.5581519353749146e-06, 1.455981405458174e-06, 1.3618342714622182e-06, 1.2728378761097044e-06, 1.1892763381911522e-06, 1.1110302977547753e-06, 1.0367489787930788e-06, 9.681319712613435e-07, 9.039621057086528e-07, 8.446141993560653e-07, 7.889550684769398e-07, 7.365667664712405e-07, 6.879325438975731e-07, 6.417734659667663e-07, 5.993773213043937e-07, 5.592387718157707e-07, 5.211384049599078e-07, 4.862234435016736e-07, 4.5365838540008925e-07, 4.2282459753642006e-07, 3.9429380975064914e-07, 3.6766890049829497e-07, 3.426657477770995e-07, 3.195153092384002e-07, 2.977933373116546e-07, 2.7784859688113466e-07, 2.5880458194480645e-07, 2.411176578833944e-07, 2.2431144917829074e-07, 2.087319612924489e-07, 1.9426200785030845e-07, 1.8068708799510032e-07, 1.6827614423664977e-07, 1.5641415940362058e-07, 1.4554057469898084e-07, 1.354798101582235e-07, 1.2606449731149715e-07, 1.1741098001679535e-07, 1.0930949187871936e-07, 1.0178921455526805e-07, 9.468214368409196e-08, 8.817266615722894e-08, 8.211702851086824e-08, 7.642533098699501e-08, 7.114049993374695e-08, 6.623967700616331e-08, 6.160308933590618e-08]
ndim2: 500
W_list: [3.0999999999999996]
L_list: [14.564629780388614]
