R_list= [ 1  2  3  4  5  6  7  8  9 10 11 12 13 14 15 16 17 18 19 20 21 22 23 24
 25 26 27 28 29 30 31 32 33 34 35 36 37 38]
C_final_list= [6.963310928681704e-07, 5.834033436671822e-07, 4.847535862172791e-07, 4.011093482573216e-07, 3.325777923413797e-07, 2.756761849620234e-07, 2.28156905077807e-07, 1.881802324873463e-07, 1.5523644879791315e-07, 1.2779275154374344e-07, 1.050897619300965e-07, 8.65291382298498e-08, 7.125079930774257e-08, 5.873559816472135e-08, 4.8468568706924596e-08, 4.00595503936649e-08, 3.3011914398104695e-08, 2.718695596800109e-08, 2.238206644219502e-08, 1.8407812476084736e-08, 1.510151124123479e-08, 1.2382488645841888e-08, 1.0147620725493643e-08, 8.28507424730693e-09, 6.80201527474868e-09, 5.5667006599922e-09, 4.545952507473604e-09, 3.721435924155505e-09, 3.0408423509827257e-09, 2.484719314875476e-09, 2.033582044972902e-09, 1.6619830623824595e-09, 1.3609711943402076e-09, 1.1066785678137525e-09, 8.987499204606834e-10, 7.257208676216897e-10, 5.851691768535706e-10, 4.738001656953067e-10]
W_list: [7]
L_list: [5.308381500811312]
