R_list= [ 1  2  3  4  5  6  7  8  9 10 11 12 13 14 15 16 17 18 19 20 21 22 23 24
 25 26 27 28 29 30 31 32 33 34 35 36 37 38]
C_final_list= [2.01093487576283e-06, 1.7453436555729546e-06, 1.4984080768272892e-06, 1.2778080807161362e-06, 1.0858605028273787e-06, 9.212677811761791e-07, 7.813641142930526e-07, 6.633856935782811e-07, 5.628897940444968e-07, 4.774140097819406e-07, 4.0480631737190746e-07, 3.427630020248482e-07, 2.9004930934642204e-07, 2.4530492770206446e-07, 2.073945734886008e-07, 1.7523043719150164e-07, 1.4798474344165418e-07, 1.2504904609009686e-07, 1.0565008423634407e-07, 8.927369794349115e-08, 7.539707930973698e-08, 6.356388494358672e-08, 5.351611065623892e-08, 4.502221296795205e-08, 3.7889307552392945e-08, 3.189634768604153e-08, 2.685161689179371e-08, 2.2607203512796976e-08, 1.900294582299467e-08, 1.5980762882567686e-08, 1.3428642936347674e-08, 1.1271176630630657e-08, 9.46124026418726e-09, 7.92719541651649e-09, 6.646851098513354e-09, 5.5821652084057975e-09, 4.6871747164728895e-09, 3.936321962301854e-09]
W_list: [8.5]
L_list: [6.2091682092854885]
