R_list= [ 1  2  3  4  5  6  7  8  9 10 11 12 13 14 15 16 17 18 19 20 21 22 23 24
 25 26 27 28 29 30 31 32 33 34 35 36 37 38]
C_final_list= [2.1500811364228277e-07, 1.553856272377764e-07, 1.1232780773009379e-07, 8.076241364088745e-08, 5.7679041619510666e-08, 4.1094068900363736e-08, 2.9211258386738954e-08, 2.0752393662213848e-08, 1.4721224010995103e-08, 1.043739202861772e-08, 7.403378328628318e-09, 5.20274651401055e-09, 3.6471471991359103e-09, 2.566043114141711e-09, 1.8133202132770607e-09, 1.2781701852978829e-09, 8.934950114703725e-10, 6.17635888780552e-10, 4.318498974395517e-10, 3.029434083206962e-10, 2.1437030552814577e-10, 1.5152654455436354e-10, 1.0824329521872465e-10, 7.75172712640996e-11, 5.5162996364520477e-11, 3.861890145800702e-11, 2.6941970749408593e-11, 1.9101583180595758e-11, 1.3608992758552466e-11, 9.491766246947236e-12, 6.48325115570264e-12, 4.429145138493851e-12, 3.06011559090543e-12, 2.1156712950886478e-12, 1.4637349814895265e-12, 9.978731447061934e-13, 6.767769348054039e-13, 4.791698457331546e-13]
W_list: [7]
L_list: [3.024976621616452]
