C_final_list: [2.048663205511107e-06, 1.8165514381149442e-06, 1.607358202122853e-06, 1.4171762833203752e-06, 1.2502400731819754e-06, 1.1028264096526792e-06, 9.739474379627274e-07, 8.603625712835499e-07, 7.595918483978617e-07, 6.707291116217891e-07, 5.913181996691652e-07, 5.218026230130333e-07, 4.595502720806345e-07, 4.0460296989276524e-07, 3.566650639089371e-07, 3.135139199128138e-07, 2.773059978610497e-07, 2.44865131489605e-07, 2.1629676596061095e-07, 1.9091181075582548e-07, 1.687278999334296e-07, 1.4865554217270812e-07, 1.3091129049475286e-07, 1.1536371689667914e-07, 1.01452767369905e-07, 8.899255181190069e-08, 7.832624881150175e-08, 6.893244509248882e-08, 6.067536101601789e-08, 5.3457889748963984e-08, 4.7044202641298265e-08, 4.128368876389614e-08, 3.60229539681881e-08, 3.145326947336199e-08, 2.743707912420362e-08, 2.3949841673205218e-08, 2.085374307492248e-08, 1.816165938440765e-08, 1.578925786269497e-08, 1.3733587937709348e-08, 1.1949322833116494e-08, 1.0425701461658198e-08, 9.095304728563679e-09, 7.93579838006124e-09, 6.903238911561682e-09, 5.9792772258125275e-09, 5.201171190653871e-09, 4.525446181867497e-09, 3.943896930390588e-09, 3.4347544569955042e-09]
ndim2: 500
W_list: [2.9499999999999997]
L_list: [8.007308843070403]
