C_final_list: [1.0229125118945008e-06, 9.918474332152709e-07, 9.58745287434886e-07, 9.262538589680896e-07, 8.948909548119988e-07, 8.642714361322681e-07, 8.346980211353009e-07, 8.058531654932831e-07, 7.77756936965587e-07, 7.50453559167659e-07, 7.240057909626435e-07, 6.985126482987449e-07, 6.739567365796005e-07, 6.500594149288827e-07, 6.270022362906269e-07, 6.049323125317235e-07, 5.836540056005472e-07, 5.633641965104796e-07, 5.435448029836997e-07, 5.243130577628705e-07, 5.059017747008032e-07, 4.880910184110915e-07, 4.70815565178432e-07, 4.5419635731496253e-07, 4.381432307215143e-07, 4.225997924616152e-07, 4.0761055731294764e-07, 3.931326408533437e-07, 3.7905709676148104e-07, 3.6555074007249244e-07, 3.5240980354856616e-07, 3.3967064372206486e-07, 3.2761687353742293e-07, 3.15802468183803e-07, 3.0441516305319383e-07]
ndim2: 500
W_list: [2.4000000000000004]
L_list: [28.072222704678047]
