R_list= [ 1  2  3  4  5  6  7  8  9 10 11 12 13 14 15 16 17 18 19 20 21 22 23 24
 25 26 27 28 29 30 31 32 33 34 35 36 37 38]
C_final_list= [5.785552335761223e-07, 5.238867517018349e-07, 4.7111501378600254e-07, 4.2243042496211794e-07, 3.7826126829100743e-07, 3.3874692760187886e-07, 3.0306614326032166e-07, 2.70868379266075e-07, 2.419428619257367e-07, 2.1615912373965677e-07, 1.9302191582390498e-07, 1.724883921001547e-07, 1.541121328013284e-07, 1.3771709528788828e-07, 1.2303033951396786e-07, 1.0977960009475799e-07, 9.791774799817293e-08, 8.730456880083011e-08, 7.778814180946916e-08, 6.936312901768312e-08, 6.174944976952159e-08, 5.496500553895804e-08, 4.884080484772143e-08, 4.3394929952695046e-08, 3.851598830291835e-08, 3.417384842095877e-08, 3.028538690094853e-08, 2.6846599770786717e-08, 2.3797585322217936e-08, 2.1108888909627893e-08, 1.8725471428923844e-08, 1.6645364232643017e-08, 1.478338995449233e-08, 1.3128395662417901e-08, 1.165414674762692e-08, 1.0341009867207354e-08, 9.173940082166392e-09, 8.135850785716726e-09]
W_list: [7.2]
L_list: [8.972642424852635]
