R_list= [ 1  2  3  4  5  6  7  8  9 10 11 12 13 14 15 16 17 18 19 20 21 22 23 24
 25 26 27 28 29 30 31 32 33 34 35 36 37 38]
C_final_list= [3.1557353863100956e-07, 2.592637868482112e-07, 2.1321275422998443e-07, 1.744430666509105e-07, 1.421953723396582e-07, 1.1565988430285742e-07, 9.374073900427548e-08, 7.607347475731811e-08, 6.147849479719333e-08, 4.9559074020063244e-08, 3.9936887714574507e-08, 3.225677956807576e-08, 2.5960122741130285e-08, 2.0856695520181222e-08, 1.6733454494422817e-08, 1.3396991718440501e-08, 1.0712731175531859e-08, 8.581479105129506e-09, 6.8728039420953646e-09, 5.49514809048207e-09, 4.409919147871176e-09, 3.526543746494039e-09, 2.8206418467730763e-09, 2.259174458396676e-09, 1.8147954871720797e-09, 1.4621836516267129e-09, 1.17964686352185e-09, 9.520570905394462e-10, 7.695191795526557e-10, 6.188763950263973e-10, 4.973123341169525e-10, 3.9992780519898137e-10, 3.220011883525946e-10, 2.5939424200628603e-10, 2.0853569298268116e-10, 1.6678932139575747e-10, 1.333745991325372e-10, 1.0636584467283885e-10]
W_list: [7]
L_list: [4.88351801951713]
