C_final_list: [2.3408072428150967e-06, 2.2627378456056886e-06, 2.1844674815394534e-06, 2.109255268545951e-06, 2.037079751447108e-06, 1.9664290068469185e-06, 1.898119618632278e-06, 1.833394238037273e-06, 1.7714475882753606e-06, 1.7100330494777658e-06, 1.6516730421703367e-06, 1.5948558015563747e-06, 1.5405173428032912e-06, 1.487527714410694e-06, 1.4360990941222842e-06, 1.3866229776855235e-06, 1.3396005553865692e-06, 1.2937091368748056e-06, 1.2493441721167448e-06, 1.206682274251477e-06, 1.1662135967863862e-06, 1.1265663425661727e-06, 1.0884941428873417e-06, 1.0511747590272728e-06, 1.015301425797069e-06, 9.80795078034803e-07, 9.467715387035189e-07, 9.1460347402861e-07, 8.828873075779572e-07, 8.516601407057251e-07, 8.218111715927778e-07, 7.930459427566612e-07, 7.651069479908529e-07, 7.385122548163418e-07, 7.125792846478428e-07, 6.873549055431351e-07, 6.629316752942647e-07, 6.392887086163002e-07, 6.163168727751612e-07, 5.940347790963048e-07, 5.724618513726878e-07, 5.517811317183147e-07, 5.315342439875824e-07, 5.120560735945765e-07, 4.930361955414873e-07, 4.748118876651102e-07, 4.572932631104673e-07, 4.403089235693903e-07, 4.239042640498113e-07, 4.081071573926829e-07]
ndim2: 500
W_list: [2.0]
L_list: [28.478208765014045]
