R_list= [ 1  2  3  4  5  6  7  8  9 10 11 12 13 14 15 16 17 18 19 20 21 22 23 24
 25 26 27 28 29 30 31 32 33 34 35 36 37 38]
C_final_list= [1.3785798049589447e-06, 1.2969448431566142e-06, 1.221758510899628e-06, 1.150427569932309e-06, 1.083546394838844e-06, 1.0210832607440737e-06, 9.625546095198236e-07, 9.074261760787066e-07, 8.55157629693731e-07, 8.055642781460542e-07, 7.588321683950551e-07, 7.15357485583619e-07, 6.74265056040738e-07, 6.350936157024341e-07, 5.982975799489525e-07, 5.637879282158318e-07, 5.309535717901572e-07, 5.002752008167545e-07, 4.70560484233177e-07, 4.426712842346467e-07, 4.166381214093244e-07, 3.9203894589993936e-07, 3.6887200838335485e-07, 3.469829374279497e-07, 3.263569734953112e-07, 3.069304202438592e-07, 2.8868887094929937e-07, 2.7155936314833357e-07, 2.5534361750965263e-07, 2.4004557166131474e-07, 2.2578310183623047e-07, 2.1227483861787968e-07, 1.9961102646996158e-07, 1.87655971012809e-07, 1.762864349798581e-07, 1.6565443652237004e-07, 1.5558284620964473e-07, 1.460302745414084e-07]
W_list: [5]
L_list: [16.669776643207733]
