C_final_list: [2.005124471793556e-06, 1.9212715128232747e-06, 1.8367124282030917e-06, 1.7569938014167291e-06, 1.680111624596603e-06, 1.6056995417025696e-06, 1.5343282013853348e-06, 1.466462936868429e-06, 1.399737037451263e-06, 1.3366864480273804e-06, 1.2781951583225407e-06, 1.2221099144640219e-06, 1.1683117717989909e-06, 1.1170493941016047e-06, 1.0683333915147325e-06, 1.0217649429566881e-06, 9.77384101619153e-07, 9.339803459838753e-07, 8.929906539581426e-07, 8.527066020670326e-07, 8.143911481302499e-07, 7.774592105010686e-07, 7.423251807441897e-07, 7.088663313634185e-07, 6.775523131727943e-07, 6.473942646586154e-07, 6.185534270877442e-07, 5.907418508275512e-07, 5.637292289519826e-07, 5.376245717378358e-07, 5.128521864940636e-07, 4.891374432452644e-07, 4.663494926203528e-07, 4.4455934022164035e-07, 4.234347009569834e-07]
ndim2: 500
W_list: [2.0]
L_list: [22.042299321668683]
