R_list= [ 1  2  3  4  5  6  7  8  9 10 11 12 13 14 15 16 17 18 19 20 21 22 23 24
 25 26 27 28 29 30 31 32 33 34 35 36 37 38]
C_final_list= [1.98596297203044e-06, 1.7845686509471571e-06, 1.6404277703140234e-06, 1.5233713595547372e-06, 1.4136032444814214e-06, 1.3110620401057554e-06, 1.2157062426934591e-06, 1.1264276590368482e-06, 1.0430044496841673e-06, 9.655368507753064e-07, 8.93105023945356e-07, 8.251153696351975e-07, 7.624613420528747e-07, 7.042319848182219e-07, 6.507725235734512e-07, 6.011415331479515e-07, 5.552528228170136e-07, 5.133314202621394e-07, 4.7465803321583787e-07, 4.3890285291010986e-07, 4.055956479498178e-07, 3.7448853320550696e-07, 3.458863097866996e-07, 3.19402602760338e-07, 2.9497555079452084e-07, 2.724259492357061e-07, 2.516344908547454e-07, 2.3223584659447863e-07, 2.1416908300876383e-07, 1.9752066224934257e-07, 1.8206637689600633e-07, 1.6789244374151194e-07, 1.5473106188778198e-07, 1.426501253491757e-07, 1.316238668847111e-07, 1.2145418260148762e-07, 1.1196063544289123e-07, 1.0325771246379777e-07]
W_list: [4]
L_list: [12.724527754570992]
