C_list:
1.5648079082756075e-06 0.02466898913741741
ndim2: 500
W_list: [1.5999999999999999]
L_list: [40.53672383694153]
