R_list= [ 1  2  3  4  5  6  7  8  9 10 11 12 13 14 15 16 17 18 19 20 21 22 23 24
 25 26 27 28 29 30 31 32 33 34 35 36 37 38]
C_final_list= [2.3400199986326438e-06, 2.1200644762876424e-06, 1.97920511704724e-06, 1.8458263109404085e-06, 1.7195295726675961e-06, 1.6024510313192408e-06, 1.492628298496398e-06, 1.3913450534331612e-06, 1.2955092396255921e-06, 1.2064109773648627e-06, 1.124552370023274e-06, 1.0474411087106805e-06, 9.76470424301676e-07, 9.107917364762121e-07, 8.471952795046393e-07, 7.875548168523222e-07, 7.325737055153929e-07, 6.818407098730888e-07, 6.354749787800188e-07, 5.924779106799096e-07, 5.523621667508875e-07, 5.142061916691257e-07, 4.782090730041857e-07, 4.447795967992356e-07, 4.1382986596204624e-07, 3.850411817355366e-07, 3.575917475605664e-07, 3.319101913449056e-07, 3.0830808124155226e-07, 2.8629787435695295e-07, 2.6587839618075694e-07, 2.4695277556836396e-07, 2.2949251921556952e-07, 2.1344395892037472e-07, 1.9815565692504163e-07, 1.8398734221564237e-07, 1.708220813799671e-07, 1.5855710706041436e-07]
W_list: [4]
L_list: [13.955367764867983]
