R_list= [ 1  2  3  4  5  6  7  8  9 10 11 12 13 14 15 16 17 18 19 20 21 22 23 24
 25 26 27 28 29 30 31 32 33 34 35 36 37 38]
C_final_list= [3.0850989960373396e-07, 2.6927794411669773e-07, 2.3402836712802603e-07, 2.0217097438030205e-07, 1.7421465436956822e-07, 1.4998989613998297e-07, 1.2888756262126342e-07, 1.1069828746532762e-07, 9.491918420220573e-08, 8.123755414966387e-08, 6.972788946204347e-08, 5.98864464667912e-08, 5.144927552096166e-08, 4.4201544463702246e-08, 3.796524071385066e-08, 3.260326773021716e-08, 2.8023452033258253e-08, 2.403706691361392e-08, 2.0633298121354856e-08, 1.7692209612369773e-08, 1.5128260508127192e-08, 1.2900731702170025e-08, 1.0985952863441823e-08, 9.344352554610536e-09, 7.944242916279227e-09, 6.75311589822376e-09, 5.740817393224205e-09, 4.8749532331361355e-09, 4.1328674935943634e-09, 3.508868381887895e-09, 2.97758776150623e-09, 2.5294491292257497e-09, 2.1535447134270313e-09, 1.8359259571124641e-09, 1.5635329572374418e-09, 1.331653090958304e-09, 1.1326402963436373e-09, 9.62154767130597e-10]
W_list: [7]
L_list: [6.708106837038059]
