R_list= [ 1  2  3  4  5  6  7  8  9 10 11 12 13 14 15 16 17 18 19 20 21 22 23 24
 25 26 27 28 29 30 31 32 33 34 35 36 37 38]
C_final_list= [2.523722970080905e-06, 1.955943165437618e-06, 1.4937749726571367e-06, 1.1351479140255754e-06, 8.621018154024476e-07, 6.558328368095456e-07, 4.985956808733455e-07, 3.789123795550207e-07, 2.883601759646067e-07, 2.1908649864850853e-07, 1.6594104206533783e-07, 1.253580630833514e-07, 9.47976184592084e-08, 7.174031335005183e-08, 5.4123035319887765e-08, 4.0938426743470175e-08, 3.100848431464478e-08, 2.353440869835368e-08, 1.7713526629514913e-08, 1.3289602953528564e-08, 9.982176115537888e-09, 7.478357748967013e-09, 5.620636313629783e-09, 4.189966802610753e-09, 3.11056204679861e-09, 2.3182078259609123e-09, 1.7251926577655519e-09, 1.2893152484755835e-09, 9.639837252295262e-10, 7.21990946570866e-10, 5.443513518746256e-10, 4.0987919216910496e-10, 3.091999493405326e-10, 2.3232783018690052e-10, 1.7325728572481082e-10, 1.2882406504161847e-10, 9.510491792977628e-11, 7.066462354374008e-11]
W_list: [9.0]
L_list: [3.7015287640672905]
