C_final_list: [2.031925644858866e-06, 2.0147895746352394e-06, 1.997980599466225e-06, 1.981808304492313e-06, 1.9660819683608063e-06, 1.9507852127799574e-06, 1.9356617051919964e-06, 1.9207212539707493e-06, 1.9060053713433918e-06, 1.891523640414316e-06, 1.8772186351461652e-06, 1.8631353272273065e-06, 1.849272061505719e-06, 1.8355307140955774e-06, 1.8219179727357102e-06, 1.8083304714960835e-06, 1.7949264273335986e-06, 1.781491728627892e-06, 1.7681492386349322e-06, 1.754814780435351e-06, 1.7417456796949204e-06, 1.7285783271485314e-06, 1.7154463720682257e-06, 1.70254904783473e-06, 1.689808583388271e-06, 1.677114549531023e-06, 1.6645515233518765e-06, 1.6521339223055394e-06, 1.6397640067162509e-06, 1.627496271509046e-06, 1.6152994827670784e-06, 1.6032603624918152e-06, 1.5913344582290303e-06, 1.579402441768601e-06, 1.5677303451352268e-06, 1.556017808359408e-06, 1.5446798610694653e-06, 1.5334585146638063e-06, 1.5224011752112595e-06, 1.5113929415233753e-06, 1.5005849152098188e-06, 1.4898254914444887e-06, 1.4789842791119943e-06, 1.46816374471868e-06, 1.4575462078575408e-06, 1.447067063080012e-06, 1.4366350474245123e-06, 1.4262053039386492e-06, 1.4158808506704641e-06, 1.4056172832479988e-06]
ndim2: 500
W_list: [2.2]
L_list: [133.26747025899476]
