R_list= [ 1  2  3  4  5  6  7  8  9 10 11 12 13 14 15 16 17 18 19 20 21 22 23 24
 25 26 27 28 29 30 31 32]
C_final_list= [7.875396038819393e-07, 7.36819734243899e-07, 6.870194007948946e-07, 6.402415392870951e-07, 5.96120258629983e-07, 5.544255201785007e-07, 5.152402439040357e-07, 4.789363742592745e-07, 4.4487346931952494e-07, 4.135350274013664e-07, 3.843393375601536e-07, 3.5710757560422517e-07, 3.3185105448114294e-07, 3.0818298887764184e-07, 2.861951393925314e-07, 2.660781550975974e-07, 2.472169082436575e-07, 2.297556930122763e-07, 2.1339358561449799e-07, 1.982621666100875e-07, 1.8411334930512228e-07, 1.710209444830924e-07, 1.5882633683525384e-07, 1.4746785354915298e-07, 1.367995575609871e-07, 1.2682174514395118e-07, 1.174953587399493e-07, 1.0875754233017565e-07, 1.0071297422456634e-07, 9.323318811941155e-08, 8.628422477912131e-08, 7.984708080206655e-08]
W_list: [6]
L_list: [13.700393861194142]
