C_final_list: [1.9548288673764084e-06, 1.9080799095444913e-06, 1.8613867061784111e-06, 1.8159520295325898e-06, 1.7722802611552133e-06, 1.7305543265378447e-06, 1.6897624038848659e-06, 1.6504811173112017e-06, 1.6117864632495788e-06, 1.5737403967771166e-06, 1.5369036013450813e-06, 1.5010762244529012e-06, 1.4657714211269078e-06, 1.4315089892758755e-06, 1.3981200443789535e-06, 1.365121444992191e-06, 1.3324903961496396e-06, 1.3008848674599405e-06, 1.2696894483769571e-06, 1.2391498697623263e-06, 1.2093619459820957e-06, 1.180135664809917e-06, 1.1515856096510525e-06, 1.1236161936522852e-06, 1.096402712283533e-06, 1.0694715012651147e-06, 1.0433168889205945e-06, 1.0175736304312292e-06, 9.923424037335362e-07, 9.678320337288108e-07, 9.438816885914672e-07, 9.202309267277574e-07, 8.969884818726005e-07, 8.745359191482588e-07, 8.528597056250466e-07]
ndim2: 500
W_list: [2.6]
L_list: [41.35961891612682]
