R_list= [ 1  2  3  4  5  6  7  8  9 10 11 12 13 14 15 16 17 18 19 20 21 22 23 24
 25 26 27 28 29 30 31 32 33 34 35 36 37 38]
C_final_list= [5.36354884157894e-07, 4.201212081378475e-07, 3.2407912849967293e-07, 2.4939705402655925e-07, 1.9267537967838733e-07, 1.4886309291294227e-07, 1.1468311143676685e-07, 8.84559748220236e-08, 6.799564006214263e-08, 5.208255147205203e-08, 3.982688371846432e-08, 3.041083699589808e-08, 2.3178867366226844e-08, 1.7608543546478932e-08, 1.3366617539660943e-08, 1.0130565862045495e-08, 7.675196756045243e-09, 5.837930761600151e-09, 4.450060280674386e-09, 3.363573061920885e-09, 2.5338421074192566e-09, 1.9069396288216666e-09, 1.4428005847249815e-09, 1.0906748473807167e-09, 8.262311340576897e-10, 6.257056029184928e-10, 4.714439540904276e-10, 3.5557854740201763e-10, 2.6747309471170677e-10, 2.0371051941638213e-10, 1.5439239809063415e-10, 1.172757398665126e-10, 8.922300654998496e-11, 6.833852447590869e-11, 5.250831572525503e-11, 4.0613611162969515e-11, 3.1304376077923855e-11, 2.4021301464965686e-11]
W_list: [8.6]
L_list: [3.8761469011989593]
