R_list= [ 1  2  3  4  5  6  7  8  9 10 11 12 13 14 15 16 17 18 19 20 21 22 23 24
 25 26 27 28 29 30 31 32 33 34 35 36 37 38]
C_final_list= [3.809658545558345e-07, 3.357469011132177e-07, 2.928009941321583e-07, 2.54473577905071e-07, 2.2091035356743216e-07, 1.9139001906359988e-07, 1.6553357716983485e-07, 1.4298897428146415e-07, 1.2359727381751525e-07, 1.0679306566209665e-07, 9.218655966012838e-08, 7.951713774235219e-08, 6.866689102249496e-08, 5.9157340912909936e-08, 5.086256707085389e-08, 4.361822681917013e-08, 3.746274375790301e-08, 3.208773792727791e-08, 2.7464564406646017e-08, 2.3487173465886077e-08, 2.008254472872249e-08, 1.718372359185502e-08, 1.47065537911131e-08, 1.2559365144466125e-08, 1.0738465924812073e-08, 9.182215407772844e-09, 7.862994488176536e-09, 6.719760257642644e-09, 5.748948222187166e-09, 4.919115490612961e-09, 4.212076372488876e-09, 3.609702332324605e-09, 3.0914459064666474e-09, 2.6459723067300312e-09, 2.2636085042609845e-09, 1.9343581105321013e-09, 1.6553479091189371e-09, 1.4197736021922148e-09]
W_list: [7.4]
L_list: [6.968710164976669]
