C_final_list: [2.1065991821085444e-06, 1.9190513815608376e-06, 1.7401276755765622e-06, 1.575612076061618e-06, 1.4333944803540094e-06, 1.3030859327078966e-06, 1.1830925759955617e-06, 1.0735884045607753e-06, 9.750350422156445e-07, 8.839640437067921e-07, 8.004037347759308e-07, 7.245952121614964e-07, 6.561195615379704e-07, 5.943536004336539e-07, 5.366463602958267e-07, 4.843379408017069e-07, 4.3764319867329744e-07, 3.957569086607636e-07, 3.58978850494803e-07, 3.244462504719369e-07, 2.933632439801612e-07, 2.650480695682607e-07, 2.395348158429948e-07, 2.1651177734666032e-07, 1.9594036781290633e-07, 1.768221473353724e-07, 1.5983145399160419e-07, 1.4455932096479108e-07, 1.302137659226372e-07, 1.1746424858782318e-07, 1.0580892130343634e-07, 9.524051464825256e-08, 8.588227287976222e-08, 7.748071670063382e-08, 6.979688413687784e-08]
ndim2: 500
W_list: [2.0]
L_list: [10.185206313828425]
