C_final_list: [2.0822025481617707e-06, 1.8516133990162632e-06, 1.6420764002021502e-06, 1.4600613883537499e-06, 1.296339186506233e-06, 1.1509843932198623e-06, 1.0214179805036162e-06, 9.068704238426578e-07, 8.023693468002858e-07, 7.115174693401442e-07, 6.310730613803699e-07, 5.587644675198263e-07, 4.950146211913055e-07, 4.3839452928024124e-07, 3.884140305974237e-07, 3.439302374988198e-07, 3.0497208307174326e-07, 2.7001953649201395e-07, 2.3892813131269156e-07, 2.1150523728140933e-07, 1.8660098803602738e-07, 1.6451065958421661e-07, 1.4543861191277036e-07, 1.2819913898217842e-07, 1.1307376714204818e-07, 9.962403666003625e-08, 8.752894693914939e-08, 7.694237641984709e-08, 6.772893796735446e-08, 5.970767525832837e-08, 5.265820101449099e-08, 4.631717810634415e-08, 4.076279128143399e-08, 3.576896374453746e-08, 3.142710403976807e-08, 2.7675104527986038e-08, 2.436037437878008e-08, 2.142679215638221e-08, 1.8909336860770996e-08, 1.6597521705593457e-08, 1.4545821508004143e-08, 1.2760430738955482e-08, 1.1175855259443186e-08, 9.799375630805349e-09, 8.58719524864626e-09, 7.521942464361113e-09, 6.593477264246978e-09, 5.806478168439312e-09, 5.120818179699296e-09, 4.5123557570589445e-09]
ndim2: 500
W_list: [2.8499999999999996]
L_list: [8.321797852767586]
