R_list= [ 1  2  3  4  5  6  7  8  9 10 11 12 13 14 15 16 17 18 19 20 21 22 23 24
 25 26 27 28 29 30 31 32 33 34 35 36 37 38]
C_final_list= [6.5814758019082635e-06, 5.644789384341394e-06, 4.794706104090827e-06, 4.058677429807551e-06, 3.4308773237933176e-06, 2.8976273289270314e-06, 2.4456717289710132e-06, 2.0637313625380886e-06, 1.7402197330107973e-06, 1.465443823789171e-06, 1.233800337913145e-06, 1.0382762710601102e-06, 8.73868244077865e-07, 7.3512058440899e-07, 6.178295251369529e-07, 5.191425299839549e-07, 4.357971715323137e-07, 3.657408564170401e-07, 3.068065381745443e-07, 2.5749932894972835e-07, 2.1574886247519436e-07, 1.807731074310771e-07, 1.5164302852861177e-07, 1.2732892495547355e-07, 1.0686572448437568e-07, 8.967699063759552e-08, 7.51793260559604e-08, 6.30465631884763e-08, 5.2851818019368855e-08, 4.4273894498739044e-08, 3.701832478191053e-08, 3.093457844050752e-08, 2.5874363626147683e-08, 2.169326683816511e-08, 1.819116790492264e-08, 1.5251000480848053e-08, 1.2783714851467946e-08, 1.0708467603508375e-08]
W_list: [8.15]
L_list: [5.962296151207815]
