R_list= [ 1  2  3  4  5  6  7  8  9 10 11 12 13 14 15 16 17 18 19 20 21 22 23 24
 25 26 27 28 29 30 31 32 33 34 35 36 37 38]
C_final_list= [2.082203376606286e-06, 2.0125069516222936e-06, 1.945901143556636e-06, 1.8849481753052998e-06, 1.8260304355616107e-06, 1.769440308325032e-06, 1.7139404673693917e-06, 1.6605001015752369e-06, 1.609189880530591e-06, 1.559632799906724e-06, 1.5116370997604313e-06, 1.46523064693906e-06, 1.4205846330726213e-06, 1.3766402216938968e-06, 1.3332255540294045e-06, 1.2909499034663038e-06, 1.250059907268749e-06, 1.2105028786828057e-06, 1.1723845113358232e-06, 1.1352970199214641e-06, 1.099281096884663e-06, 1.064324216763331e-06, 1.0303697611009297e-06, 9.971879852424146e-07, 9.651023745446344e-07, 9.341173132924705e-07, 9.042032652998406e-07, 8.748344656736442e-07, 8.464668211127777e-07, 8.188057742344696e-07, 7.924883226753505e-07, 7.669101465637169e-07, 7.41823564290241e-07, 7.1728184520251e-07, 6.935590880461595e-07, 6.705994590353106e-07, 6.484782581100113e-07, 6.272012074893587e-07]
W_list: [4]
L_list: [31.171344751252057]
