R_list= [ 1  2  3  4  5  6  7  8  9 10 11 12 13 14 15 16 17 18 19 20 21 22 23 24
 25 26 27 28 29 30 31 32 33 34 35 36 37 38]
C_final_list= [5.145055614912408e-07, 4.097026305047789e-07, 3.2261498030035165e-07, 2.528918723480918e-07, 1.9789102438936026e-07, 1.5438119878389097e-07, 1.2067329333514462e-07, 9.418992480897298e-08, 7.39229242071141e-08, 5.789278963061012e-08, 4.52056165528869e-08, 3.52579656946287e-08, 2.748791391681843e-08, 2.1394910643099225e-08, 1.665924824183702e-08, 1.2933835133269395e-08, 1.0017413011068023e-08, 7.722653797701169e-09, 5.96343099907306e-09, 4.614340981617179e-09, 3.5840502011225737e-09, 2.767098403910422e-09, 2.1177267102489205e-09, 1.6221410088624437e-09, 1.2500477847295934e-09, 9.671662956823928e-10, 7.49103172963519e-10, 5.79186933139174e-10, 4.4453934951109686e-10, 3.3924315952870105e-10, 2.5753681391474886e-10, 1.9498682920894876e-10, 1.4881971312171414e-10, 1.1374335337928765e-10, 8.71375176948011e-11, 6.636405975102193e-11, 5.06067773056388e-11, 3.8856359702136256e-11]
W_list: [7.800000000000001]
L_list: [4.134298079999956]
