C_list:
1.8563355360294213e-06 0.2871658264037726
ndim2: 500
W_list: [3.8000000000000003]
L_list: [3.482308506284238]
