R_list= [ 1  2  3  4  5  6  7  8  9 10 11 12 13 14 15 16 17 18 19 20 21 22 23 24
 25 26 27 28 29 30 31 32 33 34 35 36 37 38]
C_final_list= [6.166102192189782e-06, 5.242714925475889e-06, 4.408278886438162e-06, 3.6883810632508625e-06, 3.0816522929457494e-06, 2.5695700600876977e-06, 2.139983266075033e-06, 1.7808224671518665e-06, 1.481942964280164e-06, 1.2338308229070602e-06, 1.0271796520497087e-06, 8.547953905437465e-07, 7.106719010873752e-07, 5.89788486178587e-07, 4.891597189902744e-07, 4.0569917370967137e-07, 3.367094384107261e-07, 2.791394442969147e-07, 2.3159394681462797e-07, 1.9207797539293607e-07, 1.592914559307557e-07, 1.3218306613611964e-07, 1.0976066954922759e-07, 9.123953588771804e-08, 7.577608401774127e-08, 6.289626305851838e-08, 5.2325439334233614e-08, 4.3597348572095246e-08, 3.638401391799729e-08, 3.037360582513662e-08, 2.53424970129239e-08, 2.116226833513657e-08, 1.7639218453381386e-08, 1.4680594150438677e-08, 1.2223932046788678e-08, 1.0162550077875682e-08, 8.413655871606712e-09, 6.968051992630378e-09]
W_list: [8.3]
L_list: [5.583485591855852]
