R_list= [ 1  2  3  4  5  6  7  8  9 10 11 12 13 14 15 16 17 18 19 20 21 22 23 24
 25 26 27 28 29 30 31 32 33 34 35 36 37 38]
C_final_list= [1.8736329826845254e-06, 1.453170170457673e-06, 1.0587597052793449e-06, 7.579457759199416e-07, 5.448237355113058e-07, 3.952680188035466e-07, 2.8881487210311874e-07, 2.1183788955170593e-07, 1.5547437070319698e-07, 1.140648887471035e-07, 8.351172202741933e-08, 6.09558791334585e-08, 4.438230939959167e-08, 3.215242234179342e-08, 2.3135517788707295e-08, 1.6570323073242657e-08, 1.1854885612317572e-08, 8.506689449336795e-09, 6.127062234400208e-09, 4.42923812039649e-09, 3.2081129477576136e-09, 2.33148681986043e-09, 1.6922935645764445e-09, 1.221278902130107e-09, 8.755305241977193e-10, 6.24249442593298e-10, 4.455100021766536e-10, 3.1726623970381426e-10, 2.2465421097120186e-10, 1.581795755366315e-10, 1.1138236407273402e-10, 7.874102523974244e-11, 5.553799261243481e-11, 3.909351378989169e-11, 2.7367786920902328e-11, 1.89629278879365e-11, 1.3032500442618707e-11, 8.95806642741424e-12]
W_list: [4]
L_list: [3.2454935591104808]
