C_final_list: [1.7298770071060903e-06, 1.704484436135571e-06, 1.6791750684591009e-06, 1.6550630593667364e-06, 1.631659301591404e-06, 1.60873732598748e-06, 1.586264293275392e-06, 1.5642005164465504e-06, 1.5423281375617452e-06, 1.5208860078851796e-06, 1.4997800274493235e-06, 1.479378083787758e-06, 1.459322714032268e-06, 1.4396453970986255e-06, 1.4203276326414236e-06, 1.4011129196887074e-06, 1.381989092443798e-06, 1.3632031362198075e-06, 1.3447899442566603e-06, 1.3265877425367427e-06, 1.3087773420360265e-06, 1.2911146747783865e-06, 1.2734484378443184e-06, 1.2561630007019652e-06, 1.2390207842914078e-06, 1.222008435085755e-06, 1.20507770986096e-06, 1.1884212914955685e-06, 1.171844767401356e-06, 1.1556135824921784e-06, 1.139720959425833e-06, 1.1237531024226327e-06, 1.1081211274365041e-06, 1.0926947542256296e-06, 1.0774385988027735e-06, 1.062161981369089e-06, 1.0472851932620922e-06, 1.0325310428973565e-06, 1.0181091460461931e-06, 1.0038482426325283e-06, 9.896694269042052e-07, 9.756666839424603e-07, 9.617213327472308e-07, 9.478852042752217e-07, 9.341225592496284e-07, 9.205539411175948e-07, 9.072003874853191e-07, 8.940847601510487e-07, 8.810805487100491e-07, 8.682568941767292e-07]
ndim2: 500
W_list: [2.9499999999999997]
L_list: [71.86804402323796]
