C_final_list: [2.0465839767710553e-06, 1.8086533657792706e-06, 1.593439303949299e-06, 1.4052991853549746e-06, 1.235312964268599e-06, 1.086078314423798e-06, 9.523925934801094e-07, 8.349360619099496e-07, 7.332103059256525e-07, 6.420949467408444e-07, 5.614187328238542e-07, 4.904364835649372e-07, 4.291607100069414e-07, 3.7504447572996244e-07, 3.2830338109424176e-07, 2.882348108201307e-07, 2.521693086715406e-07, 2.1975059865963063e-07, 1.9140861256659417e-07, 1.6699567619193387e-07, 1.4538717709598015e-07, 1.263496332123124e-07, 1.095260941103172e-07, 9.519904114286699e-08, 8.272506781322369e-08, 7.173268317060304e-08, 6.230210393947246e-08, 5.401776194460354e-08, 4.671791394044232e-08, 4.04242295863148e-08, 3.506815460519797e-08, 3.04121746575585e-08, 2.6347171298194057e-08, 2.2922947260859178e-08, 1.9854844265060437e-08, 1.7179077356528902e-08, 1.4879057027816266e-08, 1.283034537787258e-08, 1.1060801630407783e-08, 9.565806365989677e-09, 8.276717282218922e-09, 7.167982432960786e-09, 6.2150952088656965e-09, 5.407827294547399e-09, 4.692852472690091e-09, 4.078728612723277e-09, 3.543924833297088e-09, 3.090935882909912e-09, 2.694264051387538e-09, 2.3355617552919805e-09]
ndim2: 500
W_list: [3.0]
L_list: [7.655075032031504]
