R_list= [ 1  2  3  4  5  6  7  8  9 10 11 12 13 14 15 16 17 18 19 20 21 22 23 24
 25 26 27 28 29 30 31 32 33 34 35 36 37 38]
C_final_list= [1.7343271005756016e-06, 1.6303310411103819e-06, 1.554899698352896e-06, 1.4909601087568976e-06, 1.4263013059536301e-06, 1.363337432821625e-06, 1.3044697277489124e-06, 1.2483527939699602e-06, 1.1945759101545679e-06, 1.1431401363661336e-06, 1.0933554042654398e-06, 1.045288684328701e-06, 9.993893460852609e-07, 9.558572574692858e-07, 9.136971116426767e-07, 8.72971563084613e-07, 8.338077680958088e-07, 7.964508645801977e-07, 7.608752222290347e-07, 7.268463115092354e-07, 6.93956711814095e-07, 6.625787993939087e-07, 6.324728585525168e-07, 6.037198349748048e-07, 5.761951855581513e-07, 5.499536015662539e-07, 5.250107126179208e-07, 5.010855063797781e-07, 4.779775157600825e-07, 4.55691531816612e-07, 4.3444148261863697e-07, 4.143058665079112e-07, 3.9496373787682075e-07, 3.764432923866893e-07, 3.588368528225289e-07, 3.42084176262163e-07, 3.262117365288903e-07, 3.110864548047044e-07]
W_list: [4]
L_list: [21.953012725780443]
