R_list= [ 1  2  3  4  5  6  7  8  9 10 11 12 13 14 15 16 17 18 19 20 21 22 23 24
 25 26 27 28 29 30 31 32 33 34 35 36 37 38]
C_final_list= [1.5618858877090506e-06, 1.4331568026667442e-06, 1.3237882687002152e-06, 1.2349656751864427e-06, 1.154974002987336e-06, 1.0792756924166863e-06, 1.008571805508518e-06, 9.435910680161564e-07, 8.830998191935961e-07, 8.260453661871257e-07, 7.720494862280822e-07, 7.214302526427338e-07, 6.73882385323316e-07, 6.293009227570103e-07, 5.877906116621621e-07, 5.4917033563496e-07, 5.131972018399988e-07, 4.796072910315442e-07, 4.4792655192787245e-07, 4.1801415296510944e-07, 3.8996017154421053e-07, 3.637446386855688e-07, 3.391596725561789e-07, 3.161030625953096e-07, 2.944814045296999e-07, 2.7427118936960887e-07, 2.553473950937155e-07, 2.3772429781472506e-07, 2.2124218419949515e-07, 2.0583466747327532e-07, 1.9152698180159892e-07, 1.7827855102024442e-07, 1.6596743278616908e-07, 1.5455383813727264e-07, 1.438436276360686e-07, 1.338352130193544e-07, 1.245263992507679e-07, 1.158803136583815e-07]
W_list: [4]
L_list: [14.501493778457766]
