R_list= [ 1  2  3  4  5  6  7  8  9 10 11 12 13 14 15 16 17 18 19 20 21 22 23 24
 25 26 27 28 29 30 31 32 33 34 35 36 37 38]
C_final_list= [1.0551543678481659e-06, 6.650973954721404e-07, 4.145936275628514e-07, 2.5793650141609065e-07, 1.6128960467471379e-07, 9.960742181297951e-08, 6.162084509096394e-08, 3.835870238119157e-08, 2.365641480568777e-08, 1.468177866770856e-08, 9.143921985430425e-09, 5.6408337800306315e-09, 3.426327377046577e-09, 2.0686432152688423e-09, 1.2417123664618154e-09, 7.532733812247246e-10, 4.6055256821100065e-10, 2.781985960256669e-10, 1.6721281697177443e-10, 1.0192973864966274e-10, 6.135432579129822e-11, 3.658920852298361e-11, 2.2764639527995427e-11, 1.4519894578305734e-11, 9.214634803950438e-12, 5.814928471329366e-12, 3.728809762271679e-12, 2.358741457888881e-12, 1.4989651484222227e-12, 8.661870454611524e-13, 5.015081622075357e-13, 2.8139477741207276e-13, 1.64608216640305e-13, 1.1717914106616792e-13, 8.071442156539593e-14, 5.44044296645672e-14, 3.2850714722827603e-14, 2.053837984289395e-14]
W_list: [8.4]
L_list: [2.13135086089814]
