R_list= [ 1  2  3  4  5  6  7  8  9 10 11 12 13 14 15 16 17 18 19 20 21 22 23 24
 25 26 27 28 29 30 31 32 33 34 35 36 37 38]
C_final_list= [5.322648214874328e-07, 4.916462263573534e-07, 4.5059488274139877e-07, 4.1112662662533604e-07, 3.743800798280123e-07, 3.406583809625595e-07, 3.0984795428578296e-07, 2.8159028466363977e-07, 2.5592417577086783e-07, 2.3248496261498764e-07, 2.112833813472878e-07, 1.9214588453052205e-07, 1.746529450324425e-07, 1.5855930089404459e-07, 1.4384080990986108e-07, 1.3040844719711515e-07, 1.1814717202209163e-07, 1.0695398096809951e-07, 9.671418658097893e-08, 8.743311751502258e-08, 7.902089525170031e-08, 7.141439713790629e-08, 6.455429257187337e-08, 5.834456378773565e-08, 5.2771485697598537e-08, 4.770058024994771e-08, 4.3123897453712874e-08, 3.90100033678939e-08, 3.528265228333493e-08, 3.192075600985729e-08, 2.887101027654948e-08, 2.6096715301494043e-08, 2.3572490697771374e-08, 2.1298193341842372e-08, 1.9254977462753722e-08, 1.7406715300291388e-08, 1.5726457969640945e-08, 1.4214016263996296e-08]
W_list: [8.0]
L_list: [10.50694304480444]
