R_list= [ 1  2  3  4  5  6  7  8  9 10 11 12 13 14 15 16 17 18 19 20 21 22 23 24
 25 26 27 28 29 30 31 32 33 34 35 36 37 38]
C_final_list= [1.4112898482036e-06, 1.0195620487713935e-06, 7.419816479513368e-07, 5.579132701822514e-07, 4.2657848888726883e-07, 3.259331498470472e-07, 2.4865288409141404e-07, 1.895857519693205e-07, 1.4408106210102071e-07, 1.0921915316806589e-07, 8.263550519003255e-08, 6.225760637244105e-08, 4.660234937616873e-08, 3.489365198633847e-08, 2.623204845615017e-08, 1.9600567462277283e-08, 1.45883119083547e-08, 1.0893334521715492e-08, 8.158598753183703e-09, 6.1366991095938465e-09, 4.625816910675943e-09, 3.4743906370640548e-09, 2.598545528763812e-09, 1.9513125027353592e-09, 1.4667826513449392e-09, 1.0934053385715827e-09, 8.040535246263711e-10, 5.8898799373762e-10, 4.3293982586726026e-10, 3.193185954979554e-10, 2.365491421148813e-10, 1.7664950724921014e-10, 1.3323450580269963e-10, 1.0041565331658621e-10, 7.52571077472915e-11, 5.6626039231487506e-11, 4.2685216314959695e-11, 3.234388063189061e-11]
W_list: [5]
L_list: [3.3979896014711644]
