R_list= [ 1  2  3  4  5  6  7  8  9 10 11 12 13 14 15 16 17 18 19 20 21 22 23 24
 25 26 27 28 29 30 31 32 33 34 35 36 37 38]
C_final_list= [4.011649398191834e-07, 3.7117520347999344e-07, 3.409353838891548e-07, 3.1196428749023825e-07, 2.848767308631602e-07, 2.597869785808493e-07, 2.3648277259704963e-07, 2.1532843798989906e-07, 1.959773745665107e-07, 1.7835343074364628e-07, 1.621783470611656e-07, 1.4754279971113956e-07, 1.3417947765711083e-07, 1.2207538252370549e-07, 1.1104687912449542e-07, 1.0098632652190788e-07, 9.177520400341704e-08, 8.338784018692762e-08, 7.571233533101737e-08, 6.867695809330437e-08, 6.226084203569744e-08, 5.6441578643548536e-08, 5.11582145209384e-08, 4.636311176352022e-08, 4.2020378570208925e-08, 3.806500302624437e-08, 3.4494531326120613e-08, 3.128223284913876e-08, 2.8368230329476064e-08, 2.5736099889714075e-08, 2.335465458767752e-08, 2.1196881677812447e-08, 1.921752073338186e-08, 1.7418440879252356e-08, 1.5789592265777598e-08, 1.4301828652069734e-08, 1.2936655787107884e-08, 1.1698213018943675e-08]
W_list: [7.6]
L_list: [10.726903069974226]
