R_list= [ 1  2  3  4  5  6  7  8  9 10 11 12 13 14 15 16 17 18 19 20 21 22 23 24
 25 26 27 28 29 30 31 32 33 34 35 36 37 38]
C_final_list= [1.355746522443182e-06, 1.2984502220378463e-06, 1.2435210271101568e-06, 1.19068843253939e-06, 1.1400597643717103e-06, 1.091787969165253e-06, 1.045511643873367e-06, 1.0009355994696248e-06, 9.583279422887787e-07, 9.173582567570819e-07, 8.783858262408058e-07, 8.414472748424777e-07, 8.057407108214375e-07, 7.717469679083949e-07, 7.391304724832093e-07, 7.079960940799216e-07, 6.78280017722124e-07, 6.496168120545779e-07, 6.223867929891654e-07, 5.961813570259517e-07, 5.706405054085579e-07, 5.462122213445867e-07, 5.224771523150756e-07, 4.998373613392753e-07, 4.778726003075196e-07, 4.567944185879804e-07, 4.367095239605831e-07, 4.175190068616074e-07, 3.9880194505181635e-07, 3.8096280071400736e-07, 3.6396375515477754e-07, 3.476883073657574e-07, 3.3211057545723314e-07, 3.170818099795965e-07, 3.0291032961723633e-07, 2.892929304634092e-07, 2.763731291792857e-07, 2.6390786012336453e-07]
W_list: [5]
L_list: [22.889162270150116]
