C_final_list: [1.9033473876690348e-06, 1.8544199515673334e-06, 1.806800097805659e-06, 1.7606106446836888e-06, 1.7152534461674622e-06, 1.671299150837275e-06, 1.6289097860196172e-06, 1.5871909677184408e-06, 1.5459019576009615e-06, 1.5058382071526597e-06, 1.4670496447376295e-06, 1.4287135246985982e-06, 1.391685042188084e-06, 1.3564667263686495e-06, 1.3221366144399816e-06, 1.288605334293896e-06, 1.2557586378390847e-06, 1.224189888813727e-06, 1.193045018522857e-06, 1.162508780428395e-06, 1.1327544132028073e-06, 1.1042095526646605e-06, 1.0758669884168372e-06, 1.0480665787317052e-06, 1.02131010050391e-06, 9.951912312333259e-07, 9.697516928980323e-07, 9.449193317590838e-07, 9.208000282214266e-07, 8.970540495963484e-07, 8.739644908651499e-07, 8.514416944389228e-07, 8.297732757464517e-07, 8.083698036505451e-07, 7.874552175842322e-07, 7.67027673131526e-07, 7.47020507176636e-07, 7.274669770241034e-07, 7.086587229379784e-07, 6.900658123444128e-07, 6.718083972758918e-07, 6.542493323944956e-07, 6.37021340425611e-07, 6.202802875111362e-07, 6.038200728616841e-07, 5.877004468793075e-07, 5.719300434004022e-07, 5.565677941648149e-07, 5.41645822814836e-07, 5.270236370050483e-07]
ndim2: 500
W_list: [2.8]
L_list: [38.42723465443577]
