R_list= [ 1  2  3  4  5  6  7  8  9 10 11 12 13 14 15 16 17 18 19 20 21 22 23 24
 25 26 27 28 29 30 31 32 33 34 35 36 37 38]
C_final_list= [2.4930324208328975e-07, 2.2520410254548952e-07, 2.0143991611613922e-07, 1.7922248142711365e-07, 1.588377051268425e-07, 1.4073671277767533e-07, 1.243030305320304e-07, 1.0968302449710992e-07, 9.68892122426418e-08, 8.541727871079887e-08, 7.526097836845186e-08, 6.622917535268832e-08, 5.825111563788711e-08, 5.116283965952922e-08, 4.488331389557328e-08, 3.93570841446417e-08, 3.449790073185268e-08, 3.022921806735422e-08, 2.6475267897677973e-08, 2.3195894861827788e-08, 2.0318020304613062e-08, 1.780906125770881e-08, 1.5573737154885993e-08, 1.3608215280083239e-08, 1.1891499610859178e-08, 1.0381555887915554e-08, 9.057942113473408e-09, 7.893972696883154e-09, 6.879669383623042e-09, 5.99579663343053e-09, 5.223617603818619e-09, 4.551907448466664e-09, 3.968945603191985e-09, 3.4601507932110985e-09, 3.0148647835580296e-09, 2.6287161236947686e-09, 2.2917928875392364e-09, 1.9977151989518415e-09]
W_list: [7.800000000000001]
L_list: [8.136518672446]
