R_list= [ 1  2  3  4  5  6  7  8  9 10 11 12 13 14 15 16 17 18 19 20 21 22 23 24
 25 26 27 28 29 30 31 32 33 34 35 36 37 38]
C_final_list= [2.0640475225773096e-06, 1.9771205115136015e-06, 1.9049656017287037e-06, 1.8315271044026333e-06, 1.7647973227631784e-06, 1.7015943947951695e-06, 1.6410440780940406e-06, 1.5827818938732234e-06, 1.526380740667706e-06, 1.4724825274095128e-06, 1.4205244405162815e-06, 1.3703345015339877e-06, 1.3214926515222205e-06, 1.2741058936611227e-06, 1.227810091666293e-06, 1.1839851567547423e-06, 1.1406373258737423e-06, 1.0990279399983224e-06, 1.0594016279914049e-06, 1.0209886901334042e-06, 9.83852453770519e-07, 9.479759465462905e-07, 9.132701952104573e-07, 8.802550475826064e-07, 8.485549570804537e-07, 8.179679439421332e-07, 7.887456898275611e-07, 7.607221444928885e-07, 7.335284054318122e-07, 7.072298600051437e-07, 6.817247424947248e-07, 6.570901903491823e-07, 6.332459004311545e-07, 6.099229740916017e-07, 5.872084859657991e-07, 5.655553147416066e-07, 5.447186745762878e-07, 5.246306359746182e-07]
W_list: [4]
L_list: [27.208828908179964]
