R_list= [ 1  2  3  4  5  6  7  8  9 10 11 12 13 14 15 16 17 18 19 20 21 22 23 24
 25 26 27 28 29 30 31 32 33 34 35 36 37 38]
C_final_list= [3.388114076743815e-05, 2.150640735593914e-05, 1.3565317591940585e-05, 8.554756824195587e-06, 5.38429231130497e-06, 3.378635325104735e-06, 2.1194738510555183e-06, 1.3335302201474362e-06, 8.40842444550852e-07, 5.30905104564902e-07, 3.3379586817473864e-07, 2.1027563975316831e-07, 1.3197523363106013e-07, 8.218824565794803e-08, 5.12255039034887e-08, 3.189429217929129e-08, 2.0052335390767686e-08, 1.249440852811997e-08, 7.803406367110478e-09, 4.871615462347285e-09, 3.0054681475470015e-09, 1.8562455199419946e-09, 1.1651118868729898e-09, 7.245389321350118e-10, 4.536599997258581e-10, 2.8262329754892624e-10, 1.7532021989178094e-10, 1.0888162397141876e-10, 6.829703638357737e-11, 4.3071933916808143e-11, 2.6824295231330996e-11, 1.630921077911276e-11, 1.0004360765008722e-11, 6.189577266787452e-12, 3.7760270692966514e-12, 2.362923779879959e-12, 1.4358090809861243e-12, 8.661239432967158e-13]
W_list: [8.45]
L_list: [2.177867186068036]
