R_list= [ 1  2  3  4  5  6  7  8  9 10 11 12 13 14 15 16 17 18 19 20 21 22 23 24
 25 26 27 28 29 30 31 32 33 34 35 36 37 38]
C_final_list= [2.701591791638315e-06, 2.4071862256126046e-06, 2.126858193450478e-06, 1.8718136189335104e-06, 1.6440510554693228e-06, 1.4417733194283363e-06, 1.2639824391743016e-06, 1.1075704009855925e-06, 9.700943400829953e-07, 8.492415642752668e-07, 7.434486573537608e-07, 6.501848374611045e-07, 5.684779183885327e-07, 4.96998679154765e-07, 4.344490658269555e-07, 3.798551299636562e-07, 3.3170763156664046e-07, 2.895944035482033e-07, 2.5280708402347706e-07, 2.2077791657443054e-07, 1.9281446506925496e-07, 1.6843537570659792e-07, 1.4716891011520125e-07, 1.285611438139422e-07, 1.1233954129893228e-07, 9.810377288858491e-08, 8.569249365945655e-08, 7.487633233331367e-08, 6.543939159519716e-08, 5.7180347270928744e-08, 4.9888218615233004e-08, 4.352396604584261e-08, 3.796843630543345e-08, 3.3129544898228935e-08, 2.8926344572032575e-08, 2.527433118019091e-08, 2.2069296385866834e-08, 1.9271849358876137e-08]
W_list: [8.0]
L_list: [7.661618823163291]
