C_final_list: [1.5992375503511478e-06, 1.261146010364548e-06, 9.923408629865956e-07, 7.812420512909082e-07, 6.118110596896161e-07, 4.780622570886712e-07, 3.75094548969807e-07, 2.9396572457540794e-07, 2.31071087973908e-07, 1.811254296818933e-07, 1.4204845241105127e-07, 1.1104679566442268e-07, 8.715729905371334e-08, 6.819957707480197e-08, 5.338030565680716e-08, 4.161819516245265e-08, 3.221918536080251e-08, 2.5025954917930304e-08, 1.94433130951027e-08, 1.518388396115081e-08, 1.1819531807468772e-08, 9.279305483994146e-09, 7.299662856095646e-09, 5.678335118171837e-09, 4.407919906291132e-09, 3.43946211463902e-09, 2.689650324986896e-09, 2.090731197180739e-09, 1.6233901809678876e-09, 1.2489989712460757e-09, 9.546430456403089e-10, 7.347239378223937e-10, 5.62398406294766e-10, 4.339622807411988e-10, 3.342838095025765e-10, 2.561767020130619e-10, 1.9513141132644134e-10, 1.4805413407108657e-10, 1.1213798262278285e-10, 8.482595272469558e-11, 6.441189606387208e-11, 4.8721691130602e-11, 3.6850455400961215e-11, 2.764236916230739e-11, 2.070882377092013e-11, 1.569437829098933e-11, 1.1759256600412321e-11, 8.901884680499581e-12, 6.7813465384523995e-12, 5.184623326262758e-12]
ndim2: 500
W_list: [4.2]
L_list: [4.1392263105115195]
