C_final_list: [1.8349240310811305e-06, 1.6959174643419417e-06, 1.5609907045897125e-06, 1.4376402095569649e-06, 1.3227388485217146e-06, 1.2181304780944406e-06, 1.1197901504154486e-06, 1.0291047446448964e-06, 9.453374922740295e-07, 8.684207611854242e-07, 7.974320043612561e-07, 7.321291707889385e-07, 6.718835022587307e-07, 6.169322503073e-07, 5.667471295896157e-07, 5.210405364504792e-07, 4.80053957890541e-07, 4.4203767687460715e-07, 4.065492458028057e-07, 3.7400774377676724e-07, 3.4389045015209227e-07, 3.1648437895682603e-07, 2.9092023617524606e-07, 2.673125691644668e-07, 2.454423935782036e-07, 2.2547727158948835e-07, 2.0670456817900627e-07, 1.896241867337842e-07, 1.737972633346708e-07, 1.594013191382007e-07, 1.459996321870253e-07, 1.3358962990487844e-07, 1.223243177623737e-07, 1.1200194088821342e-07, 1.0268232532148212e-07, 9.404004943642911e-08, 8.609167002378808e-08, 7.879725872235323e-08, 7.210532467243253e-08, 6.59218341858203e-08, 6.038897370686152e-08, 5.517411994649587e-08, 5.0456258468825737e-08, 4.620575464980394e-08, 4.2301374175677224e-08, 3.8679563814786267e-08, 3.532371363689566e-08, 3.2296503470809385e-08, 2.9538622899600344e-08, 2.698555897476076e-08]
ndim2: 500
W_list: [3.4000000000000004]
L_list: [11.88045073046355]
