R_list= [ 1  2  3  4  5  6  7  8  9 10 11 12 13 14 15 16 17 18 19 20 21 22 23 24
 25 26 27 28 29 30 31 32 33 34 35 36 37 38]
C_final_list= [4.721225596185013e-07, 4.188373067989004e-07, 3.6804936160636974e-07, 3.225456700407755e-07, 2.818941321483706e-07, 2.463762618385851e-07, 2.1496817878405415e-07, 1.873376213188247e-07, 1.6302375505012484e-07, 1.418186266527777e-07, 1.2332179832380032e-07, 1.0724401217197436e-07, 9.314322572798405e-08, 8.08040297303072e-08, 6.998972403344926e-08, 6.063439582158365e-08, 5.2437747261507226e-08, 4.536130329278658e-08, 3.923631058652724e-08, 3.396298797362553e-08, 2.9383589203718162e-08, 2.5401866804552635e-08, 2.1956794026721828e-08, 1.8960981237884555e-08, 1.6362889174208856e-08, 1.4128285814734836e-08, 1.219758406250089e-08, 1.0531900876815781e-08, 9.099791048668338e-09, 7.855183940288942e-09, 6.765274210810206e-09, 5.832768300373161e-09, 5.033421339161392e-09, 4.334521902676184e-09, 3.727889386225997e-09, 3.2110286897476044e-09, 2.762754785816706e-09, 2.3786032558284174e-09]
W_list: [7.8]
L_list: [7.350558537463325]
