C_final_list: [2.1047192409027324e-06, 1.8970000735817015e-06, 1.6997369837378845e-06, 1.5253632203159986e-06, 1.3687335607609036e-06, 1.2276670026450542e-06, 1.0998773781049556e-06, 9.862971594372866e-07, 8.812120632849533e-07, 7.871305489959171e-07, 7.040978629010746e-07, 6.294697449198558e-07, 5.62814759642471e-07, 5.017025899338788e-07, 4.473925275780728e-07, 3.9865503493933115e-07, 3.5484170402558723e-07, 3.151706267750172e-07, 2.806930848502104e-07, 2.495770920650792e-07, 2.2210955163796392e-07, 1.9799881838858886e-07, 1.765990261899761e-07, 1.5718686213332462e-07, 1.3941020215953698e-07, 1.2421598015583046e-07, 1.1048107896414998e-07, 9.833284969772655e-08, 8.71406733739179e-08, 7.731308814313486e-08, 6.853884448208799e-08, 6.049216522956391e-08, 5.334484574090196e-08, 4.7131524820580395e-08, 4.156765768385117e-08]
ndim2: 500
W_list: [2.2]
L_list: [8.990715256735255]
