C_list:
1.5462284093179806e-06 0.0300484728141209
ndim2: 500
W_list: [1.7999999999999998]
L_list: [33.27956153332567]
