C_final_list: [1.8633601537294055e-06, 1.607132327278635e-06, 1.4026507340161363e-06, 1.2143756714172185e-06, 1.0525219267089208e-06, 9.141063767843125e-07, 7.92456900397547e-07, 6.891165622526641e-07, 5.981342113088047e-07, 5.194599669541208e-07, 4.5007447158554374e-07, 3.90851164440556e-07, 3.38155113633795e-07, 2.9205868878991195e-07, 2.518327335242893e-07, 2.171822231516749e-07, 1.874040788204573e-07, 1.6166001440176562e-07, 1.393663442277417e-07, 1.1997194440061725e-07, 1.038834212427421e-07, 8.969579933436926e-08, 7.719820349873232e-08, 6.653555485597604e-08, 5.752508848818189e-08, 4.9420992245521923e-08, 4.2622135860620033e-08, 3.6645798775169505e-08, 3.1471915627275935e-08, 2.699947909951779e-08, 2.313131633338212e-08, 1.9712983052006593e-08, 1.691295968680432e-08, 1.4540623634012127e-08, 1.2463317181307927e-08]
ndim2: 500
W_list: [1.8]
L_list: [7.007625563451421]
