R_list= [ 1  2  3  4  5  6  7  8  9 10 11 12 13 14 15 16 17 18 19 20 21 22 23 24
 25 26 27 28 29 30 31 32 33 34 35 36 37 38]
C_final_list= [1.6786778114929647e-06, 1.364287954542979e-06, 1.09829717792118e-06, 9.05233338403258e-07, 7.604747513738433e-07, 6.431492910819554e-07, 5.446757887410028e-07, 4.6116544754103117e-07, 3.896764239150328e-07, 3.287945912337759e-07, 2.771706004928275e-07, 2.3359584141114368e-07, 1.971179151842882e-07, 1.6627479243014709e-07, 1.4017269079738017e-07, 1.1798098968255838e-07, 9.918122228612869e-08, 8.326906484547237e-08, 6.983436092823185e-08, 5.8559761239397686e-08, 4.919086182299755e-08, 4.1391345677366084e-08, 3.4830522062185456e-08, 2.9317589065302607e-08, 2.47105125206048e-08, 2.0840056006074187e-08, 1.7537648678780415e-08, 1.4735041432888909e-08, 1.2379379682526898e-08, 1.039080429101809e-08, 8.720624369823977e-09, 7.313149388330155e-09, 6.130025591015074e-09, 5.140454254894908e-09, 4.308306747695074e-09, 3.601039094471634e-09, 3.0031398231792634e-09, 2.503229433822961e-09]
W_list: [4]
L_list: [5.4846165316396815]
