R_list= [ 1  2  3  4  5  6  7  8  9 10 11 12 13 14 15 16 17 18 19 20 21 22 23 24
 25 26 27 28 29 30 31 32 33 34 35 36 37 38]
C_final_list= [3.29257080625745e-05, 2.5275158363541777e-05, 1.9297987060393485e-05, 1.4700786010253398e-05, 1.1181651017293915e-05, 8.500646986044268e-06, 6.451436075034478e-06, 4.890981489993434e-06, 3.7083606131602697e-06, 2.806941029312615e-06, 2.128594303370522e-06, 1.6146010130648198e-06, 1.2285420291829704e-06, 9.334170860583625e-07, 7.098697813025158e-07, 5.402463885325064e-07, 4.1077425434945455e-07, 3.126016787545957e-07, 2.379656807810838e-07, 1.805448328470107e-07, 1.3669368316672436e-07, 1.0348629340717192e-07, 7.825678320315765e-08, 5.899259319625689e-08, 4.4430500569849596e-08, 3.34296991875578e-08, 2.5199365813075456e-08, 1.9026451247087037e-08, 1.4412473734977199e-08, 1.0911894094169885e-08, 8.244314709073563e-09, 6.232546050503776e-09, 4.728938710710005e-09, 3.5801998374095448e-09, 2.710524607202955e-09, 2.062602098075873e-09, 1.5800540337702895e-09, 1.202476652035016e-09]
W_list: [8.0]
L_list: [3.682170655987128]
