C_final_list: [1.7766677120765473e-06, 1.7160178431250686e-06, 1.6560726183197193e-06, 1.5982280904520116e-06, 1.542631184129508e-06, 1.4889112383916225e-06, 1.4369151509993717e-06, 1.3873793047108385e-06, 1.338385221924493e-06, 1.2915083455999942e-06, 1.2462656835007495e-06, 1.2017348998513733e-06, 1.1592267277808766e-06, 1.1179983006145329e-06, 1.0782853434152e-06, 1.039795044454494e-06, 1.0030644768008373e-06, 9.675193089029452e-07, 9.330413936723625e-07, 8.994747623339251e-07, 8.671904465124831e-07, 8.362822590515243e-07, 8.06129960319587e-07, 7.773130296176957e-07, 7.49555418795505e-07, 7.225087109978129e-07, 6.967324280177662e-07, 6.716015827007231e-07, 6.474849323268148e-07, 6.244115403933992e-07, 6.021118422559582e-07, 5.805282632785909e-07, 5.596660510175739e-07, 5.394613173862473e-07, 5.198436164883703e-07, 5.009602194325724e-07, 4.827733695173818e-07, 4.6494162647609033e-07, 4.476672294425017e-07, 4.3101445318003283e-07, 4.1484086196136384e-07, 3.9933405312085493e-07, 3.8454303415116666e-07, 3.702866536687071e-07, 3.564925952015583e-07, 3.430096019617372e-07, 3.30221973331081e-07, 3.177192474334852e-07, 3.0572213737334664e-07, 2.9431003383243206e-07]
ndim2: 500
W_list: [3.15]
L_list: [27.553306935054856]
