R_list= [ 1  2  3  4  5  6  7  8  9 10 11 12 13 14 15 16 17 18 19 20 21 22 23 24
 25 26 27 28 29 30 31 32 33 34 35 36 37 38]
C_final_list= [7.138437382067918e-07, 5.886150647708329e-07, 4.920801472189462e-07, 4.100456199567764e-07, 3.4103879336482165e-07, 2.833944785494578e-07, 2.3563546570383543e-07, 1.954891131674631e-07, 1.6184107005959379e-07, 1.3361857437842424e-07, 1.1037199456724479e-07, 9.12827305722355e-08, 7.539868527970945e-08, 6.23279875783536e-08, 5.131191371468615e-08, 4.214795598704587e-08, 3.467153798813332e-08, 2.8466256311033017e-08, 2.3338708887579912e-08, 1.9177005883965263e-08, 1.577841277040976e-08, 1.2957555993038494e-08, 1.063205824350391e-08, 8.732926883134822e-09, 7.1681653526376455e-09, 5.87624553166651e-09, 4.786736317682519e-09, 3.890381304835407e-09, 3.1585830176701365e-09, 2.559062653089835e-09, 2.078852964019556e-09, 1.6939922789560314e-09, 1.381243868429452e-09, 1.1215653292995033e-09, 9.091554930045564e-10, 7.3905589351084e-10, 6.000928105471927e-10, 4.866375863301629e-10]
W_list: [6]
L_list: [5.3734191958386415]
