R_list= [ 1  2  3  4  5  6  7  8  9 10 11 12 13 14 15 16 17 18 19 20 21 22 23 24
 25 26 27 28 29 30 31 32 33 34 35 36 37 38]
C_final_list= [6.013266491686388e-07, 5.597467581606156e-07, 5.175388309114385e-07, 4.766379224242908e-07, 4.377498163295291e-07, 4.0162769272658245e-07, 3.6824568030751587e-07, 3.376762399411495e-07, 3.096584943640695e-07, 2.838881221444838e-07, 2.6014545447438243e-07, 2.3829862573549753e-07, 2.1820212750169247e-07, 1.997168314035062e-07, 1.8270111650357516e-07, 1.6711852728515206e-07, 1.5280174097455302e-07, 1.3964369302192767e-07, 1.2761736980681623e-07, 1.1655831718294325e-07, 1.0645643352399449e-07, 9.725799893481487e-08, 8.88521290565417e-08, 8.111794340604847e-08, 7.40402226456412e-08, 6.758618592682623e-08, 6.171353537678813e-08, 5.637187249819282e-08, 5.150768366020504e-08, 4.710118331205e-08, 4.306746377148793e-08, 3.933833817427411e-08, 3.591741996493539e-08, 3.279020838353522e-08, 2.993433451162507e-08, 2.7320679821778495e-08, 2.4937343513390597e-08, 2.2746040976385314e-08]
W_list: [7.8]
L_list: [11.528429378380233]
