C_list:
1.84918437073878e-06 0.3091659820497813
ndim2: 500
W_list: [4.0]
L_list: [3.2345085101859037]
