R_list= [ 1  2  3  4  5  6  7  8  9 10 11 12 13 14 15 16 17 18 19 20 21 22 23 24
 25 26 27 28 29 30 31 32 33 34 35 36 37 38]
C_final_list= [4.2114291920061157e-07, 3.3143340636291584e-07, 2.6229873807664895e-07, 2.063490485217824e-07, 1.6191961208733125e-07, 1.2689548355559186e-07, 9.924465995051052e-08, 7.774102310785826e-08, 6.098769505506259e-08, 4.762798177192608e-08, 3.7230620561966546e-08, 2.915761465875057e-08, 2.2754107240168897e-08, 1.778801314661631e-08, 1.3918993386051222e-08, 1.0844725157006253e-08, 8.431382730824473e-09, 6.546636669661489e-09, 5.083667732653831e-09, 3.9417792492604416e-09, 3.0558629578979167e-09, 2.3690299294648054e-09, 1.8338480764146613e-09, 1.4182019241687814e-09, 1.098928979276747e-09, 8.539946263879552e-10, 6.586744014562331e-10, 5.086016284657996e-10, 3.926137969997715e-10, 3.0420050281533325e-10, 2.359004307230433e-10, 1.8183350324312233e-10, 1.3941987961870063e-10, 1.0654423492100254e-10, 8.1836161937939e-11, 6.31201879112337e-11, 4.872629913456882e-11, 3.754020094554883e-11]
W_list: [7]
L_list: [4.150316740954095]
