R_list= [ 1  2  3  4  5  6  7  8  9 10 11 12 13 14 15 16 17 18 19 20 21 22 23 24
 25 26 27 28 29 30 31 32 33 34 35 36 37 38]
C_final_list= [1.8802703608031325e-07, 8.217509628043398e-08, 2.916681036298639e-08, 9.282979691117149e-09, 2.7951650541808004e-09, 8.19486213207812e-10, 2.371701393631941e-10, 6.838875006359978e-11, 1.9669403853808267e-11, 5.585668033355531e-12, 1.5554538891157192e-12, 4.304284539179104e-13, 1.194376046568537e-13, 3.304428329361246e-14, 8.870450008350925e-15, 2.306537513328624e-15, 5.856530856887616e-16, 1.5074157104078464e-16, 3.8998270878966806e-17, 1.006330743247135e-17, 2.6091875163337975e-18, 7.146674028535858e-19, 2.2427463674112106e-19, 6.742146724185691e-20, 3.319040780960813e-20, 3.4064739309840315e-20, 2.1614570818945718e-20, 8.821716406233265e-21, 2.5134320326421186e-21, 5.43087344554797e-22, 1.0239937247247291e-22, 1.7321986454512272e-23, 3.216367340397003e-24, 8.73774564202828e-25, 4.097295555559493e-25, 3.024098012800227e-25, 2.9139434066491197e-25, 2.897253791762637e-25]
W_list: [6]
L_list: [1.118335483476294]
