C_final_list: [1.9049541438455809e-06, 1.669513353772551e-06, 1.4585375718213587e-06, 1.273075709643161e-06, 1.110980513283349e-06, 9.69055961381653e-07, 8.482981420554001e-07, 7.402741431861699e-07, 6.465079120103904e-07, 5.647716278231828e-07, 4.919238866979262e-07, 4.313466113412491e-07, 3.7731557335297803e-07, 3.2856595287506515e-07, 2.8600939221632446e-07, 2.48870450515178e-07, 2.1578465366593702e-07, 1.8760025954950593e-07, 1.624274083280631e-07, 1.409872846205446e-07, 1.2268175727991152e-07, 1.066369471618609e-07, 9.263602411665928e-08, 8.048200842580084e-08, 6.97243198782528e-08, 6.070579510845869e-08, 5.2668661336613634e-08, 4.580662496482137e-08, 3.9828727709636985e-08, 3.459011473958724e-08, 3.0010617554717334e-08, 2.587602023618958e-08, 2.240468989936633e-08, 1.9382548108837997e-08, 1.6766368812366434e-08]
ndim2: 500
W_list: [2.6]
L_list: [7.3601327975491015]
