R_list= [ 1  2  3  4  5  6  7  8  9 10 11 12 13 14 15 16 17 18 19 20 21 22 23 24
 25 26 27 28 29 30 31 32 33 34 35 36 37 38]
C_final_list= [2.1571684350750912e-07, 1.3080350678698945e-07, 6.673719049510555e-08, 3.0843926789900076e-08, 1.3424248458249365e-08, 5.621461706021678e-09, 2.293639090177764e-09, 9.197627007301951e-10, 3.646200318764805e-10, 1.4369757357366027e-10, 5.6457891997462116e-11, 2.211097090419165e-11, 8.670954152825624e-12, 3.4168366522885615e-12, 1.358276074057579e-12, 5.437778632176665e-13, 2.1862772246298e-13, 8.781610923286506e-14, 3.5267402228225915e-14, 1.4265074149866285e-14, 5.872579448837991e-15, 2.542419057699247e-15, 1.216549955834446e-15, 7.062543393321257e-16, 5.505771035563608e-16, 7.0281723775837e-16, 1.4959645275577668e-15, 3.5025975459911373e-15, 6.419536760879619e-15, 6.778773086273633e-15, 3.686797744345588e-15, 1.4943247710749119e-15, 7.636662522745135e-16, 4.291845017017059e-16, 1.8988372369560443e-16, 7.320542967074172e-17, 2.911107547831697e-17, 1.2438917777870773e-17]
W_list: [4]
L_list: [1.648625010194258]
