C_final_list: [2.305022854546134e-06, 2.2119383826638625e-06, 2.12026303099424e-06, 2.029641945289722e-06, 1.944041861502548e-06, 1.861973120431346e-06, 1.7825497978063768e-06, 1.707345741185866e-06, 1.6344555436791434e-06, 1.5644916943431423e-06, 1.497893648606211e-06, 1.4348244688887333e-06, 1.3746486376348076e-06, 1.3171155583967748e-06, 1.2620400025228355e-06, 1.2095207429253436e-06, 1.1594589519622224e-06, 1.1119875521220592e-06, 1.06626741008718e-06, 1.022423873408939e-06, 9.80024611186636e-07, 9.392633480956393e-07, 9.000199729550809e-07, 8.625197734101016e-07, 8.257992112817974e-07, 7.908691243162155e-07, 7.56668058502097e-07, 7.239382333676203e-07, 6.924271042254598e-07, 6.620768471151785e-07, 6.328091029595234e-07, 6.048025281407869e-07, 5.780713765489858e-07, 5.526227815017511e-07, 5.285583206010156e-07, 5.053070080189e-07, 4.828562691527582e-07, 4.6171853583960454e-07, 4.411232400744526e-07, 4.215304581108231e-07, 4.0305941852003934e-07, 3.854820247625767e-07, 3.684592221928158e-07, 3.5223412018415845e-07, 3.3673626787132833e-07, 3.2159696904236296e-07, 3.0713122896054683e-07, 2.933210296342559e-07, 2.800464498146685e-07, 2.6735934825069385e-07]
ndim2: 500
W_list: [2.4]
L_list: [23.0958851304263]
