R_list= [ 1  2  3  4  5  6  7  8  9 10 11 12 13 14 15 16 17 18 19 20 21 22 23 24
 25 26 27 28 29 30 31 32 33 34 35 36 37 38]
C_final_list= [2.1534463321682033e-06, 2.020273303363842e-06, 1.9359595077898683e-06, 1.8497314266684959e-06, 1.7663293092440834e-06, 1.688630561567318e-06, 1.6140504364929886e-06, 1.5429202126418933e-06, 1.4747015652655375e-06, 1.4089732057676453e-06, 1.34559358128167e-06, 1.2854958466950854e-06, 1.2283954532871176e-06, 1.1735660287869183e-06, 1.1216673337251671e-06, 1.0719186509222397e-06, 1.0242366423399207e-06, 9.78190474664288e-07, 9.340081412746524e-07, 8.914463126785346e-07, 8.507881033719645e-07, 8.119326465459657e-07, 7.746853123794178e-07, 7.391637292858539e-07, 7.055115814365976e-07, 6.731956414838137e-07, 6.422144757089465e-07, 6.128628152223456e-07, 5.846654244767024e-07, 5.575895639660568e-07, 5.322325356673212e-07, 5.07866732301747e-07, 4.843679919127801e-07, 4.621084764614982e-07, 4.4076045675354703e-07, 4.201350117651032e-07, 4.001967500919748e-07, 3.812626896810359e-07]
W_list: [4]
L_list: [21.691448867916723]
