R_list= [ 1  2  3  4  5  6  7  8  9 10 11 12 13 14 15 16 17 18 19 20 21 22 23 24
 25 26 27 28 29 30 31 32 33 34 35 36 37 38]
C_final_list= [6.640121121174442e-06, 5.6930967468047715e-06, 4.83243306221482e-06, 4.086144938502223e-06, 3.4514101053952927e-06, 2.9131694877237205e-06, 2.457110022455791e-06, 2.070080319930361e-06, 1.7434337106333801e-06, 1.4665338572166437e-06, 1.2329729673900675e-06, 1.0365197707281174e-06, 8.711471272185371e-07, 7.32364609764617e-07, 6.1610194526961e-07, 5.177072123736468e-07, 4.35058183329998e-07, 3.6605882683875983e-07, 3.0786166904894265e-07, 2.5878920376164427e-07, 2.1732000113934152e-07, 1.824547424655253e-07, 1.5316187205129882e-07, 1.285021692007485e-07, 1.0785324004793217e-07, 9.054465848522956e-08, 7.607117053396354e-08, 6.386504985772356e-08, 5.358405936746548e-08, 4.491256592497643e-08, 3.7612546717153946e-08, 3.152843942876686e-08, 2.6399541278046798e-08, 2.2122671855025666e-08, 1.853561147704728e-08, 1.551179138525458e-08, 1.2982641530000512e-08, 1.085376940407866e-08]
W_list: [8.15]
L_list: [5.93535092515932]
