R_list= [ 1  2  3  4  5  6  7  8  9 10 11 12 13 14 15 16 17 18 19 20 21 22 23 24
 25 26 27 28 29 30 31 32 33 34 35 36 37 38]
C_final_list= [2.7029561483597276e-07, 2.4562439407087866e-07, 2.210079050455883e-07, 1.9790605396575108e-07, 1.766685338061554e-07, 1.57438236825122e-07, 1.4025153763210815e-07, 1.247449361753948e-07, 1.1080459843396546e-07, 9.836133675634627e-08, 8.732413745036896e-08, 7.74994254899328e-08, 6.877324566471082e-08, 6.100169845581635e-08, 5.408340675236703e-08, 4.795215026241721e-08, 4.2515051201091545e-08, 3.765770224969078e-08, 3.331175660858247e-08, 2.9427046012741143e-08, 2.597110955323723e-08, 2.2910327771666013e-08, 2.019304280685348e-08, 1.778151352922379e-08, 1.5664704563270646e-08, 1.3793489611664372e-08, 1.2145942304080933e-08, 1.0689775614893949e-08, 9.41415369108578e-09, 8.285589113552643e-09, 7.289837930978273e-09, 6.414137220379869e-09, 5.6451917127391226e-09, 4.9668886252865e-09, 4.367098716312928e-09, 3.841857038943362e-09, 3.384044815668844e-09, 2.9744862031826222e-09]
W_list: [7.6000000000000005]
L_list: [8.634366051783775]
