R_list= [ 1  2  3  4  5  6  7  8  9 10 11 12 13 14 15 16 17 18 19 20 21 22 23 24
 25 26 27 28 29 30 31 32 33 34 35 36 37 38]
C_final_list= [2.071155106083648e-06, 1.8021413104547684e-06, 1.5506806155150286e-06, 1.326991301462148e-06, 1.132783031134075e-06, 9.664059624206448e-07, 8.240918413733504e-07, 7.017344369495614e-07, 5.975206640605887e-07, 5.085545700284327e-07, 4.3254362753680936e-07, 3.675394259578954e-07, 3.122359305003826e-07, 2.6524712233154893e-07, 2.2511642394653278e-07, 1.9120791904114695e-07, 1.622275575479262e-07, 1.375205595585759e-07, 1.1667190708612186e-07, 9.882380555105521e-08, 8.363288092042934e-08, 7.069992504272304e-08, 5.96832739693814e-08, 5.0286992558261525e-08, 4.238160342088143e-08, 3.5737714793962164e-08, 3.017078279011692e-08, 2.5507763723874955e-08, 2.1585699428746874e-08, 1.829336187134228e-08, 1.5512734001680572e-08, 1.3162885711813805e-08, 1.1152414758118295e-08, 9.424133506628711e-09, 7.947058814553143e-09, 6.704473113492297e-09, 5.655680838626429e-09, 4.770608202883649e-09]
W_list: [8.45]
L_list: [6.352571016464347]
