C_list:
1.5306611340524604e-06 0.14636552583307277
ndim2: 500
W_list: [3.2]
L_list: [6.832209936788543]
