R_list= [ 1  2  3  4  5  6  7  8  9 10 11 12 13 14 15 16 17 18 19 20 21 22 23 24
 25 26 27 28 29 30 31 32 33 34 35 36 37 38]
C_final_list= [2.1607651377615079e-07, 1.3229475907540254e-07, 6.827365789118444e-08, 3.188325244793096e-08, 1.4002580654770967e-08, 5.898823907215442e-09, 2.411191702619486e-09, 9.656592958840845e-10, 3.822167391793619e-10, 1.5053880162295282e-10, 5.92504689476266e-11, 2.3346246190610508e-11, 9.22625203037324e-12, 3.677027193110194e-12, 1.4886583185380355e-12, 6.096452751865692e-13, 2.5307266793432765e-13, 1.0610324404368758e-13, 4.4367766656160594e-14, 1.844896020003751e-14, 7.699262804158119e-15, 3.3296854113232257e-15, 1.6305852366747927e-15, 1.0609426473469418e-15, 8.440316777404131e-16, 5.928442933204151e-16, 3.3392693691443436e-16, 1.5633767346384183e-16, 6.648342657301025e-17, 2.715764846229647e-17, 1.0703484272147819e-17, 4.028540360915962e-18, 1.467934225897694e-18, 5.404061706184502e-19, 2.0805110841369083e-19, 8.432800131239583e-20, 3.628053158982979e-20, 1.73459217026285e-20]
W_list: [4]
L_list: [1.6711894280284585]
