R_list= [ 1  2  3  4  5  6  7  8  9 10 11 12 13 14 15 16 17 18 19 20 21 22 23 24
 25 26 27 28 29 30 31 32 33 34 35 36 37 38]
C_final_list= [8.641905754739811e-07, 7.421643361316584e-07, 6.342157740243192e-07, 5.40862171795165e-07, 4.608594982431805e-07, 3.917057137499169e-07, 3.325091609052958e-07, 2.8222456214784317e-07, 2.395741379160226e-07, 2.0351283497448344e-07, 1.7257507130546024e-07, 1.4632502114964127e-07, 1.2405039984294413e-07, 1.0519610717686235e-07, 8.90440996801599e-08, 7.535117078542719e-08, 6.361897211534288e-08, 5.366640654305469e-08, 4.524068877301368e-08, 3.8207829051251365e-08, 3.224286413192794e-08, 2.7281548037374575e-08, 2.3029222706299398e-08, 1.945233187940829e-08, 1.646150402707995e-08, 1.3913709703100271e-08, 1.1801921699726534e-08, 9.985371882489312e-09, 8.424228576140926e-09, 7.104119284970854e-09, 5.9872445725441395e-09, 5.029851111037052e-09, 4.230518908381206e-09, 3.567375173892391e-09, 3.0189524762998095e-09, 2.553615868196867e-09, 2.165657735301484e-09, 1.8368509069204325e-09]
W_list: [6.8]
L_list: [6.1921653312766045]
