R_list= [ 1  2  3  4  5  6  7  8  9 10 11 12 13 14 15 16 17 18 19 20 21 22 23 24
 25 26 27 28 29 30 31 32 33 34 35 36 37 38]
C_final_list= [2.1818304934037615e-06, 2.0458491775175193e-06, 1.9595108334952422e-06, 1.8721033643776416e-06, 1.7862458043977648e-06, 1.7072415053610504e-06, 1.6311229871720826e-06, 1.557752630573834e-06, 1.4877699027690626e-06, 1.421686141789706e-06, 1.3575296960236638e-06, 1.2965071839963495e-06, 1.2389194356273585e-06, 1.183555406888298e-06, 1.1307480012095407e-06, 1.0804118225332712e-06, 1.0318153717045923e-06, 9.854864561743096e-07, 9.414501098790131e-07, 8.988619902945793e-07, 8.5762893973187e-07, 8.185323361182516e-07, 7.808192332361213e-07, 7.44326243767795e-07, 7.098243828716433e-07, 6.770432753483451e-07, 6.457869022380813e-07, 6.157849141891348e-07, 5.872858996872111e-07, 5.603325106167549e-07, 5.346797769089022e-07, 5.099150733832204e-07, 4.861245352602654e-07, 4.633709123779695e-07, 4.414662476684579e-07, 4.2042801443230286e-07, 4.0032952828324614e-07, 3.8123008698779275e-07]
W_list: [4]
L_list: [21.557169206087604]
