R_list= [ 1  2  3  4  5  6  7  8  9 10 11 12 13 14 15 16 17 18 19 20 21 22 23 24
 25 26 27 28 29 30 31 32 33 34 35 36 37 38]
C_final_list= [2.200141807026267e-06, 2.0639598102777207e-06, 1.977797898817378e-06, 1.8894937834496947e-06, 1.802368097838305e-06, 1.7213886828330285e-06, 1.6450047920811188e-06, 1.5721458943836417e-06, 1.5016251499945048e-06, 1.4356595461600635e-06, 1.3723537457997126e-06, 1.3111762369231154e-06, 1.252792546281765e-06, 1.1973704748793663e-06, 1.1433193805847362e-06, 1.09113803872039e-06, 1.0416013419576067e-06, 9.941981861643874e-07, 9.487102501558975e-07, 9.057054576038292e-07, 8.644370394920507e-07, 8.246397031387449e-07, 7.864756704503548e-07, 7.496798714719998e-07, 7.149093008444479e-07, 6.81862629343642e-07, 6.503488625835999e-07, 6.199856690981525e-07, 5.907078845899999e-07, 5.625650216840996e-07, 5.357863502117356e-07, 5.103052931469917e-07, 4.862094795634623e-07, 4.635178261054846e-07, 4.4185772937511233e-07, 4.2118368223690625e-07, 4.0122229226382714e-07, 3.822547376584686e-07]
W_list: [4]
L_list: [21.50588500326711]
