R_list= [ 1  2  3  4  5  6  7  8  9 10 11 12 13 14 15 16 17 18 19 20 21 22 23 24
 25 26 27 28 29 30 31 32 33 34 35 36 37 38]
C_final_list= [1.0765946125042793e-06, 6.822419644921332e-07, 4.352090715537149e-07, 2.791116255565159e-07, 1.751845958744372e-07, 1.0910939150345414e-07, 6.818674252182017e-08, 4.297661049573346e-08, 2.7054728465646287e-08, 1.6859523531219446e-08, 1.0415390835838121e-08, 6.439870881118781e-09, 3.9530954671052395e-09, 2.4217127320610217e-09, 1.4988743101422008e-09, 9.261683747996007e-10, 5.829605573848967e-10, 3.6210564756679913e-10, 2.2652111590234826e-10, 1.440666713493791e-10, 8.858377907079028e-11, 5.400615705302721e-11, 3.263979397193788e-11, 1.9407469783684296e-11, 1.1716991849919855e-11, 7.232515889841751e-12, 4.215061478708759e-12, 2.4875580356545964e-12, 1.4422718036957904e-12, 8.382015151366009e-13, 4.974956155380938e-13, 3.0400442905926243e-13, 1.8347370420625458e-13, 1.1106250149966498e-13, 7.109033830236658e-14, 4.998225499832141e-14, 3.9804390243341965e-14, 2.2781384357155817e-14]
W_list: [8.200000000000001]
L_list: [2.2008867443388986]
