C_final_list: [1.8099281099436428e-06, 1.6739569947525467e-06, 1.5482611689439213e-06, 1.4317900123502358e-06, 1.3241802448860645e-06, 1.22549866708833e-06, 1.1345615253289834e-06, 1.050512010140135e-06, 9.717944466231995e-07, 8.998502737162341e-07, 8.32309863910841e-07, 7.689147696387198e-07, 7.102972698069244e-07, 6.573842717549395e-07, 6.082746969311767e-07, 5.627461218509376e-07, 5.203330874158357e-07, 4.809387744319075e-07, 4.439280730874412e-07, 4.095518956245752e-07, 3.7765549097668003e-07, 3.480216791563841e-07, 3.202376527549121e-07, 2.9504198948823624e-07, 2.7159287215262756e-07, 2.4954930972228023e-07, 2.2941629485935826e-07, 2.109484554095609e-07, 1.940687638566775e-07, 1.7871681159806058e-07, 1.644013132933491e-07, 1.5084741507265515e-07, 1.3858404782751048e-07, 1.27310650888126e-07, 1.1711297541320165e-07, 1.0774176235353396e-07, 9.914775213740125e-08, 9.136203190239493e-08, 8.412298479878169e-08, 7.743661901791384e-08, 7.124600977754658e-08, 6.55623764656458e-08, 6.036595101474966e-08, 5.5576799640952486e-08, 5.109760783792189e-08, 4.693598577886479e-08, 4.31677066513814e-08, 3.973127231688222e-08, 3.6585421652364584e-08, 3.370078538742279e-08]
ndim2: 500
W_list: [3.3]
L_list: [12.676417710561049]
