C_final_list: [1.7519914478123198e-06, 1.628850255128778e-06, 1.509713906403664e-06, 1.399415663062342e-06, 1.2967031074912789e-06, 1.203287147078577e-06, 1.1160453050186958e-06, 1.0332417995098776e-06, 9.575036029116093e-07, 8.878047802003236e-07, 8.224142431824922e-07, 7.611617041396593e-07, 7.0454842434475e-07, 6.514930710006753e-07, 6.032053744237206e-07, 5.587099024648541e-07, 5.183155997006182e-07, 4.799610410935177e-07, 4.440011161626317e-07, 4.1097687943805436e-07, 3.7969354652183617e-07, 3.5039090023257453e-07, 3.2356132393742253e-07, 2.988924530030546e-07, 2.7613904524110164e-07, 2.546324947731054e-07, 2.34842173415548e-07, 2.162851974664394e-07, 1.9925464499207934e-07, 1.8365684994439335e-07, 1.692234011790317e-07, 1.5592028803289624e-07, 1.437150269497403e-07, 1.3243654984233836e-07, 1.2198786428924278e-07]
ndim2: 500
W_list: [2.8]
L_list: [13.017331437454894]
