C_final_list: [1.8063515383815582e-06, 1.7817142781717922e-06, 1.7576818029264471e-06, 1.7344222991556715e-06, 1.71162748050525e-06, 1.6895283724302894e-06, 1.6677500293180162e-06, 1.6463017409176899e-06, 1.6252510121271732e-06, 1.6047929192937723e-06, 1.5843205234202478e-06, 1.5640224008357472e-06, 1.5440465407401346e-06, 1.5242351283075152e-06, 1.5046278406436012e-06, 1.4853470739434632e-06, 1.4660725129429868e-06, 1.447221825839133e-06, 1.4286516393968968e-06, 1.4104844152274004e-06, 1.3925484998989466e-06, 1.3747993067451592e-06, 1.3570843837566076e-06, 1.3398826495059905e-06, 1.322891695853917e-06, 1.3059690612247112e-06, 1.2892058639251851e-06, 1.272676629853157e-06, 1.2564067304665705e-06, 1.240454838491292e-06, 1.224545193600193e-06, 1.2089415878212255e-06, 1.1934117133686678e-06, 1.178127538540365e-06, 1.1629258373780587e-06, 1.147684986162469e-06, 1.1326883191838032e-06, 1.1179494535328672e-06, 1.1034718101118625e-06, 1.089217405036818e-06, 1.0751150525493035e-06, 1.0612325025913102e-06, 1.0475497826057784e-06, 1.0339888188242226e-06, 1.0204890295944229e-06, 1.0071953241336644e-06, 9.940717327584182e-07, 9.810914852792127e-07, 9.68269577036246e-07, 9.555107779630411e-07]
ndim2: 500
W_list: [2.8499999999999996]
L_list: [77.32803063524578]
