C_list:
1.5981541254452422e-06 0.11489611465411592
ndim2: 500
W_list: [2.8]
L_list: [8.703514500994286]
