C_final_list: [2.2249954702118884e-06, 2.043199325261929e-06, 1.8670926197208438e-06, 1.7072037074671655e-06, 1.5603978574759881e-06, 1.4228906689545182e-06, 1.3010925939763472e-06, 1.1894899046057192e-06, 1.0897110576924296e-06, 9.974799541038548e-07, 9.131792466631668e-07, 8.353911500067963e-07, 7.635327551500803e-07, 6.969394106620867e-07, 6.353860189083484e-07, 5.797223595815577e-07, 5.28945706429436e-07, 4.824962897910887e-07, 4.398364955933633e-07, 4.0161010949893214e-07, 3.6615817725173485e-07, 3.332864906007312e-07, 3.039244606627172e-07, 2.770280594688933e-07, 2.5254924665255634e-07, 2.3011618427839064e-07, 2.09998517459969e-07, 1.9137482251385616e-07, 1.7446816307657787e-07, 1.5884675423909151e-07, 1.4489513035588197e-07, 1.318887978866562e-07, 1.199383371024061e-07, 1.0925712723608667e-07, 9.937686717710023e-08, 9.037326759065943e-08, 8.188129785523513e-08, 7.44587179945691e-08, 6.767258140077634e-08, 6.145919900919447e-08, 5.5746433454076315e-08, 5.064203998623302e-08, 4.594905695069749e-08, 4.184144025941357e-08, 3.7983470014613814e-08, 3.447952678732045e-08, 3.12968706614053e-08, 2.8378859746653032e-08, 2.5759121137934466e-08, 2.333954887424844e-08]
ndim2: 500
W_list: [2.2]
L_list: [11.071616143412516]
