C_final_list: [1.3542980466700234e-06, 1.2728229543536517e-06, 1.1930280045418192e-06, 1.1178184998237129e-06, 1.0464861293650727e-06, 9.785669546836047e-07, 9.151206649577886e-07, 8.562755660658495e-07, 8.013193751912637e-07, 7.504414070666374e-07, 7.022283488437839e-07, 6.57582972265191e-07, 6.153378392646838e-07, 5.760590986354251e-07, 5.388347765641573e-07, 5.037593528981317e-07, 4.7116382964268605e-07, 4.4062752485121206e-07, 4.119226441491823e-07, 3.847735610110357e-07, 3.5942349086732154e-07, 3.35505234643574e-07, 3.13588727646044e-07, 2.9303482647608673e-07, 2.7363197900498106e-07, 2.554615451769869e-07, 2.3834057163245495e-07, 2.2227671708631126e-07, 2.072531104412066e-07, 1.9324383080785436e-07, 1.8026841616907038e-07, 1.6818205394995552e-07, 1.5685851124724687e-07, 1.4635447667145302e-07, 1.3651565100056747e-07, 1.2738464239433383e-07, 1.187821391954933e-07, 1.10704264103933e-07, 1.03171117025609e-07, 9.610142726506806e-08, 8.951365831880738e-08, 8.330572349937466e-08, 7.757764312311102e-08, 7.22278118309513e-08, 6.721971923256472e-08, 6.255842867677007e-08, 5.825757310457531e-08, 5.426230651748146e-08, 5.055338911749922e-08, 4.710625276949295e-08]
ndim2: 500
W_list: [3.8]
L_list: [14.932729669782745]
