R_list= [ 1  2  3  4  5  6  7  8  9 10 11 12 13 14 15 16 17 18 19 20 21 22 23 24
 25 26 27 28 29 30 31 32 33 34 35 36 37 38]
C_final_list= [1.9540552635997554e-05, 1.5688623346912732e-05, 1.2473313628475604e-05, 9.878659143142544e-06, 7.816642766933962e-06, 6.173528191826483e-06, 4.8772217332012275e-06, 3.846359537377472e-06, 3.0293722612523127e-06, 2.3857654310754873e-06, 1.8796121917719514e-06, 1.4797680776316256e-06, 1.1651796742445228e-06, 9.166418552707058e-07, 7.205668915778172e-07, 5.65374215930584e-07, 4.4382832955564726e-07, 3.485720680795278e-07, 2.7364296764211495e-07, 2.1495702895675376e-07, 1.6881909151007153e-07, 1.3280336555014798e-07, 1.0460769039443118e-07, 8.234230753689954e-08, 6.47672331872535e-08, 5.1018957869276825e-08, 4.015301318766289e-08, 3.1611290879602275e-08, 2.489639320436975e-08, 1.9709615108623736e-08, 1.5551380152575042e-08, 1.2300274393335603e-08, 9.728359464837702e-09, 7.694870438027288e-09, 6.095080670791423e-09, 4.815442310611293e-09, 3.78489805653017e-09, 2.963189860380633e-09]
W_list: [8.45]
L_list: [4.304191532425333]
