C_final_list: [1.4372092149314056e-06, 1.4064645126286874e-06, 1.375350392293597e-06, 1.3452121188167367e-06, 1.3158194601200945e-06, 1.2869704498098924e-06, 1.2587173508968935e-06, 1.231239292055144e-06, 1.2044524433795856e-06, 1.1779743239395727e-06, 1.1518396087117836e-06, 1.1262100055610823e-06, 1.1012920871324128e-06, 1.0768735631442761e-06, 1.0529719741002331e-06, 1.0294013922545614e-06, 1.0061364540980298e-06, 9.83283886706944e-07, 9.611038733796069e-07, 9.393083691644746e-07, 9.179577935506392e-07, 8.969500979615781e-07, 8.761051516799733e-07, 8.556754166471928e-07, 8.356193475765745e-07, 8.158539505985559e-07, 7.964770794158718e-07, 7.776138924720628e-07, 7.592858521746156e-07, 7.412383994276421e-07, 7.237899170507483e-07, 7.06842302237109e-07, 6.903730985894746e-07, 6.741675731182554e-07, 6.581802146253405e-07, 6.427124118704269e-07, 6.275690131063893e-07, 6.126950658821731e-07, 5.98124919955202e-07, 5.838572977838925e-07, 5.69944584273218e-07, 5.564308585714255e-07, 5.431539166581831e-07, 5.302130217895863e-07, 5.175985859165234e-07, 5.053080005410225e-07, 4.931377158291618e-07, 4.811932219116085e-07, 4.6952323957212786e-07, 4.5802919673742527e-07]
ndim2: 500
W_list: [3.3499999999999996]
L_list: [43.19488959456061]
