R_list= [ 1  2  3  4  5  6  7  8  9 10 11 12 13 14 15 16 17 18 19 20 21 22 23 24
 25 26 27 28 29 30 31 32 33 34 35 36 37 38]
C_final_list= [1.16846303149694e-06, 1.1061239686770195e-06, 1.0545480366526133e-06, 1.0037065333003616e-06, 9.547813289536576e-07, 9.090852752205985e-07, 8.648479669691969e-07, 8.227422595554208e-07, 7.831620827213735e-07, 7.450690744550203e-07, 7.086837397671972e-07, 6.743389296013377e-07, 6.417308524980441e-07, 6.104558301052037e-07, 5.803957172625437e-07, 5.517405310639596e-07, 5.246169350574619e-07, 4.986155024821183e-07, 4.737313536115653e-07, 4.4982275560368544e-07, 4.2704571083133574e-07, 4.055928724344984e-07, 3.848873557888397e-07, 3.6512187342636197e-07, 3.46345679873715e-07, 3.2857684317911637e-07, 3.1159291023018424e-07, 2.953849968088496e-07, 2.798876161061073e-07, 2.651276098024453e-07, 2.5117492150701333e-07, 2.3785326866741167e-07, 2.252319473849265e-07, 2.1330314362138218e-07, 2.0199678041398577e-07, 1.91267451399082e-07, 1.8107177190954727e-07, 1.7134906284562888e-07]
W_list: [5]
L_list: [19.690945605028265]
