C_final_list: [1.8740767744158186e-06, 1.7718242224483226e-06, 1.6705179665001576e-06, 1.5752737613532136e-06, 1.486091945633259e-06, 1.4018996533079795e-06, 1.322466512671718e-06, 1.2475612802034356e-06, 1.1765400165012326e-06, 1.1096364101187772e-06, 1.0460203776241654e-06, 9.862318698236502e-07, 9.299026935740859e-07, 8.776928083352403e-07, 8.28102551701663e-07, 7.807003241608458e-07, 7.360645398127052e-07, 6.935393703319483e-07, 6.541404632527887e-07, 6.165857475067888e-07, 5.813229199114093e-07, 5.475850387191724e-07, 5.16025052676502e-07, 4.857066653295798e-07, 4.571786077780179e-07, 4.304590747322947e-07, 4.052213683928045e-07, 3.8154004949370684e-07, 3.58988475528952e-07, 3.3789592087733507e-07, 3.182910100004623e-07, 2.9977812597624266e-07, 2.826403445511915e-07, 2.662342400195094e-07, 2.506916761873598e-07]
ndim2: 500
W_list: [2.4]
L_list: [17.001828330144654]
