R_list= [ 1  2  3  4  5  6  7  8  9 10 11 12 13 14 15 16 17 18 19 20 21 22 23 24
 25 26 27 28 29 30 31 32 33 34 35 36 37 38]
C_final_list= [1.5529458674362494e-07, 1.0029841876625927e-07, 6.321418390258244e-08, 3.968212469704862e-08, 2.474360900184874e-08, 1.5382848816357686e-08, 9.550273060426553e-09, 5.921290440653412e-09, 3.6598404515177364e-09, 2.2582390549330706e-09, 1.3959704174454763e-09, 8.606782705878463e-10, 5.284868869403234e-10, 3.266263858412494e-10, 2.0138626154972365e-10, 1.2360297458705387e-10, 7.645502776853956e-11, 4.672642899620489e-11, 2.8643391867125782e-11, 1.7784917550405938e-11, 1.100704006900552e-11, 6.817612148016994e-12, 4.24310415855594e-12, 2.6115738367998548e-12, 1.588728406526092e-12, 9.936268393177872e-13, 6.203773499553791e-13, 3.891756662864041e-13, 2.4735974762094826e-13, 1.5121230450372665e-13, 9.489574484438144e-14, 5.8843208070375e-14, 3.8390894700601214e-14, 2.6521430902570814e-14, 1.8052541865529807e-14, 1.1051223523957368e-14, 6.289024421738543e-15, 3.1300604849545314e-15]
W_list: [7]
L_list: [2.1940250961849355]
