C_list:
8.331836693999523e-07 0.16050185203187248
ndim2: 500
W_list: [4.0]
L_list: [6.230457700895688]
