R_list= [ 1  2  3  4  5  6  7  8  9 10 11 12 13 14 15 16 17 18 19 20 21 22 23 24
 25 26 27 28 29 30 31 32 33 34 35 36 37 38]
C_final_list= [2.2810972463573077e-05, 1.882634379424587e-05, 1.541016382348041e-05, 1.2559020559082122e-05, 1.0228150869105582e-05, 8.32488487782948e-06, 6.773505752308318e-06, 5.5074248897363265e-06, 4.472381501811309e-06, 3.633600693607898e-06, 2.949055181622555e-06, 2.3927316517060597e-06, 1.9390914174137856e-06, 1.5719989004335404e-06, 1.2752418734353998e-06, 1.0350160126153583e-06, 8.412255140485384e-07, 6.834855364599866e-07, 5.560351567832656e-07, 4.52047737543509e-07, 3.669175282668491e-07, 2.9820367560576837e-07, 2.42111323892812e-07, 1.9650122333314347e-07, 1.5919261973623914e-07, 1.2905456879404366e-07, 1.0449908606446574e-07, 8.465832000922923e-08, 6.864560292321472e-08, 5.577546436330042e-08, 4.531841333487043e-08, 3.6789658677302775e-08, 2.991013559867678e-08, 2.4331238554569697e-08, 1.9798188572171603e-08, 1.6079686627554443e-08, 1.3056830543136095e-08, 1.0621419455861086e-08]
W_list: [8.05]
L_list: [4.906494941503464]
