R_list= [ 1  2  3  4  5  6  7  8  9 10 11 12 13 14 15 16 17 18 19 20 21 22 23 24
 25 26 27 28 29 30 31 32 33 34 35 36 37 38]
C_final_list= [2.7426306905111424e-06, 2.1393184444281303e-06, 1.657662574681899e-06, 1.2770814803295627e-06, 9.82868201241312e-07, 7.558553087518854e-07, 5.796171867223641e-07, 4.4336468617323166e-07, 3.391187012041062e-07, 2.5880196347088826e-07, 1.9749470857861804e-07, 1.5042182786340207e-07, 1.142529579307986e-07, 8.675248755015895e-08, 6.576677613137681e-08, 4.9999383186733465e-08, 3.7956873199191275e-08, 2.883581028895549e-08, 2.1863243680614875e-08, 1.660513048311717e-08, 1.2653352351910802e-08, 9.64731924225397e-09, 7.343235925860167e-09, 5.602302315225937e-09, 4.286250771976705e-09, 3.2727592993169667e-09, 2.50489016413048e-09, 1.9318943837935013e-09, 1.4891721309463686e-09, 1.1453895514710886e-09, 8.798462327284931e-10, 6.743243920063316e-10, 5.179763280575567e-10, 4.0205268580770717e-10, 3.103785182583939e-10, 2.426884539442486e-10, 1.8840268399670644e-10, 1.4650450915094234e-10]
W_list: [8.8]
L_list: [3.8513894055775375]
