R_list= [ 1  2  3  4  5  6  7  8  9 10 11 12 13 14 15 16 17 18 19 20 21 22 23 24
 25 26 27 28 29 30 31 32 33 34 35 36 37 38]
C_final_list= [1.8221090014753728e-07, 1.590307738968088e-07, 1.368839768951133e-07, 1.1710741437194611e-07, 9.974715854747742e-08, 8.476539497034598e-08, 7.184986178411134e-08, 6.094316045304906e-08, 5.165083973249482e-08, 4.37278589109014e-08, 3.697079955344574e-08, 3.1218533732335954e-08, 2.632712176843112e-08, 2.2154652696020446e-08, 1.86362930199537e-08, 1.566217606845398e-08, 1.3153802585421145e-08, 1.104636423676862e-08, 9.272853990207615e-09, 7.782939434178147e-09, 6.528559962794282e-09, 5.460333964892315e-09, 4.5738701096865225e-09, 3.834601937149121e-09, 3.2180283403431037e-09, 2.701488001375621e-09, 2.2674131867456408e-09, 1.902559426101497e-09, 1.5928834519027611e-09, 1.3332564075338226e-09, 1.1141507634980262e-09, 9.313529901113387e-10, 7.784593981589514e-10, 6.507481977521819e-10, 5.448677642578111e-10, 4.569348472834927e-10, 3.834920804393043e-10, 3.2125958326999083e-10]
W_list: [9.0]
L_list: [6.227572472632995]
