R_list= [ 1  2  3  4  5  6  7  8  9 10 11 12 13 14 15 16 17 18 19 20 21 22 23 24
 25 26 27 28 29 30 31 32 33 34 35 36 37 38]
C_final_list= [9.892100045043821e-07, 6.314244550719454e-07, 4.061144764902704e-07, 2.564113641006672e-07, 1.6335350129338885e-07, 1.0255482609080246e-07, 6.423887710165704e-08, 4.0601536798360395e-08, 2.5482641216634227e-08, 1.585087705724472e-08, 9.798337785517015e-09, 6.041608804837841e-09, 3.7035283193840705e-09, 2.253420444506964e-09, 1.3899860208375366e-09, 8.645110161114205e-10, 5.333399338309512e-10, 3.309480894267297e-10, 2.0474092655662145e-10, 1.2462363561923975e-10, 7.706650133985406e-11, 4.685190977178058e-11, 2.897615543027294e-11, 1.7347900867042246e-11, 1.0344294251307214e-11, 6.079011564818333e-12, 3.662168508355909e-12, 2.142929798205088e-12, 1.2189026204092426e-12, 7.170548035554261e-13, 4.3907766368092326e-13, 2.5473884002492754e-13, 1.4778014688902735e-13, 8.726819845695793e-14, 4.585153826513853e-14, 2.689187717410744e-14, 1.4359823808246138e-14, 8.271192551971407e-15]
W_list: [7.6000000000000005]
L_list: [2.2204063330388717]
