R_list= [ 1  2  3  4  5  6  7  8  9 10 11 12 13 14 15 16 17 18 19 20 21 22 23 24
 25 26 27 28 29 30 31 32 33 34 35 36 37 38]
C_final_list= [3.877982446915527e-07, 3.41692258447537e-07, 2.9838978867128355e-07, 2.595587415656784e-07, 2.2553976789847492e-07, 1.9585588929764457e-07, 1.6981163987888856e-07, 1.472173592880763e-07, 1.2729273523075165e-07, 1.0983824748771019e-07, 9.467513806868131e-08, 8.170166830943741e-08, 7.032036349753644e-08, 6.050457785191106e-08, 5.203432674836781e-08, 4.469784381975368e-08, 3.839003536243747e-08, 3.296075994376856e-08, 2.826779722021918e-08, 2.424112330737184e-08, 2.0784233380921864e-08, 1.7819602609910768e-08, 1.5249906290486674e-08, 1.3039227427932157e-08, 1.1164240653712596e-08, 9.558105245161587e-09, 8.188112953141765e-09, 7.020755273251996e-09, 6.019938475344602e-09, 5.174067805307382e-09, 4.437274245044258e-09, 3.797231354289927e-09, 3.2524269494836118e-09, 2.786770383637932e-09, 2.385946322190919e-09, 2.042733342432373e-09, 1.7499384474461324e-09, 1.4970951046345242e-09]
W_list: [7.4]
L_list: [7.01193860090165]
