R_list= [ 1  2  3  4  5  6  7  8  9 10 11 12 13 14 15 16 17 18 19 20 21 22 23 24
 25 26 27 28 29 30 31 32 33 34 35 36 37 38]
C_final_list= [2.1421162713580197e-06, 1.9718240088241683e-06, 1.860443670798818e-06, 1.7601575425265481e-06, 1.6607649949839784e-06, 1.567897478328176e-06, 1.480340309145714e-06, 1.3978505193998296e-06, 1.3200052743010204e-06, 1.2473766066540583e-06, 1.1793750042265346e-06, 1.114801153128521e-06, 1.0533699238220546e-06, 9.95677871778534e-07, 9.40562518893019e-07, 8.877688019499202e-07, 8.375347953720858e-07, 7.897849855156058e-07, 7.445771531553122e-07, 7.019045422118452e-07, 6.616368009151713e-07, 6.237750529299508e-07, 5.880551366993912e-07, 5.543809414039727e-07, 5.223432530992108e-07, 4.921982461210079e-07, 4.638414633349204e-07, 4.3717116913750224e-07, 4.1195729310780227e-07, 3.88009022472202e-07, 3.649151710213133e-07, 3.432506752032282e-07, 3.2262165354616147e-07, 3.03097446663073e-07, 2.8466767765858284e-07, 2.67486538090684e-07, 2.5134987730917265e-07, 2.3623667247777058e-07]
W_list: [4]
L_list: [17.189349238923025]
