R_list= [ 1  2  3  4  5  6  7  8  9 10 11 12 13 14 15 16 17 18 19 20 21 22 23 24
 25 26 27 28 29 30 31 32 33 34 35 36 37 38]
C_final_list= [3.068393869329022e-07, 2.5291950757445873e-07, 2.0560515046011307e-07, 1.6555213046739823e-07, 1.3271280277750886e-07, 1.0587442704878638e-07, 8.431371686493842e-08, 6.696146579187069e-08, 5.311704107562119e-08, 4.214886629775629e-08, 3.353102912119307e-08, 2.671379939864907e-08, 2.1204873587824278e-08, 1.6860082749521075e-08, 1.3409232591861695e-08, 1.0646607975162468e-08, 8.438773643891427e-09, 6.689547717797033e-09, 5.293829868294975e-09, 4.184951097721435e-09, 3.297748554155311e-09, 2.5994349889228505e-09, 2.044441909068027e-09, 1.6061860445810955e-09, 1.262340253199977e-09, 9.896034709577613e-10, 7.775245282002041e-10, 6.086208103596754e-10, 4.755739725126577e-10, 3.698688562881784e-10, 2.8766600027502077e-10, 2.221279942627624e-10, 1.7123637762508407e-10, 1.3244530349554752e-10, 1.0272861655402013e-10, 7.925924102503891e-11, 6.114027208819788e-11, 4.738328842341951e-11]
W_list: [9.4]
L_list: [4.591152659660243]
