R_list= [ 1  2  3  4  5  6  7  8  9 10 11 12 13 14 15 16 17 18 19 20 21 22 23 24
 25 26 27 28 29 30 31 32 33 34 35 36 37 38]
C_final_list= [3.364818578631332e-05, 2.1415558359783056e-05, 1.3593998890838261e-05, 8.615968948265864e-06, 5.4504377839219665e-06, 3.448914260426902e-06, 2.177986217393067e-06, 1.3729269670140954e-06, 8.591142629054824e-07, 5.394700790226448e-07, 3.382706661274339e-07, 2.1263063776397673e-07, 1.330969714254006e-07, 8.372736561405401e-08, 5.286623939768498e-08, 3.328195385685336e-08, 2.0917739690695645e-08, 1.3096830417203276e-08, 8.315752783822616e-09, 5.2330424882029634e-09, 3.2752544723838507e-09, 2.0500937974855664e-09, 1.2691795962679795e-09, 7.900679682897357e-10, 4.92501610864037e-10, 3.094092522594801e-10, 1.9523955248094097e-10, 1.2282599982752095e-10, 7.650987893281899e-11, 4.680264374350228e-11, 2.937529949248197e-11, 1.8083390704831594e-11, 1.122914148324118e-11, 7.211316900571943e-12, 4.6174761664968e-12, 2.940928957705637e-12, 1.9097237930154402e-12, 1.2328149858467094e-12]
W_list: [8.45]
L_list: [2.199848060919803]
