C_final_list: [1.9256023424252373e-06, 1.8746277453433814e-06, 1.8246049472275102e-06, 1.7764543423058632e-06, 1.7309084071091911e-06, 1.6859440136469431e-06, 1.6430825973341645e-06, 1.601454956566515e-06, 1.5610836563182019e-06, 1.5213069812171887e-06, 1.4824989276939995e-06, 1.444305153159348e-06, 1.406993475072833e-06, 1.3699218687628111e-06, 1.3338652204881969e-06, 1.2991860594656508e-06, 1.26497316162597e-06, 1.2317302849714642e-06, 1.1991556187640917e-06, 1.1668130259192932e-06, 1.1356349284553292e-06, 1.1054066750636355e-06, 1.075495370018946e-06, 1.0462364546623498e-06, 1.0178917330997178e-06, 9.903678023971235e-07, 9.633970080792312e-07, 9.371632484999471e-07, 9.112322520208498e-07, 8.862059683399822e-07, 8.618409550158652e-07, 8.380280590068861e-07, 8.148130296570736e-07, 7.923051577366171e-07, 7.703434388238001e-07, 7.488592049944616e-07, 7.277430266534963e-07, 7.069875888427103e-07, 6.868537359558803e-07, 6.675682789428422e-07, 6.486554425044983e-07, 6.298616913986818e-07, 6.117246439747976e-07, 5.940704338103101e-07, 5.770175762578439e-07, 5.606896824116877e-07, 5.448493940606933e-07, 5.29337969927773e-07, 5.142620996046717e-07, 4.995881781297381e-07]
ndim2: 500
W_list: [2.8499999999999996]
L_list: [36.874359496044214]
