R_list= [ 1  2  3  4  5  6  7  8  9 10 11 12 13 14 15 16 17 18 19 20 21 22 23 24
 25 26 27 28 29 30 31 32 33 34 35 36 37 38]
C_final_list= [5.910889173091246e-07, 4.908827108661953e-07, 4.038727330552744e-07, 3.3184176063349464e-07, 2.72437124596359e-07, 2.2405963242855102e-07, 1.8356213624657648e-07, 1.5019846530592654e-07, 1.2312024792197755e-07, 1.008482544985954e-07, 8.264281676052514e-08, 6.771167160237481e-08, 5.540845600808867e-08, 4.529278637492289e-08, 3.6815101480121685e-08, 2.995815415677514e-08, 2.4415246702421318e-08, 1.9822961571660907e-08, 1.6152898754601208e-08, 1.3197842888919297e-08, 1.0780465068366756e-08, 8.7799462792982e-09, 7.162812061834844e-09, 5.841020370738577e-09, 4.739303282115683e-09, 3.834469545327073e-09, 3.092101621037816e-09, 2.4856786620263256e-09, 2.0071933317333344e-09, 1.6208497036969786e-09, 1.3004060143826612e-09, 1.0426392974501275e-09, 8.314690098041362e-10, 6.643180267825933e-10, 5.323046211291608e-10, 4.265475848353893e-10, 3.422459557123649e-10, 2.7415649885675826e-10]
W_list: [7]
L_list: [5.08922880229016]
