R_list= [ 1  2  3  4  5  6  7  8  9 10 11 12 13 14 15 16 17 18 19 20 21 22 23 24
 25 26 27 28 29 30 31 32 33 34 35 36 37 38]
C_final_list= [1.394166433551113e-06, 1.3029945873695584e-06, 1.2226785999310846e-06, 1.1457251243635073e-06, 1.0754468222691919e-06, 1.0087072773298533e-06, 9.458765003934252e-07, 8.877555354658119e-07, 8.331376019660031e-07, 7.819536734142855e-07, 7.340122554130256e-07, 6.888447990522843e-07, 6.470579598859815e-07, 6.067771737175465e-07, 5.682943539035931e-07, 5.326208498950881e-07, 4.995603218699571e-07, 4.6806620089067226e-07, 4.3816307885812193e-07, 4.10274223984113e-07, 3.8394576133204086e-07, 3.590006707967257e-07, 3.354829548047851e-07, 3.1382119560310644e-07, 2.935718783514499e-07, 2.7459072628591164e-07, 2.56863615507907e-07, 2.4037846917889065e-07, 2.246411132616392e-07, 2.099399546919109e-07, 1.963618830017917e-07, 1.83425821621822e-07, 1.7132592944075303e-07, 1.6004620777517643e-07, 1.4950016417324227e-07, 1.3959325201779223e-07, 1.3021092042928993e-07, 1.2147471475701226e-07]
W_list: [5]
L_list: [15.454515585856365]
