C_final_list: [2.100828720215909e-06, 2.010906877780435e-06, 1.9208689368147136e-06, 1.8354751930450568e-06, 1.7535460837446404e-06, 1.6765251813573955e-06, 1.6024789656870798e-06, 1.5314843734905435e-06, 1.4641205284337489e-06, 1.3983952317014498e-06, 1.3365538477254016e-06, 1.277242295328878e-06, 1.2208050337241428e-06, 1.1667583136762854e-06, 1.1152831743032527e-06, 1.0665258779959687e-06, 1.0201239893790588e-06, 9.756424423874526e-07, 9.330333621862861e-07, 8.919895643915486e-07, 8.519477385087954e-07, 8.142465623290474e-07, 7.778061549987278e-07, 7.429484286415321e-07, 7.094529943251053e-07, 6.774139972274605e-07, 6.467901449298846e-07, 6.174252088990371e-07, 5.893385034528741e-07, 5.620488100756721e-07, 5.35920725457666e-07, 5.113954635763544e-07, 4.880093785165594e-07, 4.6579120132276175e-07, 4.446402438643101e-07]
ndim2: 500
W_list: [2.4]
L_list: [22.042053823397694]
