R_list= [ 1  2  3  4  5  6  7  8  9 10 11 12 13 14 15 16 17 18 19 20 21 22 23 24
 25 26 27 28 29 30 31 32 33 34 35 36 37 38]
C_final_list= [1.77392206951017e-07, 1.555114938482568e-07, 1.3467719606400203e-07, 1.1580615653748457e-07, 9.910610701109958e-08, 8.457931738049333e-08, 7.204200994608013e-08, 6.121442597390284e-08, 5.2040232850259186e-08, 4.432746864834271e-08, 3.775611199462306e-08, 3.214797554320434e-08, 2.7296359134972742e-08, 2.3168315326759795e-08, 1.9692116731813477e-08, 1.6714822411712375e-08, 1.4181573104259317e-08, 1.201883792717766e-08, 1.0186853607577378e-08, 8.620053710765674e-09, 7.2813794043662465e-09, 6.144367942995198e-09, 5.1959583777621515e-09, 4.400970491000202e-09, 3.7209743973745324e-09, 3.142117387647523e-09, 2.6536812823430588e-09, 2.240278420526919e-09, 1.889945761841479e-09, 1.6003162843975511e-09, 1.354775808830213e-09, 1.1480471518659248e-09, 9.709862240929952e-10, 8.195147759001972e-10, 6.901124161459541e-10, 5.81741249368497e-10, 4.896356657727502e-10, 4.1218002512646297e-10]
W_list: [8.600000000000001]
L_list: [6.426389322871825]
