R_list= [ 1  2  3  4  5  6  7  8  9 10 11 12 13 14 15 16 17 18 19 20 21 22 23 24
 25 26 27 28 29 30 31 32 33 34 35 36 37 38]
C_final_list= [2.1189952077970695e-05, 1.7235503527756373e-05, 1.3890226523084139e-05, 1.1163343308479255e-05, 8.9629586629215e-06, 7.180839758833209e-06, 5.743446727190538e-06, 4.595280782994896e-06, 3.676065797046858e-06, 2.9404387795572736e-06, 2.3531422912097077e-06, 1.8793115396564922e-06, 1.4992756665038692e-06, 1.1965301022905097e-06, 9.539993336216397e-07, 7.606062036412635e-07, 6.058512362004055e-07, 4.823235281508082e-07, 3.841203044936382e-07, 3.059105026307796e-07, 2.4379768173847303e-07, 1.9445649595496797e-07, 1.5543318509185728e-07, 1.2431937936779514e-07, 9.935322248612354e-08, 7.942300106188412e-08, 6.358216590748566e-08, 5.0912004279401296e-08, 4.076526501845966e-08, 3.252914502450879e-08, 2.6000064542900796e-08, 2.078548791840062e-08, 1.663274427319189e-08, 1.3308961777510004e-08, 1.0659747662864464e-08, 8.545580293389951e-09, 6.835046454582901e-09, 5.466933149991327e-09]
W_list: [8.25]
L_list: [4.57360366363312]
