C_final_list: [1.915108176013897e-06, 1.6724566600689995e-06, 1.455079762713108e-06, 1.2679102747113166e-06, 1.1036022782133758e-06, 9.644293389012614e-07, 8.407403192416769e-07, 7.32654000836882e-07, 6.379164437132225e-07, 5.560844511838228e-07, 4.832999177731112e-07, 4.212182447503681e-07, 3.6718705875483025e-07, 3.2013362377095357e-07, 2.779147340484931e-07, 2.407381746205089e-07, 2.0948472332195444e-07, 1.822525577727611e-07, 1.5839445811792295e-07, 1.369675095681468e-07, 1.1852449307425245e-07, 1.0235556595713137e-07, 8.833939825382026e-08, 7.622103271202769e-08, 6.569698382724722e-08, 5.649132232450104e-08, 4.858696183114753e-08, 4.169640375633968e-08, 3.589307661553624e-08, 3.07850074926221e-08, 2.6528059757016327e-08, 2.28764577894602e-08, 1.9660694252117042e-08, 1.6934501707114634e-08, 1.4530514234594196e-08]
ndim2: 500
W_list: [3.0]
L_list: [7.237877395370429]
