C_final_list: [2.122911932541498e-06, 2.086085699688075e-06, 2.0487379521261812e-06, 2.012810873042905e-06, 1.977605121755877e-06, 1.943176534185946e-06, 1.90920116910647e-06, 1.8760419386621892e-06, 1.8434353466255231e-06, 1.811326552291096e-06, 1.779455521210985e-06, 1.7476501943448476e-06, 1.7166700160765918e-06, 1.6861749366614584e-06, 1.656309397288212e-06, 1.6270656247103996e-06, 1.5985983995148038e-06, 1.5699213403953432e-06, 1.5416955441009038e-06, 1.5140271373270925e-06, 1.4871581262237417e-06, 1.4604200707827995e-06, 1.4341168998003358e-06, 1.4079997794409123e-06, 1.3824117244739328e-06, 1.3570637090431028e-06, 1.3323541818130132e-06, 1.3077075585198757e-06, 1.2836550047909106e-06, 1.2599597791865924e-06, 1.2365946861654098e-06, 1.213855201785357e-06, 1.191608645459396e-06, 1.16935333587502e-06, 1.1476879289000543e-06]
ndim2: 500
W_list: [2.2]
L_list: [55.55034412818934]
