C_list:
1.2588026296320298e-06 0.07329144357674974
ndim2: 500
W_list: [2.8]
L_list: [13.644157505955173]
