R_list= [ 1  2  3  4  5  6  7  8  9 10 11 12 13 14 15 16 17 18 19 20 21 22 23 24
 25 26 27 28 29 30 31 32 33 34 35 36 37 38]
C_final_list= [3.3601608516626177e-07, 2.796681736259816e-07, 2.2876439197567109e-07, 1.8604126838250733e-07, 1.5058266023637236e-07, 1.2148375734381128e-07, 9.804280466796055e-08, 7.92447372145556e-08, 6.392948049059231e-08, 5.141748494695964e-08, 4.1388922279486914e-08, 3.3285087330783295e-08, 2.669530294794993e-08, 2.1346232139757375e-08, 1.706858990786803e-08, 1.3646998730341732e-08, 1.094026427031512e-08, 8.74843080288144e-09, 7.0093910675167256e-09, 5.602378201986016e-09, 4.4630710164231254e-09, 3.5525744751987517e-09, 2.832556699394603e-09, 2.2622059816460903e-09, 1.8068136835559793e-09, 1.4410901316538633e-09, 1.1492038951688592e-09, 9.177278938542662e-10, 7.316632430656421e-10, 5.833952468980249e-10, 4.6334557093292384e-10, 3.685702898855616e-10, 2.9237514386403153e-10, 2.3338835999036913e-10, 1.8756556709005336e-10, 1.5052324970921605e-10, 1.2080554824253192e-10, 9.667508113216265e-11]
W_list: [9.2]
L_list: [4.812961039654115]
