C_final_list: [1.3714459107789667e-06, 1.3393659719407336e-06, 1.3069780403519775e-06, 1.275717850212667e-06, 1.2452950386567152e-06, 1.215159832577963e-06, 1.1861298825592314e-06, 1.1576754077979283e-06, 1.1295800692097372e-06, 1.1026755347040822e-06, 1.076314648273818e-06, 1.0506463397389765e-06, 1.0255989795362525e-06, 1.0010517312246128e-06, 9.770888753824205e-07, 9.535766293542211e-07, 9.306716013940109e-07, 9.081803955640015e-07, 8.862016494053865e-07, 8.64818595030867e-07, 8.437840322473044e-07, 8.231334077010095e-07, 8.030847349733058e-07, 7.83511012853513e-07, 7.643587727957705e-07, 7.456829794418145e-07, 7.275130599160082e-07, 7.095972160955456e-07, 6.918760342173887e-07, 6.746488990981153e-07, 6.579460116499927e-07, 6.41461767064245e-07, 6.252999970192955e-07, 6.095116784972653e-07, 5.940848811354685e-07, 5.790081674366276e-07, 5.643101891885066e-07, 5.49863956427564e-07, 5.357365408877817e-07, 5.22043972430212e-07, 5.085908700802875e-07, 4.953759128674464e-07, 4.824964707969213e-07, 4.698887338850113e-07, 4.5761085430033476e-07, 4.455245912640071e-07, 4.337284008052399e-07, 4.222818509227355e-07, 4.111178858369865e-07, 4.001804548890773e-07]
ndim2: 500
W_list: [3.4000000000000004]
L_list: [40.34091738887291]
