R_list= [ 1  2  3  4  5  6  7  8  9 10 11 12 13 14 15 16 17 18 19 20 21 22 23 24
 25 26 27 28 29 30]
C_final_list= [6.803736281876875e-07, 6.354481096245836e-07, 5.936086308287197e-07, 5.530119709351364e-07, 5.149528575510737e-07, 4.7945617413539e-07, 4.4620440951416633e-07, 4.1467149978671253e-07, 3.854123905144869e-07, 3.5791762068659396e-07, 3.323548213462778e-07, 3.085918211694209e-07, 2.8648288289963786e-07, 2.6601891266409296e-07, 2.4696615790835324e-07, 2.2922684301187474e-07, 2.128017335308007e-07, 1.9745088126795033e-07, 1.8326113791391825e-07, 1.7020746371529566e-07, 1.5802382418456102e-07, 1.4668339846102074e-07, 1.3612586151869511e-07, 1.263346780693018e-07, 1.172232777763054e-07, 1.0873539357991e-07, 1.0091145367121712e-07, 9.363381410769376e-08, 8.683146285999254e-08, 8.051975131875877e-08]
W_list: [6]
L_list: [13.681228917144054]
