R_list= [ 1  2  3  4  5  6  7  8  9 10 11 12 13 14 15 16 17 18 19 20 21 22 23 24
 25 26 27 28 29 30 31 32 33 34 35 36 37 38]
C_final_list= [2.15240276967987e-06, 1.842980257049156e-06, 1.6237674170405518e-06, 1.4483061660715956e-06, 1.2928773183250277e-06, 1.157751440278945e-06, 1.0365926312382816e-06, 9.251305226635073e-07, 8.238302448744151e-07, 7.354863796226233e-07, 6.569759329258549e-07, 5.866154509495395e-07, 5.234514993914788e-07, 4.6631743687012267e-07, 4.145406354843056e-07, 3.683036965631736e-07, 3.2757654902833796e-07, 2.9153573813010635e-07, 2.5944637722779717e-07, 2.3062495326654666e-07, 2.04220402647102e-07, 1.8066868367378025e-07, 1.598620871305853e-07, 1.4171203725664687e-07, 1.25543932862252e-07, 1.112215678564379e-07, 9.850853361826305e-08, 8.710608620056208e-08, 7.691984570777185e-08, 6.815128655695995e-08, 6.055584614537292e-08, 5.374827160933609e-08, 4.762749925460508e-08, 4.2174348603545124e-08, 3.7318930262242746e-08, 3.299470490671705e-08, 2.9162600559462793e-08, 2.5736992573781854e-08]
W_list: [4]
L_list: [8.551065239293083]
