C_list:
9.33411745545046e-07 0.047362359216789905
ndim2: 500
W_list: [2.8]
L_list: [21.113813089899903]
