C_final_list: [1.3574055439401793e-06, 1.2770522877667663e-06, 1.1982355105447202e-06, 1.1238716076317152e-06, 1.0532855307290402e-06, 9.874167076852262e-07, 9.262950947737588e-07, 8.687407569437659e-07, 8.14625789813606e-07, 7.642428946508525e-07, 7.162787881081848e-07, 6.71573717933461e-07, 6.29465638799081e-07, 5.899647991537116e-07, 5.529892801532484e-07, 5.18072036565532e-07, 4.856789617570505e-07, 4.5522651130302527e-07, 4.2689231739716445e-07, 4.000440524883533e-07, 3.7486212912179355e-07, 3.508563682896377e-07, 3.283250054006491e-07, 3.0707768064931663e-07, 2.867889560166861e-07, 2.679174329861959e-07, 2.5039439601780703e-07, 2.3373490562542533e-07, 2.1822382715307915e-07, 2.038431621849821e-07, 1.9030620004245718e-07, 1.7774314858699972e-07, 1.6593837994177963e-07, 1.549243666256604e-07, 1.4467530753525658e-07, 1.351744671819509e-07, 1.2633954589640697e-07, 1.1799445707974633e-07, 1.1019464917139225e-07, 1.0291125179995194e-07, 9.620778237368023e-08, 8.983114582346845e-08, 8.387315429333593e-08, 7.816938723471283e-08, 7.293046211105002e-08, 6.797290282520558e-08, 6.33486199531649e-08, 5.8978576885733425e-08, 5.490653477203552e-08, 5.1095610237134256e-08]
ndim2: 500
W_list: [3.8]
L_list: [15.345666833485422]
