C_final_list: [9.052918114438687e-07, 8.258057292955686e-07, 7.487310479755753e-07, 6.763757423871623e-07, 6.111737778147271e-07, 5.514086432093273e-07, 4.968391595328638e-07, 4.4639138762010956e-07, 4.010500195236609e-07, 3.609151935399637e-07, 3.2465699511051975e-07, 2.9208105473074434e-07, 2.6282256557504755e-07, 2.361814755554549e-07, 2.1213963043404403e-07, 1.910018760114145e-07, 1.7156230500109006e-07, 1.5375188024135603e-07, 1.377051335881813e-07, 1.2342598641446565e-07, 1.1061895545108795e-07, 9.931849828812933e-08, 8.91270373505823e-08, 8.001262729329604e-08, 7.190945561376814e-08, 6.45827264030973e-08, 5.7982970651201253e-08, 5.194208828972724e-08, 4.657488850173025e-08, 4.179893795894338e-08, 3.752714100786288e-08, 3.369732916656796e-08, 3.0245452571422656e-08, 2.7086473396358278e-08, 2.4251647787281203e-08]
ndim2: 500
W_list: [3.2]
L_list: [9.573734803065694]
