R_list= [ 1  2  3  4  5  6  7  8  9 10 11 12 13 14 15 16 17 18 19 20 21 22 23 24
 25 26 27 28 29 30 31 32 33 34 35 36 37 38]
C_final_list= [3.7660606509874333e-06, 3.115801431874322e-06, 2.5530757910826087e-06, 2.08697330584011e-06, 1.7056618968862176e-06, 1.3927674694458924e-06, 1.135417945102989e-06, 9.248312600833795e-07, 7.525787387983352e-07, 6.115275856859835e-07, 4.962378667330816e-07, 4.0306371160152836e-07, 3.2801262500306735e-07, 2.66847683327167e-07, 2.1757324737911986e-07, 1.7727507536050822e-07, 1.4432264207458987e-07, 1.1749890148723291e-07, 9.575326537778497e-08, 7.807096159694707e-08, 6.36713138480384e-08, 5.184767145793914e-08, 4.201345465876267e-08, 3.409920819309981e-08, 2.759653070150711e-08, 2.2352928414756752e-08, 1.8058581386892194e-08, 1.4600167051292833e-08, 1.1800547412177047e-08, 9.541659452730317e-09, 7.736582674436643e-09, 6.270880087045137e-09, 5.100411810500348e-09, 4.1437953709750875e-09, 3.3705060758156586e-09, 2.7399099522568604e-09, 2.224919105727081e-09, 1.8088594713111282e-09]
W_list: [8.0]
L_list: [4.961273209944443]
