C_list:
8.395181557616882e-07 0.16085178710410092
ndim2: 500
W_list: [4.0]
L_list: [6.216903262335623]
