R_list= [ 1  2  3  4  5  6  7  8  9 10 11 12 13 14 15 16 17 18 19 20 21 22 23 24
 25 26 27 28 29 30 31 32 33 34 35 36 37 38]
C_final_list= [1.0220839411606995e-06, 6.920925728172122e-07, 4.688555430051257e-07, 3.1735040304633847e-07, 2.1383639911858266e-07, 1.4434676825696692e-07, 9.749219784944012e-08, 6.511816225887915e-08, 4.286387526559582e-08, 2.843045639913009e-08, 1.862160827793514e-08, 1.2257303234519479e-08, 8.095739346338324e-09, 5.326567723144206e-09, 3.5020837364891436e-09, 2.2967289120505767e-09, 1.501147729788279e-09, 9.713243108847525e-10, 6.219657307558097e-10, 4.001003028018606e-10, 2.610591973689854e-10, 1.6774714476333715e-10, 1.076999674539797e-10, 6.899982813834139e-11, 4.3806087987980606e-11, 2.7482788076880453e-11, 1.7286309344659315e-11, 1.1105948193259239e-11, 7.112874716821175e-12, 4.487285723852675e-12, 2.856180594653945e-12, 1.8631267906017453e-12, 1.2444245973671769e-12, 7.966208272291997e-13, 5.25185795258019e-13, 3.4565859888576874e-13, 2.2889732368421215e-13, 1.5664707322078128e-13]
W_list: [6.800000000000001]
L_list: [2.5546350855229005]
