C_final_list: [1.8640245216453783e-06, 1.728852337305767e-06, 1.6049003896023958e-06, 1.4880656732601533e-06, 1.3803716986571796e-06, 1.282097465876107e-06, 1.1896466954192772e-06, 1.1035250658179262e-06, 1.0217424544670706e-06, 9.439830256114723e-07, 8.731559710574616e-07, 8.075382982323743e-07, 7.470493109800171e-07, 6.898525357613289e-07, 6.370035026527414e-07, 5.87530721740812e-07, 5.421825676384791e-07, 4.997111875357307e-07, 4.611637445437683e-07, 4.2589914559623156e-07, 3.9275945251340446e-07, 3.620932279678774e-07, 3.340507267997544e-07, 3.0777111114257456e-07, 2.8312371903223326e-07, 2.6082475284280933e-07, 2.4043759199001354e-07, 2.2132958885136327e-07, 2.0357212968431277e-07, 1.871191022887835e-07, 1.7221167371658965e-07, 1.5838892375780122e-07, 1.456497026997094e-07, 1.3402275643068205e-07, 1.2334128565463303e-07, 1.1333109578654833e-07, 1.0400190971915271e-07, 9.556267448905188e-08, 8.794677663575888e-08, 8.084944569767025e-08, 7.428556351395393e-08, 6.830156247351475e-08, 6.281309970683128e-08, 5.7857567339643614e-08, 5.3280345967042936e-08, 4.912548674263277e-08, 4.5332215871218727e-08, 4.1869964747383206e-08, 3.860476692801495e-08, 3.562714669608634e-08]
ndim2: 500
W_list: [3.3]
L_list: [12.783589995747672]
