R_list= [ 1  2  3  4  5  6  7  8  9 10 11 12 13 14 15 16 17 18 19 20 21 22 23 24
 25 26 27 28 29 30 31 32 33 34 35 36 37 38]
C_final_list= [6.886082892175603e-07, 5.6596037407386e-07, 4.724177074303727e-07, 3.9464233492288357e-07, 3.293772518194375e-07, 2.746591432161381e-07, 2.2909420424816575e-07, 1.9091435894511323e-07, 1.5895792572275257e-07, 1.321164112384273e-07, 1.0935192623385342e-07, 9.041105025907913e-08, 7.479896110668249e-08, 6.182176405156778e-08, 5.106370578660397e-08, 4.211089868739397e-08, 3.468445999951064e-08, 2.862675671042685e-08, 2.3630925586517586e-08, 1.9484240486849975e-08, 1.60584463713052e-08, 1.3172034358193534e-08, 1.0808745774358831e-08, 8.890178994815872e-09, 7.322753343448804e-09, 6.041208977946077e-09, 4.964751119810752e-09, 4.092714438277352e-09, 3.3699066398043576e-09, 2.792861429032706e-09, 2.3190018547319356e-09, 1.922362068209413e-09, 1.5943823882232238e-09, 1.3213412482075026e-09, 1.0905978567622886e-09, 8.971200838773833e-10, 7.372083979480847e-10, 6.044555874251636e-10]
W_list: [6]
L_list: [5.434042721201482]
