R_list= [ 1  2  3  4  5  6  7  8  9 10 11 12 13 14 15 16 17 18 19 20 21 22 23 24
 25 26 27 28 29 30 31 32 33 34 35 36 37 38]
C_final_list= [1.0425140091370684e-06, 9.272885210316873e-07, 8.354902862465265e-07, 7.555331635127656e-07, 6.828455706005247e-07, 6.168610582863581e-07, 5.5661634378688e-07, 5.018546844728413e-07, 4.529114675887263e-07, 4.092025189517258e-07, 3.696514103091514e-07, 3.3367713463695066e-07, 3.0107779353464517e-07, 2.71571402876048e-07, 2.4496546871250434e-07, 2.206736800772478e-07, 1.9859612817138036e-07, 1.785922609769257e-07, 1.6048079264675974e-07, 1.4421016062820534e-07, 1.295574642385163e-07, 1.1622388474690766e-07, 1.0430599096376256e-07, 9.359586174954869e-08, 8.40106967704321e-08, 7.543888357500329e-08, 6.770305643045343e-08, 6.073023582047479e-08, 5.4477252227507994e-08, 4.8906979255222024e-08, 4.390045945568591e-08, 3.94190220897061e-08, 3.543621978612778e-08, 3.1826802007315546e-08, 2.8577900331259876e-08, 2.565066009478401e-08, 2.300546362440032e-08, 2.0641281662673327e-08]
W_list: [5]
L_list: [9.64910731375022]
