R_list= [ 1  2  3  4  5  6  7  8  9 10 11 12 13 14 15 16 17 18 19 20 21 22 23 24
 25 26 27 28 29 30 31 32 33 34 35 36 37 38]
C_final_list= [1.2510331522092772e-06, 1.180223842960717e-06, 1.1186765969711214e-06, 1.0588816857451915e-06, 1.0031700864595782e-06, 9.50299500059933e-07, 9.002319700640406e-07, 8.528517508434874e-07, 8.074367184252504e-07, 7.643751276255417e-07, 7.234850350455892e-07, 6.844460581895937e-07, 6.474839002520454e-07, 6.123933929461233e-07, 5.792837154262253e-07, 5.479618679044629e-07, 5.184961571102694e-07, 4.905754817908983e-07, 4.6418357100728327e-07, 4.391983587612961e-07, 4.15229304288408e-07, 3.924343345180465e-07, 3.7085540856802103e-07, 3.5025549209990634e-07, 3.307617724814402e-07, 3.12226654797544e-07, 2.9477614211234826e-07, 2.784567151740647e-07, 2.630907532132588e-07, 2.485315019863321e-07, 2.3475660160196082e-07, 2.2145677329673165e-07, 2.0894329068216287e-07, 1.969553772917031e-07, 1.8557237806912587e-07, 1.7496578192650553e-07, 1.648382905768532e-07, 1.5519997461681365e-07]
W_list: [5]
L_list: [18.02920267794189]
