R_list= [ 1  2  3  4  5  6  7  8  9 10 11 12 13 14 15 16 17 18 19 20 21 22 23 24
 25 26 27 28 29 30 31 32 33 34 35 36 37 38]
C_final_list= [1.9477017623437563e-06, 1.2421387880445256e-06, 6.812191804700767e-07, 3.414913477925435e-07, 1.6202215399843132e-07, 7.43597489671236e-08, 3.3383893603047925e-08, 1.4807354584718475e-08, 6.528077425206246e-09, 2.8705593821169154e-09, 1.2624850481800076e-09, 5.581605261063022e-10, 2.495802249142671e-10, 1.1249581992577568e-10, 5.108813996741418e-11, 2.3482199319503945e-11, 1.0828128172032158e-11, 4.9958608001258265e-12, 2.277577068632325e-12, 1.032138493569463e-12, 4.674429178677945e-13, 2.1210163033698737e-13, 9.725048363804854e-14, 4.543462804188376e-14, 2.155815816831455e-14, 1.0414613070210843e-14, 5.09011277333942e-15, 2.5343450904939626e-15, 1.2834352662012629e-15, 6.540774249501907e-16, 3.274951284178037e-16, 1.586241356848799e-16, 7.403141826190724e-17, 3.44570025869372e-17, 1.6198058696724816e-17, 7.661359986293373e-18, 3.730849385528492e-18, 1.873316124864918e-18]
W_list: [4]
L_list: [1.7989586030070264]
