R_list= [ 1  2  3  4  5  6  7  8  9 10 11 12 13 14 15 16 17 18 19 20 21 22 23 24
 25 26 27 28 29 30 31 32 33 34 35 36 37 38]
C_final_list= [3.2767514396486174e-05, 2.5126349691574782e-05, 1.9146511675662404e-05, 1.4567054527325837e-05, 1.1078072548594857e-05, 8.421123649418527e-06, 6.382178734239216e-06, 4.83188942201714e-06, 3.6580945245992388e-06, 2.7677326595466117e-06, 2.095372644696187e-06, 1.5893369219502117e-06, 1.2044432073089042e-06, 9.112408135796443e-07, 6.91108162706413e-07, 5.252982509393726e-07, 3.9961530038426653e-07, 3.0368115786016894e-07, 2.3051048218196038e-07, 1.7546018345982527e-07, 1.3370188517826178e-07, 1.0150561958063826e-07, 7.709341262002259e-08, 5.8576235568628835e-08, 4.4512670624058046e-08, 3.373051397720582e-08, 2.5521923582528613e-08, 1.9298456875532795e-08, 1.4657254870159493e-08, 1.1114465169679593e-08, 8.430452453862314e-09, 6.375617513216449e-09, 4.820478769398119e-09, 3.632612623772494e-09, 2.760230730200071e-09, 2.0898717875548486e-09, 1.5842439276318791e-09, 1.194160943436016e-09]
W_list: [8.0]
L_list: [3.667127912282274]
