R_list= [ 1  2  3  4  5  6  7  8  9 10 11 12 13 14 15 16 17 18 19 20 21 22 23 24
 25 26 27 28 29 30 31 32 33 34 35 36 37 38]
C_final_list= [2.6437186443328426e-07, 2.2287722081849553e-07, 1.8794538579198563e-07, 1.5757292136071232e-07, 1.3148300402647108e-07, 1.0961635091030945e-07, 9.137324606110809e-08, 7.61392628723288e-08, 6.328426082408083e-08, 5.25193811452397e-08, 4.357566072348063e-08, 3.6181542844513996e-08, 3.00018949430444e-08, 2.4930501760323564e-08, 2.065599719769648e-08, 1.7015316501881237e-08, 1.3978170683553396e-08, 1.1471453120727036e-08, 9.417455620318958e-09, 7.73654632120957e-09, 6.366541052827573e-09, 5.227916420604344e-09, 4.293683472585154e-09, 3.528307885058851e-09, 2.8981222198329057e-09, 2.3796709953927453e-09, 1.9529022760800026e-09, 1.6034788297502912e-09, 1.317753621393326e-09, 1.0853147987987153e-09, 8.936197551718447e-10, 7.351889925479639e-10, 6.023788980122436e-10, 4.940999899739656e-10, 4.0403612171633273e-10, 3.3051250532098126e-10, 2.6946587483503447e-10, 2.1942273601508814e-10]
W_list: [7]
L_list: [5.557634218762882]
