R_list= [ 1  2  3  4  5  6  7  8  9 10 11 12 13 14 15 16 17 18 19 20 21 22 23 24
 25 26 27 28 29 30 31 32 33 34 35 36 37 38]
C_final_list= [3.38929723475943e-07, 2.832124010505811e-07, 2.3329674264182518e-07, 1.9087903384305225e-07, 1.554618031810442e-07, 1.26558180675312e-07, 1.0299107608021502e-07, 8.366971872852824e-08, 6.781388055256937e-08, 5.488845275546077e-08, 4.440181379601102e-08, 3.577741760671605e-08, 2.879471866376312e-08, 2.3117296955553084e-08, 1.8483240651525704e-08, 1.4755440853137583e-08, 1.1786825816693086e-08, 9.43078699303747e-09, 7.546308578509988e-09, 6.047542734238616e-09, 4.843758048586112e-09, 3.8818573056250975e-09, 3.106444816701889e-09, 2.489984472027492e-09, 1.9979147926306604e-09, 1.6046920750536094e-09, 1.2898653680738513e-09, 1.0383355214539873e-09, 8.347058265824338e-10, 6.706703374229346e-10, 5.374287530596912e-10, 4.298134743324058e-10, 3.4300430960924574e-10, 2.737248145686963e-10, 2.1805386063731515e-10, 1.7377513325985005e-10, 1.3890051336409018e-10, 1.1112479684904702e-10]
W_list: [9.2]
L_list: [4.949942597514695]
