R_list= [ 1  2  3  4  5  6  7  8  9 10 11 12 13 14 15 16 17 18 19 20 21 22 23 24
 25 26 27 28 29 30 31 32 33 34 35 36 37 38]
C_final_list= [1.3140054847558156e-06, 1.2646177666717397e-06, 1.2151796967659978e-06, 1.1678351038687263e-06, 1.1221841624932836e-06, 1.0784784375322505e-06, 1.03681351634638e-06, 9.965357033032475e-07, 9.57878179810694e-07, 9.206293280089463e-07, 8.85299106745688e-07, 8.511883859560356e-07, 8.184221452753259e-07, 7.864237986436799e-07, 7.557100370188934e-07, 7.261576023932342e-07, 6.977316418833549e-07, 6.703755624349847e-07, 6.438063406578949e-07, 6.183342637118892e-07, 5.93721308576903e-07, 5.69920847521864e-07, 5.471118034833023e-07, 5.256353457980761e-07, 5.048975488919294e-07, 4.849275431708204e-07, 4.657243618329526e-07, 4.4708527660298987e-07, 4.290322122694691e-07, 4.117265189868627e-07, 3.950704240846875e-07, 3.7912338791660254e-07, 3.6389245559273515e-07, 3.4922278336142095e-07, 3.351614979983821e-07, 3.216608910694902e-07, 3.0865961653777883e-07, 2.9628726976952806e-07]
W_list: [5]
L_list: [24.995962551978888]
