R_list= [ 1  2  3  4  5  6  7  8  9 10 11 12 13 14 15 16 17 18 19 20 21 22 23 24
 25 26 27 28 29 30]
C_final_list= [6.847377131590601e-07, 6.388310649343204e-07, 5.960559430318217e-07, 5.551985284815741e-07, 5.162106900090877e-07, 4.79541111440061e-07, 4.453911042915293e-07, 4.1379950723125167e-07, 3.846336442407821e-07, 3.5780066228489133e-07, 3.326487659971859e-07, 3.09455471086146e-07, 2.8745216158386526e-07, 2.6722115963169415e-07, 2.483323423894461e-07, 2.3068946347996952e-07, 2.1430563931479485e-07, 1.990973183127463e-07, 1.848567549860143e-07, 1.7165772024178522e-07, 1.593852825416372e-07, 1.4795660280612244e-07, 1.371776409474152e-07, 1.2719206910279973e-07, 1.1791544721157365e-07, 1.092151417230659e-07, 1.011381688618784e-07, 9.364238746855843e-08, 8.672824138868604e-08, 8.027498744788735e-08]
W_list: [6]
L_list: [13.676449441533844]
