C_final_list: [1.5881182283241224e-06, 1.426162920311714e-06, 1.274723188152701e-06, 1.139019741639029e-06, 1.016731856960863e-06, 9.069178212531535e-07, 8.086332319113316e-07, 7.225738784071804e-07, 6.470313773223941e-07, 5.798150542039762e-07, 5.188230394513007e-07, 4.646925455959093e-07, 4.1599913995380946e-07, 3.7233168050521625e-07, 3.326138305153733e-07, 2.9755345942104776e-07, 2.6525372861230804e-07, 2.3608803469869006e-07, 2.1044286128784684e-07, 1.8776400360271047e-07, 1.676033233162734e-07, 1.4939117108160903e-07, 1.3300906047357337e-07, 1.1835753001963642e-07, 1.0525248715752265e-07, 9.346128015626445e-08, 8.308833702161301e-08, 7.384491483142989e-08, 6.561597110593993e-08, 5.818390521675847e-08, 5.16188922264969e-08, 4.5886343477875096e-08, 4.0791838413205244e-08, 3.622006098339756e-08, 3.217383325347955e-08, 2.8517013791130775e-08, 2.528662626121375e-08, 2.2403646450246438e-08, 1.9874048405725948e-08, 1.7611638631321214e-08, 1.5611342118431356e-08, 1.386673414466369e-08, 1.2318822643564525e-08, 1.0964277632530946e-08, 9.744985328851735e-09, 8.647943931644859e-09, 7.644735616233775e-09, 6.772151304935521e-09, 6.007549764239894e-09, 5.319680266057863e-09]
ndim2: 500
W_list: [3.8]
L_list: [8.887607525805178]
