C_final_list: [1.905004839376893e-06, 1.8559690892778117e-06, 1.8079898192311338e-06, 1.7609465283458592e-06, 1.7152908239327277e-06, 1.6710854968022333e-06, 1.628351779323357e-06, 1.5868768785268714e-06, 1.5463888640005658e-06, 1.506837446959984e-06, 1.468433094807863e-06, 1.4306138330162423e-06, 1.3933381880785552e-06, 1.3570282352630517e-06, 1.3221944051266695e-06, 1.2885800581569492e-06, 1.2558152462603326e-06, 1.2235961115444512e-06, 1.1922123392010157e-06, 1.1618785686505872e-06, 1.1322796314330194e-06, 1.103167782364485e-06, 1.0749485455111464e-06, 1.047368646588789e-06, 1.020601240326417e-06, 9.94159703078685e-07, 9.687708405670086e-07, 9.437140674395592e-07, 9.189120305239918e-07, 8.948382091192828e-07, 8.712232359051172e-07, 8.483455499599695e-07, 8.262756999614033e-07, 8.047131810735916e-07, 7.838435750063114e-07, 7.63362196741767e-07, 7.432670732034575e-07, 7.234076909332907e-07, 7.041630375031566e-07, 6.850750437193833e-07, 6.665398324463978e-07, 6.48497286472324e-07, 6.309671016103016e-07, 6.136857689156815e-07, 5.969143197355134e-07, 5.804363823135163e-07, 5.644753127417272e-07, 5.490336101932558e-07, 5.339692976793744e-07, 5.192645030031626e-07]
ndim2: 500
W_list: [2.8]
L_list: [38.12886389160922]
