C_final_list: [1.5815360291865657e-06, 1.5209215519486511e-06, 1.461414957401547e-06, 1.4045260576158425e-06, 1.3497302504052892e-06, 1.2964268220140782e-06, 1.2453912765303486e-06, 1.1961041359555556e-06, 1.148579997406642e-06, 1.1036911873252283e-06, 1.060053118597916e-06, 1.018121390380163e-06, 9.77736355326572e-07, 9.388005494540305e-07, 9.01326443748932e-07, 8.653467822448928e-07, 8.310785112153884e-07, 7.981980094057357e-07, 7.658735968180679e-07, 7.347211605642225e-07, 7.047420848678024e-07, 6.759788402267903e-07, 6.482383224732655e-07, 6.21697912383871e-07, 5.96409701425502e-07, 5.718836446679133e-07, 5.484099366238142e-07, 5.25622351807576e-07, 5.039191652575179e-07, 4.831827455138581e-07, 4.632470869939333e-07, 4.44075441624661e-07, 4.2543764442156026e-07, 4.0736606711912724e-07, 3.8987691846229744e-07, 3.734945936956881e-07, 3.5757281559890824e-07, 3.422947960706647e-07, 3.2764717791822075e-07, 3.1358033068805636e-07, 3.001902733834757e-07, 2.872013875956835e-07, 2.74793010623336e-07, 2.6314812176210597e-07, 2.519648823453239e-07, 2.412518310618407e-07, 2.3104695880157864e-07, 2.2127507460825757e-07, 2.1185973809346545e-07, 2.0273447107364696e-07]
ndim2: 500
W_list: [3.3]
L_list: [24.25952051560795]
