R_list= [ 1  2  3  4  5  6  7  8  9 10 11 12 13 14 15 16 17 18 19 20 21 22 23 24
 25 26 27 28 29 30 31 32 33 34 35 36 37 38]
C_final_list= [7.473528939316875e-07, 4.6045960588413615e-07, 2.707555370974952e-07, 1.600043543709916e-07, 9.550126526310127e-08, 5.697659402700287e-08, 3.403240348145282e-08, 2.0241366927996307e-08, 1.2007063969904701e-08, 7.0932498097455645e-09, 4.161243762607214e-09, 2.442585872274706e-09, 1.4424399620953443e-09, 8.544978969241416e-10, 5.089899875695234e-10, 3.0178479801277705e-10, 1.7694588188069888e-10, 1.0282695480053165e-10, 5.981954924836723e-11, 3.4949636538048447e-11, 2.0018172592048107e-11, 1.133124544055932e-11, 6.403622926793538e-12, 3.6646855057323185e-12, 2.0816280066392044e-12, 1.163906250442754e-12, 6.474052740898959e-13, 3.5429370899039456e-13, 1.9500409211740908e-13, 1.0940680499794045e-13, 6.093417280143977e-14, 3.4412930236756795e-14, 1.8806424886042562e-14, 1.0110653217315475e-14, 5.560200073173682e-15, 3.2839248737847348e-15, 2.0587553231531256e-15, 1.4153937916006942e-15]
W_list: [6]
L_list: [1.9642817717464185]
