C_final_list: [1.979722532399536e-06, 1.9303724697852543e-06, 1.8816237193502122e-06, 1.8344623299801175e-06, 1.7882932388631744e-06, 1.7434643647937548e-06, 1.7006687608906097e-06, 1.6578329212140545e-06, 1.6158798571436108e-06, 1.5751411564115788e-06, 1.535299014428908e-06, 1.4962377391555351e-06, 1.457884354787524e-06, 1.4206624729328944e-06, 1.3839900663983354e-06, 1.3484148594087212e-06, 1.3136921997908994e-06, 1.2797747347432458e-06, 1.2472289510363502e-06, 1.2152062763840896e-06, 1.1842904464567897e-06, 1.153754140682638e-06, 1.124536104061869e-06, 1.0954628876382079e-06, 1.067128022983736e-06, 1.0394729541881621e-06, 1.012413580490473e-06, 9.859003449098446e-07, 9.603351302918383e-07, 9.354320281935439e-07, 9.110448774434512e-07, 8.873093088487689e-07, 8.641770200897879e-07, 8.417077278914268e-07, 8.196288013409789e-07, 7.979267178869466e-07, 7.76505916619933e-07, 7.558040265445221e-07, 7.357015940472577e-07, 7.161609674991981e-07, 6.97074098394269e-07, 6.782474011438009e-07, 6.599481889902019e-07, 6.419564451211339e-07, 6.244294364975171e-07, 6.073916108329759e-07, 5.90730369902337e-07, 5.743425519036143e-07, 5.584310781704426e-07, 5.429071426910062e-07]
ndim2: 500
W_list: [2.8]
L_list: [38.28943545477133]
