R_list= [ 1  2  3  4  5  6  7  8  9 10 11 12 13 14 15 16 17 18 19 20 21 22 23 24
 25 26 27 28 29 30 31 32 33 34 35 36 37 38]
C_final_list= [2.2225459442860863e-06, 1.9457769370047016e-06, 1.6856911815696075e-06, 1.4541876384660765e-06, 1.2514824785378413e-06, 1.0753806422398441e-06, 9.225443624116099e-07, 7.905143936770154e-07, 6.772145917605559e-07, 5.797350820417746e-07, 4.957875447807735e-07, 4.23860715909189e-07, 3.6219073186841576e-07, 3.0921954233519263e-07, 2.638119407602064e-07, 2.2511385363024197e-07, 1.9223231699511263e-07, 1.6413451736096569e-07, 1.4007202553307356e-07, 1.194164622201185e-07, 1.0174167510202942e-07, 8.669004905153458e-08, 7.38611163342463e-08, 6.296850124245054e-08, 5.3691797984969444e-08, 4.5794038250816916e-08, 3.9071348008812926e-08, 3.330712285668947e-08, 2.837516747213908e-08, 2.4196374399934038e-08, 2.0650426582065487e-08, 1.7589051691290094e-08, 1.4998271515259506e-08, 1.278737639767703e-08, 1.0911131792501446e-08, 9.310683085939802e-09, 7.943383825999245e-09, 6.789902746711158e-09]
W_list: [8.35]
L_list: [6.621816404473097]
