C_final_list: [2.270415611053268e-06, 2.1012438069029293e-06, 1.9326116015583344e-06, 1.7806189997850462e-06, 1.6413925144286031e-06, 1.5122704513281878e-06, 1.3929935327529192e-06, 1.2850928486526995e-06, 1.1867425409353981e-06, 1.09425708659695e-06, 1.010150568128926e-06, 9.298078767749053e-07, 8.552294737416475e-07, 7.865819158558197e-07, 7.231167234967493e-07, 6.633322024245471e-07, 6.092725958412355e-07, 5.586287315315426e-07, 5.12061114499446e-07, 4.6929319439210477e-07, 4.304444527866972e-07, 3.9516933054544963e-07, 3.618846430735045e-07, 3.3193602204748876e-07, 3.039620417610145e-07, 2.7858490248091375e-07, 2.5513647395834235e-07, 2.338440620748072e-07, 2.1400029508900976e-07, 1.9611992281144655e-07, 1.797318318846835e-07, 1.6490684206570518e-07, 1.5099218793746088e-07, 1.383340600242926e-07, 1.265675330984459e-07, 1.1583249745799644e-07, 1.060251007640242e-07, 9.705122993065442e-08, 8.871874968534694e-08, 8.109425759957888e-08, 7.404456616070963e-08, 6.779264320352335e-08, 6.205842956040174e-08, 5.680635339273166e-08, 5.206027166336059e-08, 4.772403289885311e-08, 4.370466330769959e-08, 4.005108701288252e-08, 3.671887601641226e-08, 3.366422835815521e-08]
ndim2: 500
W_list: [2.0]
L_list: [12.014941735243342]
