R_list= [ 1  2  3  4  5  6  7  8  9 10 11 12 13 14 15 16 17 18 19 20 21 22 23 24
 25 26 27 28 29 30 31 32 33 34 35 36 37 38]
C_final_list= [6.159157862301926e-07, 5.659503188059064e-07, 5.177563540516788e-07, 4.7236778826983316e-07, 4.3027169179391715e-07, 3.91555808865274e-07, 3.566927929314648e-07, 3.250724511888654e-07, 2.959559862020554e-07, 2.693986841376499e-07, 2.4512235660381377e-07, 2.2283086770781984e-07, 2.024758743904624e-07, 1.839051535695784e-07, 1.6681834153809184e-07, 1.5121623381483484e-07, 1.369983996086182e-07, 1.240792832332645e-07, 1.1241508413910186e-07, 1.0187678887460526e-07, 9.232336937073768e-08, 8.369764905222594e-08, 7.585150787309151e-08, 6.873412386241673e-08, 6.222243426941838e-08, 5.632399886260048e-08, 5.098072017800237e-08, 4.6170007194276874e-08, 4.1800087802055215e-08, 3.78447594419302e-08, 3.424510294854855e-08, 3.0981866339281875e-08, 2.8005438676919736e-08, 2.5289089060988468e-08, 2.2821879499253103e-08, 2.060685034609666e-08, 1.8586862501169634e-08, 1.6754464089709102e-08]
W_list: [6.4]
L_list: [10.57353495253569]
