R_list= [ 1  2  3  4  5  6  7  8  9 10 11 12 13 14 15 16 17 18 19 20 21 22 23 24
 25 26 27 28 29 30 31 32 33 34 35 36 37 38]
C_final_list= [1.0230442734018678e-06, 9.416676990214519e-07, 8.632538766750029e-07, 7.902608760355612e-07, 7.228412151821107e-07, 6.610657127463879e-07, 6.043048489571509e-07, 5.529272060892182e-07, 5.059715740306745e-07, 4.627784426277028e-07, 4.229377906790912e-07, 3.863344681652889e-07, 3.530755783066402e-07, 3.221771975105677e-07, 2.940532421602444e-07, 2.684306403843551e-07, 2.449221298386146e-07, 2.2349626801297937e-07, 2.039492168501114e-07, 1.8618548796642395e-07, 1.6988595492047534e-07, 1.5492086498758877e-07, 1.4109787806449057e-07, 1.284048248719336e-07, 1.1687332842004376e-07, 1.0635651606436055e-07, 9.679339263332347e-08, 8.80085750802557e-08, 7.998930104180422e-08, 7.271516223070322e-08, 6.61162047976621e-08, 6.007577590285605e-08, 5.4618735660243084e-08, 4.964181265952916e-08, 4.505973334918019e-08, 4.0895562035312007e-08, 3.705401029138911e-08, 3.355168604033004e-08]
W_list: [7.2]
L_list: [11.115650831101693]
