C_final_list: [6.726429360400542e-07, 6.336788960678332e-07, 5.954967530362068e-07, 5.584302546484672e-07, 5.227831942877158e-07, 4.890828240694196e-07, 4.5722563594467485e-07, 4.2738875441257635e-07, 3.989763602278885e-07, 3.7243337128888075e-07, 3.4743355040682653e-07, 3.2400812564146803e-07, 3.021362604257682e-07, 2.8159071547140763e-07, 2.6216775778289724e-07, 2.44202632604057e-07, 2.2743879172090475e-07, 2.117748111636997e-07, 1.972571090533335e-07, 1.83544408907185e-07, 1.706885082635845e-07, 1.5856452191968627e-07, 1.472468923978366e-07, 1.3688557706475858e-07, 1.273698913913623e-07, 1.1852722606354875e-07, 1.1036504106049071e-07, 1.0280587733030814e-07, 9.572292990223199e-08, 8.922056652691424e-08, 8.308289352242595e-08, 7.725151788715317e-08, 7.179212366469622e-08, 6.673762102158634e-08, 6.20245034138955e-08]
ndim2: 500
W_list: [4.2]
L_list: [14.481923455400374]
