R_list= [ 1  2  3  4  5  6  7  8  9 10 11 12 13 14 15 16 17 18 19 20 21 22 23 24
 25 26 27 28 29 30 31 32 33 34 35 36 37 38]
C_final_list= [3.226160498010104e-05, 2.4697439203665317e-05, 1.8760361790148563e-05, 1.4224255751262392e-05, 1.0783280299804074e-05, 8.158869081583697e-06, 6.171621931379664e-06, 4.669048828372171e-06, 3.5264305646352723e-06, 2.655558895085181e-06, 1.9993164493210517e-06, 1.5057663828111038e-06, 1.1355237680624532e-06, 8.560787572047911e-07, 6.444511396450912e-07, 4.843092836316952e-07, 3.632300360913953e-07, 2.7270070453984963e-07, 2.0526240326136084e-07, 1.542215410887616e-07, 1.1615155072454958e-07, 8.722481772407832e-08, 6.55837157092415e-08, 4.905889620344711e-08, 3.665600956491703e-08, 2.7391151775577687e-08, 2.045025316513929e-08, 1.52888045759638e-08, 1.1393475117810242e-08, 8.522438194093554e-09, 6.354202228047988e-09, 4.743309212089958e-09, 3.5345119604851163e-09, 2.6396282194617906e-09, 1.9662447884184605e-09, 1.4560326922484301e-09, 1.0843949453385115e-09, 8.117429750796104e-10]
W_list: [8.05]
L_list: [3.6278466116523607]
