C_final_list: [1.7499509788753887e-06, 1.5928179875728917e-06, 1.4452416580207153e-06, 1.3119741186901032e-06, 1.1894271112956105e-06, 1.0791599323816892e-06, 9.796064396059427e-07, 8.873972242139692e-07, 8.04855573865894e-07, 7.309336884875281e-07, 6.616250866185184e-07, 5.990571829620082e-07, 5.418392575151599e-07, 4.89888116829805e-07, 4.434335821624916e-07, 4.0052257173574166e-07, 3.6195455391940146e-07, 3.2753858865353943e-07, 2.96443797348114e-07, 2.6854482932118927e-07, 2.430867316818977e-07, 2.2005292766032996e-07, 1.992417071105347e-07, 1.805669505814298e-07, 1.6364712354956483e-07, 1.4804874477098445e-07, 1.3386344421964187e-07, 1.2107413268886566e-07, 1.0912857414844096e-07, 9.849177612965582e-08, 8.895904225235577e-08, 8.040335021493515e-08, 7.254314713469026e-08, 6.542031751613766e-08, 5.883399092755465e-08, 5.2906947082719906e-08, 4.761200309760436e-08, 4.2940216990187725e-08, 3.8663158900730976e-08, 3.4846970174188327e-08, 3.1420709090448213e-08, 2.828187804136724e-08, 2.550007350053224e-08, 2.299589433956957e-08, 2.0754697747623743e-08, 1.8740145633982288e-08, 1.6919954029412257e-08, 1.5291911383517007e-08, 1.37948018459393e-08, 1.247040737159872e-08]
ndim2: 500
W_list: [3.6]
L_list: [10.150639579856936]
