R_list= [ 1  2  3  4  5  6  7  8  9 10 11 12 13 14 15 16 17 18 19 20 21 22 23 24
 25 26 27 28 29 30 31 32 33 34 35 36 37 38]
C_final_list= [2.356780672569895e-06, 2.0731803677382684e-06, 1.8067124804884373e-06, 1.5669854506509926e-06, 1.3555461483634617e-06, 1.1710487961400273e-06, 1.0096554502474772e-06, 8.695381411130372e-07, 7.490096626622187e-07, 6.455371625222329e-07, 5.565882788670913e-07, 4.7929528317111e-07, 4.124649118162497e-07, 3.546051844000589e-07, 3.044275837638922e-07, 2.6125905429446397e-07, 2.2434687309579184e-07, 1.9275397870459491e-07, 1.6567508535090227e-07, 1.4230393010839974e-07, 1.2214598084229252e-07, 1.0487757675106351e-07, 8.99824526126325e-08, 7.717407056059783e-08, 6.614136922528506e-08, 5.670921628390516e-08, 4.85925819590708e-08, 4.161601579286206e-08, 3.56479476554522e-08, 3.053278457231811e-08, 2.6132914902022365e-08, 2.238353566391998e-08, 1.9150753546301683e-08, 1.640895923024443e-08, 1.4071987098964512e-08, 1.204993294594342e-08, 1.0319421598649469e-08, 8.846540378316496e-09]
W_list: [8.25]
L_list: [6.871827682093577]
