R_list= [ 1  2  3  4  5  6  7  8  9 10 11 12 13 14 15 16 17 18 19 20 21 22 23 24
 25 26 27 28 29 30 31 32 33 34 35 36 37 38]
C_final_list= [2.2511218490539793e-05, 1.8504481998217785e-05, 1.5080201582284246e-05, 1.224762617136524e-05, 9.934036427615819e-06, 8.048527221520627e-06, 6.520938325081763e-06, 5.285347516785519e-06, 4.285330796240586e-06, 3.47083422206089e-06, 2.8082919050906656e-06, 2.2725369415952955e-06, 1.8358055289057177e-06, 1.4828534551271249e-06, 1.1967194350491137e-06, 9.658543470633854e-07, 7.800374006182428e-07, 6.300126871298332e-07, 5.081664079750875e-07, 4.0993974438255857e-07, 3.3074893217514027e-07, 2.6688071150454873e-07, 2.1529885955461702e-07, 1.7408945770964906e-07, 1.4044110783415376e-07, 1.1331603947374758e-07, 9.141139755463927e-08, 7.365105371969867e-08, 5.9356112920837755e-08, 4.798910591222167e-08, 3.878142308106576e-08, 3.1309347119049376e-08, 2.526683012030361e-08, 2.0413705444256567e-08, 1.6502774403190905e-08, 1.3338590517420438e-08, 1.0828995309402121e-08, 8.81200413210488e-09]
W_list: [8.1]
L_list: [4.817806728491324]
