R_list= [ 1  2  3  4  5  6  7  8  9 10 11 12 13 14 15 16 17 18 19 20 21 22 23 24
 25 26 27 28 29 30 31 32 33 34 35 36 37 38]
C_final_list= [1.7195708981901785e-06, 1.401072726801459e-06, 1.1319832898301526e-06, 9.36952593228768e-07, 7.901397636847787e-07, 6.701348222048837e-07, 5.675072031353318e-07, 4.795121992511774e-07, 4.051477081129363e-07, 3.4256834525323607e-07, 2.8961586949363986e-07, 2.446337039273347e-07, 2.0626574468736478e-07, 1.7350784818769215e-07, 1.458452815822077e-07, 1.224212736205286e-07, 1.0264447149687844e-07, 8.61719484655951e-08, 7.237089957751758e-08, 6.080772541517842e-08, 5.110487459343183e-08, 4.2901784325541026e-08, 3.599750900631711e-08, 3.021333435556799e-08, 2.5347106036166093e-08, 2.1252510436898077e-08, 1.783039106522303e-08, 1.4999069037597962e-08, 1.2628407448423517e-08, 1.06360432399437e-08, 8.9532158048344e-09, 7.54538447960265e-09, 6.366250718223572e-09, 5.369193167584432e-09, 4.523142889803856e-09, 3.8019863789878014e-09, 3.1959898649176624e-09, 2.685486804005865e-09]
W_list: [4]
L_list: [5.550157550868388]
