R_list= [ 1  2  3  4  5  6  7  8  9 10 11 12 13 14 15 16 17 18 19 20 21 22 23 24
 25 26 27 28 29 30 31 32 33 34 35 36 37 38]
C_final_list= [5.774132305979581e-07, 4.571901386198806e-07, 3.5768361705422536e-07, 2.7788383019400805e-07, 2.15618835537723e-07, 1.6768231465504235e-07, 1.302811551896688e-07, 1.0122005264879409e-07, 7.860469423384021e-08, 6.06861400402716e-08, 4.670402089850555e-08, 3.5904021961441375e-08, 2.7611864352193972e-08, 2.125472402830535e-08, 1.6380074174195967e-08, 1.2608548517464918e-08, 9.657537259093122e-09, 7.3984424244567494e-09, 5.674091806367274e-09, 4.333158997079358e-09, 3.310643122922122e-09, 2.5311271318543855e-09, 1.930872262075077e-09, 1.4720731501878602e-09, 1.1268097566463907e-09, 8.612622350431271e-10, 6.628356620181464e-10, 5.120216085600703e-10, 3.95101630391714e-10, 3.074141616370939e-10, 2.390048252158434e-10, 1.857181680855145e-10, 1.431151600641746e-10, 1.1023168482259216e-10, 8.504040318071126e-11, 6.588264928324562e-11, 5.098708102444883e-11, 3.894885400276051e-11]
W_list: [8.4]
L_list: [4.017179736687704]
