R_list= [ 1  2  3  4  5  6  7  8  9 10 11 12 13 14 15 16 17 18 19 20 21 22 23 24
 25 26 27 28 29 30 31 32 33 34 35 36 37 38]
C_final_list= [3.091956065025581e-07, 1.330843702752184e-07, 4.9203025929161155e-08, 1.7210408337529465e-08, 5.881524597828163e-09, 1.9743915072016874e-09, 6.612098995271014e-10, 2.2348203348333737e-10, 7.493662456158816e-11, 2.465548820714134e-11, 7.782271103119533e-12, 2.4326828981762523e-12, 7.77911689788149e-13, 2.548299415727531e-13, 8.379701147280146e-14, 2.6489953170324663e-14, 8.069162064235987e-15, 2.4703115554717903e-15, 7.789474262166025e-16, 2.283281842068442e-16, 6.14197749431162e-17, 1.6159829531775083e-17, 4.330261226192191e-18, 1.1991182210391657e-18, 3.5250338729394783e-19, 1.393498217674104e-19, 6.394559313901457e-20, 2.1312280911883542e-20, 5.488609094525735e-21, 1.3509983561368894e-21, 3.6048801348569174e-22, 1.0671444300190887e-22, 3.108289959098285e-23, 7.934577394346423e-24, 2.0352935670504782e-24, 5.539124464689284e-25, 1.8183360165032685e-25, 9.770702179609623e-26]
W_list: [7]
L_list: [1.1217495007777256]
