R_list= [ 1  2  3  4  5  6  7  8  9 10 11 12 13 14 15 16 17 18 19 20 21 22 23 24
 25 26 27 28 29 30 31 32 33 34 35 36 37 38]
C_final_list= [8.224117688845889e-07, 6.611789904942609e-07, 5.016665946008189e-07, 3.724912127441932e-07, 2.748818602233562e-07, 2.0278194733892167e-07, 1.4981876812945554e-07, 1.1075999617559254e-07, 8.190717237803935e-08, 6.058710633055875e-08, 4.4778935487010853e-08, 3.3055878864850195e-08, 2.4336289732849822e-08, 1.7884415355393303e-08, 1.31235803197681e-08, 9.625413463640736e-09, 7.069666128598441e-09, 5.201317526673932e-09, 3.829733674228554e-09, 2.818114039708284e-09, 2.071841781492605e-09, 1.5252018438626615e-09, 1.1232013008480349e-09, 8.276191406272697e-10, 6.090832589487845e-10, 4.4798258693811403e-10, 3.30204463591197e-10, 2.4370717525858825e-10, 1.79444195233837e-10, 1.3166824369166252e-10, 9.625171463397915e-11, 7.030934455410146e-11, 5.1502523457522915e-11, 3.7740148876966085e-11, 2.7606845458102782e-11, 2.016588977737603e-11, 1.476429284508258e-11, 1.0852665230233072e-11]
W_list: [4]
L_list: [3.5634168020719224]
