C_final_list: [8.412576616860789e-07, 8.035391425538772e-07, 7.65473386555041e-07, 7.281634787945699e-07, 6.917123891925842e-07, 6.566639931809923e-07, 6.22786932888312e-07, 5.906047171353127e-07, 5.601499946384738e-07, 5.30995633916842e-07, 5.030613398330439e-07, 4.765069477035521e-07, 4.510278153672132e-07, 4.271573293701675e-07, 4.050511151959024e-07, 3.841828631150505e-07, 3.6452519823982694e-07, 3.45896348417366e-07, 3.2817227054312624e-07, 3.1112487392908047e-07, 2.9471850479701217e-07, 2.7936697932479536e-07, 2.646153658540123e-07, 2.507602987723239e-07, 2.3762980506849794e-07, 2.2519177972998622e-07, 2.1323041952890246e-07, 2.018843528076964e-07, 1.9096891428910354e-07, 1.8063717003764486e-07, 1.7085469845756632e-07, 1.6157774702423848e-07, 1.5270487332542705e-07, 1.4430975414292821e-07, 1.3639401674324407e-07]
ndim2: 500
W_list: [3.6]
L_list: [18.832788728149602]
