R_list= [ 1  2  3  4  5  6  7  8  9 10 11 12 13 14 15 16 17 18 19 20 21 22 23 24
 25 26 27 28 29 30 31 32 33 34 35 36 37 38]
C_final_list= [6.899832619324753e-07, 5.672430859099631e-07, 4.727035842023069e-07, 3.944732278490362e-07, 3.2733613634465964e-07, 2.7018785203073825e-07, 2.2325459467841193e-07, 1.8444719420693777e-07, 1.5246570649804868e-07, 1.258692598139357e-07, 1.038394325712974e-07, 8.574653867819159e-08, 7.07163990892146e-08, 5.8353067874667647e-08, 4.8110844747141164e-08, 3.972363785832304e-08, 3.285394441368946e-08, 2.7200550141588716e-08, 2.2516962920998382e-08, 1.8654945774462105e-08, 1.5385532132331818e-08, 1.2677329201519705e-08, 1.0433564017468342e-08, 8.592869679771623e-09, 7.065138840405122e-09, 5.795929275975489e-09, 4.7742485503234194e-09, 3.934278705888084e-09, 3.2355144141276992e-09, 2.66205172741341e-09, 2.178547599661727e-09, 1.782945779848105e-09, 1.4682477669244856e-09, 1.206281349894928e-09, 9.886227898272103e-10, 8.092365128164904e-10, 6.638943909700576e-10, 5.448598144118948e-10]
W_list: [6]
L_list: [5.304415313673771]
