R_list= [ 1  2  3  4  5  6  7  8  9 10 11 12 13 14 15 16 17 18 19 20 21 22 23 24
 25 26 27 28 29 30 31 32 33 34 35 36 37 38]
C_final_list= [4.583065342966326e-07, 3.546507664573119e-07, 2.708912704698569e-07, 2.058245420352635e-07, 1.557580360290193e-07, 1.1745350257286709e-07, 8.86391627276954e-08, 6.682129706953226e-08, 5.020995409638044e-08, 3.7737481244618536e-08, 2.826698047602475e-08, 2.1150583011461786e-08, 1.5789887656244118e-08, 1.1768907095266935e-08, 8.801044761454977e-09, 6.587610005653055e-09, 4.9290239387420975e-09, 3.6890191737259023e-09, 2.7421364050568213e-09, 2.0362481458061634e-09, 1.512421748976788e-09, 1.123121303235485e-09, 8.331159141617635e-10, 6.176112176282926e-10, 4.630935305009649e-10, 3.4619807110680725e-10, 2.582219999791818e-10, 1.9041610003526635e-10, 1.4130249876508802e-10, 1.0424392896950217e-10, 7.666332106003961e-11, 5.687007599596756e-11, 4.239935212599624e-11, 3.1838121791268616e-11, 2.37961576490031e-11, 1.769486540707423e-11, 1.3140584298710012e-11, 9.782145981740237e-12]
W_list: [8.4]
L_list: [3.6557346046967534]
