R_list= [ 1  2  3  4  5  6  7  8  9 10 11 12 13 14 15 16 17 18 19 20 21 22 23 24
 25 26 27 28 29 30 31 32 33 34 35 36 37 38]
C_final_list= [2.726161055431188e-07, 2.1253789170473133e-07, 1.6637162820533005e-07, 1.2907036676063438e-07, 1.0013076794868409e-07, 7.768341240982708e-08, 6.003217772173151e-08, 4.6414281371699685e-08, 3.58136690663591e-08, 2.750997144207686e-08, 2.1107404706710566e-08, 1.6174411011522e-08, 1.2369235508901585e-08, 9.475822979256787e-09, 7.250791242559442e-09, 5.5336355095875185e-09, 4.2268444742992565e-09, 3.2268028168936235e-09, 2.477688715327672e-09, 1.897177582932242e-09, 1.445567494021891e-09, 1.1037106788577848e-09, 8.44352749907187e-10, 6.453039728001307e-10, 4.934231180317789e-10, 3.7658072145271166e-10, 2.886997978004088e-10, 2.2053824954907901e-10, 1.6816933241725252e-10, 1.281884086687876e-10, 9.755699198275e-11, 7.459795699781813e-11, 5.726765048330149e-11, 4.412723238515023e-11, 3.3737770249230174e-11, 2.590539812209649e-11, 2.0017207934488814e-11, 1.542349181264564e-11]
W_list: [7]
L_list: [3.9545969019667293]
