C_final_list: [1.4106376522234618e-06, 1.2643139121849994e-06, 1.1271579163718602e-06, 1.0034412038924935e-06, 8.940691272117782e-07, 7.940168648545698e-07, 7.059167007802363e-07, 6.268335286282435e-07, 5.58223879748541e-07, 4.975374686472232e-07, 4.4233038976903725e-07, 3.9374357560713514e-07, 3.507264619680093e-07, 3.1233528433189313e-07, 2.7794311481048917e-07, 2.475127459537212e-07, 2.2054574152605583e-07, 1.956171193659096e-07, 1.7348931136997366e-07, 1.5412794809950658e-07, 1.37026029727929e-07, 1.217051024771877e-07, 1.0808819363956872e-07, 9.599088009091992e-08, 8.507041278849829e-08, 7.533988236188148e-08, 6.678279418504675e-08, 5.924543224219148e-08, 5.256245553715991e-08, 4.663292256376079e-08, 4.1292924166090674e-08, 3.652649994611225e-08, 3.2380548270238767e-08, 2.8698897458285315e-08, 2.533375060687496e-08]
ndim2: 500
W_list: [2.6]
L_list: [8.581963518272822]
