R_list= [ 1  2  3  4  5  6  7  8  9 10 11 12 13 14 15 16 17 18 19 20 21 22 23 24
 25 26 27 28 29 30 31 32 33 34 35 36 37 38]
C_final_list= [4.726092801103497e-07, 4.4191400139806014e-07, 4.1062470095991545e-07, 3.805930826403267e-07, 3.522660407882432e-07, 3.255236834821334e-07, 3.006394327256102e-07, 2.77600426049251e-07, 2.562198031525057e-07, 2.364794352490698e-07, 2.1808733000421925e-07, 2.0095893606116054e-07, 1.8522886306066538e-07, 1.7072294124505056e-07, 1.572676942038696e-07, 1.4487446717237317e-07, 1.3347924872241132e-07, 1.230167796566407e-07, 1.1335062414821617e-07, 1.0447268643097362e-07, 9.626058563260703e-08, 8.867417616591833e-08, 8.160051154929661e-08, 7.507468966902144e-08, 6.90997206080347e-08, 6.359318714139002e-08, 5.8497079551682994e-08, 5.3775581591501305e-08, 4.9403887705410505e-08, 4.537220532223758e-08, 4.1625511529317266e-08, 3.819037487122547e-08, 3.501647888177937e-08, 3.210020916601832e-08, 2.944961437675677e-08, 2.7027729390857916e-08, 2.480678305312e-08, 2.276261596699906e-08]
W_list: [7.2]
L_list: [12.488172805917534]
