C_final_list: [1.5680030079826828e-06, 1.4036307168568975e-06, 1.2537193333301475e-06, 1.1211625796581163e-06, 1.0027335695352349e-06, 8.97852620583795e-07, 8.058399971499053e-07, 7.215166053629976e-07, 6.447330320054519e-07, 5.755240544895649e-07, 5.135686599975379e-07, 4.574233767719551e-07, 4.082980597604573e-07, 3.643583366218432e-07, 3.254040424861983e-07, 2.907257124380196e-07, 2.599845644597152e-07, 2.3192231295242682e-07, 2.065484934722681e-07, 1.8386049462062546e-07, 1.6378392302048686e-07, 1.4584188456130535e-07, 1.3000257979488416e-07, 1.1617777427119933e-07, 1.0379000248805194e-07, 9.25323485969161e-08, 8.243879475019973e-08, 7.350377704488734e-08, 6.536751322165265e-08, 5.818329066356849e-08, 5.173248392273914e-08, 4.600160750297935e-08, 4.0883973709029666e-08, 3.630372547067268e-08, 3.230873581131934e-08, 2.8729987963419062e-08, 2.550847597609528e-08, 2.265343717757082e-08, 2.0085895787123665e-08, 1.779785693642524e-08, 1.576166530534216e-08, 1.3972499581704179e-08, 1.2367317645555493e-08, 1.096843465137204e-08, 9.687929802499273e-09, 8.592098053962578e-09, 7.610167264323636e-09, 6.734953366500044e-09, 5.9731114104733605e-09, 5.288279124458501e-09]
ndim2: 500
W_list: [3.8]
L_list: [8.897858091488374]
