R_list= [ 1  2  3  4  5  6  7  8  9 10 11 12 13 14 15 16 17 18 19 20 21 22 23 24
 25 26 27 28 29 30 31 32 33 34 35 36 37 38]
C_final_list= [2.77109698895465e-07, 2.520469063030512e-07, 2.2683605452688818e-07, 2.0299643090333935e-07, 1.8121300945437664e-07, 1.6136961843505183e-07, 1.434365577934445e-07, 1.2737260272361987e-07, 1.1296328943922472e-07, 1.0009756552233012e-07, 8.863098054534742e-08, 7.844288359457475e-08, 6.937766167111366e-08, 6.12648443770535e-08, 5.4139069828720556e-08, 4.7785903727867363e-08, 4.217386316837522e-08, 3.725230050367599e-08, 3.2924039545929986e-08, 2.9086505715944532e-08, 2.5662713169486314e-08, 2.26248349756725e-08, 1.993738996914144e-08, 1.7561895675484243e-08, 1.5473960735037256e-08, 1.363737778700057e-08, 1.2018610992831714e-08, 1.0596401545712342e-08, 9.334774359009091e-09, 8.209992471905063e-09, 7.212092530607934e-09, 6.331279427645882e-09, 5.55794765198402e-09, 4.880645688315843e-09, 4.290675273092904e-09, 3.773648683731445e-09, 3.3235960232891208e-09, 2.92562493725155e-09]
W_list: [7.6000000000000005]
L_list: [8.530647370929243]
