C_final_list: [1.400296177856834e-06, 1.09361305346917e-06, 8.527767416814977e-07, 6.592871429284187e-07, 5.104230861427204e-07, 3.9673165846089256e-07, 3.0639134453681045e-07, 2.3798010453892577e-07, 1.8404783769175532e-07, 1.4164528906959703e-07, 1.0959513164622805e-07, 8.406872025959944e-08, 6.439470210533661e-08, 4.941726420769222e-08, 3.7662694910043887e-08, 2.8595250619414868e-08, 2.1865042848383152e-08, 1.671953316117462e-08, 1.265271967491174e-08, 9.555242878297552e-09, 7.265615377994361e-09, 5.4762404884569595e-09, 4.154164813707589e-09, 3.157801066251715e-09, 2.4246364187801516e-09, 1.8724719991602413e-09, 1.4470509278005868e-09, 1.118152282455981e-09, 8.696420217760231e-10, 6.669663779272884e-10, 5.089367494291557e-10, 3.849203772125115e-10, 2.884494426803316e-10, 2.1698690743709655e-10, 1.5992639373226351e-10]
ndim2: 500
W_list: [3.2]
L_list: [3.9439642695920467]
