C_final_list: [1.968917798720956e-06, 1.8503202440821538e-06, 1.7320810696437719e-06, 1.624231975573423e-06, 1.5223905585449804e-06, 1.4267262296943379e-06, 1.3366349009675677e-06, 1.2537038438539899e-06, 1.1745915887371386e-06, 1.1026495498367827e-06, 1.033713401293332e-06, 9.68082714464429e-07, 9.069546837089748e-07, 8.494627424300512e-07, 7.951410631832733e-07, 7.44167451952128e-07, 6.969163223136751e-07, 6.528353811606844e-07, 6.105603852604412e-07, 5.711005435264861e-07, 5.344594981031089e-07, 4.998318080307828e-07, 4.6712659624706454e-07, 4.3599508977688826e-07, 4.073397413724255e-07, 3.802074217387436e-07, 3.5536714948152327e-07, 3.3189495213885084e-07, 3.0982928536846025e-07, 2.8954752395336926e-07, 2.7043746991989854e-07, 2.5278426242314756e-07, 2.363675624050681e-07, 2.2096307287877465e-07, 2.061156472749664e-07, 1.9236638872811317e-07, 1.7941251380566997e-07, 1.6728626896962762e-07, 1.558133070815397e-07, 1.4525916874456149e-07, 1.3552427678660086e-07, 1.2643607588790574e-07, 1.1801804647899037e-07, 1.0986817016318531e-07, 1.0226918673548413e-07, 9.51007870995798e-08, 8.838616377213557e-08, 8.223946750763352e-08, 7.655469493540566e-08, 7.127379117653652e-08]
ndim2: 500
W_list: [3.05]
L_list: [15.188666955998098]
