R_list= [ 1  2  3  4  5  6  7  8  9 10 11 12 13 14 15 16 17 18 19 20 21 22 23 24
 25 26 27 28 29 30 31 32 33 34 35 36 37 38]
C_final_list= [2.421291734783017e-07, 2.1875912710813007e-07, 1.9561062807173428e-07, 1.7383468196461523e-07, 1.5417669617156517e-07, 1.3652095671110812e-07, 1.20541656821936e-07, 1.0629365263670391e-07, 9.363304673281673e-08, 8.253730389370908e-08, 7.274460331647149e-08, 6.399538744129254e-08, 5.6259001437366294e-08, 4.9478336873010974e-08, 4.350742433366918e-08, 3.8246855992325324e-08, 3.36235424035571e-08, 2.9541548029053083e-08, 2.5955978880357067e-08, 2.2802811414452958e-08, 2.0047605257292774e-08, 1.7605201843119588e-08, 1.544963515404383e-08, 1.3531745079130187e-08, 1.1845905774944058e-08, 1.0367770039449972e-08, 9.04991426669055e-09, 7.899917534558464e-09, 6.89663434236835e-09, 6.024044893009401e-09, 5.263890899607257e-09, 4.593645120093682e-09, 4.014842273323463e-09, 3.508693842682281e-09, 3.065631304375183e-09, 2.6730897949514573e-09, 2.330931171571774e-09, 2.0319565907496465e-09]
W_list: [7.800000000000001]
L_list: [8.137362636651169]
