C_final_list: [1.2922428589361403e-06, 1.1466253613526354e-06, 1.0098533967869332e-06, 8.898512668959832e-07, 7.830127986111819e-07, 6.906567050052793e-07, 6.078711760858107e-07, 5.353844015846019e-07, 4.714538086834744e-07, 4.1482085777227704e-07, 3.6446707078821243e-07, 3.2002546865704977e-07, 2.8133673713354864e-07, 2.4670775658941553e-07, 2.1635661549672925e-07, 1.8947561807329248e-07, 1.6638758317110594e-07, 1.4568396551470775e-07, 1.2750212539370314e-07, 1.1139135515644499e-07, 9.73330510348397e-08, 8.496975720361978e-08, 7.418386155801834e-08, 6.455337204354952e-08, 5.6411239121509955e-08, 4.925600071155336e-08, 4.296639407847004e-08, 3.7358288194343566e-08, 3.241898312866325e-08, 2.815073742068462e-08, 2.4399721529158738e-08, 2.1220664631822863e-08, 1.8430288869895124e-08, 1.5984098568278687e-08, 1.3808557489751483e-08]
ndim2: 500
W_list: [2.8]
L_list: [7.816200107980865]
