R_list= [ 1  2  3  4  5  6  7  8  9 10 11 12 13 14 15 16 17 18 19 20 21 22 23 24
 25 26 27 28 29 30 31 32 33 34 35 36 37 38]
C_final_list= [3.424076186668614e-05, 2.1946183263864506e-05, 1.4017251170709795e-05, 8.899568167199892e-06, 5.648421709651699e-06, 3.5862074614103607e-06, 2.265892796969301e-06, 1.4310666309595604e-06, 9.053708532147401e-07, 5.736413243377393e-07, 3.638168224633963e-07, 2.3093969904567948e-07, 1.4658089129434465e-07, 9.329192686903311e-08, 5.9557206159420046e-08, 3.8045106668471806e-08, 2.423727042158678e-08, 1.54605241493265e-08, 9.757918752262073e-09, 6.207043760946174e-09, 3.910095926281129e-09, 2.4824712263383745e-09, 1.5588862969431822e-09, 9.73824798661923e-10, 6.025207402230305e-10, 3.755168643932746e-10, 2.304685283420202e-10, 1.406422023258877e-10, 8.526470627617643e-11, 5.2015689385332515e-11, 3.177249596698456e-11, 1.9570766590013413e-11, 1.2066726595674302e-11, 7.60797048530213e-12, 4.794189696610527e-12, 3.0453459727094022e-12, 1.957266318614194e-12, 1.2443766349287934e-12]
W_list: [8.4]
L_list: [2.224881083250938]
