C_final_list: [1.4711319364994858e-06, 1.3014245793899418e-06, 1.1466998382214322e-06, 1.0082132410154433e-06, 8.861440951481507e-07, 7.820797709285428e-07, 6.906611026808841e-07, 6.104389868793892e-07, 5.392022365009247e-07, 4.767116313039916e-07, 4.203363106371662e-07, 3.6941785082756794e-07, 3.244225333335636e-07, 2.858255584587661e-07, 2.5170038054016833e-07, 2.204891887345748e-07, 1.9340275779075162e-07, 1.6981671298350619e-07, 1.4899856571721721e-07, 1.3045742134524648e-07, 1.1396381641928292e-07, 9.966944641582115e-08, 8.747192376024266e-08, 7.69908415221206e-08, 6.735819966432243e-08, 5.901336644945939e-08, 5.1714794790870835e-08, 4.5346771626986935e-08, 3.960684459083619e-08, 3.454161698291259e-08, 3.001522817598748e-08, 2.6046512348689763e-08, 2.2562340723220374e-08, 1.9509299164601533e-08, 1.6905679378769777e-08, 1.4682153381200284e-08, 1.2759929768990402e-08, 1.106341034108112e-08, 9.595063345781374e-09, 8.295972237858998e-09, 7.198307196584295e-09, 6.245481485554754e-09, 5.412672866941721e-09, 4.705559662259193e-09, 4.111355644274206e-09, 3.587056510169737e-09, 3.1302237368569545e-09, 2.7358994989307345e-09, 2.383805640195093e-09, 2.0813760982271304e-09]
ndim2: 500
W_list: [4.0]
L_list: [7.891541588883661]
