C_final_list: [1.5563898625057673e-06, 1.3071978247974452e-06, 1.0861945209430491e-06, 9.024278651502761e-07, 7.523280350607546e-07, 6.230829035767014e-07, 5.155470859620799e-07, 4.259815995711865e-07, 3.521040276980359e-07, 2.910781011118619e-07, 2.405679460808944e-07, 1.9939804729204463e-07, 1.6513736576455026e-07, 1.3654403495251555e-07, 1.1286759809398426e-07, 9.327755107241161e-08, 7.688317667891197e-08, 6.365563694025775e-08, 5.2277266368661956e-08, 4.297367677025294e-08, 3.535441938699713e-08, 2.900333570123056e-08, 2.383230499354989e-08, 1.9483734478208463e-08, 1.600542411752427e-08, 1.314131736607707e-08, 1.0724477130388662e-08, 8.822474911343042e-09, 7.241744354293227e-09, 5.9136091161432175e-09, 4.849739119113987e-09, 3.976662796670729e-09, 3.279305768132968e-09, 2.7041549462614273e-09, 2.227085984088278e-09]
ndim2: 500
W_list: [2.4000000000000004]
L_list: [5.373343651162414]
