R_list= [ 1  2  3  4  5  6  7  8  9 10 11 12 13 14 15 16 17 18 19 20 21 22 23 24
 25 26 27 28 29 30 31 32 33 34 35 36 37 38]
C_final_list= [8.698164845500758e-07, 5.464671542609164e-07, 2.9258613892406765e-07, 1.4261872109584187e-07, 6.567719856540355e-08, 2.919352486868241e-08, 1.2658722101928302e-08, 5.402978081090018e-09, 2.2837903526498145e-09, 9.602453327098951e-10, 4.023690587444316e-10, 1.6832034740758213e-10, 7.047887948839457e-11, 2.9569254772408865e-11, 1.2445300071656271e-11, 5.280432390597005e-12, 2.2525805371830287e-12, 9.558451058266445e-13, 4.030780948393359e-13, 1.7010729006686477e-13, 7.194008514452135e-14, 3.0614957692425694e-14, 1.3321456263334147e-14, 5.9393386784183175e-15, 2.7558233397930014e-15, 1.3387028327378811e-15, 6.856608109704609e-16, 3.524604319819916e-16, 1.8044077569488047e-16, 9.009762570120708e-17, 4.3634552649780243e-17, 2.042542851194972e-17, 9.017811185087409e-18, 4.04687475727012e-18, 1.922433332268638e-18, 1.0223579779735652e-18, 6.259302821450922e-19, 4.511936094816267e-19]
W_list: [4]
L_list: [1.7473461741534795]
