R_list= [ 1  2  3  4  5  6  7  8  9 10 11 12 13 14 15 16 17 18 19 20 21 22 23 24
 25 26 27 28 29 30 31 32 33 34 35 36 37 38]
C_final_list= [7.452604799793113e-07, 4.578951004160796e-07, 2.72388532976749e-07, 1.6402570368167186e-07, 9.913642216590886e-08, 5.986339172278974e-08, 3.5953573349295435e-08, 2.151383162130588e-08, 1.280055683607588e-08, 7.57593458965289e-09, 4.476875460606302e-09, 2.6223042291946565e-09, 1.533542183532292e-09, 8.865719014236794e-10, 5.127023742337291e-10, 2.9768236626014306e-10, 1.720304702401803e-10, 9.971513588859816e-11, 5.880513851466909e-11, 3.5008021857289624e-11, 2.141754767344213e-11, 1.320855713483175e-11, 7.952765309159423e-12, 4.69170915771816e-12, 2.708843064349814e-12, 1.553176345984941e-12, 9.149426142591739e-13, 5.727973800094459e-13, 3.709702088075214e-13, 2.1552614236917917e-13, 1.1924700388523084e-13, 6.831823457027758e-14, 3.740997989312311e-14, 2.1122063145692973e-14, 1.1575544427026673e-14, 6.54815130905245e-15, 3.5998847902449164e-15, 2.078346080298701e-15]
W_list: [6]
L_list: [1.9902252977324557]
