C_final_list: [1.6564875878876866e-06, 1.3536314366450977e-06, 1.103273095145992e-06, 9.010579623611427e-07, 7.313482559071599e-07, 5.940850203711831e-07, 4.819555321459517e-07, 3.904195491851346e-07, 3.1666497896919785e-07, 2.5680738361944903e-07, 2.0998307927907724e-07, 1.709664046193846e-07, 1.3827486360886856e-07, 1.118317578348166e-07, 9.018396604210794e-08, 7.271234927552786e-08, 5.851249218547914e-08, 4.729299100751845e-08, 3.7991406210689324e-08, 3.04131602739879e-08, 2.434814224194828e-08, 1.9371424969499358e-08, 1.5463411435444236e-08, 1.2283123050180471e-08, 9.805855484915636e-09, 7.833587956905952e-09, 6.290708032944311e-09, 5.035005661096015e-09, 4.062435843792126e-09, 3.2658098093036414e-09, 2.6506845446317202e-09, 2.142000056916195e-09, 1.71787138653401e-09, 1.3779309689785269e-09, 1.110148482819269e-09]
ndim2: 500
W_list: [3.8]
L_list: [4.842495683602647]
