R_list= [ 1  2  3  4  5  6  7  8  9 10 11 12 13 14 15 16 17 18 19 20 21 22 23 24
 25 26 27 28 29 30 31 32 33 34 35 36 37 38]
C_final_list= [6.609158318426442e-07, 6.06964795759884e-07, 5.53961376528116e-07, 5.041137612306202e-07, 4.5852960105379474e-07, 4.166233001683681e-07, 3.779511396195756e-07, 3.4280364891102726e-07, 3.107331919951052e-07, 2.8195332698673785e-07, 2.5590948821276193e-07, 2.321886351345545e-07, 2.106948880528058e-07, 1.9108164240086466e-07, 1.7308866685130263e-07, 1.5668763680644592e-07, 1.4191661942486782e-07, 1.285113435402977e-07, 1.1623890358870527e-07, 1.0512910810545762e-07, 9.497753592664965e-08, 8.586056210018189e-08, 7.752540489753162e-08, 7.002817418756133e-08, 6.327072864448949e-08, 5.7155206580575147e-08, 5.161258438260207e-08, 4.6579517143960945e-08, 4.2086181355680045e-08, 3.796853059501364e-08, 3.422216190874227e-08, 3.0827093871815704e-08, 2.779711405603346e-08, 2.5065995543711854e-08, 2.2600562051964986e-08, 2.038711035475433e-08, 1.837462243990184e-08, 1.6554924500102133e-08]
W_list: [6.8]
L_list: [10.317042494324442]
