C_final_list: [1.4971527610461352e-06, 1.4672558901869378e-06, 1.4374838752486906e-06, 1.4084517050901239e-06, 1.3804706689504494e-06, 1.352744665876461e-06, 1.3253866989169158e-06, 1.298696775142619e-06, 1.2724720962694872e-06, 1.2467998230440482e-06, 1.2212814700595906e-06, 1.1962132155776505e-06, 1.1714466581403074e-06, 1.1472632318118613e-06, 1.123705685538903e-06, 1.1006778769511105e-06, 1.0778736236109035e-06, 1.0555844409937486e-06, 1.033983780394421e-06, 1.012881303595214e-06, 9.92161452801011e-07, 9.717682614810433e-07, 9.520019291893802e-07, 9.327367286610728e-07, 9.137536227346411e-07, 8.950702378366835e-07, 8.76864248138999e-07, 8.588897365877296e-07, 8.412715763914413e-07, 8.241160256113444e-07, 8.073188025101312e-07, 7.90899043518988e-07, 7.747038014113433e-07, 7.589047634420449e-07, 7.433344028735396e-07, 7.281344792453812e-07, 7.13151713217086e-07, 6.984890910725085e-07, 6.840773323543202e-07, 6.699676422747875e-07, 6.562027111962442e-07, 6.427610009605754e-07, 6.295114072255876e-07, 6.16540887836782e-07, 6.037892532400158e-07, 5.911743727108623e-07, 5.787273622552614e-07, 5.664536346595256e-07, 5.545624762865146e-07, 5.428885326753744e-07]
ndim2: 500
W_list: [3.25]
L_list: [48.40180546567516]
