R_list= [ 1  2  3  4  5  6  7  8  9 10 11 12 13 14 15 16 17 18 19 20 21 22 23 24
 25 26 27 28 29 30 31 32 33 34 35 36 37 38]
C_final_list= [1.3778894891307197e-06, 1.2545347934441662e-06, 1.16014546793071e-06, 1.0695258254956499e-06, 9.848155738818273e-07, 9.078853725320108e-07, 8.372977817018428e-07, 7.711672599870282e-07, 7.103302560745578e-07, 6.543740431675728e-07, 6.026103140623206e-07, 5.546739517333154e-07, 5.103413602658575e-07, 4.694753595260793e-07, 4.32178337255957e-07, 3.979198157060137e-07, 3.6568159678520806e-07, 3.3600903347721946e-07, 3.0901364031283013e-07, 2.8415320251697966e-07, 2.612570276710385e-07, 2.3996844633132316e-07, 2.2023998461629256e-07, 2.022357135577756e-07, 1.8580169037995346e-07, 1.708193811928553e-07, 1.5701259683513742e-07, 1.4432337536200327e-07, 1.3236306562335558e-07, 1.2140162630127097e-07, 1.113502085841341e-07, 1.0217250055908359e-07, 9.37111808788512e-08, 8.59472010136275e-08, 7.879878018956981e-08, 7.219790601166069e-08, 6.613261384797665e-08, 6.060762767211934e-08]
W_list: [5]
L_list: [12.058897172632255]
