R_list= [ 1  2  3  4  5  6  7  8  9 10 11 12 13 14 15 16 17 18 19 20 21 22 23 24
 25 26 27 28 29 30 31 32 33 34 35 36 37 38]
C_final_list= [3.04760615789968e-07, 2.0931488926933132e-07, 1.441387334631526e-07, 9.968610500048635e-08, 6.861769709601727e-08, 4.71401405311534e-08, 3.235061969072722e-08, 2.198667312931418e-08, 1.4775266857288927e-08, 9.945005724744216e-09, 6.732120045966786e-09, 4.553975523213832e-09, 3.067064076018841e-09, 2.074241631499667e-09, 1.3921078653672957e-09, 9.33608386041854e-10, 6.281371199257265e-10, 4.238327034061173e-10, 2.8421283493737334e-10, 1.9001560396046454e-10, 1.2694968570074048e-10, 8.465013221971403e-11, 5.606803836211611e-11, 3.719129259230788e-11, 2.452341197636951e-11, 1.6030974141578678e-11, 1.0438946553153268e-11, 6.810431865736296e-12, 4.4554066368254035e-12, 2.9737919087734854e-12, 2.0450951133430524e-12, 1.4023799317247196e-12, 9.529668572362872e-13, 6.232450015291355e-13, 4.159251649494174e-13, 2.7184379523432093e-13, 1.8075794405005306e-13, 1.2109243409362438e-13]
W_list: [7]
L_list: [2.672685619488941]
