C_final_list: [1.9148352136816714e-06, 1.8940285654732745e-06, 1.8736095148058633e-06, 1.8538542790366816e-06, 1.834648080346645e-06, 1.815633933543367e-06, 1.7970626283422484e-06, 1.778669175758283e-06, 1.760528945474424e-06, 1.7428564123875762e-06, 1.7250365496864039e-06, 1.7075362797950562e-06, 1.690041711337479e-06, 1.6727443744752294e-06, 1.6557009856870652e-06, 1.6388754621278503e-06, 1.6226784040319416e-06, 1.6062911614635447e-06, 1.5901171984128332e-06, 1.5738255951273746e-06, 1.5577026284829034e-06, 1.541855520483713e-06, 1.526004592875898e-06, 1.5101214645115116e-06, 1.4946097716049086e-06, 1.4793207976314033e-06, 1.463978383980473e-06, 1.4487748138673764e-06, 1.4339001926876537e-06, 1.4192834050969801e-06, 1.4048015614355877e-06, 1.3905289862952714e-06, 1.3764362227829602e-06, 1.3625084447978186e-06, 1.3487899069466185e-06, 1.3351773462356803e-06, 1.3216620219687223e-06, 1.3083653867019411e-06, 1.295310044539849e-06, 1.2824448500811858e-06, 1.2696710628464287e-06, 1.2568763438350231e-06, 1.2441769683857093e-06, 1.2316213044886207e-06, 1.2190576084055122e-06, 1.2066498011583714e-06, 1.1943333552027603e-06, 1.182219759014921e-06, 1.1702455717148148e-06, 1.1583817257973783e-06]
ndim2: 500
W_list: [2.6]
L_list: [97.64549204122233]
