R_list= [ 1  2  3  4  5  6  7  8  9 10 11 12 13 14 15 16 17 18 19 20 21 22 23 24
 25 26 27 28 29 30 31 32 33 34 35 36 37 38]
C_final_list= [1.0567469120808636e-06, 8.597245253358383e-07, 7.05612886512473e-07, 5.864743067194565e-07, 4.889119748907274e-07, 4.0697585479105254e-07, 3.3882273448732815e-07, 2.8252769566866166e-07, 2.3500645211927683e-07, 1.9546076665588385e-07, 1.6288573614305128e-07, 1.35747185597681e-07, 1.1286325460472233e-07, 9.365424301144046e-08, 7.746041114283068e-08, 6.386209227023313e-08, 5.264208132083984e-08, 4.3421468475731964e-08, 3.5801159223540014e-08, 2.950101815448401e-08, 2.4302252275297542e-08, 2.0001551344541648e-08, 1.6454677311167304e-08, 1.3544576475848656e-08, 1.1148256086014916e-08, 9.151481071304443e-09, 7.516306826823194e-09, 6.165892371390929e-09, 5.05047126458991e-09, 4.145885277415597e-09, 3.4090598499560177e-09, 2.80680659790334e-09, 2.3105627781964682e-09, 1.902884274023794e-09, 1.569133276648076e-09, 1.2915332169186052e-09, 1.0594731167507536e-09, 8.665808825237868e-10]
W_list: [5]
L_list: [5.322610040038317]
