C_final_list: [1.6640335067574478e-06, 1.5996394243474398e-06, 1.5364974815976689e-06, 1.4759120041579982e-06, 1.4176512576826678e-06, 1.3605630492668542e-06, 1.3056775549295227e-06, 1.2525565858930373e-06, 1.201564275353579e-06, 1.1534220153408575e-06, 1.1071807360995018e-06, 1.063516496205843e-06, 1.0213488357586358e-06, 9.809230985270878e-07, 9.423001173054669e-07, 9.053085268266813e-07, 8.700338403412782e-07, 8.356403189613994e-07, 8.026150346718851e-07, 7.710137863321028e-07, 7.400522509559329e-07, 7.100261769927653e-07, 6.811367428265153e-07, 6.535930603470677e-07, 6.268621449044103e-07, 6.013141194645236e-07, 5.77067953393875e-07, 5.536638029137685e-07, 5.311083471531354e-07, 5.096602291176854e-07, 4.890327997355023e-07, 4.6906135952333724e-07, 4.498876569588383e-07, 4.313924043815587e-07, 4.1328323633731943e-07, 3.9599372907140473e-07, 3.7939764266468517e-07, 3.6344561973506433e-07, 3.4829068811268266e-07, 3.3379388926639075e-07, 3.19726045748752e-07, 3.0614614432809807e-07, 2.9304843215894803e-07, 2.803228607458773e-07, 2.682660807486144e-07, 2.5663572747517295e-07, 2.4557300651729096e-07, 2.3502003292003118e-07, 2.2496270146738868e-07, 2.1524124768599696e-07]
ndim2: 500
W_list: [3.3]
L_list: [24.355135841170274]
