C_final_list: [2.230603082960356e-06, 2.014585491542163e-06, 1.8106863518551007e-06, 1.6257965059609782e-06, 1.4608780750380318e-06, 1.3152865268193466e-06, 1.1818268286132167e-06, 1.0634212595045487e-06, 9.57507248124278e-07, 8.633850206269042e-07, 7.77214115076505e-07, 6.997303646766495e-07, 6.305354456096196e-07, 5.676621430693164e-07, 5.117911542051298e-07, 4.5986497462238867e-07, 4.134716880150592e-07, 3.709851949422969e-07, 3.3251341180965946e-07, 2.9841698293568427e-07, 2.6714458423418036e-07, 2.3903580779530527e-07, 2.1378900565202675e-07, 1.9116232822801497e-07, 1.7150486287502564e-07, 1.5347172762533428e-07, 1.3744877643942273e-07, 1.229842544477084e-07, 1.10233425100021e-07, 9.856042870330519e-08, 8.826985284456334e-08, 7.899415886580828e-08, 7.058898863978324e-08, 6.301336489814762e-08, 5.62340751270842e-08, 5.023217897391042e-08, 4.484278610849972e-08, 4.001918734113201e-08, 3.574535658851436e-08, 3.199873694105981e-08, 2.8597598308326352e-08, 2.5539473600104873e-08, 2.285132340472237e-08, 2.042115087725123e-08, 1.8207798554687084e-08, 1.623374335277877e-08, 1.4450520437974427e-08, 1.2866279926092981e-08, 1.1465391485076222e-08, 1.018137237628154e-08]
ndim2: 500
W_list: [2.6]
L_list: [9.423377484431827]
