C_final_list: [2.2415827756175803e-06, 2.161222250118608e-06, 2.0783191496555124e-06, 1.9988128417634347e-06, 1.9238447645335053e-06, 1.8512995874876687e-06, 1.7817138755057005e-06, 1.7156870824177735e-06, 1.6516286410233123e-06, 1.5894624464975202e-06, 1.5293896509937889e-06, 1.4707757849698743e-06, 1.4146458090933443e-06, 1.3614361555964778e-06, 1.3098387897981957e-06, 1.2607644512715452e-06, 1.214096114936691e-06, 1.1686294565662092e-06, 1.1247140727950897e-06, 1.082439236814975e-06, 1.0416519551601767e-06, 1.0029971604952867e-06, 9.658047078431855e-07, 9.295308373626949e-07, 8.936749290147503e-07, 8.593844779020123e-07, 8.262822838057438e-07, 7.938558424786316e-07, 7.62354611002292e-07, 7.322933652328881e-07, 7.03467472617221e-07, 6.75409143190508e-07, 6.485625354368734e-07, 6.228868286760081e-07, 5.981890432510384e-07, 5.745983707487456e-07, 5.520088233513175e-07, 5.302681319109917e-07, 5.091506366651529e-07, 4.890779763992585e-07, 4.6988992623242815e-07, 4.5113259388076654e-07, 4.3313765015016425e-07, 4.1555593691103584e-07, 3.9889627360312847e-07, 3.830502586834376e-07, 3.675282277167831e-07, 3.5264238404284084e-07, 3.3842360858393397e-07, 3.2482614290783394e-07]
ndim2: 500
W_list: [2.2]
L_list: [25.738253338557023]
