R_list= [ 1  2  3  4  5  6  7  8  9 10 11 12 13 14 15 16 17 18 19 20 21 22 23 24
 25 26 27 28 29 30 31 32 33 34 35 36 37 38]
C_final_list= [3.340542204978807e-05, 2.1184423289964182e-05, 1.3357442504053684e-05, 8.406906035272685e-06, 5.296318933622989e-06, 3.327121654762657e-06, 2.085733004419505e-06, 1.3076816447511961e-06, 8.2116911685254e-07, 5.114479168310949e-07, 3.2056053909983364e-07, 2.005728342278633e-07, 1.254189559903631e-07, 7.845700764635669e-08, 4.9012947815627655e-08, 3.053641750357015e-08, 1.900458591672785e-08, 1.1795417078904861e-08, 7.250731422960913e-09, 4.464010939479485e-09, 2.7468582012032157e-09, 1.6760306639558855e-09, 1.0269966139536622e-09, 6.337479433627874e-10, 3.924451547893763e-10, 2.4351734741811974e-10, 1.4997890363841435e-10, 9.188033086363014e-11, 5.66849626769019e-11, 3.496137698372924e-11, 2.1223180609404568e-11, 1.2969392399584406e-11, 7.95831413312619e-12, 5.022351257983246e-12, 3.2069056809509018e-12, 2.0039770223392403e-12, 1.259490484211581e-12, 7.914919498856018e-13]
W_list: [8.5]
L_list: [2.174335092846182]
