C_final_list: [2.1317276352126106e-06, 2.0913405475559306e-06, 2.0514747275485285e-06, 2.01244950137152e-06, 1.9741729028913775e-06, 1.9368835563236277e-06, 1.8999785211279587e-06, 1.8633528714722302e-06, 1.8280235635532685e-06, 1.7934020785753363e-06, 1.7595479395838022e-06, 1.7259544435926521e-06, 1.6932947529391378e-06, 1.6608585840179848e-06, 1.6294920933435911e-06, 1.5988765731201452e-06, 1.5684692846585864e-06, 1.538732772493852e-06, 1.5094728710796976e-06, 1.4801433970042727e-06, 1.4515331251360682e-06, 1.4236896048554988e-06, 1.3961589237494135e-06, 1.36950205025566e-06, 1.3433624121856632e-06, 1.3174583652188296e-06, 1.2918522820531121e-06, 1.2670429214545766e-06, 1.2427245960371623e-06, 1.2188913758954257e-06, 1.1954430896840858e-06, 1.172382275885351e-06, 1.14972935425718e-06, 1.1276192522331752e-06, 1.1058823651591352e-06, 1.0842834863756034e-06, 1.0632914333320975e-06, 1.0423887956621331e-06, 1.0219516489129171e-06, 1.0020026775968761e-06, 9.822682202475954e-07, 9.630143126718875e-07, 9.442223258416225e-07, 9.254515897637257e-07, 9.071179694351158e-07, 8.890920222438488e-07, 8.714639977542828e-07, 8.541521991619079e-07, 8.37121597930236e-07, 8.202459044108666e-07]
ndim2: 500
W_list: [2.4]
L_list: [51.58535504096488]
