C_final_list: [2.203944899314627e-06, 2.1034740916274087e-06, 2.003002074404981e-06, 1.9066554801887062e-06, 1.8142269435711623e-06, 1.7267945081121295e-06, 1.6441294349828842e-06, 1.5649039534316316e-06, 1.489394406764944e-06, 1.4168124769709349e-06, 1.349727280172552e-06, 1.2847669532218433e-06, 1.2231488497538323e-06, 1.164878316430396e-06, 1.1081281579752197e-06, 1.0549895092810324e-06, 1.0037958283405567e-06, 9.549575498404757e-07, 9.082147521177716e-07, 8.638645322120544e-07, 8.210480452690296e-07, 7.805515398542671e-07, 7.416075513414462e-07, 7.048633501932938e-07, 6.70517761088364e-07, 6.376197712316627e-07, 6.062398501620508e-07, 5.763881310273688e-07, 5.479954000163316e-07, 5.206697446782006e-07, 4.948953001214938e-07, 4.702676113947906e-07, 4.464778397381587e-07, 4.2374202147997697e-07, 4.024130044005174e-07, 3.819251531100084e-07, 3.6268993154073767e-07, 3.440832481935917e-07, 3.264268130424143e-07, 3.097416227032044e-07, 2.9370583209330547e-07, 2.7853540762178044e-07, 2.6425536981851583e-07, 2.506268483801402e-07, 2.3747551992345732e-07, 2.249272661496545e-07, 2.130701220079787e-07, 2.0186032835822922e-07, 1.913477073799698e-07, 1.8132260984786254e-07]
ndim2: 500
W_list: [2.6]
L_list: [20.0061913504899]
