R_list= [ 1  2  3  4  5  6  7  8  9 10 11 12 13 14 15 16 17 18 19 20 21 22 23 24
 25 26 27 28 29 30 31 32 33 34 35 36 37 38]
C_final_list= [2.1451002225333607e-05, 1.7487974145119395e-05, 1.4146973638285048e-05, 1.1390584854540338e-05, 9.158117866017535e-06, 7.379086425525214e-06, 5.938731301285749e-06, 4.77703371750449e-06, 3.8418454233271575e-06, 3.088997891389485e-06, 2.480736964385403e-06, 1.9902002368523413e-06, 1.5967618598301246e-06, 1.281540033468451e-06, 1.028128305616497e-06, 8.242001253466438e-07, 6.606718674839713e-07, 5.295099518542885e-07, 4.2477123355956414e-07, 3.410199774310381e-07, 2.739167523158004e-07, 2.198838862442193e-07, 1.765285050269411e-07, 1.414028807133921e-07, 1.1308432259227631e-07, 9.051228597825946e-08, 7.24538781322196e-08, 5.791241966470528e-08, 4.622705892921501e-08, 3.6947980588115735e-08, 2.9479756285715266e-08, 2.3513809648964288e-08, 1.876781946423099e-08, 1.4993371045860316e-08, 1.2014320635728873e-08, 9.622766617902316e-09, 7.704878465526867e-09, 6.174081570432792e-09]
W_list: [8.2]
L_list: [4.650258553508843]
