C_list:
1.31160739078336e-06 0.062232392250987534
ndim2: 500
W_list: [2.6]
L_list: [16.068802175672936]
