R_list= [ 1  2  3  4  5  6  7  8  9 10 11 12 13 14 15 16 17 18 19 20 21 22 23 24
 25 26 27 28 29 30 31 32 33 34 35 36 37 38]
C_final_list= [5.600374123423044e-06, 4.913746912247297e-06, 4.291157845868947e-06, 3.738539547617002e-06, 3.254443245051627e-06, 2.8339096509594594e-06, 2.464825830471134e-06, 2.1423077582043698e-06, 1.8627967910995127e-06, 1.6206585013834492e-06, 1.4077971850530543e-06, 1.2195508376258998e-06, 1.0569068707256793e-06, 9.148961372740382e-07, 7.921174983347261e-07, 6.871786055549617e-07, 5.948635488543567e-07, 5.15202509856042e-07, 4.465256669777699e-07, 3.864987775871679e-07, 3.3407242093164594e-07, 2.8850853922264973e-07, 2.49246017833435e-07, 2.1495517705950485e-07, 1.8521152629831966e-07, 1.5962581599117884e-07, 1.3754330796940438e-07, 1.1866778237247942e-07, 1.0233727685212158e-07, 8.831313279239472e-08, 7.617020065579501e-08, 6.576274400275549e-08, 5.6763139735054594e-08, 4.901921903739969e-08, 4.234702271186633e-08, 3.658635092186132e-08, 3.16439099833531e-08, 2.7407095701435553e-08]
W_list: [7.0]
L_list: [7.177590994360853]
