C_final_list: [8.280189142266105e-07, 7.887458162801716e-07, 7.489944984352331e-07, 7.103817530832161e-07, 6.735745260253958e-07, 6.386236515984676e-07, 6.048885441966359e-07, 5.725439119795981e-07, 5.416188137259278e-07, 5.124415528686928e-07, 4.843965531486213e-07, 4.5790434333897504e-07, 4.3286692126977924e-07, 4.088940691697519e-07, 3.8621405322898043e-07, 3.648846272378507e-07, 3.4441717143052055e-07, 3.250325591240369e-07, 3.0689246848613616e-07, 2.895750694129234e-07, 2.7336515321524125e-07, 2.578305677294146e-07, 2.43272793525172e-07, 2.2951846319098517e-07, 2.1654870488229985e-07, 2.0442335020056645e-07, 1.9293128264313903e-07, 1.8204630354510938e-07, 1.7173837722551386e-07, 1.620384809487229e-07, 1.5287166936637366e-07, 1.441938980799392e-07, 1.35958795067655e-07, 1.282044742670097e-07, 1.2082009096468908e-07]
ndim2: 500
W_list: [4.0]
L_list: [17.849581996460742]
