R_list= [ 1  2  3  4  5  6  7  8  9 10 11 12 13 14 15 16 17 18 19 20 21 22 23 24
 25 26 27 28 29 30 31 32 33 34 35 36 37 38]
C_final_list= [7.215574235193436e-06, 6.262249024454699e-06, 5.388153053306764e-06, 4.618982903155397e-06, 3.952166731026622e-06, 3.3809535912069134e-06, 2.887087534925803e-06, 2.4634222951041208e-06, 2.1023637177479525e-06, 1.793430941916903e-06, 1.5305231349701454e-06, 1.3065427396336186e-06, 1.1140384076373994e-06, 9.49828656139862e-07, 8.094253835723966e-07, 6.899121968950558e-07, 5.87815215875517e-07, 5.011642650184688e-07, 4.267543494811832e-07, 3.629921156388073e-07, 3.089620786932972e-07, 2.6299311774387734e-07, 2.2369559014837478e-07, 1.9017617524154976e-07, 1.616984410188486e-07, 1.374735596272645e-07, 1.1680535703971343e-07, 9.928406878064677e-08, 8.445946325007985e-08, 7.19283220275411e-08, 6.123746002935736e-08, 5.212192216945438e-08, 4.440307889643971e-08, 3.7843876948706817e-08, 3.225079923844374e-08, 2.7482270692213997e-08, 2.3389035845760687e-08, 1.9870412484992624e-08]
W_list: [7.95]
L_list: [6.428949408161998]
