R_list= [ 1  2  3  4  5  6  7  8  9 10 11 12 13 14 15 16 17 18 19 20 21 22 23 24
 25 26 27 28 29 30 31 32 33 34 35 36 37 38]
C_final_list= [6.795790598771141e-07, 6.373652491154626e-07, 5.943600003610833e-07, 5.526149965191735e-07, 5.128934651304829e-07, 4.754593199649393e-07, 4.4054485759995327e-07, 4.079568752722984e-07, 3.778067483896432e-07, 3.497952695230801e-07, 3.2374349105006714e-07, 2.998501146938518e-07, 2.778043114259636e-07, 2.573481112564891e-07, 2.382543786195209e-07, 2.20299343193449e-07, 2.0363118776767747e-07, 1.8805851986812135e-07, 1.7353044825416868e-07, 1.6012903780770517e-07, 1.4779827527803076e-07, 1.3643293173110537e-07, 1.259682301465734e-07, 1.162610692037902e-07, 1.0729969827117312e-07, 9.898501598798051e-08, 9.126797337640821e-08, 8.411609291427247e-08, 7.753856697391902e-08, 7.145473394900698e-08, 6.587804755605736e-08, 6.075723909632694e-08, 5.5998933243875595e-08, 5.160761272526141e-08, 4.754534770621859e-08, 4.381027726064121e-08, 4.03311585105145e-08, 3.7121950843184536e-08]
W_list: [7.6]
L_list: [13.02092596111796]
