R_list= [ 1  2  3  4  5  6  7  8  9 10 11 12 13 14 15 16 17 18 19 20 21 22 23 24
 25 26 27 28 29 30 31 32 33 34 35 36 37 38]
C_final_list= [6.164961991579993e-07, 3.2464006376099493e-07, 1.505847027829472e-07, 6.706323923334028e-08, 2.9578970946811304e-08, 1.3080271047591829e-08, 5.8148671761859484e-09, 2.548400079192445e-09, 1.092544469611018e-09, 4.631796655428128e-10, 1.946944616335547e-10, 8.195526258049515e-11, 3.3885351485463936e-11, 1.3842228232489882e-11, 5.591777064124166e-12, 2.2880655940733077e-12, 9.418134687403028e-13, 3.6616521044022183e-13, 1.365963803893244e-13, 5.1356001388448876e-14, 1.9755747803937455e-14, 7.55167753907078e-15, 2.8315882784899816e-15, 1.0838719231872026e-15, 4.338679741658754e-16, 1.8398766395701523e-16, 7.116604148801205e-17, 2.6095535286127456e-17, 9.89056708726546e-18, 4.04216250010756e-18, 1.5272451261983621e-18, 5.245724312960559e-19, 1.724213480967693e-19, 5.6743885410715e-20, 1.9155424337107083e-20, 6.43943881030785e-21, 2.178580726652226e-21, 8.541683921489373e-22]
W_list: [6]
L_list: [1.4276823517737043]
