C_final_list: [2.307914570019484e-06, 2.2237933336149544e-06, 2.1403138781089537e-06, 2.060182708030165e-06, 1.983209372075372e-06, 1.9088842987021573e-06, 1.8368813009250003e-06, 1.7673744375520183e-06, 1.7004266159199857e-06, 1.6362766754821313e-06, 1.5746470722399558e-06, 1.5146683723943535e-06, 1.4567048649535194e-06, 1.401703069485615e-06, 1.3481261268545425e-06, 1.2964277537369436e-06, 1.2469898211660188e-06, 1.19938894783198e-06, 1.153664926644943e-06, 1.1101940216978518e-06, 1.068746216359961e-06, 1.0288276203671615e-06, 9.90136579981541e-07, 9.531859592504218e-07, 9.177573026137197e-07, 8.834592849424166e-07, 8.505106914190506e-07, 8.18453914598411e-07, 7.877821506415929e-07, 7.574852095274733e-07, 7.28350640851935e-07, 7.002575488218694e-07, 6.737436562260858e-07, 6.482586030086273e-07, 6.233508779824131e-07, 5.993708650191576e-07, 5.761639530614284e-07, 5.537488249345247e-07, 5.323241595628816e-07, 5.116665842783342e-07, 4.914027074195155e-07, 4.71922432275473e-07, 4.5320518627469853e-07, 4.3523056519496713e-07, 4.1768492465907664e-07, 4.009783173205942e-07, 3.846634075688922e-07, 3.691545460315114e-07, 3.5423226634994973e-07, 3.399399050840417e-07]
ndim2: 500
W_list: [2.2]
L_list: [25.866905267309697]
