C_list:
1.994315675557762e-06 0.06489111449449216
ndim2: 500
W_list: [1.4]
L_list: [15.410430346128178]
