R_list= [ 1  2  3  4  5  6  7  8  9 10 11 12 13 14 15 16 17 18 19 20 21 22 23 24
 25 26 27 28 29 30 31 32 33 34 35 36 37 38]
C_final_list= [3.589527765777245e-07, 3.0438586653256935e-07, 2.5806503566207025e-07, 2.1678466125790417e-07, 1.818497954631593e-07, 1.5282355947136225e-07, 1.286247831121924e-07, 1.0839534010620555e-07, 9.106439093131843e-08, 7.630454238191142e-08, 6.383290288185556e-08, 5.3182395505861976e-08, 4.4344787531359596e-08, 3.7003584566724775e-08, 3.0869114315112396e-08, 2.5698798925182562e-08, 2.1398966889545866e-08, 1.7844379740928425e-08, 1.4881005189591508e-08, 1.2370619679189542e-08, 1.029383197492517e-08, 8.554453703507953e-09, 7.105597005717756e-09, 5.905068487840161e-09, 4.916833244724828e-09, 4.0977930518517785e-09, 3.406443871339599e-09, 2.8361895896380067e-09, 2.354409216131786e-09, 1.960614784631464e-09, 1.6344567525765414e-09, 1.3614461980565308e-09, 1.1311721741946834e-09, 9.383440186208093e-10, 7.760791029336284e-10, 6.433024531050746e-10, 5.341296823064929e-10, 4.436573931729764e-10]
W_list: [7]
L_list: [5.77020751156149]
