C_final_list: [1.6743684446475917e-06, 1.6487903111476276e-06, 1.6234184364603723e-06, 1.5985560941097217e-06, 1.5741157062040525e-06, 1.55052209871826e-06, 1.5274329042968051e-06, 1.5046539129806254e-06, 1.4823485894052504e-06, 1.4605846453147434e-06, 1.4392749958856817e-06, 1.418204035171053e-06, 1.3978137613496379e-06, 1.3777954296155581e-06, 1.3577650445989156e-06, 1.3380469769471712e-06, 1.3185912406356262e-06, 1.2993016231262418e-06, 1.2805371063331e-06, 1.261598605042865e-06, 1.242948754811168e-06, 1.2245863678819236e-06, 1.2064980720594784e-06, 1.1886274557344334e-06, 1.171004428847179e-06, 1.1538352099151507e-06, 1.137002394499034e-06, 1.1202006628657034e-06, 1.1036515881144535e-06, 1.0873531236975192e-06, 1.071070992768471e-06, 1.0550595351830353e-06, 1.039215432527319e-06, 1.0235359030460552e-06, 1.0082711089948643e-06, 9.934081065673033e-07, 9.78754821121772e-07, 9.64323735898796e-07, 9.501350790379406e-07, 9.359418724425608e-07, 9.218659575549747e-07, 9.081158253216588e-07, 8.94401706533362e-07, 8.809315658308393e-07, 8.67745528493862e-07, 8.547172625974489e-07, 8.418454866802059e-07, 8.29168629667955e-07, 8.166810359866136e-07, 8.04339140732917e-07]
ndim2: 500
W_list: [3.0]
L_list: [67.20129325117175]
