R_list= [ 1  2  3  4  5  6  7  8  9 10 11 12 13 14 15 16 17 18 19 20 21 22 23 24
 25 26 27 28 29 30 31 32 33 34 35 36 37 38]
C_final_list= [2.395537943205765e-05, 1.9875622244299545e-05, 1.635878705553556e-05, 1.3424339114003082e-05, 1.1012792663730783e-05, 9.02516561946835e-06, 7.389534790048162e-06, 6.046951422636105e-06, 4.94441742841242e-06, 4.039708531701915e-06, 3.301939749994451e-06, 2.699617402761168e-06, 2.204643114287576e-06, 1.8003170708541061e-06, 1.4685275116068065e-06, 1.2001115557677537e-06, 9.80290115292791e-07, 7.988189090839306e-07, 6.505566363308581e-07, 5.303136921285097e-07, 4.324848715178272e-07, 3.5269293031433414e-07, 2.8761298555392434e-07, 2.34563189485536e-07, 1.919161971569784e-07, 1.5707887079140938e-07, 1.286135275845177e-07, 1.0530398725649707e-07, 8.630766673464723e-08, 7.062568323522175e-08, 5.788448298116727e-08, 4.747890207331294e-08, 3.894793939070896e-08, 3.1880751616865154e-08, 2.6051547395576892e-08, 2.132483444945998e-08, 1.744751688730507e-08, 1.4241571305342106e-08]
W_list: [7.95]
L_list: [5.0618185485291765]
