R_list= [ 1  2  3  4  5  6  7  8  9 10 11 12 13 14 15 16 17 18 19 20 21 22 23 24
 25 26 27 28 29 30 31 32 33 34 35 36 37 38]
C_final_list= [3.324863329106195e-05, 2.1028243620045005e-05, 1.3279210021423946e-05, 8.365475663513242e-06, 5.27131154342795e-06, 3.303443918619302e-06, 2.0729877857755535e-06, 1.2996842255479688e-06, 8.149474537241735e-07, 5.111193040577997e-07, 3.2030014762958284e-07, 2.00603257925267e-07, 1.2553997821809608e-07, 7.86443707803839e-08, 4.918035789600686e-08, 3.085819885391308e-08, 1.9461282682120174e-08, 1.2090205944113462e-08, 7.503165277683771e-09, 4.663736656296401e-09, 2.905059640878906e-09, 1.805958379124539e-09, 1.1226944932864886e-09, 6.969073486222018e-10, 4.3153260230690587e-10, 2.6490426614862497e-10, 1.6299031622951623e-10, 1.0052745818648917e-10, 6.376373025767047e-11, 3.8374080325313005e-11, 2.2622062972922356e-11, 1.3450135398618163e-11, 8.335137335535503e-12, 5.261004323699018e-12, 3.3103913299131923e-12, 2.005353265300794e-12, 1.2800198744946855e-12, 7.949951324592829e-13]
W_list: [8.5]
L_list: [2.172288433151391]
