R_list= [ 1  2  3  4  5  6  7  8  9 10 11 12 13 14 15 16 17 18 19 20 21 22 23 24
 25 26 27 28 29 30 31 32 33 34 35 36 37 38]
C_final_list= [4.4157154490043154e-07, 3.941644813840168e-07, 3.4896029745134827e-07, 3.077585490231873e-07, 2.707130889721917e-07, 2.3816503425596672e-07, 2.0955275501206054e-07, 1.8429281284207124e-07, 1.619986518075835e-07, 1.4203919869384502e-07, 1.2441122634145954e-07, 1.0901122671549917e-07, 9.553683189616831e-08, 8.375748707583062e-08, 7.343801425886298e-08, 6.431330874949176e-08, 5.627998206668338e-08, 4.919281071808638e-08, 4.296849961981451e-08, 3.756443233499835e-08, 3.278405736548485e-08, 2.8614399181434966e-08, 2.499510968500103e-08, 2.1825282264031835e-08, 1.907529513365084e-08, 1.665392408341144e-08, 1.4507501397357376e-08, 1.2615393291376361e-08, 1.0966031121104308e-08, 9.549255882838997e-09, 8.311204233602078e-09, 7.223921539488829e-09, 6.271857904325177e-09, 5.450531684643256e-09, 4.7410067955498764e-09, 4.121637978357425e-09, 3.580806604470598e-09, 3.1165175662854152e-09]
W_list: [7]
L_list: [7.7908399424665795]
