R_list= [ 1  2  3  4  5  6  7  8  9 10 11 12 13 14 15 16 17 18 19 20 21 22 23 24
 25 26 27 28 29 30 31 32 33 34 35 36 37 38]
C_final_list= [2.340785604632501e-06, 2.0579079515744132e-06, 1.7898713699442304e-06, 1.550000656866622e-06, 1.340307139601198e-06, 1.157223918183876e-06, 9.990877159786167e-07, 8.637288008804098e-07, 7.461778827134635e-07, 6.441309557001828e-07, 5.561205082020043e-07, 4.799208245630402e-07, 4.13927565923575e-07, 3.567109617249044e-07, 3.076083250008281e-07, 2.6492134254132543e-07, 2.2796438491227686e-07, 1.9594471350332486e-07, 1.6855064234802547e-07, 1.4483774871260604e-07, 1.244167760398526e-07, 1.0675460098749917e-07, 9.165579528307077e-08, 7.871416581581223e-08, 6.757332231721558e-08, 5.794163602873098e-08, 4.965891006785957e-08, 4.256983398168711e-08, 3.646305906129441e-08, 3.124222231580493e-08, 2.6793536122755296e-08, 2.2981032561490543e-08, 1.968366812583395e-08, 1.6852890420185947e-08, 1.441018659151241e-08, 1.2329225486062356e-08, 1.055086957339146e-08, 9.039617624773714e-09]
W_list: [8.25]
L_list: [6.902826038533782]
