R_list= [ 1  2  3  4  5  6  7  8  9 10 11 12 13 14 15 16 17 18 19 20 21 22 23 24
 25 26 27 28 29 30 31 32 33 34 35 36 37 38]
C_final_list= [5.086983482376851e-07, 4.57179770987932e-07, 4.086645151874134e-07, 3.6402904619940637e-07, 3.2383136356230423e-07, 2.8812853749044755e-07, 2.5672503099182494e-07, 2.286130215445432e-07, 2.033397792739664e-07, 1.8056787732125912e-07, 1.60187123172952e-07, 1.4221796334538659e-07, 1.264026865159519e-07, 1.122525830874164e-07, 9.971572110724342e-08, 8.848276963449148e-08, 7.832697623291531e-08, 6.921301847351192e-08, 6.114277598841743e-08, 5.395826893359035e-08, 4.760594066021282e-08, 4.200893173682311e-08, 3.705570173450216e-08, 3.266218431679563e-08, 2.8833446756011492e-08, 2.5457268416583324e-08, 2.244797845620198e-08, 1.975488974375695e-08, 1.7387369196103924e-08, 1.5273293877340906e-08, 1.3425320427346205e-08, 1.1802001108638605e-08, 1.038462811626841e-08, 9.132438121731477e-09, 8.037287164684369e-09, 7.0607188475856435e-09, 6.204157650141933e-09, 5.456162848502085e-09]
W_list: [7]
L_list: [8.52687715882365]
