C_final_list: [1.37010166852327e-06, 1.337872557710417e-06, 1.3056876874811388e-06, 1.274602007695386e-06, 1.2441455645306123e-06, 1.214697000338502e-06, 1.185750756047163e-06, 1.1571048751117498e-06, 1.1292124288636453e-06, 1.1019929349762842e-06, 1.0754552089753956e-06, 1.049334775701325e-06, 1.023609918965656e-06, 9.986250611446764e-07, 9.742809284596647e-07, 9.506350309631448e-07, 9.274917134785891e-07, 9.048286130456866e-07, 8.82500476387565e-07, 8.608024845989091e-07, 8.397625912988375e-07, 8.193105639043674e-07, 7.990206680463835e-07, 7.791958707671256e-07, 7.598267678292821e-07, 7.410105314099004e-07, 7.227277343200477e-07, 7.048570030795666e-07, 6.873256340570825e-07, 6.701394127397854e-07, 6.533163086183315e-07, 6.369579545607199e-07, 6.20984624059989e-07, 6.055425671957164e-07, 5.902462205301711e-07, 5.752360343208718e-07, 5.608008527296034e-07, 5.467508726073119e-07, 5.330944647950599e-07, 5.196164639639663e-07, 5.064011713034927e-07, 4.935002724168256e-07, 4.808291587759822e-07, 4.685045828570256e-07, 4.56420593456132e-07, 4.4447669651753104e-07, 4.3285788052160115e-07, 4.2145190864199877e-07, 4.1041720528686604e-07, 3.9955566454978077e-07]
ndim2: 500
W_list: [3.4000000000000004]
L_list: [40.125266883108395]
