R_list= [ 1  2  3  4  5  6  7  8  9 10 11 12 13 14 15 16 17 18 19 20 21 22 23 24
 25 26 27 28 29 30 31 32 33 34 35 36 37 38]
C_final_list= [5.23584898731352e-07, 4.832143955189156e-07, 4.425276192866322e-07, 4.036776654553387e-07, 3.6767184287318665e-07, 3.3463391673037977e-07, 3.041254465797641e-07, 2.7608402478163523e-07, 2.505407426416317e-07, 2.2713667633266734e-07, 2.0561319810008815e-07, 1.8607684143942837e-07, 1.6833791050080984e-07, 1.5226055836979804e-07, 1.3770906854723648e-07, 1.2456097935230758e-07, 1.126306617999729e-07, 1.0182364525314899e-07, 9.207398245108105e-08, 8.324994000574388e-08, 7.524828852026851e-08, 6.802133913074611e-08, 6.147053420879703e-08, 5.554240001534236e-08, 5.0189869680291225e-08, 4.536496051255775e-08, 4.099687022772656e-08, 3.7049272992285926e-08, 3.346586142871888e-08, 3.023886131877086e-08, 2.7326334287094197e-08, 2.4715597637133582e-08, 2.236157700378017e-08, 2.0211313064801225e-08, 1.8253263894392775e-08, 1.650034912890978e-08, 1.491323432815263e-08, 1.3469788189062721e-08]
W_list: [8.0]
L_list: [10.348419694055355]
