C_final_list: [1.8913825476604542e-06, 1.843409172743507e-06, 1.7955511153989077e-06, 1.7494333243521117e-06, 1.7050137139300386e-06, 1.6614393322898077e-06, 1.6201888082732626e-06, 1.5790086989016361e-06, 1.5382435228593957e-06, 1.4991970436951383e-06, 1.4609642000119919e-06, 1.4238569457120407e-06, 1.3877650708984961e-06, 1.3527502470273833e-06, 1.3183879564485328e-06, 1.2848863417045553e-06, 1.252565806317152e-06, 1.2199694855794568e-06, 1.1890946091614824e-06, 1.1586394825511094e-06, 1.1291868833693662e-06, 1.1006391800812873e-06, 1.0724732711218908e-06, 1.0451503168978102e-06, 1.0186085885618034e-06, 9.927879079765402e-07, 9.677546543576172e-07, 9.431576841924216e-07, 9.191178675677431e-07, 8.959824212710608e-07, 8.734773629184717e-07, 8.512820548793439e-07, 8.294142000410068e-07, 8.078910278074167e-07, 7.867241479014539e-07, 7.659456909369737e-07, 7.457520290530465e-07, 7.26275360508155e-07, 7.072356128490979e-07, 6.885712234174778e-07, 6.703598828724486e-07, 6.525691534844294e-07, 6.351479509539268e-07, 6.182354367476623e-07, 6.018756363592484e-07, 5.858228767727713e-07, 5.701453629298576e-07, 5.54809555704066e-07, 5.398560949778564e-07, 5.253398426880276e-07]
ndim2: 500
W_list: [2.8]
L_list: [38.59992286910862]
