C_final_list: [1.617384149871776e-06, 1.5493896729921932e-06, 1.4824729787926884e-06, 1.4185166104847124e-06, 1.3578874271725092e-06, 1.299732833466648e-06, 1.2433084618390733e-06, 1.1894335503443487e-06, 1.1371049111396275e-06, 1.087781699909967e-06, 1.0407390209719073e-06, 9.958505381917725e-07, 9.525426282521116e-07, 9.114639794739065e-07, 8.722449863814772e-07, 8.345348671598264e-07, 7.986067268464019e-07, 7.637506426798456e-07, 7.307172830190495e-07, 6.99164676943897e-07, 6.691452467157504e-07, 6.403201642482772e-07, 6.128703877068558e-07, 5.858899653326137e-07, 5.605991815961125e-07, 5.366205015955929e-07, 5.132345581135637e-07, 4.908254697474986e-07, 4.6928721408734164e-07, 4.4855444900094293e-07, 4.286672820265329e-07, 4.093921712386996e-07, 3.9103923829261894e-07, 3.733659792575409e-07, 3.5641788862531464e-07, 3.400406648464489e-07, 3.244722535654333e-07, 3.095049848355392e-07, 2.9502954188765865e-07, 2.812966158329118e-07, 2.68059775955753e-07, 2.554032963197428e-07, 2.433614527804258e-07, 2.319481424481223e-07, 2.2102837875868914e-07, 2.106935650864178e-07, 2.0092707533443449e-07, 1.9160406274912384e-07, 1.8260059619552805e-07, 1.7408687561118807e-07]
ndim2: 500
W_list: [3.4000000000000004]
L_list: [22.424121958617683]
