R_list= [ 1  2  3  4  5  6  7  8  9 10 11 12 13 14 15 16 17 18 19 20 21 22 23 24
 25 26 27 28 29 30 31 32 33 34 35 36 37 38]
C_final_list= [7.998461790972837e-07, 6.900794278497783e-07, 5.948831944983124e-07, 5.09634992184142e-07, 4.3799375095379924e-07, 3.755807427304561e-07, 3.2152686314366965e-07, 2.746055489923249e-07, 2.3448185711259189e-07, 2.004771564076822e-07, 1.716709620051973e-07, 1.4688516846913784e-07, 1.2538279469799848e-07, 1.0698807527181025e-07, 9.103166578047355e-08, 7.733286149348369e-08, 6.570237893870539e-08, 5.580213887147493e-08, 4.7443888711819134e-08, 4.020453681403106e-08, 3.409188720404927e-08, 2.8890304098707784e-08, 2.447296372563365e-08, 2.0707959177565677e-08, 1.7518447212492898e-08, 1.4791552693433628e-08, 1.2518417888446112e-08, 1.0617214664224156e-08, 8.992395823658505e-09, 7.627208888231026e-09, 6.480437161676332e-09, 5.491501362117018e-09, 4.642072401991892e-09, 3.9242430063763695e-09, 3.3245690425426516e-09, 2.8201009952258408e-09, 2.385642234145259e-09, 2.0252927718704533e-09]
W_list: [6.4]
L_list: [6.4677138376963335]
