R_list= [ 1  2  3  4  5  6  7  8  9 10 11 12 13 14 15 16 17 18 19 20 21 22 23 24
 25 26 27 28 29 30 31 32]
C_final_list= [9.033323447150238e-08, 3.919541584750924e-08, 1.392207643365922e-08, 4.447192031061741e-09, 1.3440960974427866e-09, 3.937326424543624e-10, 1.1296836642680813e-10, 3.207649524269694e-11, 9.019016960701385e-12, 2.5000444403336555e-12, 6.861032174928013e-13, 1.9048812394826783e-13, 5.502480602962286e-14, 1.9591809115680827e-14, 8.561372398541265e-15, 2.9619510680946833e-15, 8.865492565379939e-16, 2.815495204996304e-16, 7.570719221075853e-17, 1.5271255659474813e-17, 2.9468567848716387e-18, 6.282742878808981e-19, 1.4315222580608773e-19, 3.271364469816731e-20, 7.459371850972534e-21, 1.726644662320724e-21, 4.1401003513053146e-22, 1.0144250493934843e-22, 2.481999396693461e-23, 5.871893802724867e-24, 1.469177067295653e-24, 4.3486658384687465e-25]
W_list: [6]
L_list: [1.1128749973962675]
