C_final_list: [1.4534509987118332e-06, 1.1367550388807436e-06, 8.826327214776236e-07, 6.891279229719811e-07, 5.344306543707553e-07, 4.1363875331328135e-07, 3.1949103660007955e-07, 2.4718032397995637e-07, 1.907251296028908e-07, 1.4678473902237372e-07, 1.1318108327805407e-07, 8.675483222822514e-08, 6.649276089985862e-08, 5.110180370868749e-08, 3.9007180058557516e-08, 2.9765063476789753e-08, 2.271277844913707e-08, 1.7355967206108153e-08, 1.3361524991277164e-08, 1.0275862027297542e-08, 7.857542981409531e-09, 5.955963891748699e-09, 4.4939924241017365e-09, 3.3748479583913907e-09, 2.53454781188549e-09, 1.9061200141848125e-09, 1.428033558718744e-09, 1.0664753269554126e-09, 7.927843670454028e-10, 5.988405685596442e-10, 4.559767429715759e-10, 3.52067248372018e-10, 2.6894222049293794e-10, 2.0352022025085936e-10, 1.5393102436303272e-10]
ndim2: 500
W_list: [4.0]
L_list: [3.9531184761700544]
