C_final_list: [9.640023720015337e-07, 8.858199432609318e-07, 8.098996643670414e-07, 7.390661192400412e-07, 6.725875384636353e-07, 6.123869064935854e-07, 5.581237583784199e-07, 5.085223446397078e-07, 4.6335467327970864e-07, 4.2200737491558095e-07, 3.83916681491574e-07, 3.49685112806466e-07, 3.183421958303957e-07, 2.8966346010356875e-07, 2.638360295062831e-07, 2.401577141584108e-07, 2.1868635815949332e-07, 1.9913356459386641e-07, 1.8124814565556092e-07, 1.647877944126402e-07, 1.4966843739822172e-07, 1.3597396060988449e-07, 1.2343460629445678e-07, 1.1214172496141611e-07, 1.0187109626371862e-07, 9.256314951786023e-08, 8.408725248004754e-08, 7.638776267711194e-08, 6.941776292586175e-08, 6.302247593938673e-08, 5.719610955691326e-08, 5.183614427061621e-08, 4.6886777581071914e-08, 4.242074517677735e-08, 3.835640472579198e-08]
ndim2: 500
W_list: [3.0]
L_list: [10.71948650565608]
