R_list= [ 1  2  3  4  5  6  7  8  9 10 11 12 13 14 15 16 17 18 19 20 21 22 23 24
 25 26 27 28 29 30 31 32 33 34 35 36 37 38]
C_final_list= [5.680142671533427e-07, 4.621782904626538e-07, 3.726334654390984e-07, 2.996206210057451e-07, 2.4043218663163033e-07, 1.930182543764564e-07, 1.5466792775676763e-07, 1.2377153599056947e-07, 9.90018305236355e-08, 7.914639556804892e-08, 6.321930928167694e-08, 5.0505016164579666e-08, 4.0360760633824216e-08, 3.214115993399478e-08, 2.5603006357836056e-08, 2.0384750672488855e-08, 1.6213745938164885e-08, 1.2919050284503477e-08, 1.0270140592559292e-08, 8.158957517429632e-09, 6.464044190003618e-09, 5.103958949419444e-09, 4.016525653188591e-09, 3.171590115817922e-09, 2.5040656304942294e-09, 1.974756124992433e-09, 1.5546859554664838e-09, 1.2197570528140865e-09, 9.600695746018518e-10, 7.575542022024178e-10, 5.991155268302255e-10, 4.732922552170311e-10, 3.7468610004880756e-10, 2.966202168317247e-10, 2.337865547819411e-10, 1.840199652958956e-10, 1.4480072492014769e-10, 1.1411285775471991e-10]
W_list: [7.4]
L_list: [4.581987554761204]
