R_list= [ 1  2  3  4  5  6  7  8  9 10 11 12 13 14 15 16 17 18 19 20 21 22 23 24
 25 26 27 28 29 30 31 32 33 34 35 36 37 38]
C_final_list= [3.289503499646592e-07, 3.0070245222316463e-07, 2.729137350686523e-07, 2.4660986088620725e-07, 2.220975014767591e-07, 1.995504144574702e-07, 1.7911680866173085e-07, 1.6061958686933577e-07, 1.4389087478305337e-07, 1.2883186016167068e-07, 1.1528690458238952e-07, 1.032376379772702e-07, 9.235170712928893e-08, 8.256730597585812e-08, 7.374940598088902e-08, 6.588308754832878e-08, 5.883392707823754e-08, 5.248491188749542e-08, 4.6772866691475825e-08, 4.162746762972413e-08, 3.704858288121548e-08, 3.29346608109982e-08, 2.9276788640978078e-08, 2.6003491560422223e-08, 2.3115285814675965e-08, 2.0559088269535777e-08, 1.828415007641443e-08, 1.6241127069266993e-08, 1.440861797594551e-08, 1.2774341705227539e-08, 1.1316418113536865e-08, 1.0030410530569417e-08, 8.873370243375255e-09, 7.838578547962994e-09, 6.9280668295451534e-09, 6.123457113640272e-09, 5.417127140093019e-09, 4.78856497026028e-09]
W_list: [8.0]
L_list: [9.248751733207643]
