C_final_list: [7.882760586490841e-07, 7.535919854361784e-07, 7.183196482294842e-07, 6.836555482521754e-07, 6.508088772735596e-07, 6.193793042409026e-07, 5.891034721639924e-07, 5.599932673073976e-07, 5.319922808053685e-07, 5.051872767495262e-07, 4.793972189525386e-07, 4.5490506586613744e-07, 4.3146890721851564e-07, 4.0961958091175484e-07, 3.8854163130977683e-07, 3.688304197227643e-07, 3.4980614981268305e-07, 3.317602492699799e-07, 3.144379495983578e-07, 2.9814500628292573e-07, 2.8269489695622415e-07, 2.6801833230235643e-07, 2.539222527195719e-07, 2.4052968320912816e-07, 2.2771266811313277e-07, 2.1555131247937667e-07, 2.0410611894384854e-07, 1.9322461232863045e-07, 1.8278787489366304e-07, 1.729363520647953e-07, 1.6357741694077558e-07, 1.5471710937854643e-07, 1.4627977640545322e-07, 1.3827842384436708e-07, 1.3069826187276617e-07]
ndim2: 500
W_list: [2.8]
L_list: [19.208296179103524]
