R_list= [ 1  2  3  4  5  6  7  8  9 10 11 12 13 14 15 16 17 18 19 20 21 22 23 24
 25 26 27 28 29 30 31 32]
C_final_list= [3.65699884254429e-07, 2.721286821080644e-07, 2.0016033601164717e-07, 1.4768267755581352e-07, 1.0917236271690816e-07, 8.081354547262353e-08, 5.98065002885194e-08, 4.433991035805925e-08, 3.276233988948059e-08, 2.4104705580933313e-08, 1.7615029204637037e-08, 1.2825866762055411e-08, 9.342405119345943e-09, 6.826091219019491e-09, 4.98741447749893e-09, 3.65919711218912e-09, 2.684917290221692e-09, 1.9615028060238385e-09, 1.4328746467623475e-09, 1.048202373100904e-09, 7.652735846908584e-10, 5.581710656583896e-10, 4.060977370346415e-10, 2.94184905250681e-10, 2.123792373315746e-10, 1.53109992437234e-10, 1.1032570638423655e-10, 7.94542661315934e-11, 5.7467168385409216e-11, 4.1542871087506024e-11, 3.002173260251362e-11, 2.1749669724678975e-11]
W_list: [6]
L_list: [3.307825832731632]
