R_list= [ 1  2  3  4  5  6  7  8  9 10 11 12 13 14 15 16 17 18 19 20 21 22 23 24
 25 26 27 28 29 30 31 32 33 34 35 36 37 38]
C_final_list= [2.1010044456383022e-06, 1.8258602942318561e-06, 1.570212226239954e-06, 1.343870461583181e-06, 1.1473793444741303e-06, 9.783609720808613e-07, 8.336771658101182e-07, 7.08925035139143e-07, 6.020509831090378e-07, 5.111633609673803e-07, 4.3425352054521544e-07, 3.687014866549385e-07, 3.1322193552961436e-07, 2.662291589410531e-07, 2.2601898695170656e-07, 1.918081398090235e-07, 1.6265049597952188e-07, 1.3775662282214247e-07, 1.1668498329423288e-07, 9.872999888194352e-08, 8.352549064980107e-08, 7.067400612503159e-08, 5.978155029432957e-08, 5.061127103033697e-08, 4.283960822970759e-08, 3.6296579459361974e-08, 3.073240504570783e-08, 2.602017994296474e-08, 2.2019090086698877e-08, 1.86197822612013e-08, 1.5760149827631987e-08, 1.3339301518415887e-08, 1.1295935593763435e-08, 9.544256712156903e-09, 8.066669682092188e-09, 6.806194608686874e-09, 5.74002223296822e-09, 4.843990264690287e-09]
W_list: [8.45]
L_list: [6.324932995659493]
