C_final_list: [2.223741543046616e-06, 2.1887080844373278e-06, 2.1542339069907143e-06, 2.1201241039120996e-06, 2.0863807514196017e-06, 2.0535936698119687e-06, 2.021256873542213e-06, 1.989589366821395e-06, 1.958760322695772e-06, 1.9283205409981697e-06, 1.8983449564311122e-06, 1.8689608437566615e-06, 1.8402102873319917e-06, 1.8120330127154691e-06, 1.784043436193493e-06, 1.75675025391857e-06, 1.7297966081513558e-06, 1.7032719150470024e-06, 1.6771074248530077e-06, 1.6515804166675531e-06, 1.6263918388467793e-06, 1.6013936218218306e-06, 1.57692734929895e-06, 1.5527155390806974e-06, 1.528745522780316e-06, 1.5051838774870235e-06, 1.482177336613942e-06, 1.459598452870239e-06, 1.4369850763319669e-06, 1.414589389766333e-06, 1.3927927338319187e-06, 1.3712076480416714e-06, 1.3499882426172658e-06, 1.3290030000824212e-06, 1.3083091118191952e-06, 1.2877532968323172e-06, 1.2674374074446269e-06, 1.247432757093039e-06, 1.227621864065802e-06, 1.2081394661341736e-06, 1.1890603292013507e-06, 1.1702999846314777e-06, 1.15202719396745e-06, 1.1340356244247156e-06, 1.1163552030165595e-06, 1.099193520727553e-06, 1.0823912075959181e-06, 1.0658940896165429e-06, 1.0494593855712285e-06, 1.0330318143115564e-06]
ndim2: 500
W_list: [2.0]
L_list: [64.09939720786721]
