C_final_list: [2.1859672755229678e-06, 2.0112574658527334e-06, 1.8400987802635316e-06, 1.6847929544644765e-06, 1.5405068432412139e-06, 1.4089687623607214e-06, 1.2881438785056938e-06, 1.181341474089313e-06, 1.082384698277295e-06, 9.930099350847363e-07, 9.098548610715074e-07, 8.318994574310983e-07, 7.596683734690792e-07, 6.923955603169058e-07, 6.334506949851536e-07, 5.779886941639838e-07, 5.281777023535042e-07, 4.820569549207779e-07, 4.405857268702203e-07, 4.027610874467312e-07, 3.6851521510680453e-07, 3.366534981134575e-07, 3.07190289714591e-07, 2.803705932607489e-07, 2.557138064070607e-07, 2.3291306872985213e-07, 2.119841256948306e-07, 1.9297390436529218e-07, 1.757011209910025e-07, 1.5997577563940279e-07, 1.453359680152912e-07, 1.323681562577789e-07, 1.2044525727746406e-07, 1.0954558420545747e-07, 9.966061584450904e-08]
ndim2: 500
W_list: [2.2]
L_list: [11.22045278602907]
