R_list= [ 1  2  3  4  5  6  7  8  9 10 11 12 13 14 15 16 17 18 19 20 21 22 23 24
 25 26 27 28 29 30 31 32 33 34 35 36 37 38]
C_final_list= [2.816631632376794e-05, 2.0865477615045713e-05, 1.5348456482827157e-05, 1.1269422069141625e-05, 8.260543931672748e-06, 6.04468988272597e-06, 4.427402069820481e-06, 3.238109151504688e-06, 2.368498495868765e-06, 1.7303129755175104e-06, 1.2638994489785562e-06, 9.221076198931937e-07, 6.741423487531208e-07, 4.900987471053564e-07, 3.560388334268046e-07, 2.5939263751684635e-07, 1.8928496583367338e-07, 1.3793236598962003e-07, 1.0060677726221103e-07, 7.333622204978586e-08, 5.3277439354374834e-08, 3.862893612138886e-08, 2.8003946614366135e-08, 2.032873732008027e-08, 1.4767580163537803e-08, 1.0718501334424284e-08, 7.766612875414832e-09, 5.628828611960026e-09, 4.079031693537042e-09, 2.9624365366531613e-09, 2.1635298686205063e-09, 1.5763735281176422e-09, 1.1452829387444472e-09, 8.276022362237051e-10, 5.995834477730511e-10, 4.357497544211855e-10, 3.2004585668387714e-10, 2.3463395236731374e-10]
W_list: [8.45]
L_list: [3.2498368890411165]
