R_list= [ 1  2  3  4  5  6  7  8  9 10 11 12 13 14 15 16 17 18 19 20 21 22 23 24
 25 26 27 28 29 30 31 32 33 34 35 36 37 38]
C_final_list= [8.006035415492767e-07, 6.90593587377716e-07, 5.921281320564365e-07, 5.074812704510548e-07, 4.3497883444930354e-07, 3.715187352731949e-07, 3.1738310827473455e-07, 2.7182786164642314e-07, 2.3238804604901476e-07, 1.9825512695547397e-07, 1.684162767208213e-07, 1.4306292007375798e-07, 1.21491349807916e-07, 1.032054232447934e-07, 8.761028367641277e-08, 7.419258667056553e-08, 6.280900942529966e-08, 5.31910932307811e-08, 4.4927879530323564e-08, 3.803375587261008e-08, 3.221538056657076e-08, 2.7184649825679368e-08, 2.2991775624505927e-08, 1.9420715219710044e-08, 1.641149036157789e-08, 1.3894296436419352e-08, 1.1751703592452463e-08, 9.952321476869368e-09, 8.420918670861964e-09, 7.130101501662037e-09, 6.026992609060407e-09, 5.106234259556773e-09, 4.313848234305276e-09, 3.6489939263796238e-09, 3.0838452389588515e-09, 2.6030956330064736e-09, 2.2006486983175058e-09, 1.857098126063877e-09]
W_list: [6.4]
L_list: [6.375792080392936]
