R_list= [ 1  2  3  4  5  6  7  8  9 10 11 12 13 14 15 16 17 18 19 20 21 22 23 24
 25 26 27 28 29 30 31 32 33 34 35 36 37 38]
C_final_list= [2.0365286204277715e-06, 1.8294072082449531e-06, 1.6794192908071183e-06, 1.5570715636461902e-06, 1.4435077493734004e-06, 1.3368902922757266e-06, 1.2375603967692227e-06, 1.1463688374342156e-06, 1.0618375519459964e-06, 9.82755359798e-07, 9.08652461704591e-07, 8.401751031124208e-07, 7.765317820481417e-07, 7.164778282046106e-07, 6.613071161585741e-07, 6.107853875147194e-07, 5.642536241356091e-07, 5.211210195143979e-07, 4.810678551933332e-07, 4.4391177168715826e-07, 4.094219918884424e-07, 3.774254724843596e-07, 3.476640573550907e-07, 3.2024538023198654e-07, 2.9497328535668494e-07, 2.716835226048378e-07, 2.5036434645364434e-07, 2.307149469440145e-07, 2.1261124102993663e-07, 1.9617150085459873e-07, 1.8118691409629327e-07, 1.6718250861662957e-07, 1.540763402136741e-07, 1.4196219085417533e-07, 1.307780653615004e-07, 1.2047255457634252e-07, 1.1107012440177847e-07, 1.0240223058450487e-07]
W_list: [4]
L_list: [12.592997517895306]
