C_final_list: [1.2118171218428502e-06, 1.020922647401034e-06, 8.532966776257483e-07, 7.131516158427995e-07, 5.964137110020778e-07, 4.982402840807265e-07, 4.15289076305353e-07, 3.4698849752195177e-07, 2.8866432524348286e-07, 2.399948889820973e-07, 2.0084934202194368e-07, 1.6843305928605762e-07, 1.403510952955292e-07, 1.1694215400561431e-07, 9.717185554395929e-08, 8.072190340262249e-08, 6.692715898519099e-08, 5.545447887972399e-08, 4.59356711073713e-08, 3.816023134567183e-08, 3.159148089629932e-08, 2.6206784487368572e-08, 2.175074257881657e-08, 1.8033708801774426e-08, 1.492299720575659e-08, 1.2336413745664277e-08, 1.0185443877555466e-08, 8.406419686564672e-09, 6.965332610823087e-09, 5.763810959641663e-09, 4.767080371585723e-09, 3.9321767824719876e-09, 3.2523887615596884e-09, 2.6775064259268533e-09, 2.2048513833543913e-09]
ndim2: 500
W_list: [4.2]
L_list: [5.564549233080721]
