C_final_list: [2.078476075590763e-06, 1.9725156408932667e-06, 1.8664693423022502e-06, 1.7666378456786817e-06, 1.6712048124430563e-06, 1.5812113680217365e-06, 1.4974526514706318e-06, 1.4181286659937233e-06, 1.3433567312595377e-06, 1.271980632896935e-06, 1.2048702073657075e-06, 1.1407138488859998e-06, 1.0793741639099846e-06, 1.0210046771543133e-06, 9.658938453656084e-07, 9.143044287639887e-07, 8.654885745091963e-07, 8.187074164769063e-07, 7.7440897805124e-07, 7.323800285056479e-07, 6.926576702975811e-07, 6.561097402708501e-07, 6.210568929431097e-07, 5.877346448827011e-07, 5.563053633398487e-07, 5.262988391862619e-07, 4.978644247048575e-07, 4.710070869624812e-07, 4.452644956863074e-07, 4.2109260526695354e-07, 3.9797905407655905e-07, 3.7602051174558773e-07, 3.553979062075288e-07, 3.3605950107657617e-07, 3.174350624697206e-07, 2.996733066028409e-07, 2.82853885302932e-07, 2.6709165746623094e-07, 2.520987189172097e-07, 2.3798140653813362e-07, 2.248736910794864e-07, 2.124621716702907e-07, 2.0077134105488918e-07, 1.8973065841503058e-07, 1.7926504822672576e-07, 1.6941319741532324e-07, 1.6011466048513326e-07, 1.5126105732428465e-07, 1.4291737239789498e-07, 1.3486384522075455e-07]
ndim2: 500
W_list: [2.8]
L_list: [18.113952243985715]
