R_list= [ 1  2  3  4  5  6  7  8  9 10 11 12 13 14 15 16 17 18 19 20 21 22 23 24
 25 26 27 28 29 30 31 32 33 34 35 36 37 38]
C_final_list= [4.040984360942281e-07, 3.1865227425881367e-07, 2.522414783917835e-07, 1.9780752763584736e-07, 1.5574042340587173e-07, 1.225007127942219e-07, 9.623465717518926e-08, 7.564329225125607e-08, 5.9520511350312995e-08, 4.679374116116358e-08, 3.6632325795163814e-08, 2.8587019114221115e-08, 2.220941271737693e-08, 1.7299366595980365e-08, 1.3492513791147473e-08, 1.0518607448973281e-08, 8.183937486838283e-09, 6.3486058304463945e-09, 4.946817118084666e-09, 3.8527100086658295e-09, 3.0047997998201847e-09, 2.351853290086192e-09, 1.8319858702126076e-09, 1.4265551208644557e-09, 1.1089729965860309e-09, 8.614883455781333e-10, 6.664345667812862e-10, 5.159827973298388e-10, 3.9955242440161664e-10, 3.0892452583788593e-10, 2.392591474252992e-10, 1.8527798981735565e-10, 1.4340070906862562e-10, 1.1000624523511249e-10, 8.485519584627446e-11, 6.523951766922408e-11, 5.049825124061235e-11, 3.8936653249695477e-11]
W_list: [7]
L_list: [4.174663483134613]
