C_final_list: [1.9960941944137054e-06, 1.8619901074036226e-06, 1.732792636615842e-06, 1.6112310604313254e-06, 1.4976242734409928e-06, 1.3909488179187447e-06, 1.292999302333898e-06, 1.2009693644079131e-06, 1.1163137256198173e-06, 1.037919285286972e-06, 9.651134494139527e-07, 8.975944436788587e-07, 8.346736433607699e-07, 7.761256800261663e-07, 7.227089506238829e-07, 6.71501817239021e-07, 6.240327441343636e-07, 5.804087351564085e-07, 5.401362510309338e-07, 5.018017896774348e-07, 4.6624098455420656e-07, 4.333494863961994e-07, 4.027541882332556e-07, 3.7381089110077504e-07, 3.469684619441094e-07, 3.221799701594693e-07, 2.989698349168728e-07, 2.7729960138218906e-07, 2.5740834513588357e-07, 2.3895890597610787e-07, 2.2187289931263602e-07, 2.0559876282456283e-07, 1.9054961966483353e-07, 1.7676573088377621e-07, 1.6390653575627537e-07, 1.521612010959071e-07, 1.4124513225395437e-07, 1.3096803147272927e-07, 1.2137798770548431e-07, 1.1252692135019622e-07, 1.0441739259426027e-07, 9.679848986678448e-08, 8.969576698472028e-08, 8.325585413718388e-08, 7.723531229295731e-08, 7.143803514423359e-08, 6.604939987799171e-08, 6.113855083681291e-08, 5.655414284569529e-08, 5.2248284878760323e-08]
ndim2: 500
W_list: [3.2]
L_list: [13.67453928636342]
