C_final_list: [1.4866323763039216e-06, 1.4106084088581743e-06, 1.33680284057116e-06, 1.2660008772233977e-06, 1.1996535271962518e-06, 1.136156526305319e-06, 1.0769751472016245e-06, 1.0196402023502018e-06, 9.651084091563451e-07, 9.138411266800219e-07, 8.650344987164036e-07, 8.189513035846908e-07, 7.76358951714255e-07, 7.359016066115795e-07, 6.97407878856376e-07, 6.612527078990326e-07, 6.265459034700834e-07, 5.936053416294874e-07, 5.623193741111519e-07, 5.328467630408887e-07, 5.050463097734174e-07, 4.786132281968638e-07, 4.533589575408045e-07, 4.2946111852131497e-07, 4.066413121729881e-07, 3.8501686094676915e-07, 3.646171843286489e-07, 3.448040499391477e-07, 3.260607879673372e-07, 3.08393578383758e-07, 2.919798469138596e-07, 2.7649627621324966e-07, 2.6173257154213434e-07, 2.4752465367194936e-07, 2.3410047617308726e-07, 2.214958765842036e-07, 2.0943538436898236e-07, 1.981426743074198e-07, 1.8746623706066188e-07, 1.771800893872125e-07, 1.673955583128346e-07, 1.5818899787588903e-07, 1.4949823678929838e-07, 1.4123085744925644e-07, 1.333915603206805e-07, 1.2594741685321024e-07, 1.1891622204047908e-07, 1.1230011841036409e-07, 1.0604145661789031e-07, 1.0001913273286533e-07]
ndim2: 500
W_list: [3.6]
L_list: [18.405252667269526]
