R_list= [ 1  2  3  4  5  6  7  8  9 10 11 12 13 14 15 16 17 18 19 20 21 22 23 24
 25 26 27 28 29 30 31 32 33 34 35 36 37 38]
C_final_list= [2.0807895846752367e-05, 1.6867556679849298e-05, 1.3548382938308753e-05, 1.08502582597766e-05, 8.67249220600546e-06, 6.927089296707135e-06, 5.528013543217659e-06, 4.410260548040135e-06, 3.5127853209234867e-06, 2.7974035612950514e-06, 2.2280815530854603e-06, 1.7760727099644957e-06, 1.4151148712717414e-06, 1.1278865533257687e-06, 8.992047110994266e-07, 7.158499678416772e-07, 5.705692899204606e-07, 4.549962977761444e-07, 3.6246199385140825e-07, 2.888998658969127e-07, 2.3050253357388373e-07, 1.834757438823625e-07, 1.4617830891842738e-07, 1.1656661705381312e-07, 9.274569967464611e-08, 7.385890341882018e-08, 5.8913641941188874e-08, 4.6963492791227664e-08, 3.749939616928152e-08, 2.9909481908979006e-08, 2.3796686938304004e-08, 1.8976388903260942e-08, 1.512392597688652e-08, 1.2035886469734907e-08, 9.566714842111006e-09, 7.609848929033823e-09, 6.038996994340796e-09, 4.81291516360237e-09]
W_list: [8.3]
L_list: [4.505822246320739]
