C_final_list: [1.9888513318578524e-06, 1.8946617699332842e-06, 1.7982688851612671e-06, 1.7069211878975566e-06, 1.6210157390372212e-06, 1.5401486747510646e-06, 1.4645327841415257e-06, 1.3927884367407312e-06, 1.3234432572885714e-06, 1.2573675102462595e-06, 1.1959931614646079e-06, 1.1372145790761247e-06, 1.0808516393556307e-06, 1.028585460582502e-06, 9.78255429813233e-07, 9.298464950313769e-07, 8.834282334434569e-07, 8.395309773416174e-07, 7.974832815842031e-07, 7.574770727885768e-07, 7.192275039238258e-07, 6.828743113239302e-07, 6.483385948595336e-07, 6.148882221416151e-07, 5.840952305553984e-07, 5.541677390885856e-07, 5.258692047848004e-07, 4.988552783934021e-07, 4.7268343687479947e-07, 4.4814794674268046e-07, 4.2424371478650055e-07, 4.0168383895763425e-07, 3.8009298408797457e-07, 3.597479892853594e-07, 3.4033713897771084e-07]
ndim2: 500
W_list: [2.2]
L_list: [19.540254618044965]
