R_list= [ 1  2  3  4  5  6  7  8  9 10 11 12 13 14 15 16 17 18 19 20 21 22 23 24
 25 26 27 28 29 30 31 32 33 34 35 36 37 38]
C_final_list= [3.3859015966505005e-07, 2.8184882761648247e-07, 2.305322848510344e-07, 1.8755348354079935e-07, 1.5192453757030447e-07, 1.2257277284112303e-07, 9.882166515003176e-08, 7.954168127914697e-08, 6.403869835980603e-08, 5.139801324312877e-08, 4.127610551313694e-08, 3.317247686655818e-08, 2.6620694226120222e-08, 2.1370617742066246e-08, 1.7105105363236974e-08, 1.3665114487187598e-08, 1.091989321724382e-08, 8.726241027236133e-09, 6.9478954152473484e-09, 5.527753261063074e-09, 4.386623110268999e-09, 3.484395328090506e-09, 2.770391285942336e-09, 2.1941376620253343e-09, 1.7391800209582754e-09, 1.3813924752858991e-09, 1.098516366029325e-09, 8.716358233545571e-10, 6.942103282330058e-10, 5.514560821318631e-10, 4.3744538406260165e-10, 3.4577226674224006e-10, 2.7335781852554635e-10, 2.1580470316334232e-10, 1.7087251223549685e-10, 1.3484143146854023e-10, 1.0629793994705471e-10, 8.373165269430206e-11]
W_list: [9.2]
L_list: [4.803667182962271]
