R_list= [ 1  2  3  4  5  6  7  8  9 10 11 12 13 14 15 16 17 18 19 20 21 22 23 24
 25 26 27 28 29 30 31 32]
C_final_list= [2.526055346233089e-07, 1.678651915183474e-07, 1.0637406796077502e-07, 6.678180115478479e-08, 4.192609496196592e-08, 2.637595424747149e-08, 1.6612398137490793e-08, 1.0430367197728527e-08, 6.526958118479424e-09, 4.088254371116018e-09, 2.552224750010145e-09, 1.5950876277031745e-09, 9.961293556582944e-10, 6.223719714706604e-10, 3.8697954359877903e-10, 2.397257201978343e-10, 1.4755200319715943e-10, 9.132784279167561e-11, 5.700488719884682e-11, 3.564435784951134e-11, 2.2199073241043464e-11, 1.3725039802659e-11, 8.410605096734994e-12, 5.1438959636749955e-12, 3.1294728128380333e-12, 1.9495952278899014e-12, 1.2670649259661289e-12, 8.395056537913192e-13, 5.368067826014839e-13, 3.489504636901918e-13, 2.4199137380851913e-13, 1.7479792644422548e-13]
W_list: [6]
L_list: [2.257893003090923]
