R_list= [ 1  2  3  4  5  6  7  8  9 10 11 12 13 14 15 16 17 18 19 20 21 22 23 24
 25 26 27 28 29 30 31 32 33 34 35 36 37 38]
C_final_list= [1.1794664704251881e-06, 1.0131070062884667e-06, 8.870292451152105e-07, 7.800664278373413e-07, 6.851813797667672e-07, 6.022924608952214e-07, 5.301056181799288e-07, 4.659338915729158e-07, 4.0910885220533387e-07, 3.595664792987722e-07, 3.158130156251428e-07, 2.770576193524118e-07, 2.4242558501945895e-07, 2.1158420330882993e-07, 1.846118710281068e-07, 1.6102421869299368e-07, 1.4041984142047665e-07, 1.2272547424311045e-07, 1.0743031074262003e-07, 9.417049620485475e-08, 8.249516602777521e-08, 7.216796574730335e-08, 6.311841250666395e-08, 5.5228931073396866e-08, 4.826105341610773e-08, 4.2132393387921614e-08, 3.675468804969751e-08, 3.207005831221106e-08, 2.797414306379422e-08, 2.4426778355403043e-08, 2.1302818385027386e-08, 1.855105139233109e-08, 1.6169953505469304e-08, 1.4113792566661011e-08, 1.2294293653017155e-08, 1.0683088764253554e-08, 9.272391351078946e-09, 8.03339870352371e-09]
W_list: [5]
L_list: [7.585983836898825]
