C_final_list: [1.8396706602267785e-06, 1.797593579085875e-06, 1.7556378160292804e-06, 1.7147104442006884e-06, 1.6752628190196852e-06, 1.6362381964020884e-06, 1.5985568261304449e-06, 1.5619101000123555e-06, 1.5257923746754797e-06, 1.4903242686854376e-06, 1.455774954597651e-06, 1.4221933372830426e-06, 1.388645751983608e-06, 1.3561278525769472e-06, 1.324530467946795e-06, 1.293617296795221e-06, 1.262918538662357e-06, 1.2334276681387018e-06, 1.2044256035140193e-06, 1.1761389183972227e-06, 1.1485472580904943e-06, 1.1212215353207371e-06, 1.0944435440511555e-06, 1.0682821916687205e-06, 1.0429344535099023e-06, 1.018224413941774e-06, 9.937994802232772e-07, 9.702011964625337e-07, 9.469797419716372e-07, 9.242483666748949e-07, 9.020116182569305e-07, 8.802941838688732e-07, 8.590402601613874e-07, 8.381460199656874e-07, 8.179159994922496e-07]
ndim2: 500
W_list: [2.2]
L_list: [42.11114476620987]
