R_list= [ 1  2  3  4  5  6  7  8  9 10 11 12 13 14 15 16 17 18 19 20 21 22 23 24
 25 26 27 28 29 30 31 32 33 34 35 36 37 38]
C_final_list= [4.3652769446533e-07, 4.0570352884256175e-07, 3.745814547963099e-07, 3.4480634754940353e-07, 3.170375217798653e-07, 2.91049351780462e-07, 2.669499714785748e-07, 2.4482810945936844e-07, 2.2438359218290616e-07, 2.0571710548603537e-07, 1.88641628996163e-07, 1.729317973150348e-07, 1.58486605528827e-07, 1.4521425631281233e-07, 1.3307365135508447e-07, 1.2182637842974642e-07, 1.115489619869237e-07, 1.0210903273637109e-07, 9.343379704560131e-08, 8.545244746518329e-08, 7.817601493678109e-08, 7.14016895960718e-08, 6.516639228078902e-08, 5.944440718162868e-08, 5.423560951836471e-08, 4.9477726234670895e-08, 4.510270225001592e-08, 4.110124971076557e-08, 3.7464553540216515e-08, 3.415928581600901e-08, 3.113980710422026e-08, 2.8403527733485893e-08, 2.588337925525075e-08, 2.3578942577081684e-08, 2.14548802502184e-08, 1.9516716731766342e-08, 1.7730397960495877e-08, 1.6099556271878087e-08]
W_list: [7.4]
L_list: [11.565859207095793]
