C_list:
1.4421557084781727e-06 0.04484208615837924
ndim2: 500
W_list: [2.2]
L_list: [22.300478984587542]
