C_final_list: [1.918504299276455e-06, 1.6726218247455957e-06, 1.446001929006737e-06, 1.2504243324059294e-06, 1.0845034988432178e-06, 9.407208399879506e-07, 8.150812845923912e-07, 7.073848399856288e-07, 6.13366150622992e-07, 5.31524046655439e-07, 4.614029565640808e-07, 3.98914213874274e-07, 3.4486078619464507e-07, 2.99329955132732e-07, 2.590293462833733e-07, 2.2383303593031506e-07, 1.9325449004172762e-07, 1.667822368288515e-07, 1.4396968500362094e-07, 1.2440606687895392e-07, 1.0697445226318621e-07, 9.204972918749612e-08, 7.906417706233597e-08, 6.788260837640738e-08, 5.852396061409226e-08, 5.0332916820789456e-08, 4.3304804796270005e-08, 3.725919644427663e-08, 3.211212905746456e-08, 2.7420577100312195e-08, 2.3421338162038525e-08, 2.0003008414065538e-08, 1.7010333255050827e-08, 1.448785970790099e-08, 1.233422294140392e-08, 1.049259348222462e-08, 8.911734249810808e-09, 7.604879659932225e-09, 6.478171607111973e-09, 5.540369919301892e-09, 4.709557720083122e-09, 4.025554714898465e-09, 3.44676690061104e-09, 2.948394172673623e-09, 2.5216684272491045e-09, 2.1573249146577464e-09, 1.8402325455874678e-09, 1.574481673011622e-09, 1.339356584035262e-09, 1.1278617918921192e-09]
ndim2: 500
W_list: [3.1999999999999997]
L_list: [6.973033654154762]
