C_final_list: [1.8812615516298665e-06, 1.8241598019368614e-06, 1.7678364259164362e-06, 1.7133111145120111e-06, 1.6613547623385624e-06, 1.6110660377327918e-06, 1.562413438435708e-06, 1.514269813842275e-06, 1.4679818042515404e-06, 1.4231626464903292e-06, 1.378793304164272e-06, 1.3356993419741207e-06, 1.2943217199298484e-06, 1.2540663429977373e-06, 1.2151447264405986e-06, 1.1775504742289957e-06, 1.1414397695415066e-06, 1.1063770248782573e-06, 1.0724876621435384e-06, 1.0395738994055414e-06, 1.0077250701252006e-06, 9.767317266630451e-07, 9.466021233702409e-07, 9.174456047348104e-07, 8.892715505547863e-07, 8.619682436137368e-07, 8.354763908709287e-07, 8.098105018104276e-07, 7.850447885981895e-07, 7.609914116860808e-07, 7.375249699027019e-07, 7.145603936341087e-07, 6.923395061686507e-07, 6.709262078553269e-07, 6.500467961522883e-07, 6.296879920518836e-07, 6.099573343178654e-07, 5.907460877442346e-07, 5.721431864558847e-07, 5.543802181163498e-07, 5.371858387790468e-07, 5.207646230776391e-07, 5.047512968872731e-07, 4.892887004976095e-07, 4.741243461137285e-07, 4.595069233779496e-07, 4.454586365806336e-07, 4.3186337517674737e-07, 4.1850752572081496e-07, 4.055199077637963e-07]
ndim2: 500
W_list: [3.0]
L_list: [31.94756405143419]
