C_final_list: [2.255541986954891e-06, 2.2201055901069352e-06, 2.184703781129555e-06, 2.1505994205556284e-06, 2.1169163121154877e-06, 2.084366457185354e-06, 2.0523792752731935e-06, 2.0207900448281277e-06, 1.9897706465716477e-06, 1.9593076001884742e-06, 1.9288680987821595e-06, 1.8990862685152911e-06, 1.8699625839447606e-06, 1.8412749473955226e-06, 1.812757499195931e-06, 1.7848206771716605e-06, 1.7576627932271287e-06, 1.730484024747581e-06, 1.7036027842601541e-06, 1.6769805692508737e-06, 1.65101023442639e-06, 1.6253753087964288e-06, 1.6000020780644142e-06, 1.5748526309621372e-06, 1.5504969307030857e-06, 1.5264053510188227e-06, 1.5029143062940901e-06, 1.4796876208658184e-06, 1.456910134142647e-06, 1.4341894552806986e-06, 1.4117813133270554e-06, 1.3897463239325736e-06, 1.3676761021846064e-06, 1.3459939270484522e-06, 1.3245799970399481e-06, 1.3034647362330616e-06, 1.2825429999212265e-06, 1.2621359846490405e-06, 1.2418843269608052e-06, 1.2219484274412458e-06, 1.202500797271097e-06, 1.1832007341716276e-06, 1.1644892953662753e-06, 1.1459625459433329e-06, 1.1277906136920936e-06, 1.1099058596645544e-06, 1.0921442472835663e-06, 1.0745498800854012e-06, 1.0572467865198422e-06, 1.0401114066113698e-06]
ndim2: 500
W_list: [2.0]
L_list: [63.65178311652401]
