R_list= [ 1  2  3  4  5  6  7  8  9 10 11 12 13 14 15 16 17 18 19 20 21 22 23 24
 25 26 27 28 29 30 31 32 33 34 35 36 37 38]
C_final_list= [2.8468939648658337e-05, 2.1088854371832852e-05, 1.5548113658055963e-05, 1.141700865424292e-05, 8.359857999097376e-06, 6.101722561222733e-06, 4.444578381823172e-06, 3.2420150580539537e-06, 2.365285917705321e-06, 1.7263362881894032e-06, 1.2570351497050487e-06, 9.152678643485178e-07, 6.663656778045277e-07, 4.846657408342513e-07, 3.521129056085774e-07, 2.5599825665032896e-07, 1.8657777591182183e-07, 1.3596956012108589e-07, 9.88439969149155e-08, 7.188010187731806e-08, 5.246293100555085e-08, 3.828901614739457e-08, 2.802452162327377e-08, 2.0584057956444192e-08, 1.5140629808927093e-08, 1.1182694798161623e-08, 8.21415647518781e-09, 6.036507783886148e-09, 4.431553603525852e-09, 3.2353082243302107e-09, 2.342873039922445e-09, 1.6941639439095435e-09, 1.2217988922143611e-09, 8.805631858466253e-10, 6.357157085273751e-10, 4.6233856009665603e-10, 3.3802341419782904e-10, 2.495006382290174e-10]
W_list: [8.45]
L_list: [3.2460067289300936]
