R_list= [ 1  2  3  4  5  6  7  8  9 10 11 12 13 14 15 16 17 18 19 20 21 22 23 24
 25 26 27 28 29 30 31 32 33 34 35 36 37 38]
C_final_list= [5.309445720103843e-07, 4.619315408408927e-07, 3.9938071165553394e-07, 3.4382451785417967e-07, 2.952713305485295e-07, 2.536503554682497e-07, 2.1712444036422495e-07, 1.8591299031101493e-07, 1.590189016197226e-07, 1.3587214821817856e-07, 1.1589826172195817e-07, 9.873565039972303e-08, 8.383979824762228e-08, 7.121163537359234e-08, 6.053841564133728e-08, 5.138514179404121e-08, 4.36728086310444e-08, 3.707120331650399e-08, 3.1470719336593527e-08, 2.675748649300125e-08, 2.2742316825887932e-08, 1.934831174888241e-08, 1.643989231874201e-08, 1.3935099863875288e-08, 1.1803603326375466e-08, 1.0013638751805207e-08, 8.490934342930537e-09, 7.19594615374795e-09, 6.09962591772254e-09, 5.184447076592498e-09, 4.389797241003728e-09, 3.7137795165176043e-09, 3.1414263840785625e-09, 2.651918243434083e-09, 2.236524895558883e-09, 1.8844042911995063e-09, 1.590030400511125e-09, 1.342279713018667e-09]
W_list: [7]
L_list: [6.519628553532422]
