R_list= [ 1  2  3  4  5  6  7  8  9 10 11 12 13 14 15 16 17 18 19 20 21 22 23 24
 25 26 27 28 29 30 31 32 33 34 35 36 37 38]
C_final_list= [1.3816601779741543e-06, 1.2924049504854325e-06, 1.2138035760091405e-06, 1.137682356228186e-06, 1.0685651983603392e-06, 1.003439090874451e-06, 9.421700731629768e-07, 8.840193441863551e-07, 8.293842779981943e-07, 7.784681842660418e-07, 7.302012730807915e-07, 6.848178476572958e-07, 6.415191406488099e-07, 6.014904557343165e-07, 5.63670171373119e-07, 5.280696678051708e-07, 4.947340420982845e-07, 4.63780589808605e-07, 4.3444870361304135e-07, 4.0677921110215433e-07, 3.807335444298129e-07, 3.5612242351978435e-07, 3.3293613262499497e-07, 3.1106727454078046e-07, 2.9063623161785754e-07, 2.715829472339296e-07, 2.537386707359246e-07, 2.3688626236907708e-07, 2.211198526889746e-07, 2.0615865993425311e-07, 1.922078382188024e-07, 1.793777476431433e-07, 1.6728696335868947e-07, 1.5608471701557626e-07, 1.456211762259053e-07, 1.359519490678493e-07, 1.2688876393227255e-07, 1.184076288884005e-07]
W_list: [5]
L_list: [15.414106066870676]
