R_list= [ 1  2  3  4  5  6  7  8  9 10 11 12 13 14 15 16 17 18 19 20 21 22 23 24
 25 26 27 28 29 30 31 32 33 34 35 36 37 38]
C_final_list= [8.465143583384504e-07, 6.543247304771439e-07, 5.178466682421328e-07, 4.112665408554885e-07, 3.2604152556476896e-07, 2.577658912093641e-07, 2.0261902840033497e-07, 1.5890012310135448e-07, 1.2448323341808285e-07, 9.75174309708517e-08, 7.666622724285423e-08, 6.041946186406074e-08, 4.773556372115783e-08, 3.752555233159744e-08, 2.932531990865277e-08, 2.282800475177233e-08, 1.7689074215322195e-08, 1.375747565917975e-08, 1.069791185372258e-08, 8.29762212410791e-09, 6.471005314452835e-09, 5.0512832033507856e-09, 3.946543572608543e-09, 3.069373405317293e-09, 2.393203936331341e-09, 1.866856274005101e-09, 1.4530381184966661e-09, 1.127767270711419e-09, 8.702088311777383e-10, 6.790573654276014e-10, 5.350137527242618e-10, 4.181251485136512e-10, 3.272524046042999e-10, 2.5582903630093257e-10, 1.9925734497285499e-10, 1.5402568947580897e-10, 1.198564676612e-10, 9.327145981876039e-11]
W_list: [6]
L_list: [4.187161624590805]
