R_list= [ 1  2  3  4  5  6  7  8  9 10 11 12 13 14 15 16 17 18 19 20 21 22 23 24
 25 26 27 28 29 30 31 32 33 34 35 36 37 38]
C_final_list= [8.170388405514704e-07, 7.296298408143649e-07, 6.531472885272663e-07, 5.833915055724669e-07, 5.215961270343513e-07, 4.661453190224107e-07, 4.15860387291244e-07, 3.7094184501991007e-07, 3.3060489471730236e-07, 2.943218216853061e-07, 2.62086250724069e-07, 2.3324556993968638e-07, 2.0733224204917023e-07, 1.8430173639236615e-07, 1.6400208836384593e-07, 1.4598914603389455e-07, 1.2974674361506818e-07, 1.1526994025426494e-07, 1.0229692353526548e-07, 9.073344807905421e-08, 8.040695940892694e-08, 7.134625822812983e-08, 6.325798285313497e-08, 5.605217565217943e-08, 4.968704830192006e-08, 4.4025829976949426e-08, 3.896050536897202e-08, 3.4514420044588816e-08, 3.0577046198273265e-08, 2.7123139498680267e-08, 2.4071079759712165e-08, 2.1318366140222725e-08, 1.8901377545015312e-08, 1.676724474440824e-08, 1.4859471851207948e-08, 1.3153166611613868e-08, 1.1637337561884014e-08, 1.0316263493420151e-08]
W_list: [6]
L_list: [8.702127339383297]
