R_list= [ 1  2  3  4  5  6  7  8  9 10 11 12 13 14 15 16 17 18 19 20 21 22 23 24
 25 26 27 28 29 30 31 32 33 34 35 36 37 38]
C_final_list= [2.1145825379391488e-06, 2.0250239361840447e-06, 1.951074229014099e-06, 1.8764051591188732e-06, 1.8080323935701967e-06, 1.7418822693650428e-06, 1.6776809653286009e-06, 1.616136567165018e-06, 1.5570964113681354e-06, 1.500485570720941e-06, 1.4457134700143762e-06, 1.3930025678800504e-06, 1.3416895965511196e-06, 1.292692285871194e-06, 1.2455747629209187e-06, 1.1995649334832377e-06, 1.1553024090226064e-06, 1.1123690531025598e-06, 1.0711085987718823e-06, 1.0312676087814838e-06, 9.931567031785787e-07, 9.558753933754385e-07, 9.201917592550262e-07, 8.860777327793824e-07, 8.532557768580871e-07, 8.214116995847048e-07, 7.908107508329432e-07, 7.61396926436826e-07, 7.328509314622155e-07, 7.051305714840071e-07, 6.785144528693907e-07, 6.525483057419404e-07, 6.277534061779891e-07, 6.036944250858399e-07, 5.803081277409748e-07, 5.57692978743984e-07, 5.359410773925186e-07, 5.149995288199934e-07]
W_list: [4]
L_list: [26.501529992417172]
