R_list= [ 1  2  3  4  5  6  7  8  9 10 11 12 13 14 15 16 17 18 19 20 21 22 23 24
 25 26 27 28 29 30 31 32 33 34 35 36 37 38]
C_final_list= [3.0121507348623056e-05, 2.2676820596665604e-05, 1.695951069852708e-05, 1.2655980223842775e-05, 9.437830105838549e-06, 7.028142082180666e-06, 5.232194978657778e-06, 3.88972149380706e-06, 2.8892486986147224e-06, 2.144848462618893e-06, 1.592531442885194e-06, 1.1812305222651683e-06, 8.772887607971356e-07, 6.514562231769069e-07, 4.843348329931557e-07, 3.600622807979706e-07, 2.673953588704501e-07, 1.9847007588153962e-07, 1.4763420996508449e-07, 1.0963191645873418e-07, 8.135228264290272e-08, 6.018740495969106e-08, 4.46157680989767e-08, 3.313809026463182e-08, 2.4640653333735852e-08, 1.829262846967158e-08, 1.35871821898612e-08, 1.0076401302171398e-08, 7.464679458432137e-09, 5.543593418649163e-09, 4.1109159416769385e-09, 3.0570067411771532e-09, 2.2701884318867368e-09, 1.6926363676852918e-09, 1.2569278931648394e-09, 9.311562906680093e-10, 6.921779013391526e-10, 5.203254615923699e-10]
W_list: [8.25]
L_list: [3.431223752941215]
