C_final_list: [2.1872780731944807e-06, 1.998142078983787e-06, 1.815173098551583e-06, 1.6453242804391897e-06, 1.4938831968835905e-06, 1.357580904789948e-06, 1.2321582096402823e-06, 1.1186510677601878e-06, 1.0139257138899705e-06, 9.193807250066635e-07, 8.35137096172828e-07, 7.568966686165524e-07, 6.869568155550648e-07, 6.229599687994133e-07, 5.653480033138674e-07, 5.118603220275565e-07, 4.6420769914536617e-07, 4.1980562880346837e-07, 3.8040163152259766e-07, 3.4412910010753053e-07, 3.1156588166691506e-07, 2.8144966616063723e-07, 2.5420395933759345e-07, 2.2970588836170347e-07, 2.0755228476794072e-07, 1.873793847954514e-07, 1.6911714821050015e-07, 1.5273044989070647e-07, 1.3808898423394074e-07, 1.2454519328116085e-07, 1.1245250853081454e-07, 1.0169701878544681e-07, 9.212311963333254e-08, 8.343173761841247e-08, 7.53532211797229e-08, 6.805074745204505e-08, 6.142394305787624e-08, 5.5407033587860845e-08, 4.9889742787555196e-08, 4.4946583007439856e-08, 4.048266390503558e-08, 3.651283775100392e-08, 3.28693910750499e-08, 2.956191013308382e-08, 2.6618307798346353e-08, 2.3968061039922945e-08, 2.1567309773399903e-08, 1.9400742374505083e-08, 1.7432013088113642e-08, 1.569473101184005e-08]
ndim2: 500
W_list: [2.4]
L_list: [10.249444820619466]
