C_final_list: [1.8512014444670503e-06, 1.5867680754479745e-06, 1.3551235505379636e-06, 1.1616749416013973e-06, 9.945547457643632e-07, 8.552939204652351e-07, 7.338355809206692e-07, 6.290852917479729e-07, 5.385085202169147e-07, 4.612005578278898e-07, 3.9420388777211335e-07, 3.3725642058889084e-07, 2.883781130182946e-07, 2.4761538664398934e-07, 2.1189980691522862e-07, 1.808545652702013e-07, 1.5431764752949134e-07, 1.3138668555608026e-07, 1.119062731667941e-07, 9.504624779682678e-08, 8.085420092808552e-08, 6.853318563156176e-08, 5.823816207109523e-08, 4.927850249879866e-08, 4.1708496605153184e-08, 3.544926551757933e-08, 3.0071043104665375e-08, 2.5463560374437483e-08, 2.154520150777429e-08, 1.8264154534432656e-08, 1.551199290169654e-08, 1.3135782761387187e-08, 1.1152320774239299e-08, 9.500495017168697e-09, 8.063442918575373e-09]
ndim2: 500
W_list: [3.2]
L_list: [6.452312390868326]
