R_list= [ 1  2  3  4  5  6  7  8  9 10 11 12 13 14 15 16 17 18 19 20 21 22 23 24
 25 26 27 28 29 30 31 32 33 34 35 36 37 38]
C_final_list= [2.193013956582843e-05, 1.795459569601899e-05, 1.457344666641756e-05, 1.1793197070267084e-05, 9.535620408353476e-06, 7.691240779382887e-06, 6.207739633313751e-06, 5.0095864089535695e-06, 4.042231919650351e-06, 3.260472506326918e-06, 2.627918730531583e-06, 2.1176023166409195e-06, 1.7065606447438432e-06, 1.3752867679434335e-06, 1.1073326518512359e-06, 8.913844797773456e-07, 7.17343816934691e-07, 5.774365869014298e-07, 4.6468153703441206e-07, 3.738934830333195e-07, 3.013540891459438e-07, 2.43317764283734e-07, 1.9647562108977222e-07, 1.584471938465199e-07, 1.2756123176370246e-07, 1.0285557418688184e-07, 8.277505023860235e-08, 6.669415230553483e-08, 5.368846775669893e-08, 4.314756765906435e-08, 3.463443694455997e-08, 2.779461718960625e-08, 2.2267621909142548e-08, 1.7834916416625712e-08, 1.4293528727235669e-08, 1.1448944534977224e-08, 9.191389259784083e-09, 7.368989520681678e-09]
W_list: [8.15]
L_list: [4.731703952120607]
