R_list= [ 1  2  3  4  5  6  7  8  9 10 11 12 13 14 15 16 17 18 19 20 21 22 23 24
 25 26 27 28 29 30 31 32 33 34 35 36 37 38]
C_final_list= [3.42694624769979e-07, 3.079292455381008e-07, 2.739067556723705e-07, 2.426508705264658e-07, 2.1432818265964174e-07, 1.8880942830065532e-07, 1.6612668591531162e-07, 1.4617948740603982e-07, 1.2842442907554261e-07, 1.1275304107634662e-07, 9.896888604066004e-08, 8.666928599477067e-08, 7.586272533087515e-08, 6.635786729121591e-08, 5.7930764189687406e-08, 5.063581429437128e-08, 4.427338054064862e-08, 3.8705707547978627e-08, 3.385657720250544e-08, 2.96157329403605e-08, 2.591852605924414e-08, 2.2650957554622955e-08, 1.9791068018221168e-08, 1.7273909515443646e-08, 1.5067954911607214e-08, 1.3125199991258563e-08, 1.1429243067994644e-08, 9.944500797649977e-09, 8.655973941551906e-09, 7.528620665395288e-09, 6.538374008812186e-09, 5.6804031172635775e-09, 4.932579238978852e-09, 4.284059085294617e-09, 3.720873142214249e-09, 3.2323926251776886e-09, 2.8078673820827565e-09, 2.438545102670374e-09]
W_list: [8.6]
L_list: [7.883618776985906]
