C_final_list: [1.4360718903318967e-06, 1.265771167587858e-06, 1.1098048377119518e-06, 9.713962932571833e-07, 8.516570182023409e-07, 7.47170898200067e-07, 6.548732731129261e-07, 5.733740397793e-07, 5.019288940562483e-07, 4.3978867823816525e-07, 3.850742120301918e-07, 3.3773911281612595e-07, 2.962030012313494e-07, 2.597972553662273e-07, 2.277665614000459e-07, 1.9952493825373808e-07, 1.74814332271553e-07, 1.5281529988149716e-07, 1.337448411096216e-07, 1.168778944715429e-07, 1.0203073170841323e-07, 8.91722908341372e-08, 7.800167633690953e-08, 6.841696070831113e-08, 5.98500112032679e-08, 5.241779504452713e-08, 4.5813681135823166e-08, 3.993070545047297e-08, 3.4909602202227976e-08, 3.039212900494234e-08, 2.6464021748936733e-08, 2.3049101077586543e-08, 2.007003695350151e-08, 1.7482780352382377e-08, 1.520358235513745e-08]
ndim2: 500
W_list: [3.6]
L_list: [7.58379296052567]
