R_list= [ 1  2  3  4  5  6  7  8  9 10 11 12 13 14 15 16 17 18 19 20 21 22 23 24
 25 26 27 28 29 30 31 32 33 34 35 36 37 38]
C_final_list= [3.1021363025196224e-07, 2.654479375563607e-07, 2.2423745485897585e-07, 1.8802083833489063e-07, 1.5718576992656892e-07, 1.3133997312413307e-07, 1.0969246756166884e-07, 9.156145018825003e-08, 7.630148713352542e-08, 6.35522590324505e-08, 5.29765644014601e-08, 4.416332536346568e-08, 3.677964849774096e-08, 3.0541330454328556e-08, 2.536522968058512e-08, 2.1058770178764268e-08, 1.748146644828296e-08, 1.452870325275397e-08, 1.205107267009705e-08, 9.984128682542674e-09, 8.275253481445738e-09, 6.824884200185659e-09, 5.631768474173843e-09, 4.655227998535799e-09, 3.844013073849715e-09, 3.1764197634802456e-09, 2.624764941793527e-09, 2.1609278615545345e-09, 1.7829547650813013e-09, 1.468156673638239e-09, 1.2110028136716177e-09, 9.970708083659885e-10, 8.192791802606923e-10, 6.749423044355508e-10, 5.559617314036951e-10, 4.571871375781531e-10, 3.7602981602301236e-10, 3.0942055012843356e-10]
W_list: [8.2]
L_list: [5.658755110550199]
