R_list= [ 1  2  3  4  5  6  7  8  9 10 11 12 13 14 15 16 17 18 19 20 21 22 23 24
 25 26 27 28 29 30 31 32 33 34 35 36 37 38]
C_final_list= [3.2054388274513206e-07, 2.7519318067769175e-07, 2.334383101769611e-07, 1.9708085262988105e-07, 1.65651299885953e-07, 1.3899232215579134e-07, 1.1671766557884576e-07, 9.799755018892498e-08, 8.219547950649021e-08, 6.877030281891062e-08, 5.743336293266676e-08, 4.794168585441014e-08, 4.003226473476602e-08, 3.341003325485945e-08, 2.7880514458358976e-08, 2.3310823865750677e-08, 1.9432866903259623e-08, 1.6175198480768156e-08, 1.3488347943017445e-08, 1.1235930011572127e-08, 9.366775363470496e-09, 7.824442649101082e-09, 6.5496282038849e-09, 5.481702011473316e-09, 4.5913356619435325e-09, 3.845823781845894e-09, 3.211148839923602e-09, 2.6701290582903774e-09, 2.2235281546969696e-09, 1.853819073231717e-09, 1.545187594347274e-09, 1.2834194313659033e-09, 1.0679020232541011e-09, 8.881723172329936e-10, 7.38992714512004e-10, 6.153824680189509e-10, 5.113234588726865e-10, 4.2457951515443794e-10]
W_list: [8.0]
L_list: [5.812264409039294]
