R_list= [ 1  2  3  4  5  6  7  8  9 10 11 12 13 14 15 16 17 18 19 20 21 22 23 24
 25 26 27 28 29 30 31 32 33 34 35 36 37 38]
C_final_list= [2.11846703305859e-06, 2.0285624875773444e-06, 1.9564184458337607e-06, 1.8824758808324334e-06, 1.8143651717090366e-06, 1.7481351109058799e-06, 1.6847214211667459e-06, 1.623291297190736e-06, 1.5636229097745055e-06, 1.5061972134287783e-06, 1.4513221949750728e-06, 1.396928332012514e-06, 1.3461071614678923e-06, 1.2970694179044768e-06, 1.249175800933602e-06, 1.2029855861858608e-06, 1.1587407135319104e-06, 1.1157572531799282e-06, 1.0741629318625365e-06, 1.0340095884949322e-06, 9.953847203737201e-07, 9.582980836304751e-07, 9.225420781276019e-07, 8.88174804326331e-07, 8.54675257858383e-07, 8.228658619919743e-07, 7.921269249397828e-07, 7.623110312374568e-07, 7.334579204426618e-07, 7.056710530859488e-07, 6.788696355777315e-07, 6.530747756962635e-07, 6.279801150512018e-07, 6.038666318596844e-07, 5.80540630365147e-07, 5.578774637262953e-07, 5.360049297811685e-07, 5.152388470800002e-07]
W_list: [4]
L_list: [26.466159828377553]
