R_list= [ 1  2  3  4  5  6  7  8  9 10 11 12 13 14 15 16 17 18 19 20 21 22 23 24
 25 26 27 28 29 30 31 32 33 34 35 36 37 38]
C_final_list= [4.688916588855829e-06, 4.018406071532492e-06, 3.423393728280831e-06, 2.913370364313436e-06, 2.472275075036055e-06, 2.097382094055046e-06, 1.7807105267921918e-06, 1.5120783352190287e-06, 1.282697470906442e-06, 1.0857103852948625e-06, 9.168538194736606e-07, 7.747357892410342e-07, 6.539116300480883e-07, 5.522197529116698e-07, 4.666154670407766e-07, 3.942008935740588e-07, 3.3336082679153794e-07, 2.8206190990821304e-07, 2.389867965385827e-07, 2.0212521045011168e-07, 1.7077387624784697e-07, 1.4411677558614918e-07, 1.2173835894182306e-07, 1.0282806111748173e-07, 8.695734101529332e-08, 7.334878725453442e-08, 6.190231880537253e-08, 5.2183400113778276e-08, 4.399793675965393e-08, 3.7024358369200204e-08, 3.126149898963657e-08, 2.6408005860336356e-08, 2.227165977475564e-08, 1.876997337658309e-08, 1.5778767815766318e-08, 1.3299469436489262e-08, 1.1215672133368392e-08, 9.479747251623928e-09]
W_list: [7.4]
L_list: [6.115491885838752]
