C_list:
1.9171543683030676e-06 0.24153658113613488
ndim2: 500
W_list: [3.4]
L_list: [4.140159620113112]
