R_list= [ 1  2  3  4  5  6  7  8  9 10 11 12 13 14 15 16 17 18 19 20 21 22 23 24
 25 26 27 28 29 30 31 32 33 34 35 36 37 38]
C_final_list= [3.9381844668126764e-07, 3.321858896630402e-07, 2.7653983065780635e-07, 2.2855660071399362e-07, 1.88678450423136e-07, 1.5564509789486566e-07, 1.282010025414314e-07, 1.0529732247365918e-07, 8.632462461957367e-08, 7.072694406064243e-08, 5.795234096511081e-08, 4.7354855769603376e-08, 3.8581215227982636e-08, 3.1416344092202036e-08, 2.5588130298706628e-08, 2.081396324966799e-08, 1.696573402258144e-08, 1.3840746027102343e-08, 1.128354821771033e-08, 9.195833847661963e-09, 7.498704540750489e-09, 6.09938332773145e-09, 4.950400957101981e-09, 3.9993938302544e-09, 3.2235122650632258e-09, 2.5960988899061936e-09, 2.084660694282534e-09, 1.6714821883311757e-09, 1.3412286521696152e-09, 1.0786744174893708e-09, 8.667748205550207e-10, 6.984084203857408e-10, 5.631281665809754e-10, 4.5402102719717226e-10, 3.653360314989138e-10, 2.9524419401399056e-10, 2.398373304069938e-10, 1.955667847666062e-10]
W_list: [9.0]
L_list: [5.237639139988384]
