C_final_list: [1.7467954480480358e-06, 1.7234608752273533e-06, 1.700349091112796e-06, 1.67815393282032e-06, 1.6564691838167446e-06, 1.6351196335974388e-06, 1.6141556774445216e-06, 1.5935997890804496e-06, 1.5732129580201145e-06, 1.5531225519655637e-06, 1.5334249915704576e-06, 1.5140098017714307e-06, 1.4948017750955655e-06, 1.475819400489385e-06, 1.4572133644084285e-06, 1.4386470771148476e-06, 1.420516274945975e-06, 1.402478915724314e-06, 1.3847591555919708e-06, 1.3673071874883985e-06, 1.3502422465351147e-06, 1.3333595184903568e-06, 1.3167976445060528e-06, 1.3003468129275816e-06, 1.2840439033421488e-06, 1.2677056498541845e-06, 1.2516056449753486e-06, 1.2357866159489627e-06, 1.2199930180668485e-06, 1.204598515874763e-06, 1.18932705466114e-06, 1.1742171869347726e-06, 1.1592485584250333e-06, 1.144472359430898e-06, 1.1297663620592838e-06, 1.115074593700862e-06, 1.1006825675476526e-06, 1.0864428379133304e-06, 1.0722278380709308e-06, 1.0583209728083226e-06, 1.0445383169391685e-06, 1.0309352547570909e-06, 1.0173851990345077e-06, 1.0040608176796172e-06, 9.908676265027757e-07, 9.778511892891619e-07, 9.64897421661074e-07, 9.521603217417025e-07, 9.396311682534871e-07, 9.271097173723679e-07]
ndim2: 500
W_list: [2.8499999999999996]
L_list: [77.97783007140687]
