C_final_list: [1.2984175180374077e-06, 1.2171056060289935e-06, 1.1371006964909086e-06, 1.0620081411732413e-06, 9.920539583707688e-07, 9.255174337803437e-07, 8.638745415158545e-07, 8.067344844529179e-07, 7.529492828603147e-07, 7.02991405253469e-07, 6.558530671970803e-07, 6.117904815446287e-07, 5.69896619770407e-07, 5.311026886151262e-07, 4.95027385125823e-07, 4.6127028458374623e-07, 4.296577366684201e-07, 4.0035523347820805e-07, 3.7297672779320166e-07, 3.476087220474305e-07, 3.2381648223951285e-07, 3.016946511710862e-07, 2.807861973221383e-07, 2.61478438546552e-07, 2.4341434880069255e-07, 2.264918450344856e-07, 2.109184463248914e-07, 1.9627265112919932e-07, 1.8266838962504857e-07, 1.6999102819450542e-07, 1.5812901007416942e-07, 1.4714287592519914e-07, 1.3671652687568698e-07, 1.271634833605319e-07, 1.1821224708936424e-07]
ndim2: 500
W_list: [3.4000000000000004]
L_list: [14.348802172479267]
