R_list= [ 1  2  3  4  5  6  7  8  9 10 11 12 13 14 15 16 17 18 19 20 21 22 23 24
 25 26 27 28 29 30 31 32 33 34 35 36 37 38]
C_final_list= [4.1349126738937344e-07, 3.607769577846831e-07, 3.114964358052456e-07, 2.6760008466958296e-07, 2.2953333934265332e-07, 1.9660199766413846e-07, 1.6820313574623203e-07, 1.4380935866164612e-07, 1.2290990979194449e-07, 1.0510702183185913e-07, 8.98701279854989e-08, 7.687410006837877e-08, 6.571622831896554e-08, 5.612284688815551e-08, 4.7852879667010014e-08, 4.072028200259529e-08, 3.460170773853354e-08, 2.936399814313625e-08, 2.486278616383838e-08, 2.1029096974986022e-08, 1.781086029094965e-08, 1.5098005278901353e-08, 1.2821474816939375e-08, 1.0877537597409202e-08, 9.227308664610384e-09, 7.827399148891957e-09, 6.623531125245188e-09, 5.592321807793504e-09, 4.720703875633847e-09, 3.981459598216322e-09, 3.3548043161939293e-09, 2.8219370112561643e-09, 2.3786568231760886e-09, 2.001709796318845e-09, 1.6837898872060006e-09, 1.4169573222430176e-09, 1.1940918842012196e-09, 1.0058544438801222e-09]
W_list: [8.2]
L_list: [6.510281963206048]
