C_final_list: [1.6283616421059462e-06, 1.3038675007231404e-06, 1.0428214434104529e-06, 8.314007625306571e-07, 6.633516667895315e-07, 5.314834131961971e-07, 4.2710524316336144e-07, 3.425029552846664e-07, 2.7389549223358113e-07, 2.186632884298958e-07, 1.7507673163193883e-07, 1.4046885068342316e-07, 1.1268871136705458e-07, 8.999613956492972e-08, 7.19179395616693e-08, 5.766204603138552e-08, 4.618524706280914e-08, 3.6831159626804105e-08, 2.9437866335870122e-08, 2.3498978918755496e-08, 1.8804333647822184e-08, 1.5140169229761515e-08, 1.204979056438874e-08, 9.563552157475081e-09, 7.572179266133951e-09, 6.0069908347675336e-09, 4.820823492141538e-09, 3.861167810934768e-09, 3.114136552401031e-09, 2.5072160504837203e-09, 2.0268645346583022e-09, 1.629949346196988e-09, 1.3093376682055139e-09, 1.0527206883117984e-09, 8.37877462174838e-10, 6.682265968803223e-10, 5.292133084932373e-10, 4.21212947681553e-10, 3.324380564005787e-10, 2.636413219927755e-10, 2.131711375438976e-10, 1.7182566859828112e-10, 1.3762074176661713e-10, 1.1036454036656929e-10, 8.710199784552215e-11, 6.860140200817961e-11, 5.405650547855793e-11, 4.22118953136579e-11, 3.353900480774783e-11, 2.6677007416932403e-11]
ndim2: 500
W_list: [4.0]
L_list: [4.478435934540942]
