R_list= [ 1  2  3  4  5  6  7  8  9 10 11 12 13 14 15 16 17 18 19 20 21 22 23 24
 25 26 27 28 29 30 31 32 33 34 35 36 37 38]
C_final_list= [1.9056562397707257e-05, 1.527282894657468e-05, 1.2106741547193465e-05, 9.563704198208141e-06, 7.538631233573161e-06, 5.936329009902994e-06, 4.667186847468172e-06, 3.667932320495304e-06, 2.8810098060951746e-06, 2.263671590849207e-06, 1.7796240715602378e-06, 1.3991622299880048e-06, 1.0985816459940867e-06, 8.628198856563304e-07, 6.781764457012943e-07, 5.335784567478054e-07, 4.2002311461881913e-07, 3.304611580732724e-07, 2.601921458606698e-07, 2.0473367996898842e-07, 1.6105693832019836e-07, 1.2655345849549966e-07, 9.948263352127146e-08, 7.818373472267025e-08, 6.149378197785555e-08, 4.817940571339295e-08, 3.770977158339019e-08, 2.9571259575735094e-08, 2.3155658578478848e-08, 1.8100844718117803e-08, 1.4174002599475947e-08, 1.1098019618190705e-08, 8.666208240347374e-09, 6.750632827334134e-09, 5.280065566428626e-09, 4.141265894348843e-09, 3.2520816966349316e-09, 2.547144554672114e-09]
W_list: [8.5]
L_list: [4.2525504214159655]
