R_list= [ 1  2  3  4  5  6  7  8  9 10 11 12 13 14 15 16 17 18 19 20 21 22 23 24
 25 26 27 28 29 30 31 32 33 34 35 36 37 38]
C_final_list= [1.199560275236847e-06, 7.970632212308347e-07, 5.292374509691217e-07, 3.486014613371322e-07, 2.2975472969055113e-07, 1.515613348397566e-07, 1.0102220159826317e-07, 6.704244129938521e-08, 4.406885733171852e-08, 2.8728675226713597e-08, 1.8661037398809127e-08, 1.2158670118282634e-08, 7.879435405888294e-09, 5.041142292416707e-09, 3.2102080978958064e-09, 2.0528545166460116e-09, 1.303957907193831e-09, 8.270576492493386e-10, 5.170594366821092e-10, 3.2874632185747e-10, 2.0946480348061293e-10, 1.3397175137895412e-10, 8.689809224793841e-11, 5.570409922312566e-11, 3.6085288829055335e-11, 2.3448885707190743e-11, 1.53195493764255e-11, 9.360990308565325e-12, 5.687211932342132e-12, 3.5953125513123146e-12, 2.3228737230591143e-12, 1.5078407783784954e-12, 1.0472881430058067e-12, 7.222798024419847e-13, 5.219920058008315e-13, 3.1153043807203537e-13, 2.0479781428386926e-13, 1.3609346927865203e-13]
W_list: [7.6000000000000005]
L_list: [2.427103092320465]
