R_list= [ 1  2  3  4  5  6  7  8  9 10 11 12 13 14 15 16 17 18 19 20 21 22 23 24
 25 26 27 28 29 30]
C_final_list= [3.873004507639653e-08, 1.4445048841561945e-08, 4.12485253643623e-09, 1.0282323453236504e-09, 2.3853267522566545e-10, 5.345859057451732e-11, 1.1981128803032807e-11, 2.83902379295363e-12, 7.502655539342447e-13, 2.4174727783520825e-13, 6.704047751343672e-14, 1.665754288871877e-14, 3.377117054789294e-15, 8.072471777622358e-16, 2.337864280173558e-16, 6.918461873410992e-17, 1.916321876755245e-17, 4.809491645329443e-18, 1.342948120646506e-18, 6.015328294392825e-19, 2.23692237532982e-19, 6.535212286721532e-20, 1.7062658952437288e-20, 3.625435235030607e-21, 9.725741265173926e-22, 3.475144801003696e-22, 1.77349450536441e-22, 1.2983599134355835e-22, 1.1543323904059006e-22, 1.1035750837300509e-22]
W_list: [6]
L_list: [0.9555445404236939]
