R_list= [ 1  2  3  4  5  6  7  8  9 10 11 12 13 14 15 16 17 18 19 20 21 22 23 24
 25 26 27 28 29 30 31 32 33 34 35 36 37 38]
C_final_list= [4.6339029823044663e-07, 4.2346108281013457e-07, 3.8395697765648436e-07, 3.467929402003412e-07, 3.12649527293205e-07, 2.8159960468642123e-07, 2.531815644157211e-07, 2.2751655371514717e-07, 2.0423761945140683e-07, 1.833952798162917e-07, 1.6463642612623637e-07, 1.4768544459484166e-07, 1.3255750530075288e-07, 1.1894848800425182e-07, 1.0655057593901566e-07, 9.531766086341726e-08, 8.52436693812653e-08, 7.617512545371306e-08, 6.807570031545481e-08, 6.08263896293409e-08, 5.433609176255367e-08, 4.8525788147857296e-08, 4.3311445541198417e-08, 3.86196785703419e-08, 3.4427301924705704e-08, 3.0684578858232587e-08, 2.73678765246302e-08, 2.4417893611249014e-08, 2.180259501665591e-08, 1.9440539120082343e-08, 1.7333670497162344e-08, 1.543287769246175e-08, 1.3727787497826595e-08, 1.2192943069545935e-08, 1.0823915112899583e-08, 9.61031651558085e-09, 8.525567666022833e-09, 7.56343394022449e-09]
W_list: [8.2]
L_list: [9.403058533968874]
