R_list= [ 1  2  3  4  5  6  7  8  9 10 11 12 13 14 15 16 17 18 19 20 21 22 23 24
 25 26 27 28 29 30 31 32]
C_final_list= [7.629472026538955e-07, 7.12993656218199e-07, 6.644803921812668e-07, 6.185296289349471e-07, 5.758892446175193e-07, 5.359765946353704e-07, 4.985713598078572e-07, 4.6371099652584904e-07, 4.313003893275904e-07, 4.0120228838749217e-07, 3.729194480535833e-07, 3.464087121674307e-07, 3.2171515838499787e-07, 2.984636822015977e-07, 2.7687603158065043e-07, 2.5681497907644424e-07, 2.380801543436119e-07, 2.2061374416672342e-07, 2.0447880039864995e-07, 1.8950586721285842e-07, 1.755969074531265e-07, 1.6269407439165066e-07, 1.5071932232607946e-07, 1.3957566267407324e-07, 1.2918101488463048e-07, 1.1950900809035943e-07, 1.105485715574921e-07, 1.0223417532655108e-07, 9.452890989624456e-08, 8.738302093136061e-08, 8.078050207637062e-08, 7.459455634449298e-08]
W_list: [6]
L_list: [13.592425166733717]
