R_list= [ 1  2  3  4  5  6  7  8  9 10 11 12 13 14 15 16 17 18 19 20 21 22 23 24
 25 26 27 28 29 30 31 32 33 34 35 36 37 38]
C_final_list= [2.9617760512076747e-05, 2.2230246196654544e-05, 1.6581080020599236e-05, 1.2346284623894237e-05, 9.182888274777112e-06, 6.820671162689924e-06, 5.0662490461983846e-06, 3.754132231302695e-06, 2.7820620538705757e-06, 2.0624830286218247e-06, 1.5266212095852607e-06, 1.1287443362265817e-06, 8.357535158318641e-07, 6.191991922053686e-07, 4.590249219202004e-07, 3.4043249477066285e-07, 2.5265683695104907e-07, 1.8740069659638931e-07, 1.3875676829677836e-07, 1.0235845274603852e-07, 7.55114267757723e-08, 5.568136184312779e-08, 4.0933125158933335e-08, 3.001809075588586e-08, 2.197660984316013e-08, 1.6128103792024745e-08, 1.1825768242856506e-08, 8.694565477791557e-09, 6.395375446438943e-09, 4.704732443091413e-09, 3.47646841119807e-09, 2.561526755637077e-09, 1.880759475134446e-09, 1.3746521015055238e-09, 1.0095373831928916e-09, 7.493101355935262e-10, 5.560909891453498e-10, 4.1268577903629464e-10]
W_list: [8.3]
L_list: [3.4011892887249666]
