R_list= [ 1  2  3  4  5  6  7  8  9 10 11 12 13 14 15 16 17 18 19 20 21 22 23 24
 25 26 27 28 29 30 31 32 33 34 35 36 37 38]
C_final_list= [2.022047770672975e-05, 1.6289762901865168e-05, 1.3001634473028095e-05, 1.0343957599707123e-05, 8.217452945799773e-06, 6.524179450586163e-06, 5.173317231838539e-06, 4.104213834570026e-06, 3.2556941746057042e-06, 2.58050994109243e-06, 2.0447806797813364e-06, 1.6187148323760135e-06, 1.2806936542836632e-06, 1.0133697550591593e-06, 8.020833588137497e-07, 6.351659381759229e-07, 5.02423541786682e-07, 3.978953985903177e-07, 3.143417234282696e-07, 2.485213064180727e-07, 1.9657204162271238e-07, 1.5539635899959052e-07, 1.2292246897202684e-07, 9.739769051572106e-08, 7.721469692254475e-08, 6.119930265483773e-08, 4.855785811782944e-08, 3.855273499646903e-08, 3.057876787774553e-08, 2.4284399787786476e-08, 1.919085881098194e-08, 1.5170870673494775e-08, 1.2001173851457445e-08, 9.481367431554593e-09, 7.5141407431885e-09, 5.947383767856532e-09, 4.701947319524521e-09, 3.735089603273917e-09]
W_list: [8.4]
L_list: [4.387860350648746]
