C_final_list: [1.998261377918876e-06, 1.979373638134814e-06, 1.9606458151802666e-06, 1.9428176942081625e-06, 1.925368484856554e-06, 1.908441123095725e-06, 1.8918173328694783e-06, 1.8753708909362235e-06, 1.8590458483155827e-06, 1.84299864804561e-06, 1.827138003900201e-06, 1.811431264846938e-06, 1.7958782784344858e-06, 1.7805364782094644e-06, 1.765380211366957e-06, 1.7506565427097197e-06, 1.7358569050502867e-06, 1.721238759289805e-06, 1.7067667964301461e-06, 1.692317274332867e-06, 1.6780906728245935e-06, 1.664022001604462e-06, 1.6500728968154482e-06, 1.6361433688283593e-06, 1.622425231918121e-06, 1.6088578226110469e-06, 1.5954759067365996e-06, 1.5821053433898347e-06, 1.568802618444491e-06, 1.5556876601356721e-06, 1.5426003322170708e-06, 1.5296506665656947e-06, 1.516827006523521e-06, 1.5040712751483007e-06, 1.4915039022446022e-06, 1.4790491782425646e-06, 1.4665030611747563e-06, 1.4542089375044366e-06, 1.4419099330111449e-06, 1.4299503709017882e-06, 1.417909486817567e-06, 1.405909261752904e-06, 1.3940338110811312e-06, 1.3822083863368229e-06, 1.3703672789455161e-06, 1.3587398636980734e-06, 1.3472819666375914e-06, 1.3359612946217846e-06, 1.3246829862059869e-06, 1.3134694782289749e-06]
ndim2: 500
W_list: [2.4]
L_list: [117.54811190048834]
