R_list= [ 1  2  3  4  5  6  7  8  9 10 11 12 13 14 15 16 17 18 19 20 21 22 23 24
 25 26 27 28 29 30 31 32 33 34 35 36 37 38]
C_final_list= [2.138147849133997e-05, 1.7375441075087403e-05, 1.3995107850220573e-05, 1.1231448122567606e-05, 8.995063343943637e-06, 7.195827172098209e-06, 5.7538081482586485e-06, 4.597123694577119e-06, 3.673270670259226e-06, 2.9322586482832264e-06, 2.3429412792678525e-06, 1.8751955063137445e-06, 1.4996573902305779e-06, 1.1989133845681987e-06, 9.587794817052168e-07, 7.653140226756206e-07, 6.109250951981358e-07, 4.880525593515666e-07, 3.8995631986144703e-07, 3.1126398933536836e-07, 2.479056011520245e-07, 1.9772179755550097e-07, 1.5755222446516016e-07, 1.255694773734512e-07, 1.0012931235218953e-07, 7.980236910655666e-08, 6.375554597136896e-08, 5.096961701019251e-08, 4.072097925710217e-08, 3.2548109453086334e-08, 2.598464479097938e-08, 2.0779783611834472e-08, 1.6651135563106866e-08, 1.333010136678155e-08, 1.06431722985392e-08, 8.478170784751562e-09, 6.756220713954747e-09, 5.393198081646297e-09]
W_list: [8.25]
L_list: [4.551390733054181]
