C_final_list: [1.515292720403278e-06, 1.3547136805594062e-06, 1.2087017807332252e-06, 1.077481744207146e-06, 9.606528241888948e-07, 8.55239891999486e-07, 7.617238790397257e-07, 6.788674023011536e-07, 6.050649490240525e-07, 5.386955276125394e-07, 4.797426270993894e-07, 4.275286197026389e-07, 3.7994414648565026e-07, 3.373631706225285e-07, 2.997271887529647e-07, 2.6606786882970524e-07, 2.3586766285506139e-07, 2.0877310332575616e-07, 1.8464504546659895e-07, 1.6344380412496269e-07, 1.4452268005607322e-07, 1.2783667978375478e-07, 1.1294748706669153e-07, 9.968671518320768e-08, 8.793282617738858e-08, 7.766145804176374e-08, 6.860557931396504e-08, 6.058760240026285e-08, 5.345010886126625e-08, 4.7193857399736384e-08, 4.169408188031564e-08, 3.676811657622486e-08, 3.2465581194487754e-08, 2.872295748066857e-08, 2.532240404337357e-08]
ndim2: 500
W_list: [3.4000000000000004]
L_list: [8.591056932650659]
