R_list= [ 1  2  3  4  5  6  7  8  9 10 11 12 13 14 15 16 17 18 19 20 21 22 23 24
 25 26 27 28 29 30 31 32 33 34 35 36 37 38]
C_final_list= [6.784536938875847e-07, 5.362539925839406e-07, 4.163279753769602e-07, 3.2474058295328834e-07, 2.5407362052878006e-07, 1.9885900086504579e-07, 1.5553300808435055e-07, 1.215130582386196e-07, 9.478338616562923e-08, 7.36738140482607e-08, 5.7010244981139926e-08, 4.408565822743636e-08, 3.41439647661406e-08, 2.6503852639078755e-08, 2.06261913180445e-08, 1.6021310033422307e-08, 1.2407291890448792e-08, 9.594137065143658e-09, 7.415024809569934e-09, 5.705709804614228e-09, 4.370680573371625e-09, 3.3528843272569783e-09, 2.58369651873496e-09, 2.001797435001199e-09, 1.5572862839836347e-09, 1.2163206371461636e-09, 9.490645865584017e-10, 7.370692562761529e-10, 5.699839182554913e-10, 4.415126267284847e-10, 3.4277275405772813e-10, 2.664337394091656e-10, 2.0628638545158126e-10, 1.5860247603026833e-10, 1.2086584485103562e-10, 9.123643547092906e-11, 6.839328989274371e-11, 5.130305409268329e-11]
W_list: [5]
L_list: [4.053571101530851]
