C_final_list: [2.092185996251693e-06, 2.0360311962745354e-06, 2.0023265170844545e-06, 1.9614517325519898e-06, 1.9206784177388533e-06, 1.8827281676934407e-06, 1.845259212636251e-06, 1.8084330164021228e-06, 1.7720418877944912e-06, 1.7363967634676507e-06, 1.7012823986782727e-06, 1.6665263642200079e-06, 1.633078553254379e-06, 1.6000133173908763e-06, 1.5673455306348709e-06, 1.535185968113468e-06, 1.5039912066999916e-06, 1.4733468788273112e-06, 1.4433019520076268e-06, 1.4137205491865533e-06, 1.38389304608349e-06, 1.354911066151245e-06, 1.3267834710305692e-06, 1.299302936928104e-06, 1.2721895901084962e-06, 1.2457701002239339e-06, 1.219556032310433e-06, 1.1940930002908708e-06, 1.1689207824512313e-06, 1.144187371112586e-06, 1.120518886087787e-06, 1.097163420233082e-06, 1.0735386547385882e-06, 1.0503602969383189e-06, 1.027954244442236e-06]
ndim2: 500
W_list: [1.0]
L_list: [48.31528521603439]
