C_final_list: [1.7608238886236729e-06, 1.738598379468044e-06, 1.716535660333179e-06, 1.6953101597604319e-06, 1.674744615845479e-06, 1.6543333191002828e-06, 1.6345180561155044e-06, 1.6153115774581917e-06, 1.596250062934177e-06, 1.5775481342945725e-06, 1.55931540389625e-06, 1.5413677647297277e-06, 1.523769538070306e-06, 1.5063593380632905e-06, 1.489134584789091e-06, 1.4723207074447354e-06, 1.4556350590286197e-06, 1.4393035611109037e-06, 1.4230057622103654e-06, 1.4068943998196388e-06, 1.3910576026508318e-06, 1.3753455861890895e-06, 1.3597963234144176e-06, 1.3441826714003625e-06, 1.3290104053270416e-06, 1.3138860509499877e-06, 1.2990368179225652e-06, 1.284049335213982e-06, 1.2692882078416286e-06, 1.254658313886205e-06, 1.2399417167180558e-06, 1.2254791274258949e-06, 1.211177895838531e-06, 1.1969027881123016e-06, 1.182744970064853e-06, 1.168689565359113e-06, 1.1549669696882156e-06, 1.1413838305138263e-06, 1.1277810766388341e-06, 1.1144778311079125e-06, 1.1012041609075994e-06, 1.0879674113799841e-06, 1.0750274534114315e-06, 1.0621988106309912e-06, 1.0495248694275665e-06, 1.0370361865035386e-06, 1.024561946653637e-06, 1.0123905201610463e-06, 1.0002508469172467e-06, 9.88329136459663e-07]
ndim2: 500
W_list: [2.8]
L_list: [85.79354901282711]
