R_list= [ 1  2  3  4  5  6  7  8  9 10 11 12 13 14 15 16 17 18 19 20 21 22 23 24
 25 26 27 28 29 30 31 32 33 34 35 36 37 38]
C_final_list= [6.128084982423341e-07, 5.63050777331034e-07, 5.148035022516898e-07, 4.693995284423931e-07, 4.2784846741926676e-07, 3.899384760734848e-07, 3.549965755074725e-07, 3.233300860303085e-07, 2.942550507360283e-07, 2.678281466507997e-07, 2.4383473194745155e-07, 2.220818507542462e-07, 2.0211020457779535e-07, 1.8381121952359805e-07, 1.6716830378475752e-07, 1.519582187776369e-07, 1.3812634139406458e-07, 1.2554276959878653e-07, 1.1411688246526593e-07, 1.0363503711915299e-07, 9.398858326993722e-08, 8.526711145298766e-08, 7.737673274098225e-08, 7.02399566248422e-08, 6.376167215833436e-08, 5.7855934560135335e-08, 5.247657035798164e-08, 4.7565278640371796e-08, 4.305391277092225e-08, 3.898725704809114e-08, 3.5355024589400063e-08, 3.2023776929462565e-08, 2.8985450503788948e-08, 2.6226544863912703e-08, 2.3749702145961477e-08, 2.150969477927119e-08, 1.9469207633417075e-08, 1.7603276894600853e-08]
W_list: [6.4]
L_list: [10.663216943001986]
