R_list= [ 1  2  3  4  5  6  7  8  9 10 11 12 13 14 15 16 17 18 19 20 21 22 23 24
 25 26 27 28 29 30 31 32 33 34 35 36 37 38]
C_final_list= [2.2827535156191552e-07, 2.050478708439684e-07, 1.8190709168925178e-07, 1.6074344821024605e-07, 1.4167179133804e-07, 1.2449100917740854e-07, 1.0912524445545993e-07, 9.54940124814162e-08, 8.349719929334496e-08, 7.29687713844932e-08, 6.367024546171521e-08, 5.54507333754506e-08, 4.8314202733541514e-08, 4.2073943014643593e-08, 3.66027777683166e-08, 3.1828068572127995e-08, 2.765152024717992e-08, 2.4016094227165983e-08, 2.0849737885170656e-08, 1.8096994452302393e-08, 1.5701389567379664e-08, 1.3639644932337704e-08, 1.1834625879186405e-08, 1.0266376470030246e-08, 8.905122193193875e-09, 7.720831400954096e-09, 6.694284164797391e-09, 5.806660405176942e-09, 5.035268238519588e-09, 4.364112684110193e-09, 3.781520803472163e-09, 3.274197921678548e-09, 2.831420660403335e-09, 2.4484051676312625e-09, 2.1149927736972427e-09, 1.8251132716673593e-09, 1.5745594286296013e-09, 1.3556135889216281e-09]
W_list: [8.0]
L_list: [7.665292551837068]
