R_list= [ 1  2  3  4  5  6  7  8  9 10 11 12 13 14 15 16 17 18 19 20 21 22 23 24
 25 26 27 28 29 30 31 32 33 34 35 36 37 38]
C_final_list= [1.8998750983844739e-06, 1.20297132069968e-06, 6.526663658790446e-07, 3.235785293580684e-07, 1.5199227558153277e-07, 6.923698808005991e-08, 3.113663242382644e-08, 1.3943427910196098e-08, 6.23496963961265e-09, 2.798652066843357e-09, 1.2652829078026317e-09, 5.761957142789902e-10, 2.640204928561649e-10, 1.219878401176872e-10, 5.685853689752445e-11, 2.685349594110019e-11, 1.2709424204966687e-11, 5.977567756188362e-12, 2.777550458920705e-12, 1.2754864231008551e-12, 5.81251390047702e-13, 2.620909988307984e-13, 1.1770246046627607e-13, 5.256456931500178e-14, 2.3495985825246945e-14, 1.0590359269460462e-14, 4.758677250088177e-15, 2.150994760066701e-15, 9.771726766481146e-16, 4.416292194242295e-16, 1.985037769302308e-16, 8.82658669005923e-17, 3.883657479110002e-17, 1.7023827494609394e-17, 7.524017696481443e-18, 3.390106009684798e-18, 1.5971158070891813e-18, 7.906740253708611e-19]
W_list: [4]
L_list: [1.7762405465576676]
