C_list:
1.0311325437869908e-06 0.0392061722735203
ndim2: 500
W_list: [2.6]
L_list: [25.50618798039094]
