R_list= [ 1  2  3  4  5  6  7  8  9 10 11 12 13 14 15 16 17 18 19 20 21 22 23 24
 25 26 27 28 29 30 31 32 33 34 35 36 37 38]
C_final_list= [5.31401526928892e-07, 4.914224232138789e-07, 4.506778406964189e-07, 4.118764879353611e-07, 3.7575868715350913e-07, 3.424506829493444e-07, 3.119743117624291e-07, 2.839844170795517e-07, 2.583304446753782e-07, 2.3473908860347638e-07, 2.132498532500728e-07, 1.9373826454368738e-07, 1.7587386060869182e-07, 1.596262460036221e-07, 1.4488846021715298e-07, 1.3139729797787613e-07, 1.1905972762552433e-07, 1.078625710057339e-07, 9.759258560878881e-08, 8.823447577003749e-08, 7.975681027443176e-08, 7.209845658186665e-08, 6.513986041573838e-08, 5.891348545347007e-08, 5.3207324269244555e-08, 4.801038446612626e-08, 4.331381890915327e-08, 3.9089589950315763e-08, 3.53069736174812e-08, 3.186901033372998e-08, 2.876381012136487e-08, 2.595018302469594e-08, 2.3428074281034683e-08, 2.1150011617864667e-08, 1.908227644530874e-08, 1.72187844163191e-08, 1.553997121975643e-08, 1.4031090307234903e-08]
W_list: [8.0]
L_list: [10.568818216457798]
