R_list= [ 1  2  3  4  5  6  7  8  9 10 11 12 13 14 15 16 17 18 19 20 21 22 23 24
 25 26 27 28 29 30 31 32 33 34 35 36 37 38]
C_final_list= [3.5322370358998033e-07, 3.1989183550073954e-07, 2.8770697345196943e-07, 2.5766700271574325e-07, 2.3041751440891503e-07, 2.0562952836858054e-07, 1.8338292524636688e-07, 1.633971088177144e-07, 1.456664539535683e-07, 1.3005358764939313e-07, 1.1614028775626825e-07, 1.0371242989441727e-07, 9.246668909785543e-08, 8.238391383132916e-08, 7.33930426561495e-08, 6.5362561893451e-08, 5.8246098665123955e-08, 5.188554485190206e-08, 4.6202615506394134e-08, 4.1126523071145565e-08, 3.668096111121259e-08, 3.268975740818068e-08, 2.9103791313797086e-08, 2.590337253650744e-08, 2.305916460528177e-08, 2.049227705219673e-08, 1.821474467049576e-08, 1.6181139097119768e-08, 1.4364688138452797e-08, 1.2781026857265493e-08, 1.1354736967435225e-08, 1.0088599461406745e-08, 8.9687066600345e-09, 7.968101996182798e-09, 7.082862244418425e-09, 6.2835903414603324e-09, 5.565168436289577e-09, 4.924479458124234e-09]
W_list: [7]
L_list: [8.859200234300005]
