R_list= [ 1  2  3  4  5  6  7  8  9 10 11 12 13 14 15 16 17 18 19 20 21 22 23 24
 25 26 27 28 29 30 31 32 33 34 35 36 37 38]
C_final_list= [1.5189017814112554e-06, 1.3931295472838452e-06, 1.287113001094496e-06, 1.2024811695683213e-06, 1.127000854989297e-06, 1.0549961920844905e-06, 9.863274488083564e-07, 9.217898558808832e-07, 8.612658865800703e-07, 8.040302696769919e-07, 7.501051556422415e-07, 6.996189648417968e-07, 6.527510687526994e-07, 6.093643923935503e-07, 5.691945853073631e-07, 5.316933959431494e-07, 4.962594109131258e-07, 4.627124980207044e-07, 4.3127243752058795e-07, 4.0207588850495734e-07, 3.7507562429268027e-07, 3.500119771011813e-07, 3.265393652821428e-07, 3.0434988921826696e-07, 2.835854774182172e-07, 2.643304813683082e-07, 2.464696333800229e-07, 2.299547762717735e-07, 2.1461215103654654e-07, 2.0020608182896313e-07, 1.8671737342529137e-07, 1.741669747096212e-07, 1.6244235034081047e-07, 1.5151605334236566e-07, 1.4125932608273468e-07, 1.316475037285175e-07, 1.226442159993501e-07, 1.1418897048568221e-07]
W_list: [4]
L_list: [14.442115582311999]
