C_final_list: [9.94485322131842e-07, 9.145406604365989e-07, 8.359715767184404e-07, 7.637627440787043e-07, 6.963604106881066e-07, 6.345410760314073e-07, 5.780135549585067e-07, 5.265916676865695e-07, 4.803447526200072e-07, 4.372244936323849e-07, 3.9834210151001993e-07, 3.6220380261698364e-07, 3.2925510315910264e-07, 2.9939680265163255e-07, 2.722097185332742e-07, 2.466950050410908e-07, 2.2402105203046938e-07, 2.0351791366017667e-07, 1.8447864585160608e-07, 1.673331238661116e-07, 1.517855080307717e-07, 1.3742373413872419e-07, 1.2439037610700075e-07, 1.1219349197667012e-07, 1.0140161082810717e-07, 9.177958491299985e-08, 8.292897678192182e-08, 7.49504940849804e-08, 6.769498464702537e-08, 6.105626527362379e-08, 5.519643231236421e-08, 4.986206429510811e-08, 4.5100884267669734e-08, 4.079585214911962e-08, 3.6930761444156484e-08]
ndim2: 500
W_list: [3.0]
L_list: [10.648671980037989]
