C_list:
1.2858010680038691e-06 0.02098731754047911
ndim2: 500
W_list: [2.0]
L_list: [47.64782340912594]
