R_list= [ 1  2  3  4  5  6  7  8  9 10 11 12 13 14 15 16 17 18 19 20 21 22 23 24
 25 26 27 28 29 30 31 32 33 34 35 36 37 38]
C_final_list= [8.057312986285732e-07, 7.072465516954953e-07, 6.249213493405714e-07, 5.506608785774155e-07, 4.851212537933014e-07, 4.2751899983604023e-07, 3.7730679560226653e-07, 3.333745782471351e-07, 2.94324401930099e-07, 2.6010762488818014e-07, 2.2928977481296275e-07, 2.0177002311284712e-07, 1.774624283674588e-07, 1.5580583620499026e-07, 1.3690540666266898e-07, 1.203804607830399e-07, 1.0594477971716344e-07, 9.300965271707654e-08, 8.150500422234578e-08, 7.133110417065079e-08, 6.253987925650135e-08, 5.487323085320079e-08, 4.820610972551935e-08, 4.230157823614586e-08, 3.7080501941610114e-08, 3.2443774177640084e-08, 2.8382510745131604e-08, 2.4816665492432307e-08, 2.167710102176625e-08, 1.8920467351719718e-08, 1.655268888862717e-08, 1.4464614102478422e-08, 1.261945924726171e-08, 1.100449899114228e-08, 9.616280377305545e-09, 8.388451391061935e-09, 7.3201661578867754e-09, 6.394300653768862e-09]
W_list: [6]
L_list: [7.898759457161806]
