R_list= [ 1  2  3  4  5  6  7  8  9 10 11 12 13 14 15 16 17 18 19 20 21 22 23 24
 25 26 27 28 29 30 31 32 33 34 35 36 37 38]
C_final_list= [5.1359129050415715e-06, 4.446324366101342e-06, 3.830388463364746e-06, 3.291695864942413e-06, 2.8214374344932403e-06, 2.4147583572625812e-06, 2.0687886631973507e-06, 1.7720440604236025e-06, 1.517585306028502e-06, 1.2990051665050231e-06, 1.1130650008903859e-06, 9.547693415696716e-07, 8.166287569222672e-07, 6.982426021385624e-07, 5.966334146043673e-07, 5.105883090305968e-07, 4.3625953895156966e-07, 3.725290484145048e-07, 3.1783320394572976e-07, 2.718100420250828e-07, 2.3236275803466585e-07, 1.9873255254078863e-07, 1.6977355015454508e-07, 1.4485066152068052e-07, 1.2343540028269885e-07, 1.0543362567156152e-07, 9.011586313762833e-08, 7.705696375297305e-08, 6.596270247322993e-08, 5.636467495246871e-08, 4.8127295789320744e-08, 4.101579667191425e-08, 3.5084355313681634e-08, 3.005662146906907e-08, 2.5804366022003062e-08, 2.2138949351905318e-08, 1.8962975423085385e-08, 1.62474493909235e-08]
W_list: [7.2]
L_list: [6.520296758214489]
