R_list= [ 1  2  3  4  5  6  7  8  9 10 11 12 13 14 15 16 17 18 19 20 21 22 23 24
 25 26 27 28 29 30 31 32 33 34 35 36 37 38]
C_final_list= [2.42282572862441e-06, 2.1375516935928956e-06, 1.868601896882761e-06, 1.6266105468749342e-06, 1.412661650012324e-06, 1.2253561649007196e-06, 1.0624195468416057e-06, 9.200109504405805e-07, 7.955636408653166e-07, 6.869860645212699e-07, 5.926183694369653e-07, 5.108958487348044e-07, 4.4027108083840683e-07, 3.7965106489038175e-07, 3.271189584192545e-07, 2.8193003517475317e-07, 2.43030765712112e-07, 2.0945168263190272e-07, 1.8053684260591452e-07, 1.5556100985010265e-07, 1.3393127334085892e-07, 1.152777527420787e-07, 9.924060705235405e-08, 8.542326548874657e-08, 7.352266472443946e-08, 6.331469888618997e-08, 5.4540339187426404e-08, 4.6913353352592414e-08, 4.0360120081146865e-08, 3.476900057527509e-08, 2.995219210730187e-08, 2.5823030482302392e-08, 2.226946746985518e-08, 1.9193145472881565e-08, 1.6542864679380213e-08, 1.4240814785908643e-08, 1.2245869486619464e-08, 1.0523578879283131e-08]
W_list: [8.2]
L_list: [7.035121297412664]
