R_list= [ 1  2  3  4  5  6  7  8  9 10 11 12 13 14 15 16 17 18 19 20 21 22 23 24
 25 26 27 28 29 30 31 32 33 34 35 36 37 38]
C_final_list= [9.172494783210437e-07, 8.110100648945345e-07, 7.150796106639009e-07, 6.299759617539963e-07, 5.552520660260996e-07, 4.88797316464249e-07, 4.3001790600678956e-07, 3.7819672816227836e-07, 3.326739114195146e-07, 2.9222181285803756e-07, 2.565123533689202e-07, 2.2498571618377357e-07, 1.973877182358699e-07, 1.7328110673375914e-07, 1.522994873885704e-07, 1.3398771098479725e-07, 1.1790360199041308e-07, 1.0346181961230276e-07, 9.091311715075122e-08, 7.962886086413461e-08, 6.975229561054414e-08, 6.10367082918741e-08, 5.348319551824497e-08, 4.6730761095897024e-08, 4.077310623185231e-08, 3.5518554362279464e-08, 3.097154324370101e-08, 2.702196841843752e-08, 2.35982457753617e-08, 2.0638912443497808e-08, 1.8031790347137294e-08, 1.5751643593751276e-08, 1.374872778912888e-08, 1.2022321237346528e-08, 1.049818234478237e-08, 9.154163024091564e-09, 7.979752699120742e-09, 6.98220352283313e-09]
W_list: [6]
L_list: [7.801272260319528]
