R_list= [ 1  2  3  4  5  6  7  8  9 10 11 12 13 14 15 16 17 18 19 20 21 22 23 24
 25 26 27 28 29 30 31 32 33 34 35 36 37 38]
C_final_list= [2.5558751714506645e-06, 1.969949374855005e-06, 1.5014195865156856e-06, 1.1416011578756087e-06, 8.676682326300401e-07, 6.575544555674304e-07, 4.988662150673253e-07, 3.7704406530433674e-07, 2.8502948671775777e-07, 2.1562066738273264e-07, 1.6295721706884616e-07, 1.2351213415838424e-07, 9.359328421886452e-08, 7.063255692632182e-08, 5.317248559346222e-08, 4.001041839641046e-08, 3.02208845057203e-08, 2.276267943778995e-08, 1.7133141146821654e-08, 1.2842061523714927e-08, 9.591688268985552e-09, 7.159117270127385e-09, 5.351914062855883e-09, 4.001932795914831e-09, 2.9956066079275976e-09, 2.2458399638619065e-09, 1.6827665981104336e-09, 1.2627577079091972e-09, 9.37884245429899e-10, 6.936448133270703e-10, 5.165218196819733e-10, 3.8622705253049155e-10, 2.910676502716307e-10, 2.2082127954522916e-10, 1.6402825509071678e-10, 1.2113937060898057e-10, 8.995080129570034e-11, 6.69884970385401e-11]
W_list: [9.0]
L_list: [3.671342983102644]
