R_list= [ 1  2  3  4  5  6  7  8  9 10 11 12 13 14 15 16 17 18 19 20 21 22 23 24
 25 26 27 28 29 30 31 32]
C_final_list= [7.126952421334253e-07, 6.433086772853461e-07, 5.829927099746561e-07, 5.260051815502474e-07, 4.744481806337303e-07, 4.279477382500199e-07, 3.8568981884655526e-07, 3.480172502509262e-07, 3.1377232407248696e-07, 2.83126484961482e-07, 2.554358067814125e-07, 2.3032835786041553e-07, 2.076740336377751e-07, 1.87156704090696e-07, 1.6854149989195937e-07, 1.5173588980043973e-07, 1.364948969449573e-07, 1.227322845181911e-07, 1.1027808983054267e-07, 9.908372047238483e-08, 8.897035738445685e-08, 7.990231460389494e-08, 7.17167791686584e-08, 6.437294374765074e-08, 5.779208286097777e-08, 5.191803455142764e-08, 4.6718828237054334e-08, 4.204957126892541e-08, 3.7807095407535466e-08, 3.3972835086136964e-08, 3.050722108506418e-08, 2.7414592139052247e-08]
W_list: [6]
L_list: [9.658348690859295]
