C_final_list: [7.39572309566533e-07, 7.005160159202413e-07, 6.612407521741013e-07, 6.227880594873894e-07, 5.860991787287299e-07, 5.502897693797162e-07, 5.161603641823632e-07, 4.838368846745055e-07, 4.5320669574831856e-07, 4.2445207050947333e-07, 3.979285375236408e-07, 3.7302127403214205e-07, 3.4958099874252534e-07, 3.275270628044804e-07, 3.0694947707619447e-07, 2.874678115991671e-07, 2.691688097006228e-07, 2.5192741195180524e-07, 2.3588387768268307e-07, 2.2080959345980173e-07, 2.0671442603811388e-07, 1.933593197240274e-07, 1.8077831082918598e-07, 1.6890308086979856e-07, 1.5770972686919068e-07, 1.471664175561967e-07, 1.3731991579608828e-07, 1.28183656720373e-07, 1.1955994999624544e-07, 1.1148757717441437e-07, 1.0397857846622152e-07, 9.69905959705236e-08, 9.049309328820075e-08, 8.449341878332991e-08, 7.887056942571966e-08]
ndim2: 500
W_list: [3.8]
L_list: [15.475228200552163]
