C_final_list: [2.0118459610000747e-06, 1.8952678898071483e-06, 1.780106825192688e-06, 1.6714939109936825e-06, 1.5692598582316616e-06, 1.4734512612276635e-06, 1.383775021473802e-06, 1.2992696748169022e-06, 1.2213631149048259e-06, 1.1463276367826718e-06, 1.0764823190706613e-06, 1.0109021954769045e-06, 9.486975927874087e-07, 8.901195870305569e-07, 8.348979432316747e-07, 7.822227052326418e-07, 7.329929680977363e-07, 6.86474846840963e-07, 6.430960029843391e-07, 6.026044424962023e-07, 5.652306112147616e-07, 5.292713398398612e-07, 4.960084164468136e-07, 4.6501577213850183e-07, 4.359989572429199e-07, 4.083972371852521e-07, 3.8286803878557464e-07, 3.5889651118839306e-07, 3.3677275843957046e-07, 3.1598382979336904e-07, 2.967366213164593e-07, 2.787442885438057e-07, 2.615792812401098e-07, 2.455126852306761e-07, 2.302453884474564e-07, 2.158164470564622e-07, 2.023245951500169e-07, 1.8944602529935838e-07, 1.7742916672309862e-07, 1.661010684807867e-07, 1.5539921238630613e-07, 1.4539263421677061e-07, 1.3608633778454118e-07, 1.272854006567032e-07, 1.1897448418772484e-07, 1.1125019951503594e-07, 1.0398705552169443e-07, 9.711600647825479e-08, 9.070526358375423e-08, 8.476430278865937e-08]
ndim2: 500
W_list: [3.0]
L_list: [15.688585677613895]
