R_list= [ 1  2  3  4  5  6  7  8  9 10 11 12 13 14 15 16 17 18 19 20 21 22 23 24
 25 26 27 28 29 30 31 32 33 34 35 36 37 38]
C_final_list= [3.4978940109789125e-05, 2.256520126786061e-05, 1.453680049343602e-05, 9.33991359030902e-06, 5.9883723859207284e-06, 3.828555305585402e-06, 2.4421988443936943e-06, 1.5600500117458713e-06, 9.965859980949218e-07, 6.373076770034353e-07, 4.0749557911568185e-07, 2.6023168943835017e-07, 1.6608331412182146e-07, 1.0625130303323739e-07, 6.817654226624494e-08, 4.380230402190124e-08, 2.8250729129466153e-08, 1.823060512743905e-08, 1.1727503018609487e-08, 7.551677928056569e-09, 4.8864601882262025e-09, 3.1472916553192977e-09, 2.0292250653210427e-09, 1.314593261943288e-09, 8.446669597905381e-10, 5.469480621789334e-10, 3.574758561664379e-10, 2.353086947101772e-10, 1.5742145188874296e-10, 1.0624538038740208e-10, 7.122872610514819e-11, 4.702660058863013e-11, 3.070851361998689e-11, 2.0166697232082064e-11, 1.3364543405727266e-11, 8.917008276199749e-12, 5.561068625261727e-12, 3.3592617385263285e-12]
W_list: [8.3]
L_list: [2.2676214787583233]
