R_list= [ 1  2  3  4  5  6  7  8  9 10 11 12 13 14 15 16 17 18 19 20 21 22 23 24
 25 26 27 28 29 30 31 32 33 34 35 36 37 38]
C_final_list= [1.9602186403962002e-06, 1.8714297253622107e-06, 1.8096461852429366e-06, 1.7458652923774328e-06, 1.6846845009545437e-06, 1.6279893586938935e-06, 1.572955150442112e-06, 1.519122435286357e-06, 1.467780390632763e-06, 1.4179472336044505e-06, 1.3697701899736942e-06, 1.323395170980717e-06, 1.2784007358910064e-06, 1.2345022240321924e-06, 1.1918412789036001e-06, 1.1511643175602417e-06, 1.1118144456000056e-06, 1.0735093946595657e-06, 1.0362871624213038e-06, 1.0003096945648287e-06, 9.659819365431244e-07, 9.329182838290544e-07, 9.00260744710172e-07, 8.686174703725785e-07, 8.378903664781948e-07, 8.081593936490494e-07, 7.794964205212427e-07, 7.520099494301656e-07, 7.2516421603294e-07, 6.993233509994745e-07, 6.739665311297775e-07, 6.494161684909749e-07, 6.255333185631152e-07, 6.025292012780986e-07, 5.803645813882114e-07, 5.588948318162483e-07, 5.383570094566579e-07, 5.184679156606193e-07]
W_list: [4]
L_list: [28.33933460247548]
