C_final_list: [2.0895705454410925e-06, 1.8607370795931123e-06, 1.658335863136378e-06, 1.4761649648480588e-06, 1.314458986669833e-06, 1.171338695643218e-06, 1.0421665636111134e-06, 9.283194169625581e-07, 8.249409587649988e-07, 7.319928258646694e-07, 6.487565063915179e-07, 5.748332518186552e-07, 5.090294191881893e-07, 4.5115383257173505e-07, 3.989641526279271e-07, 3.527833925661098e-07, 3.1115898691826145e-07, 2.749734819564227e-07, 2.435255037472021e-07, 2.152865867424264e-07, 1.899945928673299e-07, 1.6769058665774395e-07, 1.4805901861663715e-07, 1.3090757077357221e-07, 1.155914275905278e-07, 1.0201946099473798e-07, 8.990104426904356e-08, 7.921137833542298e-08, 6.955706909690313e-08, 6.09818814255721e-08, 5.368274666399127e-08, 4.717810288317213e-08, 4.142804532807781e-08, 3.64589240029818e-08, 3.208591861149606e-08, 2.8195488642066037e-08, 2.4714745920884597e-08, 2.1795775771255593e-08, 1.922170644902709e-08, 1.6939429389287927e-08, 1.4943401126391142e-08, 1.317027367828917e-08, 1.1657109071013482e-08, 1.0289956235119285e-08, 9.077211053586749e-09, 8.005307241405986e-09, 7.064700713226403e-09, 6.207803005612132e-09, 5.4557616553305275e-09, 4.784498382198956e-09]
ndim2: 500
W_list: [2.8499999999999996]
L_list: [8.437816947043357]
