C_final_list: [1.6991744979855373e-06, 1.643833379558973e-06, 1.5880730807090564e-06, 1.5353249102212142e-06, 1.4841194010683578e-06, 1.4345253747318925e-06, 1.3864226819756045e-06, 1.3400705601561304e-06, 1.2945759941246799e-06, 1.2507066275060579e-06, 1.2083583788675154e-06, 1.1669341883229562e-06, 1.127404970430338e-06, 1.089226045014327e-06, 1.0519429685755964e-06, 1.0152690825132549e-06, 9.794967084249814e-07, 9.451687544337954e-07, 9.123612897572522e-07, 8.807019556920266e-07, 8.499319275138206e-07, 8.203747715504925e-07, 7.917504081158673e-07, 7.642866948917702e-07, 7.374143926732621e-07, 7.115585095699417e-07, 6.866881354829439e-07, 6.627032898212771e-07, 6.399168058216004e-07, 6.180859252303694e-07, 5.969003007624691e-07, 5.763741162745835e-07, 5.56147813766146e-07, 5.36777466435146e-07, 5.181282737702655e-07]
ndim2: 500
W_list: [2.6]
L_list: [28.666216569621486]
