R_list= [ 1  2  3  4  5  6  7  8  9 10 11 12 13 14 15 16 17 18 19 20 21 22 23 24
 25 26 27 28 29 30 31 32 33 34 35 36 37 38]
C_final_list= [7.792214550240697e-07, 7.008146234474454e-07, 6.250416821854751e-07, 5.557274607776819e-07, 4.929852208857223e-07, 4.372481961828423e-07, 3.8735238365892233e-07, 3.427940140226417e-07, 3.031151245399915e-07, 2.6799819599460735e-07, 2.3706946757951457e-07, 2.095220776234576e-07, 1.8514241663941679e-07, 1.634477263259266e-07, 1.4414167908346133e-07, 1.2713708371492574e-07, 1.122119487836634e-07, 9.915042281033102e-08, 8.749513880557524e-08, 7.71604456960269e-08, 6.785696866653544e-08, 5.964617801834262e-08, 5.2401644415665485e-08, 4.5991785338822404e-08, 4.0352893151443714e-08, 3.538076025941227e-08, 3.102393629866381e-08, 2.720458590271134e-08, 2.3830475656285212e-08, 2.0882230262616506e-08, 1.82742563665123e-08, 1.5984972359716915e-08, 1.3988194442333754e-08, 1.2258982903076336e-08, 1.0742821854929145e-08, 9.416091255315861e-09, 8.244623855928402e-09, 7.204107541339766e-09]
W_list: [7.8]
L_list: [8.26550666910308]
