R_list= [ 1  2  3  4  5  6  7  8  9 10 11 12 13 14 15 16 17 18 19 20 21 22 23 24
 25 26 27 28 29 30 31 32 33 34 35 36 37 38]
C_final_list= [1.1266395981984387e-06, 7.388757743467728e-07, 4.838633224654535e-07, 3.1425976854113755e-07, 2.0198738724914566e-07, 1.3082282573763582e-07, 8.485082851692664e-08, 5.475691496823371e-08, 3.508390492357417e-08, 2.2633948131233785e-08, 1.4665123883696296e-08, 9.644743995687025e-09, 6.256690627427332e-09, 3.970685015714972e-09, 2.5443535838446325e-09, 1.6392650580610535e-09, 1.0339897634463407e-09, 6.466200940706599e-10, 4.0474294919526566e-10, 2.48352484274397e-10, 1.5412665784049123e-10, 9.512187727150657e-11, 5.7513902061062086e-11, 3.538053938832727e-11, 2.2586015605380487e-11, 1.3818227029196934e-11, 8.44714283786656e-12, 5.131022614163728e-12, 3.049248396991134e-12, 1.7997888507633426e-12, 1.075549258715918e-12, 6.47918786109514e-13, 3.9246391145490507e-13, 2.2989558604398586e-13, 1.4062738337511712e-13, 8.705545495905729e-14, 5.662219641897692e-14, 3.723941232728374e-14]
W_list: [7.800000000000001]
L_list: [2.339331322263252]
