R_list= [ 1  2  3  4  5  6  7  8  9 10 11 12 13 14 15 16 17 18 19 20 21 22 23 24
 25 26 27 28 29 30 31 32 33 34 35 36 37 38]
C_final_list= [2.9772439254913304e-07, 1.6008977406826869e-07, 7.685416805104985e-08, 3.567115350420072e-08, 1.6318721593803113e-08, 7.420732633254287e-09, 3.3739155032947676e-09, 1.5188932391874953e-09, 6.749257576380864e-10, 2.974603956055417e-10, 1.3063208084752854e-10, 5.701609217083226e-11, 2.4741273029043214e-11, 1.0705062831249128e-11, 4.746440561920914e-12, 2.1680646367747845e-12, 1.0284933314653793e-12, 4.942047523407666e-13, 2.367870032352669e-13, 1.0792662419171593e-13, 4.6541253277785584e-14, 1.883694845416874e-14, 7.896709016115471e-15, 3.7406068608800465e-15, 1.8897354604333977e-15, 7.351509656170348e-16, 2.3128969815275973e-16, 6.84865764774285e-17, 2.2590554721169902e-17, 8.181503383951573e-18, 3.1676268413676477e-18, 1.3170134338012457e-18, 5.415953969394557e-19, 2.0897730847708617e-19, 8.265839660383309e-20, 3.704434925746864e-20, 1.8145281043393776e-20, 8.814975516856212e-21]
W_list: [6]
L_list: [1.4790918943127211]
