R_list= [ 1  2  3  4  5  6  7  8  9 10 11 12 13 14 15 16 17 18 19 20 21 22 23 24
 25 26 27 28 29 30 31 32 33 34 35 36 37 38]
C_final_list= [2.2287919949777404e-06, 1.9524532503266608e-06, 1.6916415595425196e-06, 1.4590976494452608e-06, 1.254238337611864e-06, 1.0762632299472557e-06, 9.236224027082016e-07, 7.93044138137682e-07, 6.809939701817782e-07, 5.8406819385588e-07, 5.002531889512831e-07, 4.285589141526688e-07, 3.670697097565999e-07, 3.1435065453443914e-07, 2.6899826591360857e-07, 2.2985993063449362e-07, 1.9646666191438977e-07, 1.6775408924035075e-07, 1.4327443695975721e-07, 1.225141144078073e-07, 1.0470226949375232e-07, 8.941142729972991e-08, 7.632915200597263e-08, 6.516599550790602e-08, 5.565238530605517e-08, 4.7549317688443746e-08, 4.062386018309568e-08, 3.468984626634261e-08, 2.9595231314480085e-08, 2.5254106664623128e-08, 2.1514210165071446e-08, 1.832995316644366e-08, 1.5614353629613033e-08, 1.331990579777056e-08, 1.135580928210996e-08, 9.665688239476515e-09, 8.230953005982474e-09, 7.004643375593177e-09]
W_list: [8.35]
L_list: [6.648489646982145]
