C_final_list: [1.057890682915108e-06, 1.0198267162119404e-06, 9.817533020323373e-07, 9.449351997168421e-07, 9.09348405466902e-07, 8.747802935737867e-07, 8.413630637381953e-07, 8.087687999881648e-07, 7.773704993799703e-07, 7.47121182289018e-07, 7.183713281613811e-07, 6.903833346096957e-07, 6.631780628219571e-07, 6.368102930223003e-07, 6.10992348705553e-07, 5.863932281702704e-07, 5.627404530851639e-07, 5.398201943574214e-07, 5.175339192959505e-07, 4.961648763906572e-07, 4.755213430901067e-07, 4.5580906814161026e-07, 4.370789955923257e-07, 4.1899268006071607e-07, 4.016461434526842e-07, 3.8491582575178566e-07, 3.6874247711162866e-07, 3.53320007510352e-07, 3.3850556891325154e-07, 3.243241736409616e-07, 3.10756401612148e-07, 2.977965078655216e-07, 2.8527390003652467e-07, 2.731941690772999e-07, 2.6163174503750484e-07, 2.505731813440172e-07, 2.3992775827539913e-07, 2.298561115208449e-07, 2.201944011878223e-07, 2.1088248620742014e-07, 2.0185844595726714e-07, 1.9324888824091828e-07, 1.8488577331367753e-07, 1.768596532434129e-07, 1.6918116535968317e-07, 1.618260365950632e-07, 1.548243225801871e-07, 1.48055335423603e-07, 1.416117766355661e-07, 1.3543571015317712e-07]
ndim2: 500
W_list: [3.8]
L_list: [24.284900248042902]
