R_list= [ 1  2  3  4  5  6  7  8  9 10 11 12 13 14 15 16 17 18 19 20 21 22 23 24
 25 26 27 28 29 30]
C_final_list= [4.0738745570066455e-08, 1.5463619116983823e-08, 4.514571768395833e-09, 1.1442414267547324e-09, 2.6956211250908394e-10, 6.092472988296195e-11, 1.3290597008450591e-11, 2.83684369988401e-12, 5.938096959712826e-13, 1.2081396828046806e-13, 2.4287025398461152e-14, 4.825627304715018e-15, 9.466537755289855e-16, 1.8580182614780028e-16, 3.7050984416417996e-17, 7.381590292946931e-18, 1.4448890427622132e-18, 2.8341258740014824e-19, 5.642154470676286e-20, 1.158918611729925e-20, 2.449495391488726e-21, 5.368947786265181e-22, 1.2868868102561082e-22, 3.522240140471386e-23, 1.2219637918830141e-23, 5.766100932524243e-24, 3.699620413943423e-24, 2.992581858028329e-24, 2.855170247212846e-24, 2.9320977000562915e-24]
W_list: [6]
L_list: [0.9705973319672875]
