R_list= [ 1  2  3  4  5  6  7  8  9 10 11 12 13 14 15 16 17 18 19 20 21 22 23 24
 25 26 27 28 29 30 31 32 33 34 35 36 37 38]
C_final_list= [2.0439912000185927e-05, 1.64917452377598e-05, 1.318748424477514e-05, 1.0517355529305804e-05, 8.375885086147245e-06, 6.660543582697258e-06, 5.293731877379447e-06, 4.202843955518855e-06, 3.3384733329558946e-06, 2.6517343075133197e-06, 2.105716673834836e-06, 1.6720257563190848e-06, 1.3293584242561011e-06, 1.056095372922721e-06, 8.396823104462553e-07, 6.666494499017975e-07, 5.296054755248835e-07, 4.2141095500949157e-07, 3.3556718252755835e-07, 2.672361521602593e-07, 2.1302216376853705e-07, 1.691547775154315e-07, 1.3438686126370777e-07, 1.0679099488655622e-07, 8.463637578988462e-08, 6.713316835927573e-08, 5.3194453346813155e-08, 4.226419814195533e-08, 3.3591925920417877e-08, 2.668575594023033e-08, 2.119659363275202e-08, 1.6885524550992676e-08, 1.3444418177528263e-08, 1.0704789106277462e-08, 8.505097082184532e-09, 6.75513036900646e-09, 5.368028488362387e-09, 4.280505706769318e-09]
W_list: [8.35]
L_list: [4.426427842914913]
