R_list= [ 1  2  3  4  5  6  7  8  9 10 11 12 13 14 15 16 17 18 19 20 21 22 23 24
 25 26 27 28 29 30 31 32 33 34 35 36 37 38]
C_final_list= [2.59559115728568e-07, 2.1604942282142463e-07, 1.764056180865498e-07, 1.4315910004573338e-07, 1.1579715125548915e-07, 9.348018507243599e-08, 7.540819535249702e-08, 6.067918685494934e-08, 4.879324222517255e-08, 3.9102300569691786e-08, 3.120636525480677e-08, 2.496902644966541e-08, 2.0013233044815365e-08, 1.6070771687393387e-08, 1.2914194166978496e-08, 1.0356549152955345e-08, 8.318163933999823e-09, 6.67085101859864e-09, 5.341400756761396e-09, 4.2646566932037156e-09, 3.4013174311490733e-09, 2.7129166905302647e-09, 2.1594886453132707e-09, 1.7210272977490066e-09, 1.3702150939150464e-09, 1.093865384740221e-09, 8.690772555272294e-10, 6.889058165185505e-10, 5.471930008658658e-10, 4.3407992858465656e-10, 3.433270640892099e-10, 2.7077516332149677e-10, 2.1288105482825904e-10, 1.6780663493899221e-10, 1.3175320852935889e-10, 1.0384911540118758e-10, 8.219961329721104e-11, 6.500730256614523e-11]
W_list: [8.8]
L_list: [4.780859321118882]
