C_final_list: [1.7793728419817062e-06, 1.7567478095684507e-06, 1.7340632937753257e-06, 1.7121520888203179e-06, 1.691111753118758e-06, 1.6704942914593935e-06, 1.6502289182331894e-06, 1.6302687441143969e-06, 1.6106838689200144e-06, 1.5914051208178447e-06, 1.5725208597918212e-06, 1.5538955278026275e-06, 1.5352760905376927e-06, 1.5169794537909292e-06, 1.498916085657679e-06, 1.481225185189673e-06, 1.4634747134594875e-06, 1.4460597217061772e-06, 1.4286598369501626e-06, 1.4117705764303518e-06, 1.3951841207889085e-06, 1.3785888657545564e-06, 1.3623733938425354e-06, 1.3462509404046927e-06, 1.3301987820019086e-06, 1.3144110579299213e-06, 1.2988102482380555e-06, 1.2832350110880392e-06, 1.267838527845182e-06, 1.252442788618061e-06, 1.2371124560019736e-06, 1.2219483154985584e-06, 1.206612541657291e-06, 1.1916189626684593e-06, 1.1768224470592842e-06, 1.1622215740682029e-06, 1.147782177396108e-06, 1.1335146759884006e-06, 1.119577651117334e-06, 1.1058938395059506e-06, 1.0923089363154422e-06, 1.0789677443908249e-06, 1.0658537977650904e-06, 1.05285465633669e-06, 1.040216141650079e-06, 1.0275132979496016e-06, 1.0151074848966973e-06, 1.0026722709481968e-06, 9.905755716867592e-07, 9.785679077213735e-07]
ndim2: 500
W_list: [2.8]
L_list: [82.40019237647435]
