R_list= [ 1  2  3  4  5  6  7  8  9 10 11 12 13 14 15 16 17 18 19 20 21 22 23 24
 25 26 27 28 29 30 31 32 33 34 35 36 37 38]
C_final_list= [2.032189340847813e-06, 1.985153348303919e-06, 1.946676215628449e-06, 1.9072337310616307e-06, 1.8704095974694224e-06, 1.8333966296784876e-06, 1.7974445525009268e-06, 1.7623140215561608e-06, 1.7274056215715123e-06, 1.6930405581954555e-06, 1.6591329493312512e-06, 1.6260663408982245e-06, 1.5941408690800957e-06, 1.5629139708416248e-06, 1.5322691033815807e-06, 1.5019182844083053e-06, 1.4722024190827984e-06, 1.4430073757470385e-06, 1.4140534713879924e-06, 1.38589907075891e-06, 1.3584137941838399e-06, 1.3313123830215633e-06, 1.304746873475067e-06, 1.2785689252020762e-06, 1.2529060964685375e-06, 1.2275450699908653e-06, 1.2028964988437009e-06, 1.1783844040438824e-06, 1.1547277560869746e-06, 1.131547390691364e-06, 1.1085847485425305e-06, 1.0861817179151432e-06, 1.0640546860882584e-06, 1.0425263747415188e-06, 1.0212765402378571e-06, 1.0005231802140258e-06, 9.80090012840838e-07, 9.600000200906204e-07]
W_list: [4]
L_list: [49.67280563791474]
