R_list= [ 1  2  3  4  5  6  7  8  9 10 11 12 13 14 15 16 17 18 19 20 21 22 23 24
 25 26 27 28 29 30]
C_final_list= [8.420276832655956e-08, 4.657556092849437e-08, 2.3114001960966543e-08, 1.1061726196441324e-08, 5.241455503991556e-09, 2.465516919032739e-09, 1.147205500838362e-09, 5.268648977491551e-10, 2.4054764309943365e-10, 1.0949314183795032e-10, 4.973990912631281e-11, 2.224365867037794e-11, 9.848610240302163e-12, 4.330632329770485e-12, 1.9079102115739093e-12, 8.482050339234973e-13, 3.773150928673785e-13, 1.7092881579010655e-13, 9.94771548206444e-14, 1.2005745808706173e-13, 1.0723459158266013e-13, 5.960923139468837e-14, 1.7539130729335808e-14, 3.562414021498635e-15, 7.627867788130624e-16, 3.268006974868915e-16, 1.4548288021767438e-16, 3.811616791250947e-17, 1.3920052987573013e-17, 7.831543319951795e-18]
W_list: [6]
L_list: [1.5409257016851072]
