R_list= [ 1  2  3  4  5  6  7  8  9 10 11 12 13 14 15 16 17 18 19 20 21 22 23 24
 25 26 27 28 29 30 31 32 33 34 35 36 37 38]
C_final_list= [3.351395783919455e-05, 2.5817947858543384e-05, 1.9772859181623867e-05, 1.5116478555431298e-05, 1.154434493460343e-05, 8.81774267714226e-06, 6.72138860426135e-06, 5.124804203712992e-06, 3.9035806383030045e-06, 2.9745050522963753e-06, 2.264344645219003e-06, 1.7227537676330493e-06, 1.3100786839644313e-06, 9.967685729804168e-07, 7.582303148318476e-07, 5.769804262850561e-07, 4.3943480535587096e-07, 3.344779409790173e-07, 2.541248002470398e-07, 1.931230255170302e-07, 1.4646725914413255e-07, 1.1081275948749107e-07, 8.388123110223607e-08, 6.345306031033986e-08, 4.803428977547612e-08, 3.639977743329037e-08, 2.765373262485783e-08, 2.1123138688991576e-08, 1.6158508199479946e-08, 1.2328030700578723e-08, 9.417245477692401e-09, 7.1890434373012156e-09, 5.477374664526891e-09, 4.161889356591855e-09, 3.163715225337524e-09, 2.3982269903408815e-09, 1.8128715676964918e-09, 1.3731976977739538e-09]
W_list: [7.95]
L_list: [3.7342084962939524]
