R_list= [ 1  2  3  4  5  6  7  8  9 10 11 12 13 14 15 16 17 18 19 20 21 22 23 24
 25 26 27 28 29 30 31 32 33 34 35 36 37 38]
C_final_list= [1.0748030817726185e-06, 8.701558833278399e-07, 7.111297999228814e-07, 5.884647832495011e-07, 4.887088949181776e-07, 4.0594274459754e-07, 3.3745210569993626e-07, 2.8058516334610987e-07, 2.3261764919274324e-07, 1.92143986572245e-07, 1.584963036667367e-07, 1.3127616516025374e-07, 1.0885135339437491e-07, 9.015470877159643e-08, 7.454206441893884e-08, 6.157093580921113e-08, 5.084370013648153e-08, 4.1961055619357984e-08, 3.469448423537398e-08, 2.8684251151797338e-08, 2.3707217587692716e-08, 1.961340655951686e-08, 1.6222455040726377e-08, 1.3414282578418447e-08, 1.1101756213529926e-08, 9.195593535112645e-09, 7.643129530811946e-09, 6.359005912685465e-09, 5.268887530950597e-09, 4.359470435447209e-09, 3.6030451546229197e-09, 2.9777832104849173e-09, 2.4629717995643856e-09, 2.0351166654036267e-09, 1.6774836992052292e-09, 1.3854005038659297e-09, 1.1445387982013176e-09, 9.434921388495333e-10]
W_list: [5]
L_list: [5.216286760490797]
