R_list= [ 1  2  3  4  5  6  7  8  9 10 11 12 13 14 15 16 17 18 19 20 21 22 23 24
 25 26 27 28 29 30 31 32 33 34 35 36 37 38]
C_final_list= [1.9549466411197465e-06, 1.8405127869256003e-06, 1.7670679832398518e-06, 1.6972738571546373e-06, 1.6252045561563783e-06, 1.5574780637390588e-06, 1.49362285171294e-06, 1.4321343592797627e-06, 1.3733048720994249e-06, 1.3170339077434844e-06, 1.2631797651191195e-06, 1.210946797288979e-06, 1.1603111959373925e-06, 1.1116876772606375e-06, 1.065748123773791e-06, 1.0217860674422857e-06, 9.791812341515414e-07, 9.380731198746162e-07, 8.985236616675961e-07, 8.602809262313739e-07, 8.238752434427836e-07, 7.889942396419856e-07, 7.553309398177863e-07, 7.23023905038686e-07, 6.921000872794089e-07, 6.62386095676587e-07, 6.339036127257083e-07, 6.067179583867679e-07, 5.806958098196912e-07, 5.555762068461797e-07, 5.315024520651289e-07, 5.08518715797223e-07, 4.863356842866895e-07, 4.651656018003823e-07, 4.4508112351185143e-07, 4.2566385345272266e-07, 4.0701313836161154e-07, 3.892191861755558e-07]
W_list: [4]
L_list: [23.301723690686483]
