C_final_list: [1.708268575132415e-06, 1.646056739686513e-06, 1.5840733484506843e-06, 1.5243247551091365e-06, 1.466587433226643e-06, 1.4116787381667606e-06, 1.3588167689079177e-06, 1.3077233790399454e-06, 1.258513963456821e-06, 1.2110251193107837e-06, 1.165821778844366e-06, 1.122130077543687e-06, 1.0798161751795809e-06, 1.0384461357551422e-06, 9.989163162425568e-07, 9.60878365143219e-07, 9.236935542405459e-07, 8.877905116503576e-07, 8.532975223879221e-07, 8.203493582086677e-07, 7.887311317500878e-07, 7.580158630235045e-07, 7.285941449194755e-07, 7.004604436587994e-07, 6.734861120100863e-07, 6.476541669667127e-07, 6.224750371305421e-07, 5.984844736065309e-07, 5.750126107468655e-07, 5.527545372488951e-07, 5.315115145093635e-07, 5.112911618136519e-07, 4.917731053921452e-07, 4.729098410801477e-07, 4.5466711498991824e-07, 4.372833122775889e-07, 4.2042104308497014e-07, 4.041653342184376e-07, 3.8856847019393375e-07, 3.7342150533101357e-07, 3.590348823188362e-07, 3.4499520262292337e-07, 3.3165473482599763e-07, 3.187503338431569e-07, 3.063485331360509e-07, 2.9438649333760194e-07, 2.828980759081981e-07, 2.718816228289379e-07, 2.6124739280246864e-07, 2.510241302664428e-07]
ndim2: 500
W_list: [3.25]
L_list: [25.653314379923028]
