C_list:
8.147815882914595e-07 0.05821479204363219
ndim2: 500
W_list: [3.0]
L_list: [17.177764703694148]
