R_list= [ 1  2  3  4  5  6  7  8  9 10 11 12 13 14 15 16 17 18 19 20 21 22 23 24
 25 26 27 28 29 30 31 32 33 34 35 36 37 38]
C_final_list= [8.374877934316668e-07, 4.855671676963232e-07, 2.8023728976556054e-07, 1.6308939218326614e-07, 9.422613410043019e-08, 5.404475739779033e-08, 3.075521746736677e-08, 1.753004198286882e-08, 1.0235361653180479e-08, 5.886239568258456e-09, 3.3502061212809846e-09, 1.9135815273341763e-09, 1.097515612843669e-09, 6.336605268289159e-10, 3.6801319784343405e-10, 2.0506331884931276e-10, 1.1381886554252959e-10, 6.127414297059256e-11, 3.485369807866559e-11, 2.0419724901468687e-11, 1.1195129724270638e-11, 6.366740232867159e-12, 3.6428948998584605e-12, 2.034139623729926e-12, 1.0945069036385878e-12, 6.499729873604828e-13, 3.4367122978521176e-13, 1.7961843197739667e-13, 1.0711041975404191e-13, 4.7632371071954884e-14, 2.4358360831019047e-14, 1.3855387933584894e-14, 6.06116267184482e-15, 3.107643554390626e-15, 1.6708240902338744e-15, 1.0961240934978728e-15, 1.0927425481862457e-15, 1.2641630101992052e-15]
W_list: [9.0]
L_list: [1.8291498057196638]
