C_list:
1.2476243529343571e-06 0.2432225700975452
ndim2: 500
W_list: [4.2]
L_list: [4.111460542493844]
