R_list= [ 1  2  3  4  5  6  7  8  9 10 11 12 13 14 15 16 17 18 19 20 21 22 23 24
 25 26 27 28 29 30 31 32]
C_final_list= [7.520894459906113e-08, 2.8783827128626862e-08, 8.512213056875242e-09, 2.2052784711347384e-09, 5.288799879011645e-10, 1.2118406111042934e-10, 2.6985186661376283e-11, 5.920708124412674e-12, 1.290326837718825e-12, 2.8032471278051915e-13, 6.140080862853261e-14, 1.374148856820075e-14, 3.2823945039452662e-15, 8.828502385726397e-16, 2.46583415867489e-16, 6.632640874981627e-17, 1.6229864647739026e-17, 3.230694843584993e-18, 6.316725062619382e-19, 1.2800085707745814e-19, 2.824791057765214e-20, 7.355706800763898e-21, 2.419055665990475e-21, 9.45768545158033e-22, 4.385430560195871e-22, 2.7120482656573066e-22, 2.0121038479713068e-22, 1.7032911375867946e-22, 1.5649579736697863e-22, 1.4956940036641914e-22, 1.4673835086101594e-22, 1.45915645873708e-22]
W_list: [6]
L_list: [0.9784720142814609]
