C_final_list: [1.4224135160966634e-06, 1.240657250513064e-06, 1.0832527740762512e-06, 9.468427959628232e-07, 8.284781155178104e-07, 7.258563868190197e-07, 6.341249764073037e-07, 5.537050932342756e-07, 4.834740102122699e-07, 4.22556869517118e-07, 3.679961279668292e-07, 3.2146318880627816e-07, 2.8020619958940975e-07, 2.441636127567185e-07, 2.12991710098119e-07, 1.8587684386003512e-07, 1.6193300655172877e-07, 1.4083973560958412e-07, 1.2244808534430476e-07, 1.06252655874002e-07, 9.239680135950897e-08, 8.049237914105829e-08, 7.010912711220047e-08, 6.099268873462284e-08, 5.2872774742020284e-08, 4.573598077353662e-08, 3.952443600270456e-08, 3.411134991563329e-08, 2.9462307747345145e-08, 2.5491516991209005e-08, 2.2027896139573735e-08, 1.9053865014808462e-08, 1.646300507141611e-08, 1.4235817098822337e-08, 1.2268598512642046e-08]
ndim2: 500
W_list: [4.0]
L_list: [7.3782164704665325]
