R_list= [ 1  2  3  4  5  6  7  8  9 10 11 12 13 14 15 16 17 18 19 20 21 22 23 24
 25 26 27 28 29 30 31 32 33 34 35 36 37 38]
C_final_list= [2.5769718001772197e-07, 2.1347456971681052e-07, 1.7394940215360473e-07, 1.4064408463825133e-07, 1.129510837044629e-07, 9.035186472704268e-08, 7.203277266273646e-08, 5.738159811430963e-08, 4.563515908007322e-08, 3.6328771953087915e-08, 2.890974244423787e-08, 2.2933439352872578e-08, 1.8182610984633433e-08, 1.4385573805071746e-08, 1.1395883067422336e-08, 9.011468294804559e-09, 7.12466517587601e-09, 5.620217282560372e-09, 4.44041711936471e-09, 3.514845305598338e-09, 2.7789480893170894e-09, 2.1863672523204543e-09, 1.716873911405325e-09, 1.34825451385435e-09, 1.0587640909830638e-09, 8.328797235594765e-10, 6.541161342584944e-10, 5.142073613180496e-10, 4.0427940744063865e-10, 3.178746547615346e-10, 2.498057832554477e-10, 1.9672223769061329e-10, 1.5460628089836366e-10, 1.2075808197025833e-10, 9.420696033118473e-11, 7.33647413707231e-11, 5.711218325056232e-11, 4.438045816418404e-11]
W_list: [9.2]
L_list: [4.642276530406769]
