R_list= [ 1  2  3  4  5  6  7  8  9 10 11 12 13 14 15 16 17 18 19 20 21 22 23 24
 25 26 27 28 29 30 31 32 33 34 35 36 37 38]
C_final_list= [3.2865054708023275e-07, 1.636525106162477e-07, 6.637145212557768e-08, 2.4059809461705676e-08, 8.188643380210761e-09, 2.699089202943975e-09, 8.736983705384183e-10, 2.8155476541917843e-10, 9.127678482539207e-11, 3.011361589467345e-11, 1.0150913923852696e-11, 3.5031219876980214e-12, 1.2271995561259952e-12, 4.1893228129135314e-13, 1.4134765810217655e-13, 4.7566499088703873e-14, 1.5780521527278328e-14, 5.0302545969387835e-15, 1.554154896787693e-15, 4.697064636681179e-16, 1.408444068947781e-16, 4.2360411362150925e-17, 1.313694982211768e-17, 4.243950859543272e-18, 1.383115267616521e-18, 4.415822074678311e-19, 1.4335811457478562e-19, 5.063524929802917e-20, 2.0351696747770765e-20, 9.535633354821416e-21, 5.384550129355406e-21, 3.697913745393177e-21, 2.9444795259489617e-21, 2.569769537623006e-21, 2.374969855023361e-21, 2.27812453135286e-21, 2.2164470186220725e-21, 2.1860066814258122e-21]
W_list: [5]
L_list: [1.2800322263390784]
