R_list= [ 1  2  3  4  5  6  7  8  9 10 11 12 13 14 15 16 17 18 19 20 21 22 23 24
 25 26 27 28 29 30 31 32 33 34 35 36 37 38]
C_final_list= [6.760863272907324e-07, 5.685586821869756e-07, 4.768619127988978e-07, 3.996079085823917e-07, 3.3376742952941957e-07, 2.778768867080786e-07, 2.3115768598349184e-07, 1.9238578894754414e-07, 1.5989982794001708e-07, 1.3260458077924043e-07, 1.0995972214585484e-07, 9.120802320509268e-08, 7.564201507606827e-08, 6.261682291131188e-08, 5.175756722142876e-08, 4.267666326505223e-08, 3.515909888977157e-08, 2.8951719648724737e-08, 2.3804283092826212e-08, 1.9627492802786324e-08, 1.6151164940585926e-08, 1.3290477060651343e-08, 1.0960028288291036e-08, 9.026778556502392e-09, 7.466344012341898e-09, 6.1583210879545995e-09, 5.089082950962894e-09, 4.198422909533477e-09, 3.4399568293790557e-09, 2.8107935580915654e-09, 2.2989090529138963e-09, 1.887660672747866e-09, 1.5452529726555629e-09, 1.2667857951711378e-09, 1.0369748725030853e-09, 8.483643147502067e-10, 6.94325671100456e-10, 5.700222709161265e-10]
W_list: [6.800000000000001]
L_list: [5.516454564078404]
