R_list= [ 1  2  3  4  5  6  7  8  9 10 11 12 13 14 15 16 17 18 19 20 21 22 23 24
 25 26 27 28 29 30 31 32 33 34 35 36 37 38]
C_final_list= [4.3667466268823193e-07, 3.8975670885143316e-07, 3.4478443041858407e-07, 3.0401590856940066e-07, 2.672075421009542e-07, 2.3464007575524258e-07, 2.0600626847829046e-07, 1.8088289994644544e-07, 1.5851801395240272e-07, 1.3887466517018941e-07, 1.2175482224552958e-07, 1.0685212767064313e-07, 9.376600265885287e-08, 8.216715675341447e-08, 7.202670293408157e-08, 6.319352449452989e-08, 5.548065283019889e-08, 4.8679441838734996e-08, 4.268127265647791e-08, 3.739846592751317e-08, 3.269925676307542e-08, 2.8579546860319194e-08, 2.498603198316919e-08, 2.183427593930965e-08, 1.901886682796907e-08, 1.657413519318816e-08, 1.4420419584105666e-08, 1.2553728376169316e-08, 1.0935080512534552e-08, 9.52235012756214e-09, 8.286960911202093e-09, 7.210626554360412e-09, 6.277099025473218e-09, 5.460706594339e-09, 4.75091700659129e-09, 4.133375791807642e-09, 3.599717941739692e-09, 3.135337642297918e-09]
W_list: [7.0]
L_list: [7.7594304193552865]
