R_list= [ 1  2  3  4  5  6  7  8  9 10 11 12 13 14 15 16 17 18 19 20 21 22 23 24
 25 26 27 28 29 30 31 32 33 34 35 36 37 38]
C_final_list= [2.0585911272928774e-07, 1.6534557760763262e-07, 1.3286210517058762e-07, 1.0601911862531324e-07, 8.433821435635931e-08, 6.676425121543256e-08, 5.2875465470693365e-08, 4.185231762562711e-08, 3.3129686369074535e-08, 2.620797938532498e-08, 2.063259664040431e-08, 1.619683786071785e-08, 1.2711298206856458e-08, 9.961581739115074e-09, 7.813009110276104e-09, 6.14257744760511e-09, 4.835225085495648e-09, 3.795543278423433e-09, 2.9699879577792248e-09, 2.3265722485370683e-09, 1.8315733507241879e-09, 1.4376262294609753e-09, 1.1282882984779336e-09, 8.815075700159067e-10, 6.884212525299234e-10, 5.389347019208013e-10, 4.217705142441901e-10, 3.282159600869049e-10, 2.549350340266314e-10, 1.9813345541197632e-10, 1.5426301307743366e-10, 1.1923077059355289e-10, 9.194562988506009e-11, 7.112131950292419e-11, 5.503370192702455e-11, 4.2718338355873016e-11, 3.326157588032609e-11, 2.579686502770226e-11]
W_list: [7]
L_list: [4.3914202243022675]
