C_final_list: [1.450471639015129e-06, 1.377435929307858e-06, 1.3072099854410419e-06, 1.239718820252582e-06, 1.1758259196251784e-06, 1.1150330801051685e-06, 1.0575158429319092e-06, 1.0022109219892153e-06, 9.500791459715379e-07, 9.001307318763817e-07, 8.530172633348116e-07, 8.083356506261529e-07, 7.657990671416564e-07, 7.256934133667702e-07, 6.88043401060527e-07, 6.521205547452907e-07, 6.18215481772053e-07, 5.855973977311331e-07, 5.545725635687498e-07, 5.25402287029369e-07, 4.976043422347725e-07, 4.71091760864162e-07, 4.457043219114668e-07, 4.2139473744130376e-07, 3.9845652387856404e-07, 3.7689585503307785e-07, 3.5675708881376784e-07, 3.374907681966696e-07, 3.190823922972463e-07, 3.016940834795017e-07, 2.8497541339461877e-07, 2.693490879881418e-07, 2.544524500363095e-07, 2.4030696998334805e-07, 2.2698993510241052e-07, 2.1430015967707393e-07, 2.0235098603699288e-07, 1.9089773810436782e-07, 1.800354298936324e-07, 1.6988612032205908e-07, 1.602616078862193e-07, 1.5114949914021027e-07, 1.4272365929811548e-07, 1.34764999092839e-07, 1.2714469620173291e-07, 1.1984893459042434e-07, 1.1301229594550973e-07, 1.0662997712413389e-07, 1.0051277999218099e-07, 9.475996029139844e-08]
ndim2: 500
W_list: [3.6]
L_list: [18.406739682311798]
