R_list= [ 1  2  3  4  5  6  7  8  9 10 11 12 13 14 15 16 17 18 19 20 21 22 23 24
 25 26 27 28 29 30 31 32 33 34 35 36 37 38]
C_final_list= [1.5617265106995523e-06, 1.4326449055304872e-06, 1.324496874576042e-06, 1.2380438890906945e-06, 1.160393173033169e-06, 1.0862340397604793e-06, 1.016160725853985e-06, 9.50994346856915e-07, 8.902898980427682e-07, 8.33307377895676e-07, 7.798229586654444e-07, 7.29356325467324e-07, 6.821124991948313e-07, 6.377316884485175e-07, 5.961065625696804e-07, 5.57189689753656e-07, 5.206450850439504e-07, 4.86291433747968e-07, 4.539622593066836e-07, 4.2357039187702296e-07, 3.9508634394276323e-07, 3.686207111493435e-07, 3.438726236794223e-07, 3.208696975413921e-07, 2.9939171512189906e-07, 2.794441976857708e-07, 2.607547268633854e-07, 2.432549950850088e-07, 2.269341216662208e-07, 2.1162055660868107e-07, 1.9712561662062268e-07, 1.835283895343986e-07, 1.708382570381371e-07, 1.5905672230881534e-07, 1.4805204943377666e-07, 1.377598414473088e-07, 1.2819549798452624e-07, 1.192773603772829e-07]
W_list: [4]
L_list: [14.682772030221388]
