C_final_list: [1.820626748276078e-06, 1.7623078005074824e-06, 1.7043886475486088e-06, 1.6477792781145709e-06, 1.592848375618222e-06, 1.540193114829301e-06, 1.488970987568734e-06, 1.4397901321846472e-06, 1.3922465379354305e-06, 1.345515520124175e-06, 1.3004188529985426e-06, 1.257057982084108e-06, 1.2157942349636297e-06, 1.17537097284215e-06, 1.1361709492281794e-06, 1.097766056553306e-06, 1.0607077026072606e-06, 1.024360395580287e-06, 9.895267215632494e-07, 9.555079359872003e-07, 9.229320233190953e-07, 8.912704570390374e-07, 8.60460125982454e-07, 8.311213391864063e-07, 8.025652739185178e-07, 7.74797716410249e-07, 7.481380789168362e-07, 7.225166174244061e-07, 6.977982361554613e-07, 6.736514993576351e-07, 6.504161312190697e-07, 6.28028939104863e-07, 6.062172631230774e-07, 5.851356706504729e-07, 5.646986555536027e-07, 5.447244841986162e-07, 5.254344958806227e-07, 5.07090436658766e-07, 4.893034242472796e-07, 4.720740424322611e-07, 4.554206486359309e-07, 4.392555795693475e-07, 4.2357818463947585e-07, 4.0861757074296546e-07, 3.9424838933928355e-07, 3.804354184898808e-07, 3.66953640826965e-07, 3.5389007254038214e-07, 3.4118041951823045e-07, 3.2891017188836136e-07]
ndim2: 500
W_list: [3.0999999999999996]
L_list: [28.935142366997802]
