R_list= [ 1  2  3  4  5  6  7  8  9 10 11 12 13 14 15 16 17 18 19 20 21 22 23 24
 25 26 27 28 29 30 31 32 33 34 35 36 37 38]
C_final_list= [2.4789938431849125e-07, 1.5525843151424575e-07, 9.514954399352021e-08, 5.792341433928046e-08, 3.495734648571785e-08, 2.107799456484975e-08, 1.266644359562427e-08, 7.615692622263468e-09, 4.579451063321019e-09, 2.7336976459863855e-09, 1.6288811917997727e-09, 9.80208790227824e-10, 5.91373247439261e-10, 3.5202470978610467e-10, 2.0699224497084977e-10, 1.2257531172712952e-10, 7.292614804897586e-11, 4.3164303106011925e-11, 2.5930381109263555e-11, 1.5658271143257017e-11, 9.536812092935624e-12, 5.6072443577248575e-12, 3.2404455124108206e-12, 1.865401190829602e-12, 1.0897669236081652e-12, 6.589869045030237e-13, 3.8627146478208096e-13, 2.214820686952575e-13, 1.312138226425088e-13, 8.2399947542524e-14, 5.142248551334647e-14, 3.009715216789876e-14, 1.6631866506624945e-14, 9.097224367741832e-15, 4.888989331224292e-15, 2.6321541158577336e-15, 1.4225265106058175e-15, 7.612712226326069e-16]
W_list: [7]
L_list: [2.062510196686558]
