C_final_list: [1.4990671167177398e-06, 1.4689201805966699e-06, 1.4389416905780328e-06, 1.4101798356566768e-06, 1.3821083499893417e-06, 1.3543686954836329e-06, 1.3270868011021154e-06, 1.3006663533351516e-06, 1.2744941947324507e-06, 1.2486223387314313e-06, 1.223004171631981e-06, 1.1976776298331275e-06, 1.1728129093345591e-06, 1.1486297052697895e-06, 1.1246747162485165e-06, 1.101165730085135e-06, 1.0783040913027667e-06, 1.0561971473615224e-06, 1.0342187459519383e-06, 1.013118356324139e-06, 9.921086365625317e-07, 9.716280966520519e-07, 9.514808114828205e-07, 9.318515556185067e-07, 9.126524403734944e-07, 8.936467409883458e-07, 8.751387933228004e-07, 8.570380771373128e-07, 8.392278081797092e-07, 8.220270985877029e-07, 8.052156784303632e-07, 7.885455046121553e-07, 7.722883467062844e-07, 7.563353492691481e-07, 7.407042376962938e-07, 7.253827339158568e-07, 7.102276579066893e-07, 6.954167411008301e-07, 6.807604473100848e-07, 6.663460102748276e-07, 6.522125782373462e-07, 6.383836101391176e-07, 6.247850883633237e-07, 6.116017956971808e-07, 5.985897613073111e-07, 5.85937157834415e-07, 5.734393979833468e-07, 5.610541030870362e-07, 5.490072195644468e-07, 5.372671950312834e-07]
ndim2: 500
W_list: [3.25]
L_list: [47.941190550940696]
