C_final_list: [8.229587969591221e-07, 7.843109067687173e-07, 7.455642764580681e-07, 7.0794787483883e-07, 6.711528148774644e-07, 6.359184565826865e-07, 6.022730201240819e-07, 5.699946801199217e-07, 5.389352187728336e-07, 5.096849001524931e-07, 4.814369316704143e-07, 4.548751230964405e-07, 4.2935020955059887e-07, 4.05203554002851e-07, 3.8239257459842723e-07, 3.606437776245831e-07, 3.403317078019419e-07, 3.211158333039198e-07, 3.0300270405811156e-07, 2.857615214631905e-07, 2.692568420779946e-07, 2.5359159043505294e-07, 2.388430962776228e-07, 2.2495312181592397e-07, 2.1178058000107774e-07, 1.9938743137188832e-07, 1.8773935406436473e-07, 1.7674024643962249e-07, 1.6635366113799617e-07, 1.565584717799226e-07, 1.473009283594816e-07, 1.3858050628098237e-07, 1.30227592050254e-07, 1.2234542341310284e-07, 1.1498707603236471e-07]
ndim2: 500
W_list: [4.0]
L_list: [17.613997724706888]
