C_final_list: [1.4914755010709392e-06, 1.4168366739615866e-06, 1.3431901716962534e-06, 1.2733361706197163e-06, 1.2067649095880072e-06, 1.1431316299934906e-06, 1.0830710648625958e-06, 1.025694828125179e-06, 9.708961062955372e-07, 9.191311955868382e-07, 8.698687223566228e-07, 8.232841367657929e-07, 7.789706379769962e-07, 7.372151289548416e-07, 6.971288894992715e-07, 6.589352459969259e-07, 6.225039914007625e-07, 5.879400557165127e-07, 5.561054506836499e-07, 5.261082388884695e-07, 4.977078673650634e-07, 4.706845018684588e-07, 4.448984129451276e-07, 4.203384785163373e-07, 3.9706037404172857e-07, 3.75161496785891e-07, 3.5409343800411864e-07, 3.339546737449753e-07, 3.151494752802417e-07, 2.9751203505270196e-07, 2.807213707316897e-07, 2.6471562748707377e-07, 2.496980576089181e-07, 2.3561316367941997e-07, 2.2222436241170665e-07, 2.0965322507982873e-07, 1.9765450516566584e-07, 1.863995199828594e-07, 1.7583487866750878e-07, 1.6596433871505372e-07, 1.5661297433397692e-07, 1.4775178754361342e-07, 1.3934817128471768e-07, 1.3139682578910865e-07, 1.2378078346809645e-07, 1.1664284695328839e-07, 1.0987766408776916e-07, 1.034253586809444e-07, 9.742287784221597e-08, 9.177463131721089e-08]
ndim2: 500
W_list: [3.6]
L_list: [17.9522470559048]
