R_list= [ 1  2  3  4  5  6  7  8  9 10 11 12 13 14 15 16 17 18 19 20 21 22 23 24
 25 26 27 28 29 30 31 32 33 34 35 36 37 38]
C_final_list= [8.452992893724208e-07, 6.510622050681965e-07, 5.134444069389506e-07, 4.051194791190503e-07, 3.192427527555969e-07, 2.5137159393033807e-07, 1.9847387478546022e-07, 1.5646299104990507e-07, 1.2314939322167234e-07, 9.711576263894075e-08, 7.644924873547508e-08, 6.013046038539857e-08, 4.724049460704305e-08, 3.7000013874780735e-08, 2.8892232988207035e-08, 2.254040254388789e-08, 1.759359089464203e-08, 1.3776198097009036e-08, 1.0799010056443565e-08, 8.452407731174081e-09, 6.597946509692461e-09, 5.1256340141783685e-09, 3.969437228412792e-09, 3.066468037940254e-09, 2.3918454141645357e-09, 1.86605856986817e-09, 1.463381837748681e-09, 1.148811144289121e-09, 8.988977351585732e-10, 7.002440226009828e-10, 5.407104104123427e-10, 4.1700284017612923e-10, 3.2227328100283494e-10, 2.514015713877799e-10, 1.9650410379620507e-10, 1.527595131869061e-10, 1.190402664077884e-10, 9.208285136312845e-11]
W_list: [6]
L_list: [4.1429833296146885]
