C_final_list: [1.759113141456086e-06, 1.6964220101562695e-06, 1.6346302271659059e-06, 1.574817725133056e-06, 1.5169896169756213e-06, 1.4619862656321746e-06, 1.4080133981208375e-06, 1.3557956945863548e-06, 1.3054260818607656e-06, 1.257111096921613e-06, 1.2110979849540628e-06, 1.166165393233312e-06, 1.123153243149734e-06, 1.081114780369662e-06, 1.0406902918339218e-06, 1.0016691040428207e-06, 9.645387562081387e-07, 9.284123655279432e-07, 8.938777579483286e-07, 8.611816018179443e-07, 8.296518059889989e-07, 7.990662276078966e-07, 7.691255720842125e-07, 7.403157820015019e-07, 7.122480251030026e-07, 6.854166414218414e-07, 6.595271583727734e-07, 6.346841539159749e-07, 6.108431112442869e-07, 5.878096062787298e-07, 5.655178546523975e-07, 5.44495231932171e-07, 5.242109370670904e-07, 5.045402064748469e-07, 4.855262833677927e-07, 4.671839365163893e-07, 4.491077928576061e-07, 4.3181757481905704e-07, 4.151647644026267e-07, 3.991129570824117e-07, 3.8372465094160225e-07, 3.689999127132408e-07, 3.5468995299582926e-07, 3.410284723879501e-07, 3.2799969529502065e-07, 3.15553928913378e-07, 3.03406537402517e-07, 2.9162590915191494e-07, 2.802257244985327e-07, 2.693488672430222e-07]
ndim2: 500
W_list: [3.1999999999999997]
L_list: [26.32504739874207]
