R_list= [ 1  2  3  4  5  6  7  8  9 10 11 12 13 14 15 16 17 18 19 20 21 22 23 24
 25 26 27 28 29 30 31 32 33 34 35 36 37 38]
C_final_list= [2.1074445834364794e-06, 2.037501248490148e-06, 1.970092063372088e-06, 1.9088969335081006e-06, 1.8505506084396333e-06, 1.7934046996859907e-06, 1.7389954193431991e-06, 1.6853691594111464e-06, 1.63311696610753e-06, 1.5827715717005308e-06, 1.5344918023627092e-06, 1.4870719314863064e-06, 1.441100350454481e-06, 1.3964182788760344e-06, 1.3534098656307453e-06, 1.3113489796730307e-06, 1.270620796210686e-06, 1.2310149106866062e-06, 1.1933303161640277e-06, 1.156164810742062e-06, 1.119996661286587e-06, 1.0853776390586942e-06, 1.0511562510125793e-06, 1.0180349274900878e-06, 9.856296523232648e-07, 9.5374891349696e-07, 9.22450708143247e-07, 8.923254954688996e-07, 8.631030562267598e-07, 8.347354676353666e-07, 8.074178717710433e-07, 7.814289367313514e-07, 7.563988024088317e-07, 7.322352658591604e-07, 7.089835000805038e-07, 6.865892247359806e-07, 6.651377447039443e-07, 6.442036752364158e-07]
W_list: [4]
L_list: [31.466540322475137]
