R_list= [ 1  2  3  4  5  6  7  8  9 10 11 12 13 14 15 16 17 18 19 20 21 22 23 24
 25 26 27 28 29 30 31 32 33 34 35 36 37 38]
C_final_list= [4.832216978099447e-07, 4.1675372935075057e-07, 3.5541373538987505e-07, 3.0173754903481946e-07, 2.5549296870604366e-07, 2.160587914372542e-07, 1.8264164343845774e-07, 1.5430363104572844e-07, 1.302638289074087e-07, 1.0980999699951296e-07, 9.251280622767988e-08, 7.775328387364805e-08, 6.537745065433244e-08, 5.4885311618881177e-08, 4.611658680126905e-08, 3.868448428521175e-08, 3.240120974667743e-08, 2.7135216810627088e-08, 2.275775135639763e-08, 1.9068809205258178e-08, 1.5962699732733847e-08, 1.3311955000491862e-08, 1.1080262267547832e-08, 9.20367858260638e-09, 7.65113544199485e-09, 6.344634120023308e-09, 5.259421909996954e-09, 4.357259371093888e-09, 3.6118891354417624e-09, 2.995681985624243e-09, 2.4760308901014614e-09, 2.0496180470199813e-09, 1.7022551852495745e-09, 1.4186076767401996e-09, 1.1815542319690608e-09, 9.842385860001585e-10, 8.191299907764429e-10, 6.807331178468697e-10]
W_list: [8.6]
L_list: [6.023916506899059]
