C_final_list: [2.347449967754412e-06, 2.1727613823553215e-06, 2.004275641749244e-06, 1.8505201984441264e-06, 1.7070100423600232e-06, 1.5751082451261873e-06, 1.4509249473452112e-06, 1.339288315702959e-06, 1.2341699353292835e-06, 1.137830939571776e-06, 1.0502214261313663e-06, 9.68066383135365e-07, 8.926555935609185e-07, 8.236406464191232e-07, 7.601210614744638e-07, 7.006660122097407e-07, 6.460555133780882e-07, 5.95299563580425e-07, 5.479414172013929e-07, 5.044061746805114e-07, 4.6465384784962286e-07, 4.278451691528177e-07, 3.9387508352356253e-07, 3.628536871102148e-07, 3.3380386166953366e-07, 3.06716222235677e-07, 2.8248903519446683e-07, 2.5912618999916415e-07, 2.3797872037386902e-07, 2.1819251595379334e-07, 2.0036004439129227e-07, 1.836124133097558e-07, 1.6832987598019078e-07, 1.5417012601674456e-07, 1.412369819841246e-07]
ndim2: 500
W_list: [2.0]
L_list: [12.31510977015459]
