R_list= [ 1  2  3  4  5  6  7  8  9 10 11 12 13 14 15 16 17 18 19 20 21 22 23 24
 25 26 27 28 29 30 31 32 33 34 35 36 37 38]
C_final_list= [1.4409144578425702e-06, 1.032287762893447e-06, 7.397078521032143e-07, 5.494045489460689e-07, 4.172497847972371e-07, 3.17358593923824e-07, 2.3992019957949915e-07, 1.810348332219973e-07, 1.365972543211113e-07, 1.0284416914758548e-07, 7.744492398540215e-08, 5.832399908737192e-08, 4.393549858828091e-08, 3.311350173468197e-08, 2.4808084249423082e-08, 1.8541581751726944e-08, 1.3862112507794994e-08, 1.0438006724142359e-08, 7.864308977022504e-09, 5.901894630540068e-09, 4.41159482727035e-09, 3.3061762694221754e-09, 2.4874144023384023e-09, 1.877097695896174e-09, 1.416744300569624e-09, 1.06101784406385e-09, 7.889077597395596e-10, 5.830015289159259e-10, 4.300111338887968e-10, 3.1772012666914336e-10, 2.3387607566635676e-10, 1.70645150284228e-10, 1.2458745545433062e-10, 9.157613784298922e-11, 6.719795442199952e-11, 4.925232727597565e-11, 3.5678632297954604e-11, 2.5447935154537136e-11]
W_list: [5]
L_list: [3.2776476918819726]
