R_list= [ 1  2  3  4  5  6  7  8  9 10 11 12 13 14 15 16 17 18 19 20 21 22 23 24
 25 26 27 28 29 30 31 32 33 34 35 36 37 38]
C_final_list= [2.2847371377052005e-06, 1.7413327154989949e-06, 1.310074807854016e-06, 9.807621936591688e-07, 7.338253411801941e-07, 5.453536696249294e-07, 4.0535532654702093e-07, 3.011240560395397e-07, 2.2407319929300662e-07, 1.660600614890324e-07, 1.228236196038403e-07, 9.0991164995417e-08, 6.72411928604549e-08, 4.958449760728669e-08, 3.651601317551105e-08, 2.6915315221514327e-08, 1.9829464844214863e-08, 1.4587352455429115e-08, 1.0726367316193014e-08, 7.84834221072915e-09, 5.7485661577474495e-09, 4.195697854623879e-09, 3.0584802249279563e-09, 2.2270780190538183e-09, 1.6175669627778017e-09, 1.1886854128192528e-09, 8.777133087586578e-10, 6.483966449990854e-10, 4.748675390653986e-10, 3.4570390876035245e-10, 2.5310198153998837e-10, 1.8646858081452013e-10, 1.37971355746663e-10, 1.0190225677806372e-10, 7.528707576251855e-11, 5.566354171762046e-11, 4.090470391258354e-11, 3.052959223349379e-11]
W_list: [9.2]
L_list: [3.4814294783142685]
