C_final_list: [8.57458760312046e-07, 7.684798651220366e-07, 6.856475634406842e-07, 6.101366438347697e-07, 5.428561098826022e-07, 4.828737424285708e-07, 4.2933982660361517e-07, 3.818556112833698e-07, 3.385637274134581e-07, 3.00395957619703e-07, 2.6594174315220164e-07, 2.3549213073068257e-07, 2.08579583042986e-07, 1.8507809744511049e-07, 1.6443439449385136e-07, 1.4585763051083984e-07, 1.2911276866602294e-07, 1.1401961641563079e-07, 1.0082160945551796e-07, 8.907249652561154e-08, 7.869516394347041e-08, 6.952252336757775e-08, 6.143118784487502e-08, 5.4277480690783696e-08, 4.7831723891123794e-08, 4.207827318901023e-08, 3.6965786997815525e-08, 3.248462198248692e-08, 2.8555401693771582e-08, 2.5128919264304905e-08, 2.212144045004862e-08, 1.947344608567918e-08, 1.7120830035505686e-08, 1.5034444277905498e-08, 1.322074571406136e-08]
ndim2: 500
W_list: [4.2]
L_list: [8.441801020714225]
