R_list= [ 1  2  3  4  5  6  7  8  9 10 11 12 13 14 15 16 17 18 19 20 21 22 23 24
 25 26 27 28 29 30 31 32 33 34 35 36 37 38]
C_final_list= [6.124424490127836e-07, 5.399072875724834e-07, 4.716805714166362e-07, 4.092854066005274e-07, 3.541735288055259e-07, 3.058214455166543e-07, 2.640075553034248e-07, 2.280187140673628e-07, 1.9744348647215553e-07, 1.710336850118146e-07, 1.4825461671124082e-07, 1.2837509860299486e-07, 1.1110062611763906e-07, 9.592874679068726e-08, 8.276847755722785e-08, 7.143965137953322e-08, 6.169175520126235e-08, 5.3139840932555025e-08, 4.5758300002182686e-08, 3.9369890502195894e-08, 3.387141217610146e-08, 2.9103164469601546e-08, 2.5004705994672113e-08, 2.1481073543402528e-08, 1.842961949381834e-08, 1.5801799744004697e-08, 1.3562641721372981e-08, 1.1649113860582168e-08, 1.0012558522341328e-08, 8.602329423760345e-09, 7.402040228646027e-09, 6.3728736691420004e-09, 5.490759744656038e-09, 4.724300048302163e-09, 4.056689201586824e-09, 3.490825637550557e-09, 2.9951407703191693e-09, 2.5709938011978014e-09]
W_list: [8.2]
L_list: [6.986429956195749]
