C_final_list: [1.8361186051664576e-06, 1.7861479717749712e-06, 1.7367822059447835e-06, 1.6888911217620223e-06, 1.6426356048973337e-06, 1.5976620553979897e-06, 1.554083043361226e-06, 1.5120399952358303e-06, 1.4707760544675418e-06, 1.4303744067198906e-06, 1.3912029945588043e-06, 1.3530454298922058e-06, 1.3155268028797544e-06, 1.2793025558666981e-06, 1.2446691522514674e-06, 1.211111389457595e-06, 1.1785030207684666e-06, 1.146806139487187e-06, 1.1157570563083308e-06, 1.0852193460267977e-06, 1.0556735811797905e-06, 1.0265280102694206e-06, 9.984374034256886e-07, 9.712111738961065e-07, 9.444435288906876e-07, 9.180291326559013e-07, 8.924626992031892e-07, 8.677861906393694e-07, 8.437630795366465e-07, 8.201567495182732e-07, 7.969271181259121e-07, 7.746466950362994e-07, 7.527711359867243e-07, 7.31405905168844e-07, 7.106789049244462e-07, 6.905541553873347e-07, 6.709181935630354e-07, 6.517334558774783e-07, 6.330953648369738e-07, 6.149240772798663e-07, 5.976064077106908e-07, 5.805552286477537e-07, 5.637014823028624e-07, 5.473223347744012e-07, 5.31293427457546e-07, 5.157561555724928e-07, 5.006537861426601e-07, 4.85835948506643e-07, 4.7131852147254374e-07, 4.572424805703562e-07]
ndim2: 500
W_list: [2.9]
L_list: [35.698264495424944]
