R_list= [ 1  2  3  4  5  6  7  8  9 10 11 12 13 14 15 16 17 18 19 20 21 22 23 24
 25 26 27 28 29 30 31 32 33 34 35 36 37 38]
C_final_list= [3.5877517976403814e-07, 3.2618945618032556e-07, 2.948014962203771e-07, 2.654846477900536e-07, 2.387147793469986e-07, 2.1413604833931054e-07, 1.9179983051122843e-07, 1.7143144120424077e-07, 1.5330632816037574e-07, 1.371003407830145e-07, 1.2272893999559067e-07, 1.1003102177814327e-07, 9.851691641487882e-08, 8.814692392650642e-08, 7.876763481224654e-08, 7.038092427827947e-08, 6.282531936320458e-08, 5.605898893939845e-08, 4.9975573402335445e-08, 4.458382794888754e-08, 3.978251590160692e-08, 3.5510102051970465e-08, 3.165248818118388e-08, 2.8208187638342724e-08, 2.511924826370062e-08, 2.2353565822278015e-08, 1.9900873662939045e-08, 1.7697929162395312e-08, 1.5747535707826335e-08, 1.399097861899074e-08, 1.2417538032825408e-08, 1.103259379993373e-08, 9.806053018734872e-09, 8.710445402101832e-09, 7.744861768608216e-09, 6.887359875162786e-09, 6.127241802598258e-09, 5.440625580320483e-09]
W_list: [7]
L_list: [9.148159117133224]
