C_list:
1.3109084999184796e-06 0.062102236310911066
ndim2: 500
W_list: [2.6]
L_list: [16.10247970771231]
