C_final_list: [2.0295915033038593e-06, 1.9879448251382785e-06, 1.9467942707423684e-06, 1.907069499649271e-06, 1.8679957234286764e-06, 1.8297977550776507e-06, 1.7924701975623572e-06, 1.7562831176982979e-06, 1.7207749908263292e-06, 1.6859584755876008e-06, 1.65207252234392e-06, 1.6186277226214033e-06, 1.5860102810713353e-06, 1.5537957146589276e-06, 1.5224178716900663e-06, 1.4912514458121561e-06, 1.4608691208115178e-06, 1.4309220886679062e-06, 1.4016390200612601e-06, 1.3732575470805356e-06, 1.3452786265144754e-06, 1.31769492167615e-06, 1.2908405116210277e-06, 1.2642326447248789e-06, 1.2381942720383518e-06, 1.2125574125539067e-06, 1.1873422302192332e-06, 1.1629022929207612e-06, 1.139038451604772e-06, 1.1156483676443665e-06, 1.092952365471055e-06, 1.0705142337844006e-06, 1.0486314277646984e-06, 1.0273473130584924e-06, 1.0064452978057307e-06]
ndim2: 500
W_list: [2.4]
L_list: [48.54295191036849]
