R_list= [ 1  2  3  4  5  6  7  8  9 10 11 12 13 14 15 16 17 18 19 20 21 22 23 24
 25 26 27 28 29 30 31 32 33 34 35 36 37 38]
C_final_list= [3.3628990384761943e-07, 2.797115954285832e-07, 2.296029649152639e-07, 1.8787260757314655e-07, 1.5329558501249617e-07, 1.2442933011621503e-07, 1.0068342145624405e-07, 8.127380670963194e-08, 6.562596803607717e-08, 5.292008026562971e-08, 4.2615088925191036e-08, 3.4358411608862566e-08, 2.7660669872892366e-08, 2.227413621767316e-08, 1.7934238812568216e-08, 1.442349925276167e-08, 1.1602517236036765e-08, 9.333846941358958e-09, 7.505653976479177e-09, 6.030332934433751e-09, 4.840670959891352e-09, 3.891656655337013e-09, 3.116777956573468e-09, 2.484674097603712e-09, 1.9850220521427804e-09, 1.586881533939294e-09, 1.2700609535066816e-09, 1.0156556925619012e-09, 8.13020120706667e-10, 6.50084079187841e-10, 5.178557852220464e-10, 4.1025393634606936e-10, 3.258708066437773e-10, 2.59870685373639e-10, 2.0731898053025024e-10, 1.6580056333985006e-10, 1.3245194551184103e-10, 1.0600969359667897e-10]
W_list: [9.2]
L_list: [4.896624600176803]
