R_list= [ 1  2  3  4  5  6  7  8  9 10 11 12 13 14 15 16 17 18 19 20 21 22 23 24
 25 26 27 28 29 30 31 32 33 34 35 36 37 38]
C_final_list= [3.966128085711919e-07, 3.5041197924960907e-07, 3.078331840231342e-07, 2.6944050216646614e-07, 2.3563492976938177e-07, 2.060454464595842e-07, 1.7992306245135022e-07, 1.5690457179971914e-07, 1.369018530932832e-07, 1.1944059767993755e-07, 1.0417334790764594e-07, 9.090118624847103e-08, 7.930236553159584e-08, 6.916272434818969e-08, 6.045468646842114e-08, 5.2682765820638935e-08, 4.5899321059973234e-08, 3.997695256094482e-08, 3.4796313892251186e-08, 3.0240946533991145e-08, 2.6279463316602812e-08, 2.2819027401849747e-08, 1.979142332850917e-08, 1.7152139070771887e-08, 1.4860974244281397e-08, 1.28710294392201e-08, 1.1145941523690111e-08, 9.642666017973186e-09, 8.333970441475398e-09, 7.202279790118402e-09, 6.209175484272185e-09, 5.36492900610934e-09, 4.642344229463064e-09, 4.021449374574069e-09, 3.484746726200802e-09, 3.0161971091753395e-09, 2.6120587314813362e-09, 2.2598070517404887e-09]
W_list: [7]
L_list: [7.428920044609715]
