R_list= [ 1  2  3  4  5  6  7  8  9 10 11 12 13 14 15 16 17 18 19 20 21 22 23 24
 25 26 27 28 29 30]
C_final_list= [6.404789496479954e-07, 5.904952736927797e-07, 5.458471615233658e-07, 5.026808117132053e-07, 4.622585881795993e-07, 4.248628749720175e-07, 3.9032946441465835e-07, 3.581932039234406e-07, 3.2885818670045636e-07, 3.01872396153814e-07, 2.769468370484986e-07, 2.539195169969972e-07, 2.3283133204733513e-07, 2.1361937202922396e-07, 1.960542304306179e-07, 1.7978715416202414e-07, 1.646660428304567e-07, 1.5060977899409998e-07, 1.3776882466858234e-07, 1.261307206167684e-07, 1.1550287447238387e-07, 1.0576003491682311e-07, 9.686579105040085e-08, 8.874160536167356e-08, 8.125492973612591e-08, 7.441637446653064e-08, 6.805057318925733e-08, 6.226931783973337e-08, 5.697454353858453e-08, 5.209454908922978e-08]
W_list: [6]
L_list: [11.70939753859585]
