C_final_list: [1.2110863834896574e-06, 1.020757384811179e-06, 8.523887642517888e-07, 7.128161856648718e-07, 5.951423445194505e-07, 4.988008348478141e-07, 4.183385552576804e-07, 3.5061906315254517e-07, 2.944487757097567e-07, 2.476082074638824e-07, 2.0736376150863583e-07, 1.743061156522117e-07, 1.4660905969342033e-07, 1.2293936098150686e-07, 1.0301567127713213e-07, 8.611220688503244e-08, 7.208890131522646e-08, 6.03382763578489e-08, 5.0451053173176184e-08, 4.2138435196601e-08, 3.5135029267852077e-08, 2.9360240253679677e-08, 2.450693493971756e-08, 2.0456110157606296e-08, 1.706700090163693e-08, 1.420715907514432e-08, 1.1866063012605953e-08, 9.874285416895847e-09, 8.183793131467909e-09, 6.7558760324902545e-09, 5.5895317458146195e-09, 4.635151246416334e-09, 3.837088227111951e-09, 3.13863736961268e-09, 2.581321449288409e-09]
ndim2: 500
W_list: [4.2]
L_list: [5.651832478580706]
