C_final_list: [1.6072863564668834e-06, 1.2684562964766054e-06, 1.0006412656085803e-06, 7.874523335356069e-07, 6.18204967538196e-07, 4.866627176110344e-07, 3.808519698612287e-07, 2.959103880904984e-07, 2.3093524405540782e-07, 1.7930704059509673e-07, 1.3843402707340184e-07, 1.0687308421632522e-07, 8.246592170582836e-08, 6.377464837718206e-08, 4.961295512193037e-08, 3.8472967675197374e-08, 2.985990050267081e-08, 2.3178420837240114e-08, 1.7940320744163956e-08, 1.402477636572017e-08, 1.0987917963403114e-08, 8.53194978182548e-09, 6.572343198413827e-09, 5.111808085826076e-09, 3.960792671796895e-09, 3.0878252549989935e-09, 2.4052704740167296e-09, 1.8839638078119067e-09, 1.4776044741304846e-09, 1.1478976510848612e-09, 8.911039268854944e-10, 6.824861162157662e-10, 5.275089017308142e-10, 4.116309793109632e-10, 3.2197321633432135e-10, 2.5311400957776565e-10, 1.9563941607906185e-10, 1.5178367020227508e-10, 1.1909193271917895e-10, 9.334535698535545e-11, 7.291723496918652e-11, 5.674057672331907e-11, 4.380188937153664e-11, 3.3702308968811484e-11, 2.5718302227597293e-11, 1.9782527469269966e-11, 1.5445488348561178e-11, 1.1880323560991084e-11, 9.303146788734097e-12, 7.258213835613152e-12]
ndim2: 500
W_list: [4.2]
L_list: [4.134761933827903]
