C_final_list: [1.9271143070633416e-06, 1.6663630681640316e-06, 1.439899909628501e-06, 1.2399233198777199e-06, 1.0682384588366282e-06, 9.218626482817884e-07, 7.941212000963846e-07, 6.801781671008062e-07, 5.839704886035326e-07, 5.022821729817468e-07, 4.3145612757308577e-07, 3.7027876602076456e-07, 3.181104334160567e-07, 2.7343043375806925e-07, 2.344208003538103e-07, 2.0076516784388175e-07, 1.7196701561268733e-07, 1.4744340931927404e-07, 1.2614207041949935e-07, 1.0796195047285638e-07, 9.202108442567126e-08, 7.835475019317757e-08, 6.653979310839926e-08, 5.656678836986826e-08, 4.803908738962589e-08, 4.090991236780119e-08, 3.4922305076209415e-08, 2.9748308521422436e-08, 2.527771311367636e-08, 2.146698907615347e-08, 1.8225572768212117e-08, 1.547076524042009e-08, 1.3143054345532254e-08, 1.1162869445383675e-08, 9.45599918241266e-09, 8.055000970966148e-09, 6.868547421135565e-09, 5.85547811538744e-09, 5.013457603292537e-09, 4.281184387358549e-09, 3.654809774611693e-09, 3.1192497235337184e-09, 2.668355260250495e-09, 2.285949920968122e-09, 1.9570701331477276e-09, 1.6743348850173417e-09, 1.4263234054715724e-09, 1.2210204764251697e-09, 1.02923692346443e-09, 8.702577666757887e-10]
ndim2: 500
W_list: [3.25]
L_list: [6.6584418771918985]
