C_list:
1.624888540399486e-06 0.08875915230202494
ndim2: 500
W_list: [2.4]
L_list: [11.266443787084096]
