C_final_list: [7.396912755382063e-07, 6.995503223339582e-07, 6.597210983078972e-07, 6.206622132079468e-07, 5.828755998493914e-07, 5.472127204715694e-07, 5.133713547615655e-07, 4.814547784782558e-07, 4.5161202681611465e-07, 4.2363074604902155e-07, 3.9742258200384136e-07, 3.7286514760868164e-07, 3.4951019508117316e-07, 3.2751754141376695e-07, 3.070235876348404e-07, 2.87762394524295e-07, 2.6974160344814017e-07, 2.5259329924817437e-07, 2.3664775318301552e-07, 2.2165104268588021e-07, 2.0753802496851714e-07, 1.943478353378937e-07, 1.8196672360892175e-07, 1.7040715863801496e-07, 1.59615044209602e-07, 1.494593566629345e-07, 1.398488362211898e-07, 1.3085193918324822e-07, 1.2235862722623606e-07, 1.143723093468104e-07, 1.0690508292728217e-07, 9.986911085601086e-08, 9.330139834381272e-08, 8.7194957181509e-08, 8.146825383623517e-08, 7.611387972147592e-08, 7.11124604552061e-08, 6.644293342550448e-08, 6.203943171557229e-08, 5.7899638752498815e-08, 5.40463026265815e-08, 5.042026443740539e-08, 4.704680721327184e-08, 4.3946926295136096e-08, 4.105154467100706e-08, 3.8346611635108187e-08, 3.579844746937751e-08, 3.3371567595336525e-08, 3.110139090389097e-08, 2.8984580929389345e-08]
ndim2: 500
W_list: [4.2]
L_list: [15.516348630152256]
