R_list= [ 1  2  3  4  5  6  7  8  9 10 11 12 13 14 15 16 17 18 19 20 21 22 23 24
 25 26 27 28 29 30 31 32 33 34 35 36 37 38]
C_final_list= [4.444511434948825e-06, 3.76913206626384e-06, 3.173990034777523e-06, 2.6686892141169134e-06, 2.2405757138589546e-06, 1.8836827863640366e-06, 1.5843485245661181e-06, 1.331075634788913e-06, 1.1173908590240357e-06, 9.380191161338091e-07, 7.8720209803025e-07, 6.595106670925302e-07, 5.514674170034501e-07, 4.61171897332836e-07, 3.851519598781899e-07, 3.2211771096505733e-07, 2.69314797276573e-07, 2.2476035479248998e-07, 1.874315094422963e-07, 1.5629778858385744e-07, 1.304497906716265e-07, 1.0884322331517825e-07, 9.080813358864624e-08, 7.56971946046337e-08, 6.307679565718017e-08, 5.2533419979162e-08, 4.3739960343959976e-08, 3.6395932986135254e-08, 3.0288321542823426e-08, 2.52281816656481e-08, 2.0950778589438997e-08, 1.7392439711123406e-08, 1.4465937113680823e-08, 1.205551545952587e-08, 1.0076098245192927e-08, 8.431736595988092e-09, 7.065935894389705e-09, 5.89757881430762e-09]
W_list: [7.6]
L_list: [5.76026128151005]
