R_list= [ 1  2  3  4  5  6  7  8  9 10 11 12 13 14 15 16 17 18 19 20 21 22 23 24
 25 26 27 28 29 30 31 32 33 34 35 36 37 38]
C_final_list= [8.126922830063795e-07, 4.6775856429706e-07, 2.686396254564802e-07, 1.5585684779769316e-07, 8.931612992886584e-08, 5.03254244890531e-08, 2.8697620278756853e-08, 1.6119161839385198e-08, 9.126035297738134e-09, 5.168577572169223e-09, 2.9405776866613978e-09, 1.6500089224455863e-09, 9.406203885694983e-10, 5.149690039970511e-10, 2.878737697056569e-10, 1.6582216519975203e-10, 9.020503071891608e-11, 5.080362089849111e-11, 2.929059651556428e-11, 1.611069556809027e-11, 8.718141878778113e-12, 4.57601067482331e-12, 2.4051157128362514e-12, 1.284452606687849e-12, 6.818086520413552e-13, 3.3147980986571526e-13, 1.5388581537605715e-13, 7.687155195877414e-14, 3.879531809370145e-14, 1.9252224315886665e-14, 9.853654732923205e-15, 4.946581563814574e-15, 2.490117168391738e-15, 1.3059601586577526e-15, 6.432531194973112e-16, 3.187182536651079e-16, 1.6942338146601754e-16, 8.824193999863949e-17]
W_list: [9.0]
L_list: [1.808470392046711]
