R_list= [ 1  2  3  4  5  6  7  8  9 10 11 12 13 14 15 16 17 18 19 20 21 22 23 24
 25 26 27 28 29 30 31 32 33 34 35 36 37 38]
C_final_list= [6.912641462252039e-06, 5.965502433896843e-06, 5.099531450083003e-06, 4.3439890054117275e-06, 3.6945472101715427e-06, 3.138450805381481e-06, 2.6625071848407142e-06, 2.256379928318565e-06, 1.9128036739703967e-06, 1.6215911217893531e-06, 1.3722796943478078e-06, 1.161134857163735e-06, 9.822659634360326e-07, 8.303332511489505e-07, 7.011637707581866e-07, 5.920587065300386e-07, 5.004969428111236e-07, 4.22537381086037e-07, 3.566211805025519e-07, 3.009971271462716e-07, 2.5418501900449675e-07, 2.1499992349621566e-07, 1.820284391287399e-07, 1.5421304256925786e-07, 1.3066166736273126e-07, 1.106699131944104e-07, 9.38072489989827e-08, 7.94679417949716e-08, 6.72943689920403e-08, 5.698720850240895e-08, 4.830077314106151e-08, 4.09578056919638e-08, 3.4741075907659185e-08, 2.9483063992410255e-08, 2.499797426106137e-08, 2.1187619830797826e-08, 1.79620916765491e-08, 1.5241355623252525e-08]
W_list: [8.05]
L_list: [6.167739111715869]
