R_list= [ 1  2  3  4  5  6  7  8  9 10 11 12 13 14 15 16 17 18 19 20 21 22 23 24
 25 26 27 28 29 30 31 32 33 34 35 36 37 38]
C_final_list= [3.8442580211848296e-05, 2.556492029100652e-05, 1.6915568017076418e-05, 1.1169001692312802e-05, 7.3723788229598564e-06, 4.870339665878616e-06, 3.207974295991771e-06, 2.11557095403746e-06, 1.396082988444958e-06, 9.177322203635084e-07, 6.023027578291944e-07, 3.9533517774532866e-07, 2.593230841457381e-07, 1.7021757530456482e-07, 1.1133972737460465e-07, 7.281886022902174e-08, 4.803426355748677e-08, 3.1769717570656094e-08, 2.092674197614302e-08, 1.3803398883709157e-08, 9.104043225374983e-09, 6.046247720932884e-09, 4.015945644215163e-09, 2.6433548579996375e-09, 1.7292635347164547e-09, 1.1354834713515786e-09, 7.505595593091947e-10, 4.971298028354273e-10, 3.3117745824393857e-10, 2.2038631741643107e-10, 1.4943557886047496e-10, 1.0213555113758086e-10, 6.869081382093333e-11, 4.676108035933425e-11, 3.153730854528082e-11, 2.1507430241778516e-11, 1.4539888291556118e-11, 9.889845857665958e-12]
W_list: [7.95]
L_list: [2.4248898732739868]
