C_final_list: [2.238759654291716e-06, 2.1572361091994228e-06, 2.0753670725422413e-06, 1.9967696212665243e-06, 1.9213782672201006e-06, 1.8498745833978769e-06, 1.7814820636962614e-06, 1.715459454606537e-06, 1.6514737977558246e-06, 1.5905274581118574e-06, 1.5310434924841755e-06, 1.474043400139845e-06, 1.4187042274138512e-06, 1.3651255465449234e-06, 1.3137975684710978e-06, 1.2642207213200893e-06, 1.216739834119474e-06, 1.1718746169998762e-06, 1.1286481018605425e-06, 1.0866681185207007e-06, 1.0458704107178043e-06, 1.0067032200729057e-06, 9.684793875057886e-07, 9.312954550510089e-07, 8.946359993049148e-07, 8.585887596235451e-07, 8.236198963514298e-07, 7.89525951312721e-07, 7.570579377693934e-07, 7.260792444434193e-07, 6.965596634012322e-07, 6.686052558521381e-07, 6.414183286717702e-07, 6.149413575575383e-07, 5.896429286885384e-07, 5.651063792752726e-07, 5.416997596083031e-07, 5.192313312943385e-07, 4.978823043408494e-07, 4.774187342322976e-07, 4.5766593608307394e-07, 4.3870090815842877e-07, 4.204963664763673e-07, 4.0301356177587695e-07, 3.8611358781559415e-07, 3.700878848636731e-07, 3.546282492168493e-07, 3.3977077668535515e-07, 3.256110757690893e-07, 3.1220218964823575e-07]
ndim2: 500
W_list: [2.2]
L_list: [25.51224709814986]
