C_final_list: [2.298748190966249e-06, 2.1122671000861256e-06, 1.934258513109355e-06, 1.771774411978868e-06, 1.6220982858043924e-06, 1.485095551027606e-06, 1.3602605786376054e-06, 1.247470591579837e-06, 1.1431878127374379e-06, 1.0457470176219238e-06, 9.57959128185672e-07, 8.791792096795418e-07, 8.051556374363407e-07, 7.366948699908051e-07, 6.74466174296266e-07, 6.162197254443362e-07, 5.61821838436459e-07, 5.126724355903547e-07, 4.6752943658765237e-07, 4.25592046285043e-07, 3.8760591590618747e-07, 3.519983326365915e-07, 3.199074785348084e-07, 2.9057773234208355e-07, 2.641628139980046e-07, 2.3991902821359917e-07, 2.1788359050709164e-07, 1.9775842002877088e-07, 1.7987143041751226e-07, 1.6354178687486178e-07, 1.4848986454849474e-07, 1.3460969992080166e-07, 1.220595046944602e-07, 1.1074089086319388e-07, 1.0039126423792666e-07, 9.112740420791286e-08, 8.301439984101001e-08, 7.550955213855367e-08, 6.868385907598808e-08, 6.234966791549658e-08, 5.649434617267771e-08, 5.110837516772689e-08, 4.6295422375530946e-08, 4.187823565113046e-08, 3.7884762877692266e-08, 3.428196700902923e-08, 3.094721446102725e-08, 2.796721916566772e-08, 2.5303669368963125e-08, 2.2897499454065127e-08]
ndim2: 500
W_list: [2.2]
L_list: [11.201226019450395]
