C_final_list: [1.928481580009088e-06, 1.665260975166402e-06, 1.4520891211946703e-06, 1.2553326117370016e-06, 1.0891895196956263e-06, 9.415602906873021e-07, 8.165266454036334e-07, 7.071772953960017e-07, 6.11834003997495e-07, 5.256528456555618e-07, 4.5437033845675475e-07, 3.9095460845369766e-07, 3.3765058484496874e-07, 2.9129336963607283e-07, 2.5146541011795975e-07, 2.1692426054483934e-07, 1.8746956483741195e-07, 1.615312296789588e-07, 1.3909653339582693e-07, 1.205277965160002e-07, 1.0373891617987572e-07, 8.944571710514061e-08, 7.69595215296829e-08, 6.642656172953723e-08, 5.749805242627152e-08, 4.949916354085776e-08, 4.2930479491865294e-08, 3.7248356734527124e-08, 3.213263005409535e-08, 2.7808229784873322e-08, 2.3948538717935527e-08, 2.056250418453564e-08, 1.7631145476696627e-08, 1.503745902949163e-08, 1.2870812647163886e-08]
ndim2: 500
W_list: [1.8]
L_list: [6.906652397733747]
