C_final_list: [1.924131723022999e-06, 1.802068907916501e-06, 1.6841703623471958e-06, 1.5714573887155357e-06, 1.4671705395635387e-06, 1.3707209079442024e-06, 1.280415245266642e-06, 1.1964599847195553e-06, 1.1174208277125905e-06, 1.0449173614578759e-06, 9.771859352612392e-07, 9.132208929231785e-07, 8.535872945130005e-07, 7.967742605268815e-07, 7.439827835327774e-07, 6.944347505986933e-07, 6.480462634012141e-07, 6.042013755111439e-07, 5.628497344612162e-07, 5.249302124435167e-07, 4.886994871081368e-07, 4.552677428644903e-07, 4.244528964140825e-07, 3.9573949976105185e-07, 3.687239850297892e-07, 3.438667751540994e-07, 3.2032899887274154e-07, 2.982643623351186e-07, 2.77445008913107e-07, 2.5839433576331944e-07, 2.404290836189156e-07, 2.236803473223944e-07, 2.0795437339081122e-07, 1.9351462496050022e-07, 1.7983592765306375e-07, 1.6714762186990928e-07, 1.5550915572531823e-07, 1.446541211351643e-07, 1.3451985904425036e-07, 1.2510835638628568e-07, 1.1641944615176595e-07, 1.0831969547753843e-07, 1.0089934738293825e-07, 9.408954543802814e-08, 8.756574451274845e-08, 8.152560751039843e-08, 7.580457521279807e-08, 7.058816407243852e-08, 6.566032377725792e-08, 6.112201289532566e-08]
ndim2: 500
W_list: [3.0999999999999996]
L_list: [14.500861054075802]
