R_list= [ 1  2  3  4  5  6  7  8  9 10 11 12 13 14 15 16 17 18 19 20 21 22 23 24
 25 26 27 28 29 30 31 32 33 34 35 36 37 38]
C_final_list= [3.577499181344766e-07, 3.286234817530903e-07, 2.991705502543749e-07, 2.7103137352188973e-07, 2.450882656900126e-07, 2.2146542649878966e-07, 2.000124312958304e-07, 1.8045056154713368e-07, 1.628944447390131e-07, 1.469659077292775e-07, 1.324521317244767e-07, 1.1933938545388208e-07, 1.0746131592352979e-07, 9.663105785416079e-08, 8.692179040182894e-08, 7.8233204316735e-08, 7.043081064061907e-08, 6.337208128048019e-08, 5.7058701161274625e-08, 5.129073611212627e-08, 4.614312745552519e-08, 4.148620289397849e-08, 3.728326968695994e-08, 3.347431610736505e-08, 3.004850593789647e-08, 2.6972791416084258e-08, 2.4232799426835458e-08, 2.1770097058979636e-08, 1.9579873914475815e-08, 1.7602173602852228e-08, 1.580900134906723e-08, 1.4180761814198249e-08, 1.272383305695639e-08, 1.1417237905356804e-08, 1.0248820544919972e-08, 9.185713923032072e-09, 8.238326109498277e-09, 7.3813440874217e-09]
W_list: [7.8]
L_list: [9.79401850790933]
