R_list= [ 1  2  3  4  5  6  7  8  9 10 11 12 13 14 15 16 17 18 19 20 21 22 23 24
 25 26 27 28 29 30 31 32 33 34 35 36 37 38]
C_final_list= [9.302360817551886e-07, 5.740374328565214e-07, 3.5171256054955576e-07, 2.153056173957933e-07, 1.3247594119538398e-07, 8.057714939227245e-08, 4.866678848369472e-08, 2.9151228068043802e-08, 1.748321231839552e-08, 1.0545301408677187e-08, 6.286490699704804e-09, 3.79393081786831e-09, 2.233233353593161e-09, 1.3219003764599482e-09, 7.674696374327244e-10, 4.4734236067699775e-10, 2.5921916521260027e-10, 1.5395852379810383e-10, 9.255980866115921e-11, 5.4647233258862294e-11, 3.143252458325078e-11, 1.8038541550904224e-11, 1.0710610847395202e-11, 6.263881001858273e-12, 3.628033760024299e-12, 2.120363648692947e-12, 1.2124980870119396e-12, 6.813466534062639e-13, 4.1729234040267297e-13, 2.687963190337695e-13, 1.5738829813376826e-13, 9.547790807857684e-14, 5.6308485659021566e-14, 3.239961447835155e-14, 1.8718047330989977e-14, 1.045144746340305e-14, 5.851669961876032e-15, 3.076049468162697e-15]
W_list: [8.2]
L_list: [2.0503641244787616]
