C_final_list: [1.139027816325676e-06, 1.1028717446082227e-06, 1.0665376389778966e-06, 1.0309421504187375e-06, 9.960418595394668e-07, 9.61613495503809e-07, 9.286074443425859e-07, 8.964401054695462e-07, 8.654100061888733e-07, 8.349042818144674e-07, 8.054060139940318e-07, 7.769529757523801e-07, 7.494192323104009e-07, 7.227398621048266e-07, 6.96906845573245e-07, 6.719769029712893e-07, 6.47951582209087e-07, 6.249103031211037e-07, 6.026885262498767e-07, 5.810556416456673e-07, 5.602265456939399e-07, 5.400359599675322e-07, 5.205888395440402e-07, 5.018752437342885e-07, 4.837312876611788e-07, 4.661611400983634e-07, 4.4930143986542744e-07, 4.330759854548575e-07, 4.1731036724774335e-07, 4.0212912856410534e-07, 3.8738777318290093e-07, 3.7318941947816347e-07, 3.5951628244480526e-07, 3.4612398054969163e-07, 3.332306770044629e-07]
ndim2: 500
W_list: [3.6]
L_list: [27.78142573273528]
