C_final_list: [2.1060049527162545e-06, 1.8662584969421654e-06, 1.6480975311388113e-06, 1.4552124699175854e-06, 1.2829203858391888e-06, 1.1324616408927248e-06, 9.992514855466048e-07, 8.804439854860972e-07, 7.767840092890489e-07, 6.84285098490693e-07, 6.012693345271178e-07, 5.275630818585482e-07, 4.62453884287264e-07, 4.060425592809687e-07, 3.568086965150037e-07, 3.135448310594594e-07, 2.7550745296634615e-07, 2.4193319564367526e-07, 2.125984004115395e-07, 1.8674357702016338e-07, 1.6422384446944868e-07, 1.4411970726528462e-07, 1.2680416595105234e-07, 1.110385121473093e-07, 9.704948364109531e-08, 8.51272913855961e-08, 7.439983732812546e-08, 6.508082186184062e-08, 5.678469153665202e-08, 4.9655035491553665e-08, 4.336153281289623e-08, 3.7869082821561865e-08, 3.3173809394824674e-08, 2.8982059949108904e-08, 2.5373430631419287e-08, 2.222754740039183e-08, 1.9447673722928567e-08, 1.7051501733403573e-08, 1.49019267747926e-08, 1.2987206529963784e-08, 1.1287763557588209e-08, 9.83648826451638e-09, 8.570025228470695e-09, 7.436755004090309e-09, 6.457490605000197e-09, 5.621924074783932e-09, 4.906750084955176e-09, 4.2938264370589805e-09, 3.7662592137052e-09, 3.28992597468991e-09]
ndim2: 500
W_list: [2.9499999999999997]
L_list: [7.897822930828312]
