R_list= [ 1  2  3  4  5  6  7  8  9 10 11 12 13 14 15 16 17 18 19 20 21 22 23 24
 25 26 27 28 29 30 31 32 33 34 35 36 37 38]
C_final_list= [3.187532049276856e-05, 2.429023277234042e-05, 1.8372607694797413e-05, 1.3865859952383016e-05, 1.0454141692703975e-05, 7.878767658258625e-06, 5.937579298396756e-06, 4.473746722984219e-06, 3.3701892854387363e-06, 2.541462678414582e-06, 1.913625203475968e-06, 1.4373854260556349e-06, 1.0768025409389779e-06, 8.061350735036374e-07, 6.040258594612744e-07, 4.519953822967886e-07, 3.3822617640389303e-07, 2.541060986611378e-07, 1.9106815694223753e-07, 1.4355585837950272e-07, 1.0771672085571309e-07, 8.085819188967682e-08, 6.051870830245175e-08, 4.552684596614517e-08, 3.4221143874586626e-08, 2.575089981868014e-08, 1.9328146670584883e-08, 1.4605101311886228e-08, 1.1009716298980675e-08, 8.271016271480738e-09, 6.223839446014807e-09, 4.687585262676912e-09, 3.5379363965224078e-09, 2.6426932027381422e-09, 1.979211082623854e-09, 1.491456162896019e-09, 1.1257391442415423e-09, 8.422342986350083e-10]
W_list: [8.1]
L_list: [3.5734040743697717]
