R_list= [ 1  2  3  4  5  6  7  8  9 10 11 12 13 14 15 16 17 18 19 20 21 22 23 24
 25 26 27 28 29 30 31 32 33 34 35 36 37 38]
C_final_list= [8.057675000454009e-07, 6.951199610348624e-07, 5.974002983802425e-07, 5.133455914404585e-07, 4.4020015869207814e-07, 3.7699066136666707e-07, 3.2230809391810245e-07, 2.7606760324754326e-07, 2.3619033955228487e-07, 2.018903975038648e-07, 1.7246995149320628e-07, 1.4738444879355846e-07, 1.2578143285663495e-07, 1.0713410233162744e-07, 9.112968671428084e-08, 7.752532003778235e-08, 6.585446508897514e-08, 5.590319170789139e-08, 4.744520871650809e-08, 4.041546732708782e-08, 3.450947888153939e-08, 2.944356983232744e-08, 2.5053370835108637e-08, 2.132423758154094e-08, 1.811698344496737e-08, 1.5386340818106873e-08, 1.3057131429823092e-08, 1.1085520908951152e-08, 9.408777233754324e-09, 7.992866287510108e-09, 6.803095806679758e-09, 5.775105420698206e-09, 4.895955642729894e-09, 4.14603006225418e-09, 3.5218079693265705e-09, 2.9899946607862174e-09, 2.5361521633135307e-09, 2.1568770751311648e-09]
W_list: [6.4]
L_list: [6.45811918028234]
