R_list= [ 1  2  3  4  5  6  7  8  9 10 11 12 13 14 15 16 17 18 19 20 21 22 23 24
 25 26 27 28 29 30 31 32 33 34 35 36 37 38]
C_final_list= [4.433109674919642e-06, 3.756466384301592e-06, 3.1600736909474937e-06, 2.651261947052699e-06, 2.2193963222909036e-06, 1.8562754597761218e-06, 1.552084743966379e-06, 1.2961193466770847e-06, 1.082944517381837e-06, 9.047095220294721e-07, 7.559114734413636e-07, 6.30038655246713e-07, 5.247006722547107e-07, 4.360985507609294e-07, 3.6278378584610226e-07, 3.016795220520419e-07, 2.5101196926724876e-07, 2.0870128267784214e-07, 1.7329145713958828e-07, 1.4385648835913354e-07, 1.1937235986844684e-07, 9.903560707516632e-08, 8.210336579615915e-08, 6.815099647993309e-08, 5.649977395235084e-08, 4.690765310153501e-08, 3.896629264722084e-08, 3.2384850213824865e-08, 2.6927085163857227e-08, 2.2379766587281414e-08, 1.8594739546510616e-08, 1.544351998366725e-08, 1.2838383798407476e-08, 1.06555084766349e-08, 8.812282282347546e-09, 7.2968382954300774e-09, 6.026858297666483e-09, 4.988919357264398e-09]
W_list: [7.6]
L_list: [5.64537065422697]
