R_list= [ 1  2  3  4  5  6  7  8  9 10 11 12 13 14 15 16 17 18 19 20 21 22 23 24
 25 26 27 28 29 30 31 32 33 34 35 36 37 38]
C_final_list= [5.242840258063259e-07, 4.199365891275643e-07, 3.325759428315469e-07, 2.6159062421186797e-07, 2.0516650241647765e-07, 1.6061036395266367e-07, 1.2573277252479046e-07, 9.846711980825191e-08, 7.733580482671415e-08, 6.084694752599427e-08, 4.772284110163789e-08, 3.738296924600652e-08, 2.9232914876751975e-08, 2.2870027478288755e-08, 1.7854152858610473e-08, 1.3908183029249444e-08, 1.0814370309234895e-08, 8.421239219645356e-09, 6.5593026064554555e-09, 5.111673707590894e-09, 3.975643487450773e-09, 3.11228911717715e-09, 2.427556791647488e-09, 1.8925064813806804e-09, 1.4658546648481103e-09, 1.138001423504062e-09, 8.771192123318918e-10, 6.777013003639278e-10, 5.259754170835144e-10, 4.0575007693564006e-10, 3.1193036361736254e-10, 2.394400259194648e-10, 1.8574943032432519e-10, 1.4431018657127203e-10, 1.1195877284433997e-10, 8.697064667212882e-11, 6.771198803583123e-11, 5.2741703652409386e-11]
W_list: [7.800000000000001]
L_list: [4.199419535486495]
