R_list= [ 1  2  3  4  5  6  7  8  9 10 11 12 13 14 15 16 17 18 19 20 21 22 23 24
 25 26 27 28 29 30 31 32 33 34 35 36 37 38]
C_final_list= [2.131091469559884e-06, 1.8574370193215514e-06, 1.6025314326924604e-06, 1.376706356171555e-06, 1.1798865533059726e-06, 1.008914443589497e-06, 8.621086369458987e-07, 7.367438290985025e-07, 6.288115283903752e-07, 5.364700595382529e-07, 4.578250983057131e-07, 3.902256250120746e-07, 3.326275590350612e-07, 2.83573140964965e-07, 2.4177958231773e-07, 2.0615783080447804e-07, 1.7587845966775832e-07, 1.4999343682202883e-07, 1.2791884234237694e-07, 1.0911190867551391e-07, 9.310636212738918e-08, 7.93068207887862e-08, 6.755501078351638e-08, 5.752653953177284e-08, 4.893569885149486e-08, 4.1628990739457505e-08, 3.540080400717291e-08, 3.007897606763348e-08, 2.5527575506695892e-08, 2.1680962341970906e-08, 1.842131933383344e-08, 1.5644282252466394e-08, 1.3290319465765135e-08, 1.1287766567066729e-08, 9.588206590243773e-09, 8.136027007100303e-09, 6.9132384921492995e-09, 5.8683752120366456e-09]
W_list: [8.4]
L_list: [6.4762535325554555]
