R_list= [ 1  2  3  4  5  6  7  8  9 10 11 12 13 14 15 16 17 18 19 20 21 22 23 24
 25 26 27 28 29 30 31 32 33 34 35 36 37 38]
C_final_list= [1.3316594733808226e-06, 1.2672445103124235e-06, 1.2099346354933541e-06, 1.1550809094609264e-06, 1.1029061188960402e-06, 1.0521283577929343e-06, 1.0034695753472537e-06, 9.57342351642372e-07, 9.129626585624374e-07, 8.703683031166382e-07, 8.295350512630701e-07, 7.907341664028112e-07, 7.541989419126573e-07, 7.189635293853965e-07, 6.845710119413947e-07, 6.5247099850027e-07, 6.217882793932403e-07, 5.922406629552191e-07, 5.641809751293802e-07, 5.372892214609361e-07, 5.113131242486513e-07, 4.86332114618423e-07, 4.623215245121826e-07, 4.3964889687388846e-07, 4.178169503744248e-07, 3.970495327640844e-07, 3.773887645452157e-07, 3.5859306622444874e-07, 3.406552810420325e-07, 3.235342504847737e-07, 3.072490098672366e-07, 2.9187420024191777e-07, 2.772686830895129e-07, 2.634455786842657e-07, 2.503257007167578e-07, 2.3795179202327924e-07, 2.2602349914658077e-07, 2.1476195304337385e-07]
W_list: [5]
L_list: [20.6194650160189]
