R_list= [ 1  2  3  4  5  6  7  8  9 10 11 12 13 14 15 16 17 18 19 20 21 22 23 24
 25 26 27 28 29 30 31 32 33 34 35 36 37 38]
C_final_list= [2.7812121291274995e-07, 2.3289348937431963e-07, 1.9192563649558743e-07, 1.5721868342003367e-07, 1.2841445630112915e-07, 1.0486484405128096e-07, 8.543662445883396e-08, 6.966916035717534e-08, 5.657243298646714e-08, 4.5870289128124066e-08, 3.713411478034209e-08, 3.005690690498852e-08, 2.4315937700227778e-08, 1.964638283006086e-08, 1.5906649408427662e-08, 1.2923850142022693e-08, 1.0502025373440812e-08, 8.530399506445409e-09, 6.920575701453185e-09, 5.595951062908131e-09, 4.529038161275348e-09, 3.665589639791941e-09, 2.9640881368005574e-09, 2.391250625312283e-09, 1.9196107192815966e-09, 1.5405737895883303e-09, 1.2379571395246359e-09, 9.949104642259804e-10, 7.993555378931483e-10, 6.437526181147196e-10, 5.174508473767651e-10, 4.1582061111483323e-10, 3.3393974636414546e-10, 2.6843548311669183e-10, 2.1631474505106366e-10, 1.7340263041618773e-10, 1.3892366496269264e-10, 1.1102218850170942e-10]
W_list: [9.0]
L_list: [5.004652232300551]
