C_final_list: [1.8527550180830585e-06, 1.724402333937244e-06, 1.6049575242120515e-06, 1.494741862623545e-06, 1.3894891118004222e-06, 1.293567566919625e-06, 1.2038043774929496e-06, 1.1179009959755918e-06, 1.0394836330626982e-06, 9.675683053514051e-07, 9.015551414554017e-07, 8.398113722176771e-07, 7.82157691475678e-07, 7.286390567124188e-07, 6.782187883232609e-07, 6.31302019070938e-07, 5.872989422502718e-07, 5.461773203621829e-07, 5.078265515735525e-07, 4.7206170387003253e-07, 4.3831397184307684e-07, 4.07025756713594e-07, 3.7779377115036165e-07, 3.504498658737937e-07, 3.2515636185119274e-07, 3.0187570844678616e-07, 2.805086544846178e-07, 2.6075969722749264e-07, 2.421496118395804e-07, 2.2485114651793294e-07, 2.087221870020081e-07, 1.9322497904112905e-07, 1.790362358633391e-07, 1.6565943379886904e-07, 1.5318721021207487e-07, 1.4174269678544376e-07, 1.3116515256562422e-07, 1.215079301341704e-07, 1.124883660204839e-07, 1.0410286519010918e-07, 9.622310161694178e-08, 8.894684816370513e-08, 8.229507587582667e-08, 7.610617728499102e-08, 7.048300458172558e-08, 6.523601573857331e-08, 6.040614825184154e-08, 5.5922934353104924e-08, 5.176821842753423e-08, 4.795019135783245e-08]
ndim2: 500
W_list: [3.2]
L_list: [13.782657517840748]
