R_list= [ 1  2  3  4  5  6  7  8  9 10 11 12 13 14 15 16 17 18 19 20 21 22 23 24
 25 26 27 28 29 30 31 32 33 34 35 36 37 38]
C_final_list= [6.50931931824161e-07, 5.266605134271212e-07, 4.2322067926869635e-07, 3.401168829239149e-07, 2.7184498604891024e-07, 2.1670355398883844e-07, 1.7297600879158146e-07, 1.3840355998686278e-07, 1.1066088717867496e-07, 8.850596901998499e-08, 7.071131745913322e-08, 5.6342184571340255e-08, 4.4631226284668375e-08, 3.534178073570246e-08, 2.7973577855210286e-08, 2.201691262475143e-08, 1.7270570861236364e-08, 1.3537543189858665e-08, 1.062228986110146e-08, 8.32030652136344e-09, 6.519811512743203e-09, 5.134088557214187e-09, 4.04669931285629e-09, 3.186444382729373e-09, 2.5159735479939293e-09, 1.987364459745501e-09, 1.5797080239309674e-09, 1.256216861753081e-09, 9.927481219488377e-10, 7.812275601004436e-10, 6.131265852599985e-10, 4.819018441696016e-10, 3.7820321140804113e-10, 2.977575354920568e-10, 2.360596033343133e-10, 1.8558073986982665e-10, 1.4603618958577491e-10, 1.149597795817533e-10]
W_list: [8.0]
L_list: [4.514483566277617]
