C_final_list: [1.5674031625538755e-06, 1.2361134977900398e-06, 9.69599567221054e-07, 7.588199179847469e-07, 5.929616689038218e-07, 4.651540349145159e-07, 3.6564043649887856e-07, 2.8804243990979124e-07, 2.2621636151886915e-07, 1.7641942335274204e-07, 1.373887881635037e-07, 1.0633187928128274e-07, 8.246612887524233e-08, 6.395653872212206e-08, 4.9518216824801055e-08, 3.832637275609626e-08, 2.9368869025197345e-08, 2.2792386934083e-08, 1.751614106450826e-08, 1.352739480928237e-08, 1.045439305278611e-08, 8.036269565341918e-09, 6.197812385590021e-09, 4.775053344914911e-09, 3.6899123342786322e-09, 2.850099653224525e-09, 2.208801751583886e-09, 1.7185014752757494e-09, 1.3435963525084292e-09, 1.0649540545467347e-09, 8.396934688394048e-10, 6.669567576285119e-10, 5.205089808892111e-10, 4.0954148695634554e-10, 3.267422256978498e-10, 2.573385844429311e-10, 2.0205328128332106e-10, 1.6097912698676874e-10, 1.2569399082323333e-10, 9.759027848485069e-11, 7.522684704993659e-11, 5.7266480410164024e-11, 4.3393085112554694e-11, 3.3094202100232384e-11, 2.502598506641201e-11, 1.894214113025328e-11, 1.4392342144815808e-11, 1.073429723719329e-11, 8.089989624484357e-12, 6.180459920491088e-12]
ndim2: 500
W_list: [4.2]
L_list: [4.110997665819748]
