C_final_list: [1.2571914345343455e-06, 1.094696960823405e-06, 9.481803048422311e-07, 8.239820385760939e-07, 7.167602456924507e-07, 6.22370240939388e-07, 5.413302505838603e-07, 4.6837906253468923e-07, 4.0460454702939584e-07, 3.5094077607582136e-07, 3.0395033497138454e-07, 2.6257596942619336e-07, 2.262579275982235e-07, 1.9453959855340775e-07, 1.6753323952823644e-07, 1.4416505587044185e-07, 1.2427050651455083e-07, 1.0718939048712843e-07, 9.257777968245127e-08, 8.005500837692537e-08, 6.92449822035978e-08, 5.983676237095328e-08, 5.1420772899614424e-08, 4.41459962439329e-08, 3.797910551988365e-08, 3.2652701214261446e-08, 2.8004174750103728e-08, 2.4010042730223485e-08, 2.054186661467082e-08, 1.764003728665294e-08, 1.5169218787446914e-08, 1.3010596940911994e-08, 1.1191967999350149e-08, 9.624475979292154e-09, 8.248103942250207e-09]
ndim2: 500
W_list: [3.0]
L_list: [6.989527335621292]
