C_final_list: [2.012357265600123e-06, 1.900375857814456e-06, 1.7920479254825075e-06, 1.6884895226824236e-06, 1.5920222959975383e-06, 1.498086083487342e-06, 1.4105096868638886e-06, 1.3269406216067492e-06, 1.2489115064171748e-06, 1.1755631990898895e-06, 1.1065496951944085e-06, 1.0411235224825765e-06, 9.792609307431372e-07, 9.215272468491411e-07, 8.663269553287563e-07, 8.1396527828834e-07, 7.652004985702217e-07, 7.200354243171738e-07, 6.777934115039718e-07, 6.372764765503767e-07, 5.989336086512116e-07, 5.635852258927056e-07, 5.298258863937164e-07, 4.978518592119599e-07, 4.676035311269833e-07, 4.390224518269337e-07, 4.11946504205334e-07, 3.867800207020341e-07, 3.630635896002838e-07, 3.4083970104795297e-07, 3.2001936128041967e-07, 3.0041533628787797e-07, 2.820485206715171e-07, 2.651170469307201e-07, 2.491507316395457e-07]
ndim2: 500
W_list: [2.8]
L_list: [16.40821304532249]
