C_list:
1.9483597887810517e-06 0.24334264161658425
ndim2: 500
W_list: [3.4]
L_list: [4.109431842100329]
