R_list= [ 1  2  3  4  5  6  7  8  9 10 11 12 13 14 15 16 17 18 19 20 21 22 23 24
 25 26 27 28 29 30 31 32 33 34 35 36 37 38]
C_final_list= [2.2385203820592875e-06, 1.9788864837254642e-06, 1.8079285951550862e-06, 1.662766979642322e-06, 1.5306161727906297e-06, 1.4086765175325978e-06, 1.2913699702128777e-06, 1.1854521538497971e-06, 1.0903673218201427e-06, 1.0009560589981833e-06, 9.172357681264482e-07, 8.402748229587858e-07, 7.706980830237251e-07, 7.067075307332177e-07, 6.479570660661483e-07, 5.936380370077666e-07, 5.437632486657372e-07, 4.979316387994419e-07, 4.5539764599584403e-07, 4.164818104572061e-07, 3.807198298470327e-07, 3.4820171873781815e-07, 3.179628906668781e-07, 2.902987419087555e-07, 2.6515523605898653e-07, 2.421870224288181e-07, 2.2084291566339623e-07, 2.0156644095867425e-07, 1.8421028473945082e-07, 1.6817613227819353e-07, 1.533987783587095e-07, 1.402447023738365e-07, 1.281969655573927e-07, 1.1709537842335986e-07, 1.0684676102006559e-07, 9.747940372859808e-08, 8.901725405128576e-08, 8.121655593234043e-08]
W_list: [4]
L_list: [11.415221142607923]
