C_list:
1.9379507197960335e-06 0.15727672350892363
ndim2: 500
W_list: [2.6]
L_list: [6.358219943100872]
