R_list= [ 1  2  3  4  5  6  7  8  9 10 11 12 13 14 15 16 17 18 19 20 21 22 23 24
 25 26 27 28 29 30 31 32 33 34 35 36 37 38]
C_final_list= [7.051396528495755e-06, 6.104366459557248e-06, 5.240799896583681e-06, 4.4822556996994965e-06, 3.826886569134254e-06, 3.2642949319610446e-06, 2.7824101281326934e-06, 2.370143482647199e-06, 2.015826092300508e-06, 1.7131788449847132e-06, 1.4554754495202327e-06, 1.2363558854143047e-06, 1.050778498265131e-06, 8.933010325672027e-07, 7.598936379590913e-07, 6.464344956234447e-07, 5.490309042887573e-07, 4.665013778163616e-07, 3.9618436291523264e-07, 3.367848357297359e-07, 2.8602153748868516e-07, 2.4283725093177314e-07, 2.063153337007236e-07, 1.753763328009376e-07, 1.4903252298047007e-07, 1.2646201485408027e-07, 1.0743529338550692e-07, 9.122037492911598e-08, 7.743500066856798e-08, 6.568835472156934e-08, 5.573685693913287e-08, 4.7274774246169115e-08, 4.0035842571555537e-08, 3.392596150105151e-08, 2.874664995480058e-08, 2.4359746991961336e-08, 2.0671313707113124e-08, 1.7523765489901364e-08]
W_list: [8.0]
L_list: [6.325513023400782]
