C_final_list: [1.7172122972130636e-06, 1.44903438656826e-06, 1.2261267355700173e-06, 1.033478059413744e-06, 8.730012124336437e-07, 7.396641804144433e-07, 6.247561882566762e-07, 5.252724848873132e-07, 4.4366580572573754e-07, 3.732846418997364e-07, 3.122598873268915e-07, 2.614872959372174e-07, 2.1886978466187317e-07, 1.8327242678259045e-07, 1.5366500717882802e-07, 1.291364914920909e-07, 1.0795512612052474e-07, 9.040363475731698e-08, 7.571152341169236e-08, 6.335849247576066e-08, 5.311576670226093e-08, 4.426602449515896e-08, 3.714005467005305e-08, 3.0956748896065305e-08, 2.5927393933938776e-08, 2.1699210495584107e-08, 1.8174055891743633e-08, 1.5202619078627476e-08, 1.2682945814706237e-08, 1.0552448673238497e-08, 8.77933862460421e-09, 7.338546651419886e-09, 6.0717310121538855e-09, 5.053008539565676e-09, 4.1979064336477516e-09]
ndim2: 500
W_list: [2.2]
L_list: [5.861569237983808]
