R_list= [ 1  2  3  4  5  6  7  8  9 10 11 12 13 14 15 16 17 18 19 20 21 22 23 24
 25 26 27 28 29 30 31 32 33 34 35 36 37 38]
C_final_list= [1.2721636369239553e-06, 1.235576542710544e-06, 1.1988454946236853e-06, 1.163115232144459e-06, 1.1284404320024138e-06, 1.0947210107495228e-06, 1.0619856696409962e-06, 1.030184250490612e-06, 9.99363567836338e-07, 9.692598054112188e-07, 9.4006626292176e-07, 9.116190022155712e-07, 8.840660860349191e-07, 8.574469168268711e-07, 8.317499215817467e-07, 8.06790692262289e-07, 7.823218009884181e-07, 7.586332399746259e-07, 7.35501892626493e-07, 7.131891107145014e-07, 6.914786169318371e-07, 6.702340303898519e-07, 6.494546300403923e-07, 6.292986894087751e-07, 6.099104471039367e-07, 5.911071500652285e-07, 5.72962290112242e-07, 5.554200557741256e-07, 5.381135131269846e-07, 5.214527510270328e-07, 5.053610326442337e-07, 4.897893205401668e-07, 4.748276927648404e-07, 4.6015888078665694e-07, 4.4590015564823614e-07, 4.3206607645915346e-07, 4.186544143060981e-07, 4.055631031694202e-07]
W_list: [5]
L_list: [32.468967080942726]
