C_final_list: [1.9952298933178147e-06, 1.742497265844156e-06, 1.5617274262255125e-06, 1.378194078906566e-06, 1.2183032187170656e-06, 1.077090348479946e-06, 9.54803015148546e-07, 8.48115478522534e-07, 7.528650646265301e-07, 6.677685768511955e-07, 5.92215746869192e-07, 5.244835804203043e-07, 4.6606743830118434e-07, 4.1461391790507175e-07, 3.6693270738682755e-07, 3.239677068900907e-07, 2.8556660848547393e-07, 2.520795056708415e-07, 2.2304640080962585e-07, 1.974142324298861e-07, 1.7477780718776393e-07, 1.5467125200105502e-07, 1.371282840990737e-07, 1.2141015697836894e-07, 1.0723230510508242e-07, 9.492671569505844e-08, 8.421033737808299e-08, 7.455584595260616e-08, 6.608869555057475e-08, 5.845099650556586e-08, 5.1600644412683676e-08, 4.560224112364111e-08, 4.044014277789365e-08, 3.561333972878958e-08, 3.144912317635926e-08]
ndim2: 500
W_list: [1.4]
L_list: [8.248800544602629]
