R_list= [ 1  2  3  4  5  6  7  8  9 10 11 12 13 14 15 16 17 18 19 20 21 22 23 24
 25 26 27 28 29 30 31 32 33 34 35 36 37 38]
C_final_list= [4.25792221617101e-07, 3.8065502663995216e-07, 3.3772256809265363e-07, 2.988739003817626e-07, 2.637745285555266e-07, 2.3210202402864896e-07, 2.040877771651511e-07, 1.7920106372902348e-07, 1.5732367875522978e-07, 1.37876127203644e-07, 1.2063064236353933e-07, 1.0569275192719152e-07, 9.257230312472433e-08, 8.10084154146435e-08, 7.090030602076293e-08, 6.200429746107497e-08, 5.414653996339914e-08, 4.7309808586856616e-08, 4.132832372590538e-08, 3.60559106723488e-08, 3.142181902929215e-08, 2.7389404968155338e-08, 2.3869176951326245e-08, 2.0791942282813597e-08, 1.8151717389524018e-08, 1.5835101078656116e-08, 1.3804085766018616e-08, 1.202520691446514e-08, 1.0467390576953899e-08, 9.108962352568994e-09, 7.926902752115888e-09, 6.897282034480655e-09, 6.0030037028630446e-09, 5.2257740329216964e-09, 4.549763935748187e-09, 3.964979369844596e-09, 3.4583690087532364e-09, 3.0212148031401274e-09]
W_list: [7]
L_list: [7.809065309899576]
