R_list= [ 1  2  3  4  5  6  7  8  9 10 11 12 13 14 15 16 17 18 19 20 21 22 23 24
 25 26 27 28 29 30 31 32 33 34 35 36 37 38]
C_final_list= [1.0574355741166573e-06, 6.8189860240222e-07, 4.383797077130775e-07, 2.8121634890175653e-07, 1.826639094700269e-07, 1.1828050184836205e-07, 7.613774661997484e-08, 4.882133440059059e-08, 3.1254961231993975e-08, 2.00612616897467e-08, 1.2845144610849964e-08, 8.076700032031976e-09, 5.063680509107922e-09, 3.1663229664916107e-09, 1.994714447690418e-09, 1.287927915418862e-09, 8.066661616830637e-10, 5.000479754667192e-10, 3.0734001386896634e-10, 1.9246827350686005e-10, 1.2250512153968473e-10, 7.850134652491711e-11, 5.0455351495385684e-11, 3.1702243314248855e-11, 1.9442878981886228e-11, 1.2263248174995384e-11, 7.820699474778102e-12, 4.989156008550312e-12, 3.264517915919261e-12, 2.1259249122221375e-12, 1.3278544814226467e-12, 8.098068824044483e-13, 5.156557855617257e-13, 3.2177635726812906e-13, 2.0315511895602495e-13, 1.3184845685822297e-13, 8.655401095849117e-14, 5.687277013184318e-14]
W_list: [8.0]
L_list: [2.273741489427254]
