R_list= [ 1  2  3  4  5  6  7  8  9 10 11 12 13 14 15 16 17 18 19 20 21 22 23 24
 25 26 27 28 29 30 31 32]
C_final_list= [8.82106233336063e-08, 3.80202011959902e-08, 1.3400566533835849e-08, 4.2662457128958836e-09, 1.284531298249408e-09, 3.7362171046556094e-10, 1.0627853149924033e-10, 2.949181747152829e-11, 8.093105744058921e-12, 2.214165683318126e-12, 6.009898059933474e-13, 1.6362674968599453e-13, 4.483159943235488e-14, 1.2520391343783138e-14, 3.65002661282894e-15, 1.0479645680313011e-15, 2.746957717278339e-16, 6.721406746232375e-17, 1.5978172216883253e-17, 3.722992913076519e-18, 8.773181732924495e-19, 2.1309760486226012e-19, 5.205967768623523e-20, 1.3681417185195852e-20, 4.44004989910097e-21, 1.0610741717981617e-21, 2.1184502975931123e-22, 4.401305103844554e-23, 1.0082847249625773e-23, 2.626631902272432e-24, 7.339681308374028e-25, 2.453069614218483e-25]
W_list: [6]
L_list: [1.1055629946282606]
