C_final_list: [2.134800428486044e-06, 2.118341069371228e-06, 2.102264103296892e-06, 2.0867641149471253e-06, 2.071616510427066e-06, 2.0567381692647406e-06, 2.042122282193396e-06, 2.027772015508523e-06, 2.013476786369641e-06, 1.9993754531224336e-06, 1.9854031472775348e-06, 1.9715745155603897e-06, 1.957758951786783e-06, 1.944148598019515e-06, 1.9305813960453006e-06, 1.917176038448648e-06, 1.903939316118289e-06, 1.8906691389534987e-06, 1.877293748289068e-06, 1.8640292139344968e-06, 1.851056135581761e-06, 1.8381082916360325e-06, 1.8254269203257508e-06, 1.8129226385386198e-06, 1.8006753213970072e-06, 1.7884684786171282e-06, 1.776330765356508e-06, 1.764306737263584e-06, 1.7523933395201121e-06, 1.7405202396380165e-06, 1.7288865059783901e-06, 1.717296062307255e-06, 1.7057549434933204e-06, 1.6943993875860935e-06, 1.683045190857281e-06, 1.6718427060397527e-06, 1.660853848259254e-06, 1.649847484304819e-06, 1.6390130176734784e-06, 1.6281622511009584e-06, 1.6173377063188727e-06, 1.6065359828806325e-06, 1.5958475352822915e-06, 1.5851293748397113e-06, 1.5746060368635185e-06, 1.5640412338448113e-06, 1.5535567653989394e-06, 1.5431599381975046e-06, 1.532848087260723e-06, 1.5224594588443632e-06]
ndim2: 500
W_list: [2.0]
L_list: [145.4117961105677]
