R_list= [ 1  2  3  4  5  6  7  8  9 10 11 12 13 14 15 16 17 18 19 20 21 22 23 24
 25 26 27 28 29 30 31 32]
C_final_list= [7.941166537204938e-07, 7.37016662012887e-07, 6.825313530330909e-07, 6.307033582582853e-07, 5.831842463209958e-07, 5.394774885151877e-07, 4.991722643178764e-07, 4.619479622569722e-07, 4.2744857730438495e-07, 3.955499596739597e-07, 3.653988015987287e-07, 3.3738603962948424e-07, 3.1140595158619686e-07, 2.871401663748597e-07, 2.647771539476151e-07, 2.439469990013658e-07, 2.2483579265641533e-07, 2.0720832343892497e-07, 1.9091088458521976e-07, 1.7585738476042616e-07, 1.6186824175567068e-07, 1.4884859677392726e-07, 1.3681883766799426e-07, 1.256221821025379e-07, 1.1539421313479939e-07, 1.0600586125535894e-07, 9.731367537082031e-08, 8.943761742026871e-08, 8.21653779440407e-08, 7.546715879601008e-08, 6.935709132581668e-08, 6.37076528173858e-08]
W_list: [6]
L_list: [12.569657290103557]
