C_final_list: [2.1515723938184867e-06, 2.0264733924738663e-06, 1.9556664675666496e-06, 1.868528456068792e-06, 1.7827869613233459e-06, 1.7050154715284879e-06, 1.6282774138582583e-06, 1.55532447082883e-06, 1.4848345837996482e-06, 1.4181072763373763e-06, 1.3564357354227935e-06, 1.297509856219123e-06, 1.2396924327016087e-06, 1.1846192234154157e-06, 1.132901606543274e-06, 1.0829948853458232e-06, 1.0342752084985005e-06, 9.875910945569923e-07, 9.428846743633343e-07, 9.00094267100021e-07, 8.58468695362507e-07, 8.1939419114721e-07, 7.816901358405317e-07, 7.454671417694511e-07, 7.104537486472481e-07, 6.773635559077255e-07, 6.460143554074434e-07, 6.161394611452959e-07, 5.872214435944033e-07, 5.597538096532345e-07, 5.33586773053394e-07, 5.087761222151964e-07, 4.850032781034372e-07, 4.6264563719583516e-07, 4.409712982856914e-07]
ndim2: 500
W_list: [1.0]
L_list: [21.74920253547086]
