C_final_list: [1.2460490458898834e-06, 1.2139135588985368e-06, 1.1812155064227833e-06, 1.1489626773611157e-06, 1.1171235139571145e-06, 1.0859223094801791e-06, 1.0554318702536818e-06, 1.0257418240585893e-06, 9.967097382500633e-07, 9.682384454658363e-07, 9.404296760340678e-07, 9.139258614263917e-07, 8.88093676850502e-07, 8.629731424933587e-07, 8.385943583446779e-07, 8.148029416505352e-07, 7.91907254538321e-07, 7.693153356542512e-07, 7.470341591868993e-07, 7.253777320211582e-07, 7.045012198013505e-07, 6.842567409299915e-07, 6.644403461568804e-07, 6.452504077105865e-07, 6.267344714347911e-07, 6.086175063666632e-07, 5.90944541355545e-07, 5.739914894260202e-07, 5.574642672332425e-07, 5.412802119193523e-07, 5.255339437515513e-07, 5.101438560347576e-07, 4.951266903837702e-07, 4.806374087905574e-07, 4.6648212551476644e-07]
ndim2: 500
W_list: [3.0]
L_list: [34.656445019693436]
