R_list= [ 1  2  3  4  5  6  7  8  9 10 11 12 13 14 15 16 17 18 19 20 21 22 23 24
 25 26 27 28 29 30 31 32 33 34 35 36 37 38]
C_final_list= [8.950682526933813e-07, 5.626612395606574e-07, 3.0226302234270986e-07, 1.4839997065666476e-07, 6.899170490427412e-08, 3.104104150557764e-08, 1.3699588907609342e-08, 5.97357669463851e-09, 2.580390199701641e-09, 1.1072658586599957e-09, 4.740303484516182e-10, 2.0247700757792958e-10, 8.646094919855527e-11, 3.7093931414377406e-11, 1.605583452423061e-11, 7.008760200263853e-12, 3.0669049685097974e-12, 1.3425761060374018e-12, 5.872750707698949e-13, 2.5697366129314763e-13, 1.1276246383845305e-13, 4.954196761119871e-14, 2.1807488006201474e-14, 9.66180757677541e-15, 4.318420788695427e-15, 1.9513814434020537e-15, 8.91151127796729e-16, 4.0776467104183454e-16, 1.8625668698679211e-16, 8.555492616569177e-17, 3.9697016431095197e-17, 1.855610522115776e-17, 8.737963677898336e-18, 4.1735730334191516e-18, 2.044985784034357e-18, 1.0382265198602475e-18, 5.554676940052134e-19, 3.1199293913982615e-19]
W_list: [4]
L_list: [1.754485071082676]
