R_list= [ 1  2  3  4  5  6  7  8  9 10 11 12 13 14 15 16 17 18 19 20 21 22 23 24
 25 26 27 28 29 30 31 32 33 34 35 36 37 38]
C_final_list= [1.2464897544864743e-06, 8.683100821146036e-07, 6.146345267371122e-07, 4.3590456000452395e-07, 3.0889548058864807e-07, 2.1747236946834748e-07, 1.5308529260372128e-07, 1.0734952780293752e-07, 7.511488883750459e-08, 5.2531315964311184e-08, 3.702731087880351e-08, 2.60864232220641e-08, 1.8157766437358955e-08, 1.255373244765463e-08, 8.735982751384505e-09, 6.101875655365837e-09, 4.240151041335129e-09, 2.9315693979610414e-09, 2.0774587093358156e-09, 1.444107418952085e-09, 1.0313267989885628e-09, 7.316325763703027e-10, 5.17725791661463e-10, 3.6712573311342966e-10, 2.587571680895609e-10, 1.800247981928893e-10, 1.27411160469447e-10, 8.77075428220479e-11, 6.132288180304373e-11, 4.3132976551415686e-11, 3.028244438213714e-11, 2.0807003317354025e-11, 1.4446849298401835e-11, 9.577563370780228e-12, 6.312336795021698e-12, 4.286091092618012e-12, 3.005112302069323e-12, 2.106206368407631e-12]
W_list: [6.2]
L_list: [2.8541688202644973]
