C_final_list: [1.3686935132818335e-06, 1.2949472805746122e-06, 1.222040931199615e-06, 1.1528857752236402e-06, 1.0891902229131921e-06, 1.0283783700067158e-06, 9.70026023205326e-07, 9.152742538110473e-07, 8.635630958053868e-07, 8.153375218750299e-07, 7.691094468284656e-07, 7.255172370097036e-07, 6.846637907244299e-07, 6.458760661615394e-07, 6.096105816338647e-07, 5.748423415354047e-07, 5.424542576487022e-07, 5.119754310958484e-07, 4.833607802517647e-07, 4.559461261227993e-07, 4.300394828307021e-07, 4.05500975952347e-07, 3.821514147094994e-07, 3.6000090211772163e-07, 3.3922090507208885e-07, 3.19392513423756e-07, 3.009080603958248e-07, 2.8326865805145113e-07, 2.6651718187412135e-07, 2.509947920785008e-07, 2.3623535286316046e-07, 2.2243724410086353e-07, 2.092185916677248e-07, 1.96850659153524e-07, 1.850508016690194e-07]
ndim2: 500
W_list: [3.2]
L_list: [17.167319333193515]
