R_list= [ 1  2  3  4  5  6  7  8  9 10 11 12 13 14 15 16 17 18 19 20 21 22 23 24
 25 26 27 28 29 30 31 32 33 34 35 36 37 38]
C_final_list= [1.233492151578494e-06, 1.1796118982154867e-06, 1.1324986564830554e-06, 1.0856489579743012e-06, 1.0415145276353905e-06, 9.987682371978766e-07, 9.575847276297342e-07, 9.179749479780179e-07, 8.793674425596783e-07, 8.424722940008622e-07, 8.069041695641959e-07, 7.72965155339623e-07, 7.402675204923959e-07, 7.089101256288044e-07, 6.787892471024782e-07, 6.497621027365245e-07, 6.220343837807492e-07, 5.955259034391186e-07, 5.701677181236008e-07, 5.456277015233834e-07, 5.220789215343132e-07, 4.995346386533005e-07, 4.782245464740877e-07, 4.5757606358102517e-07, 4.3779690948764743e-07, 4.187967082407835e-07, 4.0047942379463546e-07, 3.828770116215126e-07, 3.659731211526931e-07, 3.497141248066934e-07, 3.3442163744508956e-07, 3.197586066966156e-07, 3.0564768492547185e-07, 2.921836287154697e-07, 2.7920969499021595e-07, 2.668710557609009e-07, 2.549865798052969e-07, 2.435923161954762e-07]
W_list: [5]
L_list: [23.057019180788075]
