R_list= [ 1  2  3  4  5  6  7  8  9 10 11 12 13 14 15 16 17 18 19 20 21 22 23 24
 25 26 27 28 29 30 31 32 33 34 35 36 37 38]
C_final_list= [3.122183298725702e-05, 2.368513384706796e-05, 1.7851669545591908e-05, 1.3442774288132004e-05, 1.010947044460604e-05, 7.587056190861556e-06, 5.695755311222952e-06, 4.269087615758514e-06, 3.2076695587219945e-06, 2.406629114155345e-06, 1.8034263663993763e-06, 1.3502084957617475e-06, 1.012704551148906e-06, 7.597843111902462e-07, 5.696357996742693e-07, 4.267831435091633e-07, 3.202762966167126e-07, 2.398450643086501e-07, 1.7972717516841872e-07, 1.3443394391610245e-07, 1.00680231424724e-07, 7.550295625795639e-08, 5.653940601506184e-08, 4.2309456213692084e-08, 3.167715147735474e-08, 2.3779892074749245e-08, 1.7856652434107043e-08, 1.3467544469032876e-08, 1.0200622082252584e-08, 7.750791186677549e-09, 5.83662456107933e-09, 4.383462842899565e-09, 3.285553096999957e-09, 2.451761046712237e-09, 1.8365050512368269e-09, 1.3882445839175136e-09, 1.0465289517379536e-09, 7.899129685236996e-10]
W_list: [8.15]
L_list: [3.530327718339743]
