R_list= [ 1  2  3  4  5  6  7  8  9 10 11 12 13 14 15 16 17 18 19 20 21 22 23 24
 25 26 27 28 29 30 31 32 33 34 35 36 37 38]
C_final_list= [8.822960893395964e-07, 5.286922623454689e-07, 3.1431089869598155e-07, 1.8546171257949448e-07, 1.0972703230720694e-07, 6.4666088230461e-08, 3.821443245259366e-08, 2.234768666431612e-08, 1.3026209724630937e-08, 7.659815757270685e-09, 4.491034289070449e-09, 2.6362834513668297e-09, 1.5665113940895003e-09, 9.462797303848433e-10, 5.664706666129831e-10, 3.3080459460060544e-10, 1.9439908655178416e-10, 1.1232668043878828e-10, 6.561651382083048e-11, 3.76016885126597e-11, 2.1390381107360673e-11, 1.2311313380368419e-11, 6.9578337235013606e-12, 3.873457677951532e-12, 2.241823178576032e-12, 1.3535814133010283e-12, 8.177556983240536e-13, 5.230922329794953e-13, 3.7363818924021496e-13, 3.1219636513596823e-13, 2.432398622423717e-13, 1.231575613031451e-13, 6.394683707434392e-14, 4.187575812129485e-14, 1.7296539065696375e-14, 6.322855162212451e-15, 3.434165101074897e-15, 1.7372980657722944e-15]
W_list: [8.600000000000001]
L_list: [1.9276272101173655]
