R_list= [ 1  2  3  4  5  6  7  8  9 10 11 12 13 14 15 16 17 18 19 20 21 22 23 24
 25 26 27 28 29 30 31 32 33 34 35 36 37 38]
C_final_list= [4.0238930089934014e-07, 3.5021021494245623e-07, 3.034343046458357e-07, 2.6150197252208815e-07, 2.2549549726918222e-07, 1.939046621060489e-07, 1.6672013984079955e-07, 1.4331672480401385e-07, 1.2296148170031507e-07, 1.0533217693208127e-07, 9.026839277455928e-08, 7.750809979069762e-08, 6.65436013094135e-08, 5.717027564082197e-08, 4.900157002895351e-08, 4.1970326575353386e-08, 3.589311885834313e-08, 3.0709880803133866e-08, 2.6263375515585834e-08, 2.2517591691247245e-08, 1.928812911640508e-08, 1.651465104611172e-08, 1.4116818057679236e-08, 1.206137805718502e-08, 1.0289456471708254e-08, 8.801198593124482e-09, 7.521768353345946e-09, 6.427707356193387e-09, 5.478406107636494e-09, 4.670116579906681e-09, 3.987588016838035e-09, 3.407495242384871e-09, 2.910229209885169e-09, 2.486996923002679e-09, 2.124869470945582e-09, 1.8125056152551854e-09, 1.5414620901903454e-09, 1.3117731898300835e-09]
W_list: [7]
L_list: [6.672406846357518]
