R_list= [ 1  2  3  4  5  6  7  8  9 10 11 12 13 14 15 16 17 18 19 20 21 22 23 24
 25 26 27 28 29 30 31 32 33 34 35 36 37 38]
C_final_list= [4.919720397238507e-07, 4.237691631741119e-07, 3.612504346559399e-07, 3.0658304985562184e-07, 2.59072552363152e-07, 2.1864710441118885e-07, 1.8430416774521499e-07, 1.5554234568066333e-07, 1.3114715832365292e-07, 1.1056298735904931e-07, 9.311779853102069e-08, 7.843686809013979e-08, 6.589262468779378e-08, 5.533876050169084e-08, 4.646409912826042e-08, 3.900946084799728e-08, 3.26840324231359e-08, 2.7367192553765806e-08, 2.2884010217629537e-08, 1.913277383064687e-08, 1.6016876342879537e-08, 1.3383626670211297e-08, 1.1150815867105334e-08, 9.288505722358299e-09, 7.744474831980363e-09, 6.456253534807169e-09, 5.380098836644546e-09, 4.4888849074716315e-09, 3.748240932440215e-09, 3.128724966875567e-09, 2.607522946938789e-09, 2.1667975035424295e-09, 1.7982431419583157e-09, 1.4925510859761126e-09, 1.2422138016489047e-09, 1.0335857801027391e-09, 8.585377401152677e-10, 7.142345328776326e-10]
W_list: [8.6]
L_list: [5.988614949220081]
