R_list= [ 1  2  3  4  5  6  7  8  9 10 11 12 13 14 15 16 17 18 19 20 21 22 23 24
 25 26 27 28 29 30 31 32 33 34 35 36 37 38]
C_final_list= [1.047205162789538e-06, 9.66362383399973e-07, 8.877453507522437e-07, 8.138485907240323e-07, 7.447415521613252e-07, 6.811176229263888e-07, 6.219528277892073e-07, 5.68208834093802e-07, 5.189910597787999e-07, 4.7375087295507004e-07, 4.3237315762964794e-07, 3.9467149832949974e-07, 3.600231950901817e-07, 3.2864632564532505e-07, 3.0003794739344495e-07, 2.738019590629231e-07, 2.4970294487086597e-07, 2.2795047517426602e-07, 2.0814017315736237e-07, 1.8984639156665163e-07, 1.7313671632539504e-07, 1.5783688362188845e-07, 1.4394378541382504e-07, 1.311268152861645e-07, 1.193648485380033e-07, 1.0866771873245912e-07, 9.892456198445691e-08, 9.003402762159202e-08, 8.189153296085318e-08, 7.444738481388709e-08, 6.764149923897202e-08, 6.143523291383625e-08, 5.582434901045606e-08, 5.069466593111528e-08, 4.599329071256667e-08, 4.173851074269356e-08, 3.786344347130065e-08, 3.435677134465731e-08]
W_list: [7.2]
L_list: [11.080228634400648]
