C_final_list: [1.970005680738436e-06, 1.9316413049974878e-06, 1.8925128942312337e-06, 1.854685675885904e-06, 1.8175853653539117e-06, 1.781232238931716e-06, 1.7456069996414514e-06, 1.7106149291146589e-06, 1.6762325558226775e-06, 1.642574362855463e-06, 1.6095824373115054e-06, 1.5770550382570881e-06, 1.5451182837435e-06, 1.5138202857532181e-06, 1.483247545343567e-06, 1.4532409132056496e-06, 1.4240359139035775e-06, 1.3952664152587845e-06, 1.3671477744626836e-06, 1.3396165464559292e-06, 1.3122929177816684e-06, 1.2853612825552256e-06, 1.258939374859024e-06, 1.2328861633468123e-06, 1.2072007110457578e-06, 1.1816334249546126e-06, 1.1570780511840257e-06, 1.1328517255678078e-06, 1.1089820710913362e-06, 1.085430931485498e-06, 1.062578053146289e-06, 1.0402364270184618e-06, 1.0183066597950122e-06, 9.966193323373192e-07, 9.753466005231778e-07]
ndim2: 500
W_list: [2.0]
L_list: [48.630946671744006]
