C_final_list: [1.8333717705332002e-06, 1.7779070389803804e-06, 1.7228030330344937e-06, 1.6705638625409304e-06, 1.61989355398415e-06, 1.570454969338435e-06, 1.5225674325110432e-06, 1.4763001236173122e-06, 1.4302997180337472e-06, 1.3857522873718294e-06, 1.3424760334419945e-06, 1.3006529496228695e-06, 1.2603089515527483e-06, 1.221406033655991e-06, 1.1837362878553773e-06, 1.1468254325129887e-06, 1.111044642770275e-06, 1.0760976672805253e-06, 1.0422666304201705e-06, 1.0097828116016084e-06, 9.78753278620981e-07, 9.483975188289172e-07, 9.193557068028705e-07, 8.907978245877708e-07, 8.634750604768208e-07, 8.368028272891226e-07, 8.110774676578461e-07, 7.860204656811028e-07, 7.61675757410537e-07, 7.380597387657047e-07, 7.152732897067417e-07, 6.931759562110962e-07, 6.714413966504035e-07, 6.503927095958618e-07, 6.297941323550476e-07, 6.099183160031152e-07, 5.906126307148564e-07, 5.719736150334132e-07, 5.539593963008143e-07, 5.363471842203922e-07, 5.191613448861125e-07, 5.02533888878279e-07, 4.865772409704032e-07, 4.7101332361899195e-07, 4.5577831763017404e-07, 4.4091921487526415e-07, 4.266622519490428e-07, 4.1292877002403246e-07, 3.9962826957015297e-07, 3.8677570852662375e-07]
ndim2: 500
W_list: [3.0]
L_list: [31.69555813097592]
