C_final_list: [1.656283834507441e-06, 1.5908069522750042e-06, 1.5256806360026244e-06, 1.4628484236592252e-06, 1.402940347117011e-06, 1.3469353439058682e-06, 1.2926278780039692e-06, 1.240163380779457e-06, 1.1901743484203068e-06, 1.1427417629526653e-06, 1.0975679087169108e-06, 1.0543128736793107e-06, 1.012587158739771e-06, 9.730072227471455e-07, 9.340308175244549e-07, 8.963573472982973e-07, 8.603967872568778e-07, 8.257673664873135e-07, 7.923296397165381e-07, 7.597107126417618e-07, 7.283310734511504e-07, 6.984536774561098e-07, 6.696141920973398e-07, 6.417616125337538e-07, 6.148935447499415e-07, 5.894486142380142e-07, 5.650242743956379e-07, 5.417808034652528e-07, 5.193786815681792e-07, 4.979191184387792e-07, 4.772924925895727e-07, 4.5726126031909004e-07, 4.381736739106401e-07, 4.198779619671154e-07, 4.0227282658341273e-07, 3.8537094422798733e-07, 3.6958615587136544e-07, 3.541973314269563e-07, 3.3950694590001415e-07, 3.255024465698136e-07, 3.119721442584635e-07, 2.990475333713091e-07, 2.865687763690163e-07, 2.7474576155894605e-07, 2.6309878967205883e-07, 2.5200554915538014e-07, 2.413042042366457e-07, 2.3094047779951102e-07, 2.2104385979417253e-07, 2.1154494216813134e-07]
ndim2: 500
W_list: [3.3]
L_list: [24.080675132474987]
