R_list= [ 1  2  3  4  5  6  7  8  9 10 11 12 13 14 15 16 17 18 19 20 21 22 23 24
 25 26 27 28 29 30 31 32]
C_final_list= [7.67542775342736e-07, 7.10529542506261e-07, 6.573330530571061e-07, 6.072942090027515e-07, 5.609509566184427e-07, 5.1808226202222e-07, 4.785892297458578e-07, 4.421348267901366e-07, 4.084152440215553e-07, 3.7700287169505384e-07, 3.483097552880791e-07, 3.2159402711699527e-07, 2.968805591127102e-07, 2.7383212724585915e-07, 2.525996033467541e-07, 2.3284902838535787e-07, 2.1475220639753352e-07, 1.9792799529271763e-07, 1.822994402507097e-07, 1.6787866490681914e-07, 1.544090674354428e-07, 1.419678426828734e-07, 1.3053880620742237e-07, 1.2010307248540821e-07, 1.1038255230786113e-07, 1.0131705640562846e-07, 9.294864516295116e-08, 8.51634093769867e-08, 7.799234039744846e-08, 7.140552749111235e-08, 6.533458138898131e-08, 5.976804433692908e-08]
W_list: [6]
L_list: [12.45514353954027]
