R_list= [ 1  2  3  4  5  6  7  8  9 10 11 12 13 14 15 16 17 18 19 20 21 22 23 24
 25 26 27 28 29 30 31 32 33 34 35 36 37 38]
C_final_list= [5.457061837670466e-07, 4.02912128725499e-07, 3.015623732658011e-07, 2.2518967646058407e-07, 1.688961699094402e-07, 1.2612608588960452e-07, 9.400378749781169e-08, 7.018966989503769e-08, 5.232061707458381e-08, 3.887555138369343e-08, 2.8976456919217804e-08, 2.1504593892588175e-08, 1.5889246108634573e-08, 1.1732180137536877e-08, 8.685807464699247e-09, 6.42017490348268e-09, 4.731190746394405e-09, 3.461228540575831e-09, 2.5323657317787806e-09, 1.8645112812404232e-09, 1.383936335583733e-09, 1.026985342251024e-09, 7.580969267271872e-10, 5.589533299264973e-10, 4.159226421765453e-10, 3.11964296294424e-10, 2.348166070602694e-10, 1.7672974004795026e-10, 1.3299519987745156e-10, 1.0018959446329617e-10, 7.490039021122788e-11, 5.5114016194313685e-11, 4.0417324146387924e-11, 2.9547044960131876e-11, 2.1577550351356315e-11, 1.5787012445272786e-11, 1.1329587253231813e-11, 8.165022019423818e-12]
W_list: [7]
L_list: [3.4062759939338147]
