C_final_list: [1.9113745692682375e-06, 1.639967057806001e-06, 1.397569220436409e-06, 1.1910298432774457e-06, 1.0174394863634077e-06, 8.655307794511833e-07, 7.343332022289187e-07, 6.225237692742877e-07, 5.271028830815414e-07, 4.4747622114392597e-07, 3.794046341826392e-07, 3.2108135785926666e-07, 2.724637692775902e-07, 2.313991667678169e-07, 1.9609897024526857e-07, 1.666826547716429e-07, 1.4153364359703425e-07, 1.199156241798665e-07, 1.0152903226397579e-07, 8.615173631589122e-08, 7.287568891917922e-08, 6.135062512173055e-08, 5.19445923243151e-08, 4.387582743586246e-08, 3.69706182260761e-08, 3.13340225738009e-08, 2.646872410130401e-08, 2.234105483282663e-08, 1.8874358524715225e-08, 1.5961447715243015e-08, 1.3492104415717263e-08, 1.1374305853796763e-08, 9.598476954328611e-09, 8.090890386351658e-09, 6.840408988570525e-09, 5.818934378308802e-09, 4.907722935677121e-09, 4.155830502398138e-09, 3.5113059887184736e-09, 2.9898961229614744e-09, 2.5481581208913482e-09, 2.1496116319347142e-09, 1.8205099553320157e-09, 1.535196136307858e-09, 1.2919392539749273e-09, 1.09238347798151e-09, 9.22907933207818e-10, 7.862521150626868e-10, 6.649137874484616e-10, 5.576284255415272e-10]
ndim2: 500
W_list: [3.4000000000000004]
L_list: [6.183583586696598]
