C_final_list: [2.077086642896178e-06, 1.8151458400828524e-06, 1.6632053007125906e-06, 1.4752308131263538e-06, 1.317490994993619e-06, 1.1797943747327928e-06, 1.0580087951620672e-06, 9.500606973594304e-07, 8.529745437466537e-07, 7.651396416253335e-07, 6.866131194315414e-07, 6.173132161120519e-07, 5.545726210153771e-07, 4.970320870746776e-07, 4.4579626314630295e-07, 3.982167801402108e-07, 3.5708649063144157e-07, 3.2056887267959767e-07, 2.861753145678651e-07, 2.5563535406954385e-07, 2.2886529598276126e-07, 2.0460955215378912e-07, 1.8227321869433186e-07, 1.624588916031139e-07, 1.449488859591326e-07, 1.2921789206083e-07, 1.1540463897824892e-07, 1.0287026528080029e-07, 9.198043461108084e-08, 8.214390448775587e-08, 7.347191804487908e-08, 6.569427124861494e-08, 5.886165804748308e-08, 5.2616644448464426e-08, 4.6907754421384035e-08]
ndim2: 500
W_list: [1.2]
L_list: [9.094231376466531]
