C_final_list: [2.1464584344146026e-06, 1.9208934274889465e-06, 1.7163531193944068e-06, 1.530582857129932e-06, 1.3658688819734677e-06, 1.217880824567947e-06, 1.0879531584606817e-06, 9.707124944362725e-07, 8.673364817062615e-07, 7.7428385243778e-07, 6.893525819202547e-07, 6.131965660266401e-07, 5.444962790498594e-07, 4.83133681448786e-07, 4.2836887431375573e-07, 3.7962584776131437e-07, 3.3621054920129584e-07, 2.9752248131303165e-07, 2.629536475176062e-07, 2.3284228895962088e-07, 2.0523810263080974e-07, 1.8135455416336862e-07, 1.6021641340172777e-07, 1.409953680023606e-07, 1.243797590772897e-07, 1.095553505211132e-07, 9.68162016492667e-08, 8.54460237215811e-08, 7.56185738724895e-08, 6.667510505480945e-08, 5.8499940452073364e-08, 5.134746864061561e-08, 4.519490215599465e-08, 3.981460233244451e-08, 3.498093869596804e-08, 3.067318633950303e-08, 2.6978300396489798e-08, 2.3732294944273618e-08, 2.0859220253693613e-08, 1.8371833457303685e-08, 1.616636556665531e-08, 1.4258970204139052e-08, 1.2562458362473905e-08, 1.1046257632155471e-08, 9.695969149907274e-09, 8.544210389557878e-09, 7.528871187487809e-09, 6.651862720265683e-09, 5.87826611648765e-09, 5.174979289037326e-09]
ndim2: 500
W_list: [2.8]
L_list: [8.632872011401968]
