R_list= [ 1  2  3  4  5  6  7  8  9 10 11 12 13 14 15 16 17 18 19 20 21 22 23 24
 25 26 27 28 29 30 31 32 33 34 35 36 37 38]
C_final_list= [4.7307795563336173e-07, 3.035238745178113e-07, 1.976325721802464e-07, 1.2905749858761243e-07, 8.438632106332778e-08, 5.521341615163576e-08, 3.6070470618240126e-08, 2.3345281287373042e-08, 1.5028233085072408e-08, 9.664858118406756e-09, 6.219933675672429e-09, 3.97307144003757e-09, 2.5149249677541375e-09, 1.589915599237675e-09, 1.0080642613777273e-09, 6.31061697412417e-10, 3.932302015961506e-10, 2.457680622776955e-10, 1.5458511489902463e-10, 9.66930084092287e-11, 6.064069644269494e-11, 3.798579902874548e-11, 2.361794261870085e-11, 1.4721343422826006e-11, 9.365507780290025e-12, 6.1177101991578586e-12, 4.035896563428431e-12, 2.6756680231991185e-12, 1.812336830330848e-12, 1.2037215147871497e-12, 7.763752963603482e-13, 5.206359870961198e-13, 3.431877116182447e-13, 2.1867544280160323e-13, 1.469112005981225e-13, 1.0193813562607662e-13, 6.43841003064099e-14, 3.6757937041553524e-14]
W_list: [7]
L_list: [2.3098153981611147]
