C_final_list: [1.9831792180349623e-06, 1.927286825515172e-06, 1.8884588278069222e-06, 1.8424892945950998e-06, 1.7985162833303762e-06, 1.7565384095974233e-06, 1.7156433377825226e-06, 1.6752211638451897e-06, 1.6355408610778933e-06, 1.5976265334376354e-06, 1.560337545647196e-06, 1.5235325623991667e-06, 1.4877166112629264e-06, 1.4528546547369576e-06, 1.4191309794556422e-06, 1.3859271398198625e-06, 1.353448088080896e-06, 1.3221619495478393e-06, 1.2911216787066424e-06, 1.2612115153677377e-06, 1.231877451775073e-06, 1.2023852289554997e-06, 1.1742513764424487e-06, 1.1463735935172298e-06, 1.1190724043599702e-06, 1.0923912544109318e-06, 1.0665410214736885e-06, 1.0411181739671113e-06, 1.016154559759497e-06, 9.91776214871285e-07, 9.675914872202675e-07, 9.442141684415112e-07, 9.215150153266746e-07, 8.992504449512741e-07, 8.775052469788629e-07]
ndim2: 500
W_list: [1.2]
L_list: [41.997724723376585]
