R_list= [ 1  2  3  4  5  6  7  8  9 10 11 12 13 14 15 16 17 18 19 20 21 22 23 24
 25 26 27 28 29 30 31 32 33 34 35 36 37 38]
C_final_list= [5.86217852130528e-07, 4.7072206249333516e-07, 3.7918871047402407e-07, 3.046263535986437e-07, 2.455602633362322e-07, 1.9716082936467737e-07, 1.5795162427662407e-07, 1.2661275813698462e-07, 1.0118264687772969e-07, 8.09468699633265e-08, 6.45280481341519e-08, 5.149660743109418e-08, 4.092549500760319e-08, 3.2470566708409845e-08, 2.5779327727279995e-08, 2.0421397233356014e-08, 1.619326564414458e-08, 1.282503374886176e-08, 1.0152497822938012e-08, 8.027103866295507e-09, 6.315579443447132e-09, 4.979282760409627e-09, 3.9300448766219235e-09, 3.104176817072875e-09, 2.446681107365735e-09, 1.937459057584613e-09, 1.5337574947290371e-09, 1.2080132092537847e-09, 9.49999146099387e-10, 7.488922529680868e-10, 5.885987643865649e-10, 4.614384778897248e-10, 3.602157314838595e-10, 2.812961587355169e-10, 2.2031561227415482e-10, 1.7104844511978102e-10, 1.3301973599810772e-10, 1.030444644691703e-10]
W_list: [7]
L_list: [4.551760184057281]
