C_list:
1.5601299700167035e-06 0.13061432307887003
ndim2: 500
W_list: [3.0]
L_list: [7.65612818278866]
