C_final_list: [2.0214505662771234e-06, 1.7730913042608857e-06, 1.550952465575977e-06, 1.3612276360360951e-06, 1.1907986737502387e-06, 1.0442754309324506e-06, 9.180112323800445e-07, 8.05016154864766e-07, 7.064720050844183e-07, 6.189876986662246e-07, 5.429687747182926e-07, 4.746791846162923e-07, 4.147913473516673e-07, 3.6232793194030313e-07, 3.1600542725832077e-07, 2.7553691634386465e-07, 2.3997674983312813e-07, 2.0895215816127321e-07, 1.822311538751296e-07, 1.5903693958785718e-07, 1.384097127399619e-07, 1.2057417284246066e-07, 1.048538391011343e-07, 9.126797097096848e-08, 7.942641970304074e-08, 6.91011726414261e-08, 5.998358580410346e-08, 5.207863681913413e-08, 4.5310833980741145e-08, 3.95133741553106e-08, 3.420906009376365e-08, 2.9795852353949744e-08, 2.5871041439673422e-08, 2.2490375655619775e-08, 1.9497635083451403e-08, 1.6849476510884243e-08, 1.4528462607778623e-08, 1.253864930798417e-08, 1.0810304687213257e-08, 9.318651374735355e-09, 8.070374811306928e-09, 6.994542990498081e-09, 6.045187745423696e-09, 5.224925409500767e-09, 4.507719074786088e-09, 3.896375320218228e-09, 3.3572578409999893e-09, 2.915165690091536e-09, 2.5258693560524238e-09, 2.183941206430237e-09]
ndim2: 500
W_list: [3.05]
L_list: [7.539185713803448]
