C_final_list: [9.114059952135869e-07, 8.284145767526482e-07, 7.49689553986773e-07, 6.779174867861586e-07, 6.125197283782965e-07, 5.524855922253473e-07, 4.981618441824184e-07, 4.495934427837468e-07, 4.054366729697286e-07, 3.6595039876052937e-07, 3.2969496321271526e-07, 2.972981296793801e-07, 2.678417533639699e-07, 2.4163427152029556e-07, 2.1787758553743144e-07, 1.9649663892366833e-07, 1.7684986437837378e-07, 1.5925670783363816e-07, 1.4327978054098596e-07, 1.2887512002310024e-07, 1.1588898575530375e-07, 1.0405364807403515e-07, 9.357761132712844e-08, 8.402763730269172e-08, 7.553176673803394e-08, 6.777798800591645e-08, 6.073533667923708e-08, 5.4357522035853326e-08, 4.858753330761471e-08, 4.335863019583367e-08, 3.8725883342346734e-08, 3.4555243344522593e-08, 3.0826596489106184e-08, 2.7464543495844618e-08, 2.4516170969774914e-08]
ndim2: 500
W_list: [3.2]
L_list: [9.709318601764394]
