R_list= [ 1  2  3  4  5  6  7  8  9 10 11 12 13 14 15 16 17 18 19 20 21 22 23 24
 25 26 27 28 29 30 31 32 33 34 35 36 37 38]
C_final_list= [8.543330672250177e-07, 7.618655558483263e-07, 6.821677906553282e-07, 6.095660705051913e-07, 5.445952546172404e-07, 4.859293857402521e-07, 4.3341964841866363e-07, 3.872579806349675e-07, 3.462435573719005e-07, 3.0966325672224095e-07, 2.771059787857466e-07, 2.4726919062872216e-07, 2.2086549465951796e-07, 1.9704995814503993e-07, 1.7579422281372079e-07, 1.5685388327424408e-07, 1.3996685705477617e-07, 1.249360896191482e-07, 1.1141054542107094e-07, 9.929367696877852e-08, 8.855568326568477e-08, 7.88859644939668e-08, 7.008541667466519e-08, 6.22561153817535e-08, 5.5275104839553676e-08, 4.91023928771758e-08, 4.357917693759106e-08, 3.8628348092677295e-08, 3.425962408471843e-08, 3.035757893769219e-08, 2.6879120749257748e-08, 2.381172302805619e-08, 2.1105379226909417e-08, 1.8679124041710746e-08, 1.6549733205110494e-08, 1.468484150653883e-08, 1.3013785015737526e-08, 1.1527849268781215e-08]
W_list: [6]
L_list: [8.831064368024466]
