R_list= [ 1  2  3  4  5  6  7  8  9 10 11 12 13 14 15 16 17 18 19 20 21 22 23 24
 25 26 27 28 29 30 31 32 33 34 35 36 37 38]
C_final_list= [8.893028283678167e-07, 5.375930215470954e-07, 3.2600140108807754e-07, 1.957009748709666e-07, 1.1783391408840683e-07, 7.038371098840661e-08, 4.188157015750797e-08, 2.4889425367728338e-08, 1.4861800699411718e-08, 8.687720930601962e-09, 5.099643582475308e-09, 2.9770866761937696e-09, 1.700008706865062e-09, 1.0007702071144075e-09, 5.910523048555117e-10, 3.405340826805316e-10, 1.9791159359459748e-10, 1.1634834209314254e-10, 6.867853896501462e-11, 4.056306785010118e-11, 2.485683277057957e-11, 1.5129605036722695e-11, 9.059941295724018e-12, 5.261484898061899e-12, 3.0126604041931155e-12, 1.7009012395378528e-12, 9.284149800956441e-13, 5.018176057441371e-13, 2.7993446528616054e-13, 1.5379071437631985e-13, 8.615054528750871e-14, 4.395546989058338e-14, 2.3045255474893472e-14, 1.2601379407558097e-14, 8.019478903614573e-15, 5.345116586231673e-15, 3.981307523405525e-15, 2.727661445529766e-15]
W_list: [8.4]
L_list: [1.9813387896911892]
