R_list= [ 1  2  3  4  5  6  7  8  9 10 11 12 13 14 15 16 17 18 19 20 21 22 23 24
 25 26 27 28 29 30 31 32 33 34 35 36 37 38]
C_final_list= [6.235341517375006e-06, 5.315451914672079e-06, 4.4881357275817185e-06, 3.7719847128601074e-06, 3.1661898064355015e-06, 2.6560829549967817e-06, 2.2266278651562866e-06, 1.8650417644473088e-06, 1.5628296801873046e-06, 1.307683676163359e-06, 1.0933510701932865e-06, 9.134103466749983e-07, 7.63112301788951e-07, 6.373864975901426e-07, 5.323054037757365e-07, 4.441682221606223e-07, 3.705113226523179e-07, 3.088083675175911e-07, 2.575173187871093e-07, 2.146160801675041e-07, 1.787142046117208e-07, 1.4882439841316377e-07, 1.2415542512036494e-07, 1.0372943103746198e-07, 8.671731920978376e-08, 7.24223764608917e-08, 6.046948315863468e-08, 5.039810996032329e-08, 4.195007017290048e-08, 3.490106544586001e-08, 2.9028965352477515e-08, 2.4096776422618114e-08, 2.0046312686449407e-08, 1.66593249288227e-08, 1.3835887120794675e-08, 1.1486864943597782e-08, 9.543517878074416e-09, 7.912551323484126e-09]
W_list: [8.25]
L_list: [5.739663687476687]
