C_final_list: [1.6730227078967246e-06, 1.648616711242888e-06, 1.6245123591228015e-06, 1.6014421180137303e-06, 1.5789090309231092e-06, 1.5565646454989558e-06, 1.5348976084118286e-06, 1.5134320516164338e-06, 1.4920652339375933e-06, 1.4711960601470357e-06, 1.4506726673747475e-06, 1.430422712458735e-06, 1.4104002519588623e-06, 1.3904692512998382e-06, 1.3708358894344277e-06, 1.3514460244952157e-06, 1.3324857417780372e-06, 1.3136873902071057e-06, 1.295104242928507e-06, 1.2768246872050966e-06, 1.258769718080163e-06, 1.2409344319530318e-06, 1.2235615987505655e-06, 1.2064199517818346e-06, 1.1894459482476352e-06, 1.1726526833614307e-06, 1.1558982214255604e-06, 1.1394489669154902e-06, 1.1230010174386109e-06, 1.1068463787358015e-06, 1.0910360909624014e-06, 1.0754046281896085e-06, 1.0599062025813903e-06, 1.0448245382807243e-06, 1.029957965434859e-06, 1.0151786487127347e-06, 1.0006221186710817e-06, 9.862896637505886e-07, 9.721969813854681e-07, 9.580544827335069e-07, 9.441195939797966e-07, 9.304358840985825e-07, 9.169305676105593e-07, 9.036127805575147e-07, 8.903942920121558e-07, 8.774942248581343e-07, 8.648234054371252e-07, 8.523927261518508e-07, 8.40037050378591e-07, 8.278041713850226e-07]
ndim2: 500
W_list: [2.9499999999999997]
L_list: [69.9503865814107]
