C_final_list: [2.064124105963323e-06, 1.9575055396738284e-06, 1.8541691611486818e-06, 1.7564559934645465e-06, 1.6638432776362761e-06, 1.5743850965365327e-06, 1.4901489817917018e-06, 1.408988021966379e-06, 1.333594128877235e-06, 1.262366701071831e-06, 1.194593202818917e-06, 1.1310835040507436e-06, 1.070836050924345e-06, 1.0129184790110196e-06, 9.581465302563486e-07, 9.06105252675751e-07, 8.57117482772078e-07, 8.103468166152252e-07, 7.654969430373548e-07, 7.240132699590666e-07, 6.843529639496369e-07, 6.468326453873863e-07, 6.111201663528215e-07, 5.781499593148051e-07, 5.468599582478959e-07, 5.168072357507057e-07, 4.884496411933948e-07, 4.611523376053312e-07, 4.353615562747719e-07, 4.107763921851933e-07, 3.8751132489487447e-07, 3.6566757805852767e-07, 3.451852290577136e-07, 3.2566706094003336e-07, 3.073215441164708e-07, 2.8974288569944384e-07, 2.733964162210402e-07, 2.580724965074814e-07, 2.437383718418297e-07, 2.299680796585416e-07, 2.1677538377850723e-07, 2.0432608804913098e-07, 1.925225920970968e-07, 1.8137149899651382e-07, 1.7091733693310406e-07, 1.6108233531353293e-07, 1.5169675134647023e-07, 1.4295565944203236e-07, 1.3471209793345535e-07, 1.2697059640815944e-07]
ndim2: 500
W_list: [2.8]
L_list: [17.92283837364305]
