C_final_list: [1.5882208040983483e-06, 1.2646255218667028e-06, 1.0053442705849546e-06, 8.00737635912061e-07, 6.346270638983512e-07, 5.034176973654833e-07, 3.9937971143420177e-07, 3.1835609824995607e-07, 2.5265773789246317e-07, 2.0007158196962215e-07, 1.5872817485917219e-07, 1.2573748698976612e-07, 9.996926048587188e-08, 7.910074602019017e-08, 6.249291939556472e-08, 4.936414340999495e-08, 3.917272568469306e-08, 3.098929888798235e-08, 2.453153178475584e-08, 1.9358146257249032e-08, 1.520926004156107e-08, 1.1911635923571323e-08, 9.394922205996026e-09, 7.392065705084937e-09, 5.7435544253711665e-09, 4.4931315223198135e-09, 3.5206490411648532e-09, 2.73038202859551e-09, 2.1273656558459217e-09, 1.6582082126407796e-09, 1.3095541066517294e-09, 1.024394097163546e-09, 7.870894049377285e-10, 6.078700049928556e-10, 4.722148232689332e-10]
ndim2: 500
W_list: [4.0]
L_list: [4.348108184679608]
