R_list= [ 1  2  3  4  5  6  7  8  9 10 11 12 13 14 15 16 17 18 19 20 21 22 23 24
 25 26 27 28 29 30 31 32 33 34 35 36 37 38]
C_final_list= [2.667953445988654e-06, 2.3747780175320437e-06, 2.0968439416785056e-06, 1.8456099489220725e-06, 1.6204471377738698e-06, 1.4210417545338303e-06, 1.2455575984878333e-06, 1.0910947043715619e-06, 9.553152563382906e-07, 8.36353954500416e-07, 7.315904141279467e-07, 6.39545612943066e-07, 5.587364137771001e-07, 4.87597655888983e-07, 4.2565448936871554e-07, 3.711995924838471e-07, 3.2383297438253966e-07, 2.827274040532307e-07, 2.4689991855013613e-07, 2.1561955478984503e-07, 1.8832314525074103e-07, 1.6441662987969069e-07, 1.4348140546250704e-07, 1.2524572152522536e-07, 1.0924227354829997e-07, 9.526285640382127e-08, 8.304797148410423e-08, 7.241939532552703e-08, 6.31192194238689e-08, 5.5085636452578674e-08, 4.804923264734679e-08, 4.187824954893293e-08, 3.653222026393737e-08, 3.18610363554394e-08, 2.7754989413327682e-08, 2.4169654603064386e-08, 2.1052162331854632e-08, 1.8352131624267077e-08]
W_list: [8.0]
L_list: [7.635415444465858]
