R_list= [ 1  2  3  4  5  6  7  8  9 10 11 12 13 14 15 16 17 18 19 20 21 22 23 24
 25 26 27 28 29 30 31 32]
C_final_list= [7.510226627501728e-08, 2.8957393648124027e-08, 8.641162871222716e-09, 2.2535803239232554e-09, 5.47436170261014e-10, 1.2764191066734914e-10, 2.8910390987461926e-11, 6.375956934264212e-12, 1.3708437748595833e-12, 2.9056358818286706e-13, 6.160816138500297e-14, 1.3088955433183132e-14, 2.7908967436317194e-15, 5.98150050675807e-16, 1.2681774055699316e-16, 2.710676072791193e-17, 5.8027117065046695e-18, 1.2453678074129383e-18, 2.8355140855930254e-19, 7.895766304562491e-20, 2.837897750771384e-20, 8.935206839563196e-21, 2.202029382379796e-21, 5.573066367805603e-22, 1.834779990064985e-22, 7.256507718024754e-23, 3.4177037328943574e-23, 2.0622688323979172e-23, 1.670863006385289e-23, 1.513840232717185e-23, 1.3777410439522754e-23, 1.2512994725719671e-23]
W_list: [6]
L_list: [0.9850456041060262]
