R_list= [ 1  2  3  4  5  6  7  8  9 10 11 12 13 14 15 16 17 18 19 20 21 22 23 24
 25 26 27 28 29 30 31 32 33 34 35 36 37 38]
C_final_list= [9.576458449539347e-07, 8.24183022170229e-07, 7.142917677944338e-07, 6.176488907246725e-07, 5.314164111378613e-07, 4.5732798710464995e-07, 3.9333404715211256e-07, 3.377139658653698e-07, 2.9023736416559987e-07, 2.4944551825473795e-07, 2.144171322090721e-07, 1.8392817952621307e-07, 1.5752741347218285e-07, 1.3475681836345342e-07, 1.1527503632883066e-07, 9.870556325871938e-08, 8.441477058234904e-08, 7.225056738523178e-08, 6.205091693096785e-08, 5.320580505458314e-08, 4.5509833431843805e-08, 3.893090294169857e-08, 3.325370713119703e-08, 2.8407530343571967e-08, 2.4287373571871013e-08, 2.0717390841954367e-08, 1.7705994690333332e-08, 1.5138909470729744e-08, 1.2939476874104796e-08, 1.1081507750823123e-08, 9.427404278506265e-09, 8.010218993912917e-09, 6.793311759792139e-09, 5.768155587620653e-09, 4.907604017649746e-09, 4.170875305412144e-09, 3.5310372728284993e-09, 2.9908863682140587e-09]
W_list: [6]
L_list: [6.655656168815335]
