R_list= [ 1  2  3  4  5  6  7  8  9 10 11 12 13 14 15 16 17 18 19 20 21 22 23 24
 25 26 27 28 29 30 31 32 33 34 35 36 37 38]
C_final_list= [1.1572105982907754e-06, 1.0114081578051813e-06, 8.724858662927453e-07, 7.572895903470667e-07, 6.614850176460654e-07, 5.792252620040615e-07, 5.071539325421526e-07, 4.440059022712558e-07, 3.8867657486021333e-07, 3.402624550429044e-07, 2.9773121506474055e-07, 2.603435738794544e-07, 2.275238972385554e-07, 1.9869132986127625e-07, 1.733156015323946e-07, 1.5105719186742495e-07, 1.316245116059985e-07, 1.1461916382785452e-07, 9.97228925891021e-08, 8.672408271690777e-08, 7.536158163347486e-08, 6.545675745867474e-08, 5.6794099961499386e-08, 4.9258457441296384e-08, 4.27183408919832e-08, 3.703465161714025e-08, 3.213980779945684e-08, 2.7919220915768365e-08, 2.425479979210271e-08, 2.106147472834378e-08, 1.828787995045821e-08, 1.5889255259254285e-08, 1.3824548517746678e-08, 1.2049971882620106e-08, 1.0515282724607905e-08, 9.17300000302288e-09, 7.994578148783912e-09, 6.955635135572608e-09]
W_list: [4]
L_list: [7.336881974212691]
