R_list= [ 1  2  3  4  5  6  7  8  9 10 11 12 13 14 15 16 17 18 19 20 21 22 23 24
 25 26 27 28 29 30 31 32 33 34 35 36 37 38]
C_final_list= [7.891177598766099e-07, 6.650880786501682e-07, 5.570028188573739e-07, 4.673545199777006e-07, 3.9147475250521553e-07, 3.2794339629940587e-07, 2.744185896319468e-07, 2.281581025922654e-07, 1.8948697398953625e-07, 1.5744417902630122e-07, 1.3067922366872387e-07, 1.0846576861733996e-07, 8.988516012653484e-08, 7.464154747116229e-08, 6.202313273109692e-08, 5.1659927297180756e-08, 4.2858013764243404e-08, 3.547179736792243e-08, 2.9337099533157227e-08, 2.4252961222871742e-08, 2.0026807953205423e-08, 1.6514834248158527e-08, 1.363310124958062e-08, 1.1220987211812757e-08, 9.211876895249208e-09, 7.56942260112866e-09, 6.225499299921432e-09, 5.117944199561146e-09, 4.202759530350936e-09, 3.4525187026137443e-09, 2.837688585365208e-09, 2.3411299620082642e-09, 1.9252015763752895e-09, 1.5809810671122228e-09, 1.2940888498885116e-09, 1.062651754864794e-09, 8.715722690019817e-10, 7.15248955841365e-10]
W_list: [7.2]
L_list: [5.5772968037130655]
