R_list= [ 1  2  3  4  5  6  7  8  9 10 11 12 13 14 15 16 17 18 19 20 21 22 23 24
 25 26 27 28 29 30 31 32 33 34 35 36 37 38]
C_final_list= [3.734394486991588e-07, 3.222543802114032e-07, 2.755217329362101e-07, 2.3450331218460465e-07, 1.9858612827043667e-07, 1.6751783673954e-07, 1.4136031875573432e-07, 1.1903386408633024e-07, 1.002234605106864e-07, 8.438976892543098e-08, 7.099667531812539e-08, 5.97677543242734e-08, 5.027914207144375e-08, 4.222558150438707e-08, 3.549088079947832e-08, 2.981463358515455e-08, 2.5057155564696382e-08, 2.104293902057444e-08, 1.7623341657707823e-08, 1.4754216961125144e-08, 1.2328140288839897e-08, 1.0305559170066365e-08, 8.618902705316417e-09, 7.210161800601519e-09, 6.021138503760343e-09, 5.023011286011627e-09, 4.180325685795768e-09, 3.4746955571810397e-09, 2.8911789022843465e-09, 2.4039320428034466e-09, 2.0010077445618177e-09, 1.6678408444524137e-09, 1.387766981831326e-09, 1.1564879331583095e-09, 9.623324391167351e-10, 8.00900575908699e-10, 6.647120030391548e-10, 5.51442992148785e-10]
W_list: [8.4]
L_list: [6.019217058189775]
