R_list= [ 1  2  3  4  5  6  7  8  9 10 11 12 13 14 15 16 17 18 19 20 21 22 23 24
 25 26 27 28 29 30 31 32 33 34 35 36 37 38]
C_final_list= [3.642319460655925e-07, 2.708406880136897e-07, 2.0375175321997267e-07, 1.5299484475993958e-07, 1.1435100188632424e-07, 8.518765456419992e-08, 6.354137367822791e-08, 4.720832629175596e-08, 3.482822687308638e-08, 2.5682635792980088e-08, 1.8893362349199876e-08, 1.3915312182846854e-08, 1.0253968581441477e-08, 7.53108178958958e-09, 5.499236095444962e-09, 4.024777149551561e-09, 2.9416927821560392e-09, 2.1546922814424503e-09, 1.5827096175473476e-09, 1.1533455102700869e-09, 8.37035335933425e-10, 6.082665738138129e-10, 4.427947199855679e-10, 3.190803805818748e-10, 2.3124952969210404e-10, 1.6835828856109167e-10, 1.2346083515741015e-10, 9.03483857458993e-11, 6.5864212082925e-11, 4.796574164494721e-11, 3.5096505859762235e-11, 2.5371707261179724e-11, 1.8283659032714935e-11, 1.3264979999196635e-11, 9.681395225245176e-12, 7.146043971420134e-12, 5.287680372548122e-12, 3.858546465135479e-12]
W_list: [7]
L_list: [3.4303462404330967]
