R_list= [ 1  2  3  4  5  6  7  8  9 10 11 12 13 14 15 16 17 18 19 20 21 22 23 24
 25 26 27 28 29 30 31 32 33 34 35 36 37 38]
C_final_list= [9.37834737056302e-07, 8.281246421538657e-07, 7.28841155668067e-07, 6.41868798596554e-07, 5.653267096375903e-07, 4.980347012510006e-07, 4.3884777362467945e-07, 3.866268453045592e-07, 3.3981246254472504e-07, 2.9869438347526976e-07, 2.626724396307208e-07, 2.307703373296292e-07, 2.0275534868693912e-07, 1.7817972351438757e-07, 1.5628282288706212e-07, 1.3739702179592533e-07, 1.2047361684783708e-07, 1.0576013759117133e-07, 9.272292032744813e-08, 8.136158516110544e-08, 7.134280236228866e-08, 6.24708729294043e-08, 5.4564249253587716e-08, 4.769789708301033e-08, 4.163360941990664e-08, 3.6287209805736236e-08, 3.155873953399088e-08, 2.747842404110361e-08, 2.391218437809872e-08, 2.083324999370445e-08, 1.8107807634867778e-08, 1.575054563896303e-08, 1.3710901412630382e-08, 1.1927900932913028e-08, 1.0379335455136572e-08, 9.043086297962743e-09, 7.901766062988646e-09, 6.917129063489844e-09]
W_list: [6]
L_list: [7.807445622565195]
