C_final_list: [1.8338650828941463e-06, 1.781373640471563e-06, 1.7296636939015135e-06, 1.6798617199246658e-06, 1.6309858443463844e-06, 1.5831367080595696e-06, 1.5367175479119818e-06, 1.4914173782742133e-06, 1.4475710571760226e-06, 1.4050688157022182e-06, 1.3640681042573158e-06, 1.3239988855279065e-06, 1.285496672293572e-06, 1.2478834004072535e-06, 1.211159814135128e-06, 1.1757624202995478e-06, 1.1410214069602411e-06, 1.1068252072918617e-06, 1.0736651002706882e-06, 1.0415144896845515e-06, 1.0103661360616569e-06, 9.801105353040706e-07, 9.502840579091133e-07, 9.217642533907123e-07, 8.938821381881165e-07, 8.669713697334261e-07, 8.411213422166846e-07, 8.160595654609838e-07, 7.917605972777754e-07, 7.680375780515359e-07, 7.452483735039189e-07, 7.227077288254151e-07, 7.007662452996767e-07, 6.793147049769552e-07, 6.588898159636869e-07, 6.391904258437687e-07, 6.201642036137613e-07, 6.017620909080221e-07, 5.83894944077986e-07, 5.6634214503281e-07, 5.493781184097197e-07, 5.327751531369517e-07, 5.1657805020623e-07, 5.009322808480055e-07, 4.856478182559025e-07, 4.708450166322007e-07, 4.564312234309907e-07, 4.4252659909983705e-07, 4.2896151324301236e-07, 4.1590875198903113e-07]
ndim2: 500
W_list: [2.9499999999999997]
L_list: [33.15356819196222]
