R_list= [ 1  2  3  4  5  6  7  8  9 10 11 12 13 14 15 16 17 18 19 20 21 22 23 24
 25 26 27 28 29 30 31 32 33 34 35 36 37 38]
C_final_list= [1.554493755394687e-07, 7.612512847639375e-08, 3.0155054682464046e-08, 1.061952859609425e-08, 3.4903646401632275e-09, 1.0998823043920505e-09, 3.377287998731971e-10, 1.0246877007590632e-10, 3.071539431767289e-11, 9.0214144342014e-12, 2.598300829372606e-12, 7.395958232573914e-13, 2.1003509323147186e-13, 5.915871590868556e-14, 1.6648771093941385e-14, 4.701460725936111e-15, 1.3330813931645168e-15, 3.7987514949618753e-16, 1.0824654068350617e-16, 3.1016726471048977e-17, 9.049476711652755e-18, 2.708245884614249e-18, 8.240170252821799e-19, 2.487380899614277e-19, 7.312616119890449e-20, 2.1313556349502103e-20, 6.263618128864588e-21, 1.9085827582163853e-21, 6.20360584370942e-22, 2.2267461169245713e-22, 9.29841954961672e-23, 4.7409726180087203e-23, 2.9727690994127594e-23, 2.2166715202664943e-23, 1.830979334042756e-23, 1.5917820514097174e-23, 1.4452342039794626e-23, 1.363176405235061e-23]
W_list: [5]
L_list: [1.2536736569308178]
