R_list= [ 1  2  3  4  5  6  7  8  9 10 11 12 13 14 15 16 17 18 19 20 21 22 23 24
 25 26 27 28 29 30 31 32 33 34 35 36 37 38]
C_final_list= [2.8715970759432087e-05, 2.1378366809823588e-05, 1.5769745188904447e-05, 1.1593479208274047e-05, 8.507727360854044e-06, 6.237691284700226e-06, 4.5793247463586966e-06, 3.357700044076995e-06, 2.4620961277777183e-06, 1.8024591603718112e-06, 1.3195949382558676e-06, 9.669003968883063e-07, 7.090767818507566e-07, 5.208129100847559e-07, 3.81768034333739e-07, 2.7970393354876996e-07, 2.0515407223661099e-07, 1.5065497534427703e-07, 1.1048082528668732e-07, 8.115728363859547e-08, 5.949961561485283e-08, 4.372942628700781e-08, 3.210084010895184e-08, 2.3543677039997516e-08, 1.724017823497424e-08, 1.2683091854482727e-08, 9.319080253827539e-09, 6.8570979161739514e-09, 5.0098305671287636e-09, 3.6633172839977283e-09, 2.6772909994300435e-09, 1.964882112797817e-09, 1.426668580961054e-09, 1.0319170143660398e-09, 7.445277008787431e-10, 5.41898528592338e-10, 3.979452523689838e-10, 2.924234503090807e-10]
W_list: [8.4]
L_list: [3.2774813571139694]
