C_final_list: [2.257284308040066e-06, 2.22138593341562e-06, 2.1851580738745654e-06, 2.150192354522509e-06, 2.116524992138181e-06, 2.0830760254797834e-06, 2.050584872807708e-06, 2.0186162457432316e-06, 1.9872909578652837e-06, 1.9559688037264955e-06, 1.9247949843865386e-06, 1.894322915257903e-06, 1.8641429690452656e-06, 1.8345436585909632e-06, 1.805029021831359e-06, 1.7760961715919236e-06, 1.747699498136915e-06, 1.7199003953823124e-06, 1.6928347755916266e-06, 1.6659954841484312e-06, 1.6391993760857114e-06, 1.6126625257840359e-06, 1.5866164690459216e-06, 1.5608726853421599e-06, 1.5355126755260222e-06, 1.5103828074686269e-06, 1.4856833895117013e-06, 1.46132441041977e-06, 1.4376360799823212e-06, 1.4143455846244288e-06, 1.3913239469590615e-06, 1.3687076364423652e-06, 1.3460505066250402e-06, 1.3240650499704333e-06, 1.3025761979487065e-06, 1.2814381330694413e-06, 1.2607408370323097e-06, 1.2400807253792838e-06, 1.2196140263523242e-06, 1.1994751828231787e-06, 1.1797867383127797e-06, 1.1606277716735492e-06, 1.1416362819754065e-06, 1.122950996515421e-06, 1.1043688603902728e-06, 1.0859965474343148e-06, 1.0680619067044907e-06, 1.0504813501264381e-06, 1.0330656601178196e-06, 1.0160648063141187e-06]
ndim2: 500
W_list: [2.0]
L_list: [61.58904199312842]
