R_list= [ 1  2  3  4  5  6  7  8  9 10 11 12 13 14 15 16 17 18 19 20 21 22 23 24
 25 26 27 28 29 30]
C_final_list= [5.935739726060498e-07, 5.359272966416488e-07, 4.860142047738678e-07, 4.3949808890039347e-07, 3.970384233950849e-07, 3.585443952566841e-07, 3.2346318194257674e-07, 2.912803706297978e-07, 2.619448938524206e-07, 2.3534467833652557e-07, 2.1152676891511382e-07, 1.901709090362645e-07, 1.709024945271495e-07, 1.5350504492244762e-07, 1.3787878236575798e-07, 1.2380794427879772e-07, 1.1109601906601026e-07, 9.960392358437121e-08, 8.937197371463214e-08, 8.015544484712436e-08, 7.18392300444668e-08, 6.444307732896149e-08, 5.783479981207403e-08, 5.190410591452948e-08, 4.6597282623709674e-08, 4.1807856556261604e-08, 3.74729486400941e-08, 3.357137803188142e-08, 3.011964086297009e-08, 2.7008205321143382e-08]
W_list: [6]
L_list: [9.5625032081853]
