R_list= [ 1  2  3  4  5  6  7  8  9 10 11 12 13 14 15 16 17 18 19 20 21 22 23 24
 25 26 27 28 29 30 31 32 33 34 35 36 37 38]
C_final_list= [2.3631280045314184e-07, 1.9430866071451282e-07, 1.5703597201610793e-07, 1.2585470814559672e-07, 1.004115066754562e-07, 8.009237351828787e-08, 6.38216633213734e-08, 5.082216812148955e-08, 4.051504869015621e-08, 3.225638417043791e-08, 2.5617590399767615e-08, 2.03201002704596e-08, 1.6120704846739074e-08, 1.2805825768070042e-08, 1.0188599133285888e-08, 8.090100295158752e-09, 6.403280661421039e-09, 5.067103738494736e-09, 4.013041522592744e-09, 3.1773835838541706e-09, 2.504836982581137e-09, 1.9686956738075405e-09, 1.548788321554937e-09, 1.2191269632532056e-09, 9.585651924389402e-10, 7.541350425219405e-10, 5.931947358387292e-10, 4.6548845100035856e-10, 3.6539882890945486e-10, 2.8666246081875016e-10, 2.2320011144702837e-10, 1.739125099958381e-10, 1.353715501241757e-10, 1.0586187184183246e-10, 8.312459016158425e-11, 6.490544098390147e-11, 5.080497186244892e-11, 3.995708108741252e-11]
W_list: [9.0]
L_list: [4.5464048577079375]
