R_list= [ 1  2  3  4  5  6  7  8  9 10 11 12 13 14 15 16 17 18 19 20 21 22 23 24
 25 26 27 28 29 30 31 32 33 34 35 36 37 38]
C_final_list= [1.9526359625410046e-06, 1.8388537988106518e-06, 1.7633604631584178e-06, 1.6937558478513755e-06, 1.6228418881726688e-06, 1.5553182724383234e-06, 1.4916421916727755e-06, 1.4310772667098927e-06, 1.3731559681496542e-06, 1.317470317460501e-06, 1.263674181188752e-06, 1.2110153307512185e-06, 1.160671444959597e-06, 1.1130930157839683e-06, 1.06746190918308e-06, 1.0231515983164955e-06, 9.808365230421719e-07, 9.403056480654676e-07, 9.013117568134105e-07, 8.640285356913177e-07, 8.28258944671867e-07, 7.93627454275424e-07, 7.605000374164724e-07, 7.285335175013498e-07, 6.9774925536734e-07, 6.683049073269228e-07, 6.398763558868663e-07, 6.125837850849427e-07, 5.863591707936016e-07, 5.609329828949306e-07, 5.36715117995196e-07, 5.1358880642948e-07, 4.913887229417808e-07, 4.699870540208843e-07, 4.4942653966567977e-07, 4.297995918800401e-07, 4.1088973619605106e-07, 3.926770485973807e-07]
W_list: [4]
L_list: [23.505519873273077]
