R_list= [ 1  2  3  4  5  6  7  8  9 10 11 12 13 14 15 16 17 18 19 20 21 22 23 24
 25 26 27 28 29 30 31 32 33 34 35 36 37 38]
C_final_list= [5.882884147881999e-07, 4.5596804163315037e-07, 3.5759160166807553e-07, 2.8165829006061287e-07, 2.2133862521187816e-07, 1.7359725917336975e-07, 1.3631483365533342e-07, 1.0669121617977647e-07, 8.309182325243982e-08, 6.448268243975126e-08, 5.01353238470361e-08, 3.888227678390543e-08, 3.001687848874751e-08, 2.317854891461628e-08, 1.7939996946516205e-08, 1.388419617195935e-08, 1.077392585216401e-08, 8.375928553101669e-09, 6.506343107556729e-09, 5.053297020787087e-09, 3.913003547314271e-09, 3.04055337742324e-09, 2.3754389196097043e-09, 1.8452700261309517e-09, 1.4279695006743034e-09, 1.1079828304703073e-09, 8.62429799602914e-10, 6.716283929069438e-10, 5.23591641331189e-10, 4.081961994878242e-10, 3.1890062360280917e-10, 2.494645054745542e-10, 1.9346442811509928e-10, 1.4866565258556143e-10, 1.1372160491640807e-10, 8.730429614795616e-11, 6.711305249573901e-11, 5.175627341995992e-11]
W_list: [6]
L_list: [4.082390157044203]
