C_final_list: [1.810447434074049e-06, 1.76012107777004e-06, 1.710974863561425e-06, 1.6630376449026618e-06, 1.616961536012166e-06, 1.5726600975940553e-06, 1.5300859586315e-06, 1.488280668199804e-06, 1.447972704098358e-06, 1.4091074404588937e-06, 1.3707425342404781e-06, 1.3336291209955394e-06, 1.2976770642527746e-06, 1.2626007680721295e-06, 1.2284185207255684e-06, 1.195058810589165e-06, 1.1626516743440647e-06, 1.1307432458603787e-06, 1.0995838404669155e-06, 1.0695076768492452e-06, 1.040461825818495e-06, 1.0121346352636655e-06, 9.840367477578482e-07, 9.565566746131204e-07, 9.296793556182507e-07, 9.034878795223494e-07, 8.777960287167913e-07, 8.530808972905568e-07, 8.289371160801165e-07, 8.053934329032306e-07, 7.824499609243479e-07, 7.602932102119073e-07, 7.385640950368293e-07, 7.174766726327861e-07, 6.970837763966043e-07, 6.772092222410281e-07, 6.579597813020589e-07, 6.391718119283628e-07, 6.208214655739136e-07, 6.028103755168962e-07, 5.854804934812786e-07, 5.686071541718987e-07, 5.520594671740901e-07, 5.35862031220954e-07, 5.202055407528933e-07, 5.050922633750627e-07, 4.904207725449263e-07, 4.7618665917786356e-07, 4.6218536945295534e-07, 4.487494549438716e-07]
ndim2: 500
W_list: [2.9]
L_list: [35.557933835691465]
