C_final_list: [2.0651124301119184e-06, 1.8127828537845454e-06, 1.5885221704193045e-06, 1.3948470336291107e-06, 1.2265403610869052e-06, 1.0771093188336602e-06, 9.444707166614899e-07, 8.289559266538169e-07, 7.262625131351557e-07, 6.362107068592025e-07, 5.572175391675693e-07, 4.87559364575881e-07, 4.2623612380560547e-07, 3.7157635451506856e-07, 3.2411944031645336e-07, 2.8276464950271146e-07, 2.4747584881846694e-07, 2.1572565207996387e-07, 1.8852588395131808e-07, 1.6466715778796237e-07, 1.4371105858730767e-07, 1.2552969326908824e-07, 1.0967029892510171e-07, 9.568728506125215e-08, 8.338834961682403e-08, 7.264431821458688e-08, 6.342002893745322e-08, 5.5414094826295965e-08, 4.819236477523799e-08, 4.185301027818663e-08, 3.618802299234787e-08, 3.1341188679207394e-08, 2.715242540180344e-08, 2.3558562093543164e-08, 2.0385752782858484e-08, 1.7728208474534755e-08, 1.5360237195159196e-08, 1.3313562458306063e-08, 1.155150424871208e-08, 1.0037760721807805e-08, 8.7308365030565e-09, 7.615672883567415e-09, 6.631200803218257e-09, 5.757341449710193e-09, 4.996405757142309e-09, 4.342302614873745e-09, 3.760583332446983e-09, 3.252171390409205e-09, 2.8156163044775778e-09, 2.4240100900972615e-09]
ndim2: 500
W_list: [3.05]
L_list: [7.580315676013307]
