R_list= [ 1  2  3  4  5  6  7  8  9 10 11 12 13 14 15 16 17 18 19 20 21 22 23 24
 25 26 27 28 29 30 31 32 33 34 35 36 37 38]
C_final_list= [1.4712273570047072e-06, 1.3641838911695418e-06, 1.2630944629487187e-06, 1.1709704544988879e-06, 1.0855966069249579e-06, 1.0055461952918534e-06, 9.314768285128283e-07, 8.626648662745507e-07, 7.995849937930943e-07, 7.413810636103654e-07, 6.869897897448863e-07, 6.355000045959331e-07, 5.88595781572575e-07, 5.451469949669605e-07, 5.052130929178573e-07, 4.676169396518292e-07, 4.3274638924915626e-07, 4.0011320756656635e-07, 3.6991330293383585e-07, 3.416848063653923e-07, 3.155844603900728e-07, 2.914822624389814e-07, 2.693414030304572e-07, 2.4876415008893314e-07, 2.2977088262951343e-07, 2.1230426083216983e-07, 1.9577896332560475e-07, 1.804146978738108e-07, 1.6625617839204442e-07, 1.5309783338529728e-07, 1.4083681521899624e-07, 1.296827434310157e-07, 1.1933151804758567e-07, 1.0998827995425505e-07, 1.0139392391917412e-07, 9.351566962090824e-08, 8.621109892318816e-08, 7.950003416898705e-08]
W_list: [5]
L_list: [12.955773190426031]
