R_list= [ 1  2  3  4  5  6  7  8  9 10 11 12 13 14 15 16 17 18 19 20 21 22 23 24
 25 26 27 28 29 30 31 32 33 34 35 36 37 38]
C_final_list= [4.875467282188701e-07, 3.451491098337053e-07, 2.2887543236294827e-07, 1.4851873241565335e-07, 9.568869275821482e-08, 6.135835899501789e-08, 3.919580003267768e-08, 2.4953456156749854e-08, 1.5822715445029308e-08, 1.0015267144353398e-08, 6.375616541572712e-09, 4.090012578154722e-09, 2.619436762133941e-09, 1.6734366858861027e-09, 1.0723567118589511e-09, 6.934667855669726e-10, 4.5189063925292597e-10, 2.9484261517577924e-10, 1.90214573315571e-10, 1.2160041500103388e-10, 7.738384671249126e-11, 4.881928891662649e-11, 3.0645129116659206e-11, 1.9188462893076103e-11, 1.1915571329910223e-11, 7.338530506981461e-12, 4.506991047645095e-12, 2.758089143724436e-12, 1.6663505802697562e-12, 1.0107994858468892e-12, 6.1900602435198e-13, 3.806451901907766e-13, 2.3258326306485977e-13, 1.4211147477470623e-13, 8.728525887708226e-14, 5.309793101049237e-14, 3.1974483617383474e-14, 1.928612505355947e-14]
W_list: [5]
L_list: [2.487581028702555]
