R_list= [ 1  2  3  4  5  6  7  8  9 10 11 12 13 14 15 16 17 18 19 20 21 22 23 24
 25 26 27 28 29 30 31 32 33 34 35 36 37 38]
C_final_list= [9.575674599742638e-07, 8.469076347972677e-07, 7.47106566509975e-07, 6.572363317932056e-07, 5.782222495403573e-07, 5.082380047289703e-07, 4.472609500106773e-07, 3.931646998220243e-07, 3.4546570743179847e-07, 3.0436568318011465e-07, 2.677965242047058e-07, 2.3545737607634366e-07, 2.0688466608145852e-07, 1.817327508704272e-07, 1.5940459086290773e-07, 1.3973423918143014e-07, 1.2248711630509486e-07, 1.0724979295579355e-07, 9.393099189047513e-08, 8.213520894922154e-08, 7.16861370267362e-08, 6.261574455887052e-08, 5.469392276098285e-08, 4.777060006902319e-08, 4.172580292355348e-08, 3.654764941789451e-08, 3.1964698182316654e-08, 2.794009696678922e-08, 2.4416453402619672e-08, 2.135304290434452e-08, 1.862224203122786e-08, 1.6201624513570453e-08, 1.4102817396735904e-08, 1.2282953686195462e-08, 1.070640031560951e-08, 9.347485897384492e-09, 8.158631262834178e-09, 7.114153370461295e-09]
W_list: [6]
L_list: [7.782419153909691]
