C_final_list: [1.8887997657867616e-06, 1.6491094496988751e-06, 1.4680537225072637e-06, 1.2874982277874389e-06, 1.1266530031630107e-06, 9.861046527800251e-07, 8.643862298357134e-07, 7.586043901342583e-07, 6.642122306205383e-07, 5.81396532256616e-07, 5.067975391151525e-07, 4.447017510286191e-07, 3.8784986747059744e-07, 3.400767399072498e-07, 2.968782569401993e-07, 2.58800940865008e-07, 2.2524955312391507e-07, 1.9635301557826422e-07, 1.7064781217266945e-07, 1.4868640742270598e-07, 1.2960808550391263e-07, 1.1276087054365782e-07, 9.78750631550397e-08, 8.47256516672825e-08, 7.343337205151896e-08, 6.369724632240257e-08, 5.504517613377021e-08, 4.810037336955768e-08, 4.209576033262672e-08, 3.669783161885983e-08, 3.208546095424391e-08, 2.7935872344384063e-08, 2.4427819115804565e-08, 2.1404064753040062e-08, 1.87273159809794e-08]
ndim2: 500
W_list: [1.6]
L_list: [7.565221386377626]
