R_list= [ 1  2  3  4  5  6  7  8  9 10 11 12 13 14 15 16 17 18 19 20 21 22 23 24
 25 26 27 28 29 30 31 32 33 34 35 36 37 38]
C_final_list= [2.8213999931687296e-05, 2.0912301898329123e-05, 1.5350954824354796e-05, 1.1240469784848237e-05, 8.241926760995355e-06, 6.034271886193444e-06, 4.417143455363529e-06, 3.2280654502630705e-06, 2.3603852050395466e-06, 1.7247418465529428e-06, 1.2624331266258691e-06, 9.249786636582105e-07, 6.776467820577357e-07, 4.959030364234696e-07, 3.62397553408738e-07, 2.651910485638894e-07, 1.9416473065150774e-07, 1.4180676177668612e-07, 1.0345859668272882e-07, 7.536741760797903e-08, 5.495280161742452e-08, 4.0194555251488487e-08, 2.931065334577167e-08, 2.15117833926927e-08, 1.5794434793047278e-08, 1.1571535593520503e-08, 8.472947520002887e-09, 6.220078581067697e-09, 4.566969954525645e-09, 3.3406515128112068e-09, 2.452006624316449e-09, 1.80265948967738e-09, 1.3229611296838967e-09, 9.64746192675643e-10, 7.027050074538966e-10, 5.115506851134126e-10, 3.7441481454264026e-10, 2.748161214859785e-10]
W_list: [8.45]
L_list: [3.2417156056193983]
