R_list= [ 1  2  3  4  5  6  7  8  9 10 11 12 13 14 15 16 17 18 19 20 21 22 23 24
 25 26 27 28 29 30 31 32 33 34 35 36 37 38]
C_final_list= [7.543544651444969e-07, 6.435896734068488e-07, 5.553731564163829e-07, 4.773758404139297e-07, 4.104623521149259e-07, 3.5445578920997e-07, 3.0605443419042964e-07, 2.6385976477030343e-07, 2.2708476069191967e-07, 1.9483308938236837e-07, 1.6739809318512415e-07, 1.4388863954302357e-07, 1.2334804507740037e-07, 1.0576357162679445e-07, 9.078915630777353e-08, 7.791199733541615e-08, 6.68275592432527e-08, 5.725406280507591e-08, 4.883768341402942e-08, 4.166151444646012e-08, 3.552328949476892e-08, 3.025435748376514e-08, 2.5787370897823908e-08, 2.1999624567857662e-08, 1.8719559197468576e-08, 1.5939040378535792e-08, 1.3577895175622325e-08, 1.1576246202348954e-08, 9.871838956441517e-09, 8.40556388843818e-09, 7.1568129016467296e-09, 6.086548270462351e-09, 5.17955169465331e-09, 4.414359554799073e-09, 3.767729495585114e-09, 3.2071839475796614e-09, 2.7307160808666902e-09, 2.322326898532704e-09]
W_list: [6]
L_list: [6.629972515395193]
