R_list= [ 1  2  3  4  5  6  7  8  9 10 11 12 13 14 15 16 17 18 19 20 21 22 23 24
 25 26 27 28 29 30 31 32 33 34 35 36 37 38]
C_final_list= [5.120118885030172e-07, 4.812428725745199e-07, 4.501333423596735e-07, 4.197388220399331e-07, 3.9077144023570506e-07, 3.634199160893963e-07, 3.377156565728788e-07, 3.136110813316096e-07, 2.913438194905827e-07, 2.7037400917104326e-07, 2.5096510059682004e-07, 2.3303031795861882e-07, 2.1625625384487346e-07, 2.0064508115358868e-07, 1.8623777685441866e-07, 1.7291657579387068e-07, 1.6058019375271457e-07, 1.4915720968310053e-07, 1.3855067466622576e-07, 1.2859440083835016e-07, 1.1935536628641525e-07, 1.1069243385350209e-07, 1.025610164613702e-07, 9.495084002629388e-08, 8.783271630349806e-08, 8.126669623379218e-08, 7.523074782423364e-08, 6.968731439385589e-08, 6.451640865143575e-08, 5.972052632522992e-08, 5.528570799078352e-08, 5.115005987554407e-08, 4.7308604353574716e-08, 4.375913594646394e-08, 4.044335805422426e-08, 3.73594957544726e-08, 3.451985659550992e-08, 3.189918403978248e-08]
W_list: [7.0]
L_list: [13.582752393037936]
