R_list= [ 1  2  3  4  5  6  7  8  9 10 11 12 13 14 15 16 17 18 19 20 21 22 23 24
 25 26 27 28 29 30 31 32 33 34 35 36 37 38]
C_final_list= [8.368581781919515e-07, 7.619674907573944e-07, 6.914576389396206e-07, 6.271130561964645e-07, 5.684887526612921e-07, 5.147915644161181e-07, 4.6633041137477473e-07, 4.22339042090277e-07, 3.830241271570632e-07, 3.4715999635746413e-07, 3.1484484309897016e-07, 2.859090566624784e-07, 2.595797478131614e-07, 2.3571444007396127e-07, 2.1373387117437373e-07, 1.9367171325927216e-07, 1.7514392729626128e-07, 1.5827896397284387e-07, 1.4306749163873047e-07, 1.2919271265302698e-07, 1.1666252111572578e-07, 1.052572931827746e-07, 9.49207946245743e-08, 8.559921860110635e-08, 7.719875298696516e-08, 6.971400931624509e-08, 6.295302487885836e-08, 5.6824649187909606e-08, 5.126052299554224e-08, 4.621866007626159e-08, 4.1723111589400605e-08, 3.765742770802065e-08, 3.39452509889439e-08, 3.06436846136515e-08, 2.764358544834689e-08, 2.4907153982345615e-08, 2.2440008818520608e-08, 2.0212654763129823e-08]
W_list: [6]
L_list: [10.15170891895965]
