R_list= [ 1  2  3  4  5  6  7  8  9 10 11 12 13 14 15 16 17 18 19 20 21 22 23 24
 25 26 27 28 29 30 31 32 33 34 35 36 37 38]
C_final_list= [4.5809407551482827e-07, 4.1996702376484843e-07, 3.819518849913432e-07, 3.4548575356098246e-07, 3.1181311379249e-07, 2.811460824891046e-07, 2.5300215343657304e-07, 2.2743424288013148e-07, 2.0437990747413407e-07, 1.836210706650368e-07, 1.6492766959548144e-07, 1.479015508654667e-07, 1.3263512917576184e-07, 1.187679346047407e-07, 1.0624884725941639e-07, 9.505533241727229e-08, 8.507535045611189e-08, 7.611207032746293e-08, 6.810736236583609e-08, 6.091257305650954e-08, 5.441320271862152e-08, 4.862197988450655e-08, 4.3454756755738806e-08, 3.879738264884423e-08, 3.4669079730654935e-08, 3.095047908621112e-08, 2.7613803549969667e-08, 2.4622305282286384e-08, 2.1935855872647752e-08, 1.954409806617025e-08, 1.7402928561238503e-08, 1.549976888338792e-08, 1.3799142883224302e-08, 1.2281397454964206e-08, 1.0914882921453815e-08, 9.700945962967813e-09, 8.622740150384782e-09, 7.658692029471736e-09]
W_list: [8.2]
L_list: [9.467757678898451]
