R_list= [ 1  2  3  4  5  6  7  8  9 10 11 12 13 14 15 16 17 18 19 20 21 22 23 24
 25 26 27 28 29 30 31 32 33 34 35 36 37 38]
C_final_list= [7.44651658558891e-07, 6.697794255732983e-07, 5.979259405426221e-07, 5.318384011276543e-07, 4.7268335366720797e-07, 4.198918528656411e-07, 3.7294849215994353e-07, 3.3075837789247766e-07, 2.9333322584265193e-07, 2.6008730209999896e-07, 2.3036994547847862e-07, 2.0391969013525102e-07, 1.8047836623996524e-07, 1.597523986659898e-07, 1.4150847608263932e-07, 1.253463820783961e-07, 1.1100362420631157e-07, 9.822941897243844e-08, 8.697096326298829e-08, 7.700748345274054e-08, 6.814116354290444e-08, 6.031630004271547e-08, 5.3322889557291876e-08, 4.7167470600599795e-08, 4.16945993805807e-08, 3.685534818170385e-08, 3.258014491465801e-08, 2.8782240162404022e-08, 2.5400093002729043e-08, 2.2392361839032267e-08, 1.9722947781700148e-08, 1.7345179202285194e-08, 1.5252831835011598e-08, 1.3401720846265742e-08, 1.1798495136351547e-08, 1.0394366703119357e-08, 9.161557498346121e-09, 8.07957500464852e-09]
W_list: [7.8]
L_list: [8.41112704183411]
