C_final_list: [2.1747131746483896e-06, 1.96779429052624e-06, 1.7742923729852393e-06, 1.5976455715764756e-06, 1.4404360254003469e-06, 1.2984441370145794e-06, 1.1683676874385338e-06, 1.0536273847728117e-06, 9.499364467749082e-07, 8.540337269228751e-07, 7.670796457868058e-07, 6.894012146158826e-07, 6.189319088875171e-07, 5.550192961344853e-07, 4.972440190696244e-07, 4.453523450077687e-07, 3.9919967266913665e-07, 3.5743056751111846e-07, 3.202236620482178e-07, 2.8660883492504225e-07, 2.569830001616441e-07, 2.2998483422125232e-07, 2.0642910605959207e-07, 1.8507209903461918e-07, 1.6530037791113367e-07, 1.476518392889893e-07, 1.3192110091972166e-07, 1.1754886517265304e-07, 1.049529624412044e-07, 9.351028050652118e-08, 8.359429130840738e-08, 7.475914612977199e-08, 6.706705353122198e-08, 6.00564328418656e-08, 5.38617987599397e-08, 4.8287440248171325e-08, 4.331079202887288e-08, 3.885842094352159e-08, 3.483662936742601e-08, 3.1190580206089055e-08, 2.7909987471731418e-08, 2.4918279289055944e-08, 2.2232308536707405e-08, 1.9866510553815116e-08, 1.773983921073079e-08, 1.5852361464380762e-08, 1.4169103231921743e-08, 1.262041655189209e-08, 1.1260671862641984e-08, 1.0055483697182211e-08]
ndim2: 500
W_list: [2.6]
L_list: [9.427024895908556]
