C_list:
1.9565653485265175e-06 0.17853705980240975
ndim2: 500
W_list: [2.8]
L_list: [5.601078012076139]
