R_list= [ 1  2  3  4  5  6  7  8  9 10 11 12 13 14 15 16 17 18 19 20 21 22 23 24
 25 26 27 28 29 30 31 32 33 34 35 36 37 38]
C_final_list= [3.3346166013308205e-05, 2.5690433745689654e-05, 1.9642173824292212e-05, 1.4997651869328623e-05, 1.1432775250557133e-05, 8.705325983858687e-06, 6.630913532465215e-06, 5.053011464335283e-06, 3.841336883214451e-06, 2.9226178148156226e-06, 2.2245613954665903e-06, 1.6911840893496285e-06, 1.2854189790986056e-06, 9.765082329505146e-07, 7.418470299048742e-07, 5.631267393480527e-07, 4.2833587320071806e-07, 3.2601741501645615e-07, 2.4796270422012265e-07, 1.8850157713525155e-07, 1.4326523675629474e-07, 1.0887988687032617e-07, 8.282511226196715e-08, 6.288972508169404e-08, 4.7852436338215356e-08, 3.637165154234251e-08, 2.753752305115339e-08, 2.085971976084636e-08, 1.587674924837518e-08, 1.2141521292238268e-08, 9.253369270416708e-09, 7.056283314440498e-09, 5.404910013591703e-09, 4.111213063206334e-09, 3.1489190094104484e-09, 2.4108902472211684e-09, 1.8348398220537104e-09, 1.3964535959240024e-09]
W_list: [7.95]
L_list: [3.7162819197153087]
