C_list:
1.1050862476406144e-06 0.09676222774241171
ndim2: 500
W_list: [3.2]
L_list: [10.334611173505376]
