C_final_list: [1.2516810517657263e-06, 1.219723074905462e-06, 1.1873229474376191e-06, 1.1549960824143452e-06, 1.1235537768713245e-06, 1.0928151442126017e-06, 1.06300754713015e-06, 1.0341169163970678e-06, 1.0054452791496946e-06, 9.775883104202718e-07, 9.50718304940199e-07, 9.243468640338615e-07, 8.985314882429151e-07, 8.734684301333836e-07, 8.490011517697787e-07, 8.248544576591856e-07, 8.013814343673032e-07, 7.784067157216715e-07, 7.560525952945916e-07, 7.342822961854111e-07, 7.131327442456619e-07, 6.925805342804252e-07, 6.724255085416214e-07, 6.529365751880379e-07, 6.339015097990929e-07, 6.153475540438095e-07, 5.974135595045819e-07, 5.797943136850945e-07, 5.627813699178257e-07, 5.463442533443117e-07, 5.301457069771875e-07, 5.144615993106124e-07, 4.99289295492194e-07, 4.844961745594499e-07, 4.7023735458311007e-07]
ndim2: 500
W_list: [3.0]
L_list: [34.914422135351614]
