R_list= [ 1  2  3  4  5  6  7  8  9 10 11 12 13 14 15 16 17 18 19 20 21 22 23 24
 25 26 27 28 29 30 31 32]
C_final_list= [9.1204108022681e-08, 3.94980204671995e-08, 1.3909378301692917e-08, 4.4072205361925715e-09, 1.3297280322833703e-09, 3.936309124079103e-10, 1.1498776541701325e-10, 3.313509785988483e-11, 9.494343284141648e-12, 2.6973071640501606e-12, 7.513607977555403e-13, 2.1695592278711943e-13, 6.865152172982194e-14, 2.3159189071401804e-14, 7.966218351202599e-15, 2.44188908315906e-15, 7.339718225434332e-16, 1.94313257147155e-16, 5.014227060627462e-17, 1.4765020828622032e-17, 3.596418534621094e-18, 9.040027305143236e-19, 2.1382841987576792e-19, 4.618135741969881e-20, 1.1521765901927411e-20, 3.211278468898604e-21, 8.812131141466038e-22, 2.6549575383000067e-22, 9.261384587500978e-23, 2.5534054229211855e-23, 8.067018620761886e-24, 2.3309691999359127e-24]
W_list: [6]
L_list: [1.1090070387771689]
