R_list= [ 1  2  3  4  5  6  7  8  9 10 11 12 13 14 15 16 17 18 19 20 21 22 23 24
 25 26 27 28 29 30 31 32 33 34 35 36 37 38]
C_final_list= [3.2082654571978924e-05, 2.4504128863398113e-05, 1.8631596296793303e-05, 1.412386753192362e-05, 1.0695498858826072e-05, 8.090595741257483e-06, 6.121285666494387e-06, 4.632529768036873e-06, 3.503783952783995e-06, 2.6455874487535657e-06, 1.9998769461607937e-06, 1.5073126333901687e-06, 1.1399421612283673e-06, 8.631292379154834e-07, 6.541847527788984e-07, 4.954326876810069e-07, 3.742806726687698e-07, 2.821817056667259e-07, 2.124731644855063e-07, 1.6033980123224403e-07, 1.2109265922692417e-07, 9.146491770340494e-08, 6.917152790881692e-08, 5.2476178323124676e-08, 3.964711690696712e-08, 2.99051795909276e-08, 2.254132091550029e-08, 1.6991580726063327e-08, 1.2837778599004506e-08, 9.725699794573847e-09, 7.32670105428582e-09, 5.511501686811893e-09, 4.150188471993338e-09, 3.1019250044388996e-09, 2.3246071015736634e-09, 1.737315630358309e-09, 1.3077299982099716e-09, 9.894090662637705e-10]
W_list: [8.05]
L_list: [3.625454378784698]
