R_list= [ 1  2  3  4  5  6  7  8  9 10 11 12 13 14 15 16 17 18 19 20 21 22 23 24
 25 26 27 28 29 30 31 32 33 34 35 36 37 38]
C_final_list= [2.017376898236676e-05, 1.6273060660390175e-05, 1.298205134999627e-05, 1.03231872935991e-05, 8.203430873865014e-06, 6.508576716483149e-06, 5.1601644762256145e-06, 4.091457601213387e-06, 3.2370984866108574e-06, 2.556445364653835e-06, 2.0189528505630325e-06, 1.593839961874963e-06, 1.2569144018747098e-06, 9.914750632151028e-07, 7.81184798347539e-07, 6.159995286797222e-07, 4.861973039750828e-07, 3.8392330873475105e-07, 3.0346546027553336e-07, 2.3976554998884684e-07, 1.896742485846083e-07, 1.5018618832492145e-07, 1.188024435501193e-07, 9.352819947932964e-08, 7.347931842563344e-08, 5.7712869904056075e-08, 4.540078597286466e-08, 3.5627599887240775e-08, 2.7988657792466102e-08, 2.2027755867643696e-08, 1.731606853527664e-08, 1.3611293363593632e-08, 1.070884680173031e-08, 8.443811138521112e-09, 6.661750654517578e-09, 5.258133390523523e-09, 4.1573302683432246e-09, 3.288180375392183e-09]
W_list: [8.4]
L_list: [4.378303022961581]
