R_list= [ 1  2  3  4  5  6  7  8  9 10 11 12 13 14 15 16 17 18 19 20 21 22 23 24
 25 26 27 28 29 30 31 32 33 34 35 36 37 38]
C_final_list= [1.6142678674381354e-07, 6.36119692847372e-08, 1.9787696862328232e-08, 5.488956288597462e-09, 1.435858257766528e-09, 3.650615492314333e-10, 9.225382200131227e-11, 2.3292411504554076e-11, 5.883001251262878e-12, 1.4785812468658834e-12, 3.753665053361184e-13, 9.735440936105563e-14, 2.5903144997097532e-14, 6.838307207763643e-15, 1.8254261496318667e-15, 5.045694402476575e-16, 1.4139153323013247e-16, 3.869672141123936e-17, 1.0383421819771613e-17, 2.503141199091968e-18, 6.204120067844777e-19, 1.6367953869297837e-19, 4.5028829524711884e-20, 1.2776958209387942e-20, 4.168089180172575e-21, 1.6384411452176923e-21, 8.184357597026045e-22, 5.059086511103076e-22, 3.7268913262578287e-22, 3.191286522554456e-22, 3.005742860782654e-22, 2.9819220248464144e-22, 3.007893674397489e-22, 3.0107416182426476e-22, 2.9637277636362634e-22, 2.9366856221052446e-22, 2.869036656393708e-22, 2.8344862512862987e-22]
W_list: [6]
L_list: [1.0083813641770298]
