R_list= [ 1  2  3  4  5  6  7  8  9 10 11 12 13 14 15 16 17 18 19 20 21 22 23 24
 25 26 27 28 29 30 31 32 33 34 35 36 37 38]
C_final_list= [6.050492225280361e-07, 4.6728971430767124e-07, 3.6459765980227874e-07, 2.8632129728051077e-07, 2.2410290730424858e-07, 1.7506301288999914e-07, 1.3673498432074838e-07, 1.069960223285217e-07, 8.36387079305082e-08, 6.512564549969447e-08, 5.052312295909846e-08, 3.900176922891363e-08, 3.010988956489532e-08, 2.3206026941381103e-08, 1.788828893394066e-08, 1.3825635447593326e-08, 1.067348295738865e-08, 8.212437015156184e-09, 6.304749317494551e-09, 4.843759496304172e-09, 3.731129992354373e-09, 2.879461797935239e-09, 2.21415998637644e-09, 1.704693102079678e-09, 1.3188652070465202e-09, 1.0199055762161386e-09, 7.884498011447337e-10, 6.081140588293596e-10, 4.688260631978186e-10, 3.606380870810912e-10, 2.7655379741528435e-10, 2.114197700971458e-10, 1.6117907023322078e-10, 1.2214475498280091e-10, 9.207046619463526e-11, 7.004276518034292e-11, 5.365199743656284e-11, 4.119949148319059e-11]
W_list: [6]
L_list: [4.027814823607828]
