R_list= [ 1  2  3  4  5  6  7  8  9 10 11 12 13 14 15 16 17 18 19 20 21 22 23 24
 25 26 27 28 29 30 31 32 33 34 35 36 37 38]
C_final_list= [5.754833677224152e-06, 4.869002885198307e-06, 4.075150114249793e-06, 3.3940368767634803e-06, 2.819191669001944e-06, 2.3400693934955643e-06, 1.9400710666395947e-06, 1.6071914264747523e-06, 1.3301152001276174e-06, 1.1012014680797534e-06, 9.111964207200415e-07, 7.531939268633694e-07, 6.229309304932088e-07, 5.153800557704402e-07, 4.2635787342898574e-07, 3.528293687982602e-07, 2.919001739676623e-07, 2.415835974888518e-07, 1.9955333088542955e-07, 1.6507237217674087e-07, 1.3651096484120057e-07, 1.1278080534437573e-07, 9.317335466325277e-08, 7.694973379992888e-08, 6.356292055199117e-08, 5.2575762073750706e-08, 4.3418218434831837e-08, 3.5825099712273764e-08, 2.9518584163912546e-08, 2.4311423723790114e-08, 2.0052328225976067e-08, 1.6547065865912084e-08, 1.3653063930823405e-08, 1.1298577074475398e-08, 9.370260933244838e-09, 7.772234713086461e-09, 6.428957655838625e-09, 5.309436581617408e-09]
W_list: [8.4]
L_list: [5.439899922329689]
