C_final_list: [1.1543989923067367e-06, 1.0726303803033566e-06, 9.938504737469182e-07, 9.197535952190316e-07, 8.508988268668827e-07, 7.871423221948425e-07, 7.283996882701892e-07, 6.73785503144396e-07, 6.239066298385771e-07, 5.762512021279442e-07, 5.323094486640347e-07, 4.909250183902182e-07, 4.5290909798126364e-07, 4.176379320010226e-07, 3.8537648217161276e-07, 3.561307233902552e-07, 3.2885703453147986e-07, 3.03612099337899e-07, 2.8059051549399185e-07, 2.59420693027015e-07, 2.3955895620868015e-07, 2.211485681081913e-07, 2.0406581917874208e-07, 1.8842047304349536e-07, 1.7392687380636084e-07, 1.6039959824085364e-07, 1.4779736263898583e-07, 1.3616407299558429e-07, 1.254975536998424e-07, 1.1558497753343612e-07, 1.0656668069212893e-07, 9.812680280700684e-08, 9.041307206512785e-08, 8.324147966756951e-08, 7.665099262115048e-08]
ndim2: 500
W_list: [3.6]
L_list: [12.68311430274199]
