C_final_list: [1.222772253401674e-06, 1.049099580334845e-06, 8.927099365693503e-07, 7.614188547303607e-07, 6.484937142140722e-07, 5.534801103435331e-07, 4.7245430556481933e-07, 4.0270536919686625e-07, 3.431309085134283e-07, 2.9276721109176044e-07, 2.5014396620166883e-07, 2.133503653301318e-07, 1.8189624983983712e-07, 1.549713417550228e-07, 1.322067362010227e-07, 1.1260703687063845e-07, 9.589617659437521e-08, 8.190829163077428e-08, 7.003829914622344e-08, 5.966594372100334e-08, 5.078636061356485e-08, 4.314157493713191e-08, 3.684380538551028e-08, 3.119246036993935e-08, 2.6471822310802137e-08, 2.2439607253544097e-08, 1.9077771606270946e-08, 1.6117324023466577e-08, 1.3644789200186135e-08, 1.1554764282315774e-08, 9.739667971774498e-09, 8.203220888758324e-09, 6.907628112200094e-09, 5.814732320572797e-09, 4.8945153484305575e-09]
ndim2: 500
W_list: [4.0]
L_list: [6.287615783681181]
