R_list= [ 1  2  3  4  5  6  7  8  9 10 11 12 13 14 15 16 17 18 19 20 21 22 23 24
 25 26 27 28 29 30 31 32 33 34 35 36 37 38]
C_final_list= [2.079507713070579e-06, 1.6834630524764262e-06, 1.4078511420542337e-06, 1.2146891307719735e-06, 1.0480408059046022e-06, 9.002838636121937e-07, 7.751654809610004e-07, 6.703556617436786e-07, 5.801321645842121e-07, 5.011598345568027e-07, 4.3229316770351774e-07, 3.7324411370566115e-07, 3.225916291399265e-07, 2.7844486948764087e-07, 2.396483393997809e-07, 2.0616433840954186e-07, 1.7729019282494559e-07, 1.5255005860711565e-07, 1.3132221574324357e-07, 1.1259355058794772e-07, 9.62549531439031e-08, 8.225299872199756e-08, 7.038534344182716e-08, 6.030912202734387e-08, 5.158876853897113e-08, 4.403491152897822e-08, 3.761047712033847e-08, 3.213258255300943e-08, 2.7442332970971508e-08, 2.344427731696847e-08, 2.001983609076634e-08, 1.7086980178243737e-08, 1.4575742317097514e-08, 1.2451850557528936e-08, 1.0639793320937414e-08, 9.097186942101546e-09, 7.78649346766946e-09, 6.655236739477551e-09]
W_list: [4]
L_list: [6.415300847475392]
