R_list= [ 1  2  3  4  5  6  7  8  9 10 11 12 13 14 15 16 17 18 19 20 21 22 23 24
 25 26 27 28 29 30 31 32 33 34 35 36 37 38]
C_final_list= [3.3145174048042817e-07, 2.872763281001459e-07, 2.459441754216038e-07, 2.098392630158628e-07, 1.7852722797692735e-07, 1.5150367756318752e-07, 1.2859847927942274e-07, 1.0880351337771921e-07, 9.199521899282448e-08, 7.780568747344535e-08, 6.586963147503616e-08, 5.5830877051984175e-08, 4.739345832077255e-08, 4.016598394743642e-08, 3.398712207696984e-08, 2.875146571751184e-08, 2.4258239248189645e-08, 2.0449777608698667e-08, 1.722027472636648e-08, 1.4483721226638177e-08, 1.2185243606475348e-08, 1.0249802175653905e-08, 8.628367080486327e-09, 7.2573199541565895e-09, 6.106357679721451e-09, 5.1366212073358785e-09, 4.322381784021639e-09, 3.6323306920974095e-09, 3.0464443543277765e-09, 2.5537695850943926e-09, 2.1416275241434117e-09, 1.7963760442694205e-09, 1.5113772800166907e-09, 1.274691398375009e-09, 1.0779162315841434e-09, 9.113552117944876e-10, 7.693278837587574e-10, 6.506914176090406e-10]
W_list: [7.800000000000001]
L_list: [6.182664293184723]
