R_list= [ 1  2  3  4  5  6  7  8  9 10 11 12 13 14 15 16 17 18 19 20 21 22 23 24
 25 26 27 28 29 30 31 32 33 34 35 36 37 38]
C_final_list= [1.9385731851222455e-06, 1.8482807853154633e-06, 1.7857430128991459e-06, 1.720664746806847e-06, 1.6581254244265441e-06, 1.6007373752856978e-06, 1.5456600664737316e-06, 1.4924889027629525e-06, 1.4407364926741142e-06, 1.3906693051904899e-06, 1.3426697852383047e-06, 1.296145775174986e-06, 1.2509763292004984e-06, 1.2073339421695001e-06, 1.1650463202244567e-06, 1.124605911447963e-06, 1.0855013544280333e-06, 1.0474762487302906e-06, 1.0106904910476545e-06, 9.75519280639701e-07, 9.415612840670471e-07, 9.087649751308102e-07, 8.773445157284094e-07, 8.466921064767851e-07, 8.169764171115788e-07, 7.885671928126816e-07, 7.610879060002645e-07, 7.345014689997733e-07, 7.088156342678779e-07, 6.84037783849101e-07, 6.599751367344481e-07, 6.364110686307898e-07, 6.132213446485933e-07, 5.90701894566881e-07, 5.690376612576208e-07, 5.481768864286011e-07, 5.280357675344257e-07, 5.087731299825743e-07]
W_list: [4]
L_list: [28.03463272520841]
