C_final_list: [2.1375752669479137e-06, 2.100653234786852e-06, 2.0639968203971e-06, 2.028845202601529e-06, 1.9944288919290946e-06, 1.9609585886597786e-06, 1.9279557036120833e-06, 1.8957615407393439e-06, 1.8642882627331331e-06, 1.8329479933650475e-06, 1.802278015976032e-06, 1.7719297400841648e-06, 1.7421279277855055e-06, 1.7126813058063825e-06, 1.6835584903069904e-06, 1.6548395699275626e-06, 1.6262751418504504e-06, 1.5982843855334967e-06, 1.5706821826429423e-06, 1.5435481761080695e-06, 1.5170003017628999e-06, 1.4904556015768503e-06, 1.4646257959446766e-06, 1.439379342949009e-06, 1.4145860967885501e-06, 1.390245229767796e-06, 1.3661079284588086e-06, 1.3424600118746422e-06, 1.3192009791115725e-06, 1.2963909612842189e-06, 1.2737147532302054e-06, 1.2513208143059872e-06, 1.2292510336562805e-06, 1.2077145394237085e-06, 1.1864007690860252e-06, 1.1653982716088033e-06, 1.1448491087759377e-06, 1.12442009278146e-06, 1.1042690291669057e-06, 1.0844591235525393e-06, 1.0651892832683997e-06, 1.0460054116118113e-06, 1.027273130385328e-06, 1.0090172384722533e-06, 9.907786352530854e-07, 9.729409192889108e-07, 9.555528743333523e-07, 9.384613135445453e-07, 9.215987982098476e-07, 9.049458857497213e-07]
ndim2: 500
W_list: [2.2]
L_list: [57.38642882535074]
