R_list= [ 1  2  3  4  5  6  7  8  9 10 11 12 13 14 15 16 17 18 19 20 21 22 23 24
 25 26 27 28 29 30 31 32 33 34 35 36 37 38]
C_final_list= [1.965903558078937e-06, 1.8757213994914283e-06, 1.8132923324359638e-06, 1.7483759634576341e-06, 1.6856892622772777e-06, 1.6282444687685944e-06, 1.572066572678482e-06, 1.5173478035380418e-06, 1.4648156813593613e-06, 1.4131749995251044e-06, 1.362304565484552e-06, 1.3137651525288107e-06, 1.267142975879945e-06, 1.221978947557999e-06, 1.1783125293622076e-06, 1.1363357656960759e-06, 1.095619428069841e-06, 1.0562478981626261e-06, 1.0180566917974876e-06, 9.810480128374804e-07, 9.453727165745942e-07, 9.108932104474514e-07, 8.781286685678923e-07, 8.466641675123369e-07, 8.160585563688021e-07, 7.862292124864601e-07, 7.573062388899815e-07, 7.297148789950722e-07, 7.029159148263779e-07, 6.768688533933416e-07, 6.51836760913939e-07, 6.27757303067358e-07, 6.04507899810172e-07, 5.819707263409202e-07, 5.602883726770936e-07, 5.393057282828787e-07, 5.190931610128694e-07, 4.996429748214034e-07]
W_list: [4]
L_list: [27.376404955500163]
