R_list= [ 1  2  3  4  5  6  7  8  9 10 11 12 13 14 15 16 17 18 19 20 21 22 23 24
 25 26 27 28 29 30 31 32]
C_final_list= [7.627283115432122e-08, 2.969814138661777e-08, 8.977542068136444e-09, 2.3826813753396047e-09, 5.867469584653924e-10, 1.3808248433573735e-10, 3.171005313618881e-11, 7.271758722827359e-12, 1.6971023725819348e-12, 4.0123205896290797e-13, 9.560761508115136e-14, 2.3174438804715548e-14, 5.701623998579355e-15, 1.4011962173931916e-15, 3.3718031078273597e-16, 7.874986401535039e-17, 1.8300432263487007e-17, 4.250648895317542e-18, 9.717765067930945e-19, 2.173483762372722e-19, 4.799959495209298e-20, 1.0814703567453574e-20, 2.5538049772022496e-21, 6.717860501700988e-22, 1.9858071129791456e-22, 6.772189273447024e-23, 2.9623054711306144e-23, 1.7254373810099723e-23, 1.2760522407965936e-23, 1.1183598922920914e-23, 1.1165297712737203e-23, 1.1643620258682035e-23]
W_list: [6]
L_list: [0.9941752965298092]
