R_list= [ 1  2  3  4  5  6  7  8  9 10 11 12 13 14 15 16 17 18 19 20 21 22 23 24
 25 26 27 28 29 30 31 32 33 34 35 36 37 38]
C_final_list= [1.3744156051336085e-06, 9.801606005953697e-07, 7.015710799790646e-07, 5.003547984291402e-07, 3.58179524969466e-07, 2.5743875021392344e-07, 1.8494884430790395e-07, 1.3218248344205288e-07, 9.506580149153e-08, 6.788916906812688e-08, 4.821185398432758e-08, 3.4078845061513303e-08, 2.3973081998527372e-08, 1.7039100013784508e-08, 1.1986484046980702e-08, 8.456421197327598e-09, 5.85301297434375e-09, 4.024342526920263e-09, 2.767447477287576e-09, 1.924137474825649e-09, 1.3466590263310476e-09, 9.368854892012674e-10, 6.512678404111378e-10, 4.582184238588457e-10, 3.271553910595384e-10, 2.301136057661914e-10, 1.6393286303397466e-10, 1.1620123520420676e-10, 8.219758446063066e-11, 5.759389707331236e-11, 4.1445854071370604e-11, 2.9281718892741634e-11, 2.0764219252247468e-11, 1.4995821362191582e-11, 1.0909927112244142e-11, 7.731207699306678e-12, 5.397397246720491e-12, 3.738020310242417e-12]
W_list: [6.4]
L_list: [2.9802697846986184]
