C_final_list: [2.020298678261368e-06, 1.7880234946578098e-06, 1.5753461295396255e-06, 1.3915109063915318e-06, 1.231619388250931e-06, 1.0899639238474298e-06, 9.634192678934085e-07, 8.503582084081433e-07, 7.50596858170633e-07, 6.652248580136389e-07, 5.867050225500186e-07, 5.191265385834354e-07, 4.593886269074359e-07, 4.0516297965594127e-07, 3.577042410761716e-07, 3.16672462737745e-07, 2.798780332675506e-07, 2.477934902523817e-07, 2.1873277650121289e-07, 1.9239864991962764e-07, 1.6960803035778782e-07, 1.4922734709545816e-07, 1.3150347022450687e-07, 1.1546283697884448e-07, 1.0165564642872684e-07, 8.933699891873891e-08, 7.839429265757669e-08, 6.88442644428288e-08, 6.06655957120225e-08, 5.331921825792606e-08, 4.683464542277889e-08, 4.1089051136017e-08, 3.6058913503838266e-08, 3.167101430876635e-08, 2.7761851458133257e-08]
ndim2: 500
W_list: [2.8]
L_list: [8.079242007147611]
