R_list= [ 1  2  3  4  5  6  7  8  9 10 11 12 13 14 15 16 17 18 19 20 21 22 23 24
 25 26 27 28 29 30 31 32 33 34 35 36 37 38]
C_final_list= [2.1509271099248983e-07, 1.3133629887612898e-07, 6.772742727151307e-08, 3.1634604921344807e-08, 1.3937857334349925e-08, 5.917049366803203e-09, 2.4522045265238876e-09, 1.0006704275298218e-09, 4.0496160740025783e-10, 1.6301514375893647e-10, 6.549210647111007e-11, 2.635116503421729e-11, 1.0627309574423987e-11, 4.2884106823398465e-12, 1.7312682982492861e-12, 7.026090954426785e-13, 2.8743953741065977e-13, 1.1898271665947942e-13, 4.987775088526305e-14, 2.1107288203679535e-14, 9.010827277605815e-15, 3.9133666798906565e-15, 1.727372867936467e-15, 7.642551084115619e-16, 3.4423655901610026e-16, 1.5561003634097437e-16, 6.9046562136541e-17, 3.100983995911111e-17, 1.4342312790999783e-17, 6.827001910243029e-18, 3.331740762262791e-18, 1.7026500558996906e-18, 8.550132949587671e-19, 4.000259620984048e-19, 1.8945886426954694e-19, 9.868570287192309e-20, 5.699650377031655e-20, 3.512093050105764e-20]
W_list: [4]
L_list: [1.668062001272041]
