C_final_list: [1.7414964947901045e-06, 1.6802227032056699e-06, 1.6194583969413126e-06, 1.5605758669339547e-06, 1.504226033811153e-06, 1.4490036951069572e-06, 1.3966677042297455e-06, 1.3456224911368717e-06, 1.296191621598454e-06, 1.2487269702336172e-06, 1.203164029717863e-06, 1.1592522170842576e-06, 1.117110730208366e-06, 1.0764374685780436e-06, 1.037016520960042e-06, 9.991298424108941e-07, 9.628886108176923e-07, 9.279672841953414e-07, 8.940593420401041e-07, 8.616698585529162e-07, 8.299981811238366e-07, 7.991692897415762e-07, 7.69422163995809e-07, 7.409304379931552e-07, 7.129404006009966e-07, 6.862764337074349e-07, 6.606584922773876e-07, 6.358212906670059e-07, 6.118556167717811e-07, 5.886609540615248e-07, 5.663050553986907e-07, 5.448051957048628e-07, 5.238964144492644e-07, 5.041145124808037e-07, 4.851784389422216e-07, 4.666941824995644e-07, 4.4892873219091e-07, 4.318700059631324e-07, 4.1532649022270606e-07, 3.9924644597429684e-07, 3.836905777255827e-07, 3.6887689222662627e-07, 3.5468847286678874e-07, 3.4090237135561187e-07, 3.276485711325392e-07, 3.1488443446922583e-07, 3.0248129482096273e-07, 2.905976634959063e-07, 2.791564645906909e-07, 2.6831164369640394e-07]
ndim2: 500
W_list: [3.1999999999999997]
L_list: [26.552016716534055]
