C_final_list: [1.8816656975233652e-06, 1.7567307373253386e-06, 1.6380793729658346e-06, 1.5275655215163733e-06, 1.4248605306941495e-06, 1.3294154679593968e-06, 1.2408125549917363e-06, 1.1576702160227415e-06, 1.0805844385526792e-06, 1.0081963353783619e-06, 9.407805795171466e-07, 8.780740226684108e-07, 8.188846209841293e-07, 7.633363876378209e-07, 7.109097826544973e-07, 6.627647547155358e-07, 6.179012880335593e-07, 5.7615222548883e-07, 5.37568818110904e-07, 5.01560868365966e-07, 4.67691463707444e-07, 4.357216946588543e-07, 4.058334780076913e-07, 3.782931604030411e-07, 3.5219345460966415e-07, 3.2759266116139737e-07, 3.0439395667514205e-07, 2.8264004726113767e-07, 2.6212081657326143e-07, 2.430899826794253e-07, 2.2559481752989222e-07, 2.0941857834559924e-07, 1.943607947994519e-07, 1.8021557219953014e-07, 1.6732926521639461e-07, 1.552550490914237e-07, 1.4398301751245462e-07, 1.335434549157979e-07, 1.237184388651625e-07, 1.1449488612145513e-07, 1.0596594035817603e-07, 9.825161194883666e-08, 9.104943399620303e-08, 8.434394983923061e-08, 7.812434094628699e-08, 7.245358969943632e-08, 6.708356136601668e-08, 6.213001767216054e-08, 5.750751107961906e-08, 5.3187652162379427e-08]
ndim2: 500
W_list: [3.15]
L_list: [14.232917920035714]
