R_list= [ 1  2  3  4  5  6  7  8  9 10 11 12 13 14 15 16 17 18 19 20 21 22 23 24
 25 26 27 28 29 30 31 32 33 34 35 36 37 38]
C_final_list= [1.9555367223524323e-05, 1.5684668215334767e-05, 1.2471984112807775e-05, 9.87173031762029e-06, 7.808650770725245e-06, 6.1703022778395805e-06, 4.872099970246935e-06, 3.842626589856498e-06, 3.0302629922409945e-06, 2.391815282588714e-06, 1.888921019476108e-06, 1.4920217502188426e-06, 1.1772226830780538e-06, 9.290868605227363e-07, 7.333035895847654e-07, 5.790486536546481e-07, 4.5771213089679104e-07, 3.610342538273149e-07, 2.845885251304509e-07, 2.2410484368864554e-07, 1.7641671452161414e-07, 1.391401685468412e-07, 1.0975721990444878e-07, 8.648140762580482e-08, 6.822837230771142e-08, 5.379037564425938e-08, 4.2537281148646334e-08, 3.346850480587623e-08, 2.6294057522193882e-08, 2.0607590281878615e-08, 1.617584860819974e-08, 1.2689508472483078e-08, 9.961464080704986e-09, 7.831325210928045e-09, 6.162422494706947e-09, 4.84673998828279e-09, 3.823508986502044e-09, 3.008021291924202e-09]
W_list: [8.45]
L_list: [4.305602150373037]
