R_list= [ 1  2  3  4  5  6  7  8  9 10 11 12 13 14 15 16 17 18 19 20 21 22 23 24
 25 26 27 28 29 30 31 32 33 34 35 36 37 38]
C_final_list= [1.3943420724419999e-06, 1.319430795016568e-06, 1.2478026189003883e-06, 1.1796450139194733e-06, 1.1148938143861713e-06, 1.054842210213772e-06, 9.971960210900299e-07, 9.424787169897017e-07, 8.907550448108148e-07, 8.419292562269605e-07, 7.949906100559633e-07, 7.515842074852806e-07, 7.106014008961972e-07, 6.715958640742236e-07, 6.34779428993548e-07, 5.995622708331418e-07, 5.662191587777469e-07, 5.343120423341716e-07, 5.041104797629151e-07, 4.7601580314563373e-07, 4.49355388605853e-07, 4.239457102318734e-07, 4.000537442806057e-07, 3.7722787173097657e-07, 3.556753543396241e-07, 3.3542537940090795e-07, 3.1641408344291014e-07, 2.9827735147036377e-07, 2.812387938898356e-07, 2.6538129718607927e-07, 2.5034711540711006e-07, 2.3625947304345977e-07, 2.2286770427927697e-07, 2.1025331862474674e-07, 1.983636928538509e-07, 1.8716354051110476e-07, 1.7653948464570264e-07, 1.6641691283268437e-07]
W_list: [5]
L_list: [17.55618756285816]
