C_final_list: [1.545609186906307e-06, 1.516584716582865e-06, 1.4875936076973361e-06, 1.4593465326739496e-06, 1.4319791394019881e-06, 1.4052845259535154e-06, 1.3791721544551608e-06, 1.3533788962218122e-06, 1.328005778726068e-06, 1.3029848224229302e-06, 1.2783256521891573e-06, 1.2541942425402095e-06, 1.2305802165335928e-06, 1.2072823663595422e-06, 1.1844469880131828e-06, 1.1620698933532365e-06, 1.1400879492568711e-06, 1.1182490763216359e-06, 1.0969524800595405e-06, 1.0757739918069223e-06, 1.055344866326479e-06, 1.0351837839912767e-06, 1.0152717783975727e-06, 9.958292029584467e-07, 9.767159077291405e-07, 9.579135054082658e-07, 9.393075322448555e-07, 9.209646331426508e-07, 9.030665713429355e-07, 8.854819602037587e-07, 8.683012304281841e-07, 8.513715469193666e-07, 8.347800511895042e-07, 8.184455391165659e-07, 8.025714697927193e-07, 7.870176326881605e-07, 7.715608613474861e-07, 7.563495727086446e-07, 7.413518114615535e-07, 7.265942853025403e-07, 7.122512531592771e-07, 6.98101275397461e-07, 6.84295569794973e-07, 6.707320739377206e-07, 6.572317179094345e-07, 6.438895644876097e-07, 6.308081341586801e-07, 6.181331477465104e-07, 6.055329160814568e-07, 5.932392080806685e-07]
ndim2: 500
W_list: [3.1999999999999997]
L_list: [51.56125863809572]
