R_list= [ 1  2  3  4  5  6  7  8  9 10 11 12 13 14 15 16 17 18 19 20 21 22 23 24
 25 26 27 28 29 30 31 32 33 34 35 36 37 38]
C_final_list= [9.412890165242479e-07, 5.738626207549738e-07, 3.456185319820203e-07, 2.0910270672976445e-07, 1.2551449400568143e-07, 7.501738033334557e-08, 4.521872735360536e-08, 2.67965380460523e-08, 1.5998125881524574e-08, 9.404151811727685e-09, 5.482537988560834e-09, 3.1945713887781536e-09, 1.8319150494900606e-09, 1.0525683845465228e-09, 6.203844117778328e-10, 3.626890463450339e-10, 2.1525301820770935e-10, 1.3017807745698604e-10, 7.619423196249479e-11, 4.5299433350905884e-11, 2.7996039342056927e-11, 1.8312138567118488e-11, 1.1001297537115702e-11, 6.1785062908941135e-12, 3.6401027535430385e-12, 2.060846832869701e-12, 1.171749762969924e-12, 6.852744421876642e-13, 4.429796536968707e-13, 3.557491810113775e-13, 2.6909421278017146e-13, 1.3177133309684002e-13, 7.06627936430257e-14, 3.6916175963335243e-14, 1.4074195797120751e-14, 5.319410053293025e-15, 2.6150641470726267e-15, 1.3857060018052598e-15]
W_list: [8.8]
L_list: [1.9915695370740918]
