R_list= [ 1  2  3  4  5  6  7  8  9 10 11 12 13 14 15 16 17 18 19 20 21 22 23 24
 25 26 27 28 29 30 31 32 33 34 35 36 37 38]
C_final_list= [1.4397685249573136e-06, 1.3366387673700678e-06, 1.2371199158863733e-06, 1.1461768124967597e-06, 1.0603686102614336e-06, 9.820254571235442e-07, 9.094473535334164e-07, 8.421340125692048e-07, 7.793397356411255e-07, 7.214376897946215e-07, 6.667515167199254e-07, 6.163595733585858e-07, 5.697837481653423e-07, 5.265471586757764e-07, 4.872037669582433e-07, 4.506329675416706e-07, 4.167868901060526e-07, 3.851011563904604e-07, 3.557560802285917e-07, 3.288748164560611e-07, 3.0380403554060695e-07, 2.809154428939888e-07, 2.5958661462554453e-07, 2.3980051594893803e-07, 2.2152611680840548e-07, 2.0473636171752754e-07, 1.8913795048671703e-07, 1.7486020432879671e-07, 1.6157088526463172e-07, 1.491104523333128e-07, 1.3755177540223738e-07, 1.2695910871289124e-07, 1.1706414674111192e-07, 1.0797146783994125e-07, 9.9550859593917e-08, 9.177336774428771e-08, 8.45520399572754e-08, 7.789440502573086e-08]
W_list: [5]
L_list: [12.837284233650072]
