R_list= [ 1  2  3  4  5  6  7  8  9 10 11 12 13 14 15 16 17 18 19 20 21 22 23 24
 25 26 27 28 29 30 31 32 33 34 35 36 37 38]
C_final_list= [1.9332998108047896e-07, 1.039936261305308e-07, 5.2919121241552476e-08, 2.6444572128610434e-08, 1.314804576938453e-08, 6.447765916199085e-09, 3.1519242155906296e-09, 1.5363643562118276e-09, 7.523900150009436e-10, 3.6669174428936394e-10, 1.7518736832992902e-10, 8.398884194551256e-11, 3.970691834332735e-11, 1.8436143678298965e-11, 8.385723804946692e-12, 3.852866268942252e-12, 1.7874769295156519e-12, 8.174797210622762e-13, 3.752136195939489e-13, 1.7018125793005785e-13, 7.559794548236281e-14, 3.389925598711481e-14, 1.465842677570842e-14, 6.219532069323146e-15, 2.7092361506817254e-15, 1.2198352717937687e-15, 5.572026809578992e-16, 2.514441768197377e-16, 1.1530964962338058e-16, 5.775246740647106e-17, 2.98938887153217e-17, 1.4694439909172472e-17, 6.278406548267537e-18, 2.6507852659107837e-18, 1.1978605059734062e-18, 6.152381482828759e-19, 3.3199882193169705e-19, 1.9411409113298312e-19]
W_list: [7]
L_list: [1.5392986173218006]
