C_final_list: [2.3091641090793843e-06, 2.1306420598438356e-06, 1.95867310048933e-06, 1.8015112464700946e-06, 1.6601881693600442e-06, 1.528242214889901e-06, 1.4090274970769545e-06, 1.2965966478559774e-06, 1.1940642403412893e-06, 1.0988629572127865e-06, 1.0109670857806358e-06, 9.28632348103207e-07, 8.526609888446494e-07, 7.820595223747977e-07, 7.170785502811122e-07, 6.582529281414063e-07, 6.040921302321211e-07, 5.538048456746238e-07, 5.076140468110499e-07, 4.65493823359391e-07, 4.2689827335737726e-07, 3.9099937786581777e-07, 3.588588516656712e-07, 3.2899188269739413e-07, 3.0123464886772467e-07, 2.7564632205904657e-07, 2.52014614868784e-07, 2.3085001352686577e-07, 2.11146439451453e-07, 1.933379126099882e-07, 1.7694990600229287e-07, 1.6186699978234565e-07, 1.478811708886943e-07, 1.3498422085939938e-07, 1.232401245661712e-07, 1.126798494134937e-07, 1.030067842010929e-07, 9.414405084474294e-08, 8.59654695108919e-08, 7.841562436421605e-08, 7.166798167599634e-08, 6.535182116104275e-08, 5.9572029065381333e-08, 5.442253467055301e-08, 4.97732743370623e-08, 4.546590958045494e-08, 4.155848814057625e-08, 3.798971933936504e-08, 3.4737646140886556e-08, 3.1728288815975264e-08]
ndim2: 500
W_list: [2.0]
L_list: [11.830826582884296]
