R_list= [ 1  2  3  4  5  6  7  8  9 10 11 12 13 14 15 16 17 18 19 20 21 22 23 24
 25 26 27 28 29 30 31 32 33 34 35 36 37 38]
C_final_list= [5.946030443712364e-07, 4.938776761289278e-07, 4.08208018018639e-07, 3.3656704737109994e-07, 2.768623002375014e-07, 2.2766666158037785e-07, 1.8671096924548397e-07, 1.530893422970472e-07, 1.2560977700050294e-07, 1.0299520688420289e-07, 8.46880662292842e-08, 6.956514976372986e-08, 5.696055551496757e-08, 4.669525866210056e-08, 3.842098630821039e-08, 3.159262646878917e-08, 2.595870673036493e-08, 2.1238373158781052e-08, 1.734475048085521e-08, 1.4182902160004298e-08, 1.1587809874707548e-08, 9.450656631847613e-09, 7.728760480856735e-09, 6.321875488506475e-09, 5.149418679530455e-09, 4.187787011685889e-09, 3.4006431975415023e-09, 2.756053222871739e-09, 2.2221709426093198e-09, 1.799661559504743e-09, 1.4505381091188447e-09, 1.162278830217109e-09, 9.359005326430643e-10, 7.568006574724029e-10, 6.127142080981408e-10, 4.943304423723338e-10, 3.9990670135632164e-10, 3.2635283188867394e-10]
W_list: [7]
L_list: [5.145603610268987]
