R_list= [ 1  2  3  4  5  6  7  8  9 10 11 12 13 14 15 16 17 18 19 20 21 22 23 24
 25 26 27 28 29 30 31 32 33 34 35 36 37 38]
C_final_list= [6.0533877962172755e-06, 5.145612274572638e-06, 4.332029913449241e-06, 3.6261258034396914e-06, 3.0288033925953165e-06, 2.5268845211949e-06, 2.1065756167511894e-06, 1.7552395154407164e-06, 1.4625854074025985e-06, 1.2183649350538366e-06, 1.0133414161418056e-06, 8.432835682369088e-07, 7.017974531807507e-07, 5.846927282608282e-07, 4.869902840219059e-07, 4.0459758020830564e-07, 3.3600141992147036e-07, 2.7891960387498377e-07, 2.3157437927809032e-07, 1.922118212140169e-07, 1.5946630804178447e-07, 1.3238965585323252e-07, 1.0994996145999046e-07, 9.121762131154228e-08, 7.567471696980096e-08, 6.275577884417387e-08, 5.209659717405368e-08, 4.319200663969647e-08, 3.583598026806515e-08, 2.9732501109170025e-08, 2.4667443263660228e-08, 2.0500559961490936e-08, 1.7070921080196883e-08, 1.4217854091110145e-08, 1.1870022344946775e-08, 9.916229035668957e-09, 8.269754210261564e-09, 6.8890821524236295e-09]
W_list: [8.3]
L_list: [5.602499046911064]
