C_final_list: [2.283536812874992e-06, 2.1995862179748476e-06, 2.1141989358971346e-06, 2.0335767160555642e-06, 1.954955344785614e-06, 1.8797024866258831e-06, 1.807821432363569e-06, 1.7401423142247922e-06, 1.673964194645827e-06, 1.6099726487452132e-06, 1.5482977651693802e-06, 1.488113069050112e-06, 1.4307794549597789e-06, 1.3754314666401983e-06, 1.3218065080346634e-06, 1.2703450029083782e-06, 1.2203412432638368e-06, 1.1726173149693213e-06, 1.1269071972193798e-06, 1.082485507126053e-06, 1.040864965600853e-06, 1.0005228061013625e-06, 9.614633217029449e-07, 9.243780588984205e-07, 8.887985070517057e-07, 8.5483739725533e-07, 8.220456502822716e-07, 7.90072527657767e-07, 7.594464820292302e-07, 7.302319217823886e-07, 7.015871498818575e-07, 6.74090286487288e-07, 6.471586962217757e-07, 6.216061072355299e-07, 5.969779325694206e-07, 5.731891146417017e-07, 5.500688832972332e-07, 5.279459831220648e-07, 5.065364696429051e-07, 4.861183153418864e-07, 4.6640535893641483e-07, 4.474906201945664e-07, 4.2901197900782926e-07, 4.112047022719576e-07, 3.9413758821269007e-07, 3.778022800183581e-07, 3.620547681271653e-07, 3.467574268170096e-07, 3.320010824446575e-07, 3.179376165418605e-07]
ndim2: 500
W_list: [2.2]
L_list: [25.2408662700992]
