R_list= [ 1  2  3  4  5  6  7  8  9 10 11 12 13 14 15 16 17 18 19 20 21 22 23 24
 25 26 27 28 29 30 31 32 33 34 35 36 37 38]
C_final_list= [2.8232756939608398e-05, 2.0983458835715816e-05, 1.549047854160316e-05, 1.1405596403598528e-05, 8.397735463670855e-06, 6.1663494187057615e-06, 4.523262756739148e-06, 3.317773699324621e-06, 2.43249078996771e-06, 1.7788253289510283e-06, 1.2985512207689427e-06, 9.494872032483956e-07, 6.957847062509415e-07, 5.10903147644013e-07, 3.7409343359628017e-07, 2.739811473854539e-07, 2.0037733647659232e-07, 1.4662812718668584e-07, 1.0700507513138621e-07, 7.804358597801227e-08, 5.690372283791342e-08, 4.152495720277928e-08, 3.040479372062808e-08, 2.231309718067409e-08, 1.642076258315932e-08, 1.2110107716313067e-08, 8.913391606643495e-09, 6.5510199776159376e-09, 4.79752434631005e-09, 3.5085491066502442e-09, 2.554436442541695e-09, 1.8367036175278815e-09, 1.3170102697595419e-09, 9.38251920509591e-10, 6.647967000891828e-10, 4.717671454614397e-10, 3.3417844006889376e-10, 2.39149984408536e-10]
W_list: [8.4]
L_list: [3.283794300315485]
