C_final_list: [1.9213739707697918e-06, 1.8184394717207822e-06, 1.718074364840071e-06, 1.625425203069882e-06, 1.5376418182410596e-06, 1.4524454098629999e-06, 1.3719734465036036e-06, 1.29614533607633e-06, 1.2232539545085264e-06, 1.1553460828912206e-06, 1.0914050452420816e-06, 1.031159241463732e-06, 9.744483850442793e-07, 9.207975169883104e-07, 8.698533410700947e-07, 8.221015252845213e-07, 7.770961968612577e-07, 7.350170732210282e-07, 6.953290510144768e-07, 6.580691219291507e-07, 6.221710325314567e-07, 5.880931949717245e-07, 5.559661435415875e-07, 5.255019083860751e-07, 4.967541922182271e-07, 4.694265167687116e-07, 4.4365231062696806e-07, 4.1908954342714375e-07, 3.964805235447367e-07, 3.750236409746909e-07, 3.546459396675531e-07, 3.3521971333284316e-07, 3.16608606624797e-07, 2.989274682546653e-07, 2.820861211760515e-07, 2.661103894293049e-07, 2.508287198669148e-07, 2.365015815321407e-07, 2.2293966901067272e-07, 2.100650011847751e-07, 1.9774474777273784e-07, 1.8635181624995913e-07, 1.7551597770995508e-07, 1.653314486174109e-07, 1.5592252111198672e-07, 1.4707514850000105e-07, 1.387486845314196e-07, 1.3078645722809042e-07, 1.2324203292323213e-07, 1.1617159885304934e-07]
ndim2: 500
W_list: [2.8499999999999996]
L_list: [17.667015148987836]
