R_list= [ 1  2  3  4  5  6  7  8  9 10 11 12 13 14 15 16 17 18 19 20 21 22 23 24
 25 26 27 28 29 30 31 32 33 34 35 36 37 38]
C_final_list= [9.348458366564252e-07, 8.265288069744192e-07, 7.272961352875995e-07, 6.398626194890358e-07, 5.614096622588034e-07, 4.924868542751547e-07, 4.3253366953326335e-07, 3.796551683458315e-07, 3.325742271218199e-07, 2.914546964258379e-07, 2.554125227825729e-07, 2.2410981428368833e-07, 1.9651335036511525e-07, 1.7247786058302663e-07, 1.5140736045270484e-07, 1.3262161365452635e-07, 1.1583719697362065e-07, 1.0136480010774334e-07, 8.864658621144227e-08, 7.75905417039826e-08, 6.79104505475181e-08, 5.948272296992842e-08, 5.2097369640557994e-08, 4.569342825356219e-08, 4.0047341960574465e-08, 3.507064414470248e-08, 3.0674499093215384e-08, 2.6849982998280553e-08, 2.349806055992918e-08, 2.0536375714127648e-08, 1.7908360504759767e-08, 1.5627475193328247e-08, 1.3644376512381481e-08, 1.1897683246628747e-08, 1.0400195921270797e-08, 9.089196390750181e-09, 7.933484232195171e-09, 6.935787068375355e-09]
W_list: [6]
L_list: [7.673680616879766]
