C_final_list: [1.939616952571921e-06, 1.6708288833217141e-06, 1.4321194018104104e-06, 1.2243625776587263e-06, 1.0522436837293765e-06, 9.000126612912291e-07, 7.699708746631153e-07, 6.592933943621336e-07, 5.646054026983191e-07, 4.832419285744232e-07, 4.131867635528825e-07, 3.538466160901252e-07, 3.0237209570089113e-07, 2.5782470002177273e-07, 2.2040893964443224e-07, 1.878167022558703e-07, 1.6035757930273963e-07, 1.36269580492111e-07, 1.1603678143162335e-07, 9.874160885724036e-08, 8.401405627730687e-08, 7.139784148004633e-08, 6.058189481362718e-08, 5.1550483151122695e-08, 4.3883739935684134e-08, 3.730348253866706e-08, 3.1686693861201905e-08, 2.685020218156459e-08, 2.2890053706521893e-08, 1.948492365976125e-08, 1.662358064000018e-08, 1.4135205286228055e-08, 1.2077800637315772e-08, 1.0279258407777296e-08, 8.729492352056464e-09, 7.396628637023953e-09, 6.215251584757448e-09, 5.2559372911890896e-09, 4.4308364578146475e-09, 3.74702255625097e-09, 3.1800597713137922e-09, 2.6831606306482157e-09, 2.2642072963512996e-09, 1.9224817847472034e-09, 1.6286957120184374e-09, 1.3715819811564207e-09, 1.157851060651737e-09, 9.714662575922045e-10, 8.107667977142634e-10, 6.79625757296083e-10]
ndim2: 500
W_list: [3.3499999999999996]
L_list: [6.4436355212769465]
