R_list= [ 1  2  3  4  5  6  7  8  9 10 11 12 13 14 15 16 17 18 19 20 21 22 23 24
 25 26 27 28 29 30 31 32 33 34 35 36 37 38]
C_final_list= [3.6033625458347e-05, 2.3555103443810345e-05, 1.5325327177879092e-05, 9.971666334997648e-06, 6.4446097586681024e-06, 4.167217007320218e-06, 2.6944627137102307e-06, 1.7390508667381198e-06, 1.1216797887056633e-06, 7.267440791843794e-07, 4.700159275571325e-07, 3.055050808599691e-07, 1.986080570025196e-07, 1.2872672134327104e-07, 8.325266501080586e-08, 5.365918257786692e-08, 3.468332160654492e-08, 2.2397581857565265e-08, 1.4524863290114616e-08, 9.453784389875722e-09, 6.14283043792088e-09, 3.9586030811060576e-09, 2.5557380449661427e-09, 1.6666498126944985e-09, 1.0696783734864293e-09, 6.840552672503542e-10, 4.425240037440549e-10, 2.8882248837075665e-10, 1.9068904684404131e-10, 1.2679604240722486e-10, 8.356092248431563e-11, 5.37149790922852e-11, 3.481978227812863e-11, 2.2931924607124682e-11, 1.4554508927468228e-11, 9.310459899001954e-12, 6.067915676248328e-12, 4.116314886790456e-12]
W_list: [8.2]
L_list: [2.3277505309596567]
