C_final_list: [2.048320195232662e-06, 1.940933331217787e-06, 1.8371912580164293e-06, 1.7400424413850084e-06, 1.6477853978801178e-06, 1.5601348467613436e-06, 1.4752735752953628e-06, 1.3963144711576224e-06, 1.321815934139412e-06, 1.2514216680026472e-06, 1.1845140633472618e-06, 1.1210130511879991e-06, 1.0598472153982335e-06, 1.001142677666471e-06, 9.453432318836643e-07, 8.921088338353705e-07, 8.405669077863618e-07, 7.918386323627472e-07, 7.464728218248073e-07, 7.036861107886658e-07, 6.630961034987253e-07, 6.250364437953146e-07, 5.88684759544302e-07, 5.547410861315961e-07, 5.225918070716186e-07, 4.921798538420706e-07, 4.633408851508229e-07, 4.365228941949645e-07, 4.110569421189062e-07, 3.871113718803653e-07, 3.641991016900563e-07, 3.4284758976487257e-07, 3.226488235421184e-07, 3.036723649845569e-07, 2.8572561084451764e-07, 2.686155619838683e-07, 2.526214145507659e-07, 2.3766135047922279e-07, 2.2347847098594155e-07, 2.1019821205246807e-07, 1.9773571757026323e-07, 1.8597337940257403e-07, 1.7496361673882863e-07, 1.6469425783589543e-07, 1.5486503168337105e-07, 1.456445710289684e-07, 1.369682971689399e-07, 1.2889154618926523e-07, 1.2122795881079117e-07, 1.140506082005319e-07]
ndim2: 500
W_list: [2.8499999999999996]
L_list: [17.439173322289157]
