R_list= [ 1  2  3  4  5  6  7  8  9 10 11 12 13 14 15 16 17 18 19 20 21 22 23 24
 25 26 27 28 29 30 31 32 33 34 35 36 37 38]
C_final_list= [9.038083920839491e-07, 7.854653595451022e-07, 6.828103964329717e-07, 5.942357897570447e-07, 5.154527853704582e-07, 4.462226260335965e-07, 3.863020746489581e-07, 3.3447042092556465e-07, 2.9017043213375904e-07, 2.5090466698053205e-07, 2.167255136891817e-07, 1.8707610117271547e-07, 1.6182627224221616e-07, 1.3990717588850504e-07, 1.2088054105896452e-07, 1.0438476141278987e-07, 9.020244360192006e-08, 7.778923937966892e-08, 6.693221786288467e-08, 5.762567323714625e-08, 4.9592014366039726e-08, 4.264436689457108e-08, 3.6621496048835e-08, 3.1446908067342806e-08, 2.697726814764032e-08, 2.315735699458632e-08, 1.9875730266678945e-08, 1.7030348062640538e-08, 1.4624414729355979e-08, 1.2562212676305425e-08, 1.0788350691701722e-08, 9.287128302759038e-09, 7.97358370127073e-09, 6.858559968149284e-09, 5.8914932471488256e-09, 5.053891337556644e-09, 4.343704882436842e-09, 3.722958659029554e-09]
W_list: [6.2]
L_list: [6.97323631806912]
