C_list:
5.69592535548654e-07 0.09468028201567198
ndim2: 500
W_list: [3.6]
L_list: [10.561861231406922]
