R_list= [ 1  2  3  4  5  6  7  8  9 10 11 12 13 14 15 16 17 18 19 20 21 22 23 24
 25 26 27 28 29 30 31 32 33 34 35 36 37 38]
C_final_list= [2.0205548833643253e-05, 1.6263086438003392e-05, 1.2961956227115244e-05, 1.0285867212994292e-05, 8.162641615507881e-06, 6.468837132731442e-06, 5.122700695223053e-06, 4.060326976330155e-06, 3.2163569807265167e-06, 2.5485306378174566e-06, 2.0209077979956434e-06, 1.6032013595773922e-06, 1.2710034863974701e-06, 1.0073839457855866e-06, 7.958176146331255e-07, 6.272599747274153e-07, 4.940482978213236e-07, 3.8978927401153194e-07, 3.078201961638307e-07, 2.429262585665388e-07, 1.9194104510437994e-07, 1.5157686601390068e-07, 1.1976526404871092e-07, 9.462371344361621e-08, 7.482187713384517e-08, 5.926841085762097e-08, 4.697572518462946e-08, 3.7198996457513736e-08, 2.9405407763325216e-08, 2.3226674312454323e-08, 1.83431677433908e-08, 1.4504926135947828e-08, 1.1459143903102016e-08, 9.035423013125024e-09, 7.116613688654722e-09, 5.621413229200768e-09, 4.453627141374806e-09, 3.524290743504207e-09]
W_list: [8.4]
L_list: [4.363077551656308]
