R_list= [ 1  2  3  4  5  6  7  8  9 10 11 12 13 14 15 16 17 18 19 20 21 22 23 24
 25 26 27 28 29 30 31 32 33 34 35 36 37 38]
C_final_list= [2.259829681938307e-05, 1.85600529134088e-05, 1.510551184499576e-05, 1.2280640994272408e-05, 9.958015649676101e-06, 8.06675644276964e-06, 6.524201471059791e-06, 5.2769994891682925e-06, 4.262718876203221e-06, 3.4429367809827095e-06, 2.775925273152144e-06, 2.2378953825189802e-06, 1.8045035640535529e-06, 1.4562076067236844e-06, 1.1759472216365477e-06, 9.499938176851067e-07, 7.66688855308538e-07, 6.187277789546042e-07, 5.0064492557549e-07, 4.0535567245508364e-07, 3.286002080502146e-07, 2.661224263331078e-07, 2.155603962322642e-07, 1.7487831408874024e-07, 1.4190093155079848e-07, 1.151593749361099e-07, 9.335065958931246e-08, 7.561280941959156e-08, 6.123554557122843e-08, 4.9595925808920934e-08, 4.0172229341480116e-08, 3.2445263058068474e-08, 2.624176208228478e-08, 2.1260597029112124e-08, 1.7249410083643984e-08, 1.3980560949033457e-08, 1.1360324684523642e-08, 9.228890832634218e-09]
W_list: [8.1]
L_list: [4.7961623119909325]
