R_list= [ 1  2  3  4  5  6  7  8  9 10 11 12 13 14 15 16 17 18 19 20 21 22 23 24
 25 26 27 28 29 30 31 32 33 34 35 36 37 38]
C_final_list= [9.994379000809638e-07, 6.51902490707754e-07, 4.2830782663438004e-07, 2.7745999584590807e-07, 1.8047399629458066e-07, 1.1653020668427699e-07, 7.521324541906439e-08, 4.854511613898617e-08, 3.133532277765357e-08, 2.0107529082561942e-08, 1.3024293980323672e-08, 8.414738686677392e-09, 5.413912556238784e-09, 3.449581609213399e-09, 2.1755840283838715e-09, 1.3974613358184579e-09, 8.877856613047806e-10, 5.590667989964834e-10, 3.555759810895139e-10, 2.2221440330603534e-10, 1.4092677040523566e-10, 8.55253169974602e-11, 5.278576648836529e-11, 3.453819623027051e-11, 2.2252786320041197e-11, 1.441678331328093e-11, 9.030469034951734e-12, 5.645107216790724e-12, 3.505884183829919e-12, 2.229658342756405e-12, 1.3685649202686004e-12, 8.768667123930512e-13, 5.457336231431264e-13, 3.485525482174043e-13, 2.1751925988592357e-13, 1.3969585200155353e-13, 9.520013124663444e-14, 5.669346623863501e-14]
W_list: [7.2]
L_list: [2.337078759842174]
