R_list= [ 1  2  3  4  5  6  7  8  9 10 11 12 13 14 15 16 17 18 19 20 21 22 23 24
 25 26 27 28 29 30 31 32 33 34 35 36 37 38]
C_final_list= [1.2249947843478185e-06, 8.294392776991338e-07, 5.678118817761277e-07, 3.870766409502346e-07, 2.6320402562032544e-07, 1.7988515937626844e-07, 1.231404770974151e-07, 8.384603290893577e-08, 5.710994139469192e-08, 3.8915037876582125e-08, 2.631875056684277e-08, 1.764721927221955e-08, 1.1797109734702101e-08, 7.891430950929877e-09, 5.263696020244445e-09, 3.5362487181236534e-09, 2.3756533938142247e-09, 1.5998908844317417e-09, 1.062767382499779e-09, 7.129535654587516e-10, 4.743548958951718e-10, 3.165271757377613e-10, 2.127511887588485e-10, 1.4597656538891894e-10, 1.0037406240535312e-10, 6.988945175686767e-11, 4.8495549068491146e-11, 3.363305993869855e-11, 2.2961722848330745e-11, 1.5737789884328988e-11, 1.0548966426934958e-11, 7.110694719203945e-12, 5.007611011163998e-12, 3.5088976272644287e-12, 2.3562614916475595e-12, 1.5166393606799328e-12, 9.38008959907104e-13, 6.088157875548678e-13]
W_list: [7.2]
L_list: [2.603726013117983]
