C_final_list: [2.2486675098261455e-06, 2.1660910151267047e-06, 2.082767721039017e-06, 2.0022806152968172e-06, 1.9255652609527613e-06, 1.8524831453325293e-06, 1.7829818813762422e-06, 1.7160642051634213e-06, 1.6511481917683963e-06, 1.5892002737023148e-06, 1.5292288959112016e-06, 1.4724592872790371e-06, 1.4176377709536437e-06, 1.3658482580156255e-06, 1.3153125621432735e-06, 1.2671249486153315e-06, 1.2198426061400024e-06, 1.1739915860355047e-06, 1.1295770128526397e-06, 1.0862455159398143e-06, 1.0449110240157441e-06, 1.006009793531546e-06, 9.67676276876469e-07, 9.314831983960042e-07, 8.96339827601841e-07, 8.627025717178287e-07, 8.294509323869099e-07, 7.980276695518231e-07, 7.675702946392211e-07, 7.381881971320797e-07, 7.095699253411312e-07, 6.820171708488567e-07, 6.556589241540507e-07, 6.307129546886544e-07, 6.063472369973414e-07, 5.831484696291173e-07, 5.606032013436806e-07, 5.386915380851203e-07, 5.177021011542974e-07, 4.9743355576004e-07, 4.781252677889651e-07, 4.5957866417885224e-07, 4.4164458840975954e-07, 4.2452047864541283e-07, 4.080357033918941e-07, 3.9202718866290573e-07, 3.7669743675153654e-07, 3.619337992648194e-07, 3.474347449958852e-07, 3.337103849575863e-07]
ndim2: 500
W_list: [2.2]
L_list: [25.947024382472527]
