R_list= [ 1  2  3  4  5  6  7  8  9 10 11 12 13 14 15 16 17 18 19 20 21 22 23 24
 25 26 27 28 29 30 31 32 33 34 35 36 37 38]
C_final_list= [1.9203611302679845e-05, 1.534542193860437e-05, 1.2143604939826414e-05, 9.568548745634358e-06, 7.526996296724976e-06, 5.919076023520614e-06, 4.657426275159635e-06, 3.6612531290630202e-06, 2.8745992432868984e-06, 2.2556736198098295e-06, 1.769855675832639e-06, 1.3876263248375733e-06, 1.0897539567052684e-06, 8.552283013215478e-07, 6.713872818602626e-07, 5.267532900297582e-07, 4.136112154753901e-07, 3.2488682112432665e-07, 2.5496420057521085e-07, 2.0011487510808393e-07, 1.5740653159161275e-07, 1.234438959011624e-07, 9.69806193201481e-08, 7.608524377915057e-08, 5.97915747819363e-08, 4.6942346173890486e-08, 3.6846453410722286e-08, 2.894102559652096e-08, 2.2745194085293328e-08, 1.7861618218134392e-08, 1.4094189204193623e-08, 1.1103111408132634e-08, 8.789021740271535e-09, 6.924559573119889e-09, 5.447321105920752e-09, 4.276340244911934e-09, 3.34463201871438e-09, 2.614498273613123e-09]
W_list: [8.5]
L_list: [4.223684398208926]
