R_list= [ 1  2  3  4  5  6  7  8  9 10 11 12 13 14 15 16 17 18 19 20 21 22 23 24
 25 26 27 28 29 30 31 32 33 34 35 36 37 38]
C_final_list= [1.8940707733985994e-07, 1.6716255392324502e-07, 1.4598838862199061e-07, 1.2662389749030577e-07, 1.0925187303221833e-07, 9.414635861306577e-08, 8.100967138267656e-08, 6.968861926663516e-08, 5.991980533039987e-08, 5.1420840318553e-08, 4.419221477446258e-08, 3.7968944717055314e-08, 3.2625882404907655e-08, 2.79612706190343e-08, 2.3926561922515043e-08, 2.0441411202241616e-08, 1.742588714898604e-08, 1.4823524740135884e-08, 1.2603794065470233e-08, 1.071292679113935e-08, 9.100104144916712e-09, 7.72622391233269e-09, 6.551348540048764e-09, 5.558659716935916e-09, 4.7047486513877674e-09, 3.9811140599565184e-09, 3.3655427457588217e-09, 2.841828512515557e-09, 2.398291108800648e-09, 2.0276837415680357e-09, 1.7156394125907307e-09, 1.448496248160855e-09, 1.2237271870451797e-09, 1.0347068584627633e-09, 8.756323676955129e-10, 7.403009588976361e-10, 6.264601656350639e-10, 5.29690086284371e-10]
W_list: [8.4]
L_list: [6.79369582831399]
