R_list= [ 1  2  3  4  5  6  7  8  9 10 11 12 13 14 15 16 17 18 19 20 21 22 23 24
 25 26 27 28 29 30 31 32 33 34 35 36 37 38]
C_final_list= [2.4404441381453555e-07, 1.3930399941318679e-07, 6.792793060092467e-08, 3.055355187281106e-08, 1.3140045118152532e-08, 5.5119647478442246e-09, 2.2840739306100725e-09, 9.467788755897628e-10, 3.920328674417632e-10, 1.613980160466941e-10, 6.635902805869278e-11, 2.7126588629458887e-11, 1.1001189611198472e-11, 4.435773096197145e-12, 1.8049488191801432e-12, 7.349031024697013e-13, 2.9605011487276254e-13, 1.1965695617668998e-13, 4.797061484667674e-14, 1.958361318821904e-14, 8.607307895070627e-15, 4.640205334382406e-15, 3.1589184398043695e-15, 1.76159882936941e-15, 6.562681091912306e-16, 2.0392995959021442e-16, 7.112475367571121e-17, 2.805344038359229e-17, 1.0930507658095191e-17, 3.6898192930095274e-18, 1.1155962644460353e-18, 3.5194559859165804e-19, 1.189483302678225e-19, 4.175899706365602e-20, 1.5609206096640053e-20, 6.654809208580009e-21, 2.9589224733857744e-21, 1.1041962057374739e-21]
W_list: [5]
L_list: [1.5437945399910464]
