R_list= [ 1  2  3  4  5  6  7  8  9 10 11 12 13 14 15 16 17 18 19 20 21 22 23 24
 25 26 27 28 29 30 31 32 33 34 35 36 37 38]
C_final_list= [3.043093856840487e-07, 1.2917213975661564e-07, 4.776523047339342e-08, 1.6840728693222055e-08, 5.833571751920113e-09, 1.9886328314287924e-09, 6.661759866111999e-10, 2.2319215162565027e-10, 7.63635117775519e-11, 2.662658819151189e-11, 9.16561920103862e-12, 3.2005078800690553e-12, 1.1007314989041016e-12, 3.62512007867282e-13, 1.1625574603455978e-13, 3.53304112779538e-14, 1.0578398412702448e-14, 3.146015561305958e-15, 8.986656317771424e-16, 2.449181231723999e-16, 7.364111600713532e-17, 2.724044842308071e-17, 1.0797627522553975e-17, 4.266466769962347e-18, 1.5359965893549237e-18, 4.84619470494398e-19, 8.945676629920281e-20, 2.0390220875233585e-20, 5.334989827519584e-21, 2.3674444656966838e-21, 7.893812326168043e-22, 2.581901223445979e-22, 9.208701413250335e-23, 3.6198209002138603e-23, 1.4937096712052937e-23, 6.634365198716721e-24, 3.2595116158495703e-24, 1.1209348702392705e-24]
W_list: [7]
L_list: [1.110911445789205]
