C_final_list: [1.9855779978881236e-06, 1.9599147992634066e-06, 1.944463467269148e-06, 1.9258645537963267e-06, 1.9072596511644036e-06, 1.8897209281008604e-06, 1.8723490567769898e-06, 1.8548680625000023e-06, 1.8379429526276831e-06, 1.8215130221933785e-06, 1.8048426721415738e-06, 1.7883274471163798e-06, 1.772285388396294e-06, 1.756122009176628e-06, 1.7401663168736756e-06, 1.724403861899634e-06, 1.708662382720736e-06, 1.6928873952942114e-06, 1.6774697169966724e-06, 1.6622071969444093e-06, 1.6470054238550725e-06, 1.6321050029575694e-06, 1.6174663041049498e-06, 1.6029056661486119e-06, 1.588463922371617e-06, 1.5739797955187318e-06, 1.5595433855295447e-06, 1.5452105834775764e-06, 1.531030497576381e-06, 1.5168838131239498e-06, 1.5027857646121815e-06, 1.4889365720466564e-06, 1.4750208164638935e-06, 1.4611278262828184e-06, 1.4474512647902728e-06]
ndim2: 500
W_list: [1.0]
L_list: [108.80358137708127]
