R_list= [ 1  2  3  4  5  6  7  8  9 10 11 12 13 14 15 16 17 18 19 20 21 22 23 24
 25 26 27 28 29 30 31 32 33 34 35 36 37 38]
C_final_list= [2.0123137640718787e-07, 1.6225300843607005e-07, 1.3089493616834787e-07, 1.0523595057047678e-07, 8.397459748117284e-08, 6.661165292364478e-08, 5.277770183511229e-08, 4.174059109675721e-08, 3.298614461287431e-08, 2.6059015830618425e-08, 2.0588577249389552e-08, 1.623947657430184e-08, 1.2805870847637403e-08, 1.0098938630004306e-08, 7.967285394520346e-09, 6.2615235002443835e-09, 4.898837070317355e-09, 3.816718351308277e-09, 2.9709780476438544e-09, 2.308450001286901e-09, 1.7975702913895287e-09, 1.4034929918746991e-09, 1.098881036947054e-09, 8.612567884123309e-10, 6.754766436037514e-10, 5.287439843580661e-10, 4.144746482512129e-10, 3.2662956224220994e-10, 2.573889498716368e-10, 2.021062567769369e-10, 1.575854290436497e-10, 1.2215629290223205e-10, 9.509239362893209e-11, 7.432213832275243e-11, 5.809845716044626e-11, 4.535461472231453e-11, 3.5178156554415205e-11, 2.7318637030124326e-11]
W_list: [7]
L_list: [4.450714832466271]
