C_final_list: [1.769777643263392e-06, 1.7449678552335062e-06, 1.7205749907156552e-06, 1.6966753065006308e-06, 1.6733299250471738e-06, 1.650507919976138e-06, 1.6279348165673065e-06, 1.605779555057903e-06, 1.5841262455771488e-06, 1.5625301853457533e-06, 1.5414498501046445e-06, 1.5205666165354353e-06, 1.4998261037874865e-06, 1.479324991631813e-06, 1.4590791647353738e-06, 1.4390304304570716e-06, 1.4194321659131246e-06, 1.4001489624022904e-06, 1.3812712190185317e-06, 1.362561581206713e-06, 1.3441058556435718e-06, 1.3259574606111778e-06, 1.3080376668065457e-06, 1.2901728129003314e-06, 1.2725814344550556e-06, 1.2553438242496808e-06, 1.2381078685334798e-06, 1.221081870879013e-06, 1.2043256845422566e-06, 1.1877418881971852e-06, 1.171396372769328e-06, 1.1551759657798862e-06, 1.1392767833361349e-06, 1.1234323148847965e-06, 1.1077613878376334e-06, 1.0923553828555946e-06, 1.077030630475641e-06, 1.0619198553250003e-06, 1.046851420965494e-06, 1.0319833029303645e-06, 1.0173597409056373e-06, 1.003024358138527e-06, 9.888825658436805e-07, 9.748421689515283e-07, 9.611230177275828e-07, 9.476069401940953e-07, 9.341898934936897e-07, 9.210769622681622e-07, 9.082480611313045e-07, 8.955581881114658e-07]
ndim2: 500
W_list: [2.9]
L_list: [72.32877373460579]
