R_list= [ 1  2  3  4  5  6  7  8  9 10 11 12 13 14 15 16 17 18 19 20 21 22 23 24
 25 26 27 28 29 30 31 32 33 34 35 36 37 38]
C_final_list= [2.9359881743079214e-05, 2.198570563583565e-05, 1.6319419312070435e-05, 1.2069211472239204e-05, 8.92440532113656e-06, 6.584696769336608e-06, 4.852234869514748e-06, 3.5731890457123165e-06, 2.6287645491571345e-06, 1.9313310311109038e-06, 1.4174722936518176e-06, 1.041000591870846e-06, 7.660701499987392e-07, 5.641589439139854e-07, 4.150152863602082e-07, 3.053462636071869e-07, 2.2449184263025046e-07, 1.648696334450955e-07, 1.211893190486929e-07, 8.915043807087166e-08, 6.56201618808995e-08, 4.8331385330139546e-08, 3.5488789939241705e-08, 2.598722904145355e-08, 1.8952576812440136e-08, 1.3827252393742256e-08, 1.0071165603508587e-08, 7.356196159787396e-09, 5.371284649611877e-09, 3.915513836678985e-09, 2.867503746328001e-09, 2.0930919651407793e-09, 1.5290909071428144e-09, 1.1199233140935025e-09, 8.166152926049995e-10, 5.96445881239267e-10, 4.346432537098392e-10, 3.219479384390741e-10]
W_list: [8.35]
L_list: [3.3406892875982384]
