R_list= [ 1  2  3  4  5  6  7  8  9 10 11 12 13 14 15 16 17 18 19 20 21 22 23 24
 25 26 27 28 29 30 31 32 33 34 35 36 37 38]
C_final_list= [1.1497647922833348e-06, 1.0681169953759972e-06, 9.869797161794574e-07, 9.098766988942445e-07, 8.384053029307955e-07, 7.721315687781052e-07, 7.116024709091345e-07, 6.554125671668088e-07, 6.033807679615557e-07, 5.556267428950597e-07, 5.113545845917076e-07, 4.7038183008708153e-07, 4.32565509183948e-07, 3.9793647332625877e-07, 3.660160337302727e-07, 3.365396031727553e-07, 3.093501938370999e-07, 2.841910127898337e-07, 2.6112350027292443e-07, 2.3986322379751617e-07, 2.2041744762792566e-07, 2.0255200815782675e-07, 1.8616895347748356e-07, 1.712178743496074e-07, 1.5737352516783742e-07, 1.4466547436224966e-07, 1.3292348153706262e-07, 1.2209659434648377e-07, 1.1204459211343446e-07, 1.0280359669287389e-07, 9.421721096677987e-08, 8.625906099509747e-08, 7.902492779945243e-08, 7.231215568303589e-08, 6.610132949628995e-08, 6.038312170281404e-08, 5.5146381692932854e-08, 5.038111447684022e-08]
W_list: [7.0]
L_list: [12.079540728967515]
