C_final_list: [2.264851042693017e-06, 2.076571613557275e-06, 1.8970013171119214e-06, 1.7332977670805e-06, 1.587470658979373e-06, 1.4520116949748372e-06, 1.3310824705755788e-06, 1.219156839237117e-06, 1.1183775536058176e-06, 1.0243620543898582e-06, 9.363146845690371e-07, 8.567075260305258e-07, 7.830492268106785e-07, 7.151631961999696e-07, 6.534591440256827e-07, 5.976544340825085e-07, 5.459433834242596e-07, 4.994247498924987e-07, 4.5628555960290657e-07, 4.174550627869762e-07, 3.8177235544891764e-07, 3.485586895107215e-07, 3.1842664871212134e-07, 2.90909188888439e-07, 2.651005798981158e-07, 2.4136800687957904e-07, 2.19547969920866e-07, 1.9990133329957448e-07, 1.8195699716579562e-07, 1.6548969990383212e-07, 1.5045663059520128e-07, 1.367239773454734e-07, 1.242707581909441e-07, 1.1292645222099694e-07, 1.0257235440170879e-07, 9.319458230605902e-08, 8.46138303937359e-08, 7.684722294243866e-08, 6.978158373124364e-08, 6.336835888386912e-08, 5.758200670448402e-08, 5.2220402361116175e-08, 4.7313193472294964e-08, 4.2878310426651854e-08, 3.886849305249611e-08, 3.527231902791674e-08, 3.197376661795439e-08, 2.8995048394972057e-08, 2.6284828113465577e-08, 2.387996408148268e-08]
ndim2: 500
W_list: [2.2]
L_list: [11.195633534242146]
