C_final_list: [1.0826119637369533e-06, 9.939235850180132e-07, 9.093459182875038e-07, 8.317347698174303e-07, 7.600042043104303e-07, 6.949749418467548e-07, 6.353528245129898e-07, 5.805850532216114e-07, 5.308701558455655e-07, 4.843438285651e-07, 4.421623001269478e-07, 4.0330047288631694e-07, 3.67961104320466e-07, 3.3529815789007543e-07, 3.052820182711878e-07, 2.781508950177026e-07, 2.533059981814592e-07, 2.3069190344255913e-07, 2.0994222554496214e-07, 1.9106818409796937e-07, 1.7358476634464032e-07, 1.5752398479191807e-07, 1.4289905985784304e-07, 1.2970540581490025e-07, 1.1779209192581383e-07, 1.0694154446155907e-07, 9.703837850752988e-08, 8.794734487330775e-08, 7.974932785330768e-08, 7.222580933695347e-08, 6.552718401314947e-08, 5.9443589575229244e-08, 5.389821711107934e-08, 4.881452344282906e-08, 4.41465675157804e-08, 3.993044692549833e-08, 3.615116065097707e-08, 3.2741608162739934e-08, 2.9643226854679986e-08, 2.6851199973885337e-08, 2.4324069602465857e-08, 2.201008634876453e-08, 1.9905011938223865e-08, 1.798813500849566e-08, 1.6222350794807315e-08, 1.4600953442087927e-08, 1.317710464551145e-08, 1.1869177535133258e-08, 1.0681077067148859e-08, 9.603761717736625e-09]
ndim2: 500
W_list: [4.2]
L_list: [10.910354868088366]
