R_list= [ 1  2  3  4  5  6  7  8  9 10 11 12 13 14 15 16 17 18 19 20 21 22 23 24
 25 26 27 28 29 30 31 32 33 34 35 36 37 38]
C_final_list= [5.757259592821309e-07, 4.748572518923944e-07, 3.908435282855162e-07, 3.2074995750213676e-07, 2.631255288522986e-07, 2.1610152149403276e-07, 1.7660494217142683e-07, 1.4422963578960227e-07, 1.1776384368425086e-07, 9.613380754653134e-08, 7.838936776706638e-08, 6.361140307775101e-08, 5.160159107422961e-08, 4.181909568871146e-08, 3.3841222645293485e-08, 2.7496216671966685e-08, 2.2267182933874423e-08, 1.8051336778825942e-08, 1.4638718204117362e-08, 1.1869412222564792e-08, 9.63293264056082e-09, 7.83761133823754e-09, 6.356020463878326e-09, 5.161515311277073e-09, 4.203536246990655e-09, 3.424189523779221e-09, 2.7907536711693585e-09, 2.2787027066558584e-09, 1.8453697730533559e-09, 1.5045813754096374e-09, 1.2164282695493947e-09, 9.775218438410637e-10, 7.85320680772307e-10, 6.350421905039975e-10, 5.123268076040124e-10, 4.121412840345811e-10, 3.314214735240505e-10, 2.647698396187401e-10]
W_list: [7]
L_list: [5.026654626228873]
