C_final_list: [1.4717307940595955e-06, 1.1879424599031976e-06, 9.564498247972274e-07, 7.659343996438459e-07, 6.120131918704112e-07, 4.90305730203325e-07, 3.9151026274324297e-07, 3.1334089669211014e-07, 2.5003082641611807e-07, 2.0014616925580408e-07, 1.5863605713808184e-07, 1.260318140908051e-07, 1.0021617149560307e-07, 7.991058572316586e-08, 6.35999282398341e-08, 5.0819687132519996e-08, 4.0632325539769506e-08, 3.245521941963491e-08, 2.5977019065882604e-08, 2.0668236182202825e-08, 1.6416529728435476e-08, 1.3076530531024737e-08, 1.0413578238169427e-08, 8.277546965581059e-09, 6.582264545114176e-09, 5.180860131488287e-09, 4.0862272715053904e-09, 3.2040280983514005e-09, 2.5051487323480627e-09, 1.966166293728696e-09, 1.52997020645326e-09, 1.2010993973434252e-09, 9.429531859285187e-10, 7.367484704058111e-10, 5.794476844325624e-10]
ndim2: 500
W_list: [2.8]
L_list: [4.514679940856596]
