R_list= [ 1  2  3  4  5  6  7  8  9 10 11 12 13 14 15 16 17 18 19 20 21 22 23 24
 25 26 27 28 29 30 31 32 33 34 35 36 37 38]
C_final_list= [6.919318165234415e-07, 5.688756657010728e-07, 4.727960298129291e-07, 3.930124740992693e-07, 3.261203595773041e-07, 2.701315852037468e-07, 2.2377848164937406e-07, 1.8566363434755737e-07, 1.5415508284952952e-07, 1.279486865625061e-07, 1.0580344647146536e-07, 8.712541867699283e-08, 7.168345628071344e-08, 5.907262506218933e-08, 4.874866314019687e-08, 4.022437735502836e-08, 3.308565287177329e-08, 2.7143734767028617e-08, 2.2344372553747575e-08, 1.841857286931691e-08, 1.5185493549757697e-08, 1.2505849679623775e-08, 1.0293360823067206e-08, 8.469978341955673e-09, 6.94356442770191e-09, 5.675936120893019e-09, 4.6327338519787645e-09, 3.78247749542922e-09, 3.0829114102533546e-09, 2.5131060049178367e-09, 2.0526567079003396e-09, 1.6826186202738722e-09, 1.3753418666597032e-09, 1.1285655736149756e-09, 9.265708337456366e-10, 7.60512930546636e-10, 6.255047373414423e-10, 5.109326860275024e-10]
W_list: [6]
L_list: [5.31413403156608]
