R_list= [ 1  2  3  4  5  6  7  8  9 10 11 12 13 14 15 16 17 18 19 20 21 22 23 24
 25 26 27 28 29 30 31 32 33 34 35 36 37 38]
C_final_list= [9.612690967222135e-07, 8.261561748481952e-07, 7.12988401699601e-07, 6.1436743063406e-07, 5.308610237216579e-07, 4.573799859870396e-07, 3.934138876790396e-07, 3.3831826029715516e-07, 2.910871970346765e-07, 2.5007603306302077e-07, 2.1454812673298896e-07, 1.8393280028939863e-07, 1.5751842978335234e-07, 1.3502782806902323e-07, 1.1569093672728039e-07, 9.937068229104728e-08, 8.516671223367053e-08, 7.296668597226451e-08, 6.246976577720226e-08, 5.350721640667866e-08, 4.5744245757563244e-08, 3.907498638802405e-08, 3.3465177584098544e-08, 2.8520731003042732e-08, 2.4332723026310267e-08, 2.0684082740789328e-08, 1.756885030347177e-08, 1.4946496483649675e-08, 1.2710253120671539e-08, 1.0806375880658362e-08, 9.183317255811034e-09, 7.820495711947807e-09, 6.651831677014818e-09, 5.668232450523665e-09, 4.827934544276801e-09, 4.110084341037026e-09, 3.4925118269129074e-09, 2.9647073295837033e-09]
W_list: [6]
L_list: [6.649660073873952]
