C_list:
1.5442819939718833e-06 0.030099930720666617
ndim2: 500
W_list: [1.7999999999999998]
L_list: [33.22266782871363]
