R_list= [ 1  2  3  4  5  6  7  8  9 10 11 12 13 14 15 16 17 18 19 20 21 22 23 24
 25 26 27 28 29 30 31 32 33 34 35 36 37 38]
C_final_list= [8.293280229606474e-07, 7.564606259670275e-07, 6.880527449560495e-07, 6.256625210039659e-07, 5.68924859944932e-07, 5.170052110434031e-07, 4.6990256893854977e-07, 4.270106543630273e-07, 3.8774974855272706e-07, 3.518775833003796e-07, 3.196608006584858e-07, 2.9045334641174475e-07, 2.636728912309063e-07, 2.3922238108998306e-07, 2.1700043260799393e-07, 1.9667306593692927e-07, 1.7829940168464275e-07, 1.6147972937800588e-07, 1.4626190294336244e-07, 1.3246613190356624e-07, 1.1989655487449955e-07, 1.0851845040857011e-07, 9.819162106804288e-08, 8.887680374165342e-08, 8.04275356447019e-08, 7.289097158882974e-08, 6.602887036830367e-08, 5.972369626652971e-08, 5.4114313135706776e-08, 4.89853504666224e-08, 4.4373277395677844e-08, 4.0194225480919736e-08, 3.639567985279408e-08, 3.293057462546115e-08, 2.980456135016105e-08, 2.694613049540978e-08, 2.4371682527258544e-08, 2.2014489969650768e-08]
W_list: [6]
L_list: [10.365914587926735]
