R_list= [ 1  2  3  4  5  6  7  8  9 10 11 12 13 14 15 16 17 18 19 20 21 22 23 24
 25 26 27 28 29 30 31 32 33 34 35 36 37 38]
C_final_list= [2.526988345751635e-06, 2.2396627786081173e-06, 1.967303111659328e-06, 1.7200973432736027e-06, 1.499663927120803e-06, 1.3054413319704714e-06, 1.1352285309801549e-06, 9.873972009718175e-07, 8.583203238393575e-07, 7.460065426593001e-07, 6.478207533839679e-07, 5.621783448581451e-07, 4.876545968740435e-07, 4.2277425770055803e-07, 3.6642449994067036e-07, 3.1724445487334725e-07, 2.747702330129847e-07, 2.3805510748393005e-07, 2.0628383406399522e-07, 1.7873109366662515e-07, 1.5485410621010362e-07, 1.3421767853577983e-07, 1.1636750076115222e-07, 1.0094278941148668e-07, 8.749475456586618e-08, 7.587867775327248e-08, 6.578459470137942e-08, 5.6997088306197016e-08, 4.935351723124122e-08, 4.275879343090097e-08, 3.7024885797558245e-08, 3.2072588386271786e-08, 2.7756916174318426e-08, 2.3990139768108108e-08, 2.0720917867881913e-08, 1.7909903572389984e-08, 1.5477670037270242e-08, 1.3371325626158118e-08]
W_list: [8.1]
L_list: [7.268663464090373]
