C_list:
9.743180298893103e-07 0.12711062350064883
ndim2: 500
W_list: [3.6]
L_list: [7.8671630463278746]
