C_final_list: [1.6653644988658715e-06, 1.5269551653801652e-06, 1.3958065173537606e-06, 1.2767902282721133e-06, 1.1690875627319374e-06, 1.068012460707907e-06, 9.74864167531261e-07, 8.903928867844351e-07, 8.123942835112693e-07, 7.403823091553247e-07, 6.746645190117705e-07, 6.136586209197358e-07, 5.587095090919836e-07, 5.086119407971785e-07, 4.641415385850138e-07, 4.2265506455573666e-07, 3.8523570247360333e-07, 3.51064363377867e-07, 3.197481532095131e-07, 2.9091194182842544e-07, 2.648257832019881e-07, 2.4113798928490706e-07, 2.191329581605817e-07, 1.9905620667020996e-07, 1.8099325823764e-07, 1.6435730594254384e-07, 1.4931343804704546e-07, 1.356997443660517e-07, 1.2349431793343578e-07, 1.1237935511624944e-07, 1.021768312765515e-07, 9.309064539154736e-08, 8.477127861746181e-08, 7.703746090861726e-08, 7.004665842254611e-08]
ndim2: 500
W_list: [3.4000000000000004]
L_list: [10.888078000811058]
