R_list= [ 1  2  3  4  5  6  7  8  9 10 11 12 13 14 15 16 17 18 19 20 21 22 23 24
 25 26 27 28 29 30 31 32 33 34 35 36 37 38]
C_final_list= [7.680316912148884e-07, 6.550237285276235e-07, 5.65442213571433e-07, 4.869762736129037e-07, 4.193372920596758e-07, 3.6151181510302375e-07, 3.1108747715975843e-07, 2.6776342871499296e-07, 2.3034716408812428e-07, 1.980980023640326e-07, 1.7044908365518544e-07, 1.4640209869053472e-07, 1.257174124168294e-07, 1.0794045001722569e-07, 9.263958507055344e-08, 7.949003947641969e-08, 6.813940219936877e-08, 5.832556125589163e-08, 4.989248892879835e-08, 4.273638386668082e-08, 3.659363895655806e-08, 3.127436834811225e-08, 2.6702974790202637e-08, 2.28103748906527e-08, 1.9512285319217986e-08, 1.6627240873893495e-08, 1.417692000663613e-08, 1.208794846771863e-08, 1.0285964501498662e-08, 8.753639871381632e-09, 7.4287269024505256e-09, 6.3042534998460976e-09, 5.346874915859674e-09, 4.53726314974255e-09, 3.853765370026365e-09, 3.2695939170601986e-09, 2.779037809841522e-09, 2.3676530966754614e-09]
W_list: [6]
L_list: [6.632946100929688]
