C_list:
1.1140562674377616e-06 0.03275775099380169
ndim2: 500
W_list: [2.4]
L_list: [30.527126242250777]
