C_final_list: [1.7986501299423683e-06, 1.7775893083715037e-06, 1.756286157396118e-06, 1.7359083284512448e-06, 1.7161344930048578e-06, 1.6968152488921214e-06, 1.678128733223223e-06, 1.6596058959162701e-06, 1.6413779119119221e-06, 1.6233605893222925e-06, 1.6056501953689214e-06, 1.5879893340502315e-06, 1.5706412498275451e-06, 1.5534451351179089e-06, 1.5363220964770916e-06, 1.5192441917546832e-06, 1.5025361498510938e-06, 1.4857954391998184e-06, 1.4693941032900302e-06, 1.4533877188327853e-06, 1.4375820168451544e-06, 1.4220072317191132e-06, 1.4066818314626412e-06, 1.391411458410999e-06, 1.3762270085610964e-06, 1.3612335382297612e-06, 1.34638739380023e-06, 1.3316960484543954e-06, 1.317276713873309e-06, 1.3030592544604152e-06, 1.28891049676505e-06, 1.2748269966133486e-06, 1.260755683738047e-06, 1.2468540843003172e-06, 1.233115675048901e-06]
ndim2: 500
W_list: [2.2]
L_list: [90.45972176832043]
