R_list= [ 1  2  3  4  5  6  7  8  9 10 11 12 13 14 15 16 17 18 19 20 21 22 23 24
 25 26 27 28 29 30 31 32 33 34 35 36 37 38]
C_final_list= [3.327643371441106e-05, 2.106595748986673e-05, 1.3316277117048597e-05, 8.404423328479165e-06, 5.29996682941127e-06, 3.333851556961604e-06, 2.093786374809015e-06, 1.3155741383634764e-06, 8.280210403742417e-07, 5.180223373890232e-07, 3.254555816343038e-07, 2.0520909112003802e-07, 1.2778312548952446e-07, 8.006993687139908e-08, 5.0406418689490175e-08, 3.165026116378053e-08, 1.9915583336723758e-08, 1.2522554654267524e-08, 7.874889100993774e-09, 4.924935137044309e-09, 3.063931464282173e-09, 1.905274489390156e-09, 1.1837475879678492e-09, 7.352011378398459e-10, 4.600882867131583e-10, 2.8958833081816366e-10, 1.828881873167425e-10, 1.11498949209081e-10, 6.782849289813071e-11, 4.30840133466029e-11, 2.8104337705443803e-11, 1.8925980125489175e-11, 1.2985508318428903e-11, 8.01806046094707e-12, 4.93239512039158e-12, 2.9918383964957763e-12, 1.8636642415795956e-12, 1.18171080826851e-12]
W_list: [8.5]
L_list: [2.178166219067059]
