C_final_list: [1.8413673586713448e-06, 1.7181280944028586e-06, 1.5977936576965679e-06, 1.4845916089984102e-06, 1.3809926752161442e-06, 1.2842698114295863e-06, 1.1954409869657557e-06, 1.1124149188099459e-06, 1.0348923312183188e-06, 9.623123555666338e-07, 8.936256222952378e-07, 8.313656800676595e-07, 7.722414960032105e-07, 7.180753737513341e-07, 6.663401851526488e-07, 6.188104612468961e-07, 5.747089722702456e-07, 5.344080935529794e-07, 4.9663186827648e-07, 4.6150055655988963e-07, 4.28664514698804e-07, 3.982998506866655e-07, 3.7030898824378044e-07, 3.4404444341896386e-07, 3.1971127085709776e-07, 2.9739966601138286e-07, 2.7637772742600765e-07, 2.5679460954920145e-07, 2.384808766640501e-07, 2.212830698638408e-07, 2.0531121076016908e-07, 1.9037762347681573e-07, 1.7643864795332894e-07, 1.634794037750697e-07, 1.5137266035658435e-07, 1.4040928165928511e-07, 1.3024604726389912e-07, 1.206432722799087e-07, 1.1170702937466777e-07, 1.033980643156412e-07, 9.582770197278428e-08, 8.89565404802112e-08, 8.24687779531141e-08, 7.637765218202473e-08, 7.076809160116533e-08, 6.561304039726478e-08, 6.07848759249317e-08, 5.625844967204793e-08, 5.205697972346912e-08, 4.813509925768346e-08]
ndim2: 500
W_list: [3.1999999999999997]
L_list: [13.679783922108152]
