C_final_list: [1.8213215541880672e-06, 1.591531492129483e-06, 1.3908917894950351e-06, 1.21051426238224e-06, 1.0521465242570635e-06, 9.169306141119843e-07, 7.980205520982751e-07, 6.946651883196344e-07, 6.044901790640817e-07, 5.264336776463852e-07, 4.5832352568579294e-07, 3.995367051885503e-07, 3.483112053312597e-07, 3.033023607357213e-07, 2.6329906261700455e-07, 2.286291338366343e-07, 1.986734870054482e-07, 1.724342654863554e-07, 1.4972254687017854e-07, 1.2981261147976927e-07, 1.1269072782590996e-07, 9.796700456839488e-08, 8.490732103348069e-08, 7.367915895441788e-08, 6.391738816894041e-08, 5.5330282207840336e-08, 4.798450279595231e-08, 4.157751997797448e-08, 3.625260554430921e-08, 3.1383845679901957e-08, 2.7208812183631276e-08, 2.3628843362068405e-08, 2.0542171252393168e-08, 1.779365231139719e-08, 1.5434658551612438e-08]
ndim2: 500
W_list: [2.6]
L_list: [7.226692568628778]
