R_list= [ 1  2  3  4  5  6  7  8  9 10 11 12 13 14 15 16 17 18 19 20 21 22 23 24
 25 26 27 28 29 30 31 32 33 34 35 36 37 38]
C_final_list= [1.2754785798139445e-06, 1.2029187148505226e-06, 1.1410189963848338e-06, 1.0801130623272895e-06, 1.023449911810153e-06, 9.698811836852906e-07, 9.188222725844499e-07, 8.705133755116677e-07, 8.245507544435724e-07, 7.812093001876755e-07, 7.400605013246586e-07, 7.008241342350015e-07, 6.638661839937967e-07, 6.286216068745949e-07, 5.951860043763631e-07, 5.633800673205295e-07, 5.330488870318284e-07, 5.041645647726346e-07, 4.765320635958453e-07, 4.502369546450593e-07, 4.25256181677363e-07, 4.01730146003377e-07, 3.795900608308962e-07, 3.582630928287259e-07, 3.3807387637179705e-07, 3.190803354039536e-07, 3.011522583289619e-07, 2.8419115324345406e-07, 2.6820053164747897e-07, 2.5310062221532344e-07, 2.388829597187638e-07, 2.2533149556015487e-07, 2.1264002274384287e-07, 2.005931072686099e-07, 1.892826652070588e-07, 1.7855205491055434e-07, 1.683028011724606e-07, 1.586828812172783e-07]
W_list: [5]
L_list: [18.087315297935373]
