C_final_list: [1.83509959119827e-06, 1.5922089155095096e-06, 1.3832930507273675e-06, 1.1955990987774313e-06, 1.0345745344949647e-06, 9.006320061932787e-07, 7.804232618463405e-07, 6.777650117301064e-07, 5.874042447926178e-07, 5.108143617810695e-07, 4.438864768049462e-07, 3.8366665494168515e-07, 3.322858972520963e-07, 2.8859030915238025e-07, 2.5053090806078326e-07, 2.157610238434232e-07, 1.8658408828701013e-07, 1.614336873492152e-07, 1.3934157387074367e-07, 1.2011651003612814e-07, 1.0334067793256631e-07, 8.874209170186532e-08, 7.635512312439554e-08, 6.583029017529983e-08, 5.674162094021089e-08, 4.8784908553155416e-08, 4.2021425000042473e-08, 3.631640837637303e-08, 3.1242917679115164e-08, 2.6838611857200097e-08, 2.3120085653581523e-08, 1.9865955181166857e-08, 1.699419448340995e-08, 1.4645394941682205e-08, 1.258692568742713e-08]
ndim2: 500
W_list: [1.8]
L_list: [7.004604263849997]
