R_list= [ 1  2  3  4  5  6  7  8  9 10 11 12 13 14 15 16 17 18 19 20 21 22 23 24
 25 26 27 28 29 30 31 32 33 34 35 36 37 38]
C_final_list= [6.245362525721392e-07, 5.009882068803149e-07, 3.987463035091898e-07, 3.162479931250006e-07, 2.500967268375406e-07, 1.974059778343287e-07, 1.56176331862654e-07, 1.2366958877371026e-07, 9.803993056734035e-08, 7.754023684545344e-08, 6.128192621039596e-08, 4.835353601942022e-08, 3.8172687645323026e-08, 3.004939843109451e-08, 2.3575677476537194e-08, 1.8462109424338286e-08, 1.4421061162623252e-08, 1.121736753621374e-08, 8.692151883743244e-09, 6.74954174827369e-09, 5.239592471274366e-09, 4.067672181576368e-09, 3.1559908998467688e-09, 2.4459737081334886e-09, 1.8870629328653565e-09, 1.458155445266274e-09, 1.1213613143168726e-09, 8.663208890007415e-10, 6.664449043464135e-10, 5.149489749596654e-10, 3.976694588377879e-10, 3.0654171268478624e-10, 2.361129996069016e-10, 1.8170325857269362e-10, 1.391158833281624e-10, 1.0749689546721031e-10, 8.326348315222439e-11, 6.464787985719736e-11]
W_list: [8.2]
L_list: [4.321957668226948]
