R_list= [ 1  2  3  4  5  6  7  8  9 10 11 12 13 14 15 16 17 18 19 20 21 22 23 24
 25 26 27 28 29 30 31 32 33 34 35 36 37 38]
C_final_list= [3.5389655888579637e-07, 3.252084007468254e-07, 2.966769372056842e-07, 2.695554442876471e-07, 2.4420597866306984e-07, 2.208022775511518e-07, 1.9945573211897752e-07, 1.8011148285545838e-07, 1.6268189413803496e-07, 1.4693941887083166e-07, 1.327059501829832e-07, 1.198260802581775e-07, 1.0822538467080194e-07, 9.767741281140267e-08, 8.812230924096998e-08, 7.94629696217498e-08, 7.167717230618803e-08, 6.461612098646565e-08, 5.820747891441154e-08, 5.242789724187508e-08, 4.7240005880388254e-08, 4.261450215435089e-08, 3.842297317551988e-08, 3.459003504873295e-08, 3.1139255637227615e-08, 2.8048650839268775e-08, 2.5264872029877076e-08, 2.275801709310794e-08, 2.0482477383492305e-08, 1.8408699492024835e-08, 1.651596704225035e-08, 1.480940335241571e-08, 1.32794029127359e-08, 1.190917179711633e-08, 1.06748987519137e-08, 9.571219144490995e-09, 8.580443054235206e-09, 7.695012940425236e-09]
W_list: [7.8]
L_list: [9.950433748499188]
