C_final_list: [2.1615016363723125e-06, 2.1249118612829208e-06, 2.088176101676541e-06, 2.052942911690324e-06, 2.0184891868358684e-06, 1.9847800594781554e-06, 1.951401435720773e-06, 1.9186046744411135e-06, 1.8869265863418021e-06, 1.8552814753352758e-06, 1.8242017539338548e-06, 1.793737591575706e-06, 1.763869252189516e-06, 1.734708231350094e-06, 1.706065640232984e-06, 1.6781202147893813e-06, 1.6505042142202893e-06, 1.6234574985340598e-06, 1.5964928451134061e-06, 1.5702208329540498e-06, 1.544331828491683e-06, 1.5187989264904652e-06, 1.4935140180409896e-06, 1.4690085946125616e-06, 1.444854112533483e-06, 1.4210411122120266e-06, 1.3977215993720737e-06, 1.3746960000496665e-06, 1.3520277653487814e-06, 1.329708185179609e-06, 1.307475427293677e-06, 1.2857868172927134e-06, 1.2644449412971019e-06, 1.2433841117834384e-06, 1.222328763626606e-06, 1.20179987744194e-06, 1.1813107499788816e-06, 1.1612354036992869e-06, 1.1413880929341007e-06, 1.1218513006689277e-06, 1.1027346497540046e-06, 1.0835538764700453e-06, 1.064823177092828e-06, 1.0465173118568275e-06, 1.0284965354112377e-06, 1.0109586420051725e-06, 9.934646422224738e-07, 9.7638146704334e-07, 9.593834339943659e-07, 9.428399172820692e-07]
ndim2: 500
W_list: [2.2]
L_list: [59.50826196242863]
