R_list= [ 1  2  3  4  5  6  7  8  9 10 11 12 13 14 15 16 17 18 19 20 21 22 23 24
 25 26 27 28 29 30 31 32]
C_final_list= [4.85929550965465e-07, 3.9491225578459016e-07, 3.21850063787607e-07, 2.625689775495917e-07, 2.1388360964978822e-07, 1.74082793456196e-07, 1.4145912027567334e-07, 1.1498818920835631e-07, 9.32798302739834e-08, 7.562457143590783e-08, 6.13524726407371e-08, 4.97490051977715e-08, 4.022997498119477e-08, 3.2453107787136035e-08, 2.6130079890542633e-08, 2.1053341496017835e-08, 1.7008289520364515e-08, 1.3780582655522175e-08, 1.1173965493969544e-08, 9.037512855208267e-09, 7.292892175925957e-09, 5.881657502969481e-09, 4.7340133141874045e-09, 3.800722482960119e-09, 3.0482569799967746e-09, 2.440813875834125e-09, 1.9556763672087367e-09, 1.5643028399591186e-09, 1.2469679025771884e-09, 9.94801158968087e-10, 7.931819360956886e-10, 6.312158744183921e-10]
W_list: [6]
L_list: [4.8421881245614165]
