C_final_list: [1.4443095145367407e-06, 1.418292619125499e-06, 1.3926801882143325e-06, 1.3657957298216346e-06, 1.3405671712188347e-06, 1.3154706879715991e-06, 1.2911504538581888e-06, 1.2673399605289147e-06, 1.2440537551089421e-06, 1.2212198650982239e-06, 1.198611252767322e-06, 1.176353897817771e-06, 1.1545020790440772e-06, 1.1332401728330862e-06, 1.1122631308008127e-06, 1.0917133321916956e-06, 1.0715134131051107e-06, 1.0518834477641696e-06, 1.0328433417934446e-06, 1.014020527695372e-06, 9.955144940562096e-07, 9.774283779229617e-07, 9.591962880132907e-07, 9.416369199281538e-07, 9.239777314044453e-07, 9.071621632121643e-07, 8.906048123689172e-07, 8.742437922560461e-07, 8.584803689476987e-07, 8.42977579416125e-07, 8.275315240014438e-07, 8.120696751683243e-07, 7.970710692713842e-07, 7.821731278671141e-07, 7.674466065800266e-07]
ndim2: 500
W_list: [1.8]
L_list: [53.79744900730708]
