R_list= [ 1  2  3  4  5  6  7  8  9 10 11 12 13 14 15 16 17 18 19 20 21 22 23 24
 25 26 27 28 29 30 31 32 33 34 35 36 37 38]
C_final_list= [5.982651966942457e-06, 5.072919833261664e-06, 4.261774578575371e-06, 3.566897496707313e-06, 2.980343537603902e-06, 2.4871177056816015e-06, 2.0724414607379058e-06, 1.7253679432144098e-06, 1.434584982687537e-06, 1.1904340081447122e-06, 9.86884877908537e-07, 8.17252720935271e-07, 6.763996843763408e-07, 5.599653636732209e-07, 4.636125802663933e-07, 3.8354947486707604e-07, 3.1695471115338065e-07, 2.6234907777486394e-07, 2.1727555920440002e-07, 1.798778500689637e-07, 1.4881490046988926e-07, 1.2325226922791448e-07, 1.0199411237899132e-07, 8.431627961782617e-08, 6.960098555352597e-08, 5.7456174972281794e-08, 4.740586326458322e-08, 3.9139267902711195e-08, 3.231060483098374e-08, 2.664557764703478e-08, 2.1959339301708478e-08, 1.8109230634230968e-08, 1.495958013149551e-08, 1.2344792692787896e-08, 1.0193467926336125e-08, 8.4153214434243e-09, 6.950765391145148e-09, 5.7455284200445045e-09]
W_list: [8.35]
L_list: [5.557623747954968]
