C_final_list: [1.980527192354627e-06, 1.752122613721529e-06, 1.53994668342216e-06, 1.354204377811963e-06, 1.1896060738966093e-06, 1.0423129039054948e-06, 9.124065704408525e-07, 7.990767999050845e-07, 6.999613576838924e-07, 6.11025560717553e-07, 5.355381887844615e-07, 4.6894280955462906e-07, 4.099236153027052e-07, 3.597275345007698e-07, 3.1490315628905387e-07, 2.7663897629527183e-07, 2.4273490595149885e-07, 2.1240025248380392e-07, 1.8574517212305876e-07, 1.6239086603070725e-07, 1.4189526030987377e-07, 1.2379542719926367e-07, 1.0796546498612489e-07, 9.39788425410891e-08, 8.16085549340311e-08, 7.082727747008132e-08, 6.153061682983918e-08, 5.334241671365957e-08, 4.632385236511972e-08, 4.0222559961266653e-08, 3.500378261749675e-08, 3.0463533483636286e-08, 2.647796569871943e-08, 2.2997974799617443e-08, 2.0002726193649634e-08, 1.740899156669077e-08, 1.518265594624206e-08, 1.3240917904793981e-08, 1.1574185507063267e-08, 1.0098473117319517e-08, 8.783546812950848e-09, 7.64198717819697e-09, 6.653515210883291e-09, 5.756301692505606e-09, 4.996232668403175e-09, 4.331505501204809e-09, 3.761536516377518e-09, 3.263923607064615e-09, 2.8259668329897617e-09, 2.4521615908898732e-09]
ndim2: 500
W_list: [3.0]
L_list: [7.609130281320446]
