C_final_list: [8.71741063040412e-07, 8.400616743015125e-07, 8.074601134498757e-07, 7.75151615094898e-07, 7.443566477269938e-07, 7.145759472506596e-07, 6.857934890367646e-07, 6.58187169615335e-07, 6.313290096384239e-07, 6.057139752479712e-07, 5.809494692259701e-07, 5.567757127669472e-07, 5.340335743429719e-07, 5.117838774821792e-07, 4.903965937678078e-07, 4.698274599891053e-07, 4.501188178874884e-07, 4.3125369833676e-07, 4.1298952209077955e-07, 3.956708367621554e-07, 3.7888964493466894e-07, 3.628405910232827e-07, 3.4731569128041714e-07, 3.325029322355269e-07, 3.180719357724994e-07, 3.042113667550941e-07, 2.9108970046177464e-07, 2.783046486970745e-07, 2.659447289865473e-07, 2.5419774613313665e-07, 2.429824046441172e-07, 2.3217471578931358e-07, 2.2170411349659453e-07, 2.117539382131955e-07, 2.0210806671006184e-07]
ndim2: 500
W_list: [2.6]
L_list: [23.581778265002143]
