R_list= [ 1  2  3  4  5  6  7  8  9 10 11 12 13 14 15 16 17 18 19 20 21 22 23 24
 25 26 27 28 29 30 31 32 33 34 35 36 37 38]
C_final_list= [2.5625422520629854e-06, 2.2711197448163053e-06, 1.9939231544149966e-06, 1.7427784034849837e-06, 1.5200268141744004e-06, 1.3239804346121493e-06, 1.151889228210126e-06, 1.002097656439872e-06, 8.725711441057785e-07, 7.596320452105765e-07, 6.609525217536207e-07, 5.745314199914204e-07, 4.992315928079324e-07, 4.3369881716612034e-07, 3.769778452530774e-07, 3.276493309050521e-07, 2.84662072792485e-07, 2.4721432036562527e-07, 2.1454741603142132e-07, 1.8605109512081237e-07, 1.6140459524954773e-07, 1.4000458690557224e-07, 1.2138134147489422e-07, 1.0509611153998425e-07, 9.094666923473519e-08, 7.874915396645756e-08, 6.81323209019298e-08, 5.889631608131655e-08, 5.092533971093786e-08, 4.399998982881708e-08, 3.79784141920796e-08, 3.2810250089732196e-08, 2.8322710468441975e-08, 2.4415469626887673e-08, 2.1055721748331623e-08, 1.8151798964462453e-08, 1.565141042496016e-08, 1.3527016653886057e-08]
W_list: [8.1]
L_list: [7.308447924229952]
