C_final_list: [1.744565135148076e-06, 1.4355581876189396e-06, 1.1779613841910486e-06, 9.599962255173528e-07, 7.821569744534111e-07, 6.359614095432374e-07, 5.197885995032697e-07, 4.216556122054738e-07, 3.408139888008068e-07, 2.7689530619327536e-07, 2.2431994905214765e-07, 1.821952520064371e-07, 1.471542678334337e-07, 1.18635952299915e-07, 9.559029405439216e-08, 7.713645831671288e-08, 6.20947080716407e-08, 5.024660253087628e-08, 4.050764590817186e-08, 3.243796858607038e-08, 2.590498044439446e-08, 2.068032217887382e-08, 1.647557306947596e-08, 1.3142168082307037e-08, 1.0448556109580334e-08, 8.369923286824007e-09, 6.676144002263728e-09, 5.316543824740547e-09, 4.268640668822511e-09, 3.4022851973324215e-09, 2.7105096168424584e-09, 2.152099651063839e-09, 1.7121469239430933e-09, 1.3602322990658286e-09, 1.0832640079011625e-09]
ndim2: 500
W_list: [3.8]
L_list: [4.897875270717199]
