C_final_list: [2.147717021600927e-06, 1.9508462931079134e-06, 1.7669772100150233e-06, 1.5984822180643272e-06, 1.4504863944133742e-06, 1.312805488276995e-06, 1.1887625358331021e-06, 1.0767412649793922e-06, 9.730185531952876e-07, 8.808347695583551e-07, 7.949868324608853e-07, 7.18873872640461e-07, 6.512231403280329e-07, 5.895778410417038e-07, 5.33763952880933e-07, 4.839108154672677e-07, 4.376338299627615e-07, 3.957983958880184e-07, 3.5758234411357974e-07, 3.228059489018991e-07, 2.917868816987513e-07, 2.6388404415152865e-07, 2.390660233792016e-07, 2.1610908263315977e-07, 1.95444984389508e-07, 1.7646928540063032e-07, 1.5907977699095425e-07, 1.4339168250270882e-07, 1.2933315991576946e-07, 1.1659436224988608e-07, 1.0511962129174313e-07, 9.459260760843762e-08, 8.524436625261589e-08, 7.674570865984886e-08, 6.909249385458006e-08]
ndim2: 500
W_list: [2.4]
L_list: [10.026006384505601]
