R_list= [ 1  2  3  4  5  6  7  8  9 10 11 12 13 14 15 16 17 18 19 20 21 22 23 24
 25 26 27 28 29 30 31 32 33 34 35 36 37 38]
C_final_list= [1.1285546608152094e-06, 7.65644743879115e-07, 5.238201986084992e-07, 3.5823416710203986e-07, 2.4496974742217116e-07, 1.6815536621561824e-07, 1.1498808251550189e-07, 7.861285917514494e-08, 5.2993384783225995e-08, 3.5749481364956536e-08, 2.4048848380133574e-08, 1.6070444014846185e-08, 1.0844391889770418e-08, 7.332870983630123e-09, 5.02032916373997e-09, 3.3545053748527403e-09, 2.2647358435418677e-09, 1.5451464366048585e-09, 1.0536352765869192e-09, 7.1159477171063e-10, 4.744684580085486e-10, 3.1522645159701353e-10, 2.1044846712016242e-10, 1.3995947947362466e-10, 9.086716546872478e-11, 5.882876129639228e-11, 3.847425868573391e-11, 2.5499736223043144e-11, 1.705032319042768e-11, 1.1096996333963878e-11, 7.16979237350133e-12, 4.7693142402401905e-12, 3.233115427094674e-12, 2.106171759515023e-12, 1.4436942476227246e-12, 9.951146432909534e-13, 6.849562624946655e-13, 4.591639913708065e-13]
W_list: [6.6000000000000005]
L_list: [2.6161171635028206]
