R_list= [ 1  2  3  4  5  6  7  8  9 10 11 12 13 14 15 16 17 18 19 20 21 22 23 24
 25 26 27 28 29 30 31 32 33 34 35 36 37 38]
C_final_list= [5.041132525385234e-07, 3.3037711458607505e-07, 1.8724560273050048e-07, 9.721420910094167e-08, 4.7729032732429026e-08, 2.2567334649371238e-08, 1.0385679181513115e-08, 4.695213846820855e-09, 2.1015465971612115e-09, 9.344249879743549e-10, 4.1371771486881815e-10, 1.8184290417580386e-10, 7.933558289338422e-11, 3.442030090053163e-11, 1.4866119558406847e-11, 6.388748867515695e-12, 2.735942606056181e-12, 1.164508393064935e-12, 4.931408377101727e-13, 2.0839192240060573e-13, 8.81756116431483e-14, 3.743800524875011e-14, 1.5981115368690707e-14, 6.873011343555684e-15, 2.961758620390554e-15, 1.2769848443414857e-15, 5.504868488788244e-16, 2.383211876348412e-16, 1.0408763314022217e-16, 4.6188837466507885e-17, 2.05448495544524e-17, 9.172979735605839e-18, 4.0800988521659465e-18, 1.8166907042960473e-18, 8.044386225433402e-19, 3.4954185040370165e-19, 1.5114463717015916e-19, 6.508698095302767e-20]
W_list: [4]
L_list: [1.8812463572049152]
