R_list= [ 1  2  3  4  5  6  7  8  9 10 11 12 13 14 15 16 17 18 19 20 21 22 23 24
 25 26 27 28 29 30 31 32 33 34 35 36 37 38]
C_final_list= [2.149327053727501e-07, 1.8992179023421925e-07, 1.6585481343394542e-07, 1.435047520270755e-07, 1.236808177114413e-07, 1.0641896130947361e-07, 9.144448079659672e-08, 7.855715464137839e-08, 6.745327347202528e-08, 5.7849411662508023e-08, 4.957889883510374e-08, 4.24118757315656e-08, 3.626629312044257e-08, 3.095948206489007e-08, 2.638978567391731e-08, 2.2487183365089468e-08, 1.9176209127733518e-08, 1.6357155521725386e-08, 1.3962923300484641e-08, 1.1932545456325177e-08, 1.0206064778280088e-08, 8.714952373647348e-09, 7.434961053043908e-09, 6.339755012033614e-09, 5.401174294526372e-09, 4.594466478346952e-09, 3.910479059169582e-09, 3.32559508024368e-09, 2.8271295712046396e-09, 2.401926761867987e-09, 2.036753423040724e-09, 1.721057875091977e-09, 1.4519226630472647e-09, 1.224525998156431e-09, 1.034867933581709e-09, 8.736972713292422e-10, 7.380322686192959e-10, 6.229119555258098e-10]
W_list: [8.8]
L_list: [6.738755430723663]
