R_list= [ 1  2  3  4  5  6  7  8  9 10 11 12 13 14 15 16 17 18 19 20 21 22 23 24
 25 26 27 28 29 30 31 32 33 34 35 36 37 38]
C_final_list= [2.068106325318844e-06, 1.7930349626996225e-06, 1.5387597136570795e-06, 1.3142676343403666e-06, 1.1199943436214715e-06, 9.525748369783722e-07, 8.086456210412659e-07, 6.859118763462109e-07, 5.818884246144766e-07, 4.936383148538265e-07, 4.1815188477898277e-07, 3.541274988431659e-07, 2.997155735555753e-07, 2.5338129248610806e-07, 2.142124205003099e-07, 1.808670534226594e-07, 1.5260999454348677e-07, 1.2881088851561616e-07, 1.085689247281477e-07, 9.144676598045312e-08, 7.702088616296694e-08, 6.495450060707207e-08, 5.4781835392097604e-08, 4.6206291444129974e-08, 3.8931587214573256e-08, 3.279555680425538e-08, 2.764330127590681e-08, 2.3305408102171093e-08, 1.964357404740928e-08, 1.6554359861762945e-08, 1.3942872936744991e-08, 1.176873535415066e-08, 9.949343259489436e-09, 8.401354188639891e-09, 7.099861063648912e-09, 5.990127787863185e-09, 5.055926781931869e-09, 4.26951724949529e-09]
W_list: [8.5]
L_list: [6.230650605115244]
