R_list= [ 1  2  3  4  5  6  7  8  9 10 11 12 13 14 15 16 17 18 19 20 21 22 23 24
 25 26 27 28 29 30 31 32 33 34 35 36 37 38]
C_final_list= [1.9249778020643297e-07, 1.658928725503062e-07, 1.4087161043990278e-07, 1.1856607716511815e-07, 9.929173856945382e-08, 8.257010636640134e-08, 6.855723253028026e-08, 5.694600438822999e-08, 4.732044817421948e-08, 3.920246804075166e-08, 3.246566106099723e-08, 2.6854566685419916e-08, 2.2190564968810153e-08, 1.82759258072352e-08, 1.5048921545711884e-08, 1.2392661236307748e-08, 1.0215034753927882e-08, 8.405473459508733e-09, 6.927002179391219e-09, 5.696594375823221e-09, 4.6790348696763855e-09, 3.8470953697956235e-09, 3.1557492428691677e-09, 2.5887627075325255e-09, 2.1262047770570276e-09, 1.744211215611789e-09, 1.4317633053697094e-09, 1.1771168573189362e-09, 9.691554995770152e-10, 7.998762665916926e-10, 6.59049101424036e-10, 5.441428448920265e-10, 4.495455847990387e-10, 3.7228824765333676e-10, 3.0871887726732594e-10, 2.56057177931127e-10, 2.1228868101688723e-10, 1.7576583296395056e-10]
W_list: [9.4]
L_list: [5.632076908316606]
