R_list= [ 1  2  3  4  5  6  7  8  9 10 11 12 13 14 15 16 17 18 19 20 21 22 23 24
 25 26 27 28 29 30 31 32 33 34 35 36 37 38]
C_final_list= [3.9504169138996626e-07, 3.4913897447831077e-07, 3.068310939187296e-07, 2.687122184549604e-07, 2.3492676435568162e-07, 2.0483933081257653e-07, 1.7871371726939968e-07, 1.559504802702708e-07, 1.36069527260683e-07, 1.1857229844291305e-07, 1.0313396150735608e-07, 8.962942636290643e-08, 7.784205374972539e-08, 6.742542899387936e-08, 5.836250830776838e-08, 5.04646513026994e-08, 4.366485331524138e-08, 3.772871341308325e-08, 3.2627707015605175e-08, 2.814912507382567e-08, 2.4263713622980996e-08, 2.0921157958733303e-08, 1.8050177331414925e-08, 1.557681782391801e-08, 1.3459588535121426e-08, 1.1649741127194349e-08, 1.0069150708973714e-08, 8.690248422652078e-09, 7.510525110728065e-09, 6.501353050655406e-09, 5.623683664677905e-09, 4.862816932010012e-09, 4.209505812689983e-09, 3.6464619825957006e-09, 3.1560930387204326e-09, 2.7318239037060576e-09, 2.3667134068590075e-09, 2.045194614096206e-09]
W_list: [7]
L_list: [7.337146396113114]
