R_list= [ 1  2  3  4  5  6  7  8  9 10 11 12 13 14 15 16 17 18 19 20 21 22 23 24
 25 26 27 28 29 30 31 32 33 34 35 36 37 38]
C_final_list= [4.0391714704947454e-06, 3.377895292138099e-06, 2.8092690416665634e-06, 2.330038322150105e-06, 1.9294547831772267e-06, 1.5949914037930556e-06, 1.319871333529936e-06, 1.092206300201458e-06, 9.039041320482142e-07, 7.459041417117652e-07, 6.138298176660223e-07, 5.056247319560755e-07, 4.1620206517333567e-07, 3.429563470401467e-07, 2.8239782888536277e-07, 2.3250133654017623e-07, 1.9152658649785264e-07, 1.577063045601257e-07, 1.2952297337878498e-07, 1.0637406833843849e-07, 8.728285636878979e-08, 7.159552835120308e-08, 5.868726616325708e-08, 4.807200585743092e-08, 3.932717291453387e-08, 3.223798279651573e-08, 2.6377353935743775e-08, 2.159711523162052e-08, 1.7676878414210686e-08, 1.4446330859391166e-08, 1.1816196894149955e-08, 9.670012673440437e-09, 7.913768384510823e-09, 6.427452588628589e-09, 5.234025880067469e-09, 4.2766079970052596e-09, 3.4961955085327355e-09, 2.8589858002115793e-09]
W_list: [7.8]
L_list: [5.316122521695462]
