R_list= [ 1  2  3  4  5  6  7  8  9 10 11 12 13 14 15 16 17 18 19 20 21 22 23 24
 25 26 27 28 29 30 31 32 33 34 35 36 37 38]
C_final_list= [1.0194114640165896e-06, 6.617729838635131e-07, 4.28258111802831e-07, 2.752899109426479e-07, 1.8003197772597887e-07, 1.1681693703324831e-07, 7.59092177860336e-08, 4.890382917528904e-08, 3.1411425673679246e-08, 2.0203987614360745e-08, 1.305962126865689e-08, 8.403618185841212e-09, 5.3221773817380994e-09, 3.390008479805312e-09, 2.1333664454782686e-09, 1.3277447115300408e-09, 8.327119622423721e-10, 5.218330538707725e-10, 3.2984830077870274e-10, 2.0726742200328478e-10, 1.300486308530473e-10, 8.280091748596535e-11, 5.341206151482207e-11, 3.477833789428004e-11, 2.2856044776176313e-11, 1.539832231115042e-11, 9.339776576787372e-12, 5.6246722723342625e-12, 3.3974408286230214e-12, 2.2271718450045355e-12, 1.4025022098958216e-12, 9.016934709470092e-13, 6.185258000099463e-13, 3.598065246073005e-13, 2.119520426740682e-13, 1.2956041892651556e-13, 7.731498394406614e-14, 4.7756532273724475e-14]
W_list: [7.2]
L_list: [2.3032286249988627]
