C_final_list: [1.923850042972595e-06, 1.80099458338458e-06, 1.6841333569711184e-06, 1.5749391049648e-06, 1.4714665391459786e-06, 1.3770895184123727e-06, 1.287449054879741e-06, 1.2033619095982443e-06, 1.1276780837959685e-06, 1.0557293738929845e-06, 9.878154517945924e-07, 9.258460116277106e-07, 8.665070302840221e-07, 8.107793001303174e-07, 7.583603313844109e-07, 7.091994941011401e-07, 6.635987211578553e-07, 6.209881302029983e-07, 5.812937020711028e-07, 5.435379112178192e-07, 5.07581952271947e-07, 4.740833176592442e-07, 4.4231871360272736e-07, 4.126412727410535e-07, 3.8517048232145335e-07, 3.5907730691532845e-07, 3.3482788999470425e-07, 3.123273857176124e-07, 2.913524198394527e-07, 2.71752756692843e-07, 2.532804501380341e-07, 2.3586328749954529e-07, 2.197939121142891e-07, 2.046972359108926e-07, 1.9077672699967067e-07, 1.7777295380405595e-07, 1.6559137447046767e-07, 1.5411331033194066e-07, 1.434277326339377e-07, 1.3344330471862403e-07, 1.242822852226283e-07, 1.1565863290537654e-07, 1.0755613570878742e-07, 1.000056163269876e-07, 9.29373973750978e-08, 8.631319331418589e-08, 8.008121623299611e-08, 7.424358397573669e-08, 6.881374212596175e-08, 6.376807767934771e-08]
ndim2: 500
W_list: [3.0999999999999996]
L_list: [14.866114170611056]
