C_final_list: [1.6756259692186192e-06, 1.6509638659013437e-06, 1.6266128762789234e-06, 1.6034451886193338e-06, 1.5806014269991641e-06, 1.5584895337354353e-06, 1.5366190012590655e-06, 1.5151036846700193e-06, 1.494214317886407e-06, 1.4735711511412354e-06, 1.4532810134880076e-06, 1.4331674066513004e-06, 1.4134615144676147e-06, 1.3940524837767284e-06, 1.3747039971026523e-06, 1.3554843418532917e-06, 1.3366654892113257e-06, 1.3180783064417006e-06, 1.2994777426552257e-06, 1.2811452811091336e-06, 1.2629406896145492e-06, 1.2447643637771573e-06, 1.2268708363337728e-06, 1.209179326546893e-06, 1.1917226716526443e-06, 1.1743541868424547e-06, 1.1571561845909565e-06, 1.140271778982786e-06, 1.123740268432697e-06, 1.107555170692586e-06, 1.0915216992806238e-06, 1.0755707290144154e-06, 1.0597940065565373e-06, 1.0440682187169365e-06, 1.0285529062820641e-06, 1.0130226916063802e-06, 9.980624305960733e-07, 9.832492353982092e-07, 9.685342967602553e-07, 9.540677120162726e-07, 9.39809004684468e-07, 9.258324887878151e-07, 9.119609316945428e-07, 8.983726991967847e-07, 8.849241739323025e-07, 8.717751700651287e-07, 8.587202464553079e-07, 8.459690521032872e-07, 8.334110245849161e-07, 8.210862754755963e-07]
ndim2: 500
W_list: [2.9499999999999997]
L_list: [69.21946751983937]
