R_list= [ 1  2  3  4  5  6  7  8  9 10 11 12 13 14 15 16 17 18 19 20 21 22 23 24
 25 26 27 28 29 30 31 32 33 34 35 36 37 38]
C_final_list= [5.695670664575269e-06, 4.797527275484428e-06, 3.995345947924978e-06, 3.3124077570865523e-06, 2.7380631969650653e-06, 2.2641167086644775e-06, 1.8730157136487542e-06, 1.5484483551537022e-06, 1.2777551647245396e-06, 1.0541536511437903e-06, 8.68364185865174e-07, 7.151906570478169e-07, 5.892327376212619e-07, 4.850485077479469e-07, 3.9870190123453803e-07, 3.2762649471509996e-07, 2.6927230701778455e-07, 2.211088266231541e-07, 1.814564020360805e-07, 1.4895118469149875e-07, 1.2205549021494495e-07, 9.993968015268283e-08, 8.198388740584286e-08, 6.719572602082636e-08, 5.5080202651960736e-08, 4.51148873514274e-08, 3.6906898957705704e-08, 3.022735093021608e-08, 2.4776117412037947e-08, 2.028752728841548e-08, 1.6599720271994617e-08, 1.3573749078099936e-08, 1.1093907426984665e-08, 9.053190256789452e-09, 7.39293943287643e-09, 6.036639382792646e-09, 4.93584573557554e-09, 4.03862546781305e-09]
W_list: [8.45]
L_list: [5.325556273730753]
