R_list= [ 1  2  3  4  5  6  7  8  9 10 11 12 13 14 15 16 17 18 19 20 21 22 23 24
 25 26 27 28 29 30 31 32 33 34 35 36 37 38]
C_final_list= [3.479755350592444e-07, 2.971621594562436e-07, 2.4999264535499007e-07, 2.0897386256648746e-07, 1.743132369940049e-07, 1.4517580013683957e-07, 1.2049549679484483e-07, 1.0001701311533869e-07, 8.298649029588301e-08, 6.895654813082056e-08, 5.7275303363562624e-08, 4.746902072808154e-08, 3.933181022805197e-08, 3.256833410942952e-08, 2.7016201672949885e-08, 2.243817801077439e-08, 1.860641717175034e-08, 1.5412306763833587e-08, 1.2734426709997666e-08, 1.0507971988806335e-08, 8.659017626969993e-09, 7.151642806448344e-09, 5.919193719679042e-09, 4.90117653703936e-09, 4.059071650986205e-09, 3.359095909313187e-09, 2.77044229267132e-09, 2.2904386581629324e-09, 1.8893229920843613e-09, 1.5573854488236718e-09, 1.2814359645815806e-09, 1.0562922448609839e-09, 8.734855660772593e-10, 7.224022050285471e-10, 5.963869394750327e-10, 4.910405150557634e-10, 4.036217072691888e-10, 3.314912666956368e-10]
W_list: [8.6]
L_list: [5.55070256073572]
