R_list= [ 1  2  3  4  5  6  7  8  9 10 11 12 13 14 15 16 17 18 19 20 21 22 23 24
 25 26 27 28 29 30 31 32 33 34 35 36 37 38]
C_final_list= [9.835729161974737e-07, 9.381010508284477e-07, 8.910687260309379e-07, 8.45314538088153e-07, 8.015866512375834e-07, 7.600852238321867e-07, 7.203683941424684e-07, 6.826853874393821e-07, 6.466839480985935e-07, 6.126428365036318e-07, 5.80398388559318e-07, 5.498601445610798e-07, 5.211317115417338e-07, 4.938992602513083e-07, 4.681102563714614e-07, 4.435778068496814e-07, 4.2025702142384107e-07, 3.9787333109564205e-07, 3.766111791504645e-07, 3.565045391403532e-07, 3.373196793691636e-07, 3.1914110965149056e-07, 3.0179592962489625e-07, 2.853620348744171e-07, 2.6983063455748e-07, 2.5522642108844843e-07, 2.412874737853255e-07, 2.2806677610957793e-07, 2.155523879547652e-07, 2.0370395778266322e-07, 1.9244053965614443e-07, 1.8180086909148898e-07, 1.7172473091548577e-07, 1.621902754802379e-07, 1.531160890776584e-07, 1.4451345922039203e-07, 1.3635770144893422e-07, 1.2863012088457116e-07]
W_list: [7.0]
L_list: [18.440416961712362]
