C_final_list: [1.7889830831273877e-06, 1.466673886382807e-06, 1.1984077241686435e-06, 9.792646669139427e-07, 7.959962874594376e-07, 6.515357107740505e-07, 5.339957681866708e-07, 4.372641916198896e-07, 3.5815491711463263e-07, 2.923082292391164e-07, 2.387813682496033e-07, 1.9579999850294642e-07, 1.6042189637022307e-07, 1.3135978749350953e-07, 1.0732163959681927e-07, 8.727346336181087e-08, 7.132761446785582e-08, 5.8344541005210914e-08, 4.757735162948022e-08, 3.8634520793546186e-08, 3.155246872205358e-08, 2.5668198612387465e-08, 2.093009599684726e-08, 1.7015796262452814e-08, 1.3800695544859521e-08, 1.1195194279958422e-08, 9.069065178066179e-09, 7.308003034284807e-09, 5.920856688672804e-09, 4.767067589572493e-09, 3.809826703540781e-09, 3.047175696331357e-09, 2.4408202371701445e-09, 1.954038827131001e-09, 1.5731875259786389e-09, 1.2686942086994575e-09, 1.0230285355207066e-09, 8.238433120259957e-10, 6.6712384338392e-10, 5.451522820917327e-10, 4.4109845981383325e-10, 3.598655931773878e-10, 2.955208030030946e-10, 2.39793647803925e-10, 1.9378724027259935e-10, 1.5679495700586894e-10, 1.2365601737816124e-10, 9.909195589258249e-11, 7.919826764543968e-11, 6.28960002227706e-11]
ndim2: 500
W_list: [3.8]
L_list: [4.961902704225014]
