C_final_list: [1.699735751096885e-06, 1.6405841166852784e-06, 1.5818883475360023e-06, 1.5253944112661121e-06, 1.4715131015009247e-06, 1.4183330754369905e-06, 1.3669969769086083e-06, 1.3176299376165387e-06, 1.269975661019216e-06, 1.224155822261544e-06, 1.1796302042580712e-06, 1.1361096602231236e-06, 1.0946971705138671e-06, 1.0546952182004038e-06, 1.0165279615449643e-06, 9.797982701356112e-07, 9.448809389959929e-07, 9.111391363860339e-07, 8.782932488808136e-07, 8.472185946174712e-07, 8.16836359979453e-07, 7.876059913330057e-07, 7.596375758722503e-07, 7.326240871055642e-07, 7.061765613738418e-07, 6.803797685332277e-07, 6.552725352809225e-07, 6.312917819826082e-07, 6.07783143392715e-07, 5.852215850211565e-07, 5.636584636572071e-07, 5.429059445188394e-07, 5.228456532476701e-07, 5.035387555318028e-07, 4.847914157839593e-07, 4.6685662257337107e-07, 4.4937593496552416e-07, 4.3261389765399743e-07, 4.1639535812612537e-07, 4.0069573080777567e-07, 3.853371396376353e-07, 3.706885987130536e-07, 3.5631251055344264e-07, 3.424137330579578e-07, 3.293160581174893e-07, 3.1654437998570394e-07, 3.042293277991812e-07, 2.922835774312361e-07, 2.8070404609945673e-07, 2.6963039701447317e-07]
ndim2: 500
W_list: [3.1999999999999997]
L_list: [27.006029532079687]
