C_final_list: [1.8206309629076566e-06, 1.7975993565364664e-06, 1.774768935906889e-06, 1.7529305809052274e-06, 1.7316512049799613e-06, 1.7107830493636558e-06, 1.6899453900569194e-06, 1.6695027038590695e-06, 1.649291914724686e-06, 1.6294335782929045e-06, 1.6098601123540178e-06, 1.5910237947411725e-06, 1.5723801367289224e-06, 1.5539643335997376e-06, 1.5359101494934728e-06, 1.5179243185742284e-06, 1.5000760205875417e-06, 1.4826482782244675e-06, 1.4653791499653358e-06, 1.4482955442542379e-06, 1.4312825417329476e-06, 1.4142480703527228e-06, 1.397417318743038e-06, 1.380833861753886e-06, 1.364491086791582e-06, 1.3482180196478e-06, 1.332051226045201e-06, 1.3160632630816853e-06, 1.3004715556962523e-06, 1.2849759069768772e-06, 1.2697326547653692e-06, 1.254559528634097e-06, 1.2394946336591935e-06, 1.2246293462575506e-06, 1.2098656334480188e-06, 1.1953035159753607e-06, 1.1808524658838376e-06, 1.1665265765644539e-06, 1.1526039525883687e-06, 1.138891237994261e-06, 1.1253404002652489e-06, 1.1120647867846e-06, 1.0988671073002264e-06, 1.0857166762115265e-06, 1.0726653527433417e-06, 1.0598144181120815e-06, 1.0471189298020198e-06, 1.0344896817564931e-06, 1.021973857406466e-06, 1.0094882586708243e-06]
ndim2: 500
W_list: [2.8]
L_list: [83.53213641693769]
