C_final_list: [1.226586511239118e-06, 1.190228482030462e-06, 1.154094134414118e-06, 1.1185226565901935e-06, 1.0839634991041382e-06, 1.0506975604348843e-06, 1.0185277131251588e-06, 9.87381176075389e-07, 9.574299025313611e-07, 9.28368075993221e-07, 9.000799289564564e-07, 8.727223473672302e-07, 8.460062352332892e-07, 8.198564877449402e-07, 7.947189720339132e-07, 7.701881803486354e-07, 7.463838661043296e-07, 7.233749102784067e-07, 7.006935237622215e-07, 6.788831474067846e-07, 6.577850450599129e-07, 6.372153590102747e-07, 6.169677241294844e-07, 5.975311792238868e-07, 5.786804284838205e-07, 5.602757002303223e-07, 5.423513943299657e-07, 5.248553401366166e-07, 5.079069677999494e-07, 4.916511913084298e-07, 4.758500172563249e-07, 4.605308660778496e-07, 4.456950816824863e-07, 4.3138144632651785e-07, 4.175476234129916e-07, 4.040132126089738e-07, 3.909935325231326e-07, 3.783617359994486e-07, 3.6616132033440486e-07, 3.5418926153493174e-07, 3.4248614616740694e-07, 3.311769741529164e-07, 3.2024199308458624e-07, 3.0963467610746574e-07, 2.994524121997615e-07, 2.895371075782935e-07, 2.8001534644533694e-07, 2.706329676129221e-07, 2.6160116650481915e-07, 2.528850576182901e-07]
ndim2: 500
W_list: [3.6]
L_list: [31.431526539229377]
