C_final_list: [1.7503179699868663e-06, 1.6926479677483332e-06, 1.634913370724186e-06, 1.5794421240172333e-06, 1.5262381139004563e-06, 1.4747445483976795e-06, 1.4254394713869063e-06, 1.3770760122987427e-06, 1.3316531855229188e-06, 1.288125859367739e-06, 1.2461857229037017e-06, 1.20565936380976e-06, 1.166431198223884e-06, 1.129116075283085e-06, 1.0927529523152787e-06, 1.0575413200952167e-06, 1.0237351954418377e-06, 9.907890919721662e-07, 9.588378244322445e-07, 9.279021923589361e-07, 8.977515288169133e-07, 8.682143657198487e-07, 8.394832431887154e-07, 8.115901550604729e-07, 7.848186754995088e-07, 7.591219596076988e-07, 7.338405867488198e-07, 7.093136482622939e-07, 6.857161452434802e-07, 6.628648854609333e-07, 6.406493610351472e-07, 6.192480476289817e-07, 5.983132103098339e-07, 5.779353963467167e-07, 5.585004678484113e-07, 5.398386404247501e-07, 5.21790931555164e-07, 5.043348148290867e-07, 4.873734431412869e-07, 4.710788081565459e-07, 4.5535372907535966e-07, 4.402386158037981e-07, 4.255491986655591e-07, 4.1128913487109435e-07, 3.9751260213369735e-07, 3.84260504400845e-07, 3.715204897519324e-07, 3.590104480612386e-07, 3.4687841410203286e-07, 3.351517935063793e-07]
ndim2: 500
W_list: [3.0999999999999996]
L_list: [29.841343232349953]
