C_final_list: [1.7114201186621226e-06, 1.6440322055036753e-06, 1.5777394815975158e-06, 1.513857638692622e-06, 1.452832332609632e-06, 1.3945604507783234e-06, 1.3380624537313784e-06, 1.2831556405913542e-06, 1.2309960147227712e-06, 1.1807478158956923e-06, 1.1321452732434603e-06, 1.085417311584894e-06, 1.0410842906687734e-06, 9.982598972196665e-07, 9.56978128744517e-07, 9.173837246201296e-07, 8.79741148993363e-07, 8.435035409868297e-07, 8.086244520341179e-07, 7.751483206187591e-07, 7.426461082824716e-07, 7.117104272180454e-07, 6.817817562111572e-07, 6.530009750123862e-07, 6.25171124163374e-07, 5.982166215989292e-07, 5.72288822182504e-07, 5.476781843813547e-07, 5.238848145343874e-07, 5.009419638232595e-07, 4.785005310539388e-07, 4.570104965037481e-07, 4.3668361103752805e-07, 4.1733113145769385e-07, 3.987408847321496e-07]
ndim2: 500
W_list: [3.2]
L_list: [23.67277742555714]
