R_list= [ 1  2  3  4  5  6  7  8  9 10 11 12 13 14 15 16 17 18 19 20 21 22 23 24
 25 26 27 28 29 30 31 32]
C_final_list= [7.698299696953353e-07, 7.193482723107683e-07, 6.700732825776977e-07, 6.232206052023352e-07, 5.795914136506849e-07, 5.391752339627221e-07, 5.010609304808325e-07, 4.6564086165464125e-07, 4.3251221801776546e-07, 4.0175851105483534e-07, 3.734797966045155e-07, 3.472105784902499e-07, 3.2284046148500734e-07, 3.001686914803056e-07, 2.791256660496466e-07, 2.593657392068768e-07, 2.4089246573048537e-07, 2.235554309592868e-07, 2.0755732010051299e-07, 1.9276615692969977e-07, 1.788940409502071e-07, 1.6604337349003157e-07, 1.5404669700461153e-07, 1.429305899810869e-07, 1.3259913547475977e-07, 1.229445997359747e-07, 1.1394520962265783e-07, 1.055718321815552e-07, 9.778014572439326e-08, 9.05744378667291e-08, 8.379837982263277e-08, 7.750065757895108e-08]
W_list: [6]
L_list: [13.656809427492291]
