R_list= [ 1  2  3  4  5  6  7  8  9 10 11 12 13 14 15 16 17 18 19 20 21 22 23 24
 25 26 27 28 29 30 31 32 33 34 35 36 37 38]
C_final_list= [1.2230144178160702e-06, 8.620520306293573e-07, 6.043456847122087e-07, 4.2746175875163974e-07, 3.0344948368359816e-07, 2.1461149132041784e-07, 1.5170448343902477e-07, 1.05956513234491e-07, 7.411671799333116e-08, 5.2057744190965695e-08, 3.643297363095507e-08, 2.563119520029927e-08, 1.79491324002072e-08, 1.2620947701367456e-08, 8.919168068109409e-09, 6.252106310409152e-09, 4.353056265526738e-09, 3.0235350691422073e-09, 2.1021687041806734e-09, 1.455372457679499e-09, 1.0216728362596025e-09, 7.15768176764697e-10, 4.836558223034856e-10, 3.277207329662413e-10, 2.23412091926061e-10, 1.5400098758076852e-10, 1.0508500088060245e-10, 7.113557106224486e-11, 4.875999405163528e-11, 3.3292590457935883e-11, 2.274544339860346e-11, 1.572030042275918e-11, 1.0763080688858654e-11, 7.46973838297751e-12, 5.348675178989046e-12, 3.828761770821923e-12, 2.7985866802250384e-12, 2.0472436634616307e-12]
W_list: [6.2]
L_list: [2.860175729620804]
