R_list= [ 1  2  3  4  5  6  7  8  9 10 11 12 13 14 15 16 17 18 19 20 21 22 23 24
 25 26 27 28 29 30 31 32 33 34 35 36 37 38]
C_final_list= [1.3982603954082064e-06, 9.264003783084686e-07, 5.753442302503324e-07, 3.562077956530704e-07, 2.229747133519503e-07, 1.4029792598465385e-07, 8.809937475230825e-08, 5.512963242715476e-08, 3.4421918649237515e-08, 2.1472337428775453e-08, 1.3391577919434807e-08, 8.351132159851703e-09, 5.199084239411676e-09, 3.2268377728136096e-09, 2.010442104029853e-09, 1.2557600586996132e-09, 7.870506984268545e-10, 4.928788096271114e-10, 3.0710103005430383e-10, 1.8838748258918298e-10, 1.1405400767401648e-10, 6.866997562023419e-11, 4.170803539480097e-11, 2.5421808178970033e-11, 1.5579625112529036e-11, 9.602545722583784e-12, 6.110629080150003e-12, 4.012766316478501e-12, 2.6494068723592844e-12, 1.778137436746974e-12, 1.1894405126046845e-12, 7.99739401880211e-13, 5.318306870757244e-13, 3.580831891979331e-13, 2.4427386899546685e-13, 1.6753126932142042e-13, 1.0190433342262698e-13, 5.754397982973287e-14]
W_list: [5]
L_list: [2.212056859998958]
