R_list= [ 1  2  3  4  5  6  7  8  9 10 11 12 13 14 15 16 17 18 19 20 21 22 23 24
 25 26 27 28 29 30 31 32 33 34 35 36 37 38]
C_final_list= [1.2631164113219023e-06, 1.225556884948829e-06, 1.1887690493464765e-06, 1.1528532860503484e-06, 1.117660157422399e-06, 1.0836652872421511e-06, 1.0509209430523388e-06, 1.0191978319776058e-06, 9.887037734517095e-07, 9.586721676857525e-07, 9.29349623264458e-07, 9.007779926710107e-07, 8.730715081104644e-07, 8.46166770654496e-07, 8.200265308270904e-07, 7.947223389279657e-07, 7.701443166993287e-07, 7.46409681950261e-07, 7.233929052373502e-07, 7.010358851418674e-07, 6.793617152767955e-07, 6.581547662986389e-07, 6.375320279209246e-07, 6.174939468425049e-07, 5.980744693835805e-07, 5.793450483349911e-07, 5.609432219084905e-07, 5.431651904659407e-07, 5.26097862557736e-07, 5.094541312389329e-07, 4.933290013622832e-07, 4.776778995823202e-07, 4.62658270645909e-07, 4.480943409644951e-07, 4.339966420245121e-07, 4.202575853545581e-07, 4.0699337127251016e-07, 3.940838612537288e-07]
W_list: [5]
L_list: [31.89834895909496]
