R_list= [ 1  2  3  4  5  6  7  8  9 10 11 12 13 14 15 16 17 18 19 20 21 22 23 24
 25 26 27 28 29 30 31 32 33 34 35 36 37 38]
C_final_list= [1.045703705042799e-06, 9.644931165834366e-07, 8.855044313666923e-07, 8.117649580245007e-07, 7.43946104251132e-07, 6.814663381671327e-07, 6.237688744567377e-07, 5.708367399237721e-07, 5.220667812172019e-07, 4.773037695622833e-07, 4.3631461154048555e-07, 3.9856357951502457e-07, 3.643052689476559e-07, 3.3286096688502517e-07, 3.0394203216501495e-07, 2.7726969241440683e-07, 2.5272447575707305e-07, 2.3033180784413675e-07, 2.097798021442421e-07, 1.9103701295423035e-07, 1.738547164751791e-07, 1.5815412389578903e-07, 1.4389852197393047e-07, 1.3085854522050865e-07, 1.189852329874463e-07, 1.0819772364065458e-07, 9.834019761402468e-08, 8.936095815434535e-08, 8.119505043203488e-08, 7.381067524096324e-08, 6.708745317488612e-08, 6.091299050088518e-08, 5.528134063547098e-08, 5.010766289885811e-08, 4.540781972648714e-08, 4.1163300697953765e-08, 3.736288333628363e-08, 3.38912201600817e-08]
W_list: [7.2]
L_list: [11.147996161627038]
