C_list:
6.454627942230675e-07 0.08058813183525902
ndim2: 500
W_list: [3.4]
L_list: [12.408775054424066]
