R_list= [ 1  2  3  4  5  6  7  8  9 10 11 12 13 14 15 16 17 18 19 20 21 22 23 24
 25 26 27 28 29 30 31 32 33 34 35 36 37 38]
C_final_list= [1.0119330696976625e-06, 5.702668942477118e-07, 2.7646607518270584e-07, 1.23805875608188e-07, 5.2929990177710015e-08, 2.2059857233092513e-08, 9.05841606405472e-09, 3.7038980169201877e-09, 1.5223582905676667e-09, 6.272151232062514e-10, 2.586960738705543e-10, 1.0508744947455395e-10, 4.186106560618205e-11, 1.6437062770667967e-11, 6.3668271344024936e-12, 2.4514713378290012e-12, 9.451902403399258e-13, 3.617053660584373e-13, 1.361343907521091e-13, 5.063410203097521e-14, 1.9166396172884545e-14, 7.354991435096097e-15, 2.7666889350573192e-15, 1.0224313538042236e-15, 3.7817228853567243e-16, 1.4390621795661766e-16, 5.99289235896584e-17, 2.997379696997327e-17, 2.130688303353038e-17, 2.1448956283679097e-17, 2.6585611141341978e-17, 3.680787754577117e-17, 4.0346785600712635e-17, 3.103729470319216e-17, 1.6642503819901932e-17, 6.861988556435509e-18, 2.1997953536888974e-18, 5.997896131172959e-19]
W_list: [5]
L_list: [1.524545680675575]
