C_final_list: [1.3733272701379064e-06, 1.2901653240090247e-06, 1.2108629152473846e-06, 1.1349312320239561e-06, 1.0632055461850293e-06, 9.9530436694792e-07, 9.314439073362126e-07, 8.717408742254845e-07, 8.156237723945786e-07, 7.62291569146783e-07, 7.131026262893692e-07, 6.668743848142316e-07, 6.238062715273446e-07, 5.836491684069393e-07, 5.459858290126861e-07, 5.102967349787997e-07, 4.771706758158336e-07, 4.4634410247199616e-07, 4.171157622150774e-07, 3.896880283053632e-07, 3.6434557465834756e-07, 3.4012149409228733e-07, 3.17777595449748e-07, 2.968469197269334e-07, 2.770226527233922e-07, 2.5874261908502376e-07, 2.4165243104864105e-07, 2.255424890483248e-07, 2.1063470937715797e-07, 1.967198614530157e-07, 1.8362768693546465e-07, 1.7142488220460754e-07, 1.5996080317810306e-07, 1.4946719371340139e-07, 1.3971522619319186e-07, 1.3051843162594134e-07, 1.219719996956918e-07, 1.1389878402548366e-07, 1.0640005382858092e-07, 9.938104060368923e-08, 9.28194176068978e-08, 8.664792080480609e-08, 8.077276380708057e-08, 7.528873653148745e-08, 7.01122206768765e-08, 6.527847194964396e-08, 6.078949739161994e-08, 5.661292367616165e-08, 5.268441968190931e-08, 4.8991849877316983e-08]
ndim2: 500
W_list: [3.8]
L_list: [14.950398399932114]
