C_final_list: [1.497396656461219e-06, 1.3615903366100387e-06, 1.2300141188009586e-06, 1.1089944683417703e-06, 9.997972802374035e-07, 9.002724974894772e-07, 8.118510565229967e-07, 7.311077589991475e-07, 6.585346188969618e-07, 5.923779558046737e-07, 5.339455432910665e-07, 4.806280457286712e-07, 4.327787872357722e-07, 3.8938369043246993e-07, 3.5030557764393474e-07, 3.152249510416913e-07, 2.837748671426066e-07, 2.5581127412813377e-07, 2.307216885197826e-07, 2.0830889538325579e-07, 1.876569179525615e-07, 1.6918085151960087e-07, 1.52137056614771e-07, 1.3675582133196026e-07, 1.2278223944471118e-07, 1.1046519334278194e-07, 9.922036084319061e-08, 8.912879224456147e-08, 8.024979358869867e-08, 7.214521795616635e-08, 6.501926367942163e-08, 5.852249295711928e-08, 5.259962382310868e-08, 4.730498003304043e-08, 4.244922038472152e-08]
ndim2: 500
W_list: [2.4000000000000004]
L_list: [9.610858584844618]
