R_list= [ 1  2  3  4  5  6  7  8  9 10 11 12 13 14 15 16 17 18 19 20 21 22 23 24
 25 26 27 28 29 30 31 32 33 34 35 36 37 38]
C_final_list= [2.3353554895048616e-06, 1.7742300762551087e-06, 1.333590962245719e-06, 9.942378539646504e-07, 7.422102805621551e-07, 5.537965107947096e-07, 4.1191247250554156e-07, 3.06054360283194e-07, 2.276535977980821e-07, 1.694419196628276e-07, 1.258154793650072e-07, 9.335912894684377e-08, 6.933304302962115e-08, 5.146447000195745e-08, 3.822808160790887e-08, 2.832099542193012e-08, 2.0951843381207245e-08, 1.5613672962690877e-08, 1.1565780060941523e-08, 8.548257457866307e-09, 6.362250785488672e-09, 4.7379017061268e-09, 3.5411786667898564e-09, 2.642293277637489e-09, 1.9628807360643753e-09, 1.4678499650475091e-09, 1.0959251610095186e-09, 8.202009833266695e-10, 6.126471159565802e-10, 4.549420151870891e-10, 3.3801064635956774e-10, 2.5179667093313997e-10, 1.8889554168440347e-10, 1.390934190652326e-10, 1.0143028812431434e-10, 7.475015720245746e-11, 5.4222484085783994e-11, 3.964997862376873e-11]
W_list: [9.2]
L_list: [3.4663870078193857]
