R_list= [ 1  2  3  4  5  6  7  8  9 10 11 12 13 14 15 16 17 18 19 20 21 22 23 24
 25 26 27 28 29 30 31 32 33 34 35 36 37 38]
C_final_list= [8.103190511947292e-07, 4.1067202392958863e-07, 1.709840362852204e-07, 6.403310672977831e-08, 2.2571068093110917e-08, 7.677620606284175e-09, 2.563026573672075e-09, 8.520370308939331e-10, 2.847443524291724e-10, 9.60695977158677e-11, 3.2171329285068503e-11, 1.0602457144468764e-11, 3.440514879157577e-12, 1.1284332183678923e-12, 3.801056454168436e-13, 1.3426953675439634e-13, 4.851129948086287e-14, 1.737540898923044e-14, 6.313920204608697e-15, 2.3567115616405657e-15, 9.124154647475935e-16, 3.5565356739328967e-16, 1.3134177904449766e-16, 4.708864139598902e-17, 1.7335665525425683e-17, 6.479422298133563e-18, 2.395275019873411e-18, 7.726915312226105e-19, 2.4959339895046777e-19, 8.41246309772261e-20, 3.0296584277502974e-20, 1.2136594615033994e-20, 5.6947774926880725e-21, 3.276120749138651e-21, 2.3401840411254793e-21, 1.9683291539259574e-21, 1.808464013888079e-21, 1.6851587033673529e-21]
W_list: [5]
L_list: [1.3098750362023042]
