R_list= [ 1  2  3  4  5  6  7  8  9 10 11 12 13 14 15 16 17 18 19 20 21 22 23 24
 25 26 27 28 29 30 31 32 33 34 35 36 37 38]
C_final_list= [1.8944798111158338e-07, 1.673771336521976e-07, 1.460324075733649e-07, 1.26743819381781e-07, 1.0974694461543728e-07, 9.468518362220606e-08, 8.153576666182637e-08, 7.004392597047951e-08, 6.01238602056836e-08, 5.155120050083818e-08, 4.422409700892811e-08, 3.7901897996842544e-08, 3.245551334988697e-08, 2.7788785651577162e-08, 2.3794093596700785e-08, 2.0384844822736962e-08, 1.7412499640452935e-08, 1.4861364356780788e-08, 1.2685726168797845e-08, 1.0841575059022398e-08, 9.253666591901191e-09, 7.889979379433737e-09, 6.722853541831913e-09, 5.729360619605124e-09, 4.886975170957464e-09, 4.167031892725242e-09, 3.5590954770832912e-09, 3.037992121318978e-09, 2.593382848305922e-09, 2.216292077957425e-09, 1.893231993168817e-09, 1.61449772198319e-09, 1.3754885667353696e-09, 1.1710339439414821e-09, 9.971856876947053e-10, 8.494763892758888e-10, 7.217742939640881e-10, 6.123061922257955e-10]
W_list: [8.4]
L_list: [6.807973867273647]
