R_list= [ 1  2  3  4  5  6  7  8  9 10 11 12 13 14 15 16 17 18 19 20 21 22 23 24
 25 26 27 28 29 30 31 32 33 34 35 36 37 38]
C_final_list= [2.3983663017626272e-05, 1.9896157356613502e-05, 1.6374239575638285e-05, 1.3440758923602703e-05, 1.1011646349564101e-05, 9.01655169539664e-06, 7.37786621942166e-06, 6.038908243734434e-06, 4.942024701721931e-06, 4.038953379478128e-06, 3.2991648269620204e-06, 2.695524956782831e-06, 2.20177613107955e-06, 1.799517902751045e-06, 1.4700569006895569e-06, 1.1995039688318434e-06, 9.785818941475432e-07, 7.987910234488751e-07, 6.519591662906214e-07, 5.3221807912465e-07, 4.3461988532818436e-07, 3.5514544656745823e-07, 2.901943452672864e-07, 2.368818101798699e-07, 1.9340487625136283e-07, 1.5805623199039268e-07, 1.2919938061373873e-07, 1.0557179375087056e-07, 8.633365284265631e-08, 7.061340851620828e-08, 5.778912109495264e-08, 4.729766492028321e-08, 3.863159365055273e-08, 3.152985103222799e-08, 2.57653523836618e-08, 2.1002803104392195e-08, 1.7117780712294272e-08, 1.397002888684818e-08]
W_list: [7.95]
L_list: [5.055701700713605]
