C_final_list: [1.8998251316632791e-06, 1.6296092902216891e-06, 1.3984239491366685e-06, 1.2016436669148435e-06, 1.0302798748364738e-06, 8.806433131100952e-07, 7.539308054728717e-07, 6.445269339463316e-07, 5.508474216183015e-07, 4.711247475484912e-07, 4.0158821766688077e-07, 3.415173646055996e-07, 2.894654551307734e-07, 2.45947999855632e-07, 2.0882824069214812e-07, 1.772927651288959e-07, 1.5048109962574792e-07, 1.2804472445340182e-07, 1.0880709146709625e-07, 9.233331295621195e-08, 7.82210243907515e-08, 6.611565330916691e-08, 5.574636394212121e-08, 4.7077928113778405e-08, 3.9862774612776415e-08, 3.3607065551214766e-08, 2.8473756378783822e-08, 2.4050131670806716e-08, 2.021788482386983e-08, 1.6977085700743427e-08, 1.4229662062271277e-08, 1.1933876005363649e-08, 9.955124418248606e-09, 8.344880278681601e-09, 6.979773393678082e-09, 5.816312030305672e-09, 4.872267653104e-09, 4.081049358680693e-09, 3.4272048454156002e-09, 2.859461222060267e-09, 2.3866359400024857e-09, 1.9913174747510684e-09, 1.6554780583326318e-09, 1.3827400066512296e-09, 1.1566636179487114e-09, 9.629241017614198e-10, 8.080245504402177e-10, 6.765109098440922e-10, 5.617538530224288e-10, 4.678499084632128e-10]
ndim2: 500
W_list: [3.3499999999999996]
L_list: [6.396567049440246]
