R_list= [ 1  2  3  4  5  6  7  8  9 10 11 12 13 14 15 16 17 18 19 20 21 22 23 24
 25 26 27 28 29 30 31 32 33 34 35 36 37 38]
C_final_list= [4.0786744553112164e-07, 3.615040672187667e-07, 3.172053235397879e-07, 2.776604760193186e-07, 2.42382934253298e-07, 2.1096072976164253e-07, 1.8358871356061432e-07, 1.5946963914759877e-07, 1.3872928993818824e-07, 1.2066023648045933e-07, 1.0509011032561636e-07, 9.15215581356662e-08, 7.969035837865283e-08, 6.930126703396771e-08, 6.020533710677415e-08, 5.230471544044842e-08, 4.5448307132032326e-08, 3.942998300173328e-08, 3.4235014278983536e-08, 2.96849363848288e-08, 2.5722418166070548e-08, 2.2263433939551224e-08, 1.9244763138933208e-08, 1.6634484502199257e-08, 1.437489197883152e-08, 1.2439529922331246e-08, 1.075232754570408e-08, 9.286226802594327e-09, 8.019959162829807e-09, 6.927123561904628e-09, 5.972620686740827e-09, 5.1633329619879555e-09, 4.4704099147651934e-09, 3.87237192492544e-09, 3.3513797506813416e-09, 2.901287266271406e-09, 2.50826988613628e-09, 2.163054837292506e-09]
W_list: [7.2]
L_list: [7.311663360133501]
