C_final_list: [1.6189631109653722e-06, 1.4525955353446766e-06, 1.2992570562065853e-06, 1.159382807081239e-06, 1.035766008170543e-06, 9.248124184205337e-07, 8.256920762529065e-07, 7.376960073560618e-07, 6.5876644655546e-07, 5.878073784591598e-07, 5.241066065682007e-07, 4.676538967084664e-07, 4.174406433531054e-07, 3.725618118321369e-07, 3.3218985023223817e-07, 2.9648710495579077e-07, 2.6468806849734964e-07, 2.3660297412458584e-07, 2.1168481386492532e-07, 1.890535463947484e-07, 1.6868037590179297e-07, 1.5039333543287702e-07, 1.3377265471588483e-07, 1.1908751700436027e-07, 1.0593601698727827e-07, 9.43442217924501e-08, 8.400323237407726e-08, 7.45953663124399e-08, 6.624099713658976e-08, 5.8783612947112975e-08, 5.223549822311359e-08, 4.628344031813907e-08, 4.092404901821134e-08, 3.617844757273209e-08, 3.1954053484995134e-08, 2.8250160720852527e-08, 2.4982831592132174e-08, 2.2140001760399846e-08, 1.961689892016066e-08, 1.7355913105668673e-08, 1.538572724732409e-08, 1.3627267761167802e-08, 1.2055649903410108e-08, 1.0687350013889683e-08, 9.466430248677771e-09, 8.4067606215545e-09, 7.461888308634783e-09, 6.6335476722361706e-09, 5.882185104436918e-09, 5.207994612649656e-09]
ndim2: 500
W_list: [3.8]
L_list: [8.823509208027057]
