R_list= [ 1  2  3  4  5  6  7  8  9 10 11 12 13 14 15 16 17 18 19 20 21 22 23 24
 25 26 27 28 29 30 31 32 33 34 35 36 37 38]
C_final_list= [2.757571480211654e-07, 2.1455918736926835e-07, 1.671595951368607e-07, 1.29731470461328e-07, 1.0038620227146894e-07, 7.723652334987112e-08, 5.9449496071868646e-08, 4.585876224019096e-08, 3.527107072018715e-08, 2.6983994853407194e-08, 2.0662178520540723e-08, 1.5822101414260902e-08, 1.2117655116260131e-08, 9.282787952166891e-09, 7.086253729236574e-09, 5.4163895780637265e-09, 4.155744106076105e-09, 3.1867709301299074e-09, 2.4318746832223126e-09, 1.8540489404194991e-09, 1.4161507593487888e-09, 1.0815289310791943e-09, 8.222629271616057e-10, 6.210643357823669e-10, 4.708986791135192e-10, 3.565130760883521e-10, 2.6988163578599927e-10, 2.0442806744671665e-10, 1.5471796941064776e-10, 1.1704837052181715e-10, 8.950324839239307e-11, 6.794474087710414e-11, 5.1234933846938337e-11, 3.860559481022359e-11, 2.891829262195647e-11, 2.130489485320205e-11, 1.5866521839794265e-11, 1.1957193576804707e-11]
W_list: [7]
L_list: [3.9087980491791967]
