R_list= [ 1  2  3  4  5  6  7  8  9 10 11 12 13 14 15 16 17 18 19 20 21 22 23 24
 25 26 27 28 29 30 31 32 33 34 35 36 37 38]
C_final_list= [2.676915389246818e-06, 2.1026465658415245e-06, 1.6333130647662612e-06, 1.2625265142324928e-06, 9.756690387776795e-07, 7.512992288182826e-07, 5.774871785099602e-07, 4.4504079044885274e-07, 3.4192691451683946e-07, 2.6216058385118215e-07, 2.0059663938804672e-07, 1.5345243011765056e-07, 1.1754537524026235e-07, 9.010752699672645e-08, 6.879914560255611e-08, 5.2512293062767376e-08, 3.993519616910238e-08, 3.039194000289875e-08, 2.3079586899259943e-08, 1.749411399221203e-08, 1.3241761857786315e-08, 1.0025223405689352e-08, 7.573176088209382e-09, 5.7007040619373594e-09, 4.274597300626832e-09, 3.202524968751038e-09, 2.4013211282366912e-09, 1.807210336104671e-09, 1.3543929564208468e-09, 1.0217918777407846e-09, 7.672034874143083e-10, 5.733975528527679e-10, 4.315705622509512e-10, 3.2706444398864654e-10, 2.471100813106648e-10, 1.8690093384139386e-10, 1.4039990679583482e-10, 1.048241505835717e-10]
W_list: [8.8]
L_list: [3.908588387281803]
