R_list= [ 1  2  3  4  5  6  7  8  9 10 11 12 13 14 15 16 17 18 19 20 21 22 23 24
 25 26 27 28 29 30 31 32 33 34 35 36 37 38]
C_final_list= [5.019358549087293e-07, 3.4860939147788636e-07, 2.4659817209056575e-07, 1.7495036568769405e-07, 1.2355029169815276e-07, 8.689759285353791e-08, 6.121403457052378e-08, 4.315596477461197e-08, 3.044780629947852e-08, 2.144676183345919e-08, 1.50753643712907e-08, 1.0609310278771654e-08, 7.395133556875847e-09, 5.149604986609358e-09, 3.590948597084031e-09, 2.501736241191292e-09, 1.7525645953269443e-09, 1.2384723573169226e-09, 8.772868279620855e-10, 6.110741702206597e-10, 4.216979780400826e-10, 2.883736724745048e-10, 1.9554960922799353e-10, 1.340085933507627e-10, 9.123806503957478e-11, 6.319140153367138e-11, 4.3538592268483453e-11, 2.986197186435511e-11, 2.0501751579696464e-11, 1.4273310601469043e-11, 9.827260871178871e-12, 6.739904054061649e-12, 4.77808875788225e-12, 3.425837069093307e-12, 2.4564986981316865e-12, 1.7800613986908566e-12, 1.314625557868562e-12, 9.665415648380833e-13]
W_list: [7]
L_list: [2.845856250145642]
