R_list= [ 1  2  3  4  5  6  7  8  9 10 11 12 13 14 15 16 17 18 19 20 21 22 23 24
 25 26 27 28 29 30 31 32 33 34 35 36 37 38]
C_final_list= [3.866549614027125e-07, 1.9758621211378573e-07, 9.559582262366036e-08, 4.5924706319016346e-08, 2.18721592589118e-08, 1.0389519696708253e-08, 4.879277299631295e-09, 2.2636218106724326e-09, 1.0427969703814538e-09, 4.83540061539932e-10, 2.2581052964754483e-10, 1.0806111234338037e-10, 5.254057864247476e-11, 2.5137000099332918e-11, 1.2056076100673373e-11, 6.014630710149126e-12, 3.0414060698082508e-12, 1.4688691241900043e-12, 6.998350075527454e-13, 3.432016760765897e-13, 1.7243718130664633e-13, 7.74462437406708e-14, 3.3056131751960456e-14, 1.3719517245010676e-14, 5.842944583307972e-15, 2.9136719821700316e-15, 1.7764290061701802e-15, 1.2735389779187567e-15, 8.55483405184377e-16, 4.969277155157034e-16, 3.7844737177207214e-16, 2.2495165673919206e-16, 8.338937137994132e-17, 2.45554666303619e-17, 7.308708926078013e-18, 2.3344046430220727e-18, 8.922609939924516e-19, 3.7899605498332313e-19]
W_list: [7]
L_list: [1.4359498766228382]
