C_final_list: [1.646914945253057e-06, 1.5846453380404227e-06, 1.5244423592844597e-06, 1.4668870615608479e-06, 1.4113023689725245e-06, 1.357954422509664e-06, 1.3058973480678806e-06, 1.2557792531259262e-06, 1.207584306498088e-06, 1.1608328333516044e-06, 1.1161054710704914e-06, 1.0732078995106488e-06, 1.0316148541038334e-06, 9.920338662972698e-07, 9.535984287731187e-07, 9.168514137852295e-07, 8.813630755157094e-07, 8.472702777269142e-07, 8.144905835855573e-07, 7.832810486016044e-07, 7.532251159973857e-07, 7.242148969756101e-07, 6.965511777635522e-07, 6.696957041756769e-07, 6.434771142546641e-07, 6.183140058332349e-07, 5.939954206950789e-07, 5.702716718631051e-07, 5.474677677009981e-07, 5.253989290602153e-07, 5.042040576258255e-07, 4.842634329219344e-07, 4.650842966703328e-07, 4.465748712995962e-07, 4.289892428563944e-07, 4.122735604205593e-07, 3.962524472089807e-07, 3.808871537480228e-07, 3.661085410280133e-07, 3.5195574721867846e-07, 3.3828584870933257e-07, 3.2526971050780124e-07, 3.1265858096824435e-07, 3.0049321734115447e-07, 2.8872383771300735e-07, 2.7744683826027735e-07, 2.6659708051394816e-07, 2.5575336657986296e-07, 2.45302639819213e-07, 2.3529898748593208e-07]
ndim2: 500
W_list: [3.25]
L_list: [25.318785846488055]
