R_list= [ 1  2  3  4  5  6  7  8  9 10 11 12 13 14 15 16 17 18 19 20 21 22 23 24
 25 26 27 28 29 30 31 32 33 34 35 36 37 38]
C_final_list= [3.7237999734948576e-05, 2.4636705002756992e-05, 1.6233763193858234e-05, 1.065991892615856e-05, 6.992009824012148e-06, 4.575916573717007e-06, 2.992965955546676e-06, 1.957888945682875e-06, 1.2782435377962255e-06, 8.357792310370917e-07, 5.464045884421855e-07, 3.571439134011119e-07, 2.335890470912076e-07, 1.5283462651093038e-07, 9.967815774230713e-08, 6.555428240367917e-08, 4.275180853421754e-08, 2.7705118246515688e-08, 1.7850135462491548e-08, 1.1541242522773854e-08, 7.529296256154194e-09, 4.935666293223969e-09, 3.243313005203763e-09, 2.124819471305791e-09, 1.3763255940308215e-09, 8.937236917213772e-10, 5.885631005841229e-10, 3.8940859371304635e-10, 2.590157748593892e-10, 1.7192977890920282e-10, 1.1405661405472737e-10, 7.360422382856654e-11, 4.7639356699911534e-11, 3.0655360257294256e-11, 1.950172834902235e-11, 1.2497404132109947e-11, 8.148063119275995e-12, 5.27993327793588e-12]
W_list: [8.05]
L_list: [2.393641502054165]
