R_list= [ 1  2  3  4  5  6  7  8  9 10 11 12 13 14 15 16 17 18 19 20 21 22 23 24
 25 26 27 28 29 30 31 32 33 34 35 36 37 38]
C_final_list= [1.1574737649938185e-06, 7.658009533312138e-07, 5.067333715395442e-07, 3.368370510128483e-07, 2.2143074408561284e-07, 1.455867285143579e-07, 9.560973479903532e-08, 6.222884287562794e-08, 4.062089205173484e-08, 2.6703399641111485e-08, 1.7665428597383116e-08, 1.1513969072753658e-08, 7.486824722488453e-09, 4.873157255861051e-09, 3.2186393384956657e-09, 2.108879036140291e-09, 1.3904445129429614e-09, 9.2077523060917e-10, 6.056241687516986e-10, 3.9447868231144986e-10, 2.531026882696861e-10, 1.6031539858415507e-10, 1.0249925176871242e-10, 6.608161738588246e-11, 4.262423575904928e-11, 2.7246984284230086e-11, 1.713677060977334e-11, 1.1163631562976512e-11, 7.640088545834068e-12, 4.879021537556707e-12, 3.302557612940567e-12, 2.0929753521855537e-12, 1.3437252034117014e-12, 8.732716707098258e-13, 5.684106781691273e-13, 3.724310661953721e-13, 2.293819335047625e-13, 1.4092679531717852e-13]
W_list: [7.6000000000000005]
L_list: [2.416374180580068]
