R_list= [ 1  2  3  4  5  6  7  8  9 10 11 12 13 14 15 16 17 18 19 20 21 22 23 24
 25 26 27 28 29 30 31 32 33 34 35 36 37 38]
C_final_list= [4.785995725039348e-07, 4.096832347361991e-07, 3.499476248060714e-07, 2.969467172409981e-07, 2.516875509806953e-07, 2.137677583769805e-07, 1.8151462104798034e-07, 1.5376716561444124e-07, 1.3029044285546206e-07, 1.1030183819053923e-07, 9.328262097177268e-08, 7.895251373852934e-08, 6.683991619297291e-08, 5.6394627646728826e-08, 4.743095129385486e-08, 3.984913533649137e-08, 3.3554426006748464e-08, 2.8209309894065246e-08, 2.3678375162084128e-08, 1.982951065403815e-08, 1.660388065347638e-08, 1.3915171759026423e-08, 1.1683220763575597e-08, 9.777436330128168e-09, 8.178745323599307e-09, 6.837152036865269e-09, 5.71736428547694e-09, 4.787569442455457e-09, 3.998559376734975e-09, 3.3369411887640838e-09, 2.7829985296683567e-09, 2.3205835272400507e-09, 1.9386152103611235e-09, 1.6195907743700522e-09, 1.3506315946279444e-09, 1.1310644648275125e-09, 9.478458119624322e-10, 7.936159310714232e-10]
W_list: [7]
L_list: [6.093070682686761]
