C_final_list: [1.9872963548150457e-06, 1.7551008630713435e-06, 1.5414790589613217e-06, 1.358352713501033e-06, 1.1984392879062293e-06, 1.0550537918963807e-06, 9.300751833238833e-07, 8.166471021244385e-07, 7.175015595761289e-07, 6.309712760748354e-07, 5.545060966960894e-07, 4.869056960238903e-07, 4.2781211143027834e-07, 3.7545680770957307e-07, 3.283620553914147e-07, 2.87640268630279e-07, 2.52078325637573e-07, 2.2039969983965622e-07, 1.9264158763777827e-07, 1.6810892317273368e-07, 1.4634077589178096e-07, 1.2726003094900732e-07, 1.1062163090119163e-07, 9.622794124783569e-08, 8.378757026685658e-08, 7.321773979473134e-08, 6.373624145729147e-08, 5.526449566315524e-08, 4.8021719380093056e-08, 4.158949319552759e-08, 3.611012895175266e-08, 3.130898206827312e-08, 2.709781461352393e-08, 2.3470790296261276e-08, 2.031733045427381e-08, 1.756655982780133e-08, 1.5246398075596374e-08, 1.3253273337787773e-08, 1.15774392435342e-08, 1.0096360655314513e-08, 8.766158180012097e-09, 7.603176165976032e-09, 6.605823770857257e-09, 5.72446361331651e-09, 4.976701853809532e-09, 4.326939462382347e-09, 3.749081180931076e-09, 3.2468410420019297e-09, 2.8081196455848543e-09, 2.43469565033017e-09]
ndim2: 500
W_list: [3.0]
L_list: [7.759878928889101]
