R_list= [ 1  2  3  4  5  6  7  8  9 10 11 12 13 14 15 16 17 18 19 20 21 22 23 24
 25 26 27 28 29 30 31 32 33 34 35 36 37 38]
C_final_list= [2.853626412627466e-07, 1.5569746402940756e-07, 7.568171863081974e-08, 3.51766428794856e-08, 1.6078086345258985e-08, 7.275811056202685e-09, 3.2688899131385702e-09, 1.4429464143471658e-09, 6.297496857840012e-10, 2.723749273229161e-10, 1.1716780414084256e-10, 5.025316062320452e-11, 2.1727230021073715e-11, 9.343498769401785e-12, 4.037721641027562e-12, 1.7370640392909092e-12, 7.428126267803522e-13, 3.0721376244938483e-13, 1.2903572389352686e-13, 5.718919771591253e-14, 2.520978210286861e-14, 1.0608336738369716e-14, 4.237497632339877e-15, 1.6425289350912382e-15, 6.179000756528393e-16, 2.3195660977156545e-16, 9.462444462692009e-17, 4.413532103620862e-17, 2.2049445193162965e-17, 9.617532304658584e-18, 3.7766140377066874e-18, 1.526261161971234e-18, 5.699026304772456e-19, 1.9498294403998366e-19, 6.887197621662556e-20, 2.4245320380818855e-20, 8.796645595804865e-21, 3.383885077232339e-21]
W_list: [6]
L_list: [1.5027517079974646]
