R_list= [ 1  2  3  4  5  6  7  8  9 10 11 12 13 14 15 16 17 18 19 20 21 22 23 24
 25 26 27 28 29 30 31 32 33 34 35 36 37 38]
C_final_list= [2.9161823090865184e-07, 2.600065173580063e-07, 2.2904864804842945e-07, 2.0043739100170984e-07, 1.7478746661254923e-07, 1.5187068550694114e-07, 1.3181427399278424e-07, 1.1424968568747263e-07, 9.893660227926261e-08, 8.570280688665181e-08, 7.411530979402394e-08, 6.397114262555991e-08, 5.510452716176167e-08, 4.751485359195136e-08, 4.090025390272256e-08, 3.521470460522692e-08, 3.029388001774058e-08, 2.60609918354318e-08, 2.2430522805994208e-08, 1.9296947513590497e-08, 1.6594195234320014e-08, 1.4231819461853304e-08, 1.21883902937067e-08, 1.0445425872290014e-08, 8.944179511307905e-09, 7.664756705410211e-09, 6.577727455067367e-09, 5.6402360070070126e-09, 4.8392384231630335e-09, 4.144848592511624e-09, 3.5440520108694413e-09, 3.0327431932200693e-09, 2.595794868781078e-09, 2.2207098401779617e-09, 1.898282102666563e-09, 1.6218054603207943e-09, 1.3849873159511433e-09, 1.1846738729713828e-09]
W_list: [8.8]
L_list: [7.173613779520032]
