C_list:
1.983876068503189e-06 0.17591750683928345
ndim2: 500
W_list: [2.8]
L_list: [5.684482562122657]
