C_final_list: [2.160635747249411e-06, 2.062672932194368e-06, 1.963840801988835e-06, 1.8692022100183366e-06, 1.7802914763079898e-06, 1.6967929168773816e-06, 1.6169292538663125e-06, 1.54021150095692e-06, 1.466045095532933e-06, 1.3957001148017982e-06, 1.3287070041298494e-06, 1.2642835542330763e-06, 1.2030258083129407e-06, 1.144193074427641e-06, 1.088371864292312e-06, 1.0352362862046865e-06, 9.848763345455233e-07, 9.3659787203454e-07, 8.910141070583042e-07, 8.472077900208868e-07, 8.051624061891907e-07, 7.655443903030868e-07, 7.287794110893145e-07, 6.934402075258014e-07, 6.596612018187969e-07, 6.286271964635132e-07, 5.985533789628016e-07, 5.693619344828821e-07, 5.4128757747546e-07, 5.140915964113955e-07, 4.882759676228352e-07, 4.6369129677980265e-07, 4.4083765332243567e-07, 4.189047021991044e-07, 3.978509547853531e-07, 3.7765098003465535e-07, 3.585581150501206e-07, 3.4046133778082245e-07, 3.2310047274102724e-07, 3.0659067240572497e-07, 2.911507912782322e-07, 2.7629095355907865e-07, 2.622202515024848e-07, 2.487830486176923e-07, 2.3594026902348373e-07, 2.2383310597190305e-07, 2.122853865546029e-07, 2.0122050275239098e-07, 1.907889171758424e-07, 1.8081291934839946e-07]
ndim2: 500
W_list: [2.6]
L_list: [20.08336634302653]
