R_list= [ 1  2  3  4  5  6  7  8  9 10 11 12 13 14 15 16 17 18 19 20 21 22 23 24
 25 26 27 28 29 30 31 32 33 34 35 36 37 38]
C_final_list= [4.4618217977229786e-07, 1.9246023966526368e-07, 6.782532782221652e-08, 2.157696587140452e-08, 6.4970393525780866e-09, 1.9052114262428123e-09, 5.460565384624488e-10, 1.548440746440862e-10, 4.414077914770707e-11, 1.2613478908655833e-11, 3.591957246237961e-12, 9.933105793145735e-13, 2.635624575448117e-13, 6.934396854690657e-14, 1.8001034586176045e-14, 4.590273192626387e-15, 1.1518875453789436e-15, 2.8103600944414726e-16, 7.044101763312736e-17, 1.7734583430413922e-17, 4.463369032808711e-18, 1.1326051666207136e-18, 2.906490032505928e-19, 7.57197408904528e-20, 1.97375404997337e-20, 5.3750533735908145e-21, 1.502671625538939e-21, 4.357197038472248e-22, 1.3155559172724366e-22, 4.248860751816457e-23, 1.5543438489040645e-23, 6.491641098233627e-24, 3.088506488317616e-24, 1.6877032512757807e-24, 1.0989249055248163e-24, 8.962978286656474e-25, 8.211616826667357e-25, 7.692790072461087e-25]
W_list: [6]
L_list: [1.1061282287403402]
