R_list= [ 1  2  3  4  5  6  7  8  9 10 11 12 13 14 15 16 17 18 19 20 21 22 23 24
 25 26 27 28 29 30 31 32 33 34 35 36 37 38]
C_final_list= [4.46941130366205e-07, 3.430036421858349e-07, 2.6176813979878655e-07, 1.986410650610616e-07, 1.4952396923549803e-07, 1.1212455445318742e-07, 8.419369484887135e-08, 6.284809508307123e-08, 4.684802314279579e-08, 3.485114977882042e-08, 2.5813139198380472e-08, 1.9163031520600416e-08, 1.4137542880553201e-08, 1.0433004400094298e-08, 7.677385124509224e-09, 5.604659191880295e-09, 4.058651248588511e-09, 2.953099395612072e-09, 2.16167293452756e-09, 1.5863247953340012e-09, 1.1606232917074702e-09, 8.529686426637093e-10, 6.264223888671318e-10, 4.6169438510724094e-10, 3.397703883464429e-10, 2.5045039139239615e-10, 1.8375823455679564e-10, 1.3604090478636143e-10, 1.0174573408604599e-10, 7.623295483413162e-11, 5.762004778945359e-11, 4.41055756291638e-11, 3.308454744462232e-11, 2.4752201249395746e-11, 1.8895259754879344e-11, 1.4561883800929684e-11, 1.0837279263613305e-11, 8.016379031408357e-12]
W_list: [8.600000000000001]
L_list: [3.5959224766933295]
