C_final_list: [1.9616120352959937e-06, 1.7062289571026134e-06, 1.4776487467915729e-06, 1.281930011922469e-06, 1.1109171683735833e-06, 9.618599516095918e-07, 8.316117655123747e-07, 7.198741288177396e-07, 6.207045788838553e-07, 5.368937440235939e-07, 4.634583808783304e-07, 4.0045724343303107e-07, 3.453134846869285e-07, 2.9812630714747885e-07, 2.56754738354186e-07, 2.2133996300254792e-07, 1.9019884311280288e-07, 1.6345047658898738e-07, 1.403534991670453e-07, 1.2072095314969645e-07, 1.0372377722690199e-07, 8.877596478625491e-08, 7.576890761460871e-08, 6.497089075305064e-08, 5.587110377909088e-08, 4.7983500964700436e-08, 4.1326505063482904e-08, 3.563565196930939e-08, 3.082046945690031e-08, 2.6561141995312547e-08, 2.2833805449656015e-08, 1.9610971848941574e-08, 1.6901181352425248e-08, 1.451795111171689e-08, 1.2445056995685191e-08, 1.0639524344783703e-08, 9.090442876169106e-09, 7.814421347014155e-09, 6.708702473969625e-09, 5.767937474232416e-09, 4.931671405425082e-09, 4.222564392006446e-09, 3.6121826255701556e-09, 3.087246637876974e-09, 2.647430965544647e-09, 2.265259094825324e-09, 1.9529047771599584e-09, 1.6707422881599275e-09, 1.4323838437034296e-09, 1.2259130188798345e-09]
ndim2: 500
W_list: [3.2]
L_list: [6.896343162683489]
