R_list= [ 1  2  3  4  5  6  7  8  9 10 11 12 13 14 15 16 17 18 19 20 21 22 23 24
 25 26 27 28 29 30 31 32 33 34 35 36 37 38]
C_final_list= [5.036848039791344e-07, 4.5440987378377273e-07, 4.0679114728189133e-07, 3.631962263946164e-07, 3.23714519072985e-07, 2.8796428331707457e-07, 2.5593806739269795e-07, 2.272478272416291e-07, 2.0191981406085605e-07, 1.792006836148076e-07, 1.5892311621561382e-07, 1.4095135455333294e-07, 1.2487515219511603e-07, 1.1058378915301752e-07, 9.781863133584964e-08, 8.654066971154714e-08, 7.666450960010447e-08, 6.788853571584815e-08, 6.012277412595409e-08, 5.320819159475594e-08, 4.701471820443065e-08, 4.155982113920327e-08, 3.6732903315224384e-08, 3.243651968915688e-08, 2.8663170500360852e-08, 2.5323224652701023e-08, 2.239263583135052e-08, 1.979081594397464e-08, 1.7511920269911948e-08, 1.548663532768832e-08, 1.3698304811171942e-08, 1.2119625145620857e-08, 1.0702310841677484e-08, 9.439897432994426e-09, 8.315491565906684e-09, 7.323576658914901e-09, 6.447688919108962e-09, 5.680985908465126e-09]
W_list: [7]
L_list: [8.51497827844534]
