C_final_list: [1.9363438950845064e-06, 1.666966969593307e-06, 1.426214359331852e-06, 1.2216918716930463e-06, 1.0464393261609257e-06, 8.963378544327229e-07, 7.670461077553852e-07, 6.54117726463835e-07, 5.559705938401933e-07, 4.744130364430307e-07, 4.04273691177785e-07, 3.440737304227244e-07, 2.921947799622015e-07, 2.4904503447329105e-07, 2.118573912947992e-07, 1.7973388847010692e-07, 1.532827693210118e-07, 1.3012786768556052e-07, 1.1103535187608348e-07, 9.469068796114263e-08, 8.087613255018591e-08, 6.890021128418821e-08, 5.8794188584163185e-08, 5.0030203888905797e-08, 4.2546987302571024e-08, 3.623625882566603e-08, 3.092303684847626e-08, 2.644182233899481e-08, 2.2470586934352327e-08, 1.912686893712607e-08, 1.6271900714703292e-08, 1.3852236398857553e-08, 1.1845843907313073e-08, 1.011324930722824e-08, 8.621023242741435e-09, 7.267097156046591e-09, 6.173191580138099e-09, 5.259801208168943e-09, 4.4702715363066025e-09, 3.791040665928325e-09, 3.2183164043792883e-09, 2.735287541578041e-09, 2.3149495066103597e-09, 1.9651123614480973e-09, 1.6582331996480307e-09, 1.4031083327399747e-09, 1.1885684103649158e-09, 1.0112941251214065e-09, 8.583885777248947e-10, 7.286978067264393e-10]
ndim2: 500
W_list: [3.3]
L_list: [6.370496093043035]
