R_list= [ 1  2  3  4  5  6  7  8  9 10 11 12 13 14 15 16 17 18 19 20 21 22 23 24
 25 26 27 28 29 30 31 32 33 34 35 36 37 38]
C_final_list= [4.7382237764260434e-07, 4.2491083897924397e-07, 3.777922105438915e-07, 3.3482225523965755e-07, 2.9612116723959807e-07, 2.6156756689372256e-07, 2.3107965434147825e-07, 2.0390206034818886e-07, 1.7977601314297527e-07, 1.5829327096671317e-07, 1.392646725867894e-07, 1.2256380875537006e-07, 1.0769443375236178e-07, 9.450102477653519e-08, 8.287240466539278e-08, 7.266076564342208e-08, 6.375811934679877e-08, 5.5946709266123486e-08, 4.90976830302812e-08, 4.307651511602774e-08, 3.783132412852191e-08, 3.317901974046964e-08, 2.905267412940968e-08, 2.5423030701822157e-08, 2.224533098860721e-08, 1.9448769263720975e-08, 1.6999417124141122e-08, 1.4830563795637716e-08, 1.295791891495191e-08, 1.132250810075197e-08, 9.91128134572369e-09, 8.68348713450412e-09, 7.606951139173533e-09, 6.651125019931505e-09, 5.823505873039293e-09, 5.091502388323462e-09, 4.4526862501175294e-09, 3.8960956579554266e-09]
W_list: [7]
L_list: [8.023320629187781]
