R_list= [ 1  2  3  4  5  6  7  8  9 10 11 12 13 14 15 16 17 18 19 20 21 22 23 24
 25 26 27 28 29 30 31 32 33 34 35 36 37 38]
C_final_list= [3.173531839666501e-06, 2.5555268889070466e-06, 2.040194622500044e-06, 1.618882025133271e-06, 1.281047688369327e-06, 1.0134376814748618e-06, 8.011665137878382e-07, 6.341926879787025e-07, 5.013811827763661e-07, 3.960022907325805e-07, 3.1274257021935844e-07, 2.469963750925118e-07, 1.9472494754134263e-07, 1.5339141001997243e-07, 1.209393402298141e-07, 9.532507644830587e-08, 7.478992821387943e-08, 5.865103561015843e-08, 4.6071978281154267e-08, 3.6025647050615093e-08, 2.8222340719811367e-08, 2.2092727727602655e-08, 1.729757145516276e-08, 1.352458255562251e-08, 1.0560653971542467e-08, 8.27045236124449e-09, 6.470023912984049e-09, 5.074850822023789e-09, 3.98991227566106e-09, 3.1235570406246433e-09, 2.4302020172472956e-09, 1.878886304318939e-09, 1.458928143425369e-09, 1.1346129643123837e-09, 8.812632335796654e-10, 6.822124060335929e-10, 5.262200689642935e-10, 4.081783684002403e-10]
W_list: [8.4]
L_list: [4.345734487062641]
