R_list= [ 1  2  3  4  5  6  7  8  9 10 11 12 13 14 15 16 17 18 19 20 21 22 23 24
 25 26 27 28 29 30 31 32 33 34 35 36 37 38]
C_final_list= [1.289566372194275e-06, 8.944676236891322e-07, 6.149364303153342e-07, 4.2238040053449264e-07, 2.913444382425559e-07, 2.0281390006952098e-07, 1.3975443537801695e-07, 9.552559869541409e-08, 6.551107388631035e-08, 4.437165154786394e-08, 3.000559926416514e-08, 2.0166399976131057e-08, 1.3609134857338467e-08, 9.123421868798146e-09, 6.1751831370280076e-09, 4.183343391610222e-09, 2.8249935691435845e-09, 1.901370654461263e-09, 1.2712897585259631e-09, 8.52499490364804e-10, 5.733872279686685e-10, 3.849197765849748e-10, 2.565682822959042e-10, 1.688112447850243e-10, 1.1246859466001929e-10, 7.453194921955564e-11, 4.999078608606021e-11, 3.4476119577209354e-11, 2.3669291068407018e-11, 1.6225707881733282e-11, 1.1009972511226698e-11, 7.492060513988676e-12, 5.02134925641047e-12, 3.2927983655216756e-12, 2.1598776879560166e-12, 1.4869317010172762e-12, 9.855381807877434e-13, 6.563731998591711e-13]
W_list: [7.0]
L_list: [2.692143297545521]
