R_list= [ 1  2  3  4  5  6  7  8  9 10 11 12 13 14 15 16 17 18 19 20 21 22 23 24
 25 26 27 28 29 30 31 32 33 34 35 36 37 38]
C_final_list= [4.993085920252713e-07, 3.5418985398944213e-07, 2.5022027049812425e-07, 1.783636911469592e-07, 1.2794493633811536e-07, 9.159322757103729e-08, 6.536623916471528e-08, 4.644183078448081e-08, 3.302722746614105e-08, 2.3516246169854404e-08, 1.674118465855111e-08, 1.1883435514046132e-08, 8.432124711896299e-09, 5.948278635378291e-09, 4.194497482189438e-09, 2.9599501868519492e-09, 2.077794971448826e-09, 1.4570648514636002e-09, 1.0300160793706084e-09, 7.272655082972999e-10, 5.121816763010345e-10, 3.6269239469399093e-10, 2.577169923609714e-10, 1.834679010974396e-10, 1.3042779139780075e-10, 9.234419905808473e-11, 6.52077526824676e-11, 4.568756935233883e-11, 3.2186267518867306e-11, 2.2828085456399556e-11, 1.658654452024617e-11, 1.1962105239446942e-11, 8.456844800291835e-12, 5.948931889645104e-12, 4.1390029593571e-12, 2.861662213638694e-12, 2.008385751947093e-12, 1.4158709829779987e-12]
W_list: [6]
L_list: [2.9332798100096373]
