C_final_list: [1.5326356185636985e-06, 1.503627676349269e-06, 1.474842310972675e-06, 1.4467767028088153e-06, 1.4196217687089193e-06, 1.3926372703614342e-06, 1.3658445388715106e-06, 1.3395482337634414e-06, 1.31384856247238e-06, 1.2886290981233171e-06, 1.263964492341589e-06, 1.2396604512789461e-06, 1.2159109489578039e-06, 1.1923394825878757e-06, 1.1691825032585118e-06, 1.1463581971663401e-06, 1.1240822284128994e-06, 1.1023250911942684e-06, 1.0810804042870611e-06, 1.060300148981821e-06, 1.0397109335019447e-06, 1.0195665752370834e-06, 9.999141093631596e-07, 9.805783475093795e-07, 9.615869131108682e-07, 9.428294061300194e-07, 9.244276181147938e-07, 9.065364010197209e-07, 8.888350093917323e-07, 8.7126348069586e-07, 8.541072507026611e-07, 8.372340779543491e-07, 8.208197889995116e-07, 8.048549232004301e-07, 7.89062392052537e-07, 7.735877130950349e-07, 7.58492622147416e-07, 7.437297297976415e-07, 7.292018083650183e-07, 7.150321228496423e-07, 7.010134038127437e-07, 6.872992418505333e-07, 6.736933304600941e-07, 6.604507279190603e-07, 6.473960731397362e-07, 6.345817409276771e-07, 6.218386567242746e-07, 6.094557339314333e-07, 5.972007444919913e-07, 5.851257995765554e-07]
ndim2: 500
W_list: [3.2]
L_list: [51.04091583242866]
