C_final_list: [2.23318232904867e-06, 2.1474879738614284e-06, 2.061374888083059e-06, 1.9805658094003007e-06, 1.9025947815222911e-06, 1.8284751123607734e-06, 1.7564415070874114e-06, 1.6872069939999025e-06, 1.6210853917722648e-06, 1.5563465365777521e-06, 1.4942466586032974e-06, 1.4338087305125683e-06, 1.376018567224763e-06, 1.3202781713853288e-06, 1.267390981499905e-06, 1.2157650632840805e-06, 1.1671369052327854e-06, 1.1198883980593996e-06, 1.0752634369541818e-06, 1.031926428902086e-06, 9.90878474391875e-07, 9.511034128623895e-07, 9.132117688717552e-07, 8.771610457198562e-07, 8.425300767987787e-07, 8.092752926864173e-07, 7.773488325726373e-07, 7.464321244411276e-07, 7.166827324155796e-07, 6.879138104010013e-07, 6.596848704216774e-07, 6.326919187437347e-07, 6.068321722112032e-07, 5.822681720958528e-07, 5.583723227093818e-07]
ndim2: 500
W_list: [2.2]
L_list: [24.567957922725654]
