R_list= [ 1  2  3  4  5  6  7  8  9 10 11 12 13 14 15 16 17 18 19 20 21 22 23 24
 25 26 27 28 29 30 31 32 33 34 35 36 37 38]
C_final_list= [3.3580973259138487e-07, 1.66336106628622e-07, 6.71784007752123e-08, 2.438489848248265e-08, 8.339826810816458e-09, 2.7463833325288027e-09, 8.809278295881994e-10, 2.785556336585615e-10, 8.732886283174673e-11, 2.724967892872027e-11, 8.486707633181e-12, 2.637072553961201e-12, 8.172581109312692e-13, 2.529594159178315e-13, 7.8536644560784e-14, 2.4423437232842897e-14, 7.577504213041329e-15, 2.3408143961408864e-15, 7.211560624248837e-16, 2.223395554175691e-16, 6.876872851504474e-17, 2.1468709649093806e-17, 6.7661171320799936e-18, 2.127414835502615e-18, 6.739333888728746e-19, 2.193187600918664e-19, 7.356371429441391e-20, 2.6009549158407233e-20, 9.95992042161649e-21, 4.336864985793392e-21, 2.2558098558055426e-21, 1.4280101232469667e-21, 1.0655922305855784e-21, 8.972187121567241e-22, 8.22706510674778e-22, 8.015812911487538e-22, 7.998976971169413e-22, 8.093620042766417e-22]
W_list: [5]
L_list: [1.273856435883175]
