R_list= [ 1  2  3  4  5  6  7  8  9 10 11 12 13 14 15 16 17 18 19 20 21 22 23 24
 25 26 27 28 29 30 31 32 33 34 35 36 37 38]
C_final_list= [1.4625961697164441e-06, 9.76475253344888e-07, 6.118868130788599e-07, 3.811484348789304e-07, 2.3922883061539537e-07, 1.508465581423057e-07, 9.477201382633628e-08, 5.936061836244975e-08, 3.697867055766335e-08, 2.298195017387235e-08, 1.4268263480743378e-08, 8.771795600359688e-09, 5.341060350229168e-09, 3.2626605487752273e-09, 2.010866899230134e-09, 1.2495995492607381e-09, 7.824037346619922e-10, 4.930814428728763e-10, 3.1467498483562214e-10, 1.9939059539459404e-10, 1.2283346955073332e-10, 7.516993226614127e-11, 4.696161804280766e-11, 2.9974253159284316e-11, 1.9064195935542683e-11, 1.1898362119742111e-11, 7.42006605864311e-12, 4.629897123417135e-12, 2.9018883481877807e-12, 1.8021247051547657e-12, 1.0830521387994354e-12, 6.379347709015602e-13, 3.754618228086663e-13, 2.204807187255544e-13, 1.2332343979481428e-13, 6.703987041884346e-14, 3.650108981707205e-14, 2.0498222023058517e-14]
W_list: [5]
L_list: [2.2435154091328826]
