R_list= [ 1  2  3  4  5  6  7  8  9 10 11 12 13 14 15 16 17 18 19 20 21 22 23 24
 25 26 27 28 29 30 31 32 33 34 35 36 37 38]
C_final_list= [4.778704125080787e-07, 3.1062194865350496e-07, 2.0469733893843628e-07, 1.3509892117410036e-07, 8.927308437542472e-08, 5.84312341272167e-08, 3.794814913593373e-08, 2.4677796407694155e-08, 1.600259618634722e-08, 1.0370508253927353e-08, 6.691600846168087e-09, 4.319199524106005e-09, 2.7657829973792466e-09, 1.7557180430734135e-09, 1.1095601480251595e-09, 7.016326000192653e-10, 4.4435672286467605e-10, 2.8120434200965775e-10, 1.7734532278365345e-10, 1.1164391302913377e-10, 6.985393507614998e-11, 4.282981878923944e-11, 2.6381890182428838e-11, 1.6588993405528224e-11, 1.0526501330193924e-11, 6.586480492927675e-12, 4.024947883606957e-12, 2.4148243392703916e-12, 1.4431483916932431e-12, 8.830918087369796e-13, 5.379677233010196e-13, 3.3459583900628027e-13, 2.156294431117062e-13, 1.3751841812621724e-13, 8.647568782578767e-14, 5.895163116199492e-14, 4.155142472047197e-14, 3.37786272307461e-14]
W_list: [7]
L_list: [2.3687488463636037]
