R_list= [ 1  2  3  4  5  6  7  8  9 10 11 12 13 14 15 16 17 18 19 20 21 22 23 24
 25 26 27 28 29 30 31 32 33 34 35 36 37 38]
C_final_list= [6.878012366213285e-06, 5.937432450994643e-06, 5.081996396619126e-06, 4.333529919406687e-06, 3.6833317853382134e-06, 3.129872220889063e-06, 2.6557554052415793e-06, 2.252530206654624e-06, 1.9095120728276578e-06, 1.6164433482215283e-06, 1.3674553136001822e-06, 1.157151562480669e-06, 9.798560412866425e-07, 8.290752123183898e-07, 7.012792190781407e-07, 5.927945686391585e-07, 5.008567620524165e-07, 4.230334649899807e-07, 3.568272280066308e-07, 3.010779228468657e-07, 2.5442741780538697e-07, 2.1480339856983864e-07, 1.813809792328636e-07, 1.5303635706635753e-07, 1.2909298224605216e-07, 1.0892628040860896e-07, 9.198675550823652e-08, 7.766610948683288e-08, 6.5495919832903e-08, 5.52273496637919e-08, 4.650769492986062e-08, 3.9171582547038806e-08, 3.30466948094824e-08, 2.792670809316218e-08, 2.3619413168690434e-08, 2.0025300665312847e-08, 1.6962709835878752e-08, 1.4339570807308172e-08]
W_list: [8.05]
L_list: [6.178572661283499]
