C_final_list: [1.8660717572835948e-06, 1.601002851906484e-06, 1.3707842959602054e-06, 1.1681479072404916e-06, 9.984381151826348e-07, 8.532300247179191e-07, 7.269419446102353e-07, 6.211655414065178e-07, 5.307675486049492e-07, 4.527160735664004e-07, 3.8636088031147386e-07, 3.285469386639553e-07, 2.800972747873092e-07, 2.387769130468389e-07, 2.0283598960293353e-07, 1.7172600102869365e-07, 1.4556499207384827e-07, 1.2298170293959174e-07, 1.0396512520575254e-07, 8.781026668605991e-08, 7.43770132937937e-08, 6.272147946375856e-08, 5.293422184525087e-08, 4.465467420005914e-08, 3.786139250156356e-08, 3.197883187507926e-08, 2.704595575220393e-08, 2.2890424192427345e-08, 1.938017762981512e-08, 1.6412593045079046e-08, 1.3801371134608866e-08, 1.1669560544583121e-08, 9.883983328554289e-09, 8.384577469070838e-09, 7.122894739338818e-09, 6.0306470023940885e-09, 5.111294291463061e-09, 4.319077063975912e-09, 3.648229472653736e-09, 3.0759952728761545e-09, 2.588927158466476e-09, 2.175682036163019e-09, 1.8352709898313067e-09, 1.5511684158310007e-09, 1.3227762699058577e-09, 1.1335779280578608e-09, 9.699646120691552e-10, 8.25543453511743e-10, 7.045439482327936e-10, 6.032659950929259e-10]
ndim2: 500
W_list: [3.3499999999999996]
L_list: [6.314643119416693]
