C_final_list: [1.8916169080405978e-06, 1.7674754976145044e-06, 1.6506241070082217e-06, 1.5371726037248962e-06, 1.4303378664153547e-06, 1.3308087639640852e-06, 1.2374394751690218e-06, 1.1508390961402301e-06, 1.0711391793780555e-06, 9.971658220509726e-07, 9.282433644979345e-07, 8.651844966151948e-07, 8.059479783579406e-07, 7.514075583990112e-07, 7.00644661527084e-07, 6.531093873377189e-07, 6.09321193893627e-07, 5.681414691214813e-07, 5.29156806872372e-07, 4.931884448858956e-07, 4.60041352032554e-07, 4.289040295401725e-07, 3.996915013166252e-07, 3.7291595666021933e-07, 3.479453618696864e-07, 3.246657364178502e-07, 3.028675858237926e-07, 2.8227824767490193e-07, 2.6279253953836926e-07, 2.447728064172648e-07, 2.277444801965654e-07, 2.1176582192316507e-07, 1.9706670633975483e-07, 1.8313908777986197e-07, 1.7024312401682408e-07, 1.5821129764450587e-07, 1.4679739705771926e-07, 1.3613350247449561e-07, 1.2641248269460006e-07, 1.1733494268266017e-07, 1.0922465554053797e-07, 1.015470967513926e-07, 9.440941029493947e-08, 8.774403414100319e-08, 8.162811021267137e-08, 7.596497400032876e-08, 7.066592871915041e-08, 6.574533131707955e-08, 6.117316614058376e-08, 5.686180153922794e-08]
ndim2: 500
W_list: [3.15]
L_list: [14.091433932341676]
