R_list= [ 1  2  3  4  5  6  7  8  9 10 11 12 13 14 15 16 17 18 19 20 21 22 23 24
 25 26 27 28 29 30 31 32 33 34 35 36 37 38]
C_final_list= [3.0147433163058107e-05, 2.2703094001630467e-05, 1.69693167549859e-05, 1.2655558101890858e-05, 9.42038055428852e-06, 7.008901630291969e-06, 5.2119446308118e-06, 3.87163847238452e-06, 2.8719279444788723e-06, 2.130116176420714e-06, 1.5816385704634316e-06, 1.1769906784060263e-06, 8.765558408502484e-07, 6.517577367514839e-07, 4.842087549318388e-07, 3.597305879515611e-07, 2.667616789370156e-07, 1.977262725141342e-07, 1.4667942864588608e-07, 1.0870934761807461e-07, 8.08139197383821e-08, 5.993835916657428e-08, 4.442898417815631e-08, 3.2958834474485316e-08, 2.4403338368012392e-08, 1.8098102813079592e-08, 1.3414380102850503e-08, 9.92412408467791e-09, 7.384018229969093e-09, 5.495570168680424e-09, 4.06846070734099e-09, 2.9914655894127194e-09, 2.199900078244242e-09, 1.6340309897653374e-09, 1.2228442708456392e-09, 9.222769895690784e-10, 6.900110287099549e-10, 5.13436609961005e-10]
W_list: [8.25]
L_list: [3.4238986934673927]
