C_final_list: [1.4798870142860942e-06, 1.4485997728446545e-06, 1.4175646175070685e-06, 1.387474120837382e-06, 1.357832983517494e-06, 1.3289044844603654e-06, 1.3004115458676168e-06, 1.2727537233774013e-06, 1.245782475721788e-06, 1.2198376434748293e-06, 1.1946609217847074e-06, 1.1701579490242066e-06, 1.146182234095425e-06, 1.122694667327846e-06, 1.099670048255354e-06, 1.0771675027635726e-06, 1.0548256393687943e-06, 1.0329584114761089e-06, 1.0114431634184662e-06, 9.90225418211567e-07, 9.694269200445334e-07, 9.492265945903599e-07, 9.292046605944525e-07, 9.097392997856204e-07, 8.904841640458607e-07, 8.715959172131758e-07, 8.531540854488113e-07, 8.352419346214506e-07, 8.174350210817196e-07, 8.000155850639462e-07, 7.830048032578526e-07, 7.663075518831706e-07, 7.497496008652987e-07, 7.336206099617581e-07, 7.176678507544144e-07, 7.021462922542097e-07, 6.868949109366818e-07, 6.720863418887381e-07, 6.574992293477308e-07, 6.430428001140616e-07, 6.288310517718772e-07, 6.149399553211747e-07, 6.014239615090446e-07, 5.881710701622398e-07, 5.750861384786933e-07, 5.622767641389658e-07, 5.497085532093863e-07, 5.373973080875976e-07, 5.253214384013957e-07, 5.135200752970596e-07]
ndim2: 500
W_list: [3.3]
L_list: [46.82428731518426]
