R_list= [ 1  2  3  4  5  6  7  8  9 10 11 12 13 14 15 16 17 18 19 20 21 22 23 24
 25 26 27 28 29 30 31 32 33 34 35 36 37 38]
C_final_list= [4.420067518845178e-07, 4.156147884217712e-07, 3.889286924398197e-07, 3.628300185400274e-07, 3.379124415562374e-07, 3.142642518639645e-07, 2.920700461317549e-07, 2.7122067394474277e-07, 2.5174472327446396e-07, 2.3365092082571732e-07, 2.167482719702019e-07, 2.0102252332370158e-07, 1.864845955216332e-07, 1.7293301597882572e-07, 1.6033230473378086e-07, 1.4859090688066657e-07, 1.377156268344332e-07, 1.27629046815231e-07, 1.1822853167895832e-07, 1.0947891989376641e-07, 1.0137968831113834e-07, 9.383502877884985e-08, 8.680662876603594e-08, 8.02310950128061e-08, 7.404159669180235e-08, 6.831842324013474e-08, 6.299333162809949e-08, 5.807122908462884e-08, 5.3561310742715776e-08, 4.9414046382225215e-08, 4.5578723083101187e-08, 4.206228946526312e-08, 3.8834177209625284e-08, 3.583571671772514e-08, 3.304284207915206e-08, 3.0471556962060274e-08, 2.807898599907767e-08, 2.5884304053278657e-08]
W_list: [6.6000000000000005]
L_list: [13.426740640189498]
