R_list= [ 1  2  3  4  5  6  7  8  9 10 11 12 13 14 15 16 17 18 19 20 21 22 23 24
 25 26 27 28 29 30 31 32 33 34 35 36 37 38]
C_final_list= [3.7477359349512536e-05, 2.491558367006902e-05, 1.6484640140732035e-05, 1.0875767337354327e-05, 7.179271966927464e-06, 4.735237768365741e-06, 3.111252828986192e-06, 2.0429068974054517e-06, 1.345143841722925e-06, 8.831085531430085e-07, 5.78252926139548e-07, 3.8011451060428155e-07, 2.4848929684601885e-07, 1.623179608407734e-07, 1.0549062087442975e-07, 6.834521218417238e-08, 4.4294016277826474e-08, 2.881889376696359e-08, 1.8864165016752266e-08, 1.2377037052552997e-08, 8.10760448016316e-09, 5.297839692771315e-09, 3.4628188268994754e-09, 2.2649518114078e-09, 1.4817454580430168e-09, 9.640307366932721e-10, 6.241555206302522e-10, 4.0831554256899073e-10, 2.643521329328771e-10, 1.7121961427079965e-10, 1.1011612562506385e-10, 7.157628177395781e-11, 4.610739109090594e-11, 2.944895756257167e-11, 1.9395120805350886e-11, 1.2629561852835956e-11, 8.345063058148272e-12, 5.4603322369886026e-12]
W_list: [8.0]
L_list: [2.4218851302663555]
