R_list= [ 1  2  3  4  5  6  7  8  9 10 11 12 13 14 15 16 17 18 19 20 21 22 23 24
 25 26 27 28 29 30 31 32 33 34 35 36 37 38]
C_final_list= [6.86510634134228e-07, 5.407179302476924e-07, 4.186652249082734e-07, 3.2623788983138275e-07, 2.5581770901142285e-07, 2.0086529030362368e-07, 1.576033175433167e-07, 1.2353363928568236e-07, 9.665474740637183e-08, 7.548080151819467e-08, 5.891609561376799e-08, 4.594687494431025e-08, 3.5823101519757044e-08, 2.7854680425701697e-08, 2.158835944236194e-08, 1.6692407134234326e-08, 1.2895191495026989e-08, 9.96988107647408e-09, 7.708863586834043e-09, 5.962532711714055e-09, 4.608619172588902e-09, 3.5541954537102105e-09, 2.734306843929593e-09, 2.100971992192833e-09, 1.6218127576185165e-09, 1.2516736057013022e-09, 9.673958857822115e-10, 7.44537752543085e-10, 5.70924367576871e-10, 4.3805975631270945e-10, 3.3447536879543557e-10, 2.5512334535915356e-10, 1.955480755202596e-10, 1.5017079238929974e-10, 1.1530426494515944e-10, 8.806349922747744e-11, 6.689141274610387e-11, 5.049144619639891e-11]
W_list: [5]
L_list: [4.060163013862177]
