C_final_list: [1.1731369613595932e-06, 9.880007625892956e-07, 8.305238417435039e-07, 6.981494881090338e-07, 5.851837710541377e-07, 4.908142921027513e-07, 4.104561567122345e-07, 3.4342843897452236e-07, 2.870027183617457e-07, 2.4017708153032243e-07, 2.0093084441797265e-07, 1.680790098031607e-07, 1.406201126397179e-07, 1.177045719540377e-07, 9.857822072458675e-08, 8.244205312760649e-08, 6.869259189685571e-08, 5.714651029695213e-08, 4.755609529204244e-08, 3.950803147556091e-08, 3.276648402410385e-08, 2.7042611515506135e-08, 2.226002298234943e-08, 1.837941712469996e-08, 1.519627293537146e-08, 1.2625393358900403e-08, 1.0541034639981577e-08, 8.8361179642392e-09, 7.4069341521657725e-09, 6.19733844130817e-09, 5.1585422856433885e-09, 4.29498179319281e-09, 3.565433487236807e-09, 2.952938256557999e-09, 2.4583488092525457e-09]
ndim2: 500
W_list: [4.2]
L_list: [5.671468851253377]
