C_final_list: [1.963344459426168e-06, 1.8476925301166029e-06, 1.7355783322955977e-06, 1.6306144692157003e-06, 1.5314539190959452e-06, 1.4381607818880043e-06, 1.351500633027775e-06, 1.2699219261269673e-06, 1.1941705925888514e-06, 1.1219294433182656e-06, 1.054900978373373e-06, 9.910680253195187e-07, 9.315040206835578e-07, 8.74985509027869e-07, 8.22082008993036e-07, 7.712809043568872e-07, 7.233990633761569e-07, 6.779564710523433e-07, 6.352555893968757e-07, 5.949598718122552e-07, 5.572063668999567e-07, 5.212296082480139e-07, 4.880722737999768e-07, 4.570649856734684e-07, 4.2774121954508414e-07, 4.003697455250717e-07, 3.741835875076656e-07, 3.497437352064463e-07, 3.27182600886167e-07, 3.059084663701985e-07, 2.8626091344825577e-07, 2.6774608177299874e-07, 2.5009247848434887e-07, 2.3396315780411474e-07, 2.1886294700431956e-07, 2.04825758797981e-07, 1.9171059042043725e-07, 1.793041846684629e-07, 1.6765934722375569e-07, 1.5673588817816433e-07, 1.4668700904089878e-07, 1.3715092333893335e-07, 1.2825450441052652e-07, 1.2000618049003203e-07, 1.1228715576601275e-07, 1.0519214397086332e-07, 9.84619601991524e-08, 9.223211879741585e-08, 8.640802671174466e-08, 8.087424419388391e-08]
ndim2: 500
W_list: [3.0]
L_list: [15.699135840057735]
