R_list= [ 1  2  3  4  5  6  7  8  9 10 11 12 13 14 15 16 17 18 19 20 21 22 23 24
 25 26 27 28 29 30 31 32 33 34 35 36 37 38]
C_final_list= [3.005203092271592e-07, 2.616582984027367e-07, 2.2760442446275264e-07, 1.969397154486683e-07, 1.7002033435449213e-07, 1.4668224432128942e-07, 1.264525816818141e-07, 1.0880307067109539e-07, 9.36245414012434e-08, 8.053094227826501e-08, 6.918780357417289e-08, 5.9361692178493334e-08, 5.085385640806151e-08, 4.357045289003698e-08, 3.7381058644337765e-08, 3.205151198920326e-08, 2.747167773621059e-08, 2.350495652657861e-08, 2.0097620058201765e-08, 1.7155446521541327e-08, 1.4626830111054382e-08, 1.245789125152547e-08, 1.0607326183041089e-08, 9.0183646624434e-09, 7.660734795202011e-09, 6.504187062952125e-09, 5.515163740136252e-09, 4.672465582615935e-09, 3.959297837361248e-09, 3.347147507605894e-09, 2.8326770532588435e-09, 2.396172698861583e-09, 2.0242930897608316e-09, 1.7099759815574126e-09, 1.4459391533537713e-09, 1.2234270289727707e-09, 1.0329323334838284e-09, 8.735847542700046e-10]
W_list: [7]
L_list: [6.757435726939954]
