R_list= [ 1  2  3  4  5  6  7  8  9 10 11 12 13 14 15 16 17 18 19 20 21 22 23 24
 25 26 27 28 29 30 31 32 33 34 35 36 37 38]
C_final_list= [2.4263750972400244e-07, 1.4930969146472052e-07, 9.034456802197402e-08, 5.5100751883848654e-08, 3.350619278126382e-08, 2.0239429195294214e-08, 1.226395399532186e-08, 7.46075504079907e-09, 4.5013847941949005e-09, 2.6792908873741563e-09, 1.5894127997774841e-09, 9.532073087174609e-10, 5.673628997614187e-10, 3.3992960709101713e-10, 2.03796747216491e-10, 1.2404245283531737e-10, 7.56741612118882e-11, 4.6390621885793756e-11, 2.7895393538451183e-11, 1.6429105059507708e-11, 9.68333668921817e-12, 5.818955036549497e-12, 3.4372842568388737e-12, 1.99497661953573e-12, 1.099545761426374e-12, 6.002617306558746e-13, 3.2844010921253376e-13, 1.7806300934080604e-13, 9.430934167787032e-14, 5.010332274764122e-14, 2.629161802403798e-14, 1.4155398030017754e-14, 7.686378082594566e-15, 4.2372477470245086e-15, 2.4098344718622737e-15, 1.3893860157670763e-15, 7.908312347380615e-16, 4.292835214143844e-16]
W_list: [7]
L_list: [2.0239469007007016]
