R_list= [ 1  2  3  4  5  6  7  8  9 10 11 12 13 14 15 16 17 18 19 20 21 22 23 24
 25 26 27 28 29 30]
C_final_list= [5.868169592524822e-07, 5.304230127538673e-07, 4.816967981980183e-07, 4.3615872380685525e-07, 3.9409599331235106e-07, 3.5556418062102096e-07, 3.2081447819065406e-07, 2.8920325213643833e-07, 2.606066462311673e-07, 2.3485156342973753e-07, 2.1166576487942084e-07, 1.9061411463353663e-07, 1.71503919954209e-07, 1.5414509167247533e-07, 1.3841148579004456e-07, 1.2417400469742244e-07, 1.115181207394031e-07, 1.0017876171093375e-07, 8.99445607788069e-08, 8.074624787907118e-08, 7.245030782021627e-08, 6.495184679305152e-08, 5.8168189193865406e-08, 5.212401580632595e-08, 4.6708427058967976e-08, 4.181728951186541e-08, 3.740200322531868e-08, 3.348590192949631e-08, 3.001494633867466e-08, 2.6876769275594685e-08]
W_list: [6]
L_list: [9.644247563439448]
