R_list= [ 1  2  3  4  5  6  7  8  9 10 11 12 13 14 15 16 17 18 19 20 21 22 23 24
 25 26 27 28 29 30 31 32 33 34 35 36 37 38]
C_final_list= [5.325170634365728e-07, 4.850417395839042e-07, 4.397863718342492e-07, 3.9782202432432927e-07, 3.5900955497186565e-07, 3.2348659006580695e-07, 2.916073596184465e-07, 2.629168022701871e-07, 2.370073024135338e-07, 2.1354955724816777e-07, 1.9219200852874047e-07, 1.7298040374751866e-07, 1.5568700318554317e-07, 1.3995579735397538e-07, 1.2580000717667765e-07, 1.130500315946429e-07, 1.015344713054833e-07, 9.107409986497319e-08, 8.151152575828015e-08, 7.293867851198242e-08, 6.529153112942275e-08, 5.8450706477500806e-08, 5.228747704579108e-08, 4.6803459154233056e-08, 4.194791806178904e-08, 3.758383558982811e-08, 3.363808203452245e-08, 3.0126231776988714e-08, 2.6999340127254896e-08, 2.4174242075224814e-08, 2.16111310668469e-08, 1.931215546856335e-08, 1.7218964397688757e-08, 1.537042789899286e-08, 1.3695103238693751e-08, 1.2188013986725833e-08, 1.0857613484093422e-08, 9.681418185812266e-09]
W_list: [6.6000000000000005]
L_list: [9.594646327719675]
