C_final_list: [2.0607123517582898e-06, 1.8300111456186734e-06, 1.6174100424077726e-06, 1.4339178302479577e-06, 1.2702466605987157e-06, 1.122827422349812e-06, 9.940202847963065e-07, 8.804324517974709e-07, 7.784028113353788e-07, 6.881076050040796e-07, 6.062046210509601e-07, 5.3454234140779e-07, 4.7162978662877327e-07, 4.1635244946223116e-07, 3.6734402832378735e-07, 3.2362416008307555e-07, 2.8517758613524506e-07, 2.516379204882187e-07, 2.216516987112729e-07, 1.9527730228707042e-07, 1.7198043455779425e-07, 1.5114671289794877e-07, 1.3311239441493474e-07, 1.169779770986308e-07, 1.0276586402038297e-07, 9.031405112213069e-08, 7.965891460525814e-08, 7.012740935695818e-08, 6.16575989704066e-08, 5.4060600186768146e-08, 4.7416165366801314e-08, 4.145565866205603e-08, 3.627082428295554e-08, 3.171326105831258e-08, 2.767192936529245e-08, 2.4190439024083322e-08, 2.1093804357009866e-08, 1.843846834377307e-08, 1.6111099673548724e-08, 1.4063731261650375e-08, 1.2202014937269003e-08, 1.0640372547822953e-08, 9.289588798562054e-09, 8.083770308505401e-09, 7.0377764506525146e-09, 6.141568017915543e-09, 5.34837320074409e-09, 4.673363922742283e-09, 4.0833694123774935e-09, 3.5807373318443895e-09]
ndim2: 500
W_list: [2.9]
L_list: [8.108157538091923]
