R_list= [ 1  2  3  4  5  6  7  8  9 10 11 12 13 14 15 16 17 18 19 20 21 22 23 24
 25 26 27 28 29 30 31 32 33 34 35 36 37 38]
C_final_list= [3.268742901436734e-05, 2.5101247649811146e-05, 1.9120241902597183e-05, 1.4535869962084654e-05, 1.1039489365981564e-05, 8.39186442882883e-06, 6.374629272631374e-06, 4.830631060060102e-06, 3.668797739120684e-06, 2.7844718983280077e-06, 2.1105476488292546e-06, 1.5952843778054464e-06, 1.2067575667741498e-06, 9.118669729077829e-07, 6.908960485091153e-07, 5.22612374758516e-07, 3.964059474754385e-07, 2.996766190937619e-07, 2.26687314168108e-07, 1.719240494248286e-07, 1.3013265873144315e-07, 9.83690004955703e-08, 7.414537319640322e-08, 5.6027217501053316e-08, 4.2389899817814356e-08, 3.2150728798920695e-08, 2.4405005337941275e-08, 1.8456447284528733e-08, 1.3963299049318732e-08, 1.0527235974075878e-08, 7.96640687511415e-09, 6.049294630938914e-09, 4.581701213880761e-09, 3.4576854904296743e-09, 2.636089751178102e-09, 2.0149524240090946e-09, 1.5272892744797247e-09, 1.1575172633111708e-09]
W_list: [8.0]
L_list: [3.6694670097662794]
