R_list= [ 1  2  3  4  5  6  7  8  9 10 11 12 13 14 15 16 17 18 19 20 21 22 23 24
 25 26 27 28 29 30 31 32 33 34 35 36 37 38]
C_final_list= [9.345254976245939e-07, 5.812658533572555e-07, 3.613890537513847e-07, 2.2559566053693687e-07, 1.3943673594198785e-07, 8.633510531186636e-08, 5.285009962193516e-08, 3.245200404435177e-08, 2.0005342857424396e-08, 1.2303055318775473e-08, 7.524896805194322e-09, 4.554401923529898e-09, 2.7897507186881752e-09, 1.7316895616773365e-09, 1.0482362691744084e-09, 6.404812598264508e-10, 3.846308979938409e-10, 2.3786924247376965e-10, 1.4464708975431487e-10, 8.688759251325569e-11, 5.211677857492207e-11, 3.0844718802539836e-11, 1.7977424985952908e-11, 1.0801720711977955e-11, 6.263042195710867e-12, 3.701001101877949e-12, 2.162685873224914e-12, 1.2613466660916238e-12, 7.777149973226525e-13, 4.823144774497093e-13, 2.70469804904138e-13, 1.4662625745531432e-13, 8.509455659939259e-14, 5.011247815045211e-14, 2.9856377956290095e-14, 1.6815066860325367e-14, 9.837996772292398e-15, 5.240704330714137e-15]
W_list: [8.0]
L_list: [2.102740435841734]
