C_list:
1.2604736519972698e-06 0.0723542780169739
ndim2: 500
W_list: [2.8]
L_list: [13.820882847665285]
