C_final_list: [1.730351709634953e-06, 1.6679465742665245e-06, 1.6076877561196302e-06, 1.5504827729803796e-06, 1.4943791156441541e-06, 1.4394779943134701e-06, 1.3867944207047527e-06, 1.3367584466438957e-06, 1.2885585049303105e-06, 1.2419438930522903e-06, 1.1970679893223708e-06, 1.1534374890391437e-06, 1.1118360596840938e-06, 1.0715226011262102e-06, 1.0329654624642395e-06, 9.957667225181413e-07, 9.598319112976884e-07, 9.247738192324059e-07, 8.913850104826669e-07, 8.589567045121546e-07, 8.280317141415775e-07, 7.981937991505663e-07, 7.688950430306431e-07, 7.404389470598144e-07, 7.13046582447791e-07, 6.864099196809844e-07, 6.604757065354533e-07, 6.356543899239832e-07, 6.116920440259778e-07, 5.884080774321404e-07, 5.662126025268623e-07, 5.446694486739493e-07, 5.240246956667309e-07, 5.040423232508499e-07, 4.849045166549545e-07, 4.664395591960915e-07, 4.4856942108731863e-07, 4.3152727165550276e-07, 4.1503893073480566e-07, 3.990601641675674e-07, 3.837344760237579e-07, 3.6895660027269235e-07, 3.546487746708034e-07, 3.410740935677958e-07, 3.279223301118878e-07, 3.151660509594103e-07, 3.0279275680963895e-07, 2.9086652114481224e-07, 2.794291405085798e-07, 2.683111648454812e-07]
ndim2: 500
W_list: [3.2]
L_list: [26.70685140998974]
