C_final_list: [2.083345678589916e-06, 1.837549472514472e-06, 1.6149218283083236e-06, 1.4243236045306663e-06, 1.2554389149625712e-06, 1.1031056800319631e-06, 9.668891525941672e-07, 8.489784306125518e-07, 7.455217833668465e-07, 6.522507664147337e-07, 5.708140951219003e-07, 5.000191285348552e-07, 4.377314719615741e-07, 3.839129237809403e-07, 3.370701835006644e-07, 2.952524737652641e-07, 2.5807984310798374e-07, 2.2589773440809824e-07, 1.9688587630338357e-07, 1.7182904790190986e-07, 1.5022742964804112e-07, 1.31143537846682e-07, 1.1495594729208745e-07, 1.0083456230285714e-07, 8.807201765039032e-08, 7.689104500742264e-08, 6.720969753395864e-08, 5.843771891754786e-08, 5.094160788485626e-08, 4.4348666491696374e-08, 3.8786332213851143e-08, 3.395829590753468e-08, 2.9695954987990954e-08, 2.5867854792577603e-08, 2.2492375953952405e-08, 1.959833853475122e-08, 1.708395605319664e-08, 1.4825351557934423e-08, 1.283710687001997e-08, 1.1119394107895305e-08, 9.638026340001232e-09, 8.408072645828737e-09, 7.350953613727842e-09, 6.406545646238021e-09, 5.558553194697301e-09, 4.8646153474457935e-09, 4.250076616020512e-09, 3.727601918076926e-09, 3.2607797384110924e-09, 2.855128835530712e-09]
ndim2: 500
W_list: [3.0]
L_list: [7.684628595004358]
