R_list= [ 1  2  3  4  5  6  7  8  9 10 11 12 13 14 15 16 17 18 19 20 21 22 23 24
 25 26 27 28 29 30 31 32 33 34 35 36 37 38]
C_final_list= [4.379860104211525e-07, 3.72703549752188e-07, 3.134658048186211e-07, 2.6236696476263706e-07, 2.1848874549254163e-07, 1.8160773603149154e-07, 1.5084622852818146e-07, 1.250140881086198e-07, 1.0350409661676242e-07, 8.587238372917593e-08, 7.125104061857784e-08, 5.9091233186140137e-08, 4.9050069845666575e-08, 4.0617564033165363e-08, 3.368356446759056e-08, 2.792296604868096e-08, 2.3168671900664312e-08, 1.9207742450648953e-08, 1.5942634244285882e-08, 1.3229909311962128e-08, 1.0980450448258272e-08, 9.09683966288649e-09, 7.528863696154696e-09, 6.220584545491262e-09, 5.1384272606834545e-09, 4.2455193809648414e-09, 3.5126810257931573e-09, 2.900312697355094e-09, 2.3983131649205142e-09, 1.9814085631205263e-09, 1.6354217405665102e-09, 1.349927220073138e-09, 1.112259568461549e-09, 9.134689848670531e-10, 7.50202484487114e-10, 6.151315919272391e-10, 5.045460747774485e-10, 4.1169467645954e-10]
W_list: [8.8]
L_list: [5.527088260272104]
