C_final_list: [2.067261376105541e-06, 2.0276276611063045e-06, 1.9880389358055785e-06, 1.949979817916808e-06, 1.912342297450766e-06, 1.8751039486460818e-06, 1.838512321123553e-06, 1.8028297930047788e-06, 1.767903464534614e-06, 1.733330504602174e-06, 1.7002479131715094e-06, 1.6677297553051557e-06, 1.6358362987885883e-06, 1.604880189447666e-06, 1.5745418423523982e-06, 1.5448399581308625e-06, 1.515430111537809e-06, 1.4869074459945153e-06, 1.458691807776051e-06, 1.4306893358984621e-06, 1.4033920751070706e-06, 1.376823084540321e-06, 1.3504433194219384e-06, 1.324250873035912e-06, 1.2987400070245078e-06, 1.2738894437826624e-06, 1.249505185939755e-06, 1.2253607325319918e-06, 1.2017751283343072e-06, 1.1788926914371305e-06, 1.156526781979352e-06, 1.1343912839370166e-06, 1.112604198891251e-06, 1.0908786042988268e-06, 1.06980224417822e-06, 1.048927130969896e-06, 1.0284968221970007e-06, 1.0082388060761043e-06, 9.88419641844704e-07, 9.690042789010322e-07, 9.500067380844786e-07, 9.315910933821386e-07, 9.134542489324425e-07, 8.959973856504281e-07, 8.785644870529706e-07, 8.616058428937023e-07, 8.450555415371793e-07, 8.289959409913054e-07, 8.130202477401156e-07, 7.97096023212865e-07]
ndim2: 500
W_list: [2.4]
L_list: [51.55523150949396]
