R_list= [ 1  2  3  4  5  6  7  8  9 10 11 12 13 14 15 16 17 18 19 20 21 22 23 24
 25 26 27 28 29 30 31 32 33 34 35 36 37 38]
C_final_list= [2.1097078629428514e-05, 1.7177760039404085e-05, 1.3867002534079127e-05, 1.116883187674671e-05, 8.979226286804275e-06, 7.212945461070618e-06, 5.791390056899801e-06, 4.645836726330929e-06, 3.7268918551475778e-06, 2.986860039866329e-06, 2.3893255953066466e-06, 1.9117556593130564e-06, 1.5301667063360435e-06, 1.2244723402178843e-06, 9.79646610962006e-07, 7.829743345423087e-07, 6.25953970388596e-07, 5.003317704459358e-07, 3.9936193334725065e-07, 3.190297279180089e-07, 2.547441654139797e-07, 2.0360766488430063e-07, 1.627831309469744e-07, 1.3014173248264703e-07, 1.0424312454979903e-07, 8.336450750756291e-08, 6.669963744454084e-08, 5.330178820483146e-08, 4.2574130676126054e-08, 3.3956028478144545e-08, 2.7131671356003026e-08, 2.175290622336148e-08, 1.7447633169627917e-08, 1.4004998014927935e-08, 1.125631864855361e-08, 9.025985394432196e-09, 7.2318293030069744e-09, 5.766385187918777e-09]
W_list: [8.25]
L_list: [4.615626518814464]
