R_list= [ 1  2  3  4  5  6  7  8  9 10 11 12 13 14 15 16 17 18 19 20 21 22 23 24
 25 26 27 28 29 30 31 32 33 34 35 36 37 38]
C_final_list= [5.243308849927118e-07, 4.732072380063822e-07, 4.229087538806013e-07, 3.769669389435697e-07, 3.357825846850736e-07, 2.987821946013692e-07, 2.655117819080807e-07, 2.3555477577512885e-07, 2.088060973513928e-07, 1.8516680351423763e-07, 1.641119582174049e-07, 1.45268079933152e-07, 1.2863151148475614e-07, 1.1383411749767668e-07, 1.0080397841135077e-07, 8.912532436815916e-08, 7.874019992991578e-08, 6.952689985150826e-08, 6.141012217983303e-08, 5.4200763770235895e-08, 4.78133856426014e-08, 4.213232545666899e-08, 3.712014760476978e-08, 3.2712706676753353e-08, 2.8820140758779553e-08, 2.539332211230166e-08, 2.2361180750089982e-08, 1.969992857295621e-08, 1.733502385586602e-08, 1.5255435575302342e-08, 1.3406239301254148e-08, 1.1784782610919397e-08, 1.035157707181661e-08, 9.093452481379633e-09, 7.980090124172717e-09, 7.00493075166104e-09, 6.147393516385934e-09, 5.389534174832153e-09]
W_list: [7]
L_list: [8.444522371229748]
