R_list= [ 1  2  3  4  5  6  7  8  9 10 11 12 13 14 15 16 17 18 19 20 21 22 23 24
 25 26 27 28 29 30 31 32 33 34 35 36 37 38]
C_final_list= [5.907300300216667e-07, 4.7348354413110907e-07, 3.8192662613451875e-07, 3.0698273594270557e-07, 2.4596803728659307e-07, 1.9683729590197078e-07, 1.5725875793490206e-07, 1.253457943204704e-07, 9.985389438503914e-08, 7.92995594754714e-08, 6.276968353282614e-08, 4.966778591555144e-08, 3.9236939656115e-08, 3.0986490036474914e-08, 2.4412668326014102e-08, 1.923219785305318e-08, 1.516191353101931e-08, 1.1994178814340328e-08, 9.524031639351467e-09, 7.5644777699803e-09, 5.980182106281957e-09, 4.719887824547803e-09, 3.727116069585591e-09, 2.935338352658774e-09, 2.3115076330211763e-09, 1.8199337689496425e-09, 1.435093009112731e-09, 1.1273821618578623e-09, 8.8553195518527e-10, 6.997652606766835e-10, 5.480637587495687e-10, 4.2644327224632927e-10, 3.334157938115667e-10, 2.5944777376270715e-10, 2.0304731201449625e-10, 1.5963888865645421e-10, 1.2446462985890305e-10, 9.666229918731442e-11]
W_list: [7]
L_list: [4.5005526938774585]
