R_list= [ 1  2  3  4  5  6  7  8  9 10 11 12 13 14 15 16 17 18 19 20 21 22 23 24
 25 26 27 28 29 30 31 32 33 34 35 36 37 38]
C_final_list= [8.615367877507833e-07, 5.402357312968084e-07, 2.8935789930964395e-07, 1.4136624722404137e-07, 6.556593464372461e-08, 2.9490810630684478e-08, 1.3020967441972022e-08, 5.69442219612617e-09, 2.4828992812681033e-09, 1.080049411465195e-09, 4.691009918964523e-10, 2.0406789398066898e-10, 8.890663205806718e-11, 3.8964602816968397e-11, 1.7107985401407538e-11, 7.437660695347574e-12, 3.1908657847181214e-12, 1.355020438154355e-12, 5.730865904402425e-13, 2.4370183975029135e-13, 1.040419822215139e-13, 4.434572657476341e-14, 1.879629020370484e-14, 7.953465550893582e-15, 3.346082373652605e-15, 1.408360719319645e-15, 5.942152348344409e-16, 2.5297498498498126e-16, 1.0895071940210835e-16, 4.7520637146840614e-17, 2.099606862992639e-17, 9.380355667398658e-18, 4.25345355212043e-18, 1.9763038739125775e-18, 9.55822317244158e-19, 4.901472547946569e-19, 2.7015213826064655e-19, 1.5891473853023594e-19]
W_list: [4]
L_list: [1.7473731676120063]
