C_final_list: [2.130905193349603e-06, 2.089869941363024e-06, 2.0489769990824967e-06, 2.009686369753062e-06, 1.9716308833217173e-06, 1.933930980741995e-06, 1.8971577407960274e-06, 1.8609430495139417e-06, 1.8253713164328798e-06, 1.7905566579707233e-06, 1.756543525829995e-06, 1.7235121695604123e-06, 1.691037058985251e-06, 1.6590365596339784e-06, 1.6272576733233198e-06, 1.5961303610389982e-06, 1.5656498752703783e-06, 1.535095545206524e-06, 1.505733842105498e-06, 1.4767477372531072e-06, 1.4486743506824622e-06, 1.4211582992376455e-06, 1.3939743815112401e-06, 1.3671519068647705e-06, 1.340724230564855e-06, 1.315025398328609e-06, 1.2895747256860495e-06, 1.2648638554206476e-06, 1.2405337691913814e-06, 1.2164011882490416e-06, 1.192700898669677e-06, 1.1694614087083772e-06, 1.1470896288525885e-06, 1.1246549853040326e-06, 1.102522324770629e-06, 1.0810019268502315e-06, 1.059775386360723e-06, 1.039061627256161e-06, 1.0187435696231537e-06, 9.987142527513827e-07, 9.790374489319098e-07, 9.597760952878588e-07, 9.408255257272805e-07, 9.22210782480435e-07, 9.038191488272103e-07, 8.854882304436761e-07, 8.675201945615586e-07, 8.498645086889325e-07, 8.323851571031682e-07, 8.154279483282146e-07]
ndim2: 500
W_list: [2.4]
L_list: [51.41744415717852]
