C_final_list: [1.4223205246284633e-06, 1.2900421686026913e-06, 1.1623500579766782e-06, 1.0488269799855637e-06, 9.483313342202173e-07, 8.569665581980889e-07, 7.744589197304561e-07, 6.9976732757088e-07, 6.337147333316544e-07, 5.730685393813116e-07, 5.177693329069012e-07, 4.677739635297792e-07, 4.2296579700053806e-07, 3.822204937975654e-07, 3.457634684842292e-07, 3.125323800937752e-07, 2.8259025249366245e-07, 2.558734072950808e-07, 2.312189886937447e-07, 2.0879047933299475e-07, 1.8857204240680443e-07, 1.6984478974174048e-07, 1.5277621313289475e-07, 1.3711083399453242e-07, 1.2322017286450142e-07, 1.1091157679774183e-07, 9.965413589604758e-08, 8.968040931644658e-08, 8.059986280241256e-08, 7.236004525604238e-08, 6.486177401018205e-08, 5.8124136982479136e-08, 5.2128427526540796e-08, 4.686899174425463e-08, 4.206934440041493e-08]
ndim2: 500
W_list: [2.4000000000000004]
L_list: [9.859584455561818]
