C_final_list: [1.6965938138569238e-06, 1.5449450534299009e-06, 1.4013572814915186e-06, 1.2708972382988918e-06, 1.1537903295972483e-06, 1.0458844670157835e-06, 9.49699612793721e-07, 8.616113294080412e-07, 7.824544243817573e-07, 7.103163901276685e-07, 6.444444702501202e-07, 5.853952869378014e-07, 5.316217742937733e-07, 4.829057136140204e-07, 4.3807436414861855e-07, 3.9756793823653275e-07, 3.602482014053005e-07, 3.2660285694348476e-07, 2.9628280979637014e-07, 2.683075841080717e-07, 2.425408556292762e-07, 2.1954335870438884e-07, 1.989417748368004e-07, 1.8035360459538493e-07, 1.6323235295055585e-07, 1.4795611006459755e-07, 1.3386413320575745e-07, 1.2118739546575638e-07, 1.0981312796603401e-07, 9.956112648833357e-08, 9.012627360823204e-08, 8.151681761782117e-08, 7.363355219903767e-08, 6.646793625497856e-08, 6.001055707513152e-08, 5.424456760669755e-08, 4.9135880395744684e-08, 4.448315674136232e-08, 4.0255034501360644e-08, 3.638647095683505e-08, 3.291515471062926e-08, 2.9798286765521264e-08, 2.6966373807845353e-08, 2.438959937548447e-08, 2.2102880049371493e-08, 2.000273995765213e-08, 1.8098148110535065e-08, 1.6343154262974268e-08, 1.4709291961538088e-08, 1.3260453331262641e-08]
ndim2: 500
W_list: [3.6]
L_list: [10.28102145841133]
