R_list= [ 1  2  3  4  5  6  7  8  9 10 11 12 13 14 15 16 17 18 19 20 21 22 23 24
 25 26 27 28 29 30 31 32 33 34 35 36 37 38]
C_final_list= [2.362260076187836e-06, 2.0791299750640595e-06, 1.8129351810132705e-06, 1.5731052389082503e-06, 1.3625264617896e-06, 1.179336185685637e-06, 1.0197874376436343e-06, 8.808261266753618e-07, 7.590652727752654e-07, 6.529618007158782e-07, 5.608917737180034e-07, 4.81416263347374e-07, 4.133477660014165e-07, 3.550445436999183e-07, 3.0472488497575514e-07, 2.6151847670197856e-07, 2.2440849557159986e-07, 1.924409458991257e-07, 1.6497816795804893e-07, 1.4146652938446952e-07, 1.2127570964112232e-07, 1.0387241722663511e-07, 8.893754751089612e-08, 7.623459455074878e-08, 6.528841698087757e-08, 5.586914765553164e-08, 4.776323529812798e-08, 4.08445378739525e-08, 3.4916341695286e-08, 2.9846776703615675e-08, 2.551530579646633e-08, 2.185390032955401e-08, 1.874847418091344e-08, 1.6087428341047203e-08, 1.3773186339926008e-08, 1.1793846491337729e-08, 1.0104655739473307e-08, 8.663556533829937e-09]
W_list: [8.25]
L_list: [6.890044023058966]
