C_final_list: [1.6463603768504366e-06, 1.513077325414403e-06, 1.3826029259115976e-06, 1.2647381598204808e-06, 1.1572755116416172e-06, 1.0571276339875923e-06, 9.671797040452554e-07, 8.851625385190199e-07, 8.102029977144817e-07, 7.403221043355658e-07, 6.77130637563797e-07, 6.19196694248434e-07, 5.661904937616163e-07, 5.167103189839337e-07, 4.7181933661103424e-07, 4.302358718128228e-07, 3.9248464347878075e-07, 3.577441971827253e-07, 3.2641212359981854e-07, 2.9830384587874956e-07, 2.7234909505339894e-07, 2.4831312355078453e-07, 2.2617061167515462e-07, 2.0627846764790904e-07, 1.877679692674738e-07, 1.7074064373011634e-07, 1.5502712874021684e-07, 1.4089031834113617e-07, 1.2827325573808836e-07, 1.1656248360596795e-07, 1.0587293145330524e-07, 9.617810215036202e-08, 8.739763202083349e-08, 7.94153985583934e-08, 7.222075173785655e-08]
ndim2: 500
W_list: [3.0]
L_list: [11.104424134985218]
