R_list= [ 1  2  3  4  5  6  7  8  9 10 11 12 13 14 15 16 17 18 19 20 21 22 23 24
 25 26 27 28 29 30 31 32 33 34 35 36 37 38]
C_final_list= [3.6467778542906936e-05, 2.3861158812313016e-05, 1.5570293626072615e-05, 1.0137002286408828e-05, 6.588402342682127e-06, 4.272428588436184e-06, 2.768742750705788e-06, 1.7957277300346812e-06, 1.1617533670368779e-06, 7.527286919587975e-07, 4.863007237624811e-07, 3.132517703908892e-07, 2.0206449959887332e-07, 1.3059297659073465e-07, 8.47134147329534e-08, 5.498879173349618e-08, 3.5797575089797954e-08, 2.327714622255348e-08, 1.5085266083799743e-08, 9.875389235626833e-09, 6.49746942276829e-09, 4.251905235268258e-09, 2.7591188824550744e-09, 1.7945661654780518e-09, 1.1599191101812955e-09, 7.549668579543048e-10, 4.896631391188286e-10, 3.1204184991019187e-10, 1.9733886881485446e-10, 1.2321793780445867e-10, 7.723287371128418e-11, 4.940487837138724e-11, 3.2996540594904137e-11, 2.208027037295746e-11, 1.46467314543486e-11, 9.812021474637282e-12, 6.625102498207613e-12, 4.350179269423735e-12]
W_list: [8.15]
L_list: [2.339074706050691]
