R_list= [ 1  2  3  4  5  6  7  8  9 10 11 12 13 14 15 16 17 18 19 20 21 22 23 24
 25 26 27 28 29 30 31 32 33 34 35 36 37 38]
C_final_list= [4.644465550100413e-07, 4.008085767172964e-07, 3.4326842190804475e-07, 2.9367138995363937e-07, 2.510086457598111e-07, 2.1430683652356417e-07, 1.8295179016083897e-07, 1.5605674780801762e-07, 1.3279431581402108e-07, 1.1302339443060572e-07, 9.606372533144344e-08, 8.168651284420322e-08, 6.931627488866038e-08, 5.869602977495949e-08, 4.972402685027395e-08, 4.214496052717521e-08, 3.571626161296669e-08, 3.029215180758264e-08, 2.5625290250204284e-08, 2.1648544750673918e-08, 1.8286348417656303e-08, 1.5429613128192662e-08, 1.3005177243774443e-08, 1.096022276472972e-08, 9.237053556953115e-09, 7.762506785261717e-09, 6.521118106910906e-09, 5.480813562794532e-09, 4.6082835608405585e-09, 3.8838806091297324e-09, 3.2857804350113255e-09, 2.785548739495343e-09, 2.3624674419672855e-09, 2.0084186202154752e-09, 1.7088827081092236e-09, 1.4530335150408734e-09, 1.2304432905426759e-09, 1.0409036698996824e-09]
W_list: [7]
L_list: [6.3160601613496254]
