R_list= [ 1  2  3  4  5  6  7  8  9 10 11 12 13 14 15 16 17 18 19 20 21 22 23 24
 25 26 27 28 29 30 31 32 33 34 35 36 37 38]
C_final_list= [7.772724468683012e-07, 5.224259979941739e-07, 3.559376396640375e-07, 2.470046625735092e-07, 1.7040837101282577e-07, 1.1701947979202677e-07, 8.053222067611517e-08, 5.5230199722135126e-08, 3.776634437401216e-08, 2.5751709556217434e-08, 1.7548576407099087e-08, 1.1947763945873054e-08, 8.148827439435637e-09, 5.542680155379556e-09, 3.738899527892119e-09, 2.499631499678289e-09, 1.6943014521326485e-09, 1.1660029376177295e-09, 8.014246600669554e-10, 5.478908012358514e-10, 3.711422129318591e-10, 2.5358356899408773e-10, 1.7275788937488267e-10, 1.1663212314488046e-10, 7.741136222413611e-11, 5.16023906025411e-11, 3.574506973704898e-11, 2.5003320880635106e-11, 1.6844629370577658e-11, 1.0998758289414847e-11, 7.060709014326485e-12, 4.524438877688975e-12, 2.9525261291826544e-12, 1.914298133709412e-12, 1.2422010459182043e-12, 8.220105128115688e-13, 5.40786806623303e-13, 3.491201752368059e-13]
W_list: [6]
L_list: [2.620385960663367]
