R_list= [ 1  2  3  4  5  6  7  8  9 10 11 12 13 14 15 16 17 18 19 20 21 22 23 24
 25 26 27 28 29 30 31 32 33 34 35 36 37 38]
C_final_list= [1.109639785727519e-06, 1.0506198421060635e-06, 1.0015289887870484e-06, 9.526701160494953e-07, 9.065371521385909e-07, 8.626910128147538e-07, 8.205139205502219e-07, 7.806359984970742e-07, 7.423969285351496e-07, 7.0564376971843e-07, 6.707147631075481e-07, 6.377103897060977e-07, 6.067660962110822e-07, 5.771570088646718e-07, 5.488508835124786e-07, 5.220870500340614e-07, 4.96454614146186e-07, 4.719674809876294e-07, 4.4868386440348833e-07, 4.265224335246465e-07, 4.053101949350604e-07, 3.851670113095106e-07, 3.6601527075421326e-07, 3.478281639578849e-07, 3.307199156026235e-07, 3.1442760788841616e-07, 2.989005552497658e-07, 2.8404184610621255e-07, 2.6977304554088516e-07, 2.5619506263087116e-07, 2.4332771880627227e-07, 2.310054481223265e-07, 2.1917545522509978e-07, 2.0791505929614537e-07, 1.971880020992604e-07, 1.869875409523831e-07, 1.7725745325484486e-07, 1.6803909068351998e-07]
W_list: [5]
L_list: [19.81972857482114]
