C_list:
1.7326806047129564e-06 0.05409419943497225
ndim2: 500
W_list: [1.7999999999999998]
L_list: [18.48627044018131]
