R_list= [ 1  2  3  4  5  6  7  8  9 10 11 12 13 14 15 16 17 18 19 20 21 22 23 24
 25 26 27 28 29 30 31 32 33 34 35 36 37 38]
C_final_list= [1.5570091676486232e-07, 7.64078785144007e-08, 3.0233927815002943e-08, 1.0633426237641802e-08, 3.503918559419729e-09, 1.109580495854899e-09, 3.432429739434433e-10, 1.0517427364675476e-10, 3.215835086195606e-11, 9.876920136896905e-12, 3.0972903816253187e-12, 1.0027682527868308e-12, 3.3113505321695757e-13, 1.0597933457215309e-13, 3.230905046468548e-14, 9.416581551433693e-15, 2.7096354061451918e-15, 7.813008578441189e-16, 2.283344885434144e-16, 6.71938776766587e-17, 1.962205757486149e-17, 5.701682068103368e-18, 1.6604938569596723e-18, 4.872073519486776e-19, 1.4669034774887164e-19, 4.6190983572440564e-20, 1.5634869637885322e-20, 5.858329266799792e-21, 2.5172254549294215e-21, 1.2872272656374937e-21, 7.97255588128035e-22, 5.8658693914621545e-22, 4.845463647490896e-22, 4.278753481049487e-22, 3.952764908565113e-22, 3.7881108758031413e-22, 3.7431004514480027e-22, 3.7810436435677473e-22]
W_list: [5]
L_list: [1.2551852897636266]
