R_list= [ 1  2  3  4  5  6  7  8  9 10 11 12 13 14 15 16 17 18 19 20 21 22 23 24
 25 26 27 28 29 30 31 32 33 34 35 36 37 38]
C_final_list= [4.819914668983329e-07, 4.161286463685388e-07, 3.542825168005904e-07, 2.9974705411061586e-07, 2.528884523163017e-07, 2.131204678471337e-07, 1.795860718400424e-07, 1.5126685874745106e-07, 1.2759837579259362e-07, 1.0777017212027948e-07, 9.098753883184109e-08, 7.680597481182705e-08, 6.47075697734838e-08, 5.446278190981606e-08, 4.573456953125199e-08, 3.83522316342897e-08, 3.216401859037204e-08, 2.693711982961325e-08, 2.2525903355992944e-08, 1.8799527566757617e-08, 1.5672397381955727e-08, 1.3066565983570685e-08, 1.0878324250750124e-08, 9.065546067623563e-09, 7.540009751610561e-09, 6.285350104603004e-09, 5.2418959369991525e-09, 4.3729659962172315e-09, 3.64272385326164e-09, 3.032407541879157e-09, 2.525078171654574e-09, 2.1038719351887503e-09, 1.7506251867005728e-09, 1.4517584160082395e-09, 1.2025101695826805e-09, 9.943844068981974e-10, 8.211155911890327e-10, 6.77170006116728e-10]
W_list: [8.6]
L_list: [5.971081619358611]
