C_final_list: [1.9047637963633489e-06, 1.6387124900942842e-06, 1.4022711285264867e-06, 1.2012480926005315e-06, 1.0292937353529998e-06, 8.805113082808161e-07, 7.546170978100842e-07, 6.465486656871886e-07, 5.527749168368349e-07, 4.730248830897122e-07, 4.038953168306631e-07, 3.4477550643741903e-07, 2.929781450340166e-07, 2.496584663377207e-07, 2.1331296717549028e-07, 1.8164101642776422e-07, 1.5491324258756252e-07, 1.321835048904678e-07, 1.1290701598242339e-07, 9.604625283077304e-08, 8.181064919963736e-08, 6.931798214456936e-08, 5.889994808209487e-08, 4.996838154109264e-08, 4.240735903574735e-08, 3.591233155547383e-08, 3.0398143026032957e-08, 2.5786047839757882e-08, 2.182238034947009e-08, 1.848343115160974e-08, 1.5566978833008615e-08, 1.3090194298491738e-08, 1.0959580611083437e-08, 9.224527597677487e-09, 7.766643675999163e-09, 6.551654102129464e-09, 5.517186218083457e-09, 4.6462374352285555e-09, 3.919962009273324e-09, 3.3213776950223344e-09, 2.7869047861898783e-09, 2.3560290323053716e-09, 1.9853246983167397e-09, 1.6720510268530653e-09, 1.400140857791268e-09, 1.1761990642077314e-09, 9.87799603315303e-10, 8.272153157280481e-10, 6.942578651091145e-10, 5.828905998143783e-10]
ndim2: 500
W_list: [3.3499999999999996]
L_list: [6.418634783722568]
