R_list= [ 1  2  3  4  5  6  7  8  9 10 11 12 13 14 15 16 17 18 19 20 21 22 23 24
 25 26 27 28 29 30 31 32 33 34 35 36 37 38]
C_final_list= [4.1534263052854795e-07, 2.573938400062313e-07, 1.3544717634815575e-07, 6.482377130842406e-08, 2.9336668817323462e-08, 1.2829987728728294e-08, 5.509111783477716e-09, 2.3468377948075076e-09, 9.957937298526293e-10, 4.2100618272785215e-10, 1.766874541897923e-10, 7.35672718574524e-11, 3.043257447162749e-11, 1.2520419611139703e-11, 5.154611526117834e-12, 2.1370719838296234e-12, 8.988499627371897e-13, 3.833233013219888e-13, 1.649287877266768e-13, 7.140920213962486e-14, 3.104810814308198e-14, 1.356207208644275e-14, 5.918008286772396e-15, 2.577107929190153e-15, 1.1289295898368518e-15, 5.00763882382106e-16, 2.2598896979354336e-16, 1.031583896946328e-16, 4.75782639974825e-17, 2.2101830751186965e-17, 1.0304103730240784e-17, 4.796046098910787e-18, 2.2419771393723403e-18, 1.065900668646982e-18, 5.220692275510916e-19, 2.617076445820608e-19, 1.3586526421265158e-19, 7.478523779082576e-20]
W_list: [4]
L_list: [1.7100964284300662]
