R_list= [ 1  2  3  4  5  6  7  8  9 10 11 12 13 14 15 16 17 18 19 20 21 22 23 24
 25 26 27 28 29 30 31 32 33 34 35 36 37 38]
C_final_list= [9.134114886425922e-07, 6.934987557556049e-07, 5.182638871380148e-07, 3.921517623626669e-07, 2.9920616360800427e-07, 2.2917437825782823e-07, 1.7549010112131906e-07, 1.3451852192533815e-07, 1.0316711035859526e-07, 7.887985407859473e-08, 6.013053773429193e-08, 4.556958706865924e-08, 3.44583056370188e-08, 2.599369218602408e-08, 1.9607685253809513e-08, 1.4803612579318275e-08, 1.1173865386222013e-08, 8.446498890576764e-09, 6.391049614837472e-09, 4.8218821906425075e-09, 3.6348324644551015e-09, 2.7354480984046762e-09, 2.0619873901164997e-09, 1.5493889763467607e-09, 1.1660205485066516e-09, 8.761276462841705e-10, 6.56142318013389e-10, 4.903001154759135e-10, 3.651337916781658e-10, 2.713338534530774e-10, 2.0163522160372089e-10, 1.5067180669224985e-10, 1.1280147788543004e-10, 8.435858722868786e-11, 6.311357351208267e-11, 4.722073624392993e-11, 3.5263929986419074e-11, 2.626707585594769e-11]
W_list: [5]
L_list: [3.618936972508973]
