C_final_list: [1.4603706926011226e-06, 1.291417174519198e-06, 1.141998686952738e-06, 1.010377286162101e-06, 8.939739224380257e-07, 7.91133836182456e-07, 6.999160149236329e-07, 6.197668698583778e-07, 5.478131862863387e-07, 4.831309357509098e-07, 4.2400396135394125e-07, 3.7243339137013966e-07, 3.2595789979664125e-07, 2.8552705009690675e-07, 2.5041858418261786e-07, 2.1972883593596937e-07, 1.9330208380150967e-07, 1.7009952449435655e-07, 1.494643610727328e-07, 1.3118546075470834e-07, 1.1493877407711623e-07, 1.0064437121393315e-07, 8.834454460738437e-08, 7.742512801686334e-08, 6.793675287070773e-08, 5.968526251494884e-08, 5.239180943642858e-08, 4.5923539573263994e-08, 4.020170434788305e-08, 3.5115439923484405e-08, 3.0678589705539e-08, 2.685843592748086e-08, 2.3466882353823473e-08, 2.0494607067009987e-08, 1.7977981827643514e-08, 1.574285336884262e-08, 1.375073318145528e-08, 1.201049736747145e-08, 1.0500716832281187e-08, 9.157573255058718e-09, 8.011218359171874e-09, 7.013780327841395e-09, 6.122732972972827e-09, 5.334053214404707e-09, 4.646368848304092e-09, 4.04453618765103e-09, 3.5145916753103967e-09, 3.044043275914093e-09, 2.6439111857646797e-09, 2.296498725460439e-09]
ndim2: 500
W_list: [4.0]
L_list: [7.980899404709158]
