R_list= [ 1  2  3  4  5  6  7  8  9 10 11 12 13 14 15 16 17 18 19 20 21 22 23 24
 25 26 27 28 29 30]
C_final_list= [3.8009175056204766e-07, 3.173588778837958e-07, 2.6616927604833284e-07, 2.2326634095523262e-07, 1.8691774649429961e-07, 1.5611065706709265e-07, 1.302791649651836e-07, 1.0863269431542127e-07, 9.050411579991013e-08, 7.53001302811488e-08, 6.256289624873601e-08, 5.194175033542086e-08, 4.304727992976479e-08, 3.560687130599699e-08, 2.9423113571414873e-08, 2.4252866422420085e-08, 1.996930316779856e-08, 1.6426799562942607e-08, 1.3500755844097006e-08, 1.1110706572944949e-08, 9.153887846738899e-09, 7.528968546895483e-09, 6.190281122721498e-09, 5.099392747884357e-09, 4.211374776006377e-09, 3.4724891861336393e-09, 2.857904613257956e-09, 2.3501138101458238e-09, 1.930749020715415e-09, 1.5847508695036303e-09]
W_list: [6]
L_list: [5.542641757704295]
