C_final_list: [2.1140172630455865e-06, 2.0182408519205974e-06, 1.9253838506533147e-06, 1.8368385160690439e-06, 1.7513201857716984e-06, 1.6692010520444377e-06, 1.5913107186412931e-06, 1.5166376210556577e-06, 1.4448768759656707e-06, 1.376892286890343e-06, 1.3128700948760145e-06, 1.251493968198538e-06, 1.1938126450032055e-06, 1.1387429481411984e-06, 1.0860898710314796e-06, 1.035141451050301e-06, 9.867545608456673e-07, 9.397680920213158e-07, 8.949076682732704e-07, 8.528281098266069e-07, 8.125439985078058e-07, 7.742536202317675e-07, 7.377966436164396e-07, 7.031405312690717e-07, 6.701139975430241e-07, 6.383817254716177e-07, 6.078677654579394e-07, 5.791221217116597e-07, 5.518002209530785e-07, 5.256412481391527e-07, 5.007928160802585e-07, 4.770541120440447e-07, 4.542482009338255e-07, 4.3276735661893314e-07, 4.119893986735799e-07, 3.920440304117587e-07, 3.731205262626764e-07, 3.5548055444100236e-07, 3.3830757552472675e-07, 3.2241714304285146e-07, 3.0693770909768637e-07, 2.9217350467668547e-07, 2.781562016150745e-07, 2.6474815415351007e-07, 2.5201946564790346e-07, 2.4004896765263613e-07, 2.2846361033319234e-07, 2.1736085921135013e-07, 2.0697539419330384e-07, 1.971440597371654e-07]
ndim2: 500
W_list: [2.6]
L_list: [20.78660904678491]
