C_final_list: [1.6739429399000464e-06, 1.6494675372852785e-06, 1.6253802696447132e-06, 1.60208875674971e-06, 1.5792508804677527e-06, 1.5568197968101134e-06, 1.5350136348050502e-06, 1.5134709986548664e-06, 1.4922818418959133e-06, 1.4713509521723491e-06, 1.4506787936758548e-06, 1.4303067714613195e-06, 1.4101629291494077e-06, 1.3903611672150618e-06, 1.370800196215818e-06, 1.3518954372553762e-06, 1.3332183904399826e-06, 1.314721788084239e-06, 1.2966217150747156e-06, 1.2789649254578252e-06, 1.261676386502813e-06, 1.2442567178679842e-06, 1.226991490718151e-06, 1.2102310916986727e-06, 1.1934893024698596e-06, 1.1772128215655016e-06, 1.161202440072155e-06, 1.1452409064750576e-06, 1.1293678423570004e-06, 1.1136191455565296e-06, 1.0981730372342332e-06, 1.0827774175972181e-06, 1.0676630773957638e-06, 1.052604467923707e-06, 1.0377958766120922e-06, 1.0231494059078704e-06, 1.0087533737935893e-06, 9.944612390071027e-07, 9.805201503656063e-07, 9.667801984298914e-07, 9.530926943109989e-07, 9.395396950156317e-07, 9.263700070266868e-07, 9.132779745993817e-07, 9.002226662492139e-07, 8.875281561974032e-07, 8.74909408075579e-07, 8.625566292704667e-07, 8.502372858936623e-07, 8.38013580895693e-07]
ndim2: 500
W_list: [2.9499999999999997]
L_list: [71.25075669984518]
