R_list= [ 1  2  3  4  5  6  7  8  9 10 11 12 13 14 15 16 17 18 19 20 21 22 23 24
 25 26 27 28 29 30 31 32 33 34 35 36 37 38]
C_final_list= [1.3929506055507507e-06, 1.26578781993463e-06, 1.1684822380692467e-06, 1.0761874260630295e-06, 9.906829159257222e-07, 9.119558535570547e-07, 8.395352761899711e-07, 7.725786563989047e-07, 7.111750894676602e-07, 6.541083655058746e-07, 6.014681529383456e-07, 5.542572670376871e-07, 5.105757913702625e-07, 4.6996254108306165e-07, 4.325319604935323e-07, 3.979433226966434e-07, 3.6600719011145334e-07, 3.3682198002720236e-07, 3.0972770242546294e-07, 2.8489123119478584e-07, 2.6192539119231494e-07, 2.4076681795943295e-07, 2.211938481595187e-07, 2.031429121851993e-07, 1.8639645249740887e-07, 1.709958603958862e-07, 1.5665936228554308e-07, 1.4362481986117265e-07, 1.3172033299490465e-07, 1.2063126078042535e-07, 1.1052978455688878e-07, 1.011870490349927e-07, 9.26022586946815e-08, 8.475262949154957e-08, 7.750224997466979e-08, 7.087977940694336e-08, 6.482491792258593e-08, 5.927938241350078e-08]
W_list: [5]
L_list: [11.97563410018121]
