C_final_list: [1.382276060953779e-06, 1.201165400916376e-06, 1.040615340738534e-06, 8.996727771430456e-07, 7.779975017637691e-07, 6.746658138955131e-07, 5.8454731016474e-07, 5.066419762837998e-07, 4.3964141037971695e-07, 3.799380500873433e-07, 3.2813917092502174e-07, 2.8343386973030783e-07, 2.4533448837064856e-07, 2.1155325795025812e-07, 1.822069898263063e-07, 1.566654741740494e-07, 1.346964537892417e-07, 1.1594586633370797e-07, 9.98278658818815e-08, 8.557544752001722e-08, 7.31478091977602e-08, 6.237587209731934e-08, 5.327664519313062e-08, 4.5350370906901466e-08, 3.84997161000966e-08, 3.271191531310483e-08, 2.7878504450034006e-08, 2.3727888981009105e-08, 2.021621787050018e-08, 1.724016760034661e-08, 1.4754890280297164e-08, 1.2606893846824745e-08, 1.0771119459665582e-08, 9.194086079162426e-09, 7.837510002877652e-09, 6.6753857079237284e-09, 5.685386306735439e-09, 4.836998423261526e-09, 4.124293309902469e-09, 3.4946700100753096e-09, 2.9687520450316885e-09, 2.5336924485922434e-09, 2.1616748735233945e-09, 1.8401198390284732e-09, 1.5689557112304207e-09, 1.3358905190272162e-09, 1.1328225208282316e-09, 9.590101711787896e-10, 8.116930679040238e-10, 6.822738697782004e-10]
ndim2: 500
W_list: [4.2]
L_list: [6.9031202077928695]
