R_list= [ 1  2  3  4  5  6  7  8  9 10 11 12 13 14 15 16 17 18 19 20 21 22 23 24
 25 26 27 28 29 30 31 32 33 34 35 36 37 38]
C_final_list= [1.0511643013739494e-06, 5.877047694286229e-07, 2.817388750515939e-07, 1.250872656229813e-07, 5.340707186452857e-08, 2.2275813817484157e-08, 9.106002889978257e-09, 3.6488632245749073e-09, 1.4335094168250414e-09, 5.542755803048325e-10, 2.135141561317353e-10, 8.287994031415761e-11, 3.2692170588280923e-11, 1.3044849344388015e-11, 5.203952038697529e-12, 2.0666907208614344e-12, 8.306839755226553e-13, 3.339621899170918e-13, 1.2700369163518195e-13, 4.737718750952249e-14, 1.7762160367612846e-14, 6.770386484080907e-15, 2.644435422556546e-15, 1.0489671888998586e-15, 4.174633099088712e-16, 1.6075027290366878e-16, 5.796136071335634e-17, 1.972362992800398e-17, 6.69148848880101e-18, 2.3389067078119985e-18, 8.256939944523233e-19, 2.896090546362453e-19, 1.0345495847323235e-19, 3.8010450988118295e-20, 1.433718145111742e-20, 5.2524684964380525e-21, 1.823699041899822e-21, 6.105836441449562e-22]
W_list: [5]
L_list: [1.5076336445713556]
