R_list= [ 1  2  3  4  5  6  7  8  9 10 11 12 13 14 15 16 17 18 19 20 21 22 23 24
 25 26 27 28 29 30 31 32 33 34 35 36 37 38]
C_final_list= [1.5382096560196681e-06, 1.399797730359359e-06, 1.2825292189126368e-06, 1.1731160747802517e-06, 1.0739444291890515e-06, 9.838750114577952e-07, 9.004485140796035e-07, 8.238462563615061e-07, 7.530315089185992e-07, 6.8818714639098e-07, 6.285514264789296e-07, 5.739511532522273e-07, 5.243033529352947e-07, 4.786002036211028e-07, 4.3688767724548797e-07, 3.989968993291956e-07, 3.640111626415082e-07, 3.320768001124718e-07, 3.028554012575364e-07, 2.763571125056452e-07, 2.5204000778589665e-07, 2.2999033083009077e-07, 2.0994317183204036e-07, 1.9169767889750658e-07, 1.7504083491655825e-07, 1.594951241450299e-07, 1.452411171374137e-07, 1.323992138890192e-07, 1.2063572495692676e-07, 1.0968637931405518e-07, 9.978503429901569e-08, 9.08167613221166e-08, 8.267571730568895e-08, 7.518375764497705e-08, 6.833429018667653e-08, 6.200918357659642e-08, 5.627895592686554e-08, 5.1068367518373555e-08]
W_list: [5]
L_list: [11.092791540928546]
