C_final_list: [1.9134700858926078e-06, 1.7795315448536215e-06, 1.6503023515268209e-06, 1.5311536705006023e-06, 1.419377892200339e-06, 1.3166894210491665e-06, 1.2222920101114672e-06, 1.1336388968166928e-06, 1.051214602225505e-06, 9.746641700990616e-07, 9.038833957111214e-07, 8.383719819824766e-07, 7.785580277671212e-07, 7.233688082980946e-07, 6.709994505153353e-07, 6.22482147463072e-07, 5.776129532559873e-07, 5.359677163346554e-07, 4.972773829273689e-07, 4.610422221849752e-07, 4.270212978941709e-07, 3.951039606268646e-07, 3.6600019469347195e-07, 3.387980269261018e-07, 3.1371456423500236e-07, 2.90325092478293e-07, 2.684963556032793e-07, 2.4829586269449723e-07, 2.296910927741709e-07, 2.125627319687235e-07, 1.9668464515980717e-07, 1.821142036529851e-07, 1.686054569870238e-07, 1.56103334014484e-07, 1.444352584534536e-07, 1.3372297973105568e-07, 1.237003350361718e-07, 1.1433918665788566e-07, 1.0576636445089596e-07, 9.779017076796896e-08, 9.039509592615396e-08, 8.348497714642163e-08, 7.703341755613997e-08, 7.106949952181434e-08, 6.563291248121883e-08, 6.065527405703738e-08, 5.596938016469602e-08, 5.168444278005793e-08, 4.7695178904435776e-08, 4.4042911222701255e-08]
ndim2: 500
W_list: [3.25]
L_list: [13.254273166742536]
