R_list= [ 1  2  3  4  5  6  7  8  9 10 11 12 13 14 15 16 17 18 19 20 21 22 23 24
 25 26 27 28 29 30 31 32 33 34 35 36 37 38]
C_final_list= [2.3764195371898496e-07, 1.3625855518736681e-07, 6.711393466441043e-08, 3.0628107846609165e-08, 1.3453612574489396e-08, 5.766975118526129e-09, 2.433069836841531e-09, 1.0167392159036486e-09, 4.253189709489257e-10, 1.7719015159078718e-10, 7.296338291311758e-11, 2.96044077974278e-11, 1.1911950765292111e-11, 4.8149449081320115e-12, 1.969359213943033e-12, 8.036313171018836e-13, 3.1654209080425184e-13, 1.2319555473689209e-13, 4.8290800159479986e-14, 1.8777021785307172e-14, 7.269571474316e-15, 2.8213902956281978e-15, 1.1149040453609071e-15, 4.543491652519578e-16, 1.920633380234611e-16, 8.424264322951508e-17, 3.7506237428353795e-17, 1.585257149996129e-17, 6.2928112148661895e-18, 2.3483100323313226e-18, 8.469415943640967e-19, 2.9615256737478326e-19, 1.0134604962745524e-19, 3.5074802773183897e-20, 1.2232952510378475e-20, 4.205926460004483e-21, 1.4069758527908503e-21, 4.628603878202762e-22]
W_list: [5]
L_list: [1.5596593468467548]
