R_list= [ 1  2  3  4  5  6  7  8  9 10 11 12 13 14 15 16 17 18 19 20 21 22 23 24
 25 26 27 28 29 30 31 32 33 34 35 36 37 38]
C_final_list= [3.7163497967638726e-07, 3.1551139492675195e-07, 2.6732016648015355e-07, 2.2509829528820381e-07, 1.8937400756454723e-07, 1.5911701000471325e-07, 1.336301148921423e-07, 1.1188832294281494e-07, 9.371438026015148e-08, 7.836459230840347e-08, 6.547450602752895e-08, 5.458539849852521e-08, 4.545861405651771e-08, 3.7820986138780215e-08, 3.140344143292439e-08, 2.609999831640362e-08, 2.163217078851353e-08, 1.7892841661136154e-08, 1.4811836597251475e-08, 1.227253521286712e-08, 1.0156914001708868e-08, 8.400656225397191e-09, 6.9364973100901614e-09, 5.7367362014206014e-09, 4.752523727926701e-09, 3.925276466674885e-09, 3.2345232290430085e-09, 2.6640269681521897e-09, 2.1952454835407677e-09, 1.8055611911307743e-09, 1.4905387632708903e-09, 1.2341791377523431e-09, 1.0230118633703267e-09, 8.470920838439355e-10, 7.003357921385756e-10, 5.784523821861151e-10, 4.77999002279859e-10, 3.918762095014349e-10]
W_list: [7]
L_list: [5.750130929879112]
