C_final_list: [1.4163919333022052e-06, 1.3861752391494025e-06, 1.3551348510416044e-06, 1.325117122255546e-06, 1.295920378430299e-06, 1.2673300672148017e-06, 1.2396365801484877e-06, 1.2129528766174983e-06, 1.1865409614439416e-06, 1.1607846196796476e-06, 1.1354900498515798e-06, 1.1105514953445473e-06, 1.0862980488360452e-06, 1.0622201187925498e-06, 1.039028997459166e-06, 1.0164732887795871e-06, 9.944377322985376e-07, 9.724937349350851e-07, 9.508953925165334e-07, 9.298092116020157e-07, 9.088502084308093e-07, 8.884828747734112e-07, 8.685271462626275e-07, 8.49166357048722e-07, 8.303461883750785e-07, 8.116633060367588e-07, 7.931836948996233e-07, 7.750620834121133e-07, 7.572858727805214e-07, 7.39881488390271e-07, 7.230503911434255e-07, 7.064837756285975e-07, 6.901632059504725e-07, 6.742799207599655e-07, 6.587980365294969e-07]
ndim2: 500
W_list: [3.2]
L_list: [44.69277381233879]
