C_final_list: [1.9431151482467983e-06, 1.890804508786923e-06, 1.839072578725494e-06, 1.7893591054498217e-06, 1.740914902900978e-06, 1.6936851491599745e-06, 1.648152516289178e-06, 1.6039986562494743e-06, 1.5613649949694396e-06, 1.5195499008738326e-06, 1.4790147151740691e-06, 1.4394373222912137e-06, 1.400819179539253e-06, 1.3632918548434958e-06, 1.3268805518666166e-06, 1.2915242998079066e-06, 1.2569718164037976e-06, 1.2236106493295517e-06, 1.1908334561603625e-06, 1.1588042888439524e-06, 1.127896891438344e-06, 1.0976431969773628e-06, 1.0680960106191664e-06, 1.0388600938928965e-06, 1.0105690105792646e-06, 9.83162421207307e-07, 9.562470827936052e-07, 9.300357882855638e-07, 9.041941409741783e-07, 8.791858344388737e-07, 8.545880588821463e-07, 8.305566931782052e-07, 8.072953445574275e-07, 7.847052161894049e-07, 7.62435458102784e-07, 7.405303471036604e-07, 7.192387383514746e-07, 6.986708863359831e-07, 6.786674668102917e-07, 6.589759188626716e-07, 6.398877613483018e-07, 6.215828458699158e-07, 6.036338213043467e-07, 5.861727430893072e-07, 5.691129307223533e-07, 5.526927391911779e-07, 5.367389126010243e-07, 5.212825760656623e-07, 5.063065516998534e-07, 4.915927457095948e-07]
ndim2: 500
W_list: [2.8499999999999996]
L_list: [36.16672989479169]
