C_final_list: [1.9964830266566385e-06, 1.7517906837270366e-06, 1.5308257417219625e-06, 1.3336149562737258e-06, 1.1634772322881675e-06, 1.0162826268927452e-06, 8.860734297482752e-07, 7.736048853225753e-07, 6.759303879717152e-07, 5.900049305320612e-07, 5.140729763795287e-07, 4.475504502895788e-07, 3.90694819529967e-07, 3.4141945304915536e-07, 2.9773186981998e-07, 2.59728966570135e-07, 2.2581469075110467e-07, 1.9638913759160012e-07, 1.7051130361148637e-07, 1.4785448894292938e-07, 1.2834886242962904e-07, 1.1167978763308653e-07, 9.707266514658542e-08, 8.417540824715725e-08, 7.285029643086824e-08, 6.314197229727337e-08, 5.467418273533405e-08, 4.7528810427783495e-08, 4.1320990496844844e-08, 3.58002633852986e-08, 3.109758821975712e-08, 2.6913107435800994e-08, 2.3312873208131736e-08, 2.0186400890022878e-08, 1.741748915229418e-08, 1.504491308966312e-08, 1.2954073218084172e-08, 1.1134825241888566e-08, 9.588666192129082e-09, 8.248252092084197e-09, 7.1131969627797705e-09, 6.121350673289319e-09, 5.267256580586207e-09, 4.539835142185212e-09, 3.906105049562056e-09, 3.35302914791582e-09, 2.8790158146156314e-09, 2.47539952638831e-09, 2.121322124402759e-09, 1.822188490801349e-09]
ndim2: 500
W_list: [3.0999999999999996]
L_list: [7.334756935647232]
