C_final_list: [1.92436216014989e-06, 1.6610233216948974e-06, 1.4262816916024757e-06, 1.2262572636579444e-06, 1.0548245036809384e-06, 9.063367170507227e-07, 7.80879612574751e-07, 6.694390085082957e-07, 5.737391442524183e-07, 4.915921307080476e-07, 4.212676253861437e-07, 3.6245629781113695e-07, 3.115223599698815e-07, 2.6680840899595356e-07, 2.2838274692679208e-07, 1.9462918211603908e-07, 1.6634199735798427e-07, 1.411002267482565e-07, 1.1999074563040491e-07, 1.0206710334580963e-07, 8.649327397080065e-08, 7.354524012225298e-08, 6.257895278862094e-08, 5.332401127639598e-08, 4.5380782572078566e-08, 3.8721945806617015e-08, 3.296143348563996e-08, 2.8038672726309363e-08, 2.387644791782654e-08, 2.0343554701383862e-08, 1.734389144212205e-08, 1.4716117745558958e-08, 1.2508987559150245e-08, 1.0656353492640195e-08, 9.025186420234995e-09, 7.660089844823185e-09, 6.508233578495231e-09, 5.499670253129496e-09, 4.695784170598037e-09, 3.9948284301355515e-09, 3.4062290969107983e-09, 2.900692559742893e-09, 2.4873183539328376e-09, 2.1254414804605266e-09, 1.8117381084605969e-09, 1.539253650176618e-09, 1.3193272992549278e-09, 1.1227027804042792e-09, 9.56755275200089e-10, 8.111214804214216e-10]
ndim2: 500
W_list: [3.3]
L_list: [6.565051982769484]
