C_final_list: [1.4297958980237235e-06, 1.4002097142070924e-06, 1.3706070644958989e-06, 1.3413260812757097e-06, 1.3128488056044983e-06, 1.2849299029973038e-06, 1.2575992720715577e-06, 1.2309220880826908e-06, 1.204608610020568e-06, 1.1784785912292198e-06, 1.152825314016747e-06, 1.127977238931609e-06, 1.1035841988022242e-06, 1.0794691342993788e-06, 1.0560668091359792e-06, 1.0332542545124016e-06, 1.0112519807477004e-06, 9.895377431689515e-07, 9.683578818962834e-07, 9.474665332280607e-07, 9.26895845106145e-07, 9.067280621146399e-07, 8.869838585774895e-07, 8.675290631430859e-07, 8.484006984677629e-07, 8.299697478069602e-07, 8.120224792351291e-07, 7.943394584631134e-07, 7.77003475983201e-07, 7.598854197491534e-07, 7.431444905052916e-07, 7.26818436362078e-07, 7.108195646548618e-07, 6.950285003486092e-07, 6.794479511431622e-07, 6.642273752760962e-07, 6.493632351162585e-07, 6.34757419362519e-07, 6.205332280600509e-07, 6.068494302519443e-07, 5.933690024704248e-07, 5.802464930823706e-07, 5.674476949391126e-07, 5.549036500134026e-07, 5.42657876928007e-07, 5.306621497788127e-07, 5.188241453072905e-07, 5.072918867360746e-07, 4.958940741604606e-07, 4.847044196692732e-07]
ndim2: 500
W_list: [3.3]
L_list: [45.45360797556449]
