R_list= [ 1  2  3  4  5  6  7  8  9 10 11 12 13 14 15 16 17 18 19 20 21 22 23 24
 25 26 27 28 29 30 31 32 33 34 35 36 37 38]
C_final_list= [9.9295356085989e-07, 9.474680794485926e-07, 9.007152644871571e-07, 8.545115988231881e-07, 8.100037023680938e-07, 7.676235175132637e-07, 7.271594522931156e-07, 6.891274456566472e-07, 6.533180466688236e-07, 6.19262315049613e-07, 5.869517378998972e-07, 5.561558818751984e-07, 5.26991363151321e-07, 4.992212121217313e-07, 4.7284006195383327e-07, 4.4786406986242007e-07, 4.2424123491876554e-07, 4.0175828221471177e-07, 3.80393023563298e-07, 3.6008836046476674e-07, 3.4056918512150676e-07, 3.220526429932306e-07, 3.0449814702313205e-07, 2.8785728025231684e-07, 2.7208060662205926e-07, 2.573114775366331e-07, 2.4331728492814935e-07, 2.300303307953611e-07, 2.1746929527549547e-07, 2.056201860273341e-07, 1.943972053739404e-07, 1.8377558186887214e-07, 1.7370481830670976e-07, 1.6408039726439446e-07, 1.5498154062892263e-07, 1.4636476289301152e-07, 1.3819241639051017e-07, 1.3046535382173875e-07]
W_list: [7.0]
L_list: [18.438418199696937]
