C_list:
1.4185142976280603e-06 0.013691133805856842
ndim2: 500
W_list: [1.5999999999999999]
L_list: [73.03996982136107]
