R_list= [ 1  2  3  4  5  6  7  8  9 10 11 12 13 14 15 16 17 18 19 20 21 22 23 24
 25 26 27 28 29 30 31 32 33 34 35 36 37 38]
C_final_list= [1.413625908777748e-06, 1.3422347186809522e-06, 1.271544896012789e-06, 1.2055362472848602e-06, 1.1418004582853326e-06, 1.081308195710367e-06, 1.0238779387397101e-06, 9.701212583253871e-07, 9.197033224264397e-07, 8.715139963851165e-07, 8.257451888625967e-07, 7.821026601387983e-07, 7.405942212674723e-07, 7.012143936810224e-07, 6.636247134844344e-07, 6.277100506151136e-07, 5.935957405368756e-07, 5.613796272766301e-07, 5.312710882275028e-07, 5.026857031169444e-07, 4.751747094179078e-07, 4.492926935079059e-07, 4.24840175378091e-07, 4.016730736577294e-07, 3.7980429028197435e-07, 3.590475535836421e-07, 3.3944305573279027e-07, 3.2101804507502706e-07, 3.0360015184561873e-07, 2.870486508612051e-07, 2.7139759657937554e-07, 2.565767023392696e-07, 2.4247843101848407e-07, 2.2920550502954054e-07, 2.1670507184186824e-07, 2.0484079874720142e-07, 1.9365402716954544e-07, 1.8304646351786133e-07]
W_list: [5]
L_list: [18.235979980691795]
