R_list= [ 1  2  3  4  5  6  7  8  9 10 11 12 13 14 15 16 17 18 19 20 21 22 23 24
 25 26 27 28 29 30 31 32 33 34 35 36 37 38]
C_final_list= [3.3236135032615074e-07, 2.766341524551276e-07, 2.271798280302188e-07, 1.857268542942389e-07, 1.511822836893551e-07, 1.231750283017837e-07, 1.0007413216459567e-07, 8.130302593602386e-08, 6.59549066479381e-08, 5.3371652400286216e-08, 4.3148141223208526e-08, 3.4821898891257947e-08, 2.805976537940741e-08, 2.254054758583191e-08, 1.8068494331874757e-08, 1.4444133318950848e-08, 1.1549341402385314e-08, 9.23986548830966e-09, 7.394095944717995e-09, 5.913726274067441e-09, 4.718865391576622e-09, 3.767158155281285e-09, 3.01042504776385e-09, 2.3972536659050223e-09, 1.911962913515218e-09, 1.520909015788315e-09, 1.2082682119684213e-09, 9.578280930244585e-10, 7.597170262546078e-10, 6.018802330475933e-10, 4.750251265351634e-10, 3.763171682598947e-10, 2.991691437664659e-10, 2.3791810561098096e-10, 1.8875712435815964e-10, 1.5000176922404542e-10, 1.186198326279043e-10, 9.319792423388701e-11]
W_list: [9.2]
L_list: [4.9254991149565095]
