R_list= [ 1  2  3  4  5  6  7  8  9 10 11 12 13 14 15 16 17 18 19 20 21 22 23 24
 25 26 27 28 29 30 31 32]
C_final_list= [7.417958078297341e-08, 2.8764891840611046e-08, 8.674326087053962e-09, 2.3015641662609453e-09, 5.657783748198495e-10, 1.3172294001877095e-10, 2.9650563585332683e-11, 6.5398434507012715e-12, 1.4219931608157965e-12, 3.0624967678449995e-13, 6.634115050127187e-14, 1.461672474782414e-14, 3.1607034185029633e-15, 6.610063836068607e-16, 1.3756146872675152e-16, 2.87536655567372e-17, 5.9559601592930926e-18, 1.224676179106794e-18, 2.527676532744615e-19, 5.31833179908933e-20, 1.1369355990204374e-20, 2.5259717220323777e-21, 6.135215906986266e-22, 1.7660281083412608e-22, 6.490255227249406e-23, 3.2489125987106185e-23, 2.0879663262587086e-23, 1.526623436121375e-23, 1.2418416566808691e-23, 1.130554270951019e-23, 1.1096108030241446e-23, 1.1289127474527019e-23]
W_list: [6]
L_list: [0.9909440439752606]
