R_list= [ 1  2  3  4  5  6  7  8  9 10 11 12 13 14 15 16 17 18 19 20 21 22 23 24
 25 26 27 28 29 30 31 32 33 34 35 36 37 38]
C_final_list= [2.2191526831050637e-06, 1.9431264689705235e-06, 1.6836155721284246e-06, 1.4511054466130215e-06, 1.2480076185274818e-06, 1.0721045189711558e-06, 9.204318487094996e-07, 7.904172054411733e-07, 6.792449069411073e-07, 5.833244085387044e-07, 5.004632521573876e-07, 4.2873414701857343e-07, 3.6694611569834015e-07, 3.139471247790778e-07, 2.682186797689792e-07, 2.2912436656813084e-07, 1.9559638384605456e-07, 1.6682385538526983e-07, 1.4220073579467991e-07, 1.2115292916212076e-07, 1.0326943477574035e-07, 8.802880082736846e-08, 7.499865736608535e-08, 6.386067416294361e-08, 5.4355706550666806e-08, 4.626520809108063e-08, 3.944024267927012e-08, 3.363118748625822e-08, 2.863758522467576e-08, 2.4391230705379684e-08, 2.078887913311744e-08, 1.773184167648454e-08, 1.5121998300311658e-08, 1.2894254570756942e-08, 1.0988185923109638e-08, 9.357929530992326e-09, 7.952632399250694e-09, 6.759511619642804e-09]
W_list: [8.35]
L_list: [6.654076108951194]
