C_final_list: [1.6084429066673293e-06, 1.4529439337359716e-06, 1.311425055034035e-06, 1.183182879755517e-06, 1.0679117651915641e-06, 9.634817203119745e-07, 8.709475541555161e-07, 7.860401699060571e-07, 7.097768315030796e-07, 6.410144795837955e-07, 5.788826477373784e-07, 5.230516391436958e-07, 4.716734678055924e-07, 4.2610411976330686e-07, 3.8417334668553076e-07, 3.4557329604040367e-07, 3.1071455356167904e-07, 2.794294746468233e-07, 2.5141738125909826e-07, 2.2636730352440484e-07, 2.0400125732910868e-07, 1.8376189218864637e-07, 1.6532691148948197e-07, 1.4873386245691333e-07, 1.338662814579448e-07, 1.2066199541145145e-07, 1.0877686109310392e-07, 9.801967558714042e-08, 8.849827026978156e-08, 7.964895337123421e-08, 7.177818181675541e-08, 6.464666008137024e-08, 5.814035490507906e-08, 5.222833698723119e-08, 4.683204023338979e-08]
ndim2: 500
W_list: [3.6]
L_list: [9.724942544801179]
