R_list= [ 1  2  3  4  5  6  7  8  9 10 11 12 13 14 15 16 17 18 19 20 21 22 23 24
 25 26 27 28 29 30 31 32 33 34 35 36 37 38]
C_final_list= [3.053323806839693e-05, 2.2961521193176832e-05, 1.7190343365754784e-05, 1.283977780482371e-05, 9.566897593612392e-06, 7.121723709724333e-06, 5.303016151037948e-06, 3.9394288078818205e-06, 2.933229228336319e-06, 2.1824761423573216e-06, 1.6244767290069165e-06, 1.2086396753424984e-06, 8.987058185555353e-07, 6.679441676323452e-07, 4.963246788411807e-07, 3.692604069947172e-07, 2.7410756011572805e-07, 2.0333385404704994e-07, 1.5098887342583318e-07, 1.1218303619834127e-07, 8.343162764242127e-08, 6.232177809993379e-08, 4.655595201025273e-08, 3.468880600060966e-08, 2.5774317757643418e-08, 1.9134255500798145e-08, 1.4323649516698428e-08, 1.0751172834767823e-08, 8.041596239753998e-09, 6.011860624689178e-09, 4.497168220798555e-09, 3.3449362268482307e-09, 2.4855813224404244e-09, 1.8429252768306416e-09, 1.3720170587299261e-09, 1.0212669926645845e-09, 7.621733995671763e-10, 5.682449099606081e-10]
W_list: [8.25]
L_list: [3.433112180617468]
