R_list= [ 1  2  3  4  5  6  7  8  9 10 11 12 13 14 15 16 17 18 19 20 21 22 23 24
 25 26 27 28 29 30 31 32 33 34 35 36 37 38]
C_final_list= [3.3249840070241174e-05, 2.107505472008249e-05, 1.3277317058713704e-05, 8.34223917846219e-06, 5.2358776074208635e-06, 3.2859702741301986e-06, 2.0549445715198512e-06, 1.2873981607886565e-06, 8.063515505374322e-07, 5.060137361370479e-07, 3.174517830372515e-07, 1.9891741134837276e-07, 1.243612613291804e-07, 7.799267461705569e-08, 4.903996318651863e-08, 3.1105280524970536e-08, 1.9688793842418185e-08, 1.2415852682328652e-08, 7.77084446220251e-09, 4.8613695096162194e-09, 3.0214942092064794e-09, 1.869971355741048e-09, 1.1642306166952409e-09, 7.289308325157223e-10, 4.500422345458116e-10, 2.839871578783333e-10, 1.797102724008904e-10, 1.1259045674328377e-10, 6.915005620016685e-11, 4.32796137989464e-11, 2.660278596951385e-11, 1.6667378085646808e-11, 1.0677354312890728e-11, 6.721232369915668e-12, 4.316231257091691e-12, 2.7158222364779793e-12, 1.7311943297176969e-12, 1.0121883604090017e-12]
W_list: [8.5]
L_list: [2.168917887204003]
