C_list:
9.692866241403476e-07 0.1250282523955018
ndim2: 500
W_list: [3.6]
L_list: [7.998192255272836]
