R_list= [ 1  2  3  4  5  6  7  8  9 10 11 12 13 14 15 16 17 18 19 20 21 22 23 24
 25 26 27 28 29 30 31 32 33 34 35 36 37 38]
C_final_list= [6.158364517432052e-07, 5.610864772572914e-07, 5.075411279029087e-07, 4.5790917272021456e-07, 4.1278869261979704e-07, 3.7178249885939393e-07, 3.347505256676473e-07, 3.010770081332535e-07, 2.709030559249216e-07, 2.4361786377628826e-07, 2.1930504981261086e-07, 1.975700830234815e-07, 1.7811305868550474e-07, 1.603934308966901e-07, 1.443077409042129e-07, 1.2978654603563877e-07, 1.1664880252141719e-07, 1.0480416400842973e-07, 9.41940152231605e-08, 8.46631501811605e-08, 7.610329902505262e-08, 6.832013400500496e-08, 6.132302437968668e-08, 5.5062221153616024e-08, 4.9400396111108845e-08, 4.4343665508883345e-08, 3.9766169672165964e-08, 3.5653525952734493e-08, 3.192460120892388e-08, 2.8544834192854855e-08, 2.553166623453144e-08, 2.2836630300247662e-08, 2.0428698015990265e-08, 1.825379602144085e-08, 1.6324658162601817e-08, 1.4596629213393572e-08, 1.304263061967408e-08, 1.1667318605380807e-08]
W_list: [7.0]
L_list: [9.564929822216959]
