R_list= [ 1  2  3  4  5  6  7  8  9 10 11 12 13 14 15 16 17 18 19 20 21 22 23 24
 25 26 27 28 29 30]
C_final_list= [3.802519864583536e-08, 1.4474963197681766e-08, 4.195639844034e-09, 1.0503121446851093e-09, 2.42404924910796e-10, 5.3103348828551435e-11, 1.1370637552182094e-11, 2.418282332014267e-12, 5.160607853723679e-13, 1.1092845165391358e-13, 2.3713890582280052e-14, 4.9858622627441265e-15, 1.006042226794043e-15, 1.9190315244258128e-16, 3.640370035955023e-17, 6.849940913452221e-18, 1.3014692809536747e-18, 2.5082140487274207e-19, 4.982876277172689e-20, 1.0583534284052251e-20, 2.559808719001213e-21, 7.761782717025961e-22, 3.2431611199485764e-22, 1.8997437328321785e-22, 1.4153036554428872e-22, 1.2100740650144745e-22, 1.1128121241079953e-22, 1.069764142834784e-22, 1.0561316814170226e-22, 1.0640392478945057e-22]
W_list: [6]
L_list: [0.971239916638223]
