R_list= [ 1  2  3  4  5  6  7  8  9 10 11 12 13 14 15 16 17 18 19 20 21 22 23 24
 25 26 27 28 29 30 31 32 33 34 35 36 37 38]
C_final_list= [1.0578654418984076e-06, 9.851949688486667e-07, 9.260718072785467e-07, 8.698347545126372e-07, 8.162199087756502e-07, 7.669662642015704e-07, 7.204790837252358e-07, 6.760288128166194e-07, 6.340485573927123e-07, 5.951865116308195e-07, 5.589773182802625e-07, 5.249209932142894e-07, 4.928188965739436e-07, 4.6281308332211097e-07, 4.3451041835785445e-07, 4.0738472959368385e-07, 3.8160362183741085e-07, 3.574009998544115e-07, 3.3476597885831124e-07, 3.1330966614233626e-07, 2.931268013117189e-07, 2.743370823352055e-07, 2.5688809297861743e-07, 2.406271429764848e-07, 2.2538813823225255e-07, 2.1104052244548219e-07, 1.9771739206097204e-07, 1.853449137929951e-07, 1.7365597827097418e-07, 1.627454861969992e-07, 1.52377213442715e-07, 1.4249341269469022e-07, 1.3324396782838357e-07, 1.2456721310010483e-07, 1.1641000361545085e-07, 1.0872459783890507e-07, 1.0149320978736547e-07, 9.475995015205102e-08]
W_list: [5]
L_list: [15.600177998761929]
