R_list= [ 1  2  3  4  5  6  7  8  9 10 11 12 13 14 15 16 17 18 19 20 21 22 23 24
 25 26 27 28 29 30 31 32 33 34 35 36 37 38]
C_final_list= [9.366581011776228e-07, 8.250038214219903e-07, 7.260804407146228e-07, 6.397287289134655e-07, 5.631241863322124e-07, 4.958332483048106e-07, 4.3659039182691947e-07, 3.841292504803289e-07, 3.374423784666698e-07, 2.9599197005624933e-07, 2.5923802025248665e-07, 2.2665715647090262e-07, 1.9749516832370514e-07, 1.723217534527972e-07, 1.5019452525133207e-07, 1.3082477667539275e-07, 1.1399647529243899e-07, 9.904963712588781e-08, 8.611067644382565e-08, 7.496352209656522e-08, 6.511574939919895e-08, 5.657891840108474e-08, 4.9299019041005414e-08, 4.280636567832168e-08, 3.71687967191776e-08, 3.227986955973689e-08, 2.8066458427500224e-08, 2.442490947406275e-08, 2.1224194786179388e-08, 1.843699767540775e-08, 1.60406387262105e-08, 1.3932224249452057e-08, 1.2058069307600094e-08, 1.0474511058984081e-08, 9.086066912125403e-09, 7.890319090672795e-09, 6.842437040239758e-09, 5.925033679843428e-09]
W_list: [6]
L_list: [7.6693073594143755]
