R_list= [ 1  2  3  4  5  6  7  8  9 10 11 12 13 14 15 16 17 18 19 20 21 22 23 24
 25 26 27 28 29 30 31 32 33 34 35 36 37 38]
C_final_list= [2.3146494269895994e-06, 2.145015545428162e-06, 2.0274517315434966e-06, 1.909789920052942e-06, 1.8005431535082427e-06, 1.6993106303531894e-06, 1.604428201873226e-06, 1.5151985952837052e-06, 1.430205634996615e-06, 1.3515185575507702e-06, 1.2759552926646527e-06, 1.2035470212223677e-06, 1.1363856386282395e-06, 1.0723567008074887e-06, 1.011871459745831e-06, 9.541369482314065e-07, 9.002088839697291e-07, 8.496392376085887e-07, 8.00740419132536e-07, 7.540907240651722e-07, 7.100706410537113e-07, 6.685819875728712e-07, 6.290552779854064e-07, 5.921717844645744e-07, 5.572838146981417e-07, 5.243116658884076e-07, 4.931728478702526e-07, 4.637862597654084e-07, 4.3624888637969834e-07, 4.1026471314377375e-07, 3.859651564402563e-07, 3.6301220399168793e-07, 3.40902217187441e-07, 3.202013034273184e-07, 3.006551141028969e-07, 2.822843899424056e-07, 2.649096964793913e-07, 2.488180240627146e-07]
W_list: [4]
L_list: [16.975143837616727]
