R_list= [ 1  2  3  4  5  6  7  8  9 10 11 12 13 14 15 16 17 18 19 20 21 22 23 24
 25 26 27 28 29 30 31 32 33 34 35 36 37 38]
C_final_list= [3.039442565446663e-05, 2.287947966489555e-05, 1.7079760145733502e-05, 1.2705076783397994e-05, 9.440604706821764e-06, 7.024629893810681e-06, 5.233507140253705e-06, 3.895858592521141e-06, 2.8952296434402224e-06, 2.1486280245020183e-06, 1.5955327869966145e-06, 1.182804527918116e-06, 8.79501391622678e-07, 6.545758161243923e-07, 4.870081267687334e-07, 3.615251750476906e-07, 2.6856465908717015e-07, 1.992763072154826e-07, 1.4738863673964661e-07, 1.0911341653657629e-07, 8.087030736785182e-08, 5.997610234135872e-08, 4.448507330118289e-08, 3.311718241730327e-08, 2.4599159567201086e-08, 1.8174504496362766e-08, 1.3479770673300164e-08, 9.977949956376858e-09, 7.391570099228891e-09, 5.46595798953867e-09, 4.060994021270348e-09, 3.0149307172184505e-09, 2.240679834116414e-09, 1.6558555681673746e-09, 1.22101132814836e-09, 9.037677253104947e-10, 6.679057920497915e-10, 4.890239629550705e-10]
W_list: [8.25]
L_list: [3.4144184229237533]
