R_list= [ 1  2  3  4  5  6  7  8  9 10 11 12 13 14 15 16 17 18 19 20 21 22 23 24
 25 26 27 28 29 30]
C_final_list= [5.681745126825074e-07, 5.128904953503138e-07, 4.6500945183695805e-07, 4.1993321400770693e-07, 3.784315179650046e-07, 3.409595391899367e-07, 3.0713102409255045e-07, 2.764883801740657e-07, 2.4902143200261045e-07, 2.2405454447930375e-07, 2.013286454934354e-07, 1.809422249793512e-07, 1.625744978152684e-07, 1.4589499989902298e-07, 1.3098241892391742e-07, 1.177250200470836e-07, 1.0568076487001978e-07, 9.488077124454756e-08, 8.527577116177391e-08, 7.650264237408035e-08, 6.854686460204489e-08, 6.137044123017904e-08, 5.4890034823773345e-08, 4.9091137435681667e-08, 4.394438611208752e-08, 3.933949578349458e-08, 3.519608695752607e-08, 3.150942720445315e-08, 2.821922512176492e-08, 2.5272679874816737e-08]
W_list: [6]
L_list: [9.513276925302272]
