R_list= [ 1  2  3  4  5  6  7  8  9 10 11 12 13 14 15 16 17 18 19 20 21 22 23 24
 25 26 27 28 29 30 31 32 33 34 35 36 37 38]
C_final_list= [1.5962157300993396e-07, 6.328749769928349e-08, 1.9650182385424448e-08, 5.358086511654947e-09, 1.362008740385175e-09, 3.3252445732365637e-10, 7.966558494290405e-11, 1.88543920138732e-11, 4.467726259802158e-12, 1.0670225816408133e-12, 2.558219890506757e-13, 6.109094754944523e-14, 1.4366133144497162e-14, 3.3699936132981134e-15, 7.900527829436987e-16, 1.7587631831789208e-16, 3.873684402165101e-17, 8.429589914689585e-18, 1.833053261513572e-18, 4.013650511893844e-19, 9.158826098614813e-20, 2.24405149717667e-20, 6.292919754054859e-21, 2.213053944812854e-21, 1.026512787355283e-21, 6.449249268352573e-22, 5.098172180965072e-22, 4.485216745928671e-22, 4.020053205843842e-22, 3.6439508908153423e-22, 3.459244379464878e-22, 3.39523686759794e-22, 3.33936772664147e-22, 3.236545172069842e-22, 3.134351290417763e-22, 3.0612302738531097e-22, 3.0257961203776733e-22, 3.0116646457062026e-22]
W_list: [6]
L_list: [1.0118989428728606]
