C_final_list: [1.3351467944510303e-06, 1.3071406117850024e-06, 1.2783502307236916e-06, 1.2492962157633137e-06, 1.221176315607392e-06, 1.1935996501155246e-06, 1.166776482738772e-06, 1.1404981108731773e-06, 1.1146070771107693e-06, 1.0892735935259737e-06, 1.06414400562763e-06, 1.0395995785257116e-06, 1.015801205467489e-06, 9.92487286321707e-07, 9.69798521999789e-07, 9.473134068507035e-07, 9.249678819407452e-07, 9.03250840970827e-07, 8.821133250351386e-07, 8.615328298609066e-07, 8.414823688184615e-07, 8.217312405144865e-07, 8.023559687233682e-07, 7.836163637298106e-07, 7.651822222072866e-07, 7.470906334798762e-07, 7.294833175636289e-07, 7.122693302454238e-07, 6.954141838701371e-07, 6.789409755156334e-07, 6.628867018070991e-07, 6.472995454576718e-07, 6.31919311111019e-07, 6.168704018089984e-07, 6.023223230927748e-07]
ndim2: 500
W_list: [2.0]
L_list: [42.743458472092335]
