R_list= [ 1  2  3  4  5  6  7  8  9 10 11 12 13 14 15 16 17 18 19 20 21 22 23 24
 25 26 27 28 29 30 31 32 33 34 35 36 37 38]
C_final_list= [2.5287484136700054e-06, 2.2349589974226394e-06, 1.9607142395150327e-06, 1.7126230959883133e-06, 1.4932188351643837e-06, 1.2991597060791933e-06, 1.1292715794211474e-06, 9.804590444678352e-07, 8.512483156259438e-07, 7.382877637904106e-07, 6.406911654937224e-07, 5.558560398139263e-07, 4.81767282478662e-07, 4.173734840460123e-07, 3.611220695942615e-07, 3.120081569659472e-07, 2.6936060161060226e-07, 2.3256221115360872e-07, 2.0081970185037557e-07, 1.7331706844021678e-07, 1.4961579732934985e-07, 1.2912719277600725e-07, 1.1151873121850145e-07, 9.637042750845476e-08, 8.323343553156252e-08, 7.189338767582667e-08, 6.209998029489857e-08, 5.3601602796775675e-08, 4.627643751863471e-08, 3.995814239925804e-08, 3.449577139878126e-08, 2.9799189877034796e-08, 2.5690774196308583e-08, 2.214076245109324e-08, 1.91044965278431e-08, 1.6490120802784233e-08, 1.4238060966755245e-08, 1.2293817877740782e-08]
W_list: [8.15]
L_list: [7.2077751308273985]
