C_final_list: [2.043409092714022e-06, 1.8027397206831797e-06, 1.5828986187152784e-06, 1.3951927890648071e-06, 1.2289143569533957e-06, 1.0808297200358953e-06, 9.491416671430448e-07, 8.361129798753164e-07, 7.359074738359057e-07, 6.486783404052352e-07, 5.706272170940477e-07, 5.023050453195938e-07, 4.41171181493702e-07, 3.870191469533391e-07, 3.39132364738196e-07, 2.963629014805664e-07, 2.594974109152404e-07, 2.274682042947109e-07, 1.9962827711377875e-07, 1.7515446206905157e-07, 1.5351058161388548e-07, 1.3471447229976032e-07, 1.1838125998735141e-07, 1.0373025376552454e-07, 9.065916192316577e-08, 7.935135780564962e-08, 6.936416974788177e-08, 6.032421665468094e-08, 5.242022508189369e-08, 4.550198911258849e-08, 3.963195223888981e-08, 3.445549740454582e-08, 3.0073706662153674e-08, 2.6221985243370234e-08, 2.2846372338610398e-08, 1.9829640057843596e-08, 1.7240613811766427e-08, 1.4927867193476556e-08, 1.2938613737261845e-08, 1.122763955575784e-08, 9.731473027940875e-09, 8.484352958643377e-09, 7.3717235935992336e-09, 6.395233100844682e-09, 5.563435167622571e-09, 4.833782158927535e-09, 4.209760552269429e-09, 3.6580402626636252e-09, 3.177666958758339e-09, 2.7439005410379503e-09]
ndim2: 500
W_list: [3.0]
L_list: [7.780587487455588]
