C_final_list: [1.8303566592880538e-06, 1.8070811264693132e-06, 1.7844201996825937e-06, 1.7627950481672963e-06, 1.741638370417242e-06, 1.7210193018227292e-06, 1.7008133143668998e-06, 1.681036248289002e-06, 1.661859681292853e-06, 1.6427438257419625e-06, 1.6238157978227005e-06, 1.6050167557135632e-06, 1.58600409212161e-06, 1.5672756401673917e-06, 1.548673566687835e-06, 1.530282324360272e-06, 1.5119400700127868e-06, 1.4937345527380553e-06, 1.4758634983796784e-06, 1.4582372942830018e-06, 1.4407990405695127e-06, 1.4234549517390695e-06, 1.4064003480260863e-06, 1.3893145702513387e-06, 1.3724265483321836e-06, 1.3557534461127379e-06, 1.3392318051255113e-06, 1.322987202859969e-06, 1.306972585525802e-06, 1.2912781442041313e-06, 1.275792529301209e-06, 1.2605609426615332e-06, 1.2455182154029764e-06, 1.2307455253041594e-06, 1.2158664258592492e-06, 1.2012801001154792e-06, 1.1865970243023014e-06, 1.1721612738175784e-06, 1.1580014890845015e-06, 1.1440423525324863e-06, 1.1301940995299138e-06, 1.1164439314555278e-06, 1.1029127797091457e-06, 1.0895584686831948e-06, 1.0763352323909752e-06, 1.063165577984315e-06, 1.0500188114976323e-06, 1.0371292808487845e-06, 1.0244136261194575e-06, 1.0119257453912506e-06]
ndim2: 500
W_list: [2.8]
L_list: [83.02029917508719]
