R_list= [ 1  2  3  4  5  6  7  8  9 10 11 12 13 14 15 16 17 18 19 20 21 22 23 24
 25 26 27 28 29 30 31 32 33 34 35 36 37 38]
C_final_list= [2.074779827252562e-06, 1.9966732596698387e-06, 1.9278333929234175e-06, 1.8609479332356704e-06, 1.7995578329738757e-06, 1.7395673853470453e-06, 1.680696496425164e-06, 1.6241827841563414e-06, 1.5698967875991643e-06, 1.5171219036323647e-06, 1.4660328369914778e-06, 1.4163447833139492e-06, 1.3682809346871146e-06, 1.3216957437943455e-06, 1.277178146084099e-06, 1.2345615009551295e-06, 1.1933363801968266e-06, 1.153405997954529e-06, 1.1148279874186288e-06, 1.0776639554782059e-06, 1.0413314172366439e-06, 1.006490459269924e-06, 9.729092746379647e-07, 9.404057837284506e-07, 9.087170883942116e-07, 8.781906733313949e-07, 8.486252380159088e-07, 8.200174088804706e-07, 7.922622841315768e-07, 7.651147124262705e-07, 7.389286322980337e-07, 7.135627607970639e-07, 6.888604402224727e-07, 6.65203312540811e-07, 6.419179526626457e-07, 6.194637368014025e-07, 5.976756295266982e-07, 5.766902927624292e-07]
W_list: [4]
L_list: [29.13836335685508]
