C_final_list: [1.5830618730638023e-06, 1.5566029222902046e-06, 1.5300520343035508e-06, 1.5041015355722075e-06, 1.4790404417064333e-06, 1.454099553181588e-06, 1.4298829917092248e-06, 1.4059975102685203e-06, 1.3823108198567178e-06, 1.358819511835104e-06, 1.3357486919667235e-06, 1.3131083443260314e-06, 1.2907174201268924e-06, 1.2687997199947987e-06, 1.247413821000742e-06, 1.2262266078646672e-06, 1.2055318175838459e-06, 1.1853016566585857e-06, 1.1655694057240666e-06, 1.145979856450019e-06, 1.126562302462769e-06, 1.107669905780322e-06, 1.0892211739415253e-06, 1.0711302550346893e-06, 1.0533739508687563e-06, 1.035858830962e-06, 1.018527469221742e-06, 1.0014139088354725e-06, 9.844785459988908e-07, 9.677378449982363e-07, 9.511607903699641e-07, 9.347508811774027e-07, 9.185550202413625e-07, 9.026335520437891e-07, 8.868617857180529e-07, 8.715525939582746e-07, 8.562402373090482e-07, 8.410762122638393e-07, 8.260897086836553e-07, 8.113837981617295e-07, 7.967762906898843e-07, 7.824488910147985e-07, 7.682969743330255e-07, 7.544356188853821e-07, 7.409592909338241e-07, 7.278923694980122e-07, 7.150162385348041e-07, 7.023891976982136e-07, 6.899302605002294e-07, 6.776215975486737e-07]
ndim2: 500
W_list: [3.0999999999999996]
L_list: [58.24106475910533]
