R_list= [ 1  2  3  4  5  6  7  8  9 10 11 12 13 14 15 16 17 18 19 20 21 22 23 24
 25 26 27 28 29 30 31 32 33 34 35 36 37 38]
C_final_list= [8.183240542068215e-07, 4.7584869098732905e-07, 2.742025146597982e-07, 1.580530286432954e-07, 9.055699780662594e-08, 5.1865985152928306e-08, 2.950589593229951e-08, 1.675190646509595e-08, 9.738189914220123e-09, 5.5852517625353614e-09, 3.1974405776523094e-09, 1.8085758531800695e-09, 1.0276074472488975e-09, 5.561775109239191e-10, 3.0621701388884507e-10, 1.679591565974159e-10, 9.291567086758895e-11, 4.922913917367594e-11, 2.65169315642537e-11, 1.3547700843226341e-11, 6.946732245268438e-12, 3.551554060207463e-12, 1.907102618475666e-12, 1.0618873744288905e-12, 6.040194183464007e-13, 3.1292298577462837e-13, 1.768782785308725e-13, 1.0592863578228195e-13, 5.854088724184723e-14, 2.923684300401903e-14, 1.5360708440315512e-14, 7.569724099879344e-15, 3.8583500861487346e-15, 1.9472312576781114e-15, 1.0044239409255044e-15, 5.008507576172789e-16, 2.6193673625043325e-16, 1.5065857014282556e-16]
W_list: [9.0]
L_list: [1.8251652133553402]
