R_list= [ 1  2  3  4  5  6  7  8  9 10 11 12 13 14 15 16 17 18 19 20 21 22 23 24
 25 26 27 28 29 30 31 32 33 34 35 36 37 38]
C_final_list= [2.710475656037299e-06, 2.4163311751984236e-06, 2.1356578736059e-06, 1.8804532031044923e-06, 1.653305488607891e-06, 1.450841944226744e-06, 1.2724695060544757e-06, 1.1145486953689513e-06, 9.760390509894883e-07, 8.542455356795134e-07, 7.472129650890502e-07, 6.532244494466065e-07, 5.705752202580441e-07, 4.982539855812092e-07, 4.3482552408097407e-07, 3.792995801345648e-07, 3.3098751052432324e-07, 2.8875472946404646e-07, 2.521729535895125e-07, 2.2026101725544338e-07, 1.925664243529168e-07, 1.6819025172519256e-07, 1.468696322300979e-07, 1.2817090616957115e-07, 1.1185944673800309e-07, 9.751369904385282e-08, 8.49862650031242e-08, 7.407372748549535e-08, 6.45162022252429e-08, 5.618833375556146e-08, 4.894127038886975e-08, 4.263372285851256e-08, 3.7116190377816135e-08, 3.2309933677701735e-08, 2.8138615094093893e-08, 2.451864555837412e-08, 2.1354374336024396e-08, 1.8598476711852575e-08]
W_list: [8.0]
L_list: [7.660812293586662]
