C_final_list: [1.7641154980761623e-06, 1.7409130325106888e-06, 1.7179117054331412e-06, 1.6958607836914293e-06, 1.6743968167735813e-06, 1.6535662947894648e-06, 1.6332703860109276e-06, 1.6132191285094217e-06, 1.5930440335416604e-06, 1.5733706075021248e-06, 1.5538487576416942e-06, 1.53477150654131e-06, 1.5158788737203366e-06, 1.49735401011809e-06, 1.4793118359520062e-06, 1.461135186790157e-06, 1.4432756035388442e-06, 1.4255430513812611e-06, 1.4081973441279075e-06, 1.390906036892267e-06, 1.373736371322933e-06, 1.3569116531405277e-06, 1.3405103322213334e-06, 1.3242059867233872e-06, 1.3081918940365652e-06, 1.2923439381832006e-06, 1.2764045426644975e-06, 1.26053898245976e-06, 1.2448495853335155e-06, 1.2293450592431388e-06, 1.2141077854844784e-06, 1.1989325236803834e-06, 1.1840143973385036e-06, 1.169248992863002e-06, 1.154831622411588e-06, 1.1406006328610946e-06, 1.1264804669769884e-06, 1.112389567807905e-06, 1.0986327296435722e-06, 1.0848618789754935e-06, 1.0712330818437264e-06, 1.057677745924076e-06, 1.044261172657169e-06, 1.03099949544641e-06, 1.0180202845559932e-06, 1.0051113267283576e-06, 9.924731338578083e-07, 9.799383471716735e-07, 9.674544828444272e-07, 9.55245393094847e-07]
ndim2: 500
W_list: [2.8499999999999996]
L_list: [80.4359081320837]
