R_list= [ 1  2  3  4  5  6  7  8  9 10 11 12 13 14 15 16 17 18 19 20 21 22 23 24
 25 26 27 28 29 30 31 32 33 34 35 36 37 38]
C_final_list= [5.428481642037912e-07, 4.2463591468217257e-07, 3.28038022235678e-07, 2.5260549915904014e-07, 1.950352264648352e-07, 1.509811911279818e-07, 1.1674511171039938e-07, 9.029710342721266e-08, 6.959248236240268e-08, 5.329098864418119e-08, 4.071259439977549e-08, 3.100153080242953e-08, 2.3626545389816617e-08, 1.8021342733119264e-08, 1.3780798026526158e-08, 1.0513678239211728e-08, 7.974161316836926e-09, 6.048987774298501e-09, 4.575647020029878e-09, 3.459530554111721e-09, 2.609371704258691e-09, 1.9442729112051536e-09, 1.4440980252150033e-09, 1.0745980400910783e-09, 7.953596740678144e-10, 5.870345077293542e-10, 4.341487987245664e-10, 3.2156530780260044e-10, 2.370016305993574e-10, 1.738162942226617e-10, 1.2769233480245612e-10, 9.430078294120085e-11, 6.972347634733594e-11, 5.188583375311486e-11, 3.873003824552255e-11, 2.8938370009551033e-11, 2.141606469675643e-11, 1.590233186067553e-11]
W_list: [8.6]
L_list: [3.8877778110244736]
