C_final_list: [1.6819514363752116e-06, 1.6295525772523833e-06, 1.5832095192547422e-06, 1.533540074101562e-06, 1.4872913335554335e-06, 1.4427584855255397e-06, 1.3990026380919195e-06, 1.3574798411929058e-06, 1.316135851571986e-06, 1.276105739639969e-06, 1.2371532147516648e-06, 1.199123263876379e-06, 1.1619349356292348e-06, 1.1257775720632298e-06, 1.0909160706710172e-06, 1.0566945633122503e-06, 1.0241595254675113e-06, 9.923247029175735e-07, 9.617247794211897e-07, 9.319867015645398e-07, 9.033406053346298e-07, 8.755966004567357e-07, 8.488193028725282e-07, 8.22651386371657e-07, 7.971316884951769e-07, 7.730837136844362e-07, 7.493950098631709e-07, 7.262119923704124e-07, 7.038725053236293e-07, 6.820320991270479e-07, 6.608245170827308e-07, 6.403422536734637e-07, 6.204551080535023e-07, 6.010910659137288e-07, 5.824076418047813e-07]
ndim2: 500
W_list: [1.6]
L_list: [32.088949425478674]
