R_list= [ 1  2  3  4  5  6  7  8  9 10 11 12 13 14 15 16 17 18 19 20 21 22 23 24
 25 26 27 28 29 30 31 32 33 34 35 36 37 38]
C_final_list= [5.069590375417838e-07, 4.767580431189524e-07, 4.462120111045041e-07, 4.164744770615868e-07, 3.878289510674342e-07, 3.608933254591178e-07, 3.3529237635252884e-07, 3.1122526510889624e-07, 2.887870767033396e-07, 2.6768445144197785e-07, 2.4790341458064753e-07, 2.2969849543293198e-07, 2.128319851944975e-07, 1.9716991705225524e-07, 1.8261367131989422e-07, 1.690232505225501e-07, 1.5637727174883306e-07, 1.4469661135077856e-07, 1.3398263954026374e-07, 1.2408582156368733e-07, 1.1485206547485736e-07, 1.0632922775827217e-07, 9.84547803892706e-08, 9.117451693716351e-08, 8.442781893035912e-08, 7.815267541170065e-08, 7.23034361756201e-08, 6.689681691499129e-08, 6.190172527474271e-08, 5.725487152949346e-08, 5.297150613324692e-08, 4.8997980253193825e-08, 4.53045084599425e-08, 4.189992421354703e-08, 3.8742822647709724e-08, 3.580187839478021e-08, 3.3054737153059e-08, 3.0509102994920014e-08]
W_list: [7.0]
L_list: [13.38247309231054]
