R_list= [ 1  2  3  4  5  6  7  8  9 10 11 12 13 14 15 16 17 18 19 20 21 22 23 24
 25 26 27 28 29 30 31 32 33 34 35 36 37 38]
C_final_list= [4.244476719593799e-07, 2.63181010258727e-07, 1.381192430151064e-07, 6.576672966372132e-08, 2.9529786467391098e-08, 1.2807759545301417e-08, 5.452933569848728e-09, 2.3031964552582124e-09, 9.716934453102617e-10, 4.136405542445848e-10, 1.7893953311324073e-10, 7.855385062308774e-11, 3.511130807179353e-11, 1.6109977798306532e-11, 7.682489381225834e-12, 3.82099309708459e-12, 1.9926235672149607e-12, 1.0693093307339193e-12, 5.839780028464859e-13, 2.9896135652699655e-13, 1.4363400537202917e-13, 6.485959602469461e-14, 2.8038310329427965e-14, 1.1823086092964513e-14, 4.844573552210982e-15, 1.975724115946255e-15, 8.163716843503558e-16, 3.445031126035165e-16, 1.47728590919683e-16, 6.427550876916898e-17, 2.788578748174824e-17, 1.1855411972884989e-17, 4.983411888433514e-18, 2.1147035686136515e-18, 9.297447980756484e-19, 4.172698922279706e-19, 1.8813595487005025e-19, 8.533526969385089e-20]
W_list: [4]
L_list: [1.7063700716391001]
