R_list= [ 1  2  3  4  5  6  7  8  9 10 11 12 13 14 15 16 17 18 19 20 21 22 23 24
 25 26 27 28 29 30 31 32 33 34 35 36 37 38]
C_final_list= [2.728549472071297e-06, 2.4406437054962004e-06, 2.16365587798092e-06, 1.9104982723167647e-06, 1.6843668174820502e-06, 1.4836286749525886e-06, 1.3053687688167312e-06, 1.147138339687546e-06, 1.0077648706196516e-06, 8.852695817551903e-07, 7.765535117741623e-07, 6.814293377671458e-07, 5.979048447564653e-07, 5.245750795188187e-07, 4.5985560648679797e-07, 4.024615733771793e-07, 3.5226723182600687e-07, 3.082027556685603e-07, 2.6975010551606954e-07, 2.360814882187987e-07, 2.0645760382430176e-07, 1.803717775806134e-07, 1.5761047665245553e-07, 1.3775836624870855e-07, 1.2038867856281806e-07, 1.052475989169414e-07, 9.187332475345132e-08, 8.016568548546238e-08, 6.999981700991196e-08, 6.116093797465574e-08, 5.345358170592347e-08, 4.673121907266442e-08, 4.086646068285117e-08, 3.5681539823527594e-08, 3.1137784493821136e-08, 2.715755000211928e-08, 2.370768617523355e-08, 2.068814539974544e-08]
W_list: [7.95]
L_list: [7.847291711362554]
