R_list= [ 1  2  3  4  5  6  7  8  9 10 11 12 13 14 15 16 17 18 19 20 21 22 23 24
 25 26 27 28 29 30 31 32 33 34 35 36 37 38]
C_final_list= [9.853271862057213e-07, 9.399291458039719e-07, 8.935893398441453e-07, 8.483179984168963e-07, 8.044102304608686e-07, 7.62127241409682e-07, 7.221500769399996e-07, 6.841190321132625e-07, 6.480696011193445e-07, 6.138699110369612e-07, 5.815440574176345e-07, 5.506461249807177e-07, 5.211601230493204e-07, 4.934235009962379e-07, 4.670055223755385e-07, 4.416984795756587e-07, 4.176888526495773e-07, 3.9477104109366845e-07, 3.7311637734343923e-07, 3.52596292118462e-07, 3.3324370606327895e-07, 3.149212536241854e-07, 2.975141845509526e-07, 2.809970556483514e-07, 2.6546330049473294e-07, 2.507744384662227e-07, 2.3689709990380882e-07, 2.2382463262218582e-07, 2.1150264452091326e-07, 1.997732748061926e-07, 1.886646577049523e-07, 1.781035556303208e-07, 1.6811922863116144e-07, 1.5866663058397147e-07, 1.4971864578895497e-07, 1.4121270517630456e-07, 1.3315413778878386e-07, 1.2551216355188869e-07]
W_list: [7.0]
L_list: [18.19734952405698]
