R_list= [ 1  2  3  4  5  6  7  8  9 10 11 12 13 14 15 16 17 18 19 20 21 22 23 24
 25 26 27 28 29 30 31 32 33 34 35 36 37 38]
C_final_list= [1.8235877236964414e-07, 7.975763253506356e-08, 2.8510011213958675e-08, 9.178699463529578e-09, 2.780693051464624e-09, 8.113375958103761e-10, 2.315407530066349e-10, 6.46702584221162e-11, 1.7712666038168072e-11, 4.80335061026828e-12, 1.3122653462466516e-12, 3.7668518210347796e-13, 1.1463844579423495e-13, 3.435697883931676e-14, 1.003929984577804e-14, 2.9173644622028066e-15, 7.942950819352885e-16, 2.0516601881071198e-16, 4.936227475801976e-17, 1.1564841561466654e-17, 2.7040567323219742e-18, 6.509156643333522e-19, 1.5523199922622702e-19, 3.6202569766688325e-20, 8.450047487313339e-21, 2.0008926667556243e-21, 4.873175732782566e-22, 1.240900435819989e-22, 3.3083709396335664e-23, 9.521609887749641e-24, 3.070803989705729e-24, 1.2562563452011609e-24, 5.896380692847768e-25, 3.1305310216313587e-25, 2.0725184821232062e-25, 1.5362587046541556e-25, 1.383884474180996e-25, 1.4094893471076716e-25]
W_list: [6]
L_list: [1.1211764972778224]
