R_list= [ 1  2  3  4  5  6  7  8  9 10 11 12 13 14 15 16 17 18 19 20 21 22 23 24
 25 26 27 28 29 30 31 32 33 34 35 36 37 38]
C_final_list= [1.012897969842921e-06, 6.689602823708664e-07, 4.441078056627773e-07, 2.944998007528657e-07, 1.9473139020623366e-07, 1.2831147087351257e-07, 8.432973757495211e-08, 5.515691638338327e-08, 3.6087394931788365e-08, 2.3564890885067755e-08, 1.534558410537552e-08, 1.0068410438446546e-08, 6.526708034356921e-09, 4.21463037742545e-09, 2.7110106522029056e-09, 1.7614949905332163e-09, 1.1384446977459453e-09, 7.324495183002066e-10, 4.716459744153929e-10, 3.047392776576826e-10, 1.9617146696682316e-10, 1.2713032465424836e-10, 8.12053940938489e-11, 5.081510192514977e-11, 3.22815364497866e-11, 2.0220855581805954e-11, 1.2462091117342194e-11, 8.009532074864923e-12, 5.142044233675382e-12, 3.333688591890326e-12, 2.099509015806741e-12, 1.3602933002069506e-12, 8.588728676791161e-13, 5.451106988867572e-13, 3.5241318180477407e-13, 2.281205975524942e-13, 1.499230260018886e-13, 8.850334873926625e-14]
W_list: [7.0]
L_list: [2.4205196782105256]
