R_list= [ 1  2  3  4  5  6  7  8  9 10 11 12 13 14 15 16 17 18 19 20 21 22 23 24
 25 26 27 28 29 30]
C_final_list= [8.560443650776083e-08, 4.705877148949836e-08, 2.3102994619470968e-08, 1.0925603559581785e-08, 5.073226381908682e-09, 2.3101428068966176e-09, 1.0399377180665472e-09, 4.708671222234823e-10, 2.1055185254855857e-10, 9.292950310806131e-11, 4.102591721167645e-11, 1.8076168693969455e-11, 8.145653145812008e-12, 3.844256590374638e-12, 1.9253739156169326e-12, 1.0626697812707928e-12, 6.303173185122594e-13, 4.071385649378582e-13, 3.329925176157534e-13, 2.8161423345767585e-13, 1.751419635181803e-13, 7.278108349303166e-14, 3.1295958945020085e-14, 1.489284413541144e-14, 7.371872052281927e-15, 2.416652828270166e-15, 5.369275956632957e-16, 1.2063948070755458e-16, 4.610981384072592e-17, 2.869872598647675e-17]
W_list: [6]
L_list: [1.5220844847539898]
