C_final_list: [1.6058199712799318e-06, 1.2652194452630913e-06, 9.944559224238893e-07, 7.806096732723024e-07, 6.112386497631735e-07, 4.801569298036558e-07, 3.7647063748803467e-07, 2.9680592102618914e-07, 2.3275781222931493e-07, 1.818516978284165e-07, 1.421027011990672e-07, 1.1098349518589756e-07, 8.686223695176532e-08, 6.77307882292436e-08, 5.293806791896815e-08, 4.129612862615943e-08, 3.209429527327042e-08, 2.480215946106827e-08, 1.9144121750608276e-08, 1.479402281345983e-08, 1.144123038798729e-08, 8.796212255174617e-09, 6.773161594071782e-09, 5.197615984108768e-09, 4.000801288180459e-09, 3.0711105056859245e-09, 2.339802998463421e-09, 1.7847474270380025e-09, 1.3691738583865416e-09, 1.0507980324475092e-09, 8.080268182061326e-10, 6.195695153610461e-10, 4.777387633267065e-10, 3.6415778415664756e-10, 2.8272325714805896e-10, 2.1863691296204924e-10, 1.6955388879816456e-10, 1.3043894223406455e-10, 1.0189899853076078e-10, 7.869591049343397e-11, 5.978826091118651e-11, 4.579264013567411e-11, 3.5130623128256555e-11, 2.6660369749418776e-11, 2.0403156062586154e-11, 1.5215375793111133e-11, 1.1393687839711358e-11, 8.501000391251847e-12, 6.3419416763830085e-12, 4.873139036360988e-12]
ndim2: 500
W_list: [4.2]
L_list: [4.133735546507384]
