R_list= [ 1  2  3  4  5  6  7  8  9 10 11 12 13 14 15 16 17 18 19 20 21 22 23 24
 25 26 27 28 29 30 31 32 33 34 35 36 37 38]
C_final_list= [2.228936652128567e-06, 2.1188664698363755e-06, 2.025244119950218e-06, 1.9318411094721296e-06, 1.845433352690818e-06, 1.7606265467587851e-06, 1.6786771838025278e-06, 1.6025549418300928e-06, 1.5286539775562907e-06, 1.4594909778258338e-06, 1.3931556482822014e-06, 1.3295958394719297e-06, 1.2686108321652078e-06, 1.2106932791115455e-06, 1.1550864351652902e-06, 1.100980047760767e-06, 1.049439846355323e-06, 1.0005139266581062e-06, 9.535478970641848e-07, 9.09415837747018e-07, 8.675726436589675e-07, 8.276997944432191e-07, 7.895040755541108e-07, 7.527888575682272e-07, 7.174884709480198e-07, 6.837044022495354e-07, 6.512803772344071e-07, 6.206460821694279e-07, 5.915038801855433e-07, 5.636479829335481e-07, 5.372017537317551e-07, 5.117358384615039e-07, 4.871228703465733e-07, 4.638365374803838e-07, 4.416906580550952e-07, 4.206098402803832e-07, 4.002573345793492e-07, 3.809810970967672e-07]
W_list: [4]
L_list: [21.146928249689513]
