R_list= [ 1  2  3  4  5  6  7  8  9 10 11 12 13 14 15 16 17 18 19 20 21 22 23 24
 25 26 27 28 29 30 31 32 33 34 35 36 37 38]
C_final_list= [9.966530806220531e-07, 6.174117349008237e-07, 3.7923898949785927e-07, 2.337333550054411e-07, 1.440665942004829e-07, 8.726589684648164e-08, 5.280301790203503e-08, 3.2071129320803804e-08, 1.9317647910345214e-08, 1.1541886552325803e-08, 6.96731337544625e-09, 4.203721984382814e-09, 2.5556118442623678e-09, 1.5148461647176915e-09, 8.917132586055396e-10, 5.382180870381066e-10, 3.229107461334881e-10, 1.9499518249159576e-10, 1.1747906544414379e-10, 6.963915750903292e-11, 4.172617487683993e-11, 2.5910830218313396e-11, 1.559901261383299e-11, 9.701126505831585e-12, 5.824774003209335e-12, 3.3878766979185882e-12, 2.0313467324933257e-12, 1.2567354764952095e-12, 7.265242216260938e-13, 4.1238750579208066e-13, 2.2055082995524144e-13, 1.2121529886781168e-13, 7.078125263068688e-14, 4.085502376528159e-14, 2.279765692691865e-14, 1.2124572435982638e-14, 6.7116124032503576e-15, 4.1069902121094015e-15]
W_list: [8.600000000000001]
L_list: [2.064988509549343]
