C_final_list: [1.0851458082858727e-06, 9.938998458346056e-07, 9.07912408865537e-07, 8.275236286723112e-07, 7.539024799286074e-07, 6.853726811168031e-07, 6.235388831562269e-07, 5.678050873022941e-07, 5.175914914355891e-07, 4.7182698880980864e-07, 4.3054123407200745e-07, 3.932427934500102e-07, 3.582546388297227e-07, 3.26515146209113e-07, 2.9715169540484214e-07, 2.7052663859206995e-07, 2.465116043881935e-07, 2.2427082948071396e-07, 2.0393219107662533e-07, 1.8528563544343324e-07, 1.6845337763637927e-07, 1.5297043042515154e-07, 1.3874868652580054e-07, 1.256910732806958e-07, 1.1368748503815614e-07, 1.028943434383344e-07, 9.302139499087137e-08, 8.402758824514293e-08, 7.596729076762012e-08, 6.869717305072257e-08, 6.209086491117729e-08, 5.611505472586213e-08, 5.0669852995018215e-08, 4.578538533097798e-08, 4.1365663078199296e-08, 3.740343147867551e-08, 3.388762459821765e-08, 3.068498386470691e-08, 2.7780988706758642e-08, 2.5119101676815563e-08, 2.2691996051056047e-08, 2.0475273864675572e-08, 1.8475340582456744e-08, 1.6666941286830288e-08, 1.503686394414503e-08, 1.3580047546707389e-08, 1.2284240386070493e-08, 1.1110707540189522e-08, 1.0058602807236557e-08, 9.097107388441387e-09]
ndim2: 500
W_list: [4.2]
L_list: [10.677186666912956]
