R_list= [ 1  2  3  4  5  6  7  8  9 10 11 12 13 14 15 16 17 18 19 20 21 22 23 24
 25 26 27 28 29 30 31 32 33 34 35 36 37 38]
C_final_list= [3.3462502755370415e-05, 2.579102227029853e-05, 1.9743900549909147e-05, 1.5076720379072452e-05, 1.1504543419461714e-05, 8.768192444073863e-06, 6.6791266006669775e-06, 5.0835506823986615e-06, 3.873918329872364e-06, 2.9492632265508697e-06, 2.2462856514418426e-06, 1.7108441855975494e-06, 1.3023474272781313e-06, 9.889796795742801e-07, 7.510923466193265e-07, 5.708793215076538e-07, 4.33916000328314e-07, 3.3048706678855034e-07, 2.514195925378539e-07, 1.906080609381643e-07, 1.4453821498507814e-07, 1.0953341790283213e-07, 8.299678043611316e-08, 6.308527344834598e-08, 4.8099178831615826e-08, 3.676305829870152e-08, 2.808234694214382e-08, 2.1418009145207093e-08, 1.6296514150813804e-08, 1.2417375449248309e-08, 9.432499137080867e-09, 7.140120054795869e-09, 5.3987852119337895e-09, 4.0663947328602824e-09, 3.0760161482692076e-09, 2.344971676186122e-09, 1.792865204981186e-09, 1.3747050386653692e-09]
W_list: [7.95]
L_list: [3.7250595033938887]
