R_list= [ 1  2  3  4  5  6  7  8  9 10 11 12 13 14 15 16 17 18 19 20 21 22 23 24
 25 26 27 28 29 30 31 32 33 34 35 36 37 38]
C_final_list= [8.447446925535385e-07, 7.536212906178639e-07, 6.744339159777181e-07, 6.023348401067882e-07, 5.376817916079924e-07, 4.806198507063907e-07, 4.2922675648456274e-07, 3.829694473340319e-07, 3.4134693586839646e-07, 3.038341672580668e-07, 2.7047641982751234e-07, 2.403392585761361e-07, 2.1415334399433184e-07, 1.9091236562898299e-07, 1.7005406642729426e-07, 1.51374158954345e-07, 1.346656881715064e-07, 1.197955091467271e-07, 1.0655210761129771e-07, 9.469399068292269e-08, 8.421929053904851e-08, 7.482632305964019e-08, 6.643959328714873e-08, 5.893924426027214e-08, 5.2193558947197567e-08, 4.626026748610881e-08, 4.0947744025750736e-08, 3.626651032732845e-08, 3.210831087843337e-08, 2.8454896983514012e-08, 2.5213360871529456e-08, 2.2360567742200677e-08, 1.980728536404027e-08, 1.7539421521773273e-08, 1.5529054991441517e-08, 1.3749878854427217e-08, 1.2189684704401194e-08, 1.0795272817329994e-08]
W_list: [6]
L_list: [8.717403437442965]
