R_list= [ 1  2  3  4  5  6  7  8  9 10 11 12 13 14 15 16 17 18 19 20 21 22 23 24
 25 26 27 28 29 30 31 32 33 34 35 36 37 38]
C_final_list= [4.779849631634695e-07, 4.079392315443348e-07, 3.4758951430698564e-07, 2.958330227599229e-07, 2.514393419258835e-07, 2.1374003024100134e-07, 1.8116726089047553e-07, 1.5329637186050354e-07, 1.2951792728226392e-07, 1.0962461156843834e-07, 9.271302052925014e-08, 7.826109387495473e-08, 6.601078055419153e-08, 5.564484623404698e-08, 4.691728525987591e-08, 3.9497771914998425e-08, 3.3165015187884766e-08, 2.7935999531273615e-08, 2.346182930814737e-08, 1.9686829981199215e-08, 1.65510008553805e-08, 1.385936348182584e-08, 1.158546367441717e-08, 9.713009866358934e-09, 8.150580187905691e-09, 6.834232156504574e-09, 5.717292425744003e-09, 4.779229926568132e-09, 3.989631082961682e-09, 3.3312468241597506e-09, 2.782999144565904e-09, 2.3143818246316265e-09, 1.921033689164744e-09, 1.5967756280455498e-09, 1.328965107267148e-09, 1.1041295164073004e-09, 9.19749298648731e-10, 7.678650662724996e-10]
W_list: [7]
L_list: [6.0822563085397015]
