C_final_list: [1.4354031721388115e-06, 1.270464561774016e-06, 1.1214581259853088e-06, 9.894132103613704e-07, 8.709664730630462e-07, 7.655728740479203e-07, 6.744045389310928e-07, 5.928812047977582e-07, 5.211868207554194e-07, 4.5829519503812856e-07, 4.028991491878868e-07, 3.547074059473225e-07, 3.1144673544606366e-07, 2.738299936262061e-07, 2.4048920250993847e-07, 2.1132232749501877e-07, 1.8541616780732933e-07, 1.6186365154507314e-07, 1.4161600505343063e-07, 1.235909182919079e-07, 1.0807323533754903e-07, 9.444993667298023e-08, 8.255648564946712e-08, 7.209318238909781e-08, 6.29142074546257e-08, 5.497149760384851e-08, 4.804596314868568e-08, 4.1921051676346155e-08, 3.652874431977596e-08, 3.1915635991787264e-08, 2.7747208965818532e-08, 2.4133776287380406e-08, 2.107170244508992e-08, 1.83555945951426e-08, 1.5955927613610738e-08, 1.3894878662999415e-08, 1.2090802949342337e-08, 1.0563977858291921e-08, 9.218473985980932e-09, 8.035134493515548e-09, 6.976965042159723e-09, 6.057466901923014e-09, 5.262907705769681e-09, 4.580192847029704e-09, 3.987382806272496e-09, 3.478203451051658e-09, 3.0190955720021737e-09, 2.632518072932003e-09, 2.295827193429744e-09, 1.998508536068332e-09]
ndim2: 500
W_list: [4.0]
L_list: [7.808648188294343]
