C_final_list: [2.0299751834538503e-06, 1.9186426882688593e-06, 1.8097445286625553e-06, 1.7077759769037156e-06, 1.6116575712482703e-06, 1.5197753629686383e-06, 1.4336151894529122e-06, 1.3534296415141813e-06, 1.2782997411284391e-06, 1.206752938443832e-06, 1.139604681767436e-06, 1.0747954113430264e-06, 1.01392553546839e-06, 9.554122961334512e-07, 8.998050855350842e-07, 8.471586260188599e-07, 7.975340589766088e-07, 7.511411931001094e-07, 7.06968269649784e-07, 6.652932421888053e-07, 6.264002790782934e-07, 5.89630226550647e-07, 5.553587194486117e-07, 5.230340572859104e-07, 4.92060253042022e-07, 4.6292247121890374e-07, 4.3564213646652565e-07, 4.095606106683309e-07, 3.8499849534113623e-07, 3.62121924767243e-07, 3.403049506583132e-07, 3.1977126834837227e-07, 3.003485749059134e-07, 2.8208442804123427e-07, 2.646154251731472e-07, 2.47922113030473e-07, 2.3227178210611547e-07, 2.1783547824770415e-07, 2.0428773320024435e-07, 1.917005916543962e-07, 1.8004016697995966e-07, 1.690316216038044e-07, 1.587792899991806e-07, 1.4905791059869575e-07, 1.3997971251380987e-07, 1.3137073754525442e-07, 1.2331370788172608e-07, 1.1570300819454461e-07, 1.0852729706160669e-07, 1.0175388903684174e-07]
ndim2: 500
W_list: [2.9]
L_list: [16.817579200874643]
