R_list= [ 1  2  3  4  5  6  7  8  9 10 11 12 13 14 15 16 17 18 19 20 21 22 23 24
 25 26 27 28 29 30 31 32 33 34 35 36 37 38]
C_final_list= [1.2294772541066958e-06, 1.1433613132529925e-06, 1.0741052648714201e-06, 1.0077283644163138e-06, 9.453062804306896e-07, 8.867284591943013e-07, 8.308187217273832e-07, 7.784417531375222e-07, 7.291417406749729e-07, 6.829471126726569e-07, 6.399418075545509e-07, 5.988422408333733e-07, 5.602112463538438e-07, 5.242580283363188e-07, 4.907741182065247e-07, 4.591332873454015e-07, 4.295987547445835e-07, 4.021882794791206e-07, 3.7654275774024126e-07, 3.523222745299734e-07, 3.2931740817320697e-07, 3.0774428810819683e-07, 2.875398839541191e-07, 2.689837119876994e-07, 2.5152296751085344e-07, 2.3494456757324983e-07, 2.195312134790141e-07, 2.0519280169695062e-07, 1.9177657025458275e-07, 1.7910034139180785e-07, 1.6731040047142694e-07, 1.5621504226437348e-07, 1.4593295404004426e-07, 1.3640736824647666e-07, 1.2745225274794728e-07, 1.1912730438962721e-07, 1.1133591383565305e-07, 1.0396403818608938e-07]
W_list: [5]
L_list: [15.167062902073052]
