C_list:
1.1265595588594022e-06 0.032472045714544144
ndim2: 500
W_list: [2.4]
L_list: [30.795719148427494]
