C_final_list: [2.0135112269135578e-06, 1.97155541479713e-06, 1.9292994608940535e-06, 1.8889679738701246e-06, 1.8498333550594757e-06, 1.8120583774800776e-06, 1.774910440433349e-06, 1.7385994136291948e-06, 1.7031359535187566e-06, 1.6680741247414862e-06, 1.6336081704507498e-06, 1.600118941586938e-06, 1.5671890756145362e-06, 1.5350580384351479e-06, 1.5039366070351701e-06, 1.473256007962996e-06, 1.443196257474458e-06, 1.4141187364161728e-06, 1.385572562353437e-06, 1.3577735880008405e-06, 1.3304409694407261e-06, 1.3032376945367697e-06, 1.2764334709299255e-06, 1.2499751432543873e-06, 1.223926433466752e-06, 1.1981679285960032e-06, 1.1730815620307783e-06, 1.1484144449885156e-06, 1.1244304101075272e-06, 1.1007604021965477e-06, 1.0772904290011348e-06, 1.0544935837686919e-06, 1.032006342508108e-06, 1.009945400464134e-06, 9.881890975345228e-07]
ndim2: 500
W_list: [2.4]
L_list: [48.122305308649]
