R_list= [ 1  2  3  4  5  6  7  8  9 10 11 12 13 14 15 16 17 18 19 20 21 22 23 24
 25 26 27 28 29 30 31 32 33 34 35 36 37 38]
C_final_list= [1.7258503011864157e-06, 1.6231517810272409e-06, 1.5480732355883326e-06, 1.4842438720661037e-06, 1.4201827149157048e-06, 1.3574882923929598e-06, 1.29838102908211e-06, 1.2425652380630674e-06, 1.189228989938159e-06, 1.1381908396983144e-06, 1.089127604870217e-06, 1.0417991095901443e-06, 9.964943663333695e-07, 9.5318105218814e-07, 9.113482518561173e-07, 8.713110991873753e-07, 8.327844166782658e-07, 7.956111351963211e-07, 7.602804676700928e-07, 7.26530842143853e-07, 6.940972031030853e-07, 6.628972967560548e-07, 6.327442718307361e-07, 6.039220369456574e-07, 5.764560382415592e-07, 5.504874874540011e-07, 5.258154330267506e-07, 5.020977879617162e-07, 4.792421129589847e-07, 4.574020185436788e-07, 4.367190830149261e-07, 4.1708135726911134e-07, 3.9829654645738766e-07, 3.8033605048283265e-07, 3.6321793696478797e-07, 3.4687352103720126e-07, 3.3107998850332374e-07, 3.1602854273093947e-07]
W_list: [4]
L_list: [22.112796145394082]
