C_final_list: [1.9713826319765647e-06, 1.7013758297986748e-06, 1.4648274244931882e-06, 1.262260078563287e-06, 1.0884097482958663e-06, 9.371984726861061e-07, 8.071529026686837e-07, 6.948345292516355e-07, 5.963391670252502e-07, 5.114063870911064e-07, 4.379295347296631e-07, 3.742682506241999e-07, 3.192424812570098e-07, 2.732028956051663e-07, 2.347543313081556e-07, 2.011370462371306e-07, 1.726123166048708e-07, 1.4740831481323598e-07, 1.2592969854495316e-07, 1.0741415599411133e-07, 9.173446827103347e-08, 7.795136758963813e-08, 6.631820471122907e-08, 5.653982386903842e-08, 4.803662939425798e-08, 4.0823810969043564e-08, 3.475102027497836e-08, 2.9553942490244332e-08, 2.50491413896186e-08, 2.1237453677108846e-08, 1.795303005569007e-08, 1.525642575488923e-08, 1.2979019568622956e-08, 1.1006715026352005e-08, 9.3214849141041e-09, 7.89234474207912e-09, 6.712445900047358e-09, 5.6701249259666434e-09, 4.799295233600372e-09, 4.029326175962898e-09, 3.3983054125497686e-09, 2.8662440376407684e-09, 2.4330267370140134e-09, 2.071389703966107e-09, 1.76552505173769e-09, 1.502892783854249e-09, 1.2711293228415852e-09, 1.0806900285789158e-09, 9.154817251964047e-10, 7.727321165987576e-10]
ndim2: 500
W_list: [3.3]
L_list: [6.617369431833836]
