C_final_list: [1.846832616089833e-06, 1.7168013885523663e-06, 1.5920668737130467e-06, 1.478609425953602e-06, 1.3736359057149386e-06, 1.2758226644275136e-06, 1.1844309274275607e-06, 1.099184937505712e-06, 1.0194852310565367e-06, 9.461378657043519e-07, 8.7837601873906e-07, 8.149404897663494e-07, 7.565691384506412e-07, 7.027076994244712e-07, 6.518626846403435e-07, 6.04728884977276e-07, 5.606464516480021e-07, 5.199374363592512e-07, 4.817613690638034e-07, 4.46287707870429e-07, 4.1334711959030966e-07, 3.8278100227082674e-07, 3.539539084711652e-07, 3.275286970782456e-07, 3.0326404933244534e-07, 2.805953517150558e-07, 2.5937438303181354e-07, 2.3967402388047477e-07, 2.2128474154420488e-07, 2.0442157613868942e-07, 1.889983077442135e-07, 1.7450417759311184e-07, 1.611653796247559e-07, 1.4881297948275663e-07, 1.3732235669856317e-07, 1.2664838808837064e-07, 1.1683156613882735e-07, 1.0768602267022316e-07, 9.939101652206905e-08, 9.178761395599283e-08, 8.475267100991158e-08, 7.826158680640362e-08, 7.216742630382619e-08, 6.656772907792069e-08, 6.141357394165223e-08, 5.659271693614329e-08, 5.219783541172215e-08, 4.809627528794144e-08, 4.4361569082235e-08, 4.088805188741119e-08]
ndim2: 500
W_list: [3.25]
L_list: [13.26960446090386]
