R_list= [ 1  2  3  4  5  6  7  8  9 10 11 12 13 14 15 16 17 18 19 20 21 22 23 24
 25 26 27 28 29 30 31 32 33 34 35 36 37 38]
C_final_list= [8.555180482748938e-07, 7.820441053675735e-07, 7.118427140619151e-07, 6.485750633904291e-07, 5.896397366589362e-07, 5.364338429220332e-07, 4.879080964780728e-07, 4.437170322591643e-07, 4.0365627295182874e-07, 3.671179061060374e-07, 3.340248026759348e-07, 3.0420831849284997e-07, 2.770494660412646e-07, 2.5225416578617127e-07, 2.2962118356802524e-07, 2.0918532587136716e-07, 1.903987219371417e-07, 1.7324663461534422e-07, 1.5743154049712385e-07, 1.4304621414334643e-07, 1.3003508107017942e-07, 1.1808245477633094e-07, 1.0711286982514197e-07, 9.709784301502855e-08, 8.789357554973913e-08, 7.95776172400945e-08, 7.19573150920528e-08, 6.509411550295405e-08, 5.889176252145125e-08, 5.3245345681970306e-08, 4.811480211498459e-08, 4.349839071380623e-08, 3.9307605703229107e-08, 3.5461696121458614e-08, 3.202976313837721e-08, 2.8903488497319196e-08, 2.607150734602989e-08, 2.348481821116622e-08]
W_list: [6]
L_list: [10.570294418505824]
