R_list= [ 1  2  3  4  5  6  7  8  9 10 11 12 13 14 15 16 17 18 19 20 21 22 23 24
 25 26 27 28 29 30 31 32 33 34 35 36 37 38]
C_final_list= [2.079619124374002e-06, 1.7718491882665727e-06, 1.5541374655403477e-06, 1.3828092547118188e-06, 1.229346883362179e-06, 1.09516561087188e-06, 9.774043516185343e-07, 8.725420755474351e-07, 7.800127329732618e-07, 6.971541979226656e-07, 6.221974038513293e-07, 5.553996614701538e-07, 4.960428190490027e-07, 4.4267474727859273e-07, 3.9530353370569995e-07, 3.5287994590654266e-07, 3.139421764905286e-07, 2.7849671340419253e-07, 2.4725628792281e-07, 2.1971318153381665e-07, 1.9501629815798874e-07, 1.728240458935628e-07, 1.5320350689781033e-07, 1.3594564926033435e-07, 1.2058357565850566e-07, 1.0681862554557304e-07, 9.473672755952114e-08, 8.413654502531051e-08, 7.46957181149991e-08, 6.629945984187063e-08, 5.8809613266081286e-08, 5.2058332800380446e-08, 4.602399147468625e-08, 4.0597528786182496e-08, 3.5723153009581856e-08, 3.1422921685232675e-08, 2.770878408202185e-08, 2.4439367736660868e-08]
W_list: [4]
L_list: [8.462948495136402]
