R_list= [ 1  2  3  4  5  6  7  8  9 10 11 12 13 14 15 16 17 18 19 20 21 22 23 24
 25 26 27 28 29 30 31 32 33 34 35 36 37 38]
C_final_list= [3.4472628910301766e-07, 3.1946400409931366e-07, 2.94074511380089e-07, 2.696942237338433e-07, 2.468926984587849e-07, 2.258076983624516e-07, 2.0651952676766525e-07, 1.888632363532032e-07, 1.726265356918545e-07, 1.577270419598253e-07, 1.4407133529474528e-07, 1.3149666883860922e-07, 1.199523464844348e-07, 1.094477048759496e-07, 9.977375349333018e-08, 9.092791084248397e-08, 8.28333463007526e-08, 7.546806054571701e-08, 6.868905006281519e-08, 6.251028281961469e-08, 5.688126066539984e-08, 5.1722634653326036e-08, 4.702872868528103e-08, 4.2739900590243864e-08, 3.883108775252393e-08, 3.527328605815692e-08, 3.202715307357555e-08, 2.9051462880021375e-08, 2.6317338734584756e-08, 2.383898173431265e-08, 2.1592152165236078e-08, 1.9550026890553336e-08, 1.7703052155763267e-08, 1.6031912968351302e-08, 1.4517477224827287e-08, 1.3157222782792253e-08, 1.1916068246629188e-08, 1.0775695187613101e-08]
W_list: [7.0]
L_list: [11.080681265055972]
