C_final_list: [2.141758573511909e-06, 2.1015044556072005e-06, 2.0612212799148863e-06, 2.0221264151168883e-06, 1.9839640042912373e-06, 1.9465495381471405e-06, 1.9101882811695405e-06, 1.8746144042719405e-06, 1.8393142738097003e-06, 1.8049115959921753e-06, 1.7708439715600326e-06, 1.7374492929628922e-06, 1.7044064046898608e-06, 1.6710008739688222e-06, 1.638416919862003e-06, 1.6060895287938868e-06, 1.574884129859297e-06, 1.5441465187710496e-06, 1.5138224763199146e-06, 1.4843053400768733e-06, 1.455748754595539e-06, 1.427847833559211e-06, 1.399991732993431e-06, 1.3730544869668145e-06, 1.346471516065602e-06, 1.3204863678947587e-06, 1.2948313013683056e-06, 1.2699660888967967e-06, 1.2454772131061805e-06, 1.2212921028784034e-06, 1.197489770724885e-06, 1.1740511989953517e-06, 1.151275989005363e-06, 1.1290021678223172e-06, 1.106941012998887e-06, 1.0856468122289054e-06, 1.0646027719340494e-06, 1.043985630110749e-06, 1.0237719003455187e-06, 1.003893395370659e-06, 9.844139808077805e-07, 9.652536055717505e-07, 9.465774014643957e-07, 9.282277890730073e-07, 9.101327646923575e-07, 8.924384564991561e-07, 8.749726553847046e-07, 8.579568150519077e-07, 8.412685519415728e-07, 8.248095009981235e-07]
ndim2: 500
W_list: [2.4]
L_list: [51.35516083215423]
