R_list= [ 1  2  3  4  5  6  7  8  9 10 11 12 13 14 15 16 17 18 19 20 21 22 23 24
 25 26 27 28 29 30 31 32 33 34 35 36 37 38]
C_final_list= [2.176315268074123e-06, 1.8980991722738778e-06, 1.6380148564711076e-06, 1.4073014200150496e-06, 1.206365899742014e-06, 1.033717637420036e-06, 8.849603606776329e-07, 7.569899445237966e-07, 6.47011665198364e-07, 5.520956995227599e-07, 4.7059099299326295e-07, 4.009474050819053e-07, 3.41113897493495e-07, 2.9017300279136096e-07, 2.467415480031305e-07, 2.0986809065109762e-07, 1.7834956932188745e-07, 1.5149653723999825e-07, 1.286069191795863e-07, 1.090588901054341e-07, 9.237548138502091e-08, 7.827311989054373e-08, 6.628627505111725e-08, 5.618792883101841e-08, 4.7761299604430726e-08, 4.05696643948705e-08, 3.4429637983760196e-08, 2.92048031688085e-08, 2.4763945304379346e-08, 2.099339268028424e-08, 1.7768595572091074e-08, 1.5018856339251936e-08, 1.2682840303387057e-08, 1.0719829685190725e-08, 9.067673289952474e-09, 7.688412133836324e-09, 6.5189649222227265e-09, 5.5348675360456264e-09]
W_list: [8.4]
L_list: [6.485246125008829]
