C_final_list: [1.7741333112387946e-06, 1.7515369336275675e-06, 1.729023638777577e-06, 1.707517513143763e-06, 1.6865037115176181e-06, 1.6658752966672773e-06, 1.6458159815516427e-06, 1.6258661183932032e-06, 1.606410852298024e-06, 1.5870343995075298e-06, 1.56798156853775e-06, 1.5490946082596364e-06, 1.5304389706837914e-06, 1.512234325872972e-06, 1.4940152420076773e-06, 1.476170933562591e-06, 1.4583025698740442e-06, 1.4406348041851625e-06, 1.4234059870239185e-06, 1.4063623068371337e-06, 1.3894843157482655e-06, 1.3729626706442593e-06, 1.3565986886957471e-06, 1.3402038004750393e-06, 1.3240911118540002e-06, 1.3080942961877909e-06, 1.2923857346804769e-06, 1.276989954528298e-06, 1.261693808810792e-06, 1.2465276225697729e-06, 1.231605278917999e-06, 1.2168571592150802e-06, 1.2022620929855208e-06, 1.187789177589809e-06, 1.1734743867083196e-06, 1.159394528587603e-06, 1.1454319912675768e-06, 1.1317731960045012e-06, 1.1182358844703052e-06, 1.1048562943907654e-06, 1.0916149245046184e-06, 1.0785062703519642e-06, 1.065503480818298e-06, 1.0526751158435908e-06, 1.0399641223219188e-06, 1.0272548176991787e-06, 1.0146754626608747e-06, 1.0023105993884245e-06, 9.899827326034818e-07, 9.777799900266418e-07]
ndim2: 500
W_list: [2.8]
L_list: [82.62048191923634]
