R_list= [ 1  2  3  4  5  6  7  8  9 10 11 12 13 14 15 16 17 18 19 20 21 22 23 24
 25 26 27 28 29 30 31 32 33 34 35 36 37 38]
C_final_list= [3.2862594712122763e-07, 2.6871196954360433e-07, 2.206513596149583e-07, 1.8035937625428649e-07, 1.4707402417558172e-07, 1.198285906703293e-07, 9.75053884357212e-08, 7.899822244454514e-08, 6.390149075366816e-08, 5.1659587713453394e-08, 4.1715728249807506e-08, 3.3768739017996375e-08, 2.731707047633641e-08, 2.210534457674024e-08, 1.7862977298869406e-08, 1.4427574668099454e-08, 1.1622035067105496e-08, 9.360140867386344e-09, 7.535880414684504e-09, 6.0709931506982675e-09, 4.8905315273310435e-09, 3.949678259026029e-09, 3.1766941771566404e-09, 2.5566750596248006e-09, 2.054327138722093e-09, 1.6453271658219659e-09, 1.3142464840108924e-09, 1.0527195418088946e-09, 8.450037019891687e-10, 6.794028845349719e-10, 5.482561464958651e-10, 4.453983839499373e-10, 3.605615224154041e-10, 2.917983273342696e-10, 2.372330984289765e-10, 1.9313431726152353e-10, 1.5623944185264966e-10, 1.2592091243595642e-10]
W_list: [7]
L_list: [4.886345830760402]
