C_final_list: [2.2288265662524423e-06, 2.0338394398733955e-06, 1.8460853491780843e-06, 1.679748881945055e-06, 1.5271516284380478e-06, 1.3879902724498877e-06, 1.2612009185023907e-06, 1.1474696253673197e-06, 1.0430042351989208e-06, 9.498422412627413e-07, 8.638814553245674e-07, 7.856524838946852e-07, 7.146172006464621e-07, 6.509733294497638e-07, 5.91437701112269e-07, 5.38306362335872e-07, 4.894817149833289e-07, 4.4447899909012737e-07, 4.042971526736084e-07, 3.667828461314691e-07, 3.3180507729737594e-07, 3.0033845083409885e-07, 2.7177992371800934e-07, 2.45855528949713e-07, 2.2263945186979315e-07, 2.0180234909148116e-07, 1.825265037329965e-07, 1.6546898170992848e-07, 1.4961964761648728e-07, 1.351957680912706e-07, 1.2201824680581182e-07, 1.1021373372432148e-07, 9.944293616964619e-08, 8.958121485695828e-08, 8.080375303894054e-08, 7.283995123681927e-08, 6.559219303267493e-08, 5.9126534129522754e-08, 5.336072610511866e-08, 4.8042404779587907e-08, 4.3331734216037125e-08, 3.908426907800947e-08, 3.511424238185273e-08, 3.167487179013382e-08, 2.85366940477145e-08, 2.567623274562137e-08, 2.3163872036697693e-08, 2.086140050484961e-08, 1.8764877921238824e-08, 1.6852272179389066e-08]
ndim2: 500
W_list: [2.4]
L_list: [10.466117322604624]
