R_list= [ 1  2  3  4  5  6  7  8  9 10 11 12 13 14 15 16 17 18 19 20 21 22 23 24
 25 26 27 28 29 30 31 32 33 34 35 36 37 38]
C_final_list= [6.316959247862832e-06, 5.4001075542461e-06, 4.575620707209742e-06, 3.8629238991719344e-06, 3.2563981591344077e-06, 2.7430587781257008e-06, 2.309620534117903e-06, 1.942124547349388e-06, 1.6325454845542002e-06, 1.3708834324730979e-06, 1.1503667352868237e-06, 9.6525125004656e-07, 8.094473543509322e-07, 6.781819532194041e-07, 5.677396041622704e-07, 4.7482450622529705e-07, 3.970142937222111e-07, 3.318644633710493e-07, 2.7719886211703546e-07, 2.3215109512585673e-07, 1.943697279886344e-07, 1.6281874589656304e-07, 1.3645392783382507e-07, 1.1431800371809083e-07, 9.571263895150145e-08, 8.005521755836774e-08, 6.693975801009232e-08, 5.598540387059689e-08, 4.671049843448669e-08, 3.902265739340003e-08, 3.2679876105315384e-08, 2.734705549073857e-08, 2.2916337479703444e-08, 1.920186370434864e-08, 1.6079019570599047e-08, 1.3440331456637134e-08, 1.1262783998468164e-08, 9.449508522592868e-09]
W_list: [8.2]
L_list: [5.864021362501615]
