R_list= [ 1  2  3  4  5  6  7  8  9 10 11 12 13 14 15 16 17 18 19 20 21 22 23 24
 25 26 27 28 29 30]
C_final_list= [5.7490681587986e-07, 5.196836238199467e-07, 4.7151148016449474e-07, 4.263109070099523e-07, 3.8504430038002773e-07, 3.4709590200730295e-07, 3.123393451890939e-07, 2.8096266771736595e-07, 2.5280347830730075e-07, 2.271909344512952e-07, 2.039749944344009e-07, 1.8289118628020626e-07, 1.6420793159553404e-07, 1.4737555487134619e-07, 1.3228754929338244e-07, 1.1869169484222697e-07, 1.0634297306763237e-07, 9.530622707839067e-08, 8.537137662256798e-08, 7.649128446308172e-08, 6.855481481907164e-08, 6.13819944857525e-08, 5.500901767756631e-08, 4.9331443436276984e-08, 4.4216285100970786e-08, 3.963027686746477e-08, 3.5443094800978607e-08, 3.169396449655533e-08, 2.8337684745075926e-08, 2.5313928145966714e-08]
W_list: [6]
L_list: [9.493283968105741]
