R_list= [ 1  2  3  4  5  6  7  8  9 10 11 12 13 14 15 16 17 18 19 20 21 22 23 24
 25 26 27 28 29 30 31 32 33 34 35 36 37 38]
C_final_list= [4.0949929550939915e-07, 2.542270223677558e-07, 1.3410071307634153e-07, 6.4392686545765e-08, 2.9237208016295424e-08, 1.283327302450085e-08, 5.517711222874341e-09, 2.3379997245003584e-09, 9.788791695220278e-10, 4.06875406543457e-10, 1.686336046735151e-10, 6.984459205319422e-11, 2.895008660526948e-11, 1.2097230135069467e-11, 5.154124245495561e-12, 2.226440687878374e-12, 9.678479189236825e-13, 4.151341638139738e-13, 1.7401890304933804e-13, 7.194542237941288e-14, 2.9686080837470284e-14, 1.2278499658718072e-14, 5.099340057469268e-15, 2.120135284774824e-15, 8.811768258059025e-16, 3.6786732130380375e-16, 1.5661779629643896e-16, 6.91207731118076e-17, 3.2085066923714887e-17, 1.54256112916606e-17, 7.604842904349056e-18, 3.998720533172215e-18, 2.3246618840177305e-18, 1.3714212544379898e-18, 7.391738035565392e-19, 3.9209453156222593e-19, 2.256646190223799e-19, 1.4178977710712821e-19]
W_list: [4]
L_list: [1.7153487097957882]
