R_list= [ 1  2  3  4  5  6  7  8  9 10 11 12 13 14 15 16 17 18 19 20 21 22 23 24
 25 26 27 28 29 30 31 32 33 34 35 36 37 38]
C_final_list= [7.71038217295057e-07, 4.7679425178061464e-07, 2.8259050559659296e-07, 1.6827255596581708e-07, 1.0054711397390111e-07, 5.986952339543819e-08, 3.568765962218664e-08, 2.1431064767922554e-08, 1.2843350314051918e-08, 7.712665772208992e-09, 4.6348334758973306e-09, 2.7779786513391553e-09, 1.6502824511684703e-09, 9.725746709637465e-10, 5.675727858815635e-10, 3.3367710302369073e-10, 1.9790826482398418e-10, 1.1578328545969096e-10, 6.585422724438047e-11, 3.7311588142409434e-11, 2.1334285392634045e-11, 1.2019761987636753e-11, 6.592001070933779e-12, 3.5942821063085627e-12, 1.9691358787704325e-12, 1.0872158218111231e-12, 6.062970328687547e-13, 3.3818380630681985e-13, 1.8692636659759725e-13, 9.976221696048805e-14, 5.221335536177008e-14, 2.7256073979499388e-14, 1.479389743400188e-14, 8.808346881266346e-15, 5.7702544675120576e-15, 3.844582777921492e-15, 2.483976452818245e-15, 1.5746471441328726e-15]
W_list: [6]
L_list: [1.9837176481965575]
