R_list= [ 1  2  3  4  5  6  7  8  9 10 11 12 13 14 15 16 17 18 19 20 21 22 23 24
 25 26 27 28 29 30 31 32 33 34 35 36 37 38]
C_final_list= [4.812953838776816e-07, 3.775526206959966e-07, 2.9262283729807794e-07, 2.2640710475176284e-07, 1.7442233318464936e-07, 1.344955713533456e-07, 1.0364016357434741e-07, 7.980260465880851e-08, 6.134168917095281e-08, 4.693862885805388e-08, 3.5935312814467837e-08, 2.7533971542282495e-08, 2.1101924156612377e-08, 1.623171806806654e-08, 1.246185759410935e-08, 9.607090255191292e-09, 7.317410852772147e-09, 5.602061967912397e-09, 4.275291518736817e-09, 3.2502464840383814e-09, 2.4678719023429492e-09, 1.8606101088473198e-09, 1.403086574474002e-09, 1.0562417320115218e-09, 7.970753312466222e-10, 5.981196507155728e-10, 4.5173243266213886e-10, 3.3951606170657075e-10, 2.5646655111662975e-10, 1.9356862061762939e-10, 1.460087019112622e-10, 1.1027081661872561e-10, 8.398593630436914e-11, 6.403461292728691e-11, 4.92230969844444e-11, 3.743762467390429e-11, 2.8801372404858527e-11, 2.2317566557878077e-11]
W_list: [8.2]
L_list: [3.9000579831782245]
