C_final_list: [2.157434108536526e-06, 1.9448036352370254e-06, 1.7467570673605658e-06, 1.567533352761748e-06, 1.4091864091412304e-06, 1.2662832178594545e-06, 1.1372556915006157e-06, 1.0212433120541483e-06, 9.18845915939028e-07, 8.262364735963479e-07, 7.429566898275161e-07, 6.681006154746989e-07, 6.007417713121121e-07, 5.384660109617597e-07, 4.823820484592577e-07, 4.3236815942006497e-07, 3.8816479935108414e-07, 3.482638401973904e-07, 3.1247056191446975e-07, 2.7987098992566515e-07, 2.505926236630327e-07, 2.240457223600282e-07, 2.0073830305932976e-07, 1.7962924723496934e-07, 1.6049150222024768e-07, 1.4360561975324844e-07, 1.2849214641634002e-07, 1.1485000860948145e-07, 1.0267535350094086e-07, 9.184670339869052e-08, 8.182796911776911e-08, 7.291580917867075e-08, 6.499724803219479e-08, 5.791209840870076e-08, 5.18041275350915e-08, 4.612322049702519e-08, 4.109894834912917e-08, 3.6508081291706376e-08, 3.2463173277009575e-08, 2.8919625564177107e-08, 2.571784785344242e-08, 2.2814197236655984e-08, 2.0270932149651688e-08, 1.8049437038162883e-08, 1.6073773611809905e-08, 1.4284717413619388e-08, 1.2674593656373666e-08, 1.1253309011820089e-08, 9.987000770030043e-09, 8.883654272354507e-09]
ndim2: 500
W_list: [2.6]
L_list: [9.300234296311817]
