R_list= [ 1  2  3  4  5  6  7  8  9 10 11 12 13 14 15 16 17 18 19 20 21 22 23 24
 25 26 27 28 29 30 31 32 33 34 35 36 37 38]
C_final_list= [8.19497190675114e-08, 3.878972742775064e-08, 1.4648801859303744e-08, 4.904550681080972e-09, 1.5302729512112691e-09, 4.557600701456308e-10, 1.3101686622912615e-10, 3.675402482019795e-11, 1.0168663342337754e-11, 2.8047112432760495e-12, 7.714708365528292e-13, 2.1246062177468263e-13, 5.887268889689464e-14, 1.631948837459907e-14, 4.543368640810125e-15, 1.2689819345256157e-15, 3.560536436319708e-16, 1.0190232366614223e-16, 2.97482430010133e-17, 8.806205483549447e-18, 2.63946996813799e-18, 8.094400269698641e-19, 2.5414470367592913e-19, 8.152762010626081e-20, 2.719769538464019e-20, 1.0491726306545051e-20, 5.181546827631273e-21, 2.894574084855348e-21, 1.7740383768839292e-21, 1.3071506352105626e-21, 1.1110138613537722e-21, 1.0291631649485418e-21, 9.917910740867149e-22, 9.68119988544903e-22, 9.417939849121747e-22, 9.055503590400352e-22, 8.634280736352225e-22, 8.375864510654282e-22]
W_list: [5]
L_list: [1.2044883444014223]
