C_final_list: [1.528052441344754e-06, 1.5019774448470337e-06, 1.4759686627739446e-06, 1.450905957583517e-06, 1.426469254324273e-06, 1.4022902885508364e-06, 1.378591874216258e-06, 1.3554939129308692e-06, 1.332707733795884e-06, 1.3104294179863384e-06, 1.2884737091751493e-06, 1.2672125688854679e-06, 1.2461716835393371e-06, 1.22545829407648e-06, 1.2051249492762137e-06, 1.1851604107286936e-06, 1.1653153941485228e-06, 1.1457949359221638e-06, 1.1266153727433424e-06, 1.1080175592348368e-06, 1.0895525056026604e-06, 1.0713993674026637e-06, 1.0534344896768725e-06, 1.0358474453421574e-06, 1.018413864107334e-06, 1.0011448315146624e-06, 9.843161285382559e-07, 9.67903234384033e-07, 9.51747447057391e-07, 9.354733316806684e-07, 9.194426552832492e-07, 9.039422333080293e-07, 8.886993150337476e-07, 8.736876203305925e-07, 8.588116505792808e-07]
ndim2: 500
W_list: [2.6]
L_list: [59.21570401726752]
