R_list= [ 1  2  3  4  5  6  7  8  9 10 11 12 13 14 15 16 17 18 19 20 21 22 23 24
 25 26 27 28 29 30 31 32 33 34 35 36 37 38]
C_final_list= [2.343693140475513e-05, 1.9391794817474787e-05, 1.5922996392732927e-05, 1.3024673614401954e-05, 1.0641922393681418e-05, 8.67918000369934e-06, 7.075690908452667e-06, 5.7708642100316905e-06, 4.700640503316968e-06, 3.827002646915419e-06, 3.1170644455011795e-06, 2.5365846599735622e-06, 2.064384613046335e-06, 1.6780263417035301e-06, 1.3646634009266056e-06, 1.1110445705908476e-06, 9.048214688525871e-07, 7.368630486003509e-07, 5.999572712566224e-07, 4.891577996714644e-07, 3.9893677459673995e-07, 3.2557054980686956e-07, 2.66001523518201e-07, 2.1756899469108834e-07, 1.7771803704790102e-07, 1.448947229826444e-07, 1.181453938789768e-07, 9.643553892311919e-08, 7.881290376179863e-08, 6.436037061743571e-08, 5.2498677748325967e-08, 4.284510012170411e-08, 3.496667463863312e-08, 2.8538313125820896e-08, 2.3241820969357958e-08, 1.8925808477866172e-08, 1.5386703888205348e-08, 1.2501625645026728e-08]
W_list: [8.0]
L_list: [4.975574234099053]
