C_final_list: [2.0346907460103747e-06, 1.928719165066385e-06, 1.8277015607139e-06, 1.733984084535922e-06, 1.6429619346705157e-06, 1.5563200303974707e-06, 1.4744164815360511e-06, 1.3957772017468065e-06, 1.3216422201232433e-06, 1.2511358324252293e-06, 1.1847951913413573e-06, 1.1215367351668644e-06, 1.0626302039500148e-06, 1.006485916410114e-06, 9.532383680583972e-07, 9.026455577405017e-07, 8.545865643931993e-07, 8.098218654945278e-07, 7.671191909165371e-07, 7.262101213860366e-07, 6.874798614257582e-07, 6.508068502886794e-07, 6.160067467479195e-07, 5.824139452015699e-07, 5.508970784117121e-07, 5.213671415491346e-07, 4.928404586119649e-07, 4.6566980194097005e-07, 4.4006604297975797e-07, 4.1609012036131104e-07, 3.929937492788176e-07, 3.7137874926787745e-07, 3.5119282212546117e-07, 3.3184509545431797e-07, 3.1347357974651293e-07, 2.961306679104872e-07, 2.7970021152790886e-07, 2.641590939112655e-07, 2.4956032211546406e-07, 2.3583730882390074e-07, 2.228465576420292e-07, 2.1048299107722078e-07, 1.9886071556134935e-07, 1.877583447674979e-07, 1.77240426864027e-07, 1.67264087152484e-07, 1.577289080222472e-07, 1.48804633775403e-07, 1.4042425120028033e-07, 1.3258872357616626e-07]
ndim2: 500
W_list: [2.8]
L_list: [18.24163891889096]
