R_list= [ 1  2  3  4  5  6  7  8  9 10 11 12 13 14 15 16 17 18 19 20 21 22 23 24
 25 26 27 28 29 30 31 32]
C_final_list= [7.185116543449613e-07, 6.493804154882573e-07, 5.896713369537639e-07, 5.333149056667893e-07, 4.813776259589581e-07, 4.3369031879251923e-07, 3.9057600701942026e-07, 3.513781107605455e-07, 3.161061650046005e-07, 2.8468031496437846e-07, 2.5664827049564306e-07, 2.3121116327063314e-07, 2.0829719463472132e-07, 1.8764633120318345e-07, 1.6886960189403868e-07, 1.5210778525193464e-07, 1.3718955586137652e-07, 1.2365983716946212e-07, 1.1143584551977969e-07, 1.0037664468508458e-07, 9.044229352070006e-08, 8.141691056028185e-08, 7.323018346261805e-08, 6.584356148262741e-08, 5.9183191056210595e-08, 5.3153634640673205e-08, 4.773197899408913e-08, 4.289503293825984e-08, 3.851677169392219e-08, 3.4582547076827216e-08, 3.101593291720427e-08, 2.7790382404401017e-08]
W_list: [6]
L_list: [9.649120399038438]
