R_list= [ 1  2  3  4  5  6  7  8  9 10 11 12 13 14 15 16 17 18 19 20 21 22 23 24
 25 26 27 28 29 30 31 32 33 34 35 36 37 38]
C_final_list= [1.4789429213956897e-07, 1.2783049986064216e-07, 1.086815673876031e-07, 9.155670115630258e-08, 7.6744762477806e-08, 6.41090968928343e-08, 5.339985802642327e-08, 4.4408244417627955e-08, 3.691968955539174e-08, 3.0653527944554923e-08, 2.5352478255287562e-08, 2.096942035500595e-08, 1.7319463015328123e-08, 1.4288289928196524e-08, 1.1774689421722545e-08, 9.710373829534329e-09, 8.021151726020147e-09, 6.628468437194401e-09, 5.462018161134578e-09, 4.501553821088863e-09, 3.711708613321082e-09, 3.0567879437717025e-09, 2.5086255282971817e-09, 2.0526553788719324e-09, 1.6746488295386282e-09, 1.3659101780156873e-09, 1.1161732189011412e-09, 9.121789535728744e-10, 7.439441600362259e-10, 6.064587470378833e-10, 4.938778678224127e-10, 4.037654142140674e-10, 3.300831057696627e-10, 2.6983518097545884e-10, 2.2089263104806708e-10, 1.8053192284351082e-10, 1.475656706417432e-10, 1.2076350835267821e-10]
W_list: [9.0]
L_list: [5.682101713960837]
