C_list:
1.5017520643366436e-06 0.14734092036407784
ndim2: 500
W_list: [3.2]
L_list: [6.786980816524091]
