R_list= [ 1  2  3  4  5  6  7  8  9 10 11 12 13 14 15 16 17 18 19 20 21 22 23 24
 25 26 27 28 29 30 31 32 33 34 35 36 37 38]
C_final_list= [1.8704433141756968e-06, 1.1809065993044674e-06, 6.390687282368743e-07, 3.1634027098863045e-07, 1.4856767602344852e-07, 6.75656502442249e-08, 3.015489898426805e-08, 1.3360698694701625e-08, 5.9033071822447786e-09, 2.6044712963996027e-09, 1.151610788847591e-09, 5.126499489169905e-10, 2.3080386337067918e-10, 1.0523776852741322e-10, 4.84987008583149e-11, 2.24986926138035e-11, 1.0539697071249817e-11, 5.0144937243794725e-12, 2.402823261581082e-12, 1.1483813744510515e-12, 5.371867228261959e-13, 2.417784186675959e-13, 1.056406950362246e-13, 4.59243860466953e-14, 2.022354827129419e-14, 9.079006837522724e-15, 4.123992744601798e-15, 1.88668363435704e-15, 8.620908162687875e-16, 3.9566880757202073e-16, 1.8464981165274858e-16, 8.764507170121741e-17, 4.2070310029359257e-17, 2.053011062125294e-17, 1.0382329411725365e-17, 5.512548839327129e-18, 3.0447318557961328e-18, 1.7134640977647555e-18]
W_list: [4]
L_list: [1.769868124149997]
