C_list:
1.0212604956431214e-06 0.039032499636625764
ndim2: 500
W_list: [2.6]
L_list: [25.61967614960687]
