R_list= [ 1  2  3  4  5  6  7  8  9 10 11 12 13 14 15 16 17 18 19 20 21 22 23 24
 25 26 27 28 29 30 31 32 33 34 35 36 37 38]
C_final_list= [4.816064863518469e-07, 4.161061406248923e-07, 3.5763507806002076e-07, 3.0526808955141965e-07, 2.6048966153774264e-07, 2.2244269120719333e-07, 1.8958414705934428e-07, 1.6134069773299407e-07, 1.3764034575996015e-07, 1.1742162555407e-07, 1.0005138545615446e-07, 8.54719088604959e-08, 7.31000357007853e-08, 6.25810259469942e-08, 5.3587427793042765e-08, 4.583038725713567e-08, 3.9090661594133947e-08, 3.330797125082809e-08, 2.8355386911673878e-08, 2.405054117285895e-08, 2.0380810852093838e-08, 1.7272018626814016e-08, 1.4612476986803636e-08, 1.2340678493120183e-08, 1.0416114361212234e-08, 8.794116677159882e-09, 7.414641719207491e-09, 6.24862579133619e-09, 5.260924476874187e-09, 4.42420607148232e-09, 3.727569519256584e-09, 3.139946844969752e-09, 2.6431743864539793e-09, 2.219715272086196e-09, 1.8641565914047762e-09, 1.567005007732533e-09, 1.3218666704971157e-09, 1.1135396089840032e-09]
W_list: [7]
L_list: [6.362131218474786]
