R_list= [ 1  2  3  4  5  6  7  8  9 10 11 12 13 14 15 16 17 18 19 20 21 22 23 24
 25 26 27 28 29 30 31 32 33 34 35 36 37 38]
C_final_list= [3.0641866982071754e-07, 1.2850196000913743e-07, 4.685749188494307e-08, 1.6427019377304657e-08, 5.6692951716606855e-09, 1.9250316338527214e-09, 6.661538968936264e-10, 2.370927878086294e-10, 8.412649602236433e-11, 2.9061406091431034e-11, 9.60678603496072e-12, 3.0510580562727026e-12, 9.690024912942333e-13, 3.0524701292407923e-13, 8.671814017806974e-14, 2.4069680828193282e-14, 6.697347774206994e-15, 1.9115128711612037e-15, 5.677543529172125e-16, 1.7211389172459022e-16, 5.054889033347041e-17, 1.4466420786715214e-17, 4.284174077464673e-18, 1.3918969991684457e-18, 4.728606953803825e-19, 1.6087509395418276e-19, 5.926699025198836e-20, 1.8228049139927318e-20, 4.488650919513869e-21, 1.1790715537700756e-21, 3.2747895244205915e-22, 9.037462356410467e-23, 2.4785976096809225e-23, 7.267364982127941e-24, 2.2662341184326823e-24, 7.115189178832096e-25, 2.4011846059347827e-25, 8.381983957738254e-26]
W_list: [7]
L_list: [1.097310312018642]
