R_list= [ 1  2  3  4  5  6  7  8  9 10 11 12 13 14 15 16 17 18 19 20 21 22 23 24
 25 26 27 28 29 30 31 32 33 34 35 36 37 38]
C_final_list= [8.418601404670439e-07, 7.520041330660087e-07, 6.740389351421773e-07, 6.02838325528445e-07, 5.389677900614252e-07, 4.813114068821523e-07, 4.293867072807805e-07, 3.825017444384059e-07, 3.407424485499703e-07, 3.0343260922924735e-07, 2.6980321987930546e-07, 2.401557947728565e-07, 2.137781920510737e-07, 1.9004770593187187e-07, 1.6900899524100052e-07, 1.5009071959007952e-07, 1.3319499647142564e-07, 1.1830726478997431e-07, 1.0522172880906507e-07, 9.350382817843695e-08, 8.302134764259705e-08, 7.362513331303405e-08, 6.536356146842789e-08, 5.79868584277557e-08, 5.146837494303978e-08, 4.556351316121315e-08, 4.0398060231147875e-08, 3.585603840725423e-08, 3.1760753770977395e-08, 2.8104133859219575e-08, 2.484911828444815e-08, 2.1980818548143586e-08, 1.943593441004371e-08, 1.715511516443461e-08, 1.5157225410026925e-08, 1.3392958176335748e-08, 1.1816763699158284e-08, 1.0446079131069422e-08]
W_list: [6]
L_list: [8.700841697225362]
