C_final_list: [1.8105975352217553e-06, 1.7866093416452416e-06, 1.7627524854196112e-06, 1.7396620589668517e-06, 1.7172944495184068e-06, 1.695275017450012e-06, 1.6736111589053613e-06, 1.652466755074228e-06, 1.631358444785497e-06, 1.6108199977843774e-06, 1.590728325487773e-06, 1.5706685914165053e-06, 1.5507972350940152e-06, 1.5311110212028198e-06, 1.511668709105697e-06, 1.4924381327915584e-06, 1.473741861126481e-06, 1.455299356492288e-06, 1.4368818882245848e-06, 1.418521431919975e-06, 1.4006086314263128e-06, 1.3829730726571916e-06, 1.3654210567380306e-06, 1.3481094127591665e-06, 1.3309965864102148e-06, 1.3141820225938195e-06, 1.2973645619645155e-06, 1.280858260370866e-06, 1.2645494382172444e-06, 1.2482816171998363e-06, 1.2323436175515097e-06, 1.2164964707569843e-06, 1.2008548884116632e-06, 1.185388582217991e-06, 1.170095093918706e-06, 1.1550093153360804e-06, 1.1400595961509937e-06, 1.1252908974258993e-06, 1.1106779361034234e-06, 1.096326830927469e-06, 1.0820839032026115e-06, 1.0679161086975881e-06, 1.0538587006613945e-06, 1.0400212522058167e-06, 1.026349674189465e-06, 1.0128505808786185e-06, 9.99626707247555e-07, 9.864239121007708e-07, 9.733724055039116e-07, 9.604070774368116e-07]
ndim2: 500
W_list: [2.8499999999999996]
L_list: [77.8152894389706]
