R_list= [ 1  2  3  4  5  6  7  8  9 10 11 12 13 14 15 16 17 18 19 20 21 22 23 24
 25 26 27 28 29 30 31 32 33 34 35 36 37 38]
C_final_list= [2.398382408834071e-06, 2.115348853395373e-06, 1.8488795578531403e-06, 1.6093617670271033e-06, 1.3971550148703958e-06, 1.2119270396315293e-06, 1.0497332102979867e-06, 9.092072993123546e-07, 7.871814511120091e-07, 6.809643086456864e-07, 5.883399914719726e-07, 5.082445896761345e-07, 4.389360771555747e-07, 3.7895943616779725e-07, 3.269747009690735e-07, 2.8226279196502337e-07, 2.4334926519393666e-07, 2.0962608365665362e-07, 1.805842526420745e-07, 1.5551281762319551e-07, 1.3412645471062345e-07, 1.1558987241144603e-07, 9.948817035675138e-08, 8.556589007833816e-08, 7.35929328309081e-08, 6.323009803985866e-08, 5.436231686496555e-08, 4.673820629128789e-08, 4.01783988419725e-08, 3.4545659030394584e-08, 2.9693294010269925e-08, 2.551858443855729e-08, 2.193205346413887e-08, 1.8835959090817183e-08, 1.6187238977187654e-08, 1.390738187925817e-08, 1.1940710645139141e-08, 1.024129549934853e-08]
W_list: [8.2]
L_list: [7.050709436120044]
