R_list= [ 1  2  3  4  5  6  7  8  9 10 11 12 13 14 15 16 17 18 19 20 21 22 23 24
 25 26 27 28 29 30 31 32 33 34 35 36 37 38]
C_final_list= [1.0356500236468051e-06, 6.981640122042527e-07, 4.7408091394522926e-07, 3.205629002457831e-07, 2.1449141396484684e-07, 1.4400001863129909e-07, 9.667452147273813e-08, 6.433899075092706e-08, 4.2963461113067844e-08, 2.8897936766148634e-08, 1.9159282265982868e-08, 1.2719111382073033e-08, 8.286173416422005e-09, 5.535315205277759e-09, 3.693654294292297e-09, 2.4452350539951585e-09, 1.6203598322206652e-09, 1.0840250797609506e-09, 7.251906211791406e-10, 4.77442935750814e-10, 3.1843162567239026e-10, 2.1337378974139502e-10, 1.4618159217910243e-10, 9.712047203114619e-11, 6.331568435342382e-11, 4.225788610181944e-11, 2.8421677173561472e-11, 1.8694344578111127e-11, 1.2582605003986005e-11, 7.915763159026029e-12, 4.996070089323755e-12, 3.179602393772277e-12, 2.0323411071468603e-12, 1.3632256004320352e-12, 9.035837637783307e-13, 6.166580828356392e-13, 4.224370210745078e-13, 2.8210131745520943e-13]
W_list: [6.800000000000001]
L_list: [2.5415271615324992]
