R_list= [ 1  2  3  4  5  6  7  8  9 10 11 12 13 14 15 16 17 18 19 20 21 22 23 24
 25 26 27 28 29 30 31 32 33 34 35 36 37 38]
C_final_list= [2.273470011461869e-05, 1.8688881531741763e-05, 1.524238045412914e-05, 1.2382360006414471e-05, 1.0035872557966176e-05, 8.127513197615997e-06, 6.581777021318839e-06, 5.335549392910889e-06, 4.3188248009277495e-06, 3.492483783618536e-06, 2.8228045174687756e-06, 2.2801385416639044e-06, 1.8421071520578475e-06, 1.488440388902598e-06, 1.2001541007176236e-06, 9.68356056378858e-07, 7.814280471440377e-07, 6.305140391859001e-07, 5.098982293147077e-07, 4.1201187750960533e-07, 3.3277805205799674e-07, 2.6851074690738057e-07, 2.1697417858993643e-07, 1.749859393122261e-07, 1.412030053153746e-07, 1.1385304572623175e-07, 9.155204655012558e-08, 7.363384398692785e-08, 5.932750267957071e-08, 4.774723234506107e-08, 3.831947538060996e-08, 3.0794212100931565e-08, 2.4730235658840615e-08, 1.9868775095567364e-08, 1.599676261045916e-08, 1.2873931003239126e-08, 1.0367592116537999e-08, 8.373402607374713e-09]
W_list: [8.1]
L_list: [4.812743835728477]
