R_list= [ 1  2  3  4  5  6  7  8  9 10 11 12 13 14 15 16 17 18 19 20 21 22 23 24
 25 26 27 28 29 30 31 32 33 34 35 36 37 38]
C_final_list= [3.645729020943392e-05, 2.3801253088679935e-05, 1.5489663107224746e-05, 1.005517004670089e-05, 6.5236028961086345e-06, 4.231007915496358e-06, 2.7421229296153974e-06, 1.7768906230357986e-06, 1.1464458018796716e-06, 7.411401316891792e-07, 4.781824397101122e-07, 3.091997191312258e-07, 2.0016099760528083e-07, 1.2872897469681936e-07, 8.294311178391279e-08, 5.3621561891295743e-08, 3.462791058564952e-08, 2.2448709991275946e-08, 1.4577673048505537e-08, 9.49381084919908e-09, 6.1730114451444155e-09, 3.9376585574642386e-09, 2.5255711938469463e-09, 1.6176567993304074e-09, 1.0458118547669528e-09, 6.763206150388194e-10, 4.3369003345064577e-10, 2.795181066884697e-10, 1.7883661210022992e-10, 1.1419543389701938e-10, 7.459051645084183e-11, 4.8576197417581347e-11, 3.181500492898392e-11, 2.0990113103952118e-11, 1.3585534949854895e-11, 8.891961724401094e-12, 5.871890567405753e-12, 3.770074257347447e-12]
W_list: [8.15]
L_list: [2.327083117122451]
