C_final_list: [1.2427894687499972e-06, 1.157001797941095e-06, 1.0749097427022533e-06, 9.969545678134025e-07, 9.232371663235943e-07, 8.547787871314899e-07, 7.913707901753324e-07, 7.320060613662772e-07, 6.764353864652714e-07, 6.259025225439465e-07, 5.790138502513878e-07, 5.355662727724389e-07, 4.948637682399949e-07, 4.569530910951884e-07, 4.2250324628385657e-07, 3.901720846689034e-07, 3.5988393411948167e-07, 3.3200553290289595e-07, 3.0607969382112157e-07, 2.823485972951637e-07, 2.6049024825190503e-07, 2.4026979674939485e-07, 2.2153114041976595e-07, 2.0386594058417872e-07, 1.8770584816644224e-07, 1.7278187095803722e-07, 1.589419789088399e-07, 1.4618378439759906e-07, 1.3441963058186305e-07, 1.2361820651281476e-07, 1.1386616243111402e-07, 1.0495192395140583e-07, 9.674717126362065e-08, 8.91833996674847e-08, 8.221820704061905e-08, 7.568385957278395e-08, 6.962748799807554e-08, 6.399955334124014e-08, 5.887114879744355e-08, 5.4135644668536405e-08, 4.9820580862584365e-08, 4.582323346101946e-08, 4.207354237080144e-08, 3.8575227757440925e-08, 3.532792511320059e-08, 3.2339921264391814e-08, 2.9604832578254913e-08, 2.7094139400173214e-08, 2.481994085161711e-08, 2.2756722786208726e-08]
ndim2: 500
W_list: [4.0]
L_list: [12.710105065535544]
