R_list= [ 1  2  3  4  5  6  7  8  9 10 11 12 13 14 15 16 17 18 19 20 21 22 23 24
 25 26 27 28 29 30 31 32 33 34 35 36 37 38]
C_final_list= [6.952669836751231e-06, 5.987271979585488e-06, 5.107595945373094e-06, 4.346107262220342e-06, 3.692906814315876e-06, 3.1354592740323056e-06, 2.6598656281422613e-06, 2.254082654788046e-06, 1.9099205576442186e-06, 1.6176335547570521e-06, 1.36893524677909e-06, 1.1578327322404541e-06, 9.786225556786905e-07, 8.27065683366162e-07, 6.986094767989663e-07, 5.900069596567054e-07, 4.983662757451687e-07, 4.206652733546128e-07, 3.5491819898999674e-07, 2.992864251407166e-07, 2.5236470296261867e-07, 2.1295504089125122e-07, 1.797533523632842e-07, 1.517139206484242e-07, 1.2810386386424455e-07, 1.0825350217770793e-07, 9.144664347689278e-08, 7.723543755201847e-08, 6.540538532572189e-08, 5.5277109643100584e-08, 4.6712675028519535e-08, 3.946520965174367e-08, 3.337328886833748e-08, 2.8253276201224817e-08, 2.3903096007876096e-08, 2.0231760717064515e-08, 1.714900634994732e-08, 1.4543385842506028e-08]
W_list: [8.05]
L_list: [6.136476097438332]
