R_list= [ 1  2  3  4  5  6  7  8  9 10 11 12 13 14 15 16 17 18 19 20 21 22 23 24
 25 26 27 28 29 30 31 32 33 34 35 36 37 38]
C_final_list= [8.245041178123415e-07, 7.512808398349023e-07, 6.827461129747449e-07, 6.20680688542035e-07, 5.642654983607591e-07, 5.131532823639683e-07, 4.6708957489752016e-07, 4.247813480376394e-07, 3.860208056955553e-07, 3.5043929208436425e-07, 3.1843823913434546e-07, 2.8954852039693904e-07, 2.631462454659278e-07, 2.389410284096985e-07, 2.1659921087659126e-07, 1.9632590098384302e-07, 1.778586446733568e-07, 1.610507011366206e-07, 1.4575171960838237e-07, 1.319382961993188e-07, 1.1934109778618455e-07, 1.0775651384085694e-07, 9.723360325753806e-08, 8.777485404680685e-08, 7.925782144117455e-08, 7.153836134609592e-08, 6.450777716147237e-08, 5.816650421218286e-08, 5.243747985242501e-08, 4.724244482407548e-08, 4.257057282322151e-08, 3.836166668558173e-08, 3.456282774378845e-08, 3.1127764120739746e-08, 2.8029675402511492e-08, 2.521293971982672e-08, 2.2687669832319037e-08, 2.0369975016796662e-08]
W_list: [6]
L_list: [10.364227926738359]
