R_list= [ 1  2  3  4  5  6  7  8  9 10 11 12 13 14 15 16 17 18 19 20 21 22 23 24
 25 26 27 28 29 30 31 32 33 34 35 36 37 38]
C_final_list= [2.184719474480347e-06, 2.0832125798393984e-06, 1.9863301062044743e-06, 1.8965256743861171e-06, 1.812237149976193e-06, 1.7309272786349866e-06, 1.6548393748583537e-06, 1.5817504598203368e-06, 1.5121404542335686e-06, 1.4457251456254365e-06, 1.3823696978996491e-06, 1.320378002517885e-06, 1.2619564430549693e-06, 1.2055663803952952e-06, 1.1507109635800699e-06, 1.0994088777148803e-06, 1.0497710700942883e-06, 1.0030114659239786e-06, 9.5817699991676e-07, 9.155004579038746e-07, 8.745256731351917e-07, 8.347246141218282e-07, 7.967726432866234e-07, 7.602384603229158e-07, 7.252060466450107e-07, 6.92337524771988e-07, 6.609407604586058e-07, 6.310180826472814e-07, 6.023329185443841e-07, 5.748270361205366e-07, 5.486040220467237e-07, 5.23270578003711e-07, 4.991125535716827e-07, 4.76193930368262e-07, 4.5404287992209856e-07, 4.332106355095312e-07, 4.131569850984773e-07, 3.941197651899461e-07]
W_list: [4]
L_list: [21.789800130217746]
