R_list= [ 1  2  3  4  5  6  7  8  9 10 11 12 13 14 15 16 17 18 19 20 21 22 23 24
 25 26 27 28 29 30 31 32 33 34 35 36 37 38]
C_final_list= [1.014361708636566e-06, 6.239282698464894e-07, 3.82919999523507e-07, 2.354280437190292e-07, 1.4309891622669348e-07, 8.618306015558082e-08, 5.2556820541348234e-08, 3.159550137176177e-08, 1.9183462577112484e-08, 1.1437794487012744e-08, 6.930435207500082e-09, 4.128863456563893e-09, 2.4807694855398218e-09, 1.4695755256020483e-09, 8.646245246929561e-10, 5.126544770097798e-10, 3.019439341858693e-10, 1.774639368543007e-10, 1.0623188531866261e-10, 6.313495576445979e-11, 3.721131080086121e-11, 2.1642005162384314e-11, 1.3447405806815422e-11, 8.175031914530312e-12, 4.809292410282969e-12, 2.8678131541237206e-12, 1.686056663451708e-12, 1.029531613175144e-12, 6.538021037521909e-13, 4.118775006612448e-13, 2.7688771928598087e-13, 1.7541033582061984e-13, 1.1363670072570686e-13, 6.939469891222086e-14, 3.9855804949346324e-14, 2.42711054305787e-14, 1.638748435861483e-14, 1.0374311958864958e-14]
W_list: [8.600000000000001]
L_list: [2.0453172288320194]
