C_list:
1.910414661926314e-06 0.24062476837322075
ndim2: 500
W_list: [3.4]
L_list: [4.155848156283526]
