C_final_list: [1.609680169737709e-06, 1.3217398594338226e-06, 1.0782943754395645e-06, 8.809463894389781e-07, 7.261978427188531e-07, 5.952184978677308e-07, 4.861124436835585e-07, 3.983353765046739e-07, 3.2539075457561523e-07, 2.6580008669573175e-07, 2.169866102818381e-07, 1.7646852473788996e-07, 1.429934223066802e-07, 1.1568638124510262e-07, 9.367817072784371e-08, 7.597291438257888e-08, 6.168855880582052e-08, 4.997851403980931e-08, 4.046311693511318e-08, 3.2835697729666345e-08, 2.6664916303148447e-08, 2.1594674210616123e-08, 1.75083680309785e-08, 1.4131248791764584e-08, 1.1393129236645312e-08, 9.179206521024725e-09, 7.369248217726467e-09, 5.9420171887158586e-09, 4.745722524884811e-09, 3.814887124607013e-09, 3.0686903147713697e-09, 2.4562762274689854e-09, 1.9561664353944152e-09, 1.5601551920579263e-09, 1.2372132717652473e-09]
ndim2: 500
W_list: [3.4000000000000004]
L_list: [4.983143853216917]
