C_final_list: [1.9660050888060926e-06, 1.9160762768859004e-06, 1.8666272157313985e-06, 1.818628593598356e-06, 1.771695904212331e-06, 1.7257170422303752e-06, 1.6806868395273367e-06, 1.6370386712429074e-06, 1.5947804553090104e-06, 1.5536492578178466e-06, 1.5139549159803825e-06, 1.475441268941468e-06, 1.4374389274893384e-06, 1.4000463117957147e-06, 1.3636613575852715e-06, 1.3284803449443214e-06, 1.2943125959834005e-06, 1.2608543243719711e-06, 1.2283139584907647e-06, 1.196841641926468e-06, 1.1663074203513213e-06, 1.1365077454502864e-06, 1.1072830300695537e-06, 1.078668511720923e-06, 1.050604511673254e-06, 1.0232465767326536e-06, 9.969051951804458e-07, 9.712908355057185e-07, 9.460800080262633e-07, 9.218942951951786e-07, 8.979082134820233e-07, 8.748752888298836e-07, 8.522012310744168e-07, 8.303504686151718e-07, 8.088458669075136e-07, 7.87752977828789e-07, 7.673542794530678e-07, 7.474026283821197e-07, 7.276761607988079e-07, 7.085267767081399e-07, 6.899807717287434e-07, 6.719771078681959e-07, 6.542775663297877e-07, 6.371026716276664e-07, 6.204529669087305e-07, 6.041710362268451e-07, 5.883480867449412e-07, 5.72876592839311e-07, 5.577410433665149e-07, 5.429110525473867e-07]
ndim2: 500
W_list: [2.8]
L_list: [38.20519369942613]
