C_final_list: [1.8045227756467981e-06, 1.7810215652530153e-06, 1.7580363616535872e-06, 1.7357898028406696e-06, 1.7143703506588469e-06, 1.693266930908912e-06, 1.6726721488735363e-06, 1.6524958598607764e-06, 1.6326648692182658e-06, 1.6129572330811763e-06, 1.5933222501911235e-06, 1.5739502292533207e-06, 1.554951993536942e-06, 1.5365344264873954e-06, 1.518364526745326e-06, 1.5002093431418087e-06, 1.4823681014666406e-06, 1.4644840174385406e-06, 1.4470137758204136e-06, 1.4299591731041566e-06, 1.4129507955161793e-06, 1.396298008162558e-06, 1.3797800963406666e-06, 1.3635160315997554e-06, 1.3475035923529503e-06, 1.331716347244756e-06, 1.3162036400235973e-06, 1.301030315570562e-06, 1.285892920150406e-06, 1.270756750223911e-06, 1.2557388537851435e-06, 1.240801009894442e-06, 1.2260982334359673e-06, 1.211428716024693e-06, 1.1969304434284034e-06, 1.1825107647347795e-06, 1.16833100925553e-06, 1.1543212200181873e-06, 1.1402930287795064e-06, 1.1264161782772014e-06, 1.1128537703035245e-06, 1.0993819704933868e-06, 1.086077765473322e-06, 1.0730013772582525e-06, 1.0600248244206567e-06, 1.0471854621958947e-06, 1.0343575730692862e-06, 1.0216654958033195e-06, 1.0091014995208976e-06, 9.96736922296357e-07]
ndim2: 500
W_list: [2.8]
L_list: [83.21258195567444]
