C_final_list: [1.3972263449332001e-06, 1.2125547106994896e-06, 1.0476306512148178e-06, 9.05888605187269e-07, 7.824096106293422e-07, 6.758371112121282e-07, 5.839693052570337e-07, 5.04126763408608e-07, 4.350477790841025e-07, 3.7536616866136706e-07, 3.2405974331219435e-07, 2.796499314117097e-07, 2.4111648391914095e-07, 2.081343860869985e-07, 1.792395850215164e-07, 1.5405694348024539e-07, 1.324308513819228e-07, 1.143291666174616e-07, 9.840460248524998e-08, 8.50181325477558e-08, 7.347666667070972e-08, 6.34747261021707e-08, 5.4813762095327874e-08, 4.743549087126508e-08, 4.090685073202014e-08, 3.514092940207113e-08, 3.0244776890052115e-08, 2.5933769324155848e-08, 2.2277260649827135e-08, 1.9094643460198485e-08, 1.6386105024175868e-08, 1.40339152916805e-08, 1.1987632312332303e-08, 1.0253408485300104e-08, 8.737246674098538e-09, 7.435532753245781e-09, 6.3302092987736386e-09, 5.39563996670553e-09, 4.606990425388953e-09, 3.91432733884189e-09, 3.329726473734882e-09, 2.846628908624659e-09, 2.428820114131056e-09, 2.0775922136061e-09, 1.7775625728095304e-09, 1.5155049614354524e-09, 1.291535679374314e-09, 1.1063194688645514e-09, 9.444047605181692e-10, 8.100714305690821e-10]
ndim2: 500
W_list: [4.2]
L_list: [6.823662243958147]
