C_final_list: [1.9429535837941545e-06, 1.6862797244937e-06, 1.4663240938562566e-06, 1.2722940811657335e-06, 1.1045088969211206e-06, 9.603288257140653e-07, 8.328015471017009e-07, 7.208941204162771e-07, 6.225575372203727e-07, 5.381255239127579e-07, 4.638229253229217e-07, 4.0009898401405303e-07, 3.457875149868046e-07, 2.9819431348004065e-07, 2.577879773811595e-07, 2.2241601922782482e-07, 1.9154329789688176e-07, 1.651486391788001e-07, 1.4233014673044728e-07, 1.224974338243157e-07, 1.0533326570267134e-07, 9.034837538458581e-08, 7.736593700044675e-08, 6.630024456388524e-08, 5.686569392737073e-08, 4.8748433660487344e-08, 4.184462600945071e-08, 3.588257731006244e-08, 3.087869347378993e-08, 2.6425908263127405e-08, 2.255690645066191e-08, 1.92616412917147e-08, 1.6449271118676838e-08, 1.4046626110112068e-08, 1.201464212993807e-08, 1.0309318808158923e-08, 8.854502358438322e-09, 7.62779307288027e-09, 6.564032422920565e-09, 5.666914882500992e-09, 4.884529323693112e-09, 4.1848720775999115e-09, 3.574676196891674e-09, 3.0498118776835526e-09, 2.592041947756664e-09, 2.2207719796742663e-09, 1.8897003851667987e-09, 1.6074199818489666e-09, 1.3784204270404982e-09, 1.1752436826187153e-09]
ndim2: 500
W_list: [3.2]
L_list: [6.956622517704743]
