R_list= [ 1  2  3  4  5  6  7  8  9 10 11 12 13 14 15 16 17 18 19 20 21 22 23 24
 25 26 27 28 29 30 31 32 33 34 35 36 37 38]
C_final_list= [9.2932489286238e-07, 7.52429072963898e-07, 6.199057109056465e-07, 5.087491342884395e-07, 4.1664366869887436e-07, 3.4203447249942457e-07, 2.808589936250272e-07, 2.3034918936126643e-07, 1.8896763542652858e-07, 1.5472026902651138e-07, 1.267374531194159e-07, 1.0355731774258434e-07, 8.472865979844361e-08, 6.940812776838762e-08, 5.6639604878798644e-08, 4.6017505306393363e-08, 3.7314880050789646e-08, 3.020189367352862e-08, 2.4470084006417347e-08, 1.97881022244391e-08, 1.5972121070388287e-08, 1.2910010471767215e-08, 1.045976259168389e-08, 8.478872956348018e-09, 6.8344398426146955e-09, 5.50153250394828e-09, 4.421187714936274e-09, 3.563331693164089e-09, 2.8732847924828346e-09, 2.3144470315054594e-09, 1.8654625602109986e-09, 1.504952731583088e-09, 1.2109675555097213e-09, 9.765869336593585e-10, 7.883489487713225e-10, 6.402789536651493e-10, 5.218154301010309e-10, 4.2340529862272147e-10]
W_list: [6]
L_list: [5.01501740644893]
