R_list= [ 1  2  3  4  5  6  7  8  9 10 11 12 13 14 15 16 17 18 19 20 21 22 23 24
 25 26 27 28 29 30 31 32]
C_final_list= [9.308301301643185e-08, 4.0301107811636045e-08, 1.4275748985881811e-08, 4.598135619533964e-09, 1.4177416046701017e-09, 4.266266063250752e-10, 1.264886187457884e-10, 3.735682672137994e-11, 1.1034635070028035e-11, 3.2606253069976722e-12, 9.84039682276173e-13, 2.893654335938707e-13, 7.838098198356678e-14, 2.0372273920147315e-14, 5.6887918052489625e-15, 3.286048500115012e-15, 3.572616546706375e-15, 4.874114688583576e-15, 5.289205262115271e-15, 3.0634526363421128e-15, 1.5362483133366302e-15, 5.239142012676653e-16, 1.0828111500262294e-16, 1.8081565378013516e-17, 2.6928306628073717e-18, 4.173446924492358e-19, 7.679819623835092e-20, 1.7158854973177186e-20, 4.405447076331857e-21, 9.073891588862542e-22, 1.6701268783178271e-22, 2.8881374488720903e-23]
W_list: [6]
L_list: [1.1110587434921855]
