C_final_list: [2.112730288233796e-06, 1.8779393726399397e-06, 1.666570010045422e-06, 1.4739134737691655e-06, 1.3011146576247207e-06, 1.1514093790031437e-06, 1.0175154620596305e-06, 9.010615678222339e-07, 7.982061693109939e-07, 7.061646170709988e-07, 6.252219979996058e-07, 5.528498690028178e-07, 4.876876016135544e-07, 4.310293793387203e-07, 3.7994877671789337e-07, 3.3361619378338213e-07, 2.934839446690869e-07, 2.5886295180135594e-07, 2.2824183138910463e-07, 2.00667139656273e-07, 1.7615617502027705e-07, 1.5460681040362399e-07, 1.3595241904181617e-07, 1.1942863871269475e-07, 1.0477794140688118e-07, 9.172093199896165e-08, 8.030767163211295e-08, 7.011481355803568e-08, 6.131556892969385e-08, 5.3610176358028033e-08, 4.681597349950593e-08, 4.088456147047748e-08, 3.572132305337526e-08, 3.120016927922055e-08, 2.7274218395127595e-08, 2.385512895387864e-08, 2.0892658941516466e-08, 1.8311089851905375e-08, 1.6092132416579745e-08, 1.4153274848393683e-08, 1.2507574535468913e-08, 1.1015859893942144e-08, 9.714371861591238e-09, 8.533562469154855e-09, 7.495780850632074e-09, 6.605292865924524e-09, 5.841027499693855e-09, 5.165151608482472e-09, 4.560177084924012e-09, 4.006373906846178e-09]
ndim2: 500
W_list: [2.9]
L_list: [8.114240895820782]
