C_final_list: [1.504791895940656e-06, 1.4753025975953808e-06, 1.4454106483158228e-06, 1.415948260687913e-06, 1.3875658638833901e-06, 1.359864062441995e-06, 1.33247247373598e-06, 1.305510560373558e-06, 1.2791015766546976e-06, 1.2531578417932963e-06, 1.2282394486484271e-06, 1.2038568192874603e-06, 1.1800217695454812e-06, 1.1567287861324585e-06, 1.134011676222867e-06, 1.1116070870311753e-06, 1.0897223589174984e-06, 1.0682284293830104e-06, 1.046974280571238e-06, 1.0262715605754731e-06, 1.0057516736651867e-06, 9.857020772681973e-07, 9.659171546019017e-07, 9.466496090312901e-07, 9.275305468930414e-07, 9.088368454133655e-07, 8.906201919408169e-07, 8.728538033635797e-07, 8.552428462843786e-07, 8.380563469262137e-07, 8.213161842059945e-07, 8.047945882522302e-07, 7.886697176752775e-07, 7.729138926326947e-07, 7.574181920961978e-07, 7.421919819516966e-07, 7.272303168829858e-07, 7.126613630843821e-07, 6.983545156286312e-07, 6.84123598651814e-07, 6.69988791748861e-07, 6.562772412375125e-07, 6.427328494485465e-07, 6.295165041685683e-07, 6.16440444336239e-07, 6.03626079638939e-07, 5.910234364164625e-07, 5.787101946129569e-07, 5.667147162879778e-07, 5.547953131344466e-07]
ndim2: 500
W_list: [3.25]
L_list: [49.419964401503805]
