R_list= [ 1  2  3  4  5  6  7  8  9 10 11 12 13 14 15 16 17 18 19 20 21 22 23 24
 25 26 27 28 29 30 31 32 33 34 35 36 37 38]
C_final_list= [1.3558147311688035e-07, 5.919498781808026e-08, 2.256214201776069e-08, 8.267673570133427e-09, 2.9656423421819715e-09, 1.0565149788620317e-09, 3.7331080052965566e-10, 1.300317891681686e-10, 4.4476328695013744e-11, 1.4761946509351618e-11, 4.934632569144135e-12, 1.6835623017646332e-12, 5.987914042388937e-13, 2.0307641158418073e-13, 6.679728348331332e-14, 2.2110535688309345e-14, 7.33714465271273e-15, 2.557368840885274e-15, 9.702207919184516e-16, 3.662688122279314e-16, 1.1309365534650253e-16, 3.511246067647629e-17, 1.1047035227461517e-17, 3.1406982129371837e-18, 8.4131560061570755e-19, 2.347844747399055e-19, 6.72012289338396e-20, 1.9633201836798362e-20, 5.977539577223086e-21, 1.789994268904729e-21, 4.931523516372604e-22, 1.3878397261211155e-22, 4.173425102081097e-23, 1.409242164869858e-23, 4.597531218879971e-24, 1.4237542099846249e-24, 4.3300662321404e-25, 1.5572573094131222e-25]
W_list: [7]
L_list: [1.145086530663483]
