R_list= [ 1  2  3  4  5  6  7  8  9 10 11 12 13 14 15 16 17 18 19 20 21 22 23 24
 25 26 27 28 29 30 31 32 33 34 35 36 37 38]
C_final_list= [2.1166669953266576e-05, 1.7210260732332283e-05, 1.3870153328602806e-05, 1.114031112658668e-05, 8.938033421749588e-06, 7.171543107208979e-06, 5.751673125144764e-06, 4.609201725586772e-06, 3.6960064421126212e-06, 2.956548499681559e-06, 2.363367096202926e-06, 1.8886042691267108e-06, 1.5094229486544114e-06, 1.2054309437309954e-06, 9.63284148079221e-07, 7.701121516830167e-07, 6.161872026517151e-07, 4.931297862157691e-07, 3.9484150392629936e-07, 3.163909688774095e-07, 2.5376671920766366e-07, 2.0325358979454813e-07, 1.6305120981970405e-07, 1.3070982163144906e-07, 1.0483054705769167e-07, 8.396583169577826e-08, 6.70811281790422e-08, 5.3580911180650704e-08, 4.276188194559449e-08, 3.405980440701262e-08, 2.719625813639959e-08, 2.1685965320129384e-08, 1.7329635883163908e-08, 1.385172403478899e-08, 1.1053966762723222e-08, 8.81450604086291e-09, 7.025394467491302e-09, 5.6107339381877146e-09]
W_list: [8.25]
L_list: [4.582671660102834]
