C_final_list: [1.6190688807281869e-06, 1.5523706873026335e-06, 1.4866092850106303e-06, 1.4245393030381233e-06, 1.3643513379010243e-06, 1.3070433379295862e-06, 1.2512566274071278e-06, 1.1978560087555448e-06, 1.1472650851346313e-06, 1.0993183812911742e-06, 1.05354787701744e-06, 1.0097124093118081e-06, 9.675988678093227e-07, 9.266073144729525e-07, 8.87293490968143e-07, 8.499402585285089e-07, 8.147397060020914e-07, 7.804987567770619e-07, 7.477638123050976e-07, 7.160065755677006e-07, 6.855461321019144e-07, 6.562802194641481e-07, 6.281728353730433e-07, 6.01083477420905e-07, 5.751983278337271e-07, 5.504200722816565e-07, 5.269022289562839e-07, 5.042845301834022e-07, 4.827858060312861e-07, 4.6211641193397115e-07, 4.4220458254804167e-07, 4.2297862701027127e-07, 4.04605095461047e-07, 3.870735951561281e-07, 3.703890261380166e-07, 3.544518490997901e-07, 3.3924628702290637e-07, 3.2474084314781834e-07, 3.105552484320964e-07, 2.969196748725455e-07, 2.8375091475489743e-07, 2.7130217503968074e-07, 2.592294436921943e-07, 2.478317673327405e-07, 2.3676176655025972e-07, 2.2611481306566543e-07, 2.159121191813444e-07, 2.0614204420778565e-07, 1.967913905232203e-07, 1.878975006018269e-07]
ndim2: 500
W_list: [3.3499999999999996]
L_list: [23.051351495958624]
