R_list= [ 1  2  3  4  5  6  7  8  9 10 11 12 13 14 15 16 17 18 19 20 21 22 23 24
 25 26 27 28 29 30 31 32 33 34 35 36 37 38]
C_final_list= [3.8983059209610284e-07, 3.3804969146204687e-07, 2.90354756853199e-07, 2.478345900908797e-07, 2.1087990692730496e-07, 1.793130813502811e-07, 1.52417328321445e-07, 1.2948709490390536e-07, 1.0978696481094412e-07, 9.304589110688407e-08, 7.881918141319713e-08, 6.681053664501765e-08, 5.6687866505424104e-08, 4.810748197978185e-08, 4.083455894528814e-08, 3.46560305127584e-08, 2.9391446036368397e-08, 2.4922519730411032e-08, 2.1134214565741595e-08, 1.7901266201604494e-08, 1.5142563160927073e-08, 1.278785418193456e-08, 1.0804089591487657e-08, 9.125406572558063e-09, 7.696335660032464e-09, 6.47939156490926e-09, 5.455913774463951e-09, 4.585639422182455e-09, 3.858271828813476e-09, 3.243608168147184e-09, 2.72197512696005e-09, 2.2862302130882604e-09, 1.926635540328834e-09, 1.6264160127836454e-09, 1.3715524024816329e-09, 1.156069113491674e-09, 9.710388884876647e-10, 8.149186516936639e-10]
W_list: [8.2]
L_list: [6.246858358800715]
