C_final_list: [1.5792897076476682e-06, 1.5492655117911386e-06, 1.5190215082057723e-06, 1.4899967725185585e-06, 1.4613455023322868e-06, 1.4333111236950015e-06, 1.405835883588673e-06, 1.3785508127367718e-06, 1.3522327663600364e-06, 1.3263685275328034e-06, 1.3010899647633723e-06, 1.2761122876219796e-06, 1.2515441921958997e-06, 1.2273059911569469e-06, 1.203418736572506e-06, 1.1800967570847017e-06, 1.1572786319889967e-06, 1.134804429240821e-06, 1.1127796172677626e-06, 1.09118765159665e-06, 1.069901624582057e-06, 1.0490251989674962e-06, 1.0283497644586155e-06, 1.008035490542939e-06, 9.88032042955783e-07, 9.684030312294972e-07, 9.490746856870227e-07, 9.302413228920005e-07, 9.117138185996319e-07, 8.935399981780038e-07, 8.758000136021796e-07, 8.582281275890588e-07, 8.409883863043567e-07, 8.242319232549677e-07, 8.07824831542733e-07, 7.918167080405532e-07, 7.760243259152937e-07, 7.605423909193665e-07, 7.453751176195532e-07, 7.304667354125897e-07, 7.158925912133138e-07, 7.014304347895636e-07, 6.87255757113351e-07, 6.733646284846755e-07, 6.597116166568608e-07, 6.463050154129881e-07, 6.331191998051719e-07, 6.203326256155008e-07, 6.076149075128574e-07, 5.953362281207789e-07]
ndim2: 500
W_list: [3.2]
L_list: [50.47894982234289]
