R_list= [ 1  2  3  4  5  6  7  8  9 10 11 12 13 14 15 16 17 18 19 20 21 22 23 24
 25 26 27 28 29 30 31 32 33 34 35 36 37 38]
C_final_list= [4.7357814471767765e-07, 4.426831731851491e-07, 4.1174023562441433e-07, 3.814828145770601e-07, 3.5278662399475206e-07, 3.2594808887968604e-07, 3.010569354781668e-07, 2.779553939509746e-07, 2.5642331250758043e-07, 2.3651069539077693e-07, 2.1815388308338513e-07, 2.0118997207973706e-07, 1.8553561826164558e-07, 1.7101173656903156e-07, 1.575920061827668e-07, 1.4520964094637242e-07, 1.3380454192149967e-07, 1.232134237852679e-07, 1.1351753639007742e-07, 1.0453107053508335e-07, 9.620205952653027e-08, 8.854606625419827e-08, 8.147125788047305e-08, 7.498744510295385e-08, 6.90340494800781e-08, 6.355531043085598e-08, 5.851704035668057e-08, 5.387555638148867e-08, 4.9602479854807254e-08, 4.566489794582566e-08, 4.203017872409552e-08, 3.868446533717667e-08, 3.559430723233712e-08, 3.273353916605559e-08, 3.008479785238617e-08, 2.7620832612632887e-08, 2.534395969390119e-08, 2.3241803810666353e-08]
W_list: [7.2]
L_list: [12.488263767696703]
