R_list= [ 1  2  3  4  5  6  7  8  9 10 11 12 13 14 15 16 17 18 19 20 21 22 23 24
 25 26 27 28 29 30 31 32 33 34 35 36 37 38]
C_final_list= [9.41981333861757e-07, 5.695986724434859e-07, 3.406102808609931e-07, 2.0224288567094231e-07, 1.1959171328822545e-07, 7.024525837034718e-08, 4.1155619063264205e-08, 2.4273985500908982e-08, 1.4332478035006235e-08, 8.356787508753045e-09, 4.777152136902724e-09, 2.7256425275131485e-09, 1.5575587546037698e-09, 8.908914855100445e-10, 5.120789718537167e-10, 2.92389138079032e-10, 1.679424529848138e-10, 1.0078628879612935e-10, 6.04657733527451e-11, 3.525937468667816e-11, 2.0622380646202154e-11, 1.172306119651854e-11, 6.4901571127053054e-12, 3.667062059356516e-12, 2.1700346396309667e-12, 1.23531857949927e-12, 6.642389114461549e-13, 3.5147948903791176e-13, 2.0373755407007584e-13, 1.4183452946122723e-13, 8.629351587079207e-14, 5.645896034954171e-14, 3.5633906981611866e-14, 2.3263897617821566e-14, 1.1590546992362628e-14, 6.896129305058076e-15, 4.2646153746226156e-15, 2.151015752497338e-15]
W_list: [9.0]
L_list: [1.9508192461119847]
