C_final_list: [2.1101296712060637e-06, 2.0175240314698324e-06, 1.926630996117637e-06, 1.839795959253268e-06, 1.756782752989329e-06, 1.6779939867179376e-06, 1.6027789427701624e-06, 1.5303623746907156e-06, 1.4618684836178778e-06, 1.3954225451501492e-06, 1.331598437546179e-06, 1.2709675971616646e-06, 1.212628264115286e-06, 1.1576247466476093e-06, 1.1044958566587303e-06, 1.0543588867927476e-06, 1.0063512989485316e-06, 9.606029807771874e-07, 9.164665390053036e-07, 8.751203295167359e-07, 8.354514495680351e-07, 7.970874801284895e-07, 7.600386283948012e-07, 7.248631501381953e-07, 6.91248178844654e-07, 6.595308886811491e-07, 6.29150727883174e-07, 6.002739623808739e-07, 5.728098031801826e-07, 5.466588761958753e-07, 5.210900374659287e-07, 4.970751095215468e-07, 4.741995513175392e-07, 4.5262485658386545e-07, 4.3181139793584397e-07]
ndim2: 500
W_list: [2.4]
L_list: [21.481091239710754]
