R_list= [ 1  2  3  4  5  6  7  8  9 10 11 12 13 14 15 16 17 18 19 20 21 22 23 24
 25 26 27 28 29 30 31 32 33 34 35 36 37 38]
C_final_list= [6.144957016658366e-06, 5.224811293859009e-06, 4.398235329150148e-06, 3.686158473473309e-06, 3.0870004828393106e-06, 2.57955146058687e-06, 2.154265412467332e-06, 1.7979567932783664e-06, 1.4995373076762075e-06, 1.2502084232732959e-06, 1.0413556970204036e-06, 8.662122956320107e-07, 7.205676542055607e-07, 5.987767433199687e-07, 4.973140674667756e-07, 4.1316397919536456e-07, 3.432993696361904e-07, 2.852365596005669e-07, 2.3716464039160465e-07, 1.9700786420572823e-07, 1.6374805956280545e-07, 1.3594733441185634e-07, 1.1263330984216715e-07, 9.313890846757344e-08, 7.700501750034723e-08, 6.367984536720472e-08, 5.272212168904264e-08, 4.3700736657036897e-08, 3.62112364000314e-08, 3.0043187914213363e-08, 2.488579334522125e-08, 2.0643089104948077e-08, 1.7121474197801973e-08, 1.4177343116903155e-08, 1.1737175026698342e-08, 9.723427474666531e-09, 8.053872351334006e-09, 6.6817652804071745e-09]
W_list: [8.3]
L_list: [5.633551311498998]
