C_final_list: [1.6677204190763524e-06, 1.6034182877202174e-06, 1.538746283448352e-06, 1.4769230625611598e-06, 1.417912545924245e-06, 1.3602216165088383e-06, 1.3039613145020417e-06, 1.2508612447945016e-06, 1.1990239451344485e-06, 1.1501767664179602e-06, 1.103063562990646e-06, 1.0578090776859604e-06, 1.0143750344230782e-06, 9.721924832781996e-07, 9.320428713477176e-07, 8.934134112997805e-07, 8.56513258271021e-07, 8.214099637842082e-07, 7.87985018729525e-07, 7.557238677010087e-07, 7.244616403889198e-07, 6.947145586592373e-07, 6.658113222918894e-07, 6.377642349834512e-07, 6.113935579483073e-07, 5.859865495973105e-07, 5.613484451314337e-07, 5.379155829874002e-07, 5.157096271081677e-07, 4.943952190197671e-07, 4.7373220497119897e-07, 4.539198897564163e-07, 4.350029569929597e-07, 4.1678410755534855e-07, 3.99387146005501e-07, 3.8285213308449167e-07, 3.6688806420723396e-07, 3.51404382390767e-07, 3.366826490385608e-07, 3.2251598238703047e-07, 3.0903165004203185e-07, 2.960827880175517e-07, 2.8347488422120373e-07, 2.714859687353253e-07, 2.599022324584151e-07, 2.488571404168144e-07, 2.3829421158301963e-07, 2.2817690962968303e-07, 2.1839097034594e-07, 2.0912822016439583e-07]
ndim2: 500
W_list: [3.3]
L_list: [23.745105188313865]
