R_list= [ 1  2  3  4  5  6  7  8  9 10 11 12 13 14 15 16 17 18 19 20 21 22 23 24
 25 26 27 28 29 30 31 32 33 34 35 36 37 38]
C_final_list= [2.862563970368485e-07, 2.5500659806586025e-07, 2.243708829801296e-07, 1.9619132619633626e-07, 1.708595640855153e-07, 1.4853161250520805e-07, 1.290011183118126e-07, 1.1180203173511282e-07, 9.665429564102383e-08, 8.34455646480847e-08, 7.194611193221959e-08, 6.209752806038542e-08, 5.362874369078841e-08, 4.631841979628223e-08, 3.9988263933487954e-08, 3.451531488233601e-08, 2.97812514871557e-08, 2.569352322865941e-08, 2.213410380248653e-08, 1.9039687441469608e-08, 1.6371410052690667e-08, 1.4075859442368205e-08, 1.210125017264986e-08, 1.0415935369673088e-08, 8.959987305239746e-09, 7.698865592343744e-09, 6.614565057304131e-09, 5.686504175567235e-09, 4.882437992927394e-09, 4.192336422981898e-09, 3.598568423451913e-09, 3.088221368500049e-09, 2.650167832099264e-09, 2.2719239537045554e-09, 1.9491346240612572e-09, 1.6719250275635573e-09, 1.4321191739542693e-09, 1.2258310386069397e-09]
W_list: [8.8]
L_list: [7.155946455390646]
