C_final_list: [1.040547374397593e-06, 9.565407799917764e-07, 8.753127906916336e-07, 7.995907855885178e-07, 7.292291124239176e-07, 6.643103005632077e-07, 6.059194206063547e-07, 5.517975988103518e-07, 5.030097517469931e-07, 4.591251648537479e-07, 4.185200043473511e-07, 3.814260361811134e-07, 3.473758067577757e-07, 3.16528989245549e-07, 2.88472192208174e-07, 2.6268230129548983e-07, 2.3922597102616766e-07, 2.1766363794661053e-07, 1.979109633513953e-07, 1.7982932142930125e-07, 1.634920144272392e-07, 1.4852636885665453e-07, 1.3506182423053735e-07, 1.2268408493118318e-07, 1.114278332762314e-07, 1.0119808013199455e-07, 9.184850232386958e-08, 8.348136564041791e-08, 7.585175288620925e-08, 6.888519886352509e-08, 6.248042998943755e-08, 5.661912550402653e-08, 5.131715565311431e-08, 4.6452236795228816e-08, 4.2088740105385904e-08]
ndim2: 500
W_list: [3.8]
L_list: [10.802002502462367]
