R_list= [ 1  2  3  4  5  6  7  8  9 10 11 12 13 14 15 16 17 18 19 20 21 22 23 24
 25 26 27 28 29 30 31 32 33 34 35 36 37 38]
C_final_list= [3.432418204518677e-07, 1.7287955881600818e-07, 7.096619188066863e-08, 2.6059856577081717e-08, 8.939965428203161e-09, 2.9421089706453788e-09, 9.39372510336999e-10, 2.918397689447055e-10, 8.900552683493126e-11, 2.684255608851757e-11, 8.048154512864786e-12, 2.413099737094175e-12, 7.221787798808037e-13, 2.1585087334348498e-13, 6.455187533502019e-14, 1.944332710536312e-14, 5.9547556175983656e-15, 1.8667474879195993e-15, 6.339229548631851e-16, 3.156439106352265e-16, 4.1033280424787767e-16, 5.396008006593087e-16, 3.1118947775000016e-16, 8.257260654306723e-17, 3.1395491017028064e-17, 1.2063010366685706e-17, 4.2388036828189955e-18, 1.132443061961473e-18, 2.4253919509751807e-19, 5.396930740030296e-20, 1.3905539595591696e-20, 3.674267041863287e-21, 1.219559316393736e-21, 5.029921865066853e-22, 1.888481690269686e-22, 9.755409207007187e-23, 6.845499877074625e-23, 5.697350887133483e-23]
W_list: [5]
L_list: [1.296265261577484]
