R_list= [ 1  2  3  4  5  6  7  8  9 10 11 12 13 14 15 16 17 18 19 20 21 22 23 24
 25 26 27 28 29 30 31 32 33 34 35 36 37 38]
C_final_list= [5.572226084375178e-07, 4.5109747948229825e-07, 3.609206240694857e-07, 2.879002118824736e-07, 2.2846371511601053e-07, 1.8160078793257277e-07, 1.4368089086377543e-07, 1.1376553504882804e-07, 9.024764408504696e-08, 7.16712031405931e-08, 5.6782706781277765e-08, 4.481761166119765e-08, 3.5383032653661735e-08, 2.7907029142902176e-08, 2.2008209319211584e-08, 1.729786439076939e-08, 1.3504879063022636e-08, 1.0535313548794255e-08, 8.209305654530462e-09, 6.391109402819497e-09, 4.961753554669516e-09, 3.865465715115681e-09, 3.022273244460024e-09, 2.348041899476357e-09, 1.8285423490467659e-09, 1.4238695070308865e-09, 1.1079876294783137e-09, 8.640685085896301e-10, 6.722212930131822e-10, 5.244825854887753e-10, 4.1178441460128914e-10, 3.222048796308388e-10, 2.535333185266548e-10, 1.9864188048598285e-10, 1.5567110398152948e-10, 1.222866791519829e-10, 9.58956756710462e-11, 7.50474794065556e-11]
W_list: [7.6000000000000005]
L_list: [4.4068986998116735]
