C_final_list: [1.706028987460789e-06, 1.3908144163025215e-06, 1.1240965423850744e-06, 9.124525275016371e-07, 7.390347333165466e-07, 5.991534922514896e-07, 4.835810481925268e-07, 3.9078522238868627e-07, 3.162986147248172e-07, 2.551133407966804e-07, 2.0637138825250422e-07, 1.666310868765614e-07, 1.3435757050762994e-07, 1.086889795311807e-07, 8.761738160472071e-08, 7.079579521771313e-08, 5.724801642014358e-08, 4.619680628899328e-08, 3.715505511192394e-08, 2.98207982861756e-08, 2.3835087681877453e-08, 1.9095152100058555e-08, 1.5384616824120572e-08, 1.2343644678526546e-08, 9.817656903721231e-09, 7.820552268754376e-09, 6.247785719768723e-09, 4.967860464698274e-09, 3.952590157969603e-09, 3.120239863195296e-09, 2.504614167447535e-09, 2.0062493142226476e-09, 1.609905756314403e-09, 1.2953697139088701e-09, 1.038007099092923e-09]
ndim2: 500
W_list: [3.8]
L_list: [4.7434466051168975]
