R_list= [ 1  2  3  4  5  6  7  8  9 10 11 12 13 14 15 16 17 18 19 20 21 22 23 24
 25 26 27 28 29 30 31 32 33 34 35 36 37 38]
C_final_list= [1.6655290506526667e-06, 1.4906463185460534e-06, 1.346824702130324e-06, 1.2346878317577754e-06, 1.1359809373222848e-06, 1.0433682235413092e-06, 9.573091476312542e-07, 8.781811332431956e-07, 8.059730577006096e-07, 7.39022386118436e-07, 6.771275927019826e-07, 6.204512302680747e-07, 5.686553705884399e-07, 5.207242437324541e-07, 4.7659389672906466e-07, 4.3618172196704177e-07, 3.9900457955664665e-07, 3.6451279860787225e-07, 3.3275356379245376e-07, 3.039402996168569e-07, 2.7776750829269286e-07, 2.5396498489241433e-07, 2.3237124469481194e-07, 2.1256348903957044e-07, 1.9419815784561103e-07, 1.7735529632897513e-07, 1.6201529653985867e-07, 1.480889912468681e-07, 1.3532119423269013e-07, 1.2350209237224671e-07, 1.1259218176363387e-07, 1.0264767519678547e-07, 9.364184109456394e-08, 8.54576457147664e-08, 7.792695955708772e-08, 7.100094812199555e-08, 6.465268463639451e-08, 5.886235132818577e-08]
W_list: [4]
L_list: [11.280926408467192]
