R_list= [ 1  2  3  4  5  6  7  8  9 10 11 12 13 14 15 16 17 18 19 20 21 22 23 24
 25 26 27 28 29 30 31 32 33 34 35 36 37 38]
C_final_list= [6.750507111387606e-07, 5.572332073601457e-07, 4.5729748863420876e-07, 3.74874008785011e-07, 3.0667398496615133e-07, 2.5075306337014317e-07, 2.0436662514981735e-07, 1.6672053494173176e-07, 1.3597983661665139e-07, 1.1100708601708172e-07, 9.03937420250445e-08, 7.358608752328845e-08, 5.983624287200062e-08, 4.8583699521212466e-08, 3.9450926450397385e-08, 3.207739824594729e-08, 2.6012906474074318e-08, 2.106382496842229e-08, 1.705592110733738e-08, 1.3801128087447437e-08, 1.1158501888463715e-08, 9.03412896163427e-09, 7.323918196138484e-09, 5.947145441984539e-09, 4.817982060884782e-09, 3.9026054558571975e-09, 3.1651469480381243e-09, 2.578048053012687e-09, 2.0833017610123764e-09, 1.6810276102660548e-09, 1.3584455023648112e-09, 1.0986808602792906e-09, 8.850688804618305e-10, 7.125335356212593e-10, 5.71706750403795e-10, 4.6272580886401964e-10, 3.739294077390863e-10, 3.0187398064773413e-10]
W_list: [7.6]
L_list: [4.986910496509577]
