R_list= [ 1  2  3  4  5  6  7  8  9 10 11 12 13 14 15 16 17 18 19 20 21 22 23 24
 25 26 27 28 29 30 31 32]
C_final_list= [4.766921732834565e-07, 3.8731833266156507e-07, 3.164654828074008e-07, 2.590485648301323e-07, 2.1194413334531743e-07, 1.7319008920005802e-07, 1.4102501858431535e-07, 1.145052758492543e-07, 9.289848344445398e-08, 7.540982340448677e-08, 6.116984732893844e-08, 4.952669610534135e-08, 4.001938344835258e-08, 3.232778117042301e-08, 2.6126235402373122e-08, 2.1044339495001093e-08, 1.695427930492969e-08, 1.3648902830040762e-08, 1.097572783928392e-08, 8.808208685975787e-09, 7.069645032077798e-09, 5.690609517699952e-09, 4.585158552896954e-09, 3.695519869798842e-09, 2.9781792525385084e-09, 2.396450964685e-09, 1.924468568782476e-09, 1.551429183071278e-09, 1.250202033740213e-09, 1.0083580937589577e-09, 8.101751919000796e-10, 6.495067238816982e-10]
W_list: [6]
L_list: [4.888609088752921]
