R_list= [ 1  2  3  4  5  6  7  8  9 10 11 12 13 14 15 16 17 18 19 20 21 22 23 24
 25 26 27 28 29 30 31 32 33 34 35 36 37 38]
C_final_list= [3.4887529556979505e-05, 2.2490134703940466e-05, 1.4430025024113104e-05, 9.228342995993013e-06, 5.903506398902967e-06, 3.7755168346996653e-06, 2.4109019392788234e-06, 1.536409801133914e-06, 9.753388427614658e-07, 6.172309199076939e-07, 3.9017474456776646e-07, 2.4706061148209757e-07, 1.5778755012905274e-07, 1.003005641670839e-07, 6.349272861961746e-08, 4.0273834708996435e-08, 2.556037145620361e-08, 1.6290258726501792e-08, 1.0350909566980345e-08, 6.545133312136025e-09, 4.1526522408397225e-09, 2.633133403667049e-09, 1.6729173985248947e-09, 1.058580469299132e-09, 6.704350550075728e-10, 4.2762846447891017e-10, 2.7504182142043853e-10, 1.7532302056181087e-10, 1.1243271377339584e-10, 7.233162475487063e-11, 4.7324371200147284e-11, 2.9865646537653236e-11, 1.8674791099896594e-11, 1.1320041447175182e-11, 6.972336760053726e-12, 4.42778012706637e-12, 2.8311851782895913e-12, 1.8320701263335363e-12]
W_list: [8.3]
L_list: [2.254944198470199]
