R_list= [ 1  2  3  4  5  6  7  8  9 10 11 12 13 14 15 16 17 18 19 20 21 22 23 24
 25 26 27 28 29 30 31 32]
C_final_list= [7.589800212841593e-07, 6.9595365928347e-07, 6.382157445226889e-07, 5.83939477139908e-07, 5.345349480263338e-07, 4.893771910948154e-07, 4.478958417711226e-07, 4.1010981193930714e-07, 3.752514585379599e-07, 3.434811945206821e-07, 3.145049220586295e-07, 2.878360185367192e-07, 2.630676892200528e-07, 2.4030006451976686e-07, 2.19553351046301e-07, 2.004131831078699e-07, 1.8288683514745602e-07, 1.666824977927455e-07, 1.5202013007027645e-07, 1.3871989098567253e-07, 1.2651284241313553e-07, 1.1523206773266947e-07, 1.0491833940854019e-07, 9.558761465238354e-08, 8.704708108807909e-08, 7.923347781938742e-08, 7.209960610158915e-08, 6.5606406208934e-08, 5.962856743517175e-08, 5.4167418341904656e-08, 4.922968606276733e-08, 4.477384331173157e-08]
W_list: [6]
L_list: [11.185860924493442]
