C_final_list: [1.6952167347795433e-06, 1.6706132089178824e-06, 1.6463332363982508e-06, 1.6234334429273513e-06, 1.6010987909113332e-06, 1.5793368638702021e-06, 1.5577838103222512e-06, 1.5364876491519196e-06, 1.5155711213052712e-06, 1.4948162281724592e-06, 1.4745140352407336e-06, 1.4545414417747976e-06, 1.4347548885014827e-06, 1.4155109246677917e-06, 1.3964137954150813e-06, 1.3774663944691034e-06, 1.3586690577056095e-06, 1.3402653658217174e-06, 1.3221500889142213e-06, 1.3040124147291347e-06, 1.286286399072783e-06, 1.2687650082859204e-06, 1.2515961860302795e-06, 1.2345351579670755e-06, 1.2176463302459965e-06, 1.2008893545463652e-06, 1.184229381464438e-06, 1.1679076125217945e-06, 1.15164761504039e-06, 1.135726686771401e-06, 1.1199472823859347e-06, 1.1046797581342425e-06, 1.089507253160263e-06, 1.0748055971968546e-06, 1.060187365325306e-06]
ndim2: 500
W_list: [2.8]
L_list: [72.73676442548518]
