R_list= [ 1  2  3  4  5  6  7  8  9 10 11 12 13 14 15 16 17 18 19 20 21 22 23 24
 25 26 27 28 29 30 31 32 33 34 35 36 37 38]
C_final_list= [2.158847734983011e-06, 1.884194251004079e-06, 1.62853820367129e-06, 1.3995020399564622e-06, 1.1997215754196707e-06, 1.0263345090539259e-06, 8.786502739625427e-07, 7.520769122139574e-07, 6.432293915162623e-07, 5.5022586952036e-07, 4.700695748806124e-07, 4.013396569053011e-07, 3.423595841666287e-07, 2.9182003885751504e-07, 2.486700555426422e-07, 2.1152085087360677e-07, 1.7989434824568778e-07, 1.5300372123387115e-07, 1.3007188892168354e-07, 1.1046315591415253e-07, 9.365788072972312e-08, 7.934360280310734e-08, 6.714460640575014e-08, 5.688756268200213e-08, 4.8182878768691535e-08, 4.080752761991366e-08, 3.4564765694150674e-08, 2.9262507023662666e-08, 2.4738764656264705e-08, 2.091066651829003e-08, 1.7680430598087762e-08, 1.4947479711356668e-08, 1.2638260438965103e-08, 1.0692875413070167e-08, 9.052793022059038e-09, 7.666325154902821e-09, 6.489464870536076e-09, 5.508460071867052e-09]
W_list: [8.4]
L_list: [6.5115900644612985]
