R_list= [ 1  2  3  4  5  6  7  8  9 10 11 12 13 14 15 16 17 18 19 20 21 22 23 24
 25 26 27 28 29 30 31 32 33 34 35 36 37 38]
C_final_list= [2.1252306921375903e-06, 2.0559749560326473e-06, 1.9894824753479347e-06, 1.927586827594629e-06, 1.8684056811508764e-06, 1.8108065808315806e-06, 1.755736697972318e-06, 1.7021283369529481e-06, 1.6497958678800916e-06, 1.5990569451414054e-06, 1.54966355726514e-06, 1.5020986523051861e-06, 1.4555304299442571e-06, 1.4100861032370724e-06, 1.3665590124405452e-06, 1.3244377832219704e-06, 1.2834878432630797e-06, 1.244028707848646e-06, 1.2055410428367273e-06, 1.1681841419132788e-06, 1.1318726235168458e-06, 1.0962217156066387e-06, 1.0613102045339307e-06, 1.0275008100117247e-06, 9.949035281274413e-07, 9.632076144036553e-07, 9.325947233525586e-07, 9.025526862669571e-07, 8.737440234634038e-07, 8.456599832616594e-07, 8.184815516081281e-07, 7.923429728192087e-07, 7.669116894318238e-07, 7.422028327809551e-07, 7.181702839919818e-07, 6.94975830993614e-07, 6.725471112802973e-07, 6.504399682871031e-07]
W_list: [4]
L_list: [31.546523375219216]
