R_list= [ 1  2  3  4  5  6  7  8  9 10 11 12 13 14 15 16 17 18 19 20 21 22 23 24
 25 26 27 28 29 30 31 32 33 34 35 36 37 38]
C_final_list= [3.545599269021173e-07, 2.630826759679597e-07, 1.9698651990581118e-07, 1.4659075380506836e-07, 1.0855126423173934e-07, 8.0635288981845e-08, 5.975823838892047e-08, 4.434759806872832e-08, 3.3018849025168883e-08, 2.456232664222844e-08, 1.820791788663474e-08, 1.3487363923127216e-08, 9.88412957907377e-09, 7.207006650667302e-09, 5.289314962266337e-09, 3.885031562034631e-09, 2.865423456939186e-09, 2.1194102226121313e-09, 1.5729358142830338e-09, 1.164016610567694e-09, 8.613103479220698e-10, 6.360712085446742e-10, 4.693864791721783e-10, 3.443355748228759e-10, 2.5201958200938954e-10, 1.828132568399456e-10, 1.3172910512479456e-10, 9.491243159311141e-11, 6.860234450618931e-11, 4.95268772662265e-11, 3.5697691858113615e-11, 2.577596847112506e-11, 1.8556569654434238e-11, 1.3477641065928788e-11, 9.858374450045224e-12, 7.195712888843698e-12, 5.303838127935494e-12, 3.9066427477712305e-12]
W_list: [7]
L_list: [3.3772562203890626]
