C_final_list: [1.6981221417278961e-06, 1.6707938965013478e-06, 1.6430376858217587e-06, 1.616175975208257e-06, 1.590068967839365e-06, 1.5642904605857558e-06, 1.538804828837736e-06, 1.5137864664518898e-06, 1.4891405522450176e-06, 1.4648097542068134e-06, 1.4410431558120895e-06, 1.4177826345103379e-06, 1.3946691673729436e-06, 1.3719875583008652e-06, 1.3496812933857932e-06, 1.3280558277385742e-06, 1.3067797197968597e-06, 1.2858302700125083e-06, 1.265084084571068e-06, 1.2448904851065411e-06, 1.2250057970556152e-06, 1.2053208034168377e-06, 1.1859028939364175e-06, 1.1668619013205335e-06, 1.1481042922431213e-06, 1.1296757288838602e-06, 1.1114588829887113e-06, 1.0933311897837153e-06, 1.0756766193349737e-06, 1.0582978752440257e-06, 1.0410397892522819e-06, 1.024238060577572e-06, 1.0076346313885665e-06, 9.91296645745406e-07, 9.751961696342754e-07, 9.591559052071062e-07, 9.43386523436038e-07, 9.279653276657477e-07, 9.127264882090237e-07, 8.977076814233741e-07, 8.829236867584471e-07, 8.684030729522054e-07, 8.540884113211288e-07, 8.398640893218417e-07, 8.258385073176878e-07, 8.119554054035787e-07, 7.983745812500323e-07, 7.850962540012518e-07, 7.720864896580658e-07, 7.591299379455044e-07]
ndim2: 500
W_list: [3.05]
L_list: [61.17172752800691]
