C_final_list: [1.713137156370762e-06, 1.6865764496953339e-06, 1.6603823875587042e-06, 1.6352703382535015e-06, 1.6107911255731182e-06, 1.586899689383112e-06, 1.563095783238938e-06, 1.5398439771882417e-06, 1.5169394424706174e-06, 1.4941837114789382e-06, 1.471957337942873e-06, 1.450198095108974e-06, 1.4286519717129819e-06, 1.4075049189508679e-06, 1.3867891626811975e-06, 1.3663474100854972e-06, 1.3461107195561018e-06, 1.3261589312002732e-06, 1.3062748696780131e-06, 1.2865722056953916e-06, 1.2671735114393482e-06, 1.2480110034306444e-06, 1.2291527342580982e-06, 1.2106584476055098e-06, 1.1921866068279202e-06, 1.1741633397803323e-06, 1.1565074811025873e-06, 1.1393616800899858e-06, 1.1223613398436754e-06, 1.1055895557241346e-06, 1.0889402266834822e-06, 1.0726244688122232e-06, 1.0565734200453284e-06, 1.0407663218311428e-06, 1.0251477918432092e-06, 1.0097580494110372e-06, 9.946596293909366e-07, 9.797669749522247e-07, 9.649903890879153e-07, 9.50384290499778e-07, 9.359493911977417e-07, 9.218284232198822e-07, 9.081594547539514e-07, 8.943925331684275e-07, 8.808166169517586e-07, 8.674700971845682e-07, 8.541864543300504e-07, 8.411845487393834e-07, 8.282587568927962e-07, 8.154020843814636e-07]
ndim2: 500
W_list: [3.0]
L_list: [66.24611888908922]
