R_list= [ 1  2  3  4  5  6  7  8  9 10 11 12 13 14 15 16 17 18 19 20 21 22 23 24
 25 26 27 28 29 30 31 32 33 34 35 36 37 38]
C_final_list= [5.26198375408539e-07, 4.594031659444579e-07, 3.964871553335755e-07, 3.409288739929301e-07, 2.9210818919299353e-07, 2.501490466479174e-07, 2.1393558214187242e-07, 1.829941428644141e-07, 1.561762361226232e-07, 1.3318002967691544e-07, 1.1350692598809963e-07, 9.661435550166917e-08, 8.221971696766511e-08, 6.989459814409608e-08, 5.9431123846695154e-08, 5.061186461299218e-08, 4.299511248135998e-08, 3.65461949214505e-08, 3.107589592769159e-08, 2.6468801269656575e-08, 2.249043270285573e-08, 1.910639914862546e-08, 1.6212168115440923e-08, 1.373736785165953e-08, 1.1620702166462891e-08, 9.825855592088037e-09, 8.301838478302505e-09, 7.011203686573552e-09, 5.918708567987239e-09, 5.000543007723485e-09, 4.2306228210881364e-09, 3.579753020658499e-09, 3.0229498122722163e-09, 2.554169879421456e-09, 2.1602709945977164e-09, 1.8294264682204207e-09, 1.5523675258170798e-09, 1.3145304823144682e-09]
W_list: [8.4]
L_list: [6.478924150157883]
