C_final_list: [1.7692962997909125e-06, 1.7167052345319885e-06, 1.664677507138654e-06, 1.6145842955914628e-06, 1.565592830807134e-06, 1.5180086320456698e-06, 1.4717440161637802e-06, 1.4272337803410324e-06, 1.3843068574602248e-06, 1.3431621149981312e-06, 1.3028659649743198e-06, 1.2637368626352232e-06, 1.2261285001038643e-06, 1.189395243267945e-06, 1.1535954007496541e-06, 1.1189962435746064e-06, 1.0851921386219889e-06, 1.052524000741394e-06, 1.020454205460597e-06, 9.894739292734265e-07, 9.596838113410162e-07, 9.307903989352499e-07, 9.029504719565007e-07, 8.755370270282815e-07, 8.489317459548685e-07, 8.227269190174662e-07, 7.970636674409667e-07, 7.722185877773444e-07, 7.482425528667794e-07, 7.249069585674704e-07, 7.021133991865525e-07, 6.800694926660725e-07, 6.587069033656548e-07, 6.378766234763988e-07, 6.180744759156973e-07, 5.985525265127157e-07, 5.796779066929384e-07, 5.613110503627842e-07, 5.436942718413569e-07, 5.264878955570937e-07, 5.098107282952516e-07, 4.937125552828813e-07, 4.781792993263694e-07, 4.6309837032096405e-07, 4.4855199619958385e-07, 4.3452237234561997e-07, 4.208951529724756e-07, 4.0777050040872147e-07, 3.9507677295597277e-07, 3.826853101802329e-07]
ndim2: 500
W_list: [3.0]
L_list: [32.269013153683645]
