C_final_list: [1.8031473393544547e-06, 1.5299306714570058e-06, 1.2934365246151385e-06, 1.091041208734844e-06, 9.228357267185592e-07, 7.82644033749706e-07, 6.608904742211325e-07, 5.599729990507045e-07, 4.73308035380294e-07, 4.010278643564999e-07, 3.4057443216216866e-07, 2.886761214105913e-07, 2.4413228025806957e-07, 2.0536343172713444e-07, 1.732314225363016e-07, 1.4600002459714395e-07, 1.2298870052046102e-07, 1.0354257772309641e-07, 8.709208900625469e-08, 7.349211689680969e-08, 6.183476925666921e-08, 5.193362897756749e-08, 4.3288954441241614e-08, 3.599322546026478e-08, 2.9971182813131713e-08, 2.4967221315438678e-08, 2.0840038848471374e-08, 1.7377947840558854e-08, 1.4471885798668655e-08, 1.2025124451088184e-08, 1.0009243902089852e-08, 8.372841074065243e-09, 6.993450656500968e-09, 5.849189392534821e-09, 4.884681278672545e-09]
ndim2: 500
W_list: [3.0]
L_list: [5.972247278699437]
