R_list= [ 1  2  3  4  5  6  7  8  9 10 11 12 13 14 15 16 17 18 19 20 21 22 23 24
 25 26 27 28 29 30 31 32 33 34 35 36 37 38]
C_final_list= [2.356842480495934e-06, 2.07267008484908e-06, 1.805473850641723e-06, 1.5641779278784224e-06, 1.3525143423215067e-06, 1.1679376378728631e-06, 1.0073233366417787e-06, 8.683725545022475e-07, 7.48528033707428e-07, 6.453171681902923e-07, 5.558305573211538e-07, 4.784274569248109e-07, 4.121522900364567e-07, 3.5476971347146146e-07, 3.053314149910268e-07, 2.626571466968241e-07, 2.257790923064155e-07, 1.9398018935751171e-07, 1.6637797422716102e-07, 1.4263710474032476e-07, 1.2213816849440276e-07, 1.0465009305516073e-07, 8.96798956189231e-08, 7.693608922022834e-08, 6.602247321737124e-08, 5.667377801773148e-08, 4.8714603080715363e-08, 4.1879363249923815e-08, 3.601296022311939e-08, 3.095859596125123e-08, 2.6599487196239106e-08, 2.2820625764644153e-08, 1.9582259334248412e-08, 1.680529805390394e-08, 1.4408164397795157e-08, 1.2340939516738637e-08, 1.0561070041910024e-08, 9.042821488770067e-09]
W_list: [8.25]
L_list: [6.870196146486336]
