C_final_list: [1.6305304531408594e-06, 1.565740102336696e-06, 1.501944133883571e-06, 1.4416219096344582e-06, 1.3831019709702897e-06, 1.3274970889752653e-06, 1.2733892305407211e-06, 1.2216800784575753e-06, 1.1715523458289272e-06, 1.123760601086883e-06, 1.077280781829167e-06, 1.0324991074561187e-06, 9.894240461327404e-07, 9.47731526535979e-07, 9.076216895466793e-07, 8.692808342618197e-07, 8.32311048465655e-07, 7.974334732174475e-07, 7.633088030557907e-07, 7.311643725843676e-07, 7.00055549792215e-07, 6.700277323796762e-07, 6.41527866018272e-07, 6.139918651855822e-07, 5.877291483047405e-07, 5.623391674837241e-07, 5.378560619900687e-07, 5.143943918350476e-07, 4.917974640015059e-07, 4.700087977557303e-07, 4.49146040730153e-07, 4.294226701381695e-07, 4.1051407601897815e-07, 3.9231826886576294e-07, 3.7521698586019633e-07, 3.588170335142619e-07, 3.432071377095171e-07, 3.2817759327223244e-07, 3.138677127882677e-07, 2.999138558378284e-07, 2.8659868021438977e-07, 2.736316852508003e-07, 2.6112963944714787e-07, 2.4912096594369365e-07, 2.3761522800786106e-07, 2.2656809832031758e-07, 2.160410861024667e-07, 2.058904438880703e-07, 1.9623844647227772e-07, 1.8716786690505567e-07]
ndim2: 500
W_list: [3.3499999999999996]
L_list: [23.147606808542736]
