C_final_list: [6.880048282357568e-07, 6.486278201926221e-07, 6.095918145544569e-07, 5.716672187324323e-07, 5.352443095475593e-07, 5.002557014021896e-07, 4.671194580074738e-07, 4.3574845636420334e-07, 4.064410438927954e-07, 3.7906777678322754e-07, 3.5327707354243997e-07, 3.292674131058375e-07, 3.0671807658824913e-07, 2.8583633112462735e-07, 2.6632079471929555e-07, 2.47988627381313e-07, 2.3085420368966201e-07, 2.1482707028696215e-07, 1.9977306754243175e-07, 1.8577325694542255e-07, 1.7279789086334085e-07, 1.607055191837504e-07, 1.4942712253079423e-07, 1.3885568555300095e-07, 1.290289469258772e-07, 1.1990076090992526e-07, 1.1139186773339885e-07, 1.0346827719604496e-07, 9.615056005724446e-08, 8.933238645231436e-08, 8.299836418129414e-08, 7.715132230494874e-08, 7.163391247296023e-08, 6.656289730177262e-08, 6.184633390373079e-08]
ndim2: 500
W_list: [4.2]
L_list: [14.35570961893626]
