R_list= [ 1  2  3  4  5  6  7  8  9 10 11 12 13 14 15 16 17 18 19 20 21 22 23 24
 25 26 27 28 29 30 31 32 33 34 35 36 37 38]
C_final_list= [7.213898747851503e-07, 6.142819108767583e-07, 5.204109246763663e-07, 4.3873034223853664e-07, 3.69660427187796e-07, 3.1147485949353097e-07, 2.6318812791409466e-07, 2.2232066956103244e-07, 1.873460607966993e-07, 1.576616083201871e-07, 1.3298776375174273e-07, 1.1218556323358686e-07, 9.429325869748313e-08, 7.955567719852038e-08, 6.690198640641369e-08, 5.601757188043516e-08, 4.699156759163549e-08, 3.951747756963853e-08, 3.3232207966131443e-08, 2.7935244589461928e-08, 2.3444391858945073e-08, 1.9752360142605815e-08, 1.656836597612949e-08, 1.3939603725270451e-08, 1.1726075867767312e-08, 9.850365554920397e-09, 8.26991852137575e-09, 6.928214163677095e-09, 5.826307243519784e-09, 4.891247976431704e-09, 4.1146247607316645e-09, 3.4590241474343835e-09, 2.9092180815003275e-09, 2.4386971894524887e-09, 2.048231128044814e-09, 1.716319077091677e-09, 1.4378310483157766e-09, 1.2019886657895255e-09]
W_list: [6.6000000000000005]
L_list: [5.901797810043692]
