R_list= [ 1  2  3  4  5  6  7  8  9 10 11 12 13 14 15 16 17 18 19 20 21 22 23 24
 25 26 27 28 29 30 31 32 33 34 35 36 37 38]
C_final_list= [1.3483189281315957e-07, 5.913566919687449e-08, 2.2674395714050083e-08, 8.225311213202943e-09, 2.884519411715797e-09, 1.0069906476213514e-09, 3.496691557451879e-10, 1.1998501777131718e-10, 4.0128301613362124e-11, 1.3585886047873624e-11, 4.856954005590526e-12, 1.7642208390430517e-12, 6.280839255720668e-13, 2.302026398108609e-13, 9.453734844920478e-14, 5.2842532907515005e-14, 2.245093006961561e-14, 6.445523819209375e-15, 1.732440004522232e-15, 4.641391756726727e-16, 1.2524124681592227e-16, 3.328072374439266e-17, 9.793153653982456e-18, 2.8073788920881053e-18, 7.218246949049279e-19, 1.890954236046737e-19, 5.0898915940130696e-20, 1.5371098340301568e-20, 4.540948370789536e-21, 1.3861742040798374e-21, 4.946876049854508e-22, 2.0851099424442217e-22, 8.595285083396635e-23, 2.8672149707500296e-23, 8.135051987304623e-24, 1.818681941286121e-24, 5.887820516010153e-25, 2.2397105057265637e-25]
W_list: [7]
L_list: [1.1496316059369593]
