R_list= [ 1  2  3  4  5  6  7  8  9 10 11 12 13 14 15 16 17 18 19 20 21 22 23 24
 25 26 27 28 29 30 31 32 33 34 35 36 37 38]
C_final_list= [1.919213741532974e-05, 1.5354862954295955e-05, 1.2158202498808557e-05, 9.588823816959876e-06, 7.559127132731022e-06, 5.94738914383387e-06, 4.67543883117518e-06, 3.6784240096290164e-06, 2.887299640116121e-06, 2.2613997568256924e-06, 1.7730073371311373e-06, 1.3890125993579633e-06, 1.0885209186309558e-06, 8.53270107741274e-07, 6.699282955974191e-07, 5.255112823397913e-07, 4.113143761388178e-07, 3.220684204933807e-07, 2.5275635640718844e-07, 1.9819556097588633e-07, 1.5533690183310314e-07, 1.2148693967164982e-07, 9.505617744368414e-08, 7.426479933198921e-08, 5.825387839868998e-08, 4.571559057662501e-08, 3.5926241596858055e-08, 2.8189693425660838e-08, 2.209183949632699e-08, 1.7261034205703155e-08, 1.3481694665928751e-08, 1.054053063900747e-08, 8.256630044539974e-09, 6.481671147033233e-09, 5.086554665117472e-09, 3.978942751587451e-09, 3.1100796524472357e-09, 2.4254975259982023e-09]
W_list: [8.5]
L_list: [4.234614555544489]
