R_list= [ 1  2  3  4  5  6  7  8  9 10 11 12 13 14 15 16 17 18 19 20 21 22 23 24
 25 26 27 28 29 30 31 32 33 34 35 36 37 38]
C_final_list= [3.791522073710099e-05, 2.5276590046102357e-05, 1.6790233444512592e-05, 1.1138906521867233e-05, 7.376923696062971e-06, 4.87997636960406e-06, 3.2251199442925853e-06, 2.1331407160454466e-06, 1.4044284222171278e-06, 9.259753001800638e-07, 6.104756713303793e-07, 4.01337488973387e-07, 2.638799348385533e-07, 1.7343259688530243e-07, 1.1421467505379427e-07, 7.499612751259161e-08, 4.951946422331513e-08, 3.25473365865841e-08, 2.138364805750953e-08, 1.4083923535523387e-08, 9.36123315067258e-09, 6.190457229487711e-09, 4.061512734867926e-09, 2.6995483299973837e-09, 1.7842059844047856e-09, 1.1866888200182764e-09, 8.017906603037832e-10, 5.326699315464593e-10, 3.525747652312999e-10, 2.3143504102228976e-10, 1.5486018816669765e-10, 1.0356981365614209e-10, 6.914292360063582e-11, 4.626967571772867e-11, 3.087973223767328e-11, 2.00928834915273e-11, 1.3152628702003994e-11, 8.640782287035262e-12]
W_list: [7.95]
L_list: [2.444321474371671]
