C_final_list: [1.37657947165082e-06, 1.1968972525039244e-06, 1.0349567212198193e-06, 8.946128138937728e-07, 7.725057096363531e-07, 6.675934957127493e-07, 5.773918001679441e-07, 4.967803946259814e-07, 4.2730097893749916e-07, 3.679378456433774e-07, 3.162905131509495e-07, 2.7282253386625213e-07, 2.347250437709075e-07, 2.024040498605613e-07, 1.7424259339805563e-07, 1.505539790110114e-07, 1.301966058596399e-07, 1.1232383313519532e-07, 9.672872004974669e-08, 8.316411607381409e-08, 7.145396370875455e-08, 6.13840659312253e-08, 5.272366651322611e-08, 4.533117696928217e-08, 3.890086958609465e-08, 3.340196141254663e-08, 2.8714445468502524e-08, 2.4645773829772843e-08, 2.1190338682989183e-08, 1.8100069957032982e-08, 1.5488743687676842e-08, 1.3302454593183752e-08, 1.1375246677723298e-08, 9.689417664828491e-09, 8.24604065481617e-09, 7.0376887711775e-09, 5.9934571149051515e-09, 5.074475999069338e-09, 4.304731337499316e-09, 3.6558917393792007e-09, 3.104087389651471e-09, 2.637847344752193e-09, 2.2532647274961048e-09, 1.9274297745004294e-09, 1.639235660008238e-09, 1.3927382634464625e-09, 1.1853600262537495e-09, 1.008407143435928e-09, 8.589893747659391e-10, 7.331707145278922e-10]
ndim2: 500
W_list: [4.2]
L_list: [6.796416545120847]
