R_list= [ 1  2  3  4  5  6  7  8  9 10 11 12 13 14 15 16 17 18 19 20 21 22 23 24
 25 26 27 28 29 30 31 32 33 34 35 36 37 38]
C_final_list= [5.922097406570509e-07, 5.223554924055514e-07, 4.565205755428595e-07, 3.9695427323329236e-07, 3.4440402977728295e-07, 2.9777007992971085e-07, 2.574454827693579e-07, 2.2216659213979147e-07, 1.9184031439605165e-07, 1.6553469454692376e-07, 1.4277014210535109e-07, 1.2313522034627933e-07, 1.0621340460516852e-07, 9.158549566924592e-08, 7.894671037908878e-08, 6.793188721024e-08, 5.8429454829574505e-08, 5.014243615731362e-08, 4.2967934509251875e-08, 3.678935164334028e-08, 3.1514015543258783e-08, 2.7015891612126554e-08, 2.317681242824222e-08, 1.9880064671319758e-08, 1.7073570044362828e-08, 1.464123558104176e-08, 1.256568861743769e-08, 1.0778168676003414e-08, 9.242040913934017e-09, 7.911129523699066e-09, 6.762608928468047e-09, 5.784327538856839e-09, 4.9513019619979324e-09, 4.2331406770714525e-09, 3.611902941256127e-09, 3.090251395874799e-09, 2.650135825969766e-09, 2.27082136794998e-09]
W_list: [8.2]
L_list: [6.965879661586469]
