R_list= [ 1  2  3  4  5  6  7  8  9 10 11 12 13 14 15 16 17 18 19 20 21 22 23 24
 25 26 27 28 29 30 31 32 33 34 35 36 37 38]
C_final_list= [1.0235600332018305e-07, 5.640228157589092e-08, 2.9532335161990707e-08, 1.5415390923987377e-08, 8.065166900205978e-09, 4.196636915954982e-09, 2.162093760851004e-09, 1.107363192530771e-09, 5.614899264779875e-10, 2.794529414635797e-10, 1.39937819726406e-10, 6.903714363239545e-11, 3.378566427846648e-11, 1.6332964410661297e-11, 7.913531705920298e-12, 3.850642186765154e-12, 1.9021558301202957e-12, 9.618481651659053e-13, 4.943901584231661e-13, 2.3583481146921796e-13, 1.123687014114495e-13, 5.863809370899461e-14, 3.125231516569225e-14, 1.583130518835716e-14, 7.469138533526914e-15, 3.863314418033103e-15, 2.40057916127654e-15, 1.6275787537232832e-15, 9.808247287423815e-16, 3.5926096318087464e-16, 1.622440371078183e-16, 7.97078196327564e-17, 4.751728516964385e-17, 4.350480735580846e-17, 1.3486252073176239e-17, 7.660413452012593e-18, 3.396922400265721e-18, 2.438456927662223e-18]
W_list: [7]
L_list: [1.6086983005269881]
