C_final_list: [2.3628491327262376e-06, 2.181174397783525e-06, 2.0072355195448914e-06, 1.850060234609293e-06, 1.7040631973700767e-06, 1.5666496531409084e-06, 1.4420272975653495e-06, 1.3292275896621199e-06, 1.2244041334969885e-06, 1.1275275933553327e-06, 1.0368933368744473e-06, 9.523832363095684e-07, 8.7484956643078e-07, 8.037904028430049e-07, 7.385910827072299e-07, 6.784762316755492e-07, 6.232516597677843e-07, 5.719494086913131e-07, 5.241470399354526e-07, 4.811313166187848e-07, 4.413925971762273e-07, 4.0524562969278997e-07, 3.721119491536978e-07, 3.413799303992219e-07, 3.136392481447568e-07, 2.882261467910804e-07, 2.6434543506152966e-07, 2.4219827498454665e-07, 2.21896970932953e-07, 2.0373576772599972e-07, 1.8676383056908923e-07, 1.7103070399131172e-07, 1.5674577862639697e-07, 1.4363751660549954e-07, 1.3161926093773993e-07, 1.2056701152006696e-07, 1.1037030269128984e-07, 1.0090791279973058e-07, 9.22471317155756e-08, 8.426899530414928e-08, 7.714912888084632e-08, 7.050570213167618e-08, 6.439885931193223e-08, 5.8836907349433615e-08, 5.3743681111920484e-08, 4.905922820856703e-08, 4.48068157469842e-08, 4.093070523800682e-08, 3.731178442411933e-08, 3.404427689707848e-08]
ndim2: 500
W_list: [2.0]
L_list: [11.915676444424292]
