R_list= [ 1  2  3  4  5  6  7  8  9 10 11 12 13 14 15 16 17 18 19 20 21 22 23 24
 25 26 27 28 29 30 31 32 33 34 35 36 37 38]
C_final_list= [3.535124842022839e-05, 2.2937608857077275e-05, 1.4798274313642381e-05, 9.541785152467465e-06, 6.1468842754284295e-06, 3.945162453902315e-06, 2.5334826322174487e-06, 1.6234305276096489e-06, 1.0381032464642983e-06, 6.630092267340178e-07, 4.246082371479627e-07, 2.717640002771039e-07, 1.7490941024581187e-07, 1.122794974306369e-07, 7.183532105202355e-08, 4.582156331907537e-08, 2.9254397787783723e-08, 1.8507305812717478e-08, 1.1746893389691733e-08, 7.472470258530852e-09, 4.760884491364976e-09, 3.033312308391342e-09, 1.938031069217318e-09, 1.2427648351338549e-09, 7.932181064980668e-10, 5.078124389496003e-10, 3.321125729455045e-10, 2.1561229977760345e-10, 1.3932985008950053e-10, 8.909437767789915e-11, 5.780083604001261e-11, 3.629410152559373e-11, 2.246911352534803e-11, 1.4198594649873136e-11, 8.896481743951314e-12, 5.6235614626687484e-12, 3.509742830864592e-12, 2.204021573290149e-12]
W_list: [8.25]
L_list: [2.287642043675136]
