R_list= [ 1  2  3  4  5  6  7  8  9 10 11 12 13 14 15 16 17 18 19 20 21 22 23 24
 25 26 27 28 29 30 31 32 33 34 35 36 37 38]
C_final_list= [2.3510117709024934e-07, 2.113308858825323e-07, 1.8771976830619404e-07, 1.6587121769494422e-07, 1.4615359074272968e-07, 1.2843231987816822e-07, 1.126853249012648e-07, 9.868736110227124e-08, 8.625832381653011e-08, 7.535595828165125e-08, 6.577180852749185e-08, 5.7367156111069965e-08, 5.000505038302025e-08, 4.3494665664624285e-08, 3.78405474107826e-08, 3.2945217200505266e-08, 2.867335166036003e-08, 2.493662277535762e-08, 2.1667106047974466e-08, 1.8798699719885803e-08, 1.62941292186628e-08, 1.4118640753716924e-08, 1.224155018407429e-08, 1.0617950471295963e-08, 9.201943181571847e-09, 7.968258900852387e-09, 6.889584562184231e-09, 5.9660370837146274e-09, 5.17324188693586e-09, 4.4921892411052075e-09, 3.901292347981882e-09, 3.3845525131083103e-09, 2.9322495176802105e-09, 2.54120479007248e-09, 2.205170908207149e-09, 1.9107277951885995e-09, 1.6510491001486563e-09, 1.4236079048356836e-09]
W_list: [8.0]
L_list: [7.682859659821445]
