R_list= [ 1  2  3  4  5  6  7  8  9 10 11 12 13 14 15 16 17 18 19 20 21 22 23 24
 25 26 27 28 29 30 31 32 33 34 35 36 37 38]
C_final_list= [2.1691282980019694e-07, 1.3186497516502596e-07, 6.757683407764115e-08, 3.1255859401502164e-08, 1.3601936872607649e-08, 5.699760424802084e-09, 2.3369890665825968e-09, 9.455998286547016e-10, 3.7881318677940786e-10, 1.505748672493338e-10, 5.945821631322855e-11, 2.3434707275182805e-11, 9.261752387603034e-12, 3.687764966383433e-12, 1.4873873927217756e-12, 6.147978077212655e-13, 2.644610377078452e-13, 1.2031878789044764e-13, 5.828548532116639e-14, 3.131596737615507e-14, 1.8132911286893932e-14, 8.97940218382695e-15, 4.304151886618713e-15, 1.9791398629784154e-15, 8.406406373255709e-16, 3.406443094624091e-16, 1.4203915952281586e-16, 5.852277817288877e-17, 2.4523531291327666e-17, 1.0440660769065587e-17, 4.6348666618413676e-18, 2.1399565468683898e-18, 9.972913734149784e-19, 4.766859715163695e-19, 2.381109293083305e-19, 1.254339124620473e-19, 7.095283974210682e-20, 4.2698296549502954e-20]
W_list: [4]
L_list: [1.6547950152870534]
