R_list= [ 1  2  3  4  5  6  7  8  9 10 11 12 13 14 15 16 17 18 19 20 21 22 23 24
 25 26 27 28 29 30 31 32 33 34 35 36 37 38]
C_final_list= [3.653512945084952e-05, 2.402285712414546e-05, 1.5770693199440926e-05, 1.0326837552018172e-05, 6.736470250154346e-06, 4.402043959033698e-06, 2.869895468443119e-06, 1.8668400159198374e-06, 1.2127194936841988e-06, 7.857904918993203e-07, 5.096510092748993e-07, 3.29528484783486e-07, 2.1311744948345605e-07, 1.3795289720004985e-07, 8.875940886732368e-08, 5.724121650363899e-08, 3.704773602058331e-08, 2.398785991337535e-08, 1.5535504309407045e-08, 1.0130947904764329e-08, 6.5948210862106946e-09, 4.306930106045481e-09, 2.8308856618680543e-09, 1.84507504028432e-09, 1.2134402773037964e-09, 7.971583457963275e-10, 5.267152292939921e-10, 3.4221783884201836e-10, 2.2241640299484185e-10, 1.4699091490125701e-10, 9.773084383886112e-11, 6.360093311209031e-11, 4.2197256373858533e-11, 2.8046021818668698e-11, 1.812805804976542e-11, 1.1617952693737458e-11, 7.049106279461384e-12, 4.357092309885829e-12]
W_list: [8.1]
L_list: [2.368595819272407]
