R_list= [ 1  2  3  4  5  6  7  8  9 10 11 12 13 14 15 16 17 18 19 20 21 22 23 24
 25 26 27 28 29 30 31 32 33 34 35 36 37 38]
C_final_list= [5.221430290811465e-07, 4.1580834081183664e-07, 3.2797809533309944e-07, 2.5863322336004054e-07, 2.037207724121305e-07, 1.6021667639705313e-07, 1.257403192795622e-07, 9.882280424781434e-08, 7.763606211662013e-08, 6.08525231197234e-08, 4.7537909132859996e-08, 3.718175620945183e-08, 2.9196924574064277e-08, 2.28499518574352e-08, 1.7821837308490895e-08, 1.3825507326163651e-08, 1.0711293001449606e-08, 8.262302114018905e-09, 6.36625191987356e-09, 4.926759570240858e-09, 3.811198297127845e-09, 2.956624809802229e-09, 2.289548130374947e-09, 1.7795669504670764e-09, 1.3840877073332705e-09, 1.0791779487817662e-09, 8.401631559040849e-10, 6.543027086004379e-10, 5.067463814072139e-10, 3.904084591661986e-10, 2.9931924182661423e-10, 2.3141271471719318e-10, 1.7892243081285822e-10, 1.3922068772150868e-10, 1.0814066382208956e-10, 8.38125638284864e-11, 6.520173672706155e-11, 5.0749734658915514e-11]
W_list: [7.800000000000001]
L_list: [4.202126448475671]
