R_list= [ 1  2  3  4  5  6  7  8  9 10 11 12 13 14 15 16 17 18 19 20 21 22 23 24
 25 26 27 28 29 30 31 32 33 34 35 36 37 38]
C_final_list= [3.590729437192167e-07, 3.2705852164339876e-07, 2.958655606601298e-07, 2.6645464001175354e-07, 2.398089335969587e-07, 2.1547682402090317e-07, 1.933279786557777e-07, 1.7342097897014988e-07, 1.55485740954561e-07, 1.3913562093803714e-07, 1.244940232240198e-07, 1.1140002975449334e-07, 9.969700223302165e-08, 8.915531972518526e-08, 7.971613924036391e-08, 7.128835447127476e-08, 6.369229314637811e-08, 5.693051318234942e-08, 5.083988757800874e-08, 4.537991712374052e-08, 4.048805921737669e-08, 3.615346407039767e-08, 3.2282006295345254e-08, 2.8805533817856057e-08, 2.5678444492777285e-08, 2.2912425488795635e-08, 2.0435652319843932e-08, 1.8189308289072093e-08, 1.616411845475116e-08, 1.4367947811849994e-08, 1.2759208659147582e-08, 1.131914906179952e-08, 1.0035446914051236e-08, 8.904691092926908e-09, 7.895713831429827e-09, 6.9998286247012705e-09, 6.215133853931016e-09, 5.517195408069779e-09]
W_list: [7]
L_list: [9.227551036347911]
