R_list= [ 1  2  3  4  5  6  7  8  9 10 11 12 13 14 15 16 17 18 19 20 21 22 23 24
 25 26 27 28 29 30 31 32 33 34 35 36 37 38]
C_final_list= [6.149689543605022e-07, 4.7582035174780196e-07, 3.7167085626265573e-07, 2.923868900600518e-07, 2.2963868994705e-07, 1.8004992877618465e-07, 1.4100856795831852e-07, 1.1043060265332507e-07, 8.651374779830433e-08, 6.77250687581315e-08, 5.297574421956903e-08, 4.1433311676264025e-08, 3.2286179346468216e-08, 2.5090460644429846e-08, 1.9518955474720396e-08, 1.516613865610146e-08, 1.1725589537507112e-08, 9.045151404009122e-09, 6.9723081816747236e-09, 5.3880422495545205e-09, 4.172810470776625e-09, 3.2277259734724083e-09, 2.4959888047552535e-09, 1.9221747866076192e-09, 1.4725669541582798e-09, 1.1286456495446115e-09, 8.666827708746711e-10, 6.71534153058515e-10, 5.220766367274975e-10, 4.042505582079938e-10, 3.1553341555601924e-10, 2.48535050544185e-10, 1.9542906806917864e-10, 1.523976605678533e-10, 1.1860176654189737e-10, 9.272459055774411e-11, 7.242786857023682e-11, 5.615281248725863e-11]
W_list: [6]
L_list: [4.070492344563084]
