R_list= [ 1  2  3  4  5  6  7  8  9 10 11 12 13 14 15 16 17 18 19 20 21 22 23 24
 25 26 27 28 29 30 31 32]
C_final_list= [6.986008155540315e-07, 6.31943504036314e-07, 5.73329242485178e-07, 5.185932883471643e-07, 4.6841752693444255e-07, 4.225494866106325e-07, 3.812555605314703e-07, 3.4376287383539884e-07, 3.096548700384398e-07, 2.785701628856913e-07, 2.5049051631015163e-07, 2.2513035157953627e-07, 2.023219321856293e-07, 1.8181992025596803e-07, 1.6338534861827542e-07, 1.4680509628598556e-07, 1.3200249267303002e-07, 1.1859150392011458e-07, 1.0654720498057115e-07, 9.577120266696173e-08, 8.60025636316909e-08, 7.711542176667553e-08, 6.911080363641692e-08, 6.187745054689943e-08, 5.5430773239381846e-08, 4.965996423676935e-08, 4.450043978358305e-08, 3.9862032414219566e-08, 3.569136126092783e-08, 3.1965844097720517e-08, 2.85940620268678e-08, 2.557783658312369e-08]
W_list: [6]
L_list: [9.601350470583725]
