R_list= [ 1  2  3  4  5  6  7  8  9 10 11 12 13 14 15 16 17 18 19 20 21 22 23 24
 25 26 27 28 29 30 31 32 33 34 35 36 37 38]
C_final_list= [1.9263143533296141e-07, 1.0299859973951909e-07, 5.160281058775225e-08, 2.5620850756159166e-08, 1.2642148212335034e-08, 6.229656291790172e-09, 3.0634142568475822e-09, 1.4751662949685797e-09, 6.980863699815983e-10, 3.2683759328241273e-10, 1.539198092614774e-10, 7.338868467394815e-11, 3.6005757698880305e-11, 1.7788844123707112e-11, 8.733598368913509e-12, 4.392606672851596e-12, 2.1371657185920845e-12, 9.72255051245578e-13, 4.137593692503921e-13, 1.744514136864512e-13, 7.555860293507106e-14, 3.3754148391936963e-14, 1.4875840004799215e-14, 6.561091675563094e-15, 2.896470889298058e-15, 1.326168210498073e-15, 6.833240032054055e-16, 3.648958503762415e-16, 2.1878095016236506e-16, 1.2704494521448047e-16, 5.420907885999172e-17, 2.4757957732141656e-17, 1.3797095598523803e-17, 7.617072473100733e-18, 4.788799421845948e-18, 2.0832312711495253e-18, 7.370706320192171e-19, 2.5395734289688683e-19]
W_list: [7]
L_list: [1.520086111895413]
