R_list= [ 1  2  3  4  5  6  7  8  9 10 11 12 13 14 15 16 17 18 19 20 21 22 23 24
 25 26 27 28 29 30 31 32 33 34 35 36 37 38]
C_final_list= [4.1375750097925374e-07, 3.2654480798744537e-07, 2.5952395329979157e-07, 2.056786012220466e-07, 1.6262037298505433e-07, 1.2824804075672148e-07, 1.0075712411433904e-07, 7.908053092734093e-08, 6.224360564753003e-08, 4.885841118212502e-08, 3.826756931530036e-08, 2.987280096541638e-08, 2.319402455296703e-08, 1.8057724110386297e-08, 1.404931233982522e-08, 1.0911798443835873e-08, 8.520890452279198e-09, 6.645547675031308e-09, 5.178864374546928e-09, 4.021097364952678e-09, 3.12180267153469e-09, 2.420586461472544e-09, 1.872691793157782e-09, 1.4466323869710339e-09, 1.1163904401050213e-09, 8.570006683420824e-10, 6.63899156940293e-10, 5.148622677651172e-10, 3.9898193070996753e-10, 3.08071799840649e-10, 2.359074636700689e-10, 1.8149726976495842e-10, 1.3939832092715993e-10, 1.0725606790967235e-10, 8.230333070285575e-11, 6.36881692586038e-11, 4.950901582579642e-11, 3.858011721581152e-11]
W_list: [7]
L_list: [4.23269965083959]
