R_list= [ 1  2  3  4  5  6  7  8  9 10 11 12 13 14 15 16 17 18 19 20 21 22 23 24
 25 26 27 28 29 30 31 32 33 34 35 36 37 38]
C_final_list= [4.490699187346626e-07, 3.676430038537327e-07, 3.022083454035483e-07, 2.471231371470917e-07, 2.018600394950249e-07, 1.6455388249174172e-07, 1.3390889921855704e-07, 1.0869339478743872e-07, 8.832234335144987e-08, 7.168660462915358e-08, 5.8102577454803503e-08, 4.698794401771534e-08, 3.799594580896656e-08, 3.0694588197932296e-08, 2.4757111423559835e-08, 1.9911300701064962e-08, 1.5967059233717525e-08, 1.2801131001927156e-08, 1.0255099596715615e-08, 8.233391485483507e-09, 6.638906297668509e-09, 5.349606646898473e-09, 4.297369352855264e-09, 3.4543540178008616e-09, 2.7756907805698755e-09, 2.226002664892e-09, 1.7839955987856419e-09, 1.4333158661627542e-09, 1.1530835305814754e-09, 9.242141935518218e-10, 7.364198862101178e-10, 5.883735234158446e-10, 4.71677988969883e-10, 3.7934455355688424e-10, 3.057922847281805e-10, 2.477742911692802e-10, 2.0034375666095448e-10, 1.627806416442649e-10]
W_list: [7]
L_list: [4.91293448175358]
