C_final_list: [2.0739095816306627e-06, 1.8524192943492458e-06, 1.6522040273532129e-06, 1.4713735630059554e-06, 1.3085619239427863e-06, 1.16415897396864e-06, 1.0335770358088692e-06, 9.175815800602828e-07, 8.142199117953794e-07, 7.228465662381244e-07, 6.4197204810228e-07, 5.69753620145612e-07, 5.056873706519473e-07, 4.491885900386649e-07, 3.996342718628312e-07, 3.5490822961062184e-07, 3.149132396194112e-07, 2.793656707870966e-07, 2.480326589016116e-07, 2.2044996319778719e-07, 1.9577261173037066e-07, 1.7387991670601105e-07, 1.543748489860726e-07, 1.3707689673152105e-07, 1.2144211139544404e-07, 1.0748101265943104e-07, 9.489087774673783e-08, 8.365198922569018e-08, 7.380438828873812e-08, 6.506119404324878e-08, 5.725518787543043e-08, 5.044982751595328e-08, 4.4365096167486437e-08, 3.910889083544824e-08, 3.450035771840449e-08, 3.0452821965027126e-08, 2.6827367923136952e-08, 2.3683406148218985e-08, 2.0927778304614233e-08, 1.8563276714111644e-08, 1.645714076128971e-08, 1.4603655229681502e-08, 1.2904189156148793e-08, 1.1349659996756476e-08, 9.983769385950636e-09, 8.788615497667902e-09, 7.761503869336249e-09, 6.837735591161419e-09, 6.001291747999528e-09, 5.268119716056597e-09]
ndim2: 500
W_list: [2.8]
L_list: [8.480611305176984]
