R_list= [ 1  2  3  4  5  6  7  8  9 10 11 12 13 14 15 16 17 18 19 20 21 22 23 24
 25 26 27 28 29 30 31 32 33 34 35 36 37 38]
C_final_list= [1.3305565185763825e-06, 1.0152455735689786e-06, 7.9326505554316e-07, 6.337177593563221e-07, 5.056627019722298e-07, 4.0308921939051074e-07, 3.213180621779288e-07, 2.55700651355e-07, 2.0328546759995511e-07, 1.6186295332566123e-07, 1.2916983884927865e-07, 1.0296955934021979e-07, 8.174428855236606e-08, 6.473986695190302e-08, 5.1292951108126266e-08, 4.052223086801283e-08, 3.1914232063204273e-08, 2.522006185049067e-08, 2.0044470400968988e-08, 1.5915256718201307e-08, 1.2568180655676923e-08, 9.90432916774326e-09, 7.828656365925087e-09, 6.2115129426622536e-09, 4.920260578353935e-09, 3.889149879943807e-09, 3.0691498740729165e-09, 2.4207269229161906e-09, 1.9148596235123823e-09, 1.511135439535237e-09, 1.185567185948052e-09, 9.328403780700943e-10, 7.380893072656306e-10, 5.836517433669652e-10, 4.59442609877955e-10, 3.621076290654948e-10, 2.8514806153351157e-10, 2.256680481629953e-10]
W_list: [5]
L_list: [4.231301441967497]
