C_final_list: [1.4592471632268433e-06, 1.1356740099383774e-06, 8.766790778738297e-07, 6.72456852057544e-07, 5.174878627089089e-07, 4.0088052621693025e-07, 3.0927466404850327e-07, 2.3845029933460135e-07, 1.8389132270524862e-07, 1.4221897235939684e-07, 1.0876824411572508e-07, 8.347805618762688e-08, 6.440115977685811e-08, 4.9515909376406293e-08, 3.8222292678830266e-08, 2.943434689284141e-08, 2.2724280664555967e-08, 1.7505279784629347e-08, 1.3511402252105697e-08, 1.031633608185441e-08, 7.814758108905612e-09, 5.91884980685859e-09, 4.476682590395782e-09, 3.4208256772710334e-09, 2.597087055051642e-09, 1.958286981169991e-09, 1.477830294588685e-09, 1.130466920305398e-09, 8.546574709753732e-10, 6.512956180676161e-10, 4.953023795521285e-10, 3.768408708967376e-10, 2.8745033374881986e-10, 2.217710502541375e-10, 1.7019226417182513e-10]
ndim2: 500
W_list: [4.0]
L_list: [3.860711896577682]
