R_list= [ 1  2  3  4  5  6  7  8  9 10 11 12 13 14 15 16 17 18 19 20 21 22 23 24
 25 26 27 28 29 30 31 32 33 34 35 36 37 38]
C_final_list= [1.0706957314185995e-06, 7.267920057946375e-07, 5.009585669108894e-07, 3.4337880735770107e-07, 2.3439211908541799e-07, 1.5889653844500608e-07, 1.0764355327914344e-07, 7.288276781754807e-08, 4.9312480730126955e-08, 3.355686796793552e-08, 2.255009281949926e-08, 1.5240564422231145e-08, 1.0327693569950401e-08, 6.869200398657424e-09, 4.688478523629421e-09, 3.1267727164675757e-09, 2.0995727541567307e-09, 1.3903835260063868e-09, 9.260038729645186e-10, 6.215672984367579e-10, 4.1356346333213903e-10, 2.7854780072361114e-10, 1.8782728459424978e-10, 1.2853518130160608e-10, 8.748455866831488e-11, 5.871719942952642e-11, 3.941212844823821e-11, 2.742698573416678e-11, 1.906714735310689e-11, 1.353264008553659e-11, 9.454669334623746e-12, 6.445596837612517e-12, 4.557303588256212e-12, 3.0171199288191417e-12, 1.903523702541857e-12, 1.2882366329914764e-12, 9.156349821710618e-13, 6.303676687865334e-13]
W_list: [6.6000000000000005]
L_list: [2.6234587286632225]
