R_list= [ 1  2  3  4  5  6  7  8  9 10 11 12 13 14 15 16 17 18 19 20 21 22 23 24
 25 26 27 28 29 30 31 32 33 34 35 36 37 38]
C_final_list= [5.508599705676344e-06, 4.8181335549304175e-06, 4.198148616447499e-06, 3.6553541515670974e-06, 3.1824546227202024e-06, 2.770572134480865e-06, 2.409295968629614e-06, 2.0953825555417227e-06, 1.819502517736442e-06, 1.5806483162833978e-06, 1.3744383514877021e-06, 1.1940692692675702e-06, 1.0365527210287666e-06, 8.989466357666974e-07, 7.78365207729175e-07, 6.7380040381079e-07, 5.828675147684737e-07, 5.043361493490747e-07, 4.361478184173424e-07, 3.7709084839552924e-07, 3.2598095066060234e-07, 2.8219329359990695e-07, 2.4417366588742324e-07, 2.1126616618460588e-07, 1.8268324248776652e-07, 1.580608204255428e-07, 1.3680288332378873e-07, 1.1847016383295702e-07, 1.0265295825924962e-07, 8.887761180972988e-08, 7.710271121901335e-08, 6.697096174232968e-08, 5.8213255685992593e-08, 5.05451904502211e-08, 4.390725860079337e-08, 3.808290872014224e-08, 3.306855428963091e-08, 2.8721219884955003e-08]
W_list: [7.0]
L_list: [7.159541991436181]
