C_final_list: [2.037229533423905e-06, 1.7785152223114362e-06, 1.602213004510271e-06, 1.4133440232348232e-06, 1.2580948927058414e-06, 1.1137630786661537e-06, 9.82860198884522e-07, 8.716598854968752e-07, 7.72155728887194e-07, 6.833121439356409e-07, 6.067067588528924e-07, 5.363526248962833e-07, 4.7447427191492764e-07, 4.2040694073255206e-07, 3.720578623043106e-07, 3.290731876247065e-07, 2.890860732604902e-07, 2.5426849033697156e-07, 2.241789794625966e-07, 1.974398713216437e-07, 1.7385449373183687e-07, 1.5368440445429363e-07, 1.352194672292655e-07, 1.1849063847719387e-07, 1.0430940167823202e-07, 9.16633380558867e-08, 8.051190779054504e-08, 7.049880311590685e-08, 6.179612177635937e-08, 5.4171287105580074e-08, 4.748781650512482e-08, 4.17926204855318e-08, 3.6778611823318056e-08, 3.228583027739969e-08, 2.8454981280704085e-08]
ndim2: 500
W_list: [1.4]
L_list: [8.217504554330558]
