C_final_list: [1.8451492343890765e-06, 1.5824316512401974e-06, 1.3564189063773017e-06, 1.1617419169675111e-06, 9.967296385372093e-07, 8.529502272244655e-07, 7.29238494040643e-07, 6.230018048448351e-07, 5.336661510064868e-07, 4.568766528133283e-07, 3.903462130840635e-07, 3.320271324364164e-07, 2.82347357711598e-07, 2.401986469479357e-07, 2.041727388987695e-07, 1.7364824244540722e-07, 1.472412640756718e-07, 1.2453097636691036e-07, 1.0553327496754948e-07, 8.93657997050869e-08, 7.61525223090368e-08, 6.453076870420346e-08, 5.475324180676355e-08, 4.642266617511427e-08, 3.930390596195017e-08, 3.328230925406938e-08, 2.836645979325129e-08, 2.416396582356949e-08, 2.0519626168336275e-08, 1.7484533183834162e-08, 1.4890968444494502e-08, 1.2662239340221698e-08, 1.0769228141032836e-08, 9.169591548853119e-09, 7.84196738306981e-09, 6.741338282847562e-09, 5.743083751408204e-09, 4.870236413940262e-09, 4.157123166934775e-09, 3.546144062284739e-09, 3.038867977974735e-09, 2.5973957266491103e-09, 2.226815955222984e-09, 1.9005233212404598e-09, 1.61970292491974e-09, 1.3788699282396109e-09, 1.1676524460916059e-09, 9.86846933018897e-10, 8.370715554991398e-10, 7.041971294835112e-10]
ndim2: 500
W_list: [3.3499999999999996]
L_list: [6.395229881993715]
