R_list= [ 1  2  3  4  5  6  7  8  9 10 11 12 13 14 15 16 17 18 19 20 21 22 23 24
 25 26 27 28 29 30 31 32 33 34 35 36 37 38]
C_final_list= [3.235979363837808e-05, 2.4732506130056272e-05, 1.8780042769305207e-05, 1.4227552392459509e-05, 1.0762811376646678e-05, 8.12716777835092e-06, 6.133963190765212e-06, 4.631741083046287e-06, 3.4936473188514814e-06, 2.6384510881091976e-06, 1.990043374632396e-06, 1.50091840726547e-06, 1.1320823175251463e-06, 8.53649183056856e-07, 6.445926250003067e-07, 4.868662014979288e-07, 3.6742332817432467e-07, 2.7733369779819205e-07, 2.0913012946521523e-07, 1.567425122076203e-07, 1.1742359782306165e-07, 8.791731414715887e-08, 6.590469826668975e-08, 4.9262780678420165e-08, 3.701730043636596e-08, 2.7861999042855716e-08, 2.0995860216551464e-08, 1.582029190149479e-08, 1.2014911715753223e-08, 9.125052455974929e-09, 6.9271105079106246e-09, 5.2426524128707254e-09, 3.9565029671151145e-09, 2.9805058080030055e-09, 2.2561794732721655e-09, 1.7045316555982873e-09, 1.2928174850854264e-09, 9.812597666259272e-10]
W_list: [8.05]
L_list: [3.6126846265892634]
