R_list= [ 1  2  3  4  5  6  7  8  9 10 11 12 13 14 15 16 17 18 19 20 21 22 23 24
 25 26 27 28 29 30 31 32 33 34 35 36 37 38]
C_final_list= [2.1368146154359164e-06, 1.8650494299138551e-06, 1.6116175858749953e-06, 1.385276415423701e-06, 1.1870943292103362e-06, 1.0162922708843592e-06, 8.696747492955809e-07, 7.436761925040818e-07, 6.354955899170928e-07, 5.425164145978057e-07, 4.6300187928200426e-07, 3.9488011256111426e-07, 3.368706260912007e-07, 2.873285063888003e-07, 2.4490428885492874e-07, 2.0855928999953697e-07, 1.7764913587829052e-07, 1.5124949070594549e-07, 1.2893316191526625e-07, 1.0991286990911914e-07, 9.370551925634008e-08, 7.989335484346502e-08, 6.809258261985534e-08, 5.7991646336341094e-08, 4.9436809953162274e-08, 4.2195443092128525e-08, 3.599521381652917e-08, 3.065352038290818e-08, 2.6071231211096565e-08, 2.2175618569496795e-08, 1.8857581050619057e-08, 1.604075415193756e-08, 1.362448985318821e-08, 1.1565681993787934e-08, 9.820259565618616e-09, 8.35229443230885e-09, 7.1106136119143e-09, 6.053495909088976e-09]
W_list: [8.4]
L_list: [6.506289674490348]
