R_list= [ 1  2  3  4  5  6  7  8  9 10 11 12 13 14 15 16 17 18 19 20 21 22 23 24
 25 26 27 28 29 30 31 32 33 34 35 36 37 38]
C_final_list= [1.856706324060472e-06, 1.7150035716520356e-06, 1.6131068440170966e-06, 1.5292098445881903e-06, 1.447281411022893e-06, 1.3689082699122384e-06, 1.2952313653421211e-06, 1.225575163310176e-06, 1.1605418584180412e-06, 1.098639999384613e-06, 1.0389246428380717e-06, 9.81715267303944e-07, 9.282880528771652e-07, 8.785231111532075e-07, 8.312395951891101e-07, 7.85995615689229e-07, 7.434072054406764e-07, 7.030237907832706e-07, 6.64345274574582e-07, 6.278372711247042e-07, 5.93475151641552e-07, 5.609473956114089e-07, 5.29858395145517e-07, 5.001838504439408e-07, 4.7188337121700647e-07, 4.4522830171202246e-07, 4.2008632332787687e-07, 3.9629402257871826e-07, 3.7376952080659083e-07, 3.525176416387881e-07, 3.322983442484292e-07, 3.1319541570012156e-07, 2.9532929180076966e-07, 2.784551571903655e-07, 2.626130768499456e-07, 2.476271447723126e-07, 2.3342614612383546e-07, 2.2000453534676332e-07]
W_list: [4]
L_list: [17.70328314233847]
