C_final_list: [1.3921937989252267e-06, 1.2319130270197887e-06, 1.0855780308623712e-06, 9.564487810943515e-07, 8.41454113525983e-07, 7.409057601477616e-07, 6.502345099410677e-07, 5.703907541833185e-07, 5.001707111094929e-07, 4.389582479696913e-07, 3.851630967914167e-07, 3.379171163060305e-07, 2.960545547833715e-07, 2.5925038373377777e-07, 2.2675408925485427e-07, 1.9838455230738199e-07, 1.7354631998422487e-07, 1.5190202835507957e-07, 1.3288810173846293e-07, 1.1621514588876676e-07, 1.0169449405595218e-07, 8.868517819429144e-08, 7.74316401241173e-08, 6.762480921133274e-08, 5.906393942528755e-08, 5.156403004150772e-08, 4.500086699153097e-08, 3.924589876950795e-08, 3.4182543759005464e-08, 2.972902139008699e-08, 2.582795992491767e-08, 2.2443113726828666e-08, 1.943505767691637e-08, 1.6855380497140005e-08, 1.4659953936681702e-08]
ndim2: 500
W_list: [3.6]
L_list: [7.716782845180805]
