R_list= [ 1  2  3  4  5  6  7  8  9 10 11 12 13 14 15 16 17 18 19 20 21 22 23 24
 25 26 27 28 29 30 31 32 33 34 35 36 37 38]
C_final_list= [2.2204845233987323e-06, 1.943281431155135e-06, 1.6823336464724094e-06, 1.4490699956193561e-06, 1.2432245431419932e-06, 1.0651980894234277e-06, 9.11986941703211e-07, 7.809288877115062e-07, 6.686777181977627e-07, 5.725128021487845e-07, 4.896889928983351e-07, 4.185272444139564e-07, 3.5737909861963033e-07, 3.0493991056406716e-07, 2.6023335265995035e-07, 2.223264106909212e-07, 1.8981313841351487e-07, 1.620918189191034e-07, 1.382886123155493e-07, 1.1796064024642574e-07, 1.0052944987695837e-07, 8.571703311925013e-08, 7.304734086304742e-08, 6.227248760050091e-08, 5.3040942740156646e-08, 4.514762477784792e-08, 3.8392485806981083e-08, 3.26188036004803e-08, 2.7684047452907246e-08, 2.352430706093344e-08, 1.999100905273292e-08, 1.6990162444194497e-08, 1.4437510505122482e-08, 1.2263806173802413e-08, 1.0417910975067184e-08, 8.851025738135459e-09, 7.50790752889329e-09, 6.3728573979285034e-09]
W_list: [8.35]
L_list: [6.571885077497972]
