R_list= [ 1  2  3  4  5  6  7  8  9 10 11 12 13 14 15 16 17 18 19 20 21 22 23 24
 25 26 27 28 29 30 31 32 33 34 35 36 37 38]
C_final_list= [5.57948574565766e-07, 5.267662637340295e-07, 4.94851756168214e-07, 4.640074344225882e-07, 4.344237867884622e-07, 4.0648739993953506e-07, 3.8020553496374624e-07, 3.5532793678778736e-07, 3.318501828291603e-07, 3.099489212188989e-07, 2.894389497759555e-07, 2.702423226531882e-07, 2.52269459676224e-07, 2.3535807100100305e-07, 2.196197740135894e-07, 2.0481094674113147e-07, 1.909612147138778e-07, 1.7801537919714202e-07, 1.6594453172291222e-07, 1.547333377449312e-07, 1.4432985786059676e-07, 1.3463468444373627e-07, 1.256002335448187e-07, 1.1713031939769676e-07, 1.0913293745962173e-07, 1.016264797494483e-07, 9.463329990192036e-08, 8.810181772172659e-08, 8.199059518579188e-08, 7.631620262595658e-08, 7.098510300582024e-08, 6.600540774460236e-08, 6.140575818981676e-08, 5.710834599124089e-08, 5.3102730238384376e-08, 4.934957324332272e-08, 4.583069722119164e-08, 4.2567958660143605e-08]
W_list: [6.8]
L_list: [14.65221723645199]
