C_final_list: [1.8193282550488035e-06, 1.7678356988296425e-06, 1.71712072173073e-06, 1.6682352565447114e-06, 1.6208378710354776e-06, 1.5754304360310438e-06, 1.5313056996589964e-06, 1.4885747321749354e-06, 1.4469103358148565e-06, 1.4057589957017469e-06, 1.3658608857220058e-06, 1.3272373834585592e-06, 1.2893186095417033e-06, 1.252389366387129e-06, 1.2167757956745877e-06, 1.1821710986767157e-06, 1.1482157111289963e-06, 1.1157360387624428e-06, 1.0838129317704875e-06, 1.052826533565512e-06, 1.0227183202396615e-06, 9.934669765372812e-07, 9.652771726825257e-07, 9.383477184449042e-07, 9.116319286477998e-07, 8.855691589878571e-07, 8.605445154054516e-07, 8.355639791989932e-07, 8.111881430478451e-07, 7.873709589986104e-07, 7.641373286218186e-07, 7.415427462771293e-07, 7.194978265584959e-07, 6.980173815436958e-07, 6.775010708073771e-07, 6.575913761867418e-07, 6.381539922071527e-07, 6.191208888450597e-07, 6.008086492713385e-07, 5.829113028356182e-07, 5.656612060081916e-07, 5.488692732501755e-07, 5.325810754968418e-07, 5.165032935009201e-07, 5.008611081089765e-07, 4.856022441910216e-07, 4.709691417194852e-07, 4.5676790613595197e-07, 4.429479142920287e-07, 4.295970144400659e-07]
ndim2: 500
W_list: [2.9499999999999997]
L_list: [34.31762720584407]
