C_final_list: [1.6316320399789753e-06, 1.3164118303401542e-06, 1.0582831480868363e-06, 8.559724844474826e-07, 6.884103247927317e-07, 5.507771265131319e-07, 4.4179613998013435e-07, 3.518935682288592e-07, 2.8337215292368853e-07, 2.258816940334403e-07, 1.8077491500866e-07, 1.4391136160461517e-07, 1.1533852320210033e-07, 9.185796322924404e-08, 7.384828157522898e-08, 5.9190830339270116e-08, 4.719619011341404e-08, 3.7784433485606747e-08, 3.011378703211859e-08, 2.396267767686133e-08, 1.9040279628792788e-08, 1.505255364789503e-08, 1.1856875091538369e-08, 9.426400154373189e-09, 7.503853177070312e-09, 5.966310003405408e-09, 4.7458143087292795e-09, 3.714595968410175e-09, 2.934345386472234e-09, 2.295497299297575e-09, 1.8087618795295273e-09, 1.4245834892202583e-09, 1.1249647099690253e-09, 8.938287033798782e-10, 7.16115603386353e-10, 5.713057096640167e-10, 4.528878708375832e-10, 3.6140393809405245e-10, 2.8574132069985733e-10, 2.2224755406879858e-10, 1.741121975277791e-10, 1.3721072520808466e-10, 1.0778653805391514e-10, 8.436239008647653e-11, 6.65622480962708e-11, 5.2116863392071974e-11, 4.1341654415302293e-11, 3.2515688871588877e-11, 2.5379768919799543e-11, 1.980420283165151e-11]
ndim2: 500
W_list: [4.0]
L_list: [4.570788077858679]
