R_list= [ 1  2  3  4  5  6  7  8  9 10 11 12 13 14 15 16 17 18 19 20 21 22 23 24
 25 26 27 28 29 30 31 32 33 34 35 36 37 38]
C_final_list= [4.1674225942391654e-07, 2.5840010406217205e-07, 1.3577019356690265e-07, 6.469154588813325e-08, 2.9087694385583533e-08, 1.2618601471121355e-08, 5.370090840784354e-09, 2.264489491199445e-09, 9.508048066865723e-10, 3.9843985977006376e-10, 1.6725635031560887e-10, 7.027997184084108e-11, 2.949993310177468e-11, 1.2311666324596829e-11, 5.108913177775378e-12, 2.1085684592499857e-12, 8.651596186000922e-13, 3.535384531511153e-13, 1.4516107013798576e-13, 6.002349589919749e-14, 2.479373368579453e-14, 1.0237586740423134e-14, 4.210051307680572e-15, 1.7252487830199114e-15, 7.044945573664778e-16, 2.9002632008328184e-16, 1.2068949403661507e-16, 5.087222103153638e-17, 2.1946283563405585e-17, 9.974778853545859e-18, 5.327146031204519e-18, 4.325183731396933e-18, 6.88658510543656e-18, 1.6192672974319287e-17, 3.573006873803277e-17, 9.503163353422592e-17, 2.643867158482689e-16, 5.900138170644505e-16]
W_list: [4]
L_list: [1.7074946757953915]
