C_final_list: [1.995642799841971e-06, 1.8735449731333977e-06, 1.779614754977743e-06, 1.6794111736959055e-06, 1.5856022583089024e-06, 1.4972123201005376e-06, 1.4146382633856193e-06, 1.3361399023330154e-06, 1.2607580037698063e-06, 1.1891813808905336e-06, 1.1239301103234187e-06, 1.0617756444809983e-06, 1.0013224230224898e-06, 9.451684111836744e-07, 8.916493346198136e-07, 8.405365273597037e-07, 7.922858757612632e-07, 7.467529055317116e-07, 7.037050061451659e-07, 6.63037671417612e-07, 6.245113962432088e-07, 5.882019126230356e-07, 5.541575379325326e-07, 5.225668456040322e-07, 4.920557143330654e-07, 4.63703806985484e-07, 4.3673326042843497e-07, 4.11140192791714e-07, 3.8707672443044803e-07, 3.6454105081056506e-07, 3.4313665399733886e-07, 3.231169860952589e-07, 3.0437392387486577e-07, 2.860852140803002e-07, 2.689589575503425e-07]
ndim2: 500
W_list: [1.4]
L_list: [17.18147230938548]
