R_list= [ 1  2  3  4  5  6  7  8  9 10 11 12 13 14 15 16 17 18 19 20 21 22 23 24
 25 26 27 28 29 30 31 32 33 34 35 36 37 38]
C_final_list= [3.53811263403881e-05, 2.290434996098736e-05, 1.4780691786802006e-05, 9.508720920910321e-06, 6.093818132070095e-06, 3.90574856834119e-06, 2.494796542155749e-06, 1.5943113058087762e-06, 1.0206056536623898e-06, 6.531605615057375e-07, 4.1837835778802396e-07, 2.682018533568158e-07, 1.719040971036537e-07, 1.1005727643813437e-07, 7.043589862524851e-08, 4.4779138036420674e-08, 2.8709820773769622e-08, 1.8389795613735657e-08, 1.179307297433933e-08, 7.562819609879544e-09, 4.816952157956852e-09, 3.100633408606787e-09, 2.0030031304262175e-09, 1.280590164000722e-09, 8.099387577801308e-10, 5.080790942499874e-10, 3.2227378015971167e-10, 2.0559649860789614e-10, 1.3157767175993365e-10, 8.704868524033996e-11, 5.7220042818998105e-11, 3.757882786514145e-11, 2.4295954314672158e-11, 1.607807361562429e-11, 1.083414197632144e-11, 7.126875934409598e-12, 4.8238751626446345e-12, 3.3351829998194497e-12]
W_list: [8.25]
L_list: [2.278112452122145]
