C_final_list: [2.194781339502547e-06, 2.0676027772385445e-06, 1.9934678594570637e-06, 1.9042707452914276e-06, 1.8162921039053797e-06, 1.7354906042320277e-06, 1.6575519796613434e-06, 1.5839442663166025e-06, 1.514062565622881e-06, 1.446511552914915e-06, 1.3822897752997624e-06, 1.321009625426638e-06, 1.2626685315894302e-06, 1.206927552722303e-06, 1.1529037857399882e-06, 1.1014457475593405e-06, 1.0521691996723693e-06, 1.0040330207084005e-06, 9.578513341323464e-07, 9.140854747714775e-07, 8.72701407870391e-07, 8.334166592744659e-07, 7.95767334952764e-07, 7.602800575886783e-07, 7.262461296406155e-07, 6.943316791346663e-07, 6.63381232145626e-07, 6.329768039067962e-07, 6.040510345535231e-07, 5.768940586006246e-07, 5.510864934665331e-07, 5.265563629768194e-07, 5.025678007249678e-07, 4.804129129921907e-07, 4.5900226840101096e-07]
ndim2: 500
W_list: [1.0]
L_list: [21.831822155090077]
