C_final_list: [1.7638388698361272e-06, 1.5112712325340065e-06, 1.29311955020796e-06, 1.1068194353874365e-06, 9.406036214377379e-07, 8.036365226922194e-07, 6.831274870803293e-07, 5.848349019745555e-07, 5.004040795163176e-07, 4.271914259555879e-07, 3.6455679560460857e-07, 3.1183621440285776e-07, 2.666303453185129e-07, 2.2830049681703114e-07, 1.955036082720673e-07, 1.6691137035031009e-07, 1.4191252398550608e-07, 1.2045269979670897e-07, 1.0251832659016719e-07, 8.73385055582768e-08, 7.432796482298344e-08, 6.332684203580131e-08, 5.3706166204836844e-08, 4.5608559791698115e-08, 3.873292227655456e-08, 3.2726010347807505e-08, 2.776799224089567e-08, 2.3469376867244044e-08, 1.9766282849120748e-08, 1.6609159474470837e-08, 1.4103647946237484e-08, 1.1959704142465453e-08, 1.0099518431086886e-08, 8.499935931236695e-09, 7.211238292064406e-09]
ndim2: 500
W_list: [2.0]
L_list: [6.33726965763847]
