R_list= [ 1  2  3  4  5  6  7  8  9 10 11 12 13 14 15 16 17 18 19 20 21 22 23 24
 25 26 27 28 29 30 31 32 33 34 35 36 37 38]
C_final_list= [2.2080667391431123e-05, 1.8126622939186646e-05, 1.4754014486893066e-05, 1.1968488183677913e-05, 9.68397429370226e-06, 7.829563036075952e-06, 6.324624451861942e-06, 5.104043470832682e-06, 4.110096117535969e-06, 3.306972825387175e-06, 2.6600758084675318e-06, 2.139524988138447e-06, 1.7195096909812343e-06, 1.3806710902126194e-06, 1.1085381990858267e-06, 8.899991954641082e-07, 7.152360748587967e-07, 5.753731099630334e-07, 4.634520290375796e-07, 3.7284263736788063e-07, 2.9970911716128444e-07, 2.4102515471794463e-07, 1.9396465623721817e-07, 1.5608535412818613e-07, 1.2551801099483057e-07, 1.0094863236356178e-07, 8.124723240525036e-08, 6.545825887921682e-08, 5.261202930734695e-08, 4.234469301058867e-08, 3.402990352528216e-08, 2.7275671392775514e-08, 2.186929338436741e-08, 1.7579418689325923e-08, 1.4165668745291746e-08, 1.1380033887484823e-08, 9.143557904859114e-09, 7.339255673247891e-09]
W_list: [8.15]
L_list: [4.757361743019101]
