C_final_list: [1.980303340590704e-06, 1.8721957508675412e-06, 1.7661022037732894e-06, 1.6670010850600698e-06, 1.5729640068919504e-06, 1.4850167667576301e-06, 1.4012168398341248e-06, 1.3235035791619903e-06, 1.249697378654345e-06, 1.1808869038790608e-06, 1.114182152465739e-06, 1.0517966827255098e-06, 9.92833666937396e-07, 9.365930962367028e-07, 8.836242529330586e-07, 8.328365608154066e-07, 7.853373658063009e-07, 7.410665499412413e-07, 6.99011382958152e-07, 6.591625378745751e-07, 6.20621493415936e-07, 5.852084959007321e-07, 5.519103768205871e-07, 5.202620578879388e-07, 4.901884595994073e-07, 4.6192087442155627e-07, 4.3478340660124326e-07, 4.089275231943567e-07, 3.8504983633151515e-07, 3.6237461792671143e-07, 3.413036089067082e-07, 3.211142437361441e-07, 3.019156188379699e-07, 2.8390058730096924e-07, 2.669606711639966e-07, 2.5068587983292917e-07, 2.3540285649289415e-07, 2.209979982109356e-07, 2.0738628625681886e-07, 1.945742831771043e-07, 1.8271035291470178e-07, 1.7148956726096254e-07, 1.6085383238917187e-07, 1.509022786745713e-07, 1.4151073477088576e-07, 1.3263360453848567e-07, 1.2447446328902436e-07, 1.1686852873436406e-07, 1.0964906573750297e-07, 1.0288173867197596e-07]
ndim2: 500
W_list: [2.9]
L_list: [17.057105698407828]
