C_list:
1.494655728821592e-06 0.03713045281548391
ndim2: 500
W_list: [2.0]
L_list: [26.93207122922525]
