C_final_list: [1.8522973245969544e-06, 1.8094255977834879e-06, 1.7657672330089283e-06, 1.7236689269022695e-06, 1.6822581652974216e-06, 1.6424864337767067e-06, 1.6034370274809124e-06, 1.5654987742687185e-06, 1.528580959634242e-06, 1.4926630541921998e-06, 1.4576661211372906e-06, 1.4238447959224153e-06, 1.3907921184190008e-06, 1.357711383390253e-06, 1.3261927950082818e-06, 1.2952285721961995e-06, 1.2654410032649703e-06, 1.2365013209241012e-06, 1.2084099925026276e-06, 1.1809184226907362e-06, 1.1535119707390984e-06, 1.12697624269298e-06, 1.1008013617392339e-06, 1.0751914323959125e-06, 1.0498788329338167e-06, 1.0254355233278608e-06, 1.0016011195636881e-06, 9.78304195095205e-07, 9.555375918451543e-07, 9.333642100341569e-07, 9.116454341481446e-07, 8.903922551600594e-07, 8.696309789197555e-07, 8.495594039906213e-07, 8.295756957564606e-07]
ndim2: 500
W_list: [2.2]
L_list: [42.36770644073453]
