R_list= [ 1  2  3  4  5  6  7  8  9 10 11 12 13 14 15 16 17 18 19 20 21 22 23 24
 25 26 27 28 29 30 31 32 33 34 35 36 37 38]
C_final_list= [8.377109774039253e-07, 7.653520273971155e-07, 6.967070385021019e-07, 6.332206928596486e-07, 5.751121598880482e-07, 5.22685161332225e-07, 4.7497542569432673e-07, 4.3124624480252786e-07, 3.9078458887304806e-07, 3.5445853954455034e-07, 3.2122274296609466e-07, 2.914330563158433e-07, 2.642189860978302e-07, 2.3964334001259065e-07, 2.1724826331451185e-07, 1.96804671773586e-07, 1.781105368227561e-07, 1.6120502859857874e-07, 1.4576636901377297e-07, 1.3176896355493993e-07, 1.1912689247430674e-07, 1.0757802095528114e-07, 9.709579426673656e-08, 8.75984836255052e-08, 7.905052994539259e-08, 7.128003038770377e-08, 6.424814353985332e-08, 5.786914509661036e-08, 5.218966703478255e-08, 4.7005106121285076e-08, 4.2318333747670813e-08, 3.808234959947962e-08, 3.429101247289033e-08, 3.086145145291658e-08, 2.7731190639629637e-08, 2.4910040434875926e-08, 2.235938661212843e-08, 2.0080754175309156e-08]
W_list: [6]
L_list: [10.262679685122777]
