R_list= [ 1  2  3  4  5  6  7  8  9 10 11 12 13 14 15 16 17 18 19 20 21 22 23 24
 25 26 27 28 29 30 31 32 33 34 35 36 37 38]
C_final_list= [7.385819764424532e-07, 6.45407885033225e-07, 5.662257432358095e-07, 4.992216977092956e-07, 4.4034772227280866e-07, 3.8842979519795545e-07, 3.425375322205529e-07, 3.0204052921837757e-07, 2.665327873189957e-07, 2.352841246856264e-07, 2.0757068370754273e-07, 1.8295311533049786e-07, 1.6103115656141502e-07, 1.4158250837825786e-07, 1.246140994242299e-07, 1.0971406581073404e-07, 9.660297635342512e-08, 8.498024764633695e-08, 7.457563410474394e-08, 6.541587211886611e-08, 5.738075538526834e-08, 5.0278947444356855e-08, 4.403119803466665e-08, 3.8547930840846814e-08, 3.37268508825446e-08, 2.949297608634604e-08, 2.5781841083004055e-08, 2.250799199998223e-08, 1.9625697776810636e-08, 1.7111351826826394e-08, 1.491851531640936e-08, 1.3010229646872377e-08, 1.134873745247218e-08, 9.902107138959037e-09, 8.633689819508337e-09, 7.51587312178851e-09, 6.533813946267943e-09, 5.679408020841695e-09]
W_list: [5]
L_list: [7.863150494809011]
