C_list:
1.706407892124201e-06 0.06377504630810556
ndim2: 500
W_list: [2.0]
L_list: [15.680114055407655]
