R_list= [ 1  2  3  4  5  6  7  8  9 10 11 12 13 14 15 16 17 18 19 20 21 22 23 24
 25 26 27 28 29 30 31 32 33 34 35 36 37 38]
C_final_list= [3.083063729099226e-05, 2.3329465875283758e-05, 1.7488253244417037e-05, 1.3080938143714709e-05, 9.780375917952631e-06, 7.3017300425817e-06, 5.4493699962848655e-06, 4.073846926463641e-06, 3.0450576769232613e-06, 2.273244098135478e-06, 1.6967245827091675e-06, 1.2661130296774474e-06, 9.456501612616511e-07, 7.05359359620786e-07, 5.251127858395943e-07, 3.9124510663279173e-07, 2.916121313777868e-07, 2.1744654277541627e-07, 1.620600111618462e-07, 1.2047743915844572e-07, 8.98789014651903e-08, 6.707192201470457e-08, 4.991234712936075e-08, 3.723489857557085e-08, 2.779768700742768e-08, 2.0679663149759805e-08, 1.5371164934313557e-08, 1.1422823941143589e-08, 8.524189060120246e-09, 6.374239604841915e-09, 4.767582794824539e-09, 3.584163066647063e-09, 2.6936205872187615e-09, 2.024850737711477e-09, 1.5139437847034285e-09, 1.1248862263782906e-09, 8.316418485426602e-10, 6.115570621716959e-10]
W_list: [8.2]
L_list: [3.469883049226796]
