C_final_list: [1.5371541556343441e-06, 1.5109641348292685e-06, 1.4846584885009841e-06, 1.4592858147944792e-06, 1.4342417492882416e-06, 1.409607133335264e-06, 1.3853024117566264e-06, 1.361628840185438e-06, 1.338298889873013e-06, 1.3154414692920355e-06, 1.2928386737202356e-06, 1.270840668584068e-06, 1.249350355366132e-06, 1.2283005471500675e-06, 1.2077504187042349e-06, 1.187440695469068e-06, 1.1674809140658099e-06, 1.1479207130576191e-06, 1.128755434147642e-06, 1.1099531363935804e-06, 1.0914901927891914e-06, 1.073599948377664e-06, 1.055924796261828e-06, 1.0384076202429521e-06, 1.0210404220860835e-06, 1.003967209091949e-06, 9.872392064788681e-07, 9.706270326166583e-07, 9.54410744380679e-07, 9.381989259112287e-07, 9.222383316100428e-07, 9.066835060774437e-07, 8.912726853128449e-07, 8.760938192088645e-07, 8.611802282550165e-07]
ndim2: 500
W_list: [2.6]
L_list: [58.81161904560075]
