R_list= [ 1  2  3  4  5  6  7  8  9 10 11 12 13 14 15 16 17 18 19 20 21 22 23 24
 25 26 27 28 29 30 31 32 33 34 35 36 37 38]
C_final_list= [4.072779523345918e-07, 3.7283546489453747e-07, 3.383123763304326e-07, 3.05984706060533e-07, 2.764472773473304e-07, 2.4938896945080476e-07, 2.2481464310189856e-07, 2.0241303828359254e-07, 1.821340777367201e-07, 1.6385221083208578e-07, 1.4732551652617096e-07, 1.3221983666560377e-07, 1.1866797099830304e-07, 1.0643353967689671e-07, 9.535634416028283e-08, 8.549394657728112e-08, 7.67113103750629e-08, 6.882641648402262e-08, 6.176511567141651e-08, 5.545111906831201e-08, 4.974615829874069e-08, 4.460278309579069e-08, 3.9954884809292374e-08, 3.578255868808685e-08, 3.204038286192792e-08, 2.8705608546774475e-08, 2.571988099450352e-08, 2.3069285519295486e-08, 2.0713912950482594e-08, 1.8595052153643047e-08, 1.6674867165682747e-08, 1.4957346534794306e-08, 1.3388030215378823e-08, 1.1974023800827731e-08, 1.0710369093189926e-08, 9.576219792699019e-09, 8.564732301979053e-09, 7.668407464692744e-09]
W_list: [7]
L_list: [9.566813214504622]
