R_list= [ 1  2  3  4  5  6  7  8  9 10 11 12 13 14 15 16 17 18 19 20 21 22 23 24
 25 26 27 28 29 30 31 32 33 34 35 36 37 38]
C_final_list= [8.415404533278092e-07, 7.630832414538637e-07, 6.872253729388076e-07, 6.16728553220797e-07, 5.530291534851075e-07, 4.952989719481383e-07, 4.4351186973308905e-07, 3.972106155492991e-07, 3.5581226879711113e-07, 3.1889739137451423e-07, 2.853932393296531e-07, 2.5544799050309743e-07, 2.2845133140787548e-07, 2.0425422831204999e-07, 1.8273420334020096e-07, 1.6337319699463327e-07, 1.4602210036334969e-07, 1.3029364171508333e-07, 1.1612974928977688e-07, 1.0355947023898205e-07, 9.23715120541508e-08, 8.233428796044891e-08, 7.331218095422046e-08, 6.521965563401413e-08, 5.793916182986817e-08, 5.151525376084375e-08, 4.580763072397692e-08, 4.079329445691883e-08, 3.630775666026349e-08, 3.230928248283057e-08, 2.8764530708585527e-08, 2.5614667591571385e-08, 2.2807416279754833e-08, 2.029188949261503e-08, 1.8042902734002895e-08, 1.6045421902443068e-08, 1.4257374868959029e-08, 1.2677396177251448e-08]
W_list: [7.6]
L_list: [9.090807301307974]
