R_list= [ 1  2  3  4  5  6  7  8  9 10 11 12 13 14 15 16 17 18 19 20 21 22 23 24
 25 26 27 28 29 30 31 32 33 34 35 36 37 38]
C_final_list= [5.385813706367047e-07, 4.692496818743836e-07, 4.0497085919298836e-07, 3.4781556820943775e-07, 2.980080990251241e-07, 2.546349332488804e-07, 2.180280788460243e-07, 1.8664929123119424e-07, 1.5973472283696222e-07, 1.365640353890651e-07, 1.16713428344094e-07, 9.9907333276987e-08, 8.545313024746938e-08, 7.31059496863868e-08, 6.241847740579402e-08, 5.313754823603439e-08, 4.521389077865636e-08, 3.840181312824881e-08, 3.257774840381373e-08, 2.7552735303394526e-08, 2.3259264205386883e-08, 1.9626752801199413e-08, 1.6558708819094623e-08, 1.394854549134505e-08, 1.1743335667530397e-08, 9.900325456963901e-09, 8.350099044183122e-09, 7.044148839929281e-09, 5.929735836283205e-09, 4.991666626061904e-09, 4.202156947440228e-09, 3.538646000039964e-09, 2.978548839720323e-09, 2.511163359152823e-09, 2.120431298248946e-09, 1.7943930845979878e-09, 1.5144365986698548e-09, 1.2767899121241805e-09]
W_list: [8.4]
L_list: [6.500055990217913]
