R_list= [ 1  2  3  4  5  6  7  8  9 10 11 12 13 14 15 16 17 18 19 20 21 22 23 24
 25 26 27 28 29 30 31 32 33 34 35 36 37 38]
C_final_list= [3.0595313905475785e-05, 2.3142644624847076e-05, 1.7376738310412835e-05, 1.3006221555684134e-05, 9.71157476266864e-06, 7.25226080905074e-06, 5.418635897065865e-06, 4.042229323882908e-06, 3.0142597796758675e-06, 2.245963489523423e-06, 1.6718209382481402e-06, 1.2447835668713127e-06, 9.262511630628317e-07, 6.877924608574586e-07, 5.108930257691834e-07, 3.800288925629694e-07, 2.827720067825665e-07, 2.105898719564534e-07, 1.56590657939147e-07, 1.169419706439424e-07, 8.714467095264673e-08, 6.498962403920488e-08, 4.8402737795277804e-08, 3.587158254833287e-08, 2.6588761148952098e-08, 1.9697438602181333e-08, 1.4573591896160267e-08, 1.0795087899418561e-08, 7.983380191546697e-09, 5.9168937374597535e-09, 4.379981433921229e-09, 3.262970311590945e-09, 2.437015469487697e-09, 1.8258082838763978e-09, 1.362549085654294e-09, 1.0128581805217019e-09, 7.49240450060872e-10, 5.575684662482331e-10]
W_list: [8.2]
L_list: [3.470635320177979]
