R_list= [ 1  2  3  4  5  6  7  8  9 10 11 12 13 14 15 16 17 18 19 20 21 22 23 24
 25 26 27 28 29 30 31 32 33 34 35 36 37 38]
C_final_list= [2.604051509128572e-07, 2.337804911719506e-07, 2.074828560263352e-07, 1.8340490828931176e-07, 1.6163664802379265e-07, 1.4225285449904608e-07, 1.2510234271537023e-07, 1.0975086693889186e-07, 9.617601671650986e-08, 8.421270801774042e-08, 7.367449315751457e-08, 6.43782943532576e-08, 5.6275837919623206e-08, 4.917799681717671e-08, 4.296221457220238e-08, 3.7558662396151774e-08, 3.281227230272326e-08, 2.864380665929325e-08, 2.5010444390954515e-08, 2.1804097889619695e-08, 1.8995577836953915e-08, 1.6517088034045407e-08, 1.4326806712274438e-08, 1.2418555929140965e-08, 1.0767738886211836e-08, 9.332369772578907e-09, 8.092038358547324e-09, 7.02183872166726e-09, 6.099459713286471e-09, 5.2986488082381495e-09, 4.60530595691847e-09, 3.997778246654976e-09, 3.4674110953528047e-09, 3.012134672990182e-09, 2.6148447052294585e-09, 2.2735558576121723e-09, 1.9763116135612674e-09, 1.7160231849572232e-09]
W_list: [8.4]
L_list: [7.772753570919997]
