R_list= [ 1  2  3  4  5  6  7  8  9 10 11 12 13 14 15 16 17 18 19 20 21 22 23 24
 25 26 27 28 29 30 31 32 33 34 35 36 37 38]
C_final_list= [2.076921524436652e-06, 1.8062966676823402e-06, 1.5537080888583141e-06, 1.329139506769e-06, 1.1337597268994019e-06, 9.65849021913347e-07, 8.212302005286566e-07, 6.983549639250825e-07, 5.936435392341309e-07, 5.044352775858243e-07, 4.285230937488126e-07, 3.638110556484971e-07, 3.087662812786756e-07, 2.621242206983558e-07, 2.2248692661388903e-07, 1.8870457809307929e-07, 1.5999603090856576e-07, 1.3552389465123348e-07, 1.1478109307914196e-07, 9.714186486221188e-08, 8.222089094994092e-08, 6.960108282963327e-08, 5.898522746138162e-08, 5.0023056511697026e-08, 4.2412612277880434e-08, 3.591873704129219e-08, 3.0400312444626375e-08, 2.5739000734568055e-08, 2.1807295380026364e-08, 1.847504697579097e-08, 1.5651665462860677e-08, 1.325897080371716e-08, 1.1235789071087182e-08, 9.5321676431782e-09, 8.081770114905575e-09, 6.858721055896806e-09, 5.818398595703258e-09, 4.930995177064648e-09]
W_list: [8.45]
L_list: [6.312446714026412]
