C_final_list: [2.1390990519026826e-06, 2.122738814941825e-06, 2.10681933267469e-06, 2.0915698178444526e-06, 2.076562205341916e-06, 2.0620266005297986e-06, 2.0477384069040722e-06, 2.0337078099312204e-06, 2.0197198837317464e-06, 2.0058511325299236e-06, 1.9921208752165685e-06, 1.9784118879987954e-06, 1.9649756858659383e-06, 1.9515893925563733e-06, 1.938190763650447e-06, 1.924923415724049e-06, 1.9117120904801324e-06, 1.8985904044352843e-06, 1.885566209653172e-06, 1.8727314380176992e-06, 1.8599146799915018e-06, 1.8472415864843925e-06, 1.834454917623602e-06, 1.8218178137451588e-06, 1.8092321445787654e-06, 1.7968577331639233e-06, 1.78454086576945e-06, 1.772304536614987e-06, 1.760155832524178e-06, 1.7479976597683418e-06, 1.7358375125354662e-06, 1.7238073322488786e-06, 1.7118194273793578e-06, 1.6997287928594257e-06, 1.687667261815724e-06, 1.675800761599806e-06, 1.6639437590875706e-06, 1.6520773032755173e-06, 1.6403826494595027e-06, 1.6287083807692928e-06, 1.6170841748369727e-06, 1.6055783596994583e-06, 1.594101476404507e-06, 1.5827430326083396e-06, 1.5714451580521889e-06, 1.5603566369439813e-06, 1.5493246001194187e-06, 1.5383843518569708e-06, 1.5274071623061185e-06, 1.5164919133137023e-06]
ndim2: 500
W_list: [2.0]
L_list: [143.60994769174908]
