R_list= [ 1  2  3  4  5  6  7  8  9 10 11 12 13 14 15 16 17 18 19 20 21 22 23 24
 25 26 27 28 29 30 31 32 33 34 35 36 37 38]
C_final_list= [1.1821545080402815e-06, 7.884966166581536e-07, 5.312929820094659e-07, 3.5778957907063014e-07, 2.406814525924141e-07, 1.6175722854915525e-07, 1.0787627757578985e-07, 7.306273677463545e-08, 4.873985276118185e-08, 3.239739872629542e-08, 2.1679959208854406e-08, 1.4402364598084079e-08, 9.470036080147864e-09, 6.2660528172467356e-09, 4.107274261731394e-09, 2.665513743341585e-09, 1.7268542808100815e-09, 1.0999885861246904e-09, 7.024618760965649e-10, 4.480709322905199e-10, 2.8903410407003555e-10, 1.8623653769827835e-10, 1.149742113806094e-10, 6.984015326038244e-11, 4.3583804728177806e-11, 2.6976972740820485e-11, 1.666924359294724e-11, 1.0433096582858789e-11, 6.507531670677335e-12, 4.128344720543433e-12, 2.6667088795666325e-12, 1.7021269721646191e-12, 1.0933184247904157e-12, 6.979747909818037e-13, 4.4860751516977584e-13, 2.807740607849428e-13, 1.8617102795416162e-13, 1.2617916271569282e-13]
W_list: [7.4]
L_list: [2.5075897097524003]
