C_final_list: [1.7035024477691177e-06, 1.4537266105514296e-06, 1.2375693383289118e-06, 1.046693894829192e-06, 8.803857390652357e-07, 7.41649762836271e-07, 6.25984547301958e-07, 5.266894307277106e-07, 4.4351558244120967e-07, 3.724612780890033e-07, 3.131290649790923e-07, 2.637742071497698e-07, 2.223767023930826e-07, 1.8634599508289123e-07, 1.5607821304460805e-07, 1.3118730369946002e-07, 1.098765326078395e-07, 9.163184899968541e-08, 7.624457982799265e-08, 6.368682131572234e-08, 5.3057949521137495e-08, 4.422436089756912e-08, 3.681225770342087e-08, 3.052934115370326e-08, 2.5408709476066026e-08, 2.1176545377164725e-08, 1.7768828618256343e-08, 1.4948623194002348e-08, 1.2538932737162421e-08, 1.0500184153231829e-08, 8.776997372809548e-09, 7.339592591674328e-09, 6.106275996943939e-09, 5.0624009899195996e-09, 4.200680867803317e-09]
ndim2: 500
W_list: [2.2]
L_list: [5.899934531526449]
