C_final_list: [1.257201201089601e-06, 1.075093361680095e-06, 9.149890862331338e-07, 7.755935332639314e-07, 6.593108934744832e-07, 5.614203435173025e-07, 4.786467328459293e-07, 4.079434895928447e-07, 3.480685379378553e-07, 2.9662567674735937e-07, 2.532220541449665e-07, 2.156820962082945e-07, 1.832635730261093e-07, 1.5569786694076968e-07, 1.3232757247557086e-07, 1.1196790782332049e-07, 9.495507195618117e-08, 8.028593470302338e-08, 6.793661480359733e-08, 5.760512885274444e-08, 4.890693542169881e-08, 4.153222824770368e-08, 3.529094355832103e-08, 3.0081824259845225e-08, 2.562133177662844e-08, 2.1846376439016194e-08, 1.8576398806779915e-08, 1.573343244932687e-08, 1.3342823907978719e-08, 1.1381442142774598e-08, 9.681485614268257e-09, 8.226989106186836e-09, 6.979744471812027e-09, 5.949684641912123e-09, 5.065770532975227e-09]
ndim2: 500
W_list: [4.0]
L_list: [6.206528924447646]
