C_final_list: [5.28575561116256e-07, 4.916594683390666e-07, 4.549392006393668e-07, 4.1997721085910324e-07, 3.8670443949969824e-07, 3.5561156153193e-07, 3.2642687952081515e-07, 2.9954335770703576e-07, 2.7443372609382845e-07, 2.51297683446907e-07, 2.300161432355943e-07, 2.1036410115173607e-07, 1.9204986008499075e-07, 1.7533362483134234e-07, 1.6013190961146904e-07, 1.4634204066911433e-07, 1.3374502207236624e-07, 1.2203268184022664e-07, 1.1117522349628373e-07, 1.0120936714385724e-07, 9.210224451401919e-08, 8.377958588673811e-08, 7.613614474750335e-08, 6.924183928749639e-08, 6.296967717584492e-08, 5.7213635947719514e-08, 5.197326984599995e-08, 4.718763042224477e-08, 4.28784779625707e-08, 3.900880027494933e-08, 3.54499690624533e-08, 3.222070029028263e-08, 2.9269201180723443e-08, 2.663465926887647e-08, 2.4203828686276517e-08]
ndim2: 500
W_list: [4.2]
L_list: [11.454874455187168]
