R_list= [ 1  2  3  4  5  6  7  8  9 10 11 12 13 14 15 16 17 18 19 20 21 22 23 24
 25 26 27 28 29 30 31 32 33 34 35 36 37 38]
C_final_list= [2.933620131353306e-07, 2.659874976505318e-07, 2.387700401408017e-07, 2.1310699612950654e-07, 1.8975617169454114e-07, 1.6861874710939088e-07, 1.4960501794508572e-07, 1.3273603062629328e-07, 1.1767640109480238e-07, 1.0431534788364055e-07, 9.231425406922396e-08, 8.161228172786238e-08, 7.22072282097261e-08, 6.387777510279526e-08, 5.648738432422983e-08, 4.990806684271274e-08, 4.4158832724716544e-08, 3.905311772086194e-08, 3.455230538090449e-08, 3.054672168846653e-08, 2.698376469720465e-08, 2.3819036284958514e-08, 2.10200244070692e-08, 1.8553575409908405e-08, 1.6364566967477616e-08, 1.4431605541919176e-08, 1.2724614343663141e-08, 1.1207284431747902e-08, 9.864915551237953e-09, 8.68455735365251e-09, 7.63913468555609e-09, 6.714317060790008e-09, 5.898226508290174e-09, 5.1818122403979305e-09, 4.552587751973169e-09, 3.995169644544889e-09, 3.5076040227012355e-09, 3.0777190485162184e-09]
W_list: [8.2]
L_list: [8.462143607113083]
