R_list= [ 1  2  3  4  5  6  7  8  9 10 11 12 13 14 15 16 17 18 19 20 21 22 23 24
 25 26 27 28 29 30 31 32 33 34 35 36 37 38]
C_final_list= [3.3474809157526064e-07, 1.655226425258253e-07, 6.700533516949694e-08, 2.443990111223202e-08, 8.38976430281444e-09, 2.773731360165709e-09, 8.997755671455095e-10, 2.909157540076885e-10, 9.488845193551705e-11, 3.1531296744683594e-11, 1.0650659864564443e-11, 3.6025014337230385e-12, 1.2027922391772642e-12, 3.967481233944007e-13, 1.2979136353176014e-13, 4.150181392154863e-14, 1.3276028145558623e-14, 4.342439273116658e-15, 1.4864456543764436e-15, 5.209731488894152e-16, 1.8305045815522545e-16, 6.382456740795812e-17, 2.1779359631158698e-17, 7.373393349404774e-18, 2.5977961676657962e-18, 9.765365403872756e-19, 4.0708476926616135e-19, 1.8468779723917547e-19, 8.731450001805226e-20, 3.509556701840639e-20, 1.3455136072877574e-20, 5.73317668812807e-21, 2.974388942573946e-21, 1.8754626267940942e-21, 1.351220133668025e-21, 1.0667302652122751e-21, 9.12188376004256e-22, 8.254018754090863e-22]
W_list: [5]
L_list: [1.27352918694898]
