C_final_list: [1.5385231475136962e-06, 1.5100536153402029e-06, 1.481686445411346e-06, 1.4538263680922733e-06, 1.4264975063110562e-06, 1.3999244584209518e-06, 1.3736961891675424e-06, 1.3481538841527546e-06, 1.3231312766042469e-06, 1.2986655947988576e-06, 1.2743736757437372e-06, 1.2506091895228753e-06, 1.2269603710131171e-06, 1.203759992895387e-06, 1.1810680389093357e-06, 1.1585460145020365e-06, 1.1365603675550763e-06, 1.115247396734028e-06, 1.0942850301074747e-06, 1.0738879960206344e-06, 1.0535486408949464e-06, 1.0336514350660102e-06, 1.0139387898346092e-06, 9.94607958950923e-07, 9.753621490720821e-07, 9.564807776033034e-07, 9.381115383529338e-07, 9.200763571351975e-07, 9.023114774655075e-07, 8.848365160055364e-07, 8.677264917677777e-07, 8.511562263365463e-07, 8.349471451833935e-07, 8.191150317020223e-07, 8.035714668408567e-07, 7.883560807188115e-07, 7.732890734405013e-07, 7.584035503626929e-07, 7.436063434802973e-07, 7.291595116814722e-07, 7.149966478304892e-07, 7.009812474153393e-07, 6.873691049996764e-07, 6.738975088597215e-07, 6.605974729439096e-07, 6.475804259981651e-07, 6.349601921698061e-07, 6.226269152131901e-07, 6.105855995826953e-07, 5.986704507620265e-07]
ndim2: 500
W_list: [3.2]
L_list: [52.10958043479674]
