R_list= [ 1  2  3  4  5  6  7  8  9 10 11 12 13 14 15 16 17 18 19 20 21 22 23 24
 25 26 27 28 29 30 31 32 33 34 35 36 37 38]
C_final_list= [2.54342821990886e-07, 2.0969218997674852e-07, 1.7033841870254192e-07, 1.3746954481446015e-07, 1.1037324099264552e-07, 8.870525272775088e-08, 7.113482508260179e-08, 5.6957729772687683e-08, 4.5410142079146024e-08, 3.6104547252525306e-08, 2.8702440018396767e-08, 2.2833724477459716e-08, 1.81953086530571e-08, 1.4516568834740674e-08, 1.1572041590706339e-08, 9.20172341121411e-09, 7.276151900220388e-09, 5.7526774270060086e-09, 4.5570779583912145e-09, 3.5818183113540596e-09, 2.7958126263219485e-09, 2.1913744886125716e-09, 1.7193527576742251e-09, 1.3519463434534825e-09, 1.0638003372957866e-09, 8.391036422906374e-10, 6.618290729593316e-10, 5.246313756921931e-10, 4.167142709817552e-10, 3.3024282722795795e-10, 2.6019467475526807e-10, 2.0463394404284901e-10, 1.6074232560144315e-10, 1.2651181680582968e-10, 9.943501821869526e-11, 7.838173716450157e-11, 6.192764844546073e-11, 4.885853105347407e-11]
W_list: [9.2]
L_list: [4.6462296515056885]
