R_list= [ 1  2  3  4  5  6  7  8  9 10 11 12 13 14 15 16 17 18 19 20 21 22 23 24
 25 26 27 28 29 30 31 32 33 34 35 36 37 38]
C_final_list= [4.0851781185906405e-07, 1.6700503504019304e-07, 5.4160814660390016e-08, 1.5647761055053967e-08, 4.285890502617971e-09, 1.1491085086988887e-09, 3.037978850505107e-10, 7.994353788171077e-11, 2.1292117161984352e-11, 5.80494929034373e-12, 1.5906807168791988e-12, 4.220417509494883e-13, 1.1398101971041543e-13, 3.503213112315995e-14, 1.4528992413541398e-14, 7.300342184972176e-15, 2.8400131145485416e-15, 8.943268336254127e-16, 2.6127459129285464e-16, 7.628914878389222e-17, 2.227488969528852e-17, 6.3458191032700235e-18, 1.818864481387344e-18, 5.025141842736619e-19, 1.485718306813818e-19, 7.674630767391541e-20, 7.40489720318225e-20, 5.767649262448914e-20, 4.072762643628609e-20, 1.9120175633399995e-20, 8.707693249741423e-21, 6.989703637747094e-21, 3.9707699170534726e-21, 1.4796028025591434e-21, 4.795806733540332e-22, 1.8808507772471269e-22, 1.1304284763833057e-22, 9.157131497625113e-23]
W_list: [6]
L_list: [1.0436146400204034]
