R_list= [ 1  2  3  4  5  6  7  8  9 10 11 12 13 14 15 16 17 18 19 20 21 22 23 24
 25 26 27 28 29 30 31 32 33 34 35 36 37 38]
C_final_list= [2.248591691389862e-06, 2.110666136256924e-06, 2.009757667361711e-06, 1.906740824033288e-06, 1.8138202226993267e-06, 1.7251450055436578e-06, 1.6392021293548224e-06, 1.5576906800049564e-06, 1.4810309557286182e-06, 1.406248577854839e-06, 1.3348173730759203e-06, 1.267172889908843e-06, 1.203216551089637e-06, 1.1420082612621226e-06, 1.0849680431822288e-06, 1.0312455405567514e-06, 9.794674430465483e-07, 9.296045897979809e-07, 8.820426811623959e-07, 8.364957785079987e-07, 7.926747143814106e-07, 7.512909037144274e-07, 7.12356845743186e-07, 6.755657427765547e-07, 6.403881076005955e-07, 6.072770046402537e-07, 5.757302943797083e-07, 5.456199612185033e-07, 5.170865292887327e-07, 4.897069044010031e-07, 4.6411797979574063e-07, 4.3970926976550984e-07, 4.1638766871000366e-07, 3.9417807313046393e-07, 3.733207703790102e-07, 3.5358909314472804e-07, 3.34641210083632e-07, 3.169800961665404e-07]
W_list: [4]
L_list: [19.18646233465145]
