C_final_list: [2.250301341952579e-06, 2.172488199429916e-06, 2.094282871179613e-06, 2.0203664242093005e-06, 1.948737657288553e-06, 1.880227385973872e-06, 1.8140924464024671e-06, 1.7500991815143032e-06, 1.6888234201483666e-06, 1.6297602629927587e-06, 1.5731762191658125e-06, 1.5180014022821974e-06, 1.464125769284318e-06, 1.4116168332410767e-06, 1.3611121878996846e-06, 1.3121431677391966e-06, 1.2649226089874213e-06, 1.2196284118474488e-06, 1.1761364313197723e-06, 1.1335715151968453e-06, 1.0928360506422372e-06, 1.0541024215060113e-06, 1.0162960016242105e-06, 9.798300565606127e-07, 9.449025129183464e-07, 9.108443969989969e-07, 8.77941897236736e-07, 8.460919388556927e-07, 8.15312948342623e-07, 7.854411299681677e-07, 7.564261294635913e-07, 7.285435204699047e-07, 7.014578576729687e-07, 6.750557040825746e-07, 6.49761326423249e-07]
ndim2: 500
W_list: [2.0]
L_list: [27.569219910163095]
