R_list= [ 1  2  3  4  5  6  7  8  9 10 11 12 13 14 15 16 17 18 19 20 21 22 23 24
 25 26 27 28 29 30 31 32 33 34 35 36 37 38]
C_final_list= [2.0872030439491976e-06, 1.5666347027004307e-06, 1.161494773963301e-06, 8.550063689711489e-07, 6.289544849262724e-07, 4.617889679914111e-07, 3.394949150203016e-07, 2.494168280303937e-07, 1.8324491303312222e-07, 1.3400753545345753e-07, 9.765701553838133e-08, 7.106796133577948e-08, 5.175402041790878e-08, 3.7630969773746685e-08, 2.7405312045286663e-08, 1.996837510382554e-08, 1.4465825879986335e-08, 1.052041987813563e-08, 7.628681643336395e-09, 5.51193992775705e-09, 4.003082727577507e-09, 2.913816286670395e-09, 2.114368069415486e-09, 1.5290812082473551e-09, 1.1066192330305868e-09, 8.025923671162969e-10, 5.772535556570462e-10, 4.139085345631739e-10, 2.9693028333081953e-10, 2.1445434523577557e-10, 1.551896365468537e-10, 1.1234107622664389e-10, 8.071754399079109e-11, 5.7046714459072033e-11, 4.01210079858557e-11, 2.836763796613042e-11, 2.0121444775562136e-11, 1.4253029297780384e-11]
W_list: [9.4]
L_list: [3.315704439134017]
