C_final_list: [1.844898117367146e-06, 1.7286692139738686e-06, 1.630726046474224e-06, 1.527342476639022e-06, 1.432373227876947e-06, 1.3429889554103792e-06, 1.260039883791842e-06, 1.1844384655515564e-06, 1.1128776867679475e-06, 1.0455989173593268e-06, 9.817596142828701e-07, 9.218953227290171e-07, 8.655338131935929e-07, 8.120501176931019e-07, 7.616403815094342e-07, 7.134962228073303e-07, 6.679824368711252e-07, 6.252865961983747e-07, 5.849877094276921e-07, 5.475625882280724e-07, 5.125413310649789e-07, 4.793782788649334e-07, 4.485213081373314e-07, 4.1983613414622476e-07, 3.9291783280782006e-07, 3.672542210128695e-07, 3.4407658211281784e-07, 3.219590657444791e-07, 3.0133868110132674e-07, 2.8217499304486935e-07, 2.644632414895699e-07, 2.4756913624332443e-07, 2.31319347984086e-07, 2.1631593702487712e-07, 2.0190330202639986e-07]
ndim2: 500
W_list: [1.6]
L_list: [15.5818754595524]
