R_list= [ 1  2  3  4  5  6  7  8  9 10 11 12 13 14 15 16 17 18 19 20 21 22 23 24
 25 26 27 28 29 30 31 32 33 34 35 36 37 38]
C_final_list= [6.065603795843279e-07, 5.045495969673223e-07, 4.1649163766258665e-07, 3.421271288472248e-07, 2.8089411731287473e-07, 2.3035889152100473e-07, 1.8829437839397133e-07, 1.5409142953166198e-07, 1.2593868218207784e-07, 1.0329383457544327e-07, 8.484481742388999e-08, 6.947715799992079e-08, 5.695017642441962e-08, 4.668433564204567e-08, 3.828898426632489e-08, 3.1337792183539194e-08, 2.5558658569893575e-08, 2.078585795643971e-08, 1.6849876932176337e-08, 1.3688040180925683e-08, 1.1123367693967532e-08, 9.039164107313223e-09, 7.326147042388643e-09, 5.933481524418619e-09, 4.7929602081254175e-09, 3.867209981944027e-09, 3.123276721958875e-09, 2.5149223100495336e-09, 2.033840015530948e-09, 1.6422099066867734e-09, 1.3300957706280077e-09, 1.077499789251482e-09, 8.695953088323013e-10, 7.04663675016016e-10, 5.708843055493694e-10, 4.619582874995789e-10, 3.7151111198070613e-10, 2.9989778168793184e-10]
W_list: [7]
L_list: [5.094648188443328]
