R_list= [ 1  2  3  4  5  6  7  8  9 10 11 12 13 14 15 16 17 18 19 20 21 22 23 24
 25 26 27 28 29 30 31 32 33 34 35 36 37 38]
C_final_list= [5.276012586008768e-07, 4.6057129067714765e-07, 3.9745643377403543e-07, 3.4118910388772793e-07, 2.9211679140208787e-07, 2.497218676608014e-07, 2.1330851940461554e-07, 1.8189467445170918e-07, 1.549465235793059e-07, 1.3221053885941703e-07, 1.1309257974780943e-07, 9.6759084149525e-08, 8.280133327636441e-08, 7.082302838512737e-08, 6.061240258453707e-08, 5.186423272292683e-08, 4.43111645985296e-08, 3.767505689978768e-08, 3.189034843964281e-08, 2.700848683429415e-08, 2.289444555382084e-08, 1.9352567146407358e-08, 1.634127649007322e-08, 1.380574682415097e-08, 1.1692636335524488e-08, 9.91037758008447e-09, 8.399689222373096e-09, 7.106274699803399e-09, 6.015130416440778e-09, 5.09412349236187e-09, 4.322130493460375e-09, 3.6700733805438432e-09, 3.11507347011632e-09, 2.642720496976433e-09, 2.2401270807796285e-09, 1.8918148954135637e-09, 1.592893698636819e-09, 1.343831351333063e-09]
W_list: [8.4]
L_list: [6.473442528558164]
