R_list= [ 1  2  3  4  5  6  7  8  9 10 11 12 13 14 15 16 17 18 19 20 21 22 23 24
 25 26 27 28 29 30 31 32 33 34 35 36 37 38]
C_final_list= [8.032113964949001e-08, 3.7928312302108827e-08, 1.4324296753943996e-08, 4.776863947029077e-09, 1.488231439273545e-09, 4.4503198049058804e-10, 1.2972395586937676e-10, 3.73179624768824e-11, 1.0656265507085089e-11, 3.032076737623474e-12, 8.57046730487869e-13, 2.417877217727179e-13, 6.738209522336403e-14, 1.8550768934963825e-14, 5.077194014014415e-15, 1.3820573342291903e-15, 3.7908904260026204e-16, 1.0399085166605998e-16, 2.874564531738761e-17, 8.216366475043267e-18, 2.54884621828457e-18, 9.360357724562235e-19, 4.1732977089061194e-19, 1.9666423268262641e-19, 8.827184558709097e-20, 3.234368315888098e-20, 9.283637080877358e-21, 2.576172412910386e-21, 9.655501777121387e-22, 5.098306727440535e-22, 3.490499070049755e-22, 2.8342119732894263e-22, 2.5504729359984883e-22, 2.4281618004675994e-22, 2.366299755998921e-22, 2.333259787047941e-22, 2.328925157454337e-22, 2.35274470736045e-22]
W_list: [5]
L_list: [1.2021754188735345]
