C_final_list: [1.3977329419772953e-06, 1.3726426933389756e-06, 1.3478863573234298e-06, 1.322377903524265e-06, 1.297875643954491e-06, 1.2736693792325198e-06, 1.2496947330672152e-06, 1.2267167599491133e-06, 1.203860304024144e-06, 1.1812211945091441e-06, 1.1592086680737873e-06, 1.1374085564795282e-06, 1.115837658997258e-06, 1.0949356488948814e-06, 1.074048688703903e-06, 1.053611393466695e-06, 1.033632824306063e-06, 1.0141771748014975e-06, 9.949365327559565e-07, 9.760030352184207e-07, 9.574275564144326e-07, 9.393536912241354e-07, 9.216671652595798e-07, 9.043167586510851e-07, 8.874656005086087e-07, 8.706777393098524e-07, 8.542336596980993e-07, 8.381276062870755e-07, 8.222642118181372e-07, 8.067064209063919e-07, 7.914479389196094e-07, 7.764348845268215e-07, 7.618463870205606e-07, 7.472491806702341e-07, 7.330721236867157e-07]
ndim2: 500
W_list: [1.8]
L_list: [52.61687794358856]
