R_list= [ 1  2  3  4  5  6  7  8  9 10 11 12 13 14 15 16 17 18 19 20 21 22 23 24
 25 26 27 28 29 30 31 32 33 34 35 36 37 38]
C_final_list= [2.0909250325387023e-06, 2.026188275291502e-06, 1.9733210424088113e-06, 1.9200796889657358e-06, 1.8709677718223473e-06, 1.8212438191113764e-06, 1.773547041734921e-06, 1.727837243262364e-06, 1.6828293531775011e-06, 1.6386551893707119e-06, 1.595728411183935e-06, 1.5538432735118218e-06, 1.5129096398685305e-06, 1.4726457777928074e-06, 1.4332277424612846e-06, 1.3946971242356078e-06, 1.35708688689901e-06, 1.3204374847987e-06, 1.2849610761032466e-06, 1.2506353937532606e-06, 1.2170266117583296e-06, 1.1840315008169702e-06, 1.151518263621458e-06, 1.1197121172389383e-06, 1.0888126984638735e-06, 1.0586237037993135e-06, 1.0295058423439389e-06, 1.0008985562732233e-06, 9.731602837639213e-07, 9.462809006323192e-07, 9.203934701006912e-07, 8.949198789246419e-07, 8.700920219395699e-07, 8.46010264546325e-07, 8.226931190618775e-07, 7.999701751857912e-07, 7.779764584210063e-07, 7.566848314516171e-07]
W_list: [4]
L_list: [36.720109670679534]
