R_list= [ 1  2  3  4  5  6  7  8  9 10 11 12 13 14 15 16 17 18 19 20 21 22 23 24
 25 26 27 28 29 30 31 32 33 34 35 36 37 38]
C_final_list= [2.097137052942947e-06, 2.0494175162603553e-06, 2.0040890342748027e-06, 1.9603341644924433e-06, 1.91745776709733e-06, 1.8758925730774124e-06, 1.8350686757596575e-06, 1.79419880749759e-06, 1.754473960156423e-06, 1.7156523856310035e-06, 1.6776339765772126e-06, 1.640687053242005e-06, 1.6044529457360184e-06, 1.5688621933425125e-06, 1.5339861753804594e-06, 1.4999070637725454e-06, 1.4666924219890696e-06, 1.4336738414048794e-06, 1.4012891439896542e-06, 1.3696719356507328e-06, 1.3387406162316541e-06, 1.3085309022476863e-06, 1.2785814648401483e-06, 1.2492887260641384e-06, 1.221005896019778e-06, 1.1930790750817796e-06, 1.1659872464997882e-06, 1.1390135062320217e-06, 1.1127619699223314e-06, 1.0870438409327795e-06, 1.0616958415173887e-06, 1.0368755824545453e-06, 1.0125624791541488e-06, 9.890086316438306e-07, 9.660008604640907e-07, 9.435925959072696e-07, 9.218615647451978e-07, 9.006318767624719e-07]
W_list: [4]
L_list: [44.02955715944694]
