C_final_list: [1.4767128198900535e-06, 1.3428100330262982e-06, 1.213021980348156e-06, 1.0958263454509941e-06, 9.861740210351132e-07, 8.881700597373333e-07, 7.988655629123304e-07, 7.192832005725706e-07, 6.479896146441846e-07, 5.834965896875226e-07, 5.248805143600328e-07, 4.720881727993419e-07, 4.2445606383828266e-07, 3.8167389676162413e-07, 3.431543782284634e-07, 3.0871426339179733e-07, 2.7692415370933556e-07, 2.487940646094969e-07, 2.2308152126690294e-07, 2.0028152136398856e-07, 1.7968098448369314e-07, 1.6124129812258883e-07, 1.443789184706227e-07, 1.291904809800278e-07, 1.157829627859076e-07, 1.0386663406134039e-07, 9.291823046576996e-08, 8.328645955078243e-08, 7.473640897927317e-08, 6.680930476968634e-08, 5.97571353660812e-08, 5.348455679880179e-08, 4.7779407406094714e-08, 4.2738050295412446e-08, 3.812992699636968e-08]
ndim2: 500
W_list: [2.4000000000000004]
L_list: [9.521049818176994]
