R_list= [ 1  2  3  4  5  6  7  8  9 10 11 12 13 14 15 16 17 18 19 20 21 22 23 24
 25 26 27 28 29 30 31 32 33 34 35 36 37 38]
C_final_list= [1.0219252590168534e-06, 6.445378716562229e-07, 4.0063509288873466e-07, 2.4858558682369254e-07, 1.5564343641727922e-07, 9.661276003008003e-08, 5.99985279513659e-08, 3.705790662131287e-08, 2.2844635993272517e-08, 1.3893872751191613e-08, 8.514297760930255e-09, 5.1630120126736595e-09, 3.0875939628895346e-09, 1.8686520779618984e-09, 1.1200083322897465e-09, 6.639478829205432e-10, 3.946698457154244e-10, 2.363801259607833e-10, 1.3986456600923719e-10, 8.313783654154776e-11, 4.8623309769281226e-11, 2.8878877264988504e-11, 1.7451685747873284e-11, 1.041811884678356e-11, 6.358492069891646e-12, 3.660390136336244e-12, 2.165157424194459e-12, 1.333135007095799e-12, 8.670623175284356e-13, 6.094016235560948e-13, 3.5878904371064297e-13, 2.2523057864534507e-13, 1.30639732233876e-13, 8.584712795909781e-14, 5.689635524248347e-14, 3.607857207422635e-14, 2.0894698436737997e-14, 1.2957666897228452e-14]
W_list: [8.4]
L_list: [2.1278784460914215]
