R_list= [ 1  2  3  4  5  6  7  8  9 10 11 12 13 14 15 16 17 18 19 20 21 22 23 24
 25 26 27 28 29 30 31 32 33 34 35 36 37 38]
C_final_list= [7.880663503921915e-07, 7.430053220165158e-07, 6.972350542634469e-07, 6.529312859203866e-07, 6.106791343049532e-07, 5.707259287146445e-07, 5.330542378310412e-07, 4.977927799243012e-07, 4.6478633599070754e-07, 4.3400214989363136e-07, 4.054400132564504e-07, 3.784739241724776e-07, 3.5332179393912606e-07, 3.296834645153889e-07, 3.0739905378739105e-07, 2.8654866237413863e-07, 2.6718520157805754e-07, 2.491537076850108e-07, 2.322189552756282e-07, 2.164157804478431e-07, 2.0161934862536336e-07, 1.8782849019894957e-07, 1.749708294486639e-07, 1.6297142317044024e-07, 1.5169298911453785e-07, 1.4113955312680528e-07, 1.3127433760175618e-07, 1.2208494706640274e-07, 1.1346246082214675e-07, 1.0540383445653014e-07, 9.784303852443362e-08, 9.081358906521995e-08, 8.42872858651202e-08, 7.824480607755542e-08, 7.261779539526841e-08, 6.733979367728954e-08, 6.246469367194731e-08, 5.794875069346837e-08]
W_list: [7.4]
L_list: [14.516911048069137]
