C_list:
1.706227895502824e-06 0.07675805914962563
ndim2: 500
W_list: [2.2]
L_list: [13.027947958541851]
