R_list= [ 1  2  3  4  5  6  7  8  9 10 11 12 13 14 15 16 17 18 19 20 21 22 23 24
 25 26 27 28 29 30 31 32 33 34 35 36 37 38]
C_final_list= [4.858665237567061e-07, 2.7482715437543685e-07, 1.3280188142687252e-07, 5.912249919525897e-08, 2.524933622917566e-08, 1.0517933904500811e-08, 4.301998763276053e-09, 1.7293150638512316e-09, 6.87094765222724e-10, 2.7254521986898603e-10, 1.0901331651242362e-10, 4.383999986221049e-11, 1.765973291050714e-11, 6.998472073361713e-12, 2.723089696169638e-12, 1.0626516953131653e-12, 4.136589058366774e-13, 1.6011014796338535e-13, 6.242476872538108e-14, 2.485656328084921e-14, 1.0607848484480193e-14, 5.062818735312908e-15, 2.74559937836681e-15, 1.4644248620968646e-15, 7.056592347206696e-16, 3.11887717231468e-16, 1.1903204793695808e-16, 4.5082508053090117e-17, 2.2908706392604085e-17, 2.0272925945302436e-17, 1.5228516071796474e-17, 6.317956228107647e-18, 2.1477405583314287e-18, 6.530261154995008e-19, 1.5887800093395633e-19, 4.0731038861008413e-20, 1.131542458598489e-20, 3.470388997551484e-21]
W_list: [5]
L_list: [1.5256499134802224]
