R_list= [ 1  2  3  4  5  6  7  8  9 10 11 12 13 14 15 16 17 18 19 20 21 22 23 24
 25 26 27 28 29 30 31 32 33 34 35 36 37 38]
C_final_list= [4.753317650260987e-06, 4.0661982553651214e-06, 3.462412787336444e-06, 2.9483855495448107e-06, 2.5061813551911237e-06, 2.1324619475963913e-06, 1.8152971526807014e-06, 1.544369399963737e-06, 1.3095921394278187e-06, 1.1098807834065182e-06, 9.406722587915649e-07, 7.964556999698206e-07, 6.738134360280441e-07, 5.697847029257034e-07, 4.823738937536479e-07, 4.0822508938701853e-07, 3.45273559966363e-07, 2.920356287535812e-07, 2.468326125134729e-07, 2.0872023155509915e-07, 1.76251340562989e-07, 1.486223002767751e-07, 1.254260149838919e-07, 1.0579926879225317e-07, 8.936808650666143e-08, 7.543480201938322e-08, 6.362664046800764e-08, 5.361006117278262e-08, 4.514824664291807e-08, 3.807180461756561e-08, 3.199579291904627e-08, 2.689683248012461e-08, 2.2576676974081702e-08, 1.894557702281881e-08, 1.5890475113659815e-08, 1.3322787807646304e-08, 1.1173156044831055e-08, 9.360381401210471e-09]
W_list: [7.4]
L_list: [6.157430357267619]
