C_final_list: [1.4853903955543365e-06, 1.2000596005734453e-06, 9.673056554020036e-07, 7.764576793150957e-07, 6.242886876953848e-07, 4.992929641244545e-07, 3.991149260195167e-07, 3.2007591835991024e-07, 2.5492446272868015e-07, 2.039931079202236e-07, 1.6361916616442955e-07, 1.3101087736247905e-07, 1.0483039554338995e-07, 8.389111535146392e-08, 6.6683101486251e-08, 5.332330526309072e-08, 4.2404608170371825e-08, 3.393559854962362e-08, 2.7020756649309443e-08, 2.1500654292688014e-08, 1.7194450417934218e-08, 1.370701626845799e-08, 1.0895542877515163e-08, 8.607375047791858e-09, 6.827017937086591e-09, 5.410573375556541e-09, 4.295350433030606e-09, 3.4219270959055e-09, 2.7105230799408937e-09, 2.145672937065501e-09, 1.6923298692000518e-09, 1.344655853382511e-09, 1.0637777407678007e-09, 8.375802886792003e-10, 6.624135438497605e-10]
ndim2: 500
W_list: [3.6]
L_list: [4.554044255344625]
