C_final_list: [8.910226304878742e-07, 8.514721339876099e-07, 8.11597113398164e-07, 7.728818500012904e-07, 7.353416370152722e-07, 6.992769665714436e-07, 6.642878108706797e-07, 6.309440794317892e-07, 5.988169518634177e-07, 5.68424200913314e-07, 5.392272386491688e-07, 5.114164006776804e-07, 4.851765993600874e-07, 4.6021731872357264e-07, 4.3629099783778124e-07, 4.136615779794276e-07, 3.9206738731513515e-07, 3.7159604288969255e-07, 3.5191605454958015e-07, 3.3321605096822444e-07, 3.155423480603299e-07, 2.990091263642855e-07, 2.8339544073569585e-07, 2.685665720127565e-07, 2.5454129020873943e-07, 2.412088878085018e-07, 2.287227229825924e-07, 2.1688722788400742e-07, 2.0570470447504214e-07, 1.951612079456245e-07, 1.8523583188931887e-07, 1.75831081716487e-07, 1.6685100216143876e-07, 1.5833538943166454e-07, 1.5028864317293645e-07, 1.426520078880909e-07, 1.3533825905210974e-07, 1.2837553781265664e-07, 1.2172555098565838e-07, 1.1535737985191374e-07, 1.0933674244457661e-07, 1.0363628406808375e-07, 9.816460094119017e-08, 9.301267537289119e-08, 8.80963408288702e-08, 8.348121157176416e-08, 7.909581538304955e-08, 7.495433613129609e-08, 7.106392387027372e-08, 6.739072293898222e-08]
ndim2: 500
W_list: [4.0]
L_list: [19.041749826518867]
