R_list= [ 1  2  3  4  5  6  7  8  9 10 11 12 13 14 15 16 17 18 19 20 21 22 23 24
 25 26 27 28 29 30 31 32 33 34 35 36 37 38]
C_final_list= [3.623586777124578e-07, 3.120248559318857e-07, 2.658031882922875e-07, 2.2553963387937247e-07, 1.9107230400499791e-07, 1.618633907825507e-07, 1.369964628407011e-07, 1.1554717937311726e-07, 9.758552965869647e-08, 8.241126466600646e-08, 6.956021906563318e-08, 5.861791346552699e-08, 4.92383037475616e-08, 4.1201077410639986e-08, 3.450916166968901e-08, 2.8863066710395733e-08, 2.410539601915955e-08, 2.01572910140697e-08, 1.683719818107503e-08, 1.406058137014517e-08, 1.1760208458372724e-08, 9.821393719000597e-09, 8.193306532817613e-09, 6.848367956840396e-09, 5.727505206732644e-09, 4.7784111041908165e-09, 3.9752939780105775e-09, 3.3087883536800298e-09, 2.765468607341445e-09, 2.3124041645829217e-09, 1.9285706054366937e-09, 1.6083295193647374e-09, 1.3412255434511033e-09, 1.1211597549663347e-09, 9.34908278024899e-10, 7.800587884477641e-10, 6.514376847852818e-10, 5.439227052671911e-10]
W_list: [8.4]
L_list: [6.023414854534841]
