R_list= [ 1  2  3  4  5  6  7  8  9 10 11 12 13 14 15 16 17 18 19 20 21 22 23 24
 25 26 27 28 29 30 31 32 33 34 35 36 37 38]
C_final_list= [1.9903851633314744e-05, 1.6022860531058934e-05, 1.2768450769158081e-05, 1.0150155437586753e-05, 8.06398040778568e-06, 6.3995782281033515e-06, 5.080531696588625e-06, 4.028220258230855e-06, 3.1896414438039e-06, 2.5252167879686423e-06, 1.998508603722945e-06, 1.5803613274083143e-06, 1.2503611704303612e-06, 9.889062978576514e-07, 7.82241641832264e-07, 6.193007762104272e-07, 4.90654343510472e-07, 3.885198208131469e-07, 3.0709444384041963e-07, 2.426483500388133e-07, 1.9155991952713812e-07, 1.51535992044063e-07, 1.1988686437804574e-07, 9.483647459845682e-08, 7.514504038334378e-08, 5.959128367711648e-08, 4.717745207282863e-08, 3.74015844541487e-08, 2.9734317382417517e-08, 2.3616293469443803e-08, 1.8698964061260933e-08, 1.4843726898920036e-08, 1.1805488046769279e-08, 9.399592186586147e-09, 7.48206088426821e-09, 5.939699424367471e-09, 4.703143506538765e-09, 3.730648722409467e-09]
W_list: [8.4]
L_list: [4.375823300251397]
