R_list= [ 1  2  3  4  5  6  7  8  9 10 11 12 13 14 15 16 17 18 19 20 21 22 23 24
 25 26 27 28 29 30 31 32 33 34 35 36 37 38]
C_final_list= [9.85466191281517e-07, 5.981961233135424e-07, 3.5949937408434586e-07, 2.1589420204454227e-07, 1.280533543216608e-07, 7.684793450767145e-08, 4.5720425065543365e-08, 2.7311891652130436e-08, 1.6239638258981113e-08, 9.633375812444527e-09, 5.6365419652053455e-09, 3.31493746206057e-09, 1.8796910052945106e-09, 1.0911723356948034e-09, 6.390656355828655e-10, 3.813792093584727e-10, 2.2863622008204752e-10, 1.3373306899784503e-10, 7.881176925871793e-11, 4.5238812594188284e-11, 2.563354521353788e-11, 1.4241571339884654e-11, 7.455483695680501e-12, 3.921306093005206e-12, 2.1356380864913345e-12, 1.1717650043241451e-12, 6.50303636905043e-13, 3.476111827567174e-13, 1.911308089223781e-13, 1.0256510882206841e-13, 5.5980237298458796e-14, 3.060279220690573e-14, 1.8100942928001003e-14, 9.747823589857117e-15, 5.147258068608645e-15, 2.9252488210801894e-15, 1.6533319191749616e-15, 8.508795472638742e-16]
W_list: [8.8]
L_list: [1.9740917921970529]
