C_list:
7.311509297321306e-07 0.06786889880743453
ndim2: 500
W_list: [3.2]
L_list: [14.734289454692869]
