R_list= [ 1  2  3  4  5  6  7  8  9 10 11 12 13 14 15 16 17 18 19 20 21 22 23 24
 25 26 27 28 29 30 31 32 33 34 35 36 37 38]
C_final_list= [3.36667890129472e-05, 2.1464699751778782e-05, 1.3608077377883776e-05, 8.563166944682678e-06, 5.390414071232818e-06, 3.392145881434921e-06, 2.1298961058492626e-06, 1.3366259530466354e-06, 8.402257769858516e-07, 5.284012559249845e-07, 3.336709128224952e-07, 2.1046381171114054e-07, 1.323468077415007e-07, 8.261370643859482e-08, 5.1472985710068956e-08, 3.2180806260854735e-08, 2.0069685445403894e-08, 1.2495941791682535e-08, 7.826880912135844e-09, 4.9278030098772094e-09, 3.1161450417262474e-09, 1.9905810205477217e-09, 1.2700553616349184e-09, 8.050328123329057e-10, 5.139358765559205e-10, 3.281972110975333e-10, 2.0797574053409466e-10, 1.2961005255129138e-10, 7.95383491555349e-11, 4.9187586744933646e-11, 3.082553095675171e-11, 1.9120693678519073e-11, 1.1858729124193852e-11, 7.52661758916204e-12, 4.82510482447401e-12, 3.0039064402264728e-12, 1.850300795639634e-12, 1.2044560370338448e-12]
W_list: [8.45]
L_list: [2.1911075758946055]
