R_list= [ 1  2  3  4  5  6  7  8  9 10 11 12 13 14 15 16 17 18 19 20 21 22 23 24
 25 26 27 28 29 30 31 32 33 34 35 36 37 38]
C_final_list= [5.244086838208541e-07, 4.1764469832046133e-07, 3.301532915176107e-07, 2.5974975064647823e-07, 2.031307754714271e-07, 1.5901623452155853e-07, 1.2472359007078037e-07, 9.747109635504535e-08, 7.622883426307918e-08, 5.959797727904853e-08, 4.6487696110566435e-08, 3.6174484172150724e-08, 2.8171632289466576e-08, 2.1866850563225765e-08, 1.692316833172026e-08, 1.3115607637389661e-08, 1.017081604191422e-08, 7.879453693825973e-09, 6.100858736396157e-09, 4.729293409289499e-09, 3.6666537124693274e-09, 2.838889266504958e-09, 2.1917296708333557e-09, 1.7030821447211384e-09, 1.3198306810825e-09, 1.0209934868025857e-09, 7.907146280318973e-10, 6.123815240091346e-10, 4.709612499660248e-10, 3.6189506699603536e-10, 2.789377107320456e-10, 2.1339878074246173e-10, 1.6350971966074646e-10, 1.2527333823501713e-10, 9.568309240680201e-11, 7.335244080009602e-11, 5.625705282550063e-11, 4.3223410534598853e-11]
W_list: [7.800000000000001]
L_list: [4.162627965684938]
