C_final_list: [1.8150743549590271e-06, 1.7635623741375412e-06, 1.7226165289704698e-06, 1.6767291918436362e-06, 1.6333586319984393e-06, 1.5920717850366808e-06, 1.5504242854158516e-06, 1.5102615621717682e-06, 1.4717773917415639e-06, 1.4341636956921027e-06, 1.397869847313051e-06, 1.3617177492591763e-06, 1.3268256151655683e-06, 1.2927078012414914e-06, 1.2590408529582269e-06, 1.226571138640819e-06, 1.1945224983671488e-06, 1.1634494531084057e-06, 1.1333376919909992e-06, 1.10403412516373e-06, 1.075540685191383e-06, 1.0473972235778661e-06, 1.0200569154601484e-06, 9.932711049108189e-07, 9.6730686481096e-07, 9.413905797343208e-07, 9.157564234812782e-07, 8.909922751325978e-07, 8.662855928075908e-07, 8.425243534022072e-07, 8.191221144664726e-07, 7.961155366129508e-07, 7.739896560115807e-07, 7.526562769790956e-07, 7.317132721146933e-07]
ndim2: 500
W_list: [1.4]
L_list: [37.874600905667734]
