R_list= [ 1  2  3  4  5  6  7  8  9 10 11 12 13 14 15 16 17 18 19 20 21 22 23 24
 25 26 27 28 29 30 31 32 33 34 35 36 37 38]
C_final_list= [3.633049991884637e-07, 3.300474570299352e-07, 2.977171026868754e-07, 2.6739119020078296e-07, 2.3977135092227473e-07, 2.1509498000485764e-07, 1.9272811426754776e-07, 1.7236296797578688e-07, 1.5402287070284172e-07, 1.3753401902159826e-07, 1.2286490752868267e-07, 1.0976506981843497e-07, 9.801751236535951e-08, 8.746937472329081e-08, 7.809287113035292e-08, 6.968003408821516e-08, 6.221626461068625e-08, 5.551138600232888e-08, 4.945918981246387e-08, 4.408074784012323e-08, 3.92850717346081e-08, 3.502951341440882e-08, 3.1197192060726095e-08, 2.7745023357666563e-08, 2.4662826770265886e-08, 2.1895782203903812e-08, 1.943777197055405e-08, 1.7261403830179745e-08, 1.5326346609812872e-08, 1.360787672731163e-08, 1.2078184536936359e-08, 1.0705623648059514e-08, 9.483733341797767e-09, 8.401664996897425e-09, 7.451093162522273e-09, 6.601716301513163e-09, 5.8439144793912195e-09, 5.172398893087175e-09]
W_list: [7]
L_list: [9.043367113220743]
