R_list= [ 1  2  3  4  5  6  7  8  9 10 11 12 13 14 15 16 17 18 19 20 21 22 23 24
 25 26 27 28 29 30 31 32 33 34 35 36 37 38]
C_final_list= [3.9787926252306967e-07, 1.6236311479168818e-07, 5.231356236764618e-08, 1.4937208494676856e-08, 3.984928452975649e-09, 1.0270694277185463e-09, 2.6114182452569903e-10, 6.619490483942579e-11, 1.6832680501609847e-11, 4.1988624791064945e-12, 1.0318746663527363e-12, 2.584938327463146e-13, 6.74343122339461e-14, 1.820119597130209e-14, 4.7977828494240305e-15, 1.2457602776295965e-15, 3.3408776695333875e-16, 9.111749916857885e-17, 2.535843026411767e-17, 7.5370278606735e-18, 2.319818713552908e-18, 7.219500245871529e-19, 2.173683071667979e-19, 7.343058688132632e-20, 2.78990143520579e-20, 1.0316241504680523e-20, 3.813898209058003e-21, 1.8074421789653907e-21, 1.123564725013754e-21, 8.578784796850275e-22, 7.365842376539862e-22, 6.814583490548446e-22, 6.664531548676184e-22, 6.731461552194591e-22, 6.590954316872208e-22, 6.5144603805112825e-22, 6.350071592611457e-22, 6.2623223063408895e-22]
W_list: [6]
L_list: [1.0406060342772665]
