C_final_list: [1.9993937173762874e-06, 1.7643586789123502e-06, 1.5546130215998588e-06, 1.3739962278878884e-06, 1.2153557654856984e-06, 1.0734700536598932e-06, 9.477780551626322e-07, 8.379494980465974e-07, 7.405845758951603e-07, 6.547853497167342e-07, 5.790685293135727e-07, 5.110647739659633e-07, 4.5078735830440075e-07, 3.9726751514809783e-07, 3.5135139467577306e-07, 3.097089275889801e-07, 2.7321854606334687e-07, 2.406611254532849e-07, 2.1195190901274012e-07, 1.8624672749710773e-07, 1.640835374506594e-07, 1.4416559869462437e-07, 1.2695553609843375e-07, 1.1136031329612463e-07, 9.764436750412271e-08, 8.557940489158259e-08, 7.509421005850023e-08, 6.581250423287963e-08, 5.7642106274533193e-08, 5.0547095763548536e-08, 4.427579746320229e-08, 3.885262416202838e-08, 3.417850570403098e-08, 2.998521350721161e-08, 2.6276174773805912e-08, 2.2962570512566514e-08, 2.0104450938461542e-08, 1.7628250914275953e-08, 1.542382422354334e-08, 1.3563246786093266e-08, 1.1896719740869734e-08, 1.0451860490964367e-08, 9.16371409563724e-09, 8.046306007496402e-09, 7.016415633881816e-09, 6.139214555352194e-09, 5.341902218989547e-09, 4.648911408823194e-09, 4.036409027558037e-09, 3.5249797123094214e-09]
ndim2: 500
W_list: [2.9499999999999997]
L_list: [8.029971237938542]
