R_list= [ 1  2  3  4  5  6  7  8  9 10 11 12 13 14 15 16 17 18 19 20 21 22 23 24
 25 26 27 28 29 30 31 32 33 34 35 36 37 38]
C_final_list= [4.536426730665662e-07, 1.9899921382387927e-07, 7.134793698262935e-08, 2.301035467488942e-08, 6.9749760329916514e-09, 2.0426822092561487e-09, 5.886677421658355e-10, 1.6920213768341774e-10, 4.953212741216238e-11, 1.475232653192758e-11, 4.2889707698305155e-12, 1.2111614670004022e-12, 3.4106902685340295e-13, 9.576778725718862e-14, 2.6739915781150482e-14, 7.251891278076106e-15, 1.9601195144863404e-15, 5.391755228938337e-16, 1.471845517465608e-16, 4.010206361109795e-17, 1.0614937625211e-17, 2.6700582905689463e-18, 6.535505519805794e-19, 1.5945444772138584e-19, 3.876187352310078e-20, 9.47733080366881e-21, 2.3616945046196815e-21, 5.562705858032239e-22, 1.315075451407481e-22, 3.2832585116620376e-23, 8.955303527050204e-24, 3.1374506499301767e-24, 1.6533205296506087e-24, 1.1704725886181873e-24, 8.844169829591752e-25, 6.225273256726208e-25, 4.816854679897356e-25, 4.059285567562419e-25]
W_list: [6]
L_list: [1.1244048865414034]
