R_list= [ 1  2  3  4  5  6  7  8  9 10 11 12 13 14 15 16 17 18 19 20 21 22 23 24
 25 26 27 28 29 30]
C_final_list= [7.238846783808851e-07, 6.857236036147987e-07, 6.47931258523395e-07, 6.116769705897889e-07, 5.768773641536421e-07, 5.437835455417173e-07, 5.124707817044442e-07, 4.830918580445286e-07, 4.55271216723096e-07, 4.291702260194737e-07, 4.04520991063812e-07, 3.811601271816897e-07, 3.58887423177133e-07, 3.378570178965726e-07, 3.180978888749965e-07, 2.991805548499287e-07, 2.8131524280877647e-07, 2.6443913714997745e-07, 2.4863899799012513e-07, 2.3359955881067722e-07, 2.1947282803599983e-07, 2.0607789010521094e-07, 1.9337306510096695e-07, 1.8140838421806842e-07, 1.7022167747156274e-07, 1.597235292034029e-07, 1.4988244550574176e-07, 1.4059085051506367e-07, 1.3177625411856754e-07, 1.2352607698190757e-07]
W_list: [6]
L_list: [16.658202433360486]
