R_list= [ 1  2  3  4  5  6  7  8  9 10 11 12 13 14 15 16 17 18 19 20 21 22 23 24
 25 26 27 28 29 30 31 32 33 34 35 36 37 38]
C_final_list= [3.133166230698484e-05, 2.3717854993920254e-05, 1.7846271957228223e-05, 1.3416454185287927e-05, 1.0065913597352612e-05, 7.5407278185360105e-06, 5.6520112729107075e-06, 4.2284076157957386e-06, 3.1684029418419664e-06, 2.3763853599505253e-06, 1.7835071740580223e-06, 1.3373112733951657e-06, 1.001328395420931e-06, 7.492195185026627e-07, 5.599603443602516e-07, 4.185349360474975e-07, 3.133813842934621e-07, 2.3456971602678593e-07, 1.7499561443781732e-07, 1.3073685620291722e-07, 9.782848709175678e-08, 7.33474910813465e-08, 5.4977052226067317e-08, 4.124836953153158e-08, 3.081321520427746e-08, 2.3161203415666573e-08, 1.729831807056523e-08, 1.2947433462912599e-08, 9.643652689343705e-09, 7.208522161872689e-09, 5.412724069333542e-09, 4.077782406185582e-09, 3.0777786691234356e-09, 2.3415216839703367e-09, 1.7702431840017846e-09, 1.3306121852932038e-09, 1.0013505056899033e-09, 7.497382021316436e-10]
W_list: [8.15]
L_list: [3.5080747461176935]
