R_list= [ 1  2  3  4  5  6  7  8  9 10 11 12 13 14 15 16 17 18 19 20 21 22 23 24
 25 26 27 28 29 30 31 32 33 34 35 36 37 38]
C_final_list= [8.335009303989041e-07, 4.912664532268864e-07, 2.902081640903826e-07, 1.6902842282306792e-07, 9.787081808396969e-08, 5.7453260372063115e-08, 3.334124601282652e-08, 1.9584741658921753e-08, 1.163780981160556e-08, 6.6795812710934396e-09, 3.7782933033197595e-09, 2.1374952216017686e-09, 1.2207524095040845e-09, 6.857401496849789e-10, 3.833707011794706e-10, 2.2029130619330044e-10, 1.2694327705337463e-10, 7.308518211292967e-11, 4.127415353076018e-11, 2.3521757989787535e-11, 1.3856387712286028e-11, 7.342537318214121e-12, 4.080485718172128e-12, 2.306669449447166e-12, 1.2959976869181604e-12, 7.425980544048934e-13, 4.0823743725447637e-13, 2.3472826033237427e-13, 1.2918478373346292e-13, 7.381473782468187e-14, 4.258246404128683e-14, 2.4662484846212617e-14, 1.4338207668921527e-14, 7.581717656004487e-15, 4.077072350108561e-15, 2.2265959714256644e-15, 1.1548055793616947e-15, 5.470861741566219e-16]
W_list: [8.8]
L_list: [1.8818285736445077]
