C_final_list: [1.5833658429581447e-06, 1.2658019778676265e-06, 1.0075381974207361e-06, 8.049993397626575e-07, 6.430265644881578e-07, 5.119260724859383e-07, 4.073378735031716e-07, 3.238016615374614e-07, 2.566008355159361e-07, 2.033257383176193e-07, 1.6047804088019559e-07, 1.2676080735491024e-07, 1.0003904870241582e-07, 7.823024949385518e-08, 6.099919889599367e-08, 4.7849461202601736e-08, 3.739195007107034e-08, 2.9477115143759937e-08, 2.3023670308013826e-08, 1.7963774882234788e-08, 1.4056299422142384e-08, 1.0926687549308816e-08, 8.534786181714304e-09, 6.6667680079370105e-09, 5.225965472653631e-09, 4.0945074347999406e-09, 3.2097385762114756e-09, 2.5016770979094523e-09, 1.950070533335945e-09, 1.5174413214125771e-09, 1.1782403737349958e-09, 9.181424032008598e-10, 7.159298668307134e-10, 5.653696176952717e-10, 4.439762364357098e-10]
ndim2: 500
W_list: [4.0]
L_list: [4.391622508228425]
