R_list= [ 1  2  3  4  5  6  7  8  9 10 11 12 13 14 15 16 17 18 19 20 21 22 23 24
 25 26 27 28 29 30 31 32]
C_final_list= [7.799579153259334e-07, 7.272417432006569e-07, 6.766307795285795e-07, 6.283296723708517e-07, 5.836212674334982e-07, 5.414829980056832e-07, 5.021567767954788e-07, 4.657817636302915e-07, 4.3201895574440553e-07, 4.0030743031252875e-07, 3.709037971592937e-07, 3.435526570893217e-07, 3.180601277216893e-07, 2.942626148657261e-07, 2.721931157314788e-07, 2.517887003197701e-07, 2.3277019913686744e-07, 2.152236233513008e-07, 1.9887725715292417e-07, 1.837605246395617e-07, 1.6982442331545323e-07, 1.569592600944313e-07, 1.4505062977180856e-07, 1.3399771418515547e-07, 1.2379012507930749e-07, 1.1429054426845868e-07, 1.0557914516833016e-07, 9.753525578755884e-08, 8.994190588665453e-08, 8.284718645577837e-08, 7.633643392040446e-08, 7.033956115004208e-08]
W_list: [6]
L_list: [13.109349912837983]
