C_list:
2.010528162071323e-06 0.0916211498406808
ndim2: 500
W_list: [1.7999999999999998]
L_list: [10.914510478627381]
