R_list= [ 1  2  3  4  5  6  7  8  9 10 11 12 13 14 15 16 17 18 19 20 21 22 23 24
 25 26 27 28 29 30 31 32 33 34 35 36 37 38]
C_final_list= [4.419391908316288e-07, 4.056721740212066e-07, 3.6954337837174665e-07, 3.3564861914535947e-07, 3.043556296422695e-07, 2.7575511864892624e-07, 2.4977886390437703e-07, 2.262927988981443e-07, 2.050530459669483e-07, 1.8555670220837408e-07, 1.6807697377222386e-07, 1.5229235964789222e-07, 1.3805405213704911e-07, 1.2508864380010067e-07, 1.133762577838839e-07, 1.0263693859593618e-07, 9.281845840157881e-08, 8.383895653868405e-08, 7.576292055423371e-08, 6.845559116547632e-08, 6.179536526233735e-08, 5.571534195033798e-08, 5.0220616997547314e-08, 4.5252941515503424e-08, 4.0755519018856654e-08, 3.6676262987596365e-08, 3.3006244081908373e-08, 2.9684615528683178e-08, 2.668610848965269e-08, 2.3986522324951612e-08, 2.157253558950411e-08, 1.9393238544393912e-08, 1.7444403144124175e-08, 1.5678186440118888e-08, 1.4082870824087762e-08, 1.2632777901021877e-08, 1.1336457247643155e-08, 1.017599074495156e-08]
W_list: [7]
L_list: [10.149033853321665]
