C_list:
1.7076636884221457e-06 0.05309769766250745
ndim2: 500
W_list: [1.7999999999999998]
L_list: [18.833208293814685]
