R_list= [ 1  2  3  4  5  6  7  8  9 10 11 12 13 14 15 16 17 18 19 20 21 22 23 24
 25 26 27 28 29 30 31 32 33 34 35 36 37 38]
C_final_list= [9.686725641822884e-07, 8.148527467965129e-07, 6.931529345527009e-07, 5.868827403193267e-07, 4.972171890395385e-07, 4.207465637526747e-07, 3.556001275161207e-07, 3.0056159419133166e-07, 2.539070374174337e-07, 2.1452010365676822e-07, 1.8109360413489284e-07, 1.5273619445193778e-07, 1.2886018001392318e-07, 1.0861058251008938e-07, 9.156281666302524e-08, 7.714545463061783e-08, 6.497895075310352e-08, 5.4733539120785946e-08, 4.6111879744821244e-08, 3.88018136599042e-08, 3.247287851168694e-08, 2.71757240392709e-08, 2.2741539080589456e-08, 1.9027646513187848e-08, 1.5884359058679717e-08, 1.325726418285988e-08, 1.1047138951422135e-08, 9.202555056477229e-09, 7.670050048865481e-09, 6.377291229838702e-09, 5.315142644185801e-09, 4.446546010348096e-09, 3.7207969618676443e-09, 3.1013290509712384e-09, 2.5793403388465237e-09, 2.1570094157480854e-09, 1.802977466848908e-09, 1.5072273116757993e-09]
W_list: [6]
L_list: [5.9625061934193235]
