C_final_list: [2.3201569496482985e-06, 2.236617652206601e-06, 2.1531463181435055e-06, 2.072795888212851e-06, 1.995342396003942e-06, 1.9220263356011244e-06, 1.8499136212788094e-06, 1.7818049151992012e-06, 1.717309992350708e-06, 1.6555858296180613e-06, 1.5950996051564397e-06, 1.5365821777859503e-06, 1.4795778587721139e-06, 1.4245450936505171e-06, 1.3724566400147374e-06, 1.3220691620705148e-06, 1.2726878752569528e-06, 1.224658926731692e-06, 1.1790423162629201e-06, 1.1345023359170993e-06, 1.091964578621578e-06, 1.0506908253475262e-06, 1.0110054272695492e-06, 9.728451218197883e-07, 9.358625782899694e-07, 9.001668875899424e-07, 8.658301746214464e-07, 8.328959472393338e-07, 8.010099953438888e-07, 7.703308853837817e-07, 7.408397207505437e-07, 7.12457026465107e-07, 6.851160767306719e-07, 6.586411372610377e-07, 6.332453125244912e-07, 6.089365578262505e-07, 5.853683240149111e-07, 5.626690762999348e-07, 5.407989712725583e-07, 5.197068603892128e-07, 4.994488387145176e-07, 4.79909409461996e-07, 4.6092764095813413e-07, 4.428083196856961e-07, 4.252854461596142e-07, 4.0842178932421926e-07, 3.9225683937004044e-07, 3.767672372653545e-07, 3.615892805101242e-07, 3.471307518287468e-07]
ndim2: 500
W_list: [2.2]
L_list: [26.16269997783449]
