R_list= [ 1  2  3  4  5  6  7  8  9 10 11 12 13 14 15 16 17 18 19 20 21 22 23 24
 25 26 27 28 29 30 31 32 33 34 35 36 37 38]
C_final_list= [2.5112104446702516e-06, 1.9393780732675735e-06, 1.4817501254104128e-06, 1.1240936103320524e-06, 8.518504954604629e-07, 6.44717219758026e-07, 4.889606753373968e-07, 3.7066710981988355e-07, 2.791557826935073e-07, 2.103968780593987e-07, 1.582071690452423e-07, 1.1853730701818139e-07, 8.865915412806731e-08, 6.612694012605149e-08, 4.9287075220461405e-08, 3.662897303217066e-08, 2.7192228254588245e-08, 2.0196697595308323e-08, 1.49849964229732e-08, 1.1135551146762175e-08, 8.243412546824304e-09, 6.098288468953189e-09, 4.525465634471647e-09, 3.379975797617112e-09, 2.5399850245169266e-09, 1.9086439532707765e-09, 1.4260552683181848e-09, 1.0570704894124522e-09, 7.853092821156785e-10, 5.788117052597461e-10, 4.2804679817612584e-10, 3.1787462228956047e-10, 2.365954488310747e-10, 1.7666595001238077e-10, 1.312592675534219e-10, 9.792950403533009e-11, 7.40141234796466e-11, 5.645663648272759e-11]
W_list: [9.0]
L_list: [3.6652658889101803]
