C_final_list: [1.4732114142131413e-06, 1.193702184854074e-06, 9.571069168414474e-07, 7.636976633290857e-07, 6.130477733257803e-07, 4.892016330489461e-07, 3.911175391365218e-07, 3.1192744323171354e-07, 2.4935411684046854e-07, 1.9941695958133933e-07, 1.5962032445325462e-07, 1.279143831993805e-07, 1.0225777924769972e-07, 8.207169735459481e-08, 6.510882090128648e-08, 5.150189088434689e-08, 4.066568575902574e-08, 3.24304084829462e-08, 2.5945005812797318e-08, 2.0650732786284404e-08, 1.636665169282108e-08, 1.2884766881911435e-08, 1.0175162246239251e-08, 8.070560648433928e-09, 6.449806081911835e-09, 5.083989836878505e-09, 4.049460778830974e-09, 3.2118644868070374e-09, 2.5487854174364884e-09, 2.018366962222359e-09, 1.5997215002229223e-09, 1.2711808072713734e-09, 1.0063313261926275e-09, 7.925488421743986e-10, 6.175035551708978e-10]
ndim2: 500
W_list: [2.8]
L_list: [4.509774440862569]
