C_list:
1.4822900703153488e-06 0.010454610219450296
ndim2: 500
W_list: [1.4]
L_list: [95.65158136068511]
