C_final_list: [1.9714569081850585e-06, 1.7173515318997124e-06, 1.490332051261314e-06, 1.2977943819314069e-06, 1.129336099269779e-06, 9.843824656632813e-07, 8.564872575371717e-07, 7.449004276426262e-07, 6.494049960319685e-07, 5.640293503108712e-07, 4.899696191946444e-07, 4.271874200730814e-07, 3.700492198011493e-07, 3.2058071167804544e-07, 2.772555128503398e-07, 2.391779070727531e-07, 2.0623637187834333e-07, 1.7785115711042436e-07, 1.5336424248745616e-07, 1.3250315182453564e-07, 1.1451393047366808e-07, 9.935101221400566e-08, 8.565548266726172e-08, 7.389994593272832e-08, 6.391575014387182e-08, 5.532265328972336e-08, 4.7892220277873956e-08, 4.1421786497277376e-08, 3.584165727443971e-08, 3.088455096480674e-08, 2.6779333251003184e-08, 2.316909009864937e-08, 2.002296656409693e-08, 1.7355625488800836e-08, 1.4980519805243537e-08, 1.29506270746022e-08, 1.1167914083078565e-08, 9.608241017079352e-09, 8.301131706067752e-09, 7.1856936227068785e-09, 6.18854340135291e-09, 5.327326299477659e-09, 4.5960894597712975e-09, 3.942379238938953e-09, 3.385271094387131e-09, 2.8996012281990083e-09, 2.4831632129552996e-09, 2.115691958898206e-09, 1.804526733610954e-09, 1.5472058034169967e-09]
ndim2: 500
W_list: [3.15]
L_list: [7.136690075880375]
