C_list:
1.5241817447969968e-06 0.1471454110910234
ndim2: 500
W_list: [3.2]
L_list: [6.795998547188163]
