R_list= [ 1  2  3  4  5  6  7  8  9 10 11 12 13 14 15 16 17 18 19 20 21 22 23 24
 25 26 27 28 29 30 31 32 33 34 35 36 37 38]
C_final_list= [6.709000841295492e-06, 5.77061043025728e-06, 4.916258705439935e-06, 4.174227580557833e-06, 3.536137285810018e-06, 2.9934582821013258e-06, 2.5293531413481518e-06, 2.136555975826562e-06, 1.8050089747309285e-06, 1.523912181024661e-06, 1.2854339408623419e-06, 1.0834309514377079e-06, 9.134085389706317e-07, 7.702976137941636e-07, 6.488810571706059e-07, 5.468569127783226e-07, 4.60688859596838e-07, 3.874629252034254e-07, 3.2607206772988177e-07, 2.744257832539365e-07, 2.3084704508278453e-07, 1.943571445253208e-07, 1.637655226400792e-07, 1.380082510762192e-07, 1.1630580871238257e-07, 9.803912786992497e-08, 8.251380167941837e-08, 6.945274771500931e-08, 5.8362485519029724e-08, 4.9042264409365645e-08, 4.120549141867077e-08, 3.473250166129121e-08, 2.9300304869692093e-08, 2.4661588305326433e-08, 2.0757929165914614e-08, 1.7463157610842997e-08, 1.4686990825181386e-08, 1.2330203460928258e-08]
W_list: [8.1]
L_list: [6.041462978985823]
