C_list:
9.540797331854167e-07 0.12755478481669444
ndim2: 500
W_list: [3.6]
L_list: [7.839768625199542]
