R_list= [ 1  2  3  4  5  6  7  8  9 10 11 12 13 14 15 16 17 18 19 20 21 22 23 24
 25 26 27 28 29 30 31 32 33 34 35 36 37 38]
C_final_list= [1.163880791120406e-06, 1.0652142354200672e-06, 9.880674315787908e-07, 9.167465384240013e-07, 8.487655707432669e-07, 7.853821851372018e-07, 7.276900881635574e-07, 6.741594917202352e-07, 6.247318146686459e-07, 5.788178700681713e-07, 5.359799001396867e-07, 4.963220523932499e-07, 4.597035372591526e-07, 4.253937106164031e-07, 3.9373446159694684e-07, 3.6420028767506803e-07, 3.3693516677987005e-07, 3.1166542994300975e-07, 2.8826451471283776e-07, 2.664689911505075e-07, 2.4618522279245723e-07, 2.273529762327766e-07, 2.0983872597310378e-07, 1.9371699211927673e-07, 1.7891533330539432e-07, 1.652221063848497e-07, 1.5241184228799434e-07, 1.4057679813478865e-07, 1.297692038515156e-07, 1.1981756819177664e-07, 1.1053014328372369e-07, 1.0194556238391681e-07, 9.400843879660964e-08, 8.670376117413985e-08, 7.99187119907043e-08, 7.364552885335935e-08, 6.788337927270747e-08, 6.25160862667981e-08]
W_list: [5]
L_list: [12.894121820600141]
