R_list= [ 1  2  3  4  5  6  7  8  9 10 11 12 13 14 15 16 17 18 19 20 21 22 23 24
 25 26 27 28 29 30]
C_final_list= [2.726395246234381e-07, 2.0975184717810497e-07, 1.5954748879793224e-07, 1.2173379622622966e-07, 9.26366527713136e-08, 7.004669692082798e-08, 5.2835518771336104e-08, 3.9811833744903044e-08, 2.984944644346771e-08, 2.2382497230900958e-08, 1.6844996478622804e-08, 1.2698360179690959e-08, 9.566045010910604e-09, 7.219476081083595e-09, 5.434772400357545e-09, 4.0856070740795476e-09, 3.069979656964335e-09, 2.309689291432957e-09, 1.742807307754927e-09, 1.3150506597395431e-09, 9.882284849769613e-10, 7.376594404050595e-10, 5.497565509923421e-10, 4.08928056253433e-10, 3.0460710396715046e-10, 2.2713683064248702e-10, 1.7016744243079641e-10, 1.2736685831077362e-10, 9.523864738474034e-11, 7.117466596036332e-11]
W_list: [6]
L_list: [3.654988127392141]
