R_list= [ 1  2  3  4  5  6  7  8  9 10 11 12 13 14 15 16 17 18 19 20 21 22 23 24
 25 26 27 28 29 30 31 32]
C_final_list= [2.5206949651997e-07, 1.666708675726281e-07, 1.0560863873376353e-07, 6.644127477211281e-08, 4.1764056775121115e-08, 2.6049141997117613e-08, 1.6105507916287907e-08, 9.845315084916892e-09, 5.972269195337704e-09, 3.6240850082642603e-09, 2.1953163592963925e-09, 1.3198304470568719e-09, 7.913908834801123e-10, 4.769541035318547e-10, 2.89022930996061e-10, 1.7658647157710555e-10, 1.0803370510512757e-10, 6.677353645332259e-11, 4.1282861647535326e-11, 2.578330683320158e-11, 1.6504577301766745e-11, 1.0630892958097812e-11, 6.70689828705846e-12, 4.099065101087285e-12, 2.5038892544264633e-12, 1.541962411596814e-12, 9.536422140576213e-13, 6.053623576791044e-13, 4.000996251345203e-13, 2.6178277676552913e-13, 1.6361603735417566e-13, 9.927739757197972e-14]
W_list: [6]
L_list: [2.2450796655924514]
