R_list= [ 1  2  3  4  5  6  7  8  9 10 11 12 13 14 15 16 17 18 19 20 21 22 23 24
 25 26 27 28 29 30 31 32 33 34 35 36 37 38]
C_final_list= [3.264549173717806e-05, 2.5085334236529022e-05, 1.910428139591293e-05, 1.451855742637661e-05, 1.1032827258924708e-05, 8.371683413541173e-06, 6.343439618552306e-06, 4.802627150370461e-06, 3.6332277438875658e-06, 2.750908274115867e-06, 2.0791457964663702e-06, 1.571814690201887e-06, 1.1864250944122121e-06, 8.947423087058874e-07, 6.760729289199522e-07, 5.099662523265362e-07, 3.8506395995804985e-07, 2.9090110683808715e-07, 2.192075516283203e-07, 1.653552397251686e-07, 1.2481636277227794e-07, 9.414538684896234e-08, 7.105141709514841e-08, 5.36687369422358e-08, 4.063342575446132e-08, 3.07967906216066e-08, 2.329048269532495e-08, 1.764429985138389e-08, 1.338048426207209e-08, 1.0156120479270039e-08, 7.712647782119966e-09, 5.8301952896793545e-09, 4.400045131998824e-09, 3.3323078726713954e-09, 2.507974888510612e-09, 1.874208801859004e-09, 1.3910388304347896e-09, 1.030490530638893e-09]
W_list: [8.0]
L_list: [3.662375166915823]
