R_list= [ 1  2  3  4  5  6  7  8  9 10 11 12 13 14 15 16 17 18 19 20 21 22 23 24
 25 26 27 28 29 30 31 32 33 34 35 36 37 38]
C_final_list= [1.8173355074254287e-07, 7.8565574635443e-08, 2.766079655974475e-08, 8.777530500577202e-09, 2.641041755577336e-09, 7.625360854121101e-10, 2.1295712944743287e-10, 5.790210492914802e-11, 1.5422256791406945e-11, 4.0436715101457866e-12, 1.0605590453443766e-12, 2.8167389356428914e-13, 7.652813119867878e-14, 2.0825841848795647e-14, 5.460440450570014e-15, 1.4141647766038388e-15, 3.6753066403649644e-16, 9.710806828070553e-17, 2.567260655703154e-17, 6.784636134304977e-18, 1.7732275904321133e-18, 4.584622972633847e-19, 1.195311462408864e-19, 3.3730044947045847e-20, 1.0018770157563988e-20, 2.687714458599513e-21, 6.60462121620828e-22, 1.6385959543197253e-22, 3.95027836036451e-23, 9.838253014912e-24, 2.674416885719988e-24, 8.550111621092743e-25, 3.752622358715151e-25, 2.209647785692594e-25, 1.359138272448207e-25, 9.760524956941128e-26, 8.778014200963882e-26, 8.320758225438665e-26]
W_list: [6]
L_list: [1.1075573919088937]
