C_final_list: [1.5437544130807441e-06, 1.5142797313252548e-06, 1.4846094105860568e-06, 1.456201924134517e-06, 1.428432984177554e-06, 1.4011420180383507e-06, 1.3744820081321512e-06, 1.3485017418262209e-06, 1.3233041074679784e-06, 1.2982530734245416e-06, 1.2741112891272792e-06, 1.2502080838987004e-06, 1.2267193756796736e-06, 1.2037576681791415e-06, 1.1810326232490847e-06, 1.158959695205567e-06, 1.13720352213955e-06, 1.1158346972237668e-06, 1.094904366335849e-06, 1.074450400504793e-06, 1.0543016080493635e-06, 1.0346234698078563e-06, 1.015378153900427e-06, 9.964927548900685e-07, 9.77965714492654e-07, 9.596887768978065e-07, 9.416449045640707e-07, 9.238724826427051e-07, 9.061966999086609e-07, 8.890958862916706e-07, 8.72241787759792e-07, 8.55731921968333e-07, 8.396119641322536e-07, 8.234826483990678e-07, 8.077400898485886e-07, 7.922385379169548e-07, 7.770545895798035e-07, 7.621289131148288e-07, 7.473806734371918e-07, 7.329268739645487e-07, 7.187302754556661e-07, 7.047019865436296e-07, 6.908860081319285e-07, 6.773458986158821e-07, 6.640043301294018e-07, 6.510120623352003e-07, 6.382387480602966e-07, 6.256135402683143e-07, 6.132400615608152e-07, 6.012024792986361e-07]
ndim2: 500
W_list: [3.2]
L_list: [52.38441962157119]
