R_list= [ 1  2  3  4  5  6  7  8  9 10 11 12 13 14 15 16 17 18 19 20 21 22 23 24
 25 26 27 28 29 30 31 32]
C_final_list= [6.692729594033551e-07, 5.911090059366065e-07, 5.264774929973607e-07, 4.669116539571595e-07, 4.1355183051116105e-07, 3.666177990759273e-07, 3.2521690008335093e-07, 2.87767490920264e-07, 2.542465843864081e-07, 2.2476508443115327e-07, 1.9853856637823488e-07, 1.7514204471996392e-07, 1.5455365315777043e-07, 1.3618454916012195e-07, 1.199782865465418e-07, 1.0576142200306141e-07, 9.315034921706186e-08, 8.197478017858205e-08, 7.207767787618159e-08, 6.335065676590011e-08, 5.5627682067331514e-08, 4.8848989380099665e-08, 4.288933831914986e-08, 3.763293850705586e-08, 3.300951682519612e-08, 2.8936517508279042e-08, 2.538802476233426e-08, 2.22522856669559e-08, 1.9513036783008045e-08, 1.7099245251927856e-08, 1.4957783916664566e-08, 1.3072183477916142e-08]
W_list: [6]
L_list: [8.150539505185424]
