R_list= [ 1  2  3  4  5  6  7  8  9 10 11 12 13 14 15 16 17 18 19 20 21 22 23 24
 25 26 27 28 29 30 31 32 33 34 35 36 37 38]
C_final_list= [2.2750357297311154e-06, 1.9978554634908885e-06, 1.7375509382923335e-06, 1.5045822492463208e-06, 1.2986023835066797e-06, 1.119881600090025e-06, 9.656827592710674e-07, 8.315872483642633e-07, 7.162776251858698e-07, 6.163735997873235e-07, 5.304438297152983e-07, 4.5623724469916913e-07, 3.9213634449196853e-07, 3.3689078902679e-07, 2.8888810863364736e-07, 2.47440328696475e-07, 2.1177523383948308e-07, 1.8119199715062958e-07, 1.5494482570763093e-07, 1.3253736681875763e-07, 1.1344617438234006e-07, 9.705687952098891e-08, 8.293751650293549e-08, 7.080762056721828e-08, 6.04935009511551e-08, 5.169694171860592e-08, 4.4119158778246345e-08, 3.765375535683498e-08, 3.2121378683859635e-08, 2.737788176171001e-08, 2.3340224063161825e-08, 1.9913581574063693e-08, 1.6988555829192717e-08, 1.449856416894905e-08, 1.237553736129907e-08, 1.0551734227436544e-08, 8.986233092905063e-09, 7.661202995149621e-09]
W_list: [8.3]
L_list: [6.807171718690684]
