C_final_list: [1.0692356640718378e-06, 9.80781106967416e-07, 8.944049735146654e-07, 8.14459400577916e-07, 7.423999299325676e-07, 6.759662378295131e-07, 6.152074182239014e-07, 5.601353229758345e-07, 5.101622125284467e-07, 4.650925908072114e-07, 4.240414730687677e-07, 3.866186725936523e-07, 3.525885520073576e-07, 3.21509881160301e-07, 2.92656126309151e-07, 2.6634440584087246e-07, 2.424271187302545e-07, 2.2054766716228824e-07, 2.0053799958611905e-07, 1.8220403494915569e-07, 1.6570145465363724e-07, 1.503774252166122e-07, 1.3635246440060115e-07, 1.235522558151319e-07, 1.1179783492893133e-07, 1.0121066439984289e-07, 9.153545112094138e-08, 8.270710460013499e-08, 7.479617217841925e-08, 6.763453761556362e-08, 6.112288705599512e-08, 5.524449142004725e-08, 4.9906642437593436e-08, 4.517897560895221e-08, 4.089967955285386e-08]
ndim2: 500
W_list: [3.8]
L_list: [10.690577027056417]
