R_list= [ 1  2  3  4  5  6  7  8  9 10 11 12 13 14 15 16 17 18 19 20 21 22 23 24
 25 26 27 28 29 30 31 32]
C_final_list= [7.726756563469763e-07, 7.203945815012501e-07, 6.6957731775656e-07, 6.2207433472983e-07, 5.77721051783377e-07, 5.367351151837288e-07, 4.982377591109073e-07, 4.6224083016473587e-07, 4.285997957708969e-07, 3.973819140826839e-07, 3.6835748830548856e-07, 3.4137627865243136e-07, 3.1622970363734444e-07, 2.9306757914842063e-07, 2.715599297757702e-07, 2.5186709508175947e-07, 2.3345114355560012e-07, 2.1634859677455855e-07, 2.002979397300918e-07, 1.8532389563244913e-07, 1.713907990677308e-07, 1.5853962046964693e-07, 1.4659086204450827e-07, 1.3554479263654608e-07, 1.2532322136072025e-07, 1.1584625374596483e-07, 1.0711574013482247e-07, 9.89930421383913e-08, 9.15501725170511e-08, 8.457896773924379e-08, 7.816005301529976e-08, 7.22065376697041e-08]
W_list: [6]
L_list: [13.250786743365236]
