R_list= [ 1  2  3  4  5  6  7  8  9 10 11 12 13 14 15 16 17 18 19 20 21 22 23 24
 25 26 27 28 29 30 31 32 33 34 35 36 37 38]
C_final_list= [6.012734381989896e-06, 5.094051534261846e-06, 4.275817819762929e-06, 3.5736566901578946e-06, 2.9785945235921704e-06, 2.479564721747903e-06, 2.063044065181118e-06, 1.7158325146449836e-06, 1.4249189114925958e-06, 1.1826192727673173e-06, 9.817637709553728e-07, 8.148289132073179e-07, 6.762231802890341e-07, 5.612073691368453e-07, 4.6548412577530354e-07, 3.857964856378361e-07, 3.196766333606453e-07, 2.650527935994308e-07, 2.1985204613085495e-07, 1.8216979703388135e-07, 1.5086147535239916e-07, 1.249424916893296e-07, 1.0350170642526343e-07, 8.570212879731762e-08, 7.10286362919873e-08, 5.8913433820915323e-08, 4.895419479282512e-08, 4.068188680186332e-08, 3.3872277562622074e-08, 2.8159426700213154e-08, 2.3383797975850665e-08, 1.9426268391366998e-08, 1.6150065615509177e-08, 1.3434819561250977e-08, 1.1185384403107665e-08, 9.33450209921421e-09, 7.806936205672344e-09, 6.528119746066334e-09]
W_list: [8.35]
L_list: [5.529394097312575]
