R_list= [ 1  2  3  4  5  6  7  8  9 10 11 12 13 14 15 16 17 18 19 20 21 22 23 24
 25 26 27 28 29 30 31 32 33 34 35 36 37 38]
C_final_list= [2.1259722029801203e-05, 1.7312958636299505e-05, 1.3976492782896699e-05, 1.1246062873850493e-05, 9.03971765115357e-06, 7.25552493208381e-06, 5.814020421101312e-06, 4.655121526176053e-06, 3.7233983109955464e-06, 2.9781686297383783e-06, 2.3814727426785488e-06, 1.9031831531507874e-06, 1.518357067368052e-06, 1.2115989808240606e-06, 9.66058099109765e-07, 7.709782061588912e-07, 6.153424370635975e-07, 4.909770509167878e-07, 3.9136251015343206e-07, 3.1231477106083615e-07, 2.493291649834525e-07, 1.9883292975339308e-07, 1.585256629620239e-07, 1.2600471163617816e-07, 1.0020052416922354e-07, 7.9795793891104e-08, 6.350177180584345e-08, 5.056795713147798e-08, 4.038466511879222e-08, 3.226477352822046e-08, 2.5798120490991607e-08, 2.0594151324881556e-08, 1.6426359800652013e-08, 1.313011089769262e-08, 1.0486360288824133e-08, 8.353515555330701e-09, 6.631992620009878e-09, 5.274117498962196e-09]
W_list: [8.25]
L_list: [4.597595644769366]
