R_list= [ 1  2  3  4  5  6  7  8  9 10 11 12 13 14 15 16 17 18 19 20 21 22 23 24
 25 26 27 28 29 30 31 32 33 34 35 36 37 38]
C_final_list= [1.7647689358840524e-06, 1.5242005947412294e-06, 1.331427307345138e-06, 1.1851396959468185e-06, 1.0592685322627347e-06, 9.448610055671115e-07, 8.428631780614736e-07, 7.53134106256696e-07, 6.727730343287703e-07, 6.001756222910795e-07, 5.347287789843582e-07, 4.764603400491792e-07, 4.24338466757469e-07, 3.77580260744246e-07, 3.359933317330934e-07, 2.990041850544081e-07, 2.6569552772377624e-07, 2.3561500584128308e-07, 2.0887522942355584e-07, 1.8531834363636992e-07, 1.645552931842863e-07, 1.4585770288035595e-07, 1.2899438717155816e-07, 1.1397078724697398e-07, 1.0068008477011018e-07, 8.913913199182632e-08, 7.903722826540739e-08, 7.003958590382334e-08, 6.185235150648288e-08, 5.457556125633439e-08, 4.81714605952075e-08, 4.254481027870397e-08, 3.7587858778951165e-08, 3.3192810061769484e-08, 2.92712767745624e-08, 2.5810225665756154e-08, 2.276839138671722e-08, 2.0066573612898403e-08]
W_list: [4]
L_list: [8.469610050407686]
