R_list= [ 1  2  3  4  5  6  7  8  9 10 11 12 13 14 15 16 17 18 19 20 21 22 23 24
 25 26 27 28 29 30 31 32 33 34 35 36 37 38]
C_final_list= [6.320927900646142e-06, 5.4059137337488135e-06, 4.5800807889176905e-06, 3.861869843217209e-06, 3.2516798144526412e-06, 2.7336155692647397e-06, 2.2960240484256985e-06, 1.927641587285595e-06, 1.6155472056276244e-06, 1.3538117509143707e-06, 1.1352616268771995e-06, 9.519047948269322e-07, 7.973775234012906e-07, 6.682119039511032e-07, 5.601448382384061e-07, 4.695315848685074e-07, 3.9293899985190936e-07, 3.2868801212494594e-07, 2.7487778181176576e-07, 2.298200493400287e-07, 1.9245995621579315e-07, 1.6107447477230265e-07, 1.349120852411632e-07, 1.1288201266128881e-07, 9.452408385584924e-08, 7.922871807407193e-08, 6.639823843153793e-08, 5.562393553326578e-08, 4.658657701783845e-08, 3.9046977132458524e-08, 3.2673258289734476e-08, 2.7333134003913157e-08, 2.286943581979528e-08, 1.9103565289257388e-08, 1.5969250160846044e-08, 1.3344741209107924e-08, 1.1164216913306872e-08, 9.348339409940207e-09]
W_list: [8.2]
L_list: [5.826479193930654]
