R_list= [ 1  2  3  4  5  6  7  8  9 10 11 12 13 14 15 16 17 18 19 20 21 22 23 24
 25 26 27 28 29 30 31 32 33 34 35 36 37 38]
C_final_list= [4.774807704822284e-06, 4.093611130584037e-06, 3.488043927251386e-06, 2.9619460804274144e-06, 2.5147868311842824e-06, 2.1332847151683966e-06, 1.806895780783579e-06, 1.5327547026792857e-06, 1.2993933911793908e-06, 1.1028311879677404e-06, 9.349167089640699e-07, 7.923955202079346e-07, 6.692035851394584e-07, 5.646888808841984e-07, 4.762097002580646e-07, 4.0191552676458976e-07, 3.3906030376945903e-07, 2.8579147623413905e-07, 2.410669747798762e-07, 2.0338625958295738e-07, 1.7162488085381706e-07, 1.4475862774595823e-07, 1.2197989135343192e-07, 1.0274991886351078e-07, 8.650825800826637e-08, 7.279297922056277e-08, 6.137253677260257e-08, 5.174132252377202e-08, 4.350883425227348e-08, 3.661114190062845e-08, 3.081960436439765e-08, 2.5974377679486905e-08, 2.1938600095830955e-08, 1.8507250337450857e-08, 1.5618631864299456e-08, 1.3179118467747167e-08, 1.1161661481457518e-08, 9.437350180360373e-09]
W_list: [7.4]
L_list: [6.106431146095004]
