R_list= [ 1  2  3  4  5  6  7  8  9 10 11 12 13 14 15 16 17 18 19 20 21 22 23 24
 25 26 27 28 29 30 31 32 33 34 35 36 37 38]
C_final_list= [3.009272944152922e-06, 2.250783731003577e-06, 1.5757853719742706e-06, 1.0865537967670157e-06, 7.529512300592224e-07, 5.266178516904815e-07, 3.70835152869223e-07, 2.616452159593308e-07, 1.845280341737089e-07, 1.2996309290125065e-07, 9.158053464630318e-08, 6.453674674572453e-08, 4.554177253494979e-08, 3.210065364698624e-08, 2.2557445614839386e-08, 1.5801914098101262e-08, 1.1008833050323067e-08, 7.611448657702272e-09, 5.261693578134991e-09, 3.6533604126452325e-09, 2.538197622893634e-09, 1.7633318836430048e-09, 1.2263467914804072e-09, 8.544787457828052e-10, 5.979587395980026e-10, 4.1903600145884297e-10, 2.920834461580397e-10, 2.0119193961061764e-10, 1.3674645178387514e-10, 9.183242838824075e-11, 6.139903903128923e-11, 4.11077988240007e-11, 2.7592954894439777e-11, 1.8480186513219136e-11, 1.2307604157024822e-11, 8.155054884104793e-12, 5.406912751977221e-12, 3.586081930659549e-12]
W_list: [4]
L_list: [2.910572847749484]
