C_list:
1.8141478890098799e-06 0.33220223270699906
ndim2: 500
W_list: [4.2]
L_list: [3.0102145667455393]
