R_list= [ 1  2  3  4  5  6  7  8  9 10 11 12 13 14 15 16 17 18 19 20 21 22 23 24
 25 26 27 28 29 30 31 32 33 34 35 36 37 38]
C_final_list= [5.873153923514576e-07, 4.809530910623732e-07, 3.9191491782481587e-07, 3.1924047905361526e-07, 2.598076239865828e-07, 2.113502187606708e-07, 1.720179327448896e-07, 1.4021736910440028e-07, 1.1398566190924365e-07, 9.271516285766914e-08, 7.4992681241654e-08, 6.044873790249066e-08, 4.867163665774508e-08, 3.9209150564946245e-08, 3.1576641617159475e-08, 2.537786884981522e-08, 2.0391549452383208e-08, 1.641514693777019e-08, 1.3157394357697768e-08, 1.0552496711361501e-08, 8.449973196616372e-09, 6.770661348399128e-09, 5.435226487390047e-09, 4.335344428269294e-09, 3.452464019652401e-09, 2.7533662607696856e-09, 2.20528334323103e-09, 1.7705981340697474e-09, 1.423921341074716e-09, 1.1431539315412572e-09, 9.184629383765584e-10, 7.397123070295519e-10, 5.950658597254974e-10, 4.765987412378477e-10, 3.8008590098506624e-10, 3.028645546505667e-10, 2.4301272596973983e-10, 1.966909920999089e-10]
W_list: [7.2]
L_list: [4.85678049259567]
