R_list= [ 1  2  3  4  5  6  7  8  9 10 11 12 13 14 15 16 17 18 19 20 21 22 23 24
 25 26 27 28 29 30 31 32 33 34 35 36 37 38]
C_final_list= [6.389386285572069e-08, 3.5581405771625945e-08, 1.8613348447717443e-08, 9.600454482516864e-09, 4.902758206835493e-09, 2.4759352322284983e-09, 1.2470839324421496e-09, 6.350600066560515e-10, 3.2122191790438385e-10, 1.6519541648393276e-10, 8.518215088377137e-11, 4.31591293360365e-11, 2.1941117033438368e-11, 1.124337837341523e-11, 5.659970278909523e-12, 2.74123928103538e-12, 1.313094563631611e-12, 6.435848906080502e-13, 3.1923725414520515e-13, 1.5282922268978143e-13, 7.461574256753284e-14, 3.683391832941725e-14, 1.6889814016084372e-14, 7.969103104518525e-15, 3.726886343005665e-15, 1.7330802604933034e-15, 8.182703150237135e-16, 3.94562384481409e-16, 1.8995516038295121e-16, 8.478582952940461e-17, 3.6932513826552973e-17, 1.6439237203716747e-17, 7.335181585438907e-18, 3.2293075338410724e-18, 1.4145309177014508e-18, 6.274390676018217e-19, 3.390614422884131e-19, 2.1449112283667838e-19]
W_list: [7]
L_list: [1.6137131084871241]
