R_list= [ 1  2  3  4  5  6  7  8  9 10 11 12 13 14 15 16 17 18 19 20 21 22 23 24
 25 26 27 28 29 30 31 32 33 34 35 36 37 38]
C_final_list= [3.617957771411185e-05, 2.3581563413950124e-05, 1.530104137748436e-05, 9.934633045588787e-06, 6.432537145131696e-06, 4.157754785685531e-06, 2.6849446451750283e-06, 1.729822730738411e-06, 1.1128164218516293e-06, 7.16858113980232e-07, 4.628809229003087e-07, 2.989383646293993e-07, 1.9143189919530816e-07, 1.2284023664787823e-07, 7.862519317425686e-08, 5.033523056737851e-08, 3.2252721111446836e-08, 2.0686692878068277e-08, 1.3345305157611624e-08, 8.598943060087606e-09, 5.524285043692826e-09, 3.570192632650355e-09, 2.3101687515272448e-09, 1.5004758458450376e-09, 9.573626961154646e-10, 6.126608333331736e-10, 3.9029781366209846e-10, 2.510987608622648e-10, 1.59098230400325e-10, 1.0206571403441689e-10, 6.544027010446523e-11, 4.286939041723506e-11, 2.697494045660701e-11, 1.7023477512195567e-11, 1.0527827249010829e-11, 6.61303684485775e-12, 4.1258128258890925e-12, 2.544895318401421e-12]
W_list: [8.2]
L_list: [2.316738245517553]
