R_list= [ 1  2  3  4  5  6  7  8  9 10 11 12 13 14 15 16 17 18 19 20 21 22 23 24
 25 26 27 28 29 30 31 32 33 34 35 36 37 38]
C_final_list= [3.3478251081515524e-05, 2.1157324091615606e-05, 1.3328958089414008e-05, 8.372612787618061e-06, 5.25190363680534e-06, 3.298502056990832e-06, 2.0697182450514266e-06, 1.29085229300219e-06, 8.051622142934134e-07, 5.016764920157033e-07, 3.140554946519222e-07, 1.9682122389606022e-07, 1.236516130711432e-07, 7.782072183032619e-08, 4.903707071511352e-08, 3.087231226242094e-08, 1.9468858730888426e-08, 1.2168822579002926e-08, 7.598221329199422e-09, 4.722930767572073e-09, 2.9136392332931503e-09, 1.7814045917719485e-09, 1.0873846591361162e-09, 6.56807076445701e-10, 3.9488171678122775e-10, 2.3728838234433603e-10, 1.4330263676465864e-10, 8.556371972251331e-11, 5.085844232220733e-11, 3.0593833150402364e-11, 1.830601662833735e-11, 1.11286627057803e-11, 6.7327422439681815e-12, 4.152977576151116e-12, 2.576094525167771e-12, 1.557440492401043e-12, 9.586706866919092e-13, 5.82565740908412e-13]
W_list: [8.5]
L_list: [2.1635878895969625]
