C_final_list: [1.7049887050313953e-06, 1.680901017035112e-06, 1.6573982225286586e-06, 1.6346960862116905e-06, 1.6127495933117253e-06, 1.5909433430578014e-06, 1.5700019757268742e-06, 1.5495319618602583e-06, 1.529274306267704e-06, 1.5092135153881966e-06, 1.4894542011208738e-06, 1.4702660276722397e-06, 1.4510805045506472e-06, 1.432303562423612e-06, 1.41361833055377e-06, 1.3953754748213695e-06, 1.3774290170799284e-06, 1.359637907668996e-06, 1.3421909516349926e-06, 1.3247289480114262e-06, 1.307303159823948e-06, 1.2900559643174168e-06, 1.2729991904074065e-06, 1.2561787665395305e-06, 1.2395820692212906e-06, 1.22329514744622e-06, 1.2072152344550907e-06, 1.1914289434974876e-06, 1.1757501579000548e-06, 1.1602772675880244e-06, 1.1450195119064633e-06, 1.1298239082143881e-06, 1.114962058116276e-06, 1.1001661749969167e-06, 1.0856403436075364e-06, 1.071145931158929e-06, 1.0567399262902195e-06, 1.0426125093351285e-06, 1.0286782816984046e-06, 1.014824266517889e-06, 1.0011665407486778e-06, 9.878450998942395e-07, 9.745827186952761e-07, 9.61617871555217e-07, 9.486719940727904e-07, 9.358578726271328e-07, 9.2313802292169e-07, 9.105706829439024e-07, 8.98227727842069e-07, 8.859510417256911e-07]
ndim2: 500
W_list: [2.9]
L_list: [75.4237330599098]
