C_final_list: [1.785375386138922e-06, 1.5421805973501715e-06, 1.343303235199432e-06, 1.1550200591075586e-06, 9.961713068868555e-07, 8.643770648007401e-07, 7.46091661046886e-07, 6.446657342980756e-07, 5.578355055777937e-07, 4.811680813076864e-07, 4.1396820381381537e-07, 3.5575874411015134e-07, 3.0538487871829465e-07, 2.6215541139201446e-07, 2.2457199206950427e-07, 1.9220642798509467e-07, 1.6511845091960472e-07, 1.418780987930023e-07, 1.2148625570206967e-07, 1.040646623605247e-07, 8.958007049926535e-08, 7.66214884539725e-08, 6.566322378550048e-08, 5.645367173564832e-08, 4.847666273608592e-08, 4.1684420287383747e-08, 3.580360495890038e-08, 3.081111393717913e-08, 2.6481238368947955e-08, 2.2790364569209388e-08, 1.9541597678501665e-08, 1.6844247930825332e-08, 1.44483163142143e-08, 1.2338102571351561e-08, 1.0603928528150077e-08]
ndim2: 500
W_list: [1.8]
L_list: [6.793650801802484]
