R_list= [ 1  2  3  4  5  6  7  8  9 10 11 12 13 14 15 16 17 18 19 20 21 22 23 24
 25 26 27 28 29 30 31 32 33 34 35 36 37 38]
C_final_list= [2.625328469949312e-07, 2.3605107306116721e-07, 2.1009043902628854e-07, 1.8591530818911944e-07, 1.6376917714671756e-07, 1.4410975222935374e-07, 1.2668189127342049e-07, 1.1138979489182708e-07, 9.78451956962902e-08, 8.579406129245562e-08, 7.522193626056542e-08, 6.584273159032702e-08, 5.7616078628614937e-08, 5.03577663138242e-08, 4.3946424008841295e-08, 3.832475597863682e-08, 3.346043949746283e-08, 2.9191017660001434e-08, 2.5471994210404003e-08, 2.2230130797141118e-08, 1.943008755997112e-08, 1.6966371142776248e-08, 1.4825258508459005e-08, 1.2940677970146795e-08, 1.1286607985583792e-08, 9.840500156152888e-09, 8.57639492131274e-09, 7.474341948647404e-09, 6.510703814009762e-09, 5.666660658479228e-09, 4.927811542736962e-09, 4.280719516586386e-09, 3.7147916515888058e-09, 3.2248746231767215e-09, 2.7948203441254177e-09, 2.4235499384715374e-09, 2.105096474795675e-09, 1.831622824515117e-09]
W_list: [8.4]
L_list: [7.831872056953643]
