C_final_list: [2.181449242649215e-06, 2.1646528226027084e-06, 2.148124671683243e-06, 2.132149306511813e-06, 2.1165855400015965e-06, 2.101235874167387e-06, 2.0860867907339125e-06, 2.071283004824389e-06, 2.0565390123854874e-06, 2.0423250832699193e-06, 2.0281097398858884e-06, 2.014167281643272e-06, 2.000153955614853e-06, 1.9862633330917017e-06, 1.972601703303072e-06, 1.959087709173932e-06, 1.9456092350132207e-06, 1.932242750827834e-06, 1.918798264357002e-06, 1.9054347686356105e-06, 1.892154410890062e-06, 1.8788664424148758e-06, 1.8657778972742495e-06, 1.8528195988294606e-06, 1.8399820038716966e-06, 1.8272592244623207e-06, 1.8144655849875598e-06, 1.8016488975646972e-06, 1.78886539277314e-06, 1.776201388127265e-06, 1.7635887395303714e-06, 1.7512876263792947e-06, 1.7390754610073199e-06, 1.7270113590068772e-06, 1.7150431723601336e-06, 1.7030912623321186e-06, 1.6913342362553399e-06, 1.6795591981051142e-06, 1.6679765793447217e-06, 1.6564885515015644e-06, 1.6451573402784568e-06, 1.6339499897835143e-06, 1.6227682782390777e-06, 1.6116752128725621e-06, 1.6004765872629966e-06, 1.5894136100254663e-06, 1.5785181003997005e-06, 1.5677259443837357e-06, 1.5569728223222918e-06, 1.546272024215953e-06]
ndim2: 500
W_list: [2.0]
L_list: [142.88734449646608]
