R_list= [ 1  2  3  4  5  6  7  8  9 10 11 12 13 14 15 16 17 18 19 20 21 22 23 24
 25 26 27 28 29 30 31 32 33 34 35 36 37 38]
C_final_list= [2.8182761889464254e-05, 2.088325475727227e-05, 1.5381819245442492e-05, 1.1293808983665386e-05, 8.296726786127132e-06, 6.076209529277946e-06, 4.436670704407571e-06, 3.2457897743031826e-06, 2.3742246947312652e-06, 1.7378827903769463e-06, 1.271870356281824e-06, 9.316342932833973e-07, 6.821651317812319e-07, 4.996110658630069e-07, 3.662604101516999e-07, 2.683868449615723e-07, 1.9583114863247337e-07, 1.4304023154615944e-07, 1.0413838278618835e-07, 7.572687738595343e-08, 5.5175381452920066e-08, 4.02867344635979e-08, 2.9505925391510006e-08, 2.1588155228491483e-08, 1.5717864179052827e-08, 1.1423710865360253e-08, 8.331593761296116e-09, 6.0593711105470804e-09, 4.425340098230165e-09, 3.232303079298306e-09, 2.3452403159880126e-09, 1.7066099668273556e-09, 1.2459507553985662e-09, 9.052155374617385e-10, 6.568855943096529e-10, 4.706951722753739e-10, 3.3873473187197456e-10, 2.461590624744792e-10]
W_list: [8.45]
L_list: [3.25657557564133]
