C_list:
1.6886672578011322e-06 0.06449564694999634
ndim2: 500
W_list: [2.0]
L_list: [15.504922382983505]
