R_list= [ 1  2  3  4  5  6  7  8  9 10 11 12 13 14 15 16 17 18 19 20 21 22 23 24
 25 26 27 28 29 30 31 32 33 34 35 36 37 38]
C_final_list= [5.905832469362709e-07, 4.897862418024338e-07, 4.0491171494895675e-07, 3.3248583046004985e-07, 2.731187315628283e-07, 2.2396820480323143e-07, 1.8342909241446342e-07, 1.5048074968176753e-07, 1.234694729285222e-07, 1.0135278346413516e-07, 8.299176093592044e-08, 6.782125364014601e-08, 5.525709615067748e-08, 4.505910353044403e-08, 3.669659672979958e-08, 2.9922776102054444e-08, 2.4370990926942387e-08, 1.9858823807892672e-08, 1.6190545374993595e-08, 1.319359517643704e-08, 1.0706599987951942e-08, 8.666258334812013e-09, 6.992911201857079e-09, 5.63966754261495e-09, 4.5297310783316616e-09, 3.642928192132262e-09, 2.9293472689966432e-09, 2.359485870060221e-09, 1.893231908822984e-09, 1.518730270356749e-09, 1.225493084915321e-09, 9.930860986991366e-10, 8.010977130679975e-10, 6.452285915929698e-10, 5.189776000784744e-10, 4.168904909740936e-10, 3.3519384958217085e-10, 2.6813445059554916e-10]
W_list: [7]
L_list: [5.097452093788743]
