R_list= [ 1  2  3  4  5  6  7  8  9 10 11 12 13 14 15 16 17 18 19 20 21 22 23 24
 25 26 27 28 29 30 31 32 33 34 35 36 37 38]
C_final_list= [5.09728318940419e-06, 4.427787513232308e-06, 3.820604432112223e-06, 3.289275180707731e-06, 2.8286205194018065e-06, 2.4315059886813275e-06, 2.0887456056425496e-06, 1.7907564121425683e-06, 1.5366694344424186e-06, 1.3161684856491982e-06, 1.1272054324778397e-06, 9.645761198181768e-07, 8.243801542492548e-07, 7.048133679957408e-07, 6.031554444903694e-07, 5.157648802577433e-07, 4.4166262542728677e-07, 3.78605343820102e-07, 3.24291277898336e-07, 2.7799675427770664e-07, 2.381425334081216e-07, 2.0370714347113166e-07, 1.743877280925844e-07, 1.4935220227000768e-07, 1.27897257407876e-07, 1.0940613365142218e-07, 9.3664300019861e-08, 8.016874428313858e-08, 6.862099848744579e-08, 5.878715200138649e-08, 5.0360150631135046e-08, 4.312208913353503e-08, 3.696240217008934e-08, 3.164241021571696e-08, 2.7030011077424884e-08, 2.3062934829219727e-08, 1.9690362642264495e-08, 1.679560660963175e-08]
W_list: [7.2]
L_list: [6.600735044900089]
