C_final_list: [1.5665479030038504e-06, 1.5387910726232695e-06, 1.5108029481200639e-06, 1.483600076647191e-06, 1.4570196857438444e-06, 1.4312623469244672e-06, 1.4059302169920057e-06, 1.3813270089809336e-06, 1.357296562033148e-06, 1.3340655071582721e-06, 1.311127800022688e-06, 1.288824524225948e-06, 1.2667921763996802e-06, 1.2450297125920031e-06, 1.2238622844458312e-06, 1.2027694941521888e-06, 1.1821172132203926e-06, 1.1617629853827938e-06, 1.1416901384558556e-06, 1.121751037374178e-06, 1.1021218309012793e-06, 1.0827286096418855e-06, 1.0637216121825427e-06, 1.045031969391438e-06, 1.0265734302122516e-06, 1.0085460908753919e-06, 9.907692383903432e-07, 9.732203789274844e-07, 9.560348798986812e-07, 9.391411815074231e-07, 9.227079017236982e-07, 9.062486212289153e-07, 8.901558502538389e-07, 8.741989371917487e-07, 8.584704486098704e-07]
ndim2: 500
W_list: [3.0]
L_list: [56.87982967276323]
