C_final_list: [1.4147044977076987e-06, 1.3817095152970682e-06, 1.348974207931344e-06, 1.3169839282088847e-06, 1.2855863777720873e-06, 1.2550236565283217e-06, 1.2252518547924878e-06, 1.1959760128167819e-06, 1.1677247663432517e-06, 1.1401382928628342e-06, 1.1131347707569208e-06, 1.0862478322393547e-06, 1.0598819523020555e-06, 1.034441795361136e-06, 1.009052127243223e-06, 9.842727845610056e-07, 9.602547752823986e-07, 9.366483171107347e-07, 9.137553005977733e-07, 8.913327845461353e-07, 8.694872230397613e-07, 8.480755869851097e-07, 8.27351866129788e-07, 8.07165238615708e-07, 7.872514293597149e-07, 7.678297317280891e-07, 7.487832470277809e-07, 7.301284879783527e-07, 7.117749097076654e-07, 6.938479162333498e-07, 6.763683933635945e-07, 6.592270136435627e-07, 6.424196047847565e-07, 6.260041795293874e-07, 6.101575588687882e-07, 5.947417784033718e-07, 5.797952900358676e-07, 5.651079024544473e-07, 5.50799878477771e-07, 5.367738064258891e-07, 5.229844780550444e-07, 5.095809416580816e-07, 4.965737666165082e-07, 4.837962340933838e-07, 4.7142898968168324e-07, 4.5938478545384853e-07, 4.475245053694093e-07, 4.359763117798533e-07, 4.2478516622908384e-07, 4.1389971894297314e-07]
ndim2: 500
W_list: [3.4000000000000004]
L_list: [40.17752606381698]
