C_final_list: [1.1227608453565151e-06, 1.0460809425065928e-06, 9.684171737805797e-07, 8.956991501544498e-07, 8.285389275137597e-07, 7.658218869179693e-07, 7.077001183638852e-07, 6.534882329743245e-07, 6.017884990809064e-07, 5.54712522712766e-07, 5.108565161099132e-07, 4.7013565707209957e-07, 4.3320440729974753e-07, 3.985071485887412e-07, 3.6673144276047057e-07, 3.373761329465975e-07, 3.103006892212784e-07, 2.8540814472398453e-07, 2.6230114913072307e-07, 2.4104905319086104e-07, 2.2163343953687292e-07, 2.0380867525968366e-07, 1.8730650976402977e-07, 1.7196447530327744e-07, 1.5799201993984898e-07, 1.4507499961868588e-07, 1.3299129461138228e-07, 1.220035508733541e-07, 1.1187424213626575e-07, 1.0261950027048101e-07, 9.418045839502135e-08, 8.628720746458056e-08, 7.907354595024855e-08, 7.24771652709012e-08, 6.649513398256993e-08]
ndim2: 500
W_list: [2.8]
L_list: [12.301854858200858]
