R_list= [ 1  2  3  4  5  6  7  8  9 10 11 12 13 14 15 16 17 18 19 20 21 22 23 24
 25 26 27 28 29 30]
C_final_list= [1.586454644264362e-07, 1.069367824018554e-07, 6.936491840747076e-08, 4.481606681292262e-08, 2.874531545321673e-08, 1.8394778007843653e-08, 1.1729934663374082e-08, 7.4278464994017675e-09, 4.692744582634388e-09, 2.9579331487554e-09, 1.857869241361998e-09, 1.1590830811424795e-09, 7.187515436734744e-10, 4.4296043621615135e-10, 2.7314568762606036e-10, 1.6847774213628894e-10, 1.0412971197016682e-10, 6.452416673756036e-11, 4.000847759597747e-11, 2.457750299131246e-11, 1.5116600581453526e-11, 9.334725096088506e-12, 5.852229548933145e-12, 3.641069454071709e-12, 2.2483296610839865e-12, 1.4027690277725724e-12, 8.843283128264012e-13, 5.632185896822313e-13, 3.544780186238749e-13, 2.27915725827825e-13]
W_list: [6]
L_list: [2.3590385498521806]
