C_final_list: [1.9681324537279657e-06, 1.94242829743585e-06, 1.9271594524254132e-06, 1.9084838651292956e-06, 1.8898599513845241e-06, 1.8720855384413576e-06, 1.854543604809022e-06, 1.8373643635131177e-06, 1.8200217560379027e-06, 1.8030457697444425e-06, 1.786390384916886e-06, 1.7699385921784283e-06, 1.7536024797036726e-06, 1.7375752853892592e-06, 1.7219871806562202e-06, 1.7066213737125815e-06, 1.691189370485658e-06, 1.6758100883300401e-06, 1.6609244096882117e-06, 1.6460094879005485e-06, 1.6314220837081898e-06, 1.6172385360964385e-06, 1.6029741626856599e-06, 1.588664188953381e-06, 1.5744497378411169e-06, 1.5605360970145155e-06, 1.546562348030215e-06, 1.5327593713223613e-06, 1.5192867943190084e-06, 1.5060421860227433e-06, 1.4927121839917595e-06, 1.4797270492079233e-06, 1.4669764747808736e-06, 1.454204270771939e-06, 1.4415909040226396e-06]
ndim2: 500
W_list: [1.0]
L_list: [109.904209320705]
