R_list= [ 1  2  3  4  5  6  7  8  9 10 11 12 13 14 15 16 17 18 19 20 21 22 23 24
 25 26 27 28 29 30]
C_final_list= [3.871796178609259e-08, 1.4695389801543738e-08, 4.288869322330415e-09, 1.086445309547247e-09, 2.5308631242238276e-10, 5.5866699843481645e-11, 1.1894130650933312e-11, 2.4890701832439244e-12, 5.203701992680177e-13, 1.0913027961320755e-13, 2.2967666945607522e-14, 4.879605875823371e-15, 1.0401473585294477e-15, 2.1733767903139906e-16, 4.4286723497766205e-17, 8.967088815433309e-18, 1.8854765362216466e-18, 3.855827517105768e-19, 8.02666539900212e-20, 1.694792071792312e-20, 3.5801663949910704e-21, 7.847746784485776e-22, 1.8519476142216643e-22, 5.137041491344203e-23, 1.9184273558785037e-23, 1.0340227788926187e-23, 7.348966695852034e-24, 6.24343534098502e-24, 6.126248808574449e-24, 6.378381131961157e-24]
W_list: [6]
L_list: [0.9704576530929223]
