R_list= [ 1  2  3  4  5  6  7  8  9 10 11 12 13 14 15 16 17 18 19 20 21 22 23 24
 25 26 27 28 29 30 31 32 33 34 35 36 37 38]
C_final_list= [3.130412626795779e-05, 2.3760095590101907e-05, 1.789771076157392e-05, 1.3455821107890822e-05, 1.0110630112982137e-05, 7.599099566344587e-06, 5.700360856852106e-06, 4.279093582612187e-06, 3.2068175910192314e-06, 2.4013944874228257e-06, 1.7946864410834442e-06, 1.340816147233548e-06, 1.0025599300033833e-06, 7.496943086404061e-07, 5.606212518601582e-07, 4.1899745981114313e-07, 3.1265725090543086e-07, 2.3384359434056603e-07, 1.7443071183009752e-07, 1.3035818145257368e-07, 9.733798428454622e-08, 7.268249108328389e-08, 5.441914265309126e-08, 4.0749101910301027e-08, 3.0485533804296706e-08, 2.2772285457689636e-08, 1.704267511756352e-08, 1.2764872198854852e-08, 9.609549620857162e-09, 7.1877645004540045e-09, 5.378645482486383e-09, 4.048042507795734e-09, 3.0385298800979776e-09, 2.2724101304524897e-09, 1.6993225342483735e-09, 1.2713800030069277e-09, 9.570476228188e-10, 7.186988205542572e-10]
W_list: [8.15]
L_list: [3.5246856811755376]
