C_final_list: [1.9781656448007975e-06, 1.9403773336414444e-06, 1.9015125134037218e-06, 1.8633226816777786e-06, 1.8261230314727257e-06, 1.7900266947019687e-06, 1.7546818391237138e-06, 1.7195543563209353e-06, 1.6857664839985734e-06, 1.6525379831820285e-06, 1.6194594162197105e-06, 1.5869323532039962e-06, 1.55498654727583e-06, 1.5237460777480778e-06, 1.4936054454802068e-06, 1.463898916754812e-06, 1.4344486662048366e-06, 1.4058553693337898e-06, 1.3780178507797605e-06, 1.3501228974016577e-06, 1.322869248461466e-06, 1.2961198859638716e-06, 1.2700918981661385e-06, 1.244445850354622e-06, 1.219297597094959e-06, 1.1946249787435555e-06, 1.1703296064109392e-06, 1.1461881529493972e-06, 1.122659736939467e-06, 1.0995284557961275e-06, 1.0770590399563415e-06, 1.0547840603676975e-06, 1.0333014091153966e-06, 1.0118903834527494e-06, 9.909998376064096e-07]
ndim2: 500
W_list: [2.0]
L_list: [49.34001391413394]
