R_list= [ 1  2  3  4  5  6  7  8  9 10 11 12 13 14 15 16 17 18 19 20 21 22 23 24
 25 26 27 28 29 30 31 32]
C_final_list= [7.693599982667324e-08, 2.9734322133437074e-08, 8.872803447120014e-09, 2.3095840344481077e-09, 5.594086596779339e-10, 1.3012229135337556e-10, 2.9556449380748823e-11, 6.67960742817679e-12, 1.4969438461920146e-12, 3.314461799602624e-13, 7.238551356857086e-14, 1.5854648605092425e-14, 3.5203170118901775e-15, 8.212683201940502e-16, 2.0584956850539037e-16, 5.2463995726290987e-17, 1.2727037363478144e-17, 2.9908820519754692e-18, 6.534141331678602e-19, 1.4055886835946043e-19, 3.1079161338277213e-20, 7.091874071359187e-21, 1.6378345770386083e-21, 3.9986357379764324e-22, 1.1563396842277665e-22, 4.45839244853783e-23, 2.4248952182903933e-23, 1.7786780274633455e-23, 1.4778624526120593e-23, 1.3659136898322132e-23, 1.3234225863264873e-23, 1.2159964004421373e-23]
W_list: [6]
L_list: [0.9866121010362912]
