C_list:
1.369054192524389e-06 0.19886628056599504
ndim2: 500
W_list: [3.8000000000000003]
L_list: [5.028504566756573]
