R_list= [ 1  2  3  4  5  6  7  8  9 10 11 12 13 14 15 16 17 18 19 20 21 22 23 24
 25 26 27 28 29 30 31 32 33 34 35 36 37 38]
C_final_list= [4.091764435607453e-07, 3.226923838644541e-07, 2.561116520298707e-07, 2.0255092761924337e-07, 1.5951584907443444e-07, 1.2557653502722935e-07, 9.845433330166186e-08, 7.707641884645923e-08, 6.017561269428804e-08, 4.686596103837578e-08, 3.652597774566779e-08, 2.8363009042785027e-08, 2.2034187996134318e-08, 1.7158787551177762e-08, 1.3299524256355202e-08, 1.0318348825082663e-08, 8.02715469348244e-09, 6.206690395311107e-09, 4.815060700212762e-09, 3.7078042904942618e-09, 2.866549894034619e-09, 2.2233208115808574e-09, 1.7263039235266399e-09, 1.3350909515387177e-09, 1.0342120457555693e-09, 7.97817928045415e-10, 6.145489053597523e-10, 4.729142118315328e-10, 3.6325306078975684e-10, 2.790372391513322e-10, 2.137852265294138e-10, 1.640430702737319e-10, 1.2565305147253792e-10, 9.582725276163486e-11, 7.346895618367734e-11, 5.629919527779428e-11, 4.324592140044631e-11, 3.3058169486978394e-11]
W_list: [7]
L_list: [4.1896580450753325]
