R_list= [ 1  2  3  4  5  6  7  8  9 10 11 12 13 14 15 16 17 18 19 20 21 22 23 24
 25 26 27 28 29 30 31 32 33 34 35 36 37 38]
C_final_list= [2.1033193284198305e-05, 1.705163102749008e-05, 1.3709588959063152e-05, 1.0988306907585651e-05, 8.783143981151348e-06, 7.010153649286142e-06, 5.591997379041834e-06, 4.458133572856066e-06, 3.552542674273765e-06, 2.828220329317939e-06, 2.249989909230557e-06, 1.7924435289890462e-06, 1.4266083102258602e-06, 1.1363530587566478e-06, 9.054969716944638e-07, 7.212879836795355e-07, 5.738823754078083e-07, 4.562875551247765e-07, 3.619312363595549e-07, 2.8688980056660756e-07, 2.2711744881157183e-07, 1.798890212643187e-07, 1.4235134307874304e-07, 1.126549576833888e-07, 8.911336056737673e-08, 7.057988017028359e-08, 5.582440287028412e-08, 4.422609978086239e-08, 3.509389729608762e-08, 2.7838862148063197e-08, 2.2069372577100924e-08, 1.750823968988646e-08, 1.392127290014953e-08, 1.1065565610255668e-08, 8.82453133934151e-09, 7.040056576199191e-09, 5.615921168259345e-09, 4.4742524059512505e-09]
W_list: [8.3]
L_list: [4.507292494186925]
