R_list= [ 1  2  3  4  5  6  7  8  9 10 11 12 13 14 15 16 17 18 19 20 21 22 23 24
 25 26 27 28 29 30 31 32 33 34 35 36 37 38]
C_final_list= [6.269403708306546e-08, 3.519467536910885e-08, 1.8664304401345884e-08, 9.760262570743686e-09, 5.04865512051659e-09, 2.6033827383789845e-09, 1.3349026818389436e-09, 6.883905181655997e-10, 3.5297343917879405e-10, 1.8060289459776076e-10, 9.296967915366982e-11, 4.709235106761899e-11, 2.3465438773240867e-11, 1.1683286034711834e-11, 5.8024553597827146e-12, 2.8042023578563723e-12, 1.3629524096400048e-12, 6.737685989988642e-13, 3.3790217574836894e-13, 1.6903576005515987e-13, 8.615104352421593e-14, 4.293210854605816e-14, 2.1647033934230396e-14, 1.0350866149339282e-14, 5.24622977594298e-15, 2.78304588185607e-15, 1.3325866115978063e-15, 5.910696920183639e-16, 3.0247966118424144e-16, 1.6943014352716669e-16, 1.0273360288965445e-16, 6.172707779960121e-17, 4.555426616191383e-17, 2.1795898634651076e-17, 8.19113599344358e-18, 4.410433057426036e-18, 3.3448457863536615e-18, 1.4175863641177924e-18]
W_list: [7]
L_list: [1.640735370346485]
