R_list= [ 1  2  3  4  5  6  7  8  9 10 11 12 13 14 15 16 17 18 19 20 21 22 23 24
 25 26 27 28 29 30 31 32 33 34 35 36 37 38]
C_final_list= [5.732866926239494e-07, 4.5434540640230206e-07, 3.574370043368374e-07, 2.79356795594757e-07, 2.178644588714433e-07, 1.7022052952969074e-07, 1.3320376006723238e-07, 1.0438000865591304e-07, 8.171831838952576e-08, 6.398593707267227e-08, 4.996631236700181e-08, 3.907335523899555e-08, 3.037540870293578e-08, 2.35073569657602e-08, 1.82073245860113e-08, 1.4088576806964631e-08, 1.0906626683341342e-08, 8.463434810798217e-09, 6.570616361102887e-09, 5.110292740315359e-09, 3.974329320789909e-09, 3.0858735077074867e-09, 2.3924927605752398e-09, 1.8498590896926736e-09, 1.4278586369600552e-09, 1.1026774807698807e-09, 8.512649925057087e-10, 6.539859755965041e-10, 4.971486984288742e-10, 3.779451319798386e-10, 2.902402790913772e-10, 2.232945446043054e-10, 1.7314160104049248e-10, 1.34450795745108e-10, 1.0416521630752625e-10, 8.121501342204116e-11, 6.334406700724823e-11, 4.93550319659939e-11]
W_list: [8.4]
L_list: [4.109211399627122]
