R_list= [ 1  2  3  4  5  6  7  8  9 10 11 12 13 14 15 16 17 18 19 20 21 22 23 24
 25 26 27 28 29 30 31 32 33 34 35 36 37 38]
C_final_list= [2.390124876394675e-07, 1.4789048296527198e-07, 8.99942337465616e-08, 5.484375827604736e-08, 3.3374446271322555e-08, 2.0158325751367238e-08, 1.2053277740197905e-08, 7.2044024076569905e-09, 4.312447912859401e-09, 2.560939362858723e-09, 1.5197256693752545e-09, 9.053937536415423e-10, 5.377687895466062e-10, 3.1593504271009466e-10, 1.8590774954800519e-10, 1.076812130314785e-10, 6.197894526519465e-11, 3.6033306209192664e-11, 2.0804020105983905e-11, 1.1699276958474737e-11, 6.638035561641809e-12, 3.8422121043755355e-12, 2.2252720217113313e-12, 1.276492885988535e-12, 7.423002043547433e-13, 4.218438532594996e-13, 2.4272780514891114e-13, 1.4000319697585736e-13, 8.026773983246518e-14, 4.5869113477912365e-14, 2.5860144245749536e-14, 1.4373578615893902e-14, 8.037198169859393e-15, 4.782281962322802e-15, 2.8749731053810353e-15, 1.6585237207983163e-15, 9.4737308506277e-16, 5.574452689794038e-16]
W_list: [7]
L_list: [2.037707569547434]
