R_list= [ 1  2  3  4  5  6  7  8  9 10 11 12 13 14 15 16 17 18 19 20 21 22 23 24
 25 26 27 28 29 30 31 32 33 34 35 36 37 38]
C_final_list= [1.8468230536681122e-07, 8.035054881257978e-08, 2.8426669385212146e-08, 9.008603575123171e-09, 2.6770554215643658e-09, 7.640449240796133e-10, 2.1336546930675233e-10, 5.906916757382282e-11, 1.6226717510037624e-11, 4.347052236349465e-12, 1.1366577539540094e-12, 2.9446181102116916e-13, 7.574063775107625e-14, 1.935496152614736e-14, 4.962353420618922e-15, 1.2958481999277321e-15, 3.4773070602650417e-16, 1.0035986280296094e-16, 3.2719483137494644e-17, 1.1141491425218329e-17, 3.235727383633632e-18, 7.85911212296481e-19, 2.0171876968593522e-19, 5.565766007715455e-20, 1.5344907391872587e-20, 4.393739615204315e-21, 1.2051545362474224e-21, 3.2407224789770766e-22, 9.249194859365235e-23, 2.4919939639179743e-23, 7.066868135510843e-24, 2.464735347050966e-24, 9.555034034816968e-25, 4.0114893554582053e-25, 1.9842769139037675e-25, 1.194029908384643e-25, 8.5459297513444e-26, 7.006731372959166e-26]
W_list: [6]
L_list: [1.1136213609564918]
