R_list= [ 1  2  3  4  5  6  7  8  9 10 11 12 13 14 15 16 17 18 19 20 21 22 23 24
 25 26 27 28 29 30 31 32 33 34 35 36 37 38]
C_final_list= [3.0381676111921595e-07, 2.7015074146872803e-07, 2.370772619660295e-07, 2.0672297363309013e-07, 1.7956795712167706e-07, 1.5558787318414546e-07, 1.3462868269534514e-07, 1.1654750934975467e-07, 1.0084715333340784e-07, 8.712051822268429e-08, 7.523701882497504e-08, 6.489488450411418e-08, 5.596250164757512e-08, 4.827991902637819e-08, 4.165086865269528e-08, 3.5964549100406005e-08, 3.1039536726341416e-08, 2.6732931903847784e-08, 2.3013370391396737e-08, 1.981084863551028e-08, 1.7050471860432114e-08, 1.4672135809750978e-08, 1.2603436825889394e-08, 1.0810745485037016e-08, 9.279225456379182e-09, 7.944323666989939e-09, 6.783909422751895e-09, 5.789346662117152e-09, 4.927646648822489e-09, 4.198862791785672e-09, 3.5825220895792874e-09, 3.06215225506317e-09, 2.616594899463756e-09, 2.2362009226784077e-09, 1.907046754387793e-09, 1.6255881843563303e-09, 1.383633704511507e-09, 1.1796791074450442e-09]
W_list: [8.8]
L_list: [7.076749972034127]
