R_list= [ 1  2  3  4  5  6  7  8  9 10 11 12 13 14 15 16 17 18 19 20 21 22 23 24
 25 26 27 28 29 30 31 32 33 34 35 36 37 38]
C_final_list= [8.520945193801268e-07, 7.802108624862826e-07, 7.126288997843857e-07, 6.499470386873216e-07, 5.925633846469917e-07, 5.402980670453381e-07, 4.929535651460458e-07, 4.4919656964746533e-07, 4.088102057660805e-07, 3.723637263617515e-07, 3.3950574752419256e-07, 3.0962856053039463e-07, 2.8198206113442116e-07, 2.564333773811133e-07, 2.3287737096221124e-07, 2.1150232371181244e-07, 1.9204274670196434e-07, 1.7436815570223626e-07, 1.5826230490631489e-07, 1.437555320976078e-07, 1.304871047927249e-07, 1.1846556682132504e-07, 1.0751777061631766e-07, 9.753272512833559e-08, 8.857943189831679e-08, 8.034230533876097e-08, 7.281043946725014e-08, 6.597143229926835e-08, 5.975637564817208e-08, 5.4117027714522894e-08, 4.895392689884303e-08, 4.42703604649699e-08, 4.008456093726322e-08, 3.621385631242204e-08, 3.270380357527192e-08, 2.9483442264786723e-08, 2.656002195732813e-08, 2.394513273085315e-08]
W_list: [6]
L_list: [10.680343038554776]
