R_list= [ 1  2  3  4  5  6  7  8  9 10 11 12 13 14 15 16 17 18 19 20 21 22 23 24
 25 26 27 28 29 30 31 32 33 34 35 36 37 38]
C_final_list= [1.6071904661469777e-07, 1.399734419309063e-07, 1.2024237705667367e-07, 1.0246214662346442e-07, 8.680825998837156e-08, 7.339777744473976e-08, 6.190462567791905e-08, 5.2078322419706686e-08, 4.381889542310317e-08, 3.6813506216204256e-08, 3.092263733811772e-08, 2.5994891603157832e-08, 2.1836545216497462e-08, 1.8330121743389643e-08, 1.535892551181693e-08, 1.2855713092991554e-08, 1.0774735260420533e-08, 9.041488292557576e-09, 7.572505437258384e-09, 6.320503138766281e-09, 5.269832038523972e-09, 4.382332078709254e-09, 3.640769921208822e-09, 3.018888846595752e-09, 2.501193891454151e-09, 2.070592700313383e-09, 1.7118565532403296e-09, 1.4115543846817199e-09, 1.1624791435991944e-09, 9.58843529232161e-10, 7.918688120815471e-10, 6.549724815442198e-10, 5.397271350923836e-10, 4.4467447094455716e-10, 3.6588513648313846e-10, 3.004721655856547e-10, 2.4695371257002586e-10, 2.0238220519463601e-10]
W_list: [8.8]
L_list: [6.058465509376977]
