R_list= [ 1  2  3  4  5  6  7  8  9 10 11 12 13 14 15 16 17 18 19 20 21 22 23 24
 25 26 27 28 29 30 31 32 33 34 35 36 37 38]
C_final_list= [2.409993281870718e-06, 2.125416178015183e-06, 1.8567640857317854e-06, 1.616183628170075e-06, 1.4023851957411929e-06, 1.215380626989784e-06, 1.0529901938066198e-06, 9.112057961697296e-07, 7.881343545207514e-07, 6.813834082719323e-07, 5.889863388386904e-07, 5.089962616735819e-07, 4.3910739262713793e-07, 3.7856785324227845e-07, 3.262252437852082e-07, 2.81159351437875e-07, 2.4237138778896166e-07, 2.0883860992640824e-07, 1.7988781730002653e-07, 1.5497391164244158e-07, 1.3351693785731648e-07, 1.1496040399021397e-07, 9.90809822428917e-08, 8.53606163688162e-08, 7.347425800201002e-08, 6.333245935866317e-08, 5.452753747093706e-08, 4.6956757456717055e-08, 4.044243779019395e-08, 3.482735141854205e-08, 3.001682716999839e-08, 2.5858475075423193e-08, 2.2245978700373595e-08, 1.9137371364358872e-08, 1.6456805414354334e-08, 1.4156615767124088e-08, 1.2178246759507803e-08, 1.0460446268150897e-08]
W_list: [8.2]
L_list: [7.031034430261354]
