C_list:
1.270283253210024e-06 0.020934925223370215
ndim2: 500
W_list: [2.0]
L_list: [47.76706815669317]
