R_list= [ 1  2  3  4  5  6  7  8  9 10 11 12 13 14 15 16 17 18 19 20 21 22 23 24
 25 26 27 28 29 30 31 32 33 34 35 36 37 38]
C_final_list= [6.907244274176666e-06, 5.95972060440364e-06, 5.1047510474270145e-06, 4.352844041690003e-06, 3.7040413623767585e-06, 3.148696270133705e-06, 2.6729339064101078e-06, 2.267565781319711e-06, 1.921711108396815e-06, 1.6263751732342307e-06, 1.376114881860756e-06, 1.1637625079082572e-06, 9.841759790523505e-07, 8.324176662260022e-07, 7.038158421144399e-07, 5.952806533928134e-07, 5.035756721547878e-07, 4.2552737276333547e-07, 3.5954590905694454e-07, 3.037909965860386e-07, 2.5647609844706067e-07, 2.1648462254156335e-07, 1.8273990271337535e-07, 1.5435202492821908e-07, 1.3055960467540376e-07, 1.106052240030345e-07, 9.374377568834122e-08, 7.947443665688209e-08, 6.730231990044e-08, 5.696476822684945e-08, 4.831011411416935e-08, 4.1026989931421874e-08, 3.481291062183902e-08, 2.9521753780159516e-08, 2.4999120173381953e-08, 2.1160059318620834e-08, 1.7899816112173856e-08, 1.5129055362194587e-08]
W_list: [8.05]
L_list: [6.187091248247497]
