R_list= [ 1  2  3  4  5  6  7  8  9 10 11 12 13 14 15 16 17 18 19 20 21 22 23 24
 25 26 27 28 29 30 31 32 33 34 35 36 37 38]
C_final_list= [5.062970251439134e-07, 4.3833337377908925e-07, 3.763230323087443e-07, 3.220779022796712e-07, 2.754186188585081e-07, 2.3572582026032513e-07, 2.0184612832160357e-07, 1.7255015645516446e-07, 1.4734840279421666e-07, 1.2548865476906828e-07, 1.0671453605548973e-07, 9.073930559270388e-08, 7.715187804647708e-08, 6.559810407628517e-08, 5.576742953171246e-08, 4.740819718615661e-08, 4.030652146853953e-08, 3.424149059516434e-08, 2.9126867667276274e-08, 2.474219912786401e-08, 2.095415056627201e-08, 1.7742788679951722e-08, 1.500242288255877e-08, 1.270201477984813e-08, 1.0766962832956157e-08, 9.127523180479122e-09, 7.707707292123094e-09, 6.5185345933378775e-09, 5.5189949307600235e-09, 4.66520678550187e-09, 3.93837614081046e-09, 3.323936821691393e-09, 2.809945307835489e-09, 2.3749707017005373e-09, 2.0117269248074356e-09, 1.7022643448161716e-09, 1.4435492340693594e-09, 1.225354800376124e-09]
W_list: [7]
L_list: [6.3929794887450395]
