C_final_list: [1.8024626574931947e-06, 1.742274525218582e-06, 1.6831507231644907e-06, 1.6262291196512214e-06, 1.571064309540668e-06, 1.5182004489323949e-06, 1.4668445966052608e-06, 1.4169334000308085e-06, 1.3685541396848093e-06, 1.3219297940058925e-06, 1.2769410517126587e-06, 1.2331576309754204e-06, 1.1910918326775835e-06, 1.1510024782857508e-06, 1.1122940576999527e-06, 1.0745966600283163e-06, 1.0384140673509528e-06, 1.0029149698486126e-06, 9.684749226720425e-07, 9.35464210056254e-07, 9.034560150183785e-07, 8.721732161081206e-07, 8.420335458683049e-07, 8.130239877791299e-07, 7.846947952200994e-07, 7.571933332461193e-07, 7.30881515598129e-07, 7.052591547407648e-07, 6.805933212068668e-07, 6.568470568656589e-07, 6.337415836825508e-07, 6.115550982310407e-07, 5.901260738404335e-07, 5.694471996962928e-07, 5.494097596362681e-07, 5.299101896906938e-07, 5.112952223003752e-07, 4.93189071305836e-07, 4.7587733098255864e-07, 4.590787998455292e-07, 4.428286227307674e-07, 4.2728425551298293e-07, 4.119822477607951e-07, 3.9727184461609214e-07, 3.8314271308492916e-07, 3.695833747764124e-07, 3.56562364972685e-07, 3.4414837803799294e-07, 3.320326112192148e-07, 3.203760777045133e-07]
ndim2: 500
W_list: [3.0999999999999996]
L_list: [28.577668395666638]
