R_list= [ 1  2  3  4  5  6  7  8  9 10 11 12 13 14 15 16 17 18 19 20 21 22 23 24
 25 26 27 28 29 30 31 32 33 34 35 36 37 38]
C_final_list= [3.7867305469014296e-05, 2.5147509430325433e-05, 1.661150760328128e-05, 1.095813011146363e-05, 7.2107656236746134e-06, 4.722397619200721e-06, 3.0916484906187954e-06, 2.023951175962741e-06, 1.328598069729844e-06, 8.71352431158585e-07, 5.721514434368776e-07, 3.7585476264759193e-07, 2.469879145494672e-07, 1.6234237080361867e-07, 1.071046682629342e-07, 7.072951482657809e-08, 4.681655412988367e-08, 3.08463885403692e-08, 2.0273661421670522e-08, 1.3318957279203253e-08, 8.738149050210526e-09, 5.719793198248644e-09, 3.79034591984305e-09, 2.495379092916059e-09, 1.6335269756310895e-09, 1.0744294832008057e-09, 7.007628350999685e-10, 4.613339638326494e-10, 3.067598488693224e-10, 2.0034154136775608e-10, 1.3096461840643726e-10, 8.791376551771417e-11, 5.7931456085364795e-11, 3.8170794422971454e-11, 2.4978390019500168e-11, 1.6082723699074042e-11, 1.0422769460286455e-11, 6.812455809632539e-12]
W_list: [8.0]
L_list: [2.4119493747007485]
