R_list= [ 1  2  3  4  5  6  7  8  9 10 11 12 13 14 15 16 17 18 19 20 21 22 23 24
 25 26 27 28 29 30 31 32 33 34 35 36 37 38]
C_final_list= [4.783086545597274e-07, 4.1272693527093997e-07, 3.527492510076276e-07, 2.9963684135139504e-07, 2.5429005877174536e-07, 2.157888753305108e-07, 1.8305014846449209e-07, 1.549980871825999e-07, 1.314046636528259e-07, 1.111096526557244e-07, 9.38277449903807e-08, 7.914041936858388e-08, 6.664994314402399e-08, 5.612454399718075e-08, 4.72703739559803e-08, 3.9755984414027505e-08, 3.340500749861101e-08, 2.8042653605250953e-08, 2.357480564450029e-08, 1.9798110383320838e-08, 1.6574043941647686e-08, 1.3881418090337263e-08, 1.1631815751377133e-08, 9.72589418142628e-09, 8.125069050687661e-09, 6.797818120830011e-09, 5.687160076971666e-09, 4.748768477631222e-09, 3.9661104145858166e-09, 3.3051513268963553e-09, 2.760616749287678e-09, 2.2991019395739184e-09, 1.9140249732006827e-09, 1.593134122883032e-09, 1.322798186660485e-09, 1.1002472917532121e-09, 9.142508636250647e-10, 7.586350420724176e-10]
W_list: [8.6]
L_list: [6.107674525938438]
