R_list= [ 1  2  3  4  5  6  7  8  9 10 11 12 13 14 15 16 17 18 19 20 21 22 23 24
 25 26 27 28 29 30 31 32 33 34 35 36 37 38]
C_final_list= [7.718860255961108e-07, 7.277776886522953e-07, 6.828060602438246e-07, 6.389270045116468e-07, 5.968132309958244e-07, 5.571261214769136e-07, 5.197610094065833e-07, 4.845933072823285e-07, 4.515914235816403e-07, 4.2087944824409764e-07, 3.9251408484102664e-07, 3.660819606854586e-07, 3.4145926424786335e-07, 3.184454164557459e-07, 2.967593211399049e-07, 2.7661597120783425e-07, 2.578309380264319e-07, 2.4019890005448473e-07, 2.2370990802929405e-07, 2.0840168332705218e-07, 1.940275713460208e-07, 1.8068470847644362e-07, 1.681564656394809e-07, 1.56366945758802e-07, 1.4542718429040668e-07, 1.3528475897519068e-07, 1.2583356985563294e-07, 1.170226266373404e-07, 1.0876506082275607e-07, 1.0104259352242797e-07, 9.38830688815247e-08, 8.727773191369157e-08, 8.112477702391028e-08, 7.543335599063532e-08, 7.009773997491532e-08, 6.511871121696287e-08, 6.045977132946943e-08, 5.608607784427643e-08]
W_list: [7.4]
L_list: [14.335153778795684]
