R_list= [ 1  2  3  4  5  6  7  8  9 10 11 12 13 14 15 16 17 18 19 20 21 22 23 24
 25 26 27 28 29 30 31 32 33 34 35 36 37 38]
C_final_list= [4.1933409448716075e-06, 3.509337403232478e-06, 2.9210347491560483e-06, 2.4275636759101385e-06, 2.0164973621008376e-06, 1.669819513135315e-06, 1.383151695457843e-06, 1.1457918445165776e-06, 9.464613442449774e-07, 7.796971758180756e-07, 6.40878296146553e-07, 5.270594114303713e-07, 4.3411366477097915e-07, 3.573049710843443e-07, 2.9414051915218275e-07, 2.418559242472544e-07, 1.9870305490480924e-07, 1.6351466450678528e-07, 1.3448152999995525e-07, 1.105178826842593e-07, 9.084772887989327e-08, 7.470533742021676e-08, 6.152092636584967e-08, 5.074651976092856e-08, 4.185770379352747e-08, 3.4505124750432966e-08, 2.845853664838413e-08, 2.346061816838581e-08, 1.9303578601408596e-08, 1.58847517427836e-08, 1.3073684518443886e-08, 1.0733727570412601e-08, 8.812191566245178e-09, 7.228933734243178e-09, 5.9363268028012076e-09, 4.868942897504565e-09, 3.98947474866278e-09, 3.2708885572801225e-09]
W_list: [7.8]
L_list: [5.342414593404286]
