C_final_list: [1.211676205011089e-06, 1.1415191430804085e-06, 1.0689624235352043e-06, 1.000445262116277e-06, 9.353812336608274e-07, 8.739210934472226e-07, 8.163826536253305e-07, 7.618660044227035e-07, 7.111036579092877e-07, 6.629432760468697e-07, 6.192182410698346e-07, 5.775911198431336e-07, 5.387239566484726e-07, 5.023395460910002e-07, 4.679166227972322e-07, 4.3609835778315726e-07, 4.0638626497724243e-07, 3.786990791698751e-07, 3.52817730945752e-07, 3.290617961781723e-07, 3.066941243248333e-07, 2.8582409487859925e-07, 2.661541486877819e-07, 2.4798499951749097e-07, 2.307723245629453e-07, 2.144746519216593e-07, 1.9934120515962975e-07, 1.8524066957539576e-07, 1.7220397219520684e-07, 1.5977045545422046e-07, 1.4833651349116475e-07, 1.3777659987121614e-07, 1.2808262905879544e-07, 1.1889646956702747e-07, 1.1049359613773813e-07]
ndim2: 500
W_list: [2.6]
L_list: [14.438890069460067]
