C_final_list: [2.0184814818374342e-06, 2.000478616925131e-06, 1.9827102875849947e-06, 1.9655506967726433e-06, 1.94906289679364e-06, 1.9328539740836007e-06, 1.916904492225376e-06, 1.9012822415012218e-06, 1.8855528904737474e-06, 1.8699796127289714e-06, 1.8546071438543862e-06, 1.8396104515915323e-06, 1.8246782098188057e-06, 1.8099269717454724e-06, 1.795205659471831e-06, 1.780655581243632e-06, 1.7663231907216416e-06, 1.752178074216128e-06, 1.7380909058909068e-06, 1.7241320793553847e-06, 1.7100997734716308e-06, 1.6961970888558948e-06, 1.682225254855646e-06, 1.6683682014299162e-06, 1.6546494928455724e-06, 1.6410202839538197e-06, 1.6275628798281157e-06, 1.614421457504839e-06, 1.601346801043554e-06, 1.5882477991469117e-06, 1.5752876574349484e-06, 1.5624241951198222e-06, 1.5496468523379527e-06, 1.5371509775578557e-06, 1.5246788246877588e-06]
ndim2: 500
W_list: [2.2]
L_list: [121.85997959907262]
