R_list= [ 1  2  3  4  5  6  7  8  9 10 11 12 13 14 15 16 17 18 19 20 21 22 23 24
 25 26 27 28 29 30 31 32 33 34 35 36 37 38]
C_final_list= [8.753115919502985e-07, 5.499436614992886e-07, 2.948136062962496e-07, 1.4429948438976255e-07, 6.702244232045455e-08, 3.0191383856731576e-08, 1.3360955516234204e-08, 5.863908881087172e-09, 2.574979484692428e-09, 1.1374703692450064e-09, 5.06165784170364e-10, 2.2615580000353204e-10, 1.012519369993856e-10, 4.537006330683189e-11, 2.050060208305591e-11, 9.447104246673772e-12, 4.499891867890476e-12, 2.1799074549791267e-12, 1.0456465577243387e-12, 4.912372568736745e-13, 2.2779466580169853e-13, 1.063020546997756e-13, 5.019660609491153e-14, 2.398487555899321e-14, 1.169252584422803e-14, 5.79320634554569e-15, 2.87556083631456e-15, 1.3967032777880695e-15, 6.512132475655474e-16, 2.859895475641881e-16, 1.2195768018355335e-16, 5.225879867329956e-17, 2.2935072618824586e-17, 1.0536409715567831e-17, 5.037764054730414e-18, 2.423231537165159e-18, 1.158885262350592e-18, 5.664123817438817e-19]
W_list: [4]
L_list: [1.7512908296561949]
