C_final_list: [2.0311487771973834e-06, 1.7894154474034356e-06, 1.5708414034685003e-06, 1.3740683390601992e-06, 1.2045809395262182e-06, 1.0570663670453847e-06, 9.297696013653794e-07, 8.17605566234327e-07, 7.180969874853858e-07, 6.311271679509679e-07, 5.53982544610595e-07, 4.870121580442214e-07, 4.2792263931590033e-07, 3.752097949277128e-07, 3.285849708049086e-07, 2.8747030326935463e-07, 2.5090298646634917e-07, 2.1868170075199762e-07, 1.9072574997250852e-07, 1.6641179829771546e-07, 1.4486507012079196e-07, 1.2612897869346956e-07, 1.1041026031149448e-07, 9.600084798093229e-08, 8.378955534231669e-08, 7.293599752139414e-08, 6.345125113466376e-08, 5.514988691978934e-08, 4.792477644028621e-08, 4.17227505666855e-08, 3.612748722041125e-08, 3.131465611514855e-08, 2.7068086152729274e-08, 2.3392602666726482e-08, 2.0232745284274228e-08, 1.7477166349345373e-08, 1.5096044286227804e-08, 1.3060210777967919e-08, 1.1317079941862053e-08, 9.825170069788224e-09, 8.50673450758667e-09, 7.380536809587398e-09, 6.3947511720988965e-09, 5.545131874826834e-09, 4.830034247119503e-09, 4.196358312007174e-09, 3.6577946193683073e-09, 3.1831609206214455e-09, 2.762573415238486e-09, 2.4029934055406564e-09]
ndim2: 500
W_list: [3.0]
L_list: [7.641261253195097]
