R_list= [ 1  2  3  4  5  6  7  8  9 10 11 12 13 14 15 16 17 18 19 20 21 22 23 24
 25 26 27 28 29 30 31 32 33 34 35 36 37 38]
C_final_list= [2.8862250070444206e-05, 2.143506985019186e-05, 1.583217216932621e-05, 1.1650519979667463e-05, 8.555733651815628e-06, 6.272488143178887e-06, 4.599593160552179e-06, 3.3685839700439266e-06, 2.4671575651751105e-06, 1.8085886034495987e-06, 1.3239305031064923e-06, 9.693063450448197e-07, 7.121610382575233e-07, 5.227243224873606e-07, 3.825863273068041e-07, 2.79993669789617e-07, 2.049430302297325e-07, 1.4936889917133824e-07, 1.0899627162943845e-07, 7.975499558415988e-08, 5.852699500342655e-08, 4.3079938151995966e-08, 3.17462508615778e-08, 2.3351440595746753e-08, 1.7156053242039544e-08, 1.2716873001509657e-08, 9.419057121465406e-09, 6.9928950007379284e-09, 5.183657266810343e-09, 3.832818805252922e-09, 2.8514463625008e-09, 2.1030084791940788e-09, 1.5496251931571046e-09, 1.1394230272278705e-09, 8.329293243916029e-10, 6.03111691614387e-10, 4.3340350769378664e-10, 3.11841655835341e-10]
W_list: [8.4]
L_list: [3.276741387489399]
