R_list= [ 1  2  3  4  5  6  7  8  9 10 11 12 13 14 15 16 17 18 19 20 21 22 23 24
 25 26 27 28 29 30 31 32 33 34 35 36 37 38]
C_final_list= [4.411394909072868e-06, 3.749706807903213e-06, 3.1587112312354524e-06, 2.6529147978014954e-06, 2.222644815795621e-06, 1.8598697593388982e-06, 1.551891698032493e-06, 1.2952510546138035e-06, 1.080994501496296e-06, 9.018763691398282e-07, 7.524189809649349e-07, 6.271777661255729e-07, 5.240968342667862e-07, 4.384581184653287e-07, 3.6695810112848123e-07, 3.0673321623447975e-07, 2.5611347132661387e-07, 2.1360519311352396e-07, 1.7828757357593968e-07, 1.4905333731293866e-07, 1.2447593471808296e-07, 1.0408001051086986e-07, 8.691647393820026e-08, 7.244799036469888e-08, 6.024037051217785e-08, 5.0159996416494305e-08, 4.173844243573016e-08, 3.481112748882721e-08, 2.902178618074523e-08, 2.4162867732536172e-08, 2.013259615735669e-08, 1.674638922136908e-08, 1.3900543335086378e-08, 1.1487339529910566e-08, 9.512262891151913e-09, 7.856984017910037e-09, 6.488072164399536e-09, 5.340171907115515e-09]
W_list: [7.6]
L_list: [5.668665843805597]
