R_list= [ 1  2  3  4  5  6  7  8  9 10 11 12 13 14 15 16 17 18 19 20 21 22 23 24
 25 26 27 28 29 30 31 32 33 34 35 36 37 38]
C_final_list= [9.61903948630529e-07, 6.102109203368079e-07, 3.891593704504956e-07, 2.481202277941076e-07, 1.5750901281562904e-07, 1.0005127994286271e-07, 6.306347271484811e-08, 3.9603052488742236e-08, 2.4888824679601383e-08, 1.5481393906670454e-08, 9.58543126322395e-09, 5.9216246556142505e-09, 3.6303935439232928e-09, 2.208726169639627e-09, 1.3345136712237318e-09, 8.037769006351102e-10, 4.840000145598372e-10, 2.9402748529670026e-10, 1.823519292168164e-10, 1.1223339527782179e-10, 6.99780357992534e-11, 4.328433084800118e-11, 2.6584264599390827e-11, 1.6333045175996017e-11, 1.0081063996525122e-11, 6.064103950887622e-12, 3.6022914381803294e-12, 2.2509683422103916e-12, 1.4105864832715676e-12, 8.100101872522626e-13, 4.4464274138869074e-13, 2.871669503634532e-13, 1.7179585189672554e-13, 1.05068362095392e-13, 6.40734384296257e-14, 4.378760826026227e-14, 2.509317273324506e-14, 1.5055436666956225e-14]
W_list: [7.6000000000000005]
L_list: [2.2076179068208455]
