C_final_list: [1.9579955289619415e-06, 1.8331102323825643e-06, 1.714531932303518e-06, 1.6028994127782377e-06, 1.496760743790008e-06, 1.3998392829020233e-06, 1.3084323348391365e-06, 1.2230526620299363e-06, 1.142864384726762e-06, 1.0669125288497757e-06, 9.949896360682248e-07, 9.290937337651891e-07, 8.676315352058016e-07, 8.107458314331249e-07, 7.566409238769271e-07, 7.063724306007237e-07, 6.596996032037532e-07, 6.155196798660808e-07, 5.742201145712131e-07, 5.35399431161909e-07, 4.990067526416542e-07, 4.6569092885076345e-07, 4.345492938261217e-07, 4.0527057114151086e-07, 3.774697106469451e-07, 3.515381867559179e-07, 3.2755663213439307e-07, 3.0524761910108825e-07, 2.845249024712594e-07, 2.6553234515325987e-07, 2.473646407540351e-07, 2.3056708811744353e-07, 2.1464396565803174e-07, 2.0002943177556033e-07, 1.860997844138421e-07, 1.733218167350793e-07, 1.6137969430381127e-07, 1.5033521743665996e-07, 1.3994241407648098e-07, 1.302132847758878e-07, 1.214309831512893e-07, 1.1333203558499079e-07, 1.0570573021551632e-07, 9.863254174288533e-08, 9.191232134780593e-08, 8.565201709285308e-08, 7.985740596223599e-08, 7.459640991950083e-08, 6.967120519563346e-08, 6.500835469757264e-08]
ndim2: 500
W_list: [3.0999999999999996]
L_list: [14.552305203090585]
