R_list= [ 1  2  3  4  5  6  7  8  9 10 11 12 13 14 15 16 17 18 19 20 21 22 23 24
 25 26 27 28 29 30 31 32 33 34 35 36 37 38]
C_final_list= [5.891224181358707e-07, 5.594265831404857e-07, 5.298723127051791e-07, 5.01230997371925e-07, 4.736304196684127e-07, 4.475311955469787e-07, 4.2260267845931543e-07, 3.990640685304248e-07, 3.7670297522212494e-07, 3.55476092583257e-07, 3.35525025702397e-07, 3.167282350146058e-07, 2.9893659771339057e-07, 2.8203620642137163e-07, 2.6604837877334915e-07, 2.509827848007584e-07, 2.3678471723982617e-07, 2.2334559979698057e-07, 2.1056623357628935e-07, 1.9840610861890512e-07, 1.8693765228129097e-07, 1.760704788235236e-07, 1.6579096550145747e-07, 1.562255232987181e-07, 1.4714793957161868e-07, 1.386033847755741e-07, 1.3046773283351643e-07, 1.2276620362089556e-07, 1.1558459130125944e-07, 1.0882598641003682e-07, 1.0247904798949423e-07, 9.654701321010331e-08, 9.090006615441436e-08, 8.557565134684565e-08, 8.054176893261397e-08, 7.576227231020724e-08, 7.127718768999157e-08, 6.708456440941377e-08]
W_list: [6.2]
L_list: [17.228413758852405]
