R_list= [ 1  2  3  4  5  6  7  8  9 10 11 12 13 14 15 16 17 18 19 20 21 22 23 24
 25 26 27 28 29 30]
C_final_list= [6.511454325129024e-07, 5.998372125040816e-07, 5.535493557300961e-07, 5.094846927345814e-07, 4.6897320479690244e-07, 4.312342772068138e-07, 3.969334126452281e-07, 3.6559210649652616e-07, 3.3637319098213514e-07, 3.092271607291132e-07, 2.8402197310417455e-07, 2.609829595605216e-07, 2.3946250170524336e-07, 2.1961686153536686e-07, 2.01366699025026e-07, 1.847604412256052e-07, 1.6947417834187137e-07, 1.5546953149237344e-07, 1.427764768622164e-07, 1.3108559897118777e-07, 1.2022643534943777e-07, 1.1027065542255481e-07, 1.0107280472567726e-07, 9.257976701237622e-08, 8.481893077048631e-08, 7.76329804397469e-08, 7.103072786127459e-08, 6.496019194274989e-08, 5.934238554761309e-08, 5.420263937743095e-08]
W_list: [6]
L_list: [11.858981561519773]
