R_list= [ 1  2  3  4  5  6  7  8  9 10 11 12 13 14 15 16 17 18 19 20 21 22 23 24
 25 26 27 28 29 30 31 32 33 34 35 36 37 38]
C_final_list= [8.143344314591713e-07, 5.470527509277727e-07, 3.681710575350092e-07, 2.526754317878171e-07, 1.7438831224585775e-07, 1.206087584279115e-07, 8.339013447176572e-08, 5.72521325645112e-08, 3.908222487369123e-08, 2.655448416936204e-08, 1.8051995320187384e-08, 1.2274720493338891e-08, 8.352793672171812e-09, 5.667979179222625e-09, 3.848019533975382e-09, 2.617627416595547e-09, 1.7673915780034735e-09, 1.1874049153739352e-09, 8.025472092518244e-10, 5.440546963920527e-10, 3.6798341006934353e-10, 2.5028501171763514e-10, 1.694090268375957e-10, 1.1489719103943877e-10, 7.759451284318733e-11, 5.2191684407705503e-11, 3.458691118740131e-11, 2.259824025309104e-11, 1.4902621698864432e-11, 1.0050662374797866e-11, 6.697160738117382e-12, 4.458490000343272e-12, 2.9242604753814888e-12, 1.8788181548939394e-12, 1.2149022462988331e-12, 8.024108618767908e-13, 5.447669987740431e-13, 3.599235979774319e-13]
W_list: [6]
L_list: [2.5870763938416887]
