C_final_list: [9.110806757497911e-07, 8.281373070112556e-07, 7.46709509908436e-07, 6.720904327814299e-07, 6.043976443768847e-07, 5.442464499952135e-07, 4.897486722129006e-07, 4.3990463506435544e-07, 3.9524109658579516e-07, 3.5495412297096483e-07, 3.185715411584194e-07, 2.859772801990578e-07, 2.5677878082649454e-07, 2.3054223715431727e-07, 2.0709608677169192e-07, 1.8594054021118054e-07, 1.6708902110928167e-07, 1.4973714073728394e-07, 1.3425651932663826e-07, 1.2043015253682915e-07, 1.0799768802895981e-07, 9.690581972233395e-08, 8.688757009106752e-08, 7.79792620859052e-08, 6.975966831457893e-08, 6.241784401690958e-08, 5.580307340730543e-08, 5.00466687937412e-08, 4.493814257012411e-08, 4.0321577660746536e-08, 3.623713350062484e-08, 3.24591294074275e-08, 2.9106634988175324e-08, 2.607427890143517e-08, 2.3345210713767066e-08]
ndim2: 500
W_list: [3.2]
L_list: [9.4003565907228]
