C_final_list: [1.1977855297866513e-06, 1.162957762563909e-06, 1.1279350013526463e-06, 1.0936808374079197e-06, 1.0600428322349733e-06, 1.0276624098068447e-06, 9.964103860534883e-07, 9.656970213447873e-07, 9.36233627888776e-07, 9.075775301946804e-07, 8.797776129296114e-07, 8.528200145688899e-07, 8.26484425124589e-07, 8.008389304579727e-07, 7.757386284319194e-07, 7.514533012741714e-07, 7.278418589035866e-07, 7.048726075672636e-07, 6.824797087540588e-07, 6.609017584170998e-07, 6.399025085588807e-07, 6.197391350200147e-07, 6.00096963283324e-07, 5.808712607229131e-07, 5.619833074800882e-07, 5.43603102491471e-07, 5.258556713058557e-07, 5.086390402294941e-07, 4.917543492117754e-07, 4.753897583186113e-07, 4.595623270306007e-07, 4.4420667235669524e-07, 4.2930605476586687e-07, 4.149498685918106e-07, 4.0113976242292915e-07, 3.87926961204975e-07, 3.7507410136431214e-07, 3.628209313509306e-07, 3.509132285533654e-07, 3.3947954573700735e-07, 3.283970625759017e-07, 3.17613837291003e-07, 3.072690335772993e-07, 2.9721666906366e-07, 2.873937314357992e-07, 2.779850205893627e-07, 2.6877933975456616e-07, 2.598583213207752e-07, 2.513221658465342e-07, 2.431175711773428e-07]
ndim2: 500
W_list: [3.6]
L_list: [31.006528321130233]
