R_list= [ 1  2  3  4  5  6  7  8  9 10 11 12 13 14 15 16 17 18 19 20 21 22 23 24
 25 26 27 28 29 30 31 32 33 34 35 36 37 38]
C_final_list= [4.843783791984999e-07, 4.1926341305378924e-07, 3.6029243070463663e-07, 3.085587210227737e-07, 2.639571317527064e-07, 2.2591473339463737e-07, 1.9281826041041027e-07, 1.6455572679129126e-07, 1.4046991115696064e-07, 1.198012648733533e-07, 1.0211479107005685e-07, 8.690471745910794e-08, 7.388929628421268e-08, 6.28278864696812e-08, 5.3295043902236856e-08, 4.523130880854064e-08, 3.8329443128784495e-08, 3.247600672936945e-08, 2.750957944921468e-08, 2.325993394769463e-08, 1.967514519240403e-08, 1.6647020365669222e-08, 1.4084662541647422e-08, 1.1946634987812019e-08, 1.0150127158565182e-08, 8.616039299422205e-09, 7.320180394702853e-09, 6.213255579095336e-09, 5.280268591325009e-09, 4.4898983226524576e-09, 3.824367047996131e-09, 3.264013420345927e-09, 2.7960989970521293e-09, 2.3926439396999848e-09, 2.0397760842121775e-09, 1.7306433654778233e-09, 1.4667917856632122e-09, 1.2455145775650567e-09]
W_list: [7]
L_list: [6.38574178568709]
