R_list= [ 1  2  3  4  5  6  7  8  9 10 11 12 13 14 15 16 17 18 19 20 21 22 23 24
 25 26 27 28 29 30 31 32 33 34 35 36 37 38]
C_final_list= [5.591225531061465e-06, 4.691970599030771e-06, 3.890377037765978e-06, 3.2117740037480243e-06, 2.649117535117589e-06, 2.1824295315511213e-06, 1.7998790568283251e-06, 1.483259321229348e-06, 1.2207804620206645e-06, 1.0039216860500644e-06, 8.23852754892743e-07, 6.754494623593116e-07, 5.538448448886576e-07, 4.532840677338206e-07, 3.7069201931573255e-07, 3.0286878766869816e-07, 2.47444709184284e-07, 2.0247917647237405e-07, 1.6593640484642115e-07, 1.3585748853398973e-07, 1.1125888743797753e-07, 9.12708009750782e-08, 7.488265794202973e-08, 6.150761952288615e-08, 5.05230211589354e-08, 4.151690334868825e-08, 3.410198148992953e-08, 2.800556899084821e-08, 2.297968423171015e-08, 1.887731871047006e-08, 1.5495359273256038e-08, 1.2735631768057002e-08, 1.048276624949481e-08, 8.631529753207565e-09, 7.1019788282891265e-09, 5.846532592978089e-09, 4.822056079863798e-09, 3.977204721915527e-09]
W_list: [8.5]
L_list: [5.229211008583906]
