C_final_list: [1.028699484468238e-06, 9.910234233621947e-07, 9.533255296745637e-07, 9.169009785506852e-07, 8.813912191067248e-07, 8.471335281391567e-07, 8.142918290992035e-07, 7.82817286543035e-07, 7.528964436591032e-07, 7.239127729666981e-07, 6.960148927947023e-07, 6.690757415507785e-07, 6.429604117114689e-07, 6.180083207942547e-07, 5.940815217998872e-07, 5.709068042324345e-07, 5.484175574837178e-07, 5.267040869420634e-07, 5.059314570091431e-07, 4.860585793681907e-07, 4.6698190948178515e-07, 4.485543465761938e-07, 4.308661450619754e-07, 4.1386508598889746e-07, 3.9751934995827876e-07, 3.8176400258895907e-07, 3.6649989621562277e-07, 3.517928554250519e-07, 3.377743668646728e-07, 3.2425472876995137e-07, 3.112028091609173e-07, 2.9855197527919095e-07, 2.864667217677506e-07, 2.748391150081782e-07, 2.636615589909313e-07, 2.5295798247155997e-07, 2.426493646318883e-07, 2.3275167517925698e-07, 2.2313154769764446e-07, 2.1398325385942457e-07, 2.051577760481923e-07, 1.9672265061441494e-07, 1.8856332247867152e-07, 1.8067640427263972e-07, 1.730745389520417e-07, 1.6587023992609856e-07, 1.5891242783730086e-07, 1.5227677005964782e-07, 1.4586390302631023e-07, 1.3974576684803182e-07]
ndim2: 500
W_list: [3.8]
L_list: [24.91763907438768]
