C_final_list: [2.1230259591949185e-06, 2.1063958720589884e-06, 2.0900726218202534e-06, 2.074432471001274e-06, 2.0593940136029925e-06, 2.0445649439029743e-06, 2.0299725720492042e-06, 2.0156041667289963e-06, 2.0013397623629543e-06, 1.987029075216202e-06, 1.9727926647053557e-06, 1.958955619229583e-06, 1.945339683292899e-06, 1.9316539042653154e-06, 1.918142516186635e-06, 1.9047745678324461e-06, 1.8914474834402672e-06, 1.878194182233187e-06, 1.865104306696358e-06, 1.85202785584144e-06, 1.8390548653277716e-06, 1.8260353671616893e-06, 1.8133053756503697e-06, 1.8007552832439528e-06, 1.788232621396451e-06, 1.7758521567216582e-06, 1.7635120336356574e-06, 1.7513040459366164e-06, 1.7391531942351015e-06, 1.727008659616249e-06, 1.71499790918041e-06, 1.7029991220890963e-06, 1.691112237060053e-06, 1.6793127441124451e-06, 1.6675797408484984e-06, 1.6560803523689697e-06, 1.6445330120444137e-06, 1.6329567045411009e-06, 1.6216306412811164e-06, 1.610363666837285e-06, 1.5991980551913582e-06, 1.5880538795085842e-06, 1.5770539978869947e-06, 1.5661172423419495e-06, 1.555294591803873e-06, 1.5445906422061544e-06, 1.533910682773572e-06, 1.5233223306137452e-06, 1.5128594685039883e-06, 1.5025196925329702e-06]
ndim2: 500
W_list: [2.0]
L_list: [142.32821175821533]
