R_list= [ 1  2  3  4  5  6  7  8  9 10 11 12 13 14 15 16 17 18 19 20 21 22 23 24
 25 26 27 28 29 30 31 32 33 34 35 36 37 38]
C_final_list= [3.790373261140175e-07, 3.4862770259926585e-07, 3.183068112172591e-07, 2.895085193659468e-07, 2.6241389098923406e-07, 2.3737258633729826e-07, 2.144706906624222e-07, 1.9364139291059745e-07, 1.746973375177468e-07, 1.5772067787274826e-07, 1.422742945770237e-07, 1.282310840027867e-07, 1.1554607769716719e-07, 1.0399574636444414e-07, 9.349046756444158e-08, 8.401657913655268e-08, 7.541983347609628e-08, 6.770678949567954e-08, 6.078017247175386e-08, 5.458190550043752e-08, 4.897035635684925e-08, 4.392646842909694e-08, 3.936464846395096e-08, 3.5261974959589266e-08, 3.1557948741372853e-08, 2.8275377133654614e-08, 2.5345170080742675e-08, 2.2728581051958602e-08, 2.037924927839428e-08, 1.8288856329443025e-08, 1.641492738101661e-08, 1.4714237985765499e-08, 1.3190265619040766e-08, 1.1833046525458985e-08, 1.0606940890719612e-08, 9.494804690172653e-09, 8.497705971222085e-09, 7.604307672289435e-09]
W_list: [7.8]
L_list: [9.8436866351711]
