R_list= [ 1  2  3  4  5  6  7  8  9 10 11 12 13 14 15 16 17 18 19 20 21 22 23 24
 25 26 27 28 29 30 31 32 33 34 35 36 37 38]
C_final_list= [9.54089541347389e-07, 8.437604633334723e-07, 7.433302051643219e-07, 6.552362000435788e-07, 5.76956553361813e-07, 5.084280480214855e-07, 4.470759254338285e-07, 3.9321861393064973e-07, 3.4598481246188115e-07, 3.0340493449698984e-07, 2.6662375319053847e-07, 2.3431339461267536e-07, 2.0557061369023157e-07, 1.8024459113176827e-07, 1.579044627506e-07, 1.3813267564219798e-07, 1.2044186544175894e-07, 1.0506538436888036e-07, 9.143395609781372e-08, 7.948996540796566e-08, 6.916348705917274e-08, 6.012809497126792e-08, 5.232764222744584e-08, 4.559229651092746e-08, 3.970878717716e-08, 3.455972862779773e-08, 3.0072026287164095e-08, 2.623838849911112e-08, 2.2893561790079658e-08, 1.99438625856268e-08, 1.7403216004365677e-08, 1.5161710415104782e-08, 1.3212158677204074e-08, 1.1521760493093949e-08, 1.0035104694350878e-08, 8.742186484616047e-09, 7.611825141084404e-09, 6.645092140077432e-09]
W_list: [6]
L_list: [7.755637150708989]
