R_list= [ 1  2  3  4  5  6  7  8  9 10 11 12 13 14 15 16 17 18 19 20 21 22 23 24
 25 26 27 28 29 30]
C_final_list= [8.370596170894058e-08, 4.576939508687287e-08, 2.227395486095024e-08, 1.0440007893219639e-08, 4.846351426754583e-09, 2.2430248091713066e-09, 1.037132637466841e-09, 4.812575732980886e-10, 2.199671642137307e-10, 9.842420187216745e-11, 4.352766600769311e-11, 1.9099889416182837e-11, 8.365048704381097e-12, 3.6959456392092e-12, 1.6459406225365753e-12, 7.174800075579258e-13, 3.0362258549480974e-13, 1.2660577451908746e-13, 5.0652679876389605e-14, 2.0270051013559227e-14, 8.145912464226536e-15, 3.201654118844115e-15, 1.2448886560639448e-15, 4.617612715575502e-16, 1.6483039220006575e-16, 5.975126052586864e-17, 2.2629531715946378e-17, 8.59227682284268e-18, 3.1973796388801006e-18, 1.1802240399045718e-18]
W_list: [6]
L_list: [1.5093606678813016]
