C_final_list: [1.7431656410072526e-06, 1.6887220365754794e-06, 1.6408063298942872e-06, 1.5895141208218862e-06, 1.5410440727001682e-06, 1.4945761740875868e-06, 1.4486806576167527e-06, 1.4047610953697888e-06, 1.3613503660164726e-06, 1.3190746220800127e-06, 1.2780656786904488e-06, 1.2382978723295803e-06, 1.1999882903066986e-06, 1.1623641140294593e-06, 1.1264049584444934e-06, 1.0920250571645413e-06, 1.058384416299274e-06, 1.025745993203161e-06, 9.94362172971296e-07, 9.632198814128563e-07, 9.333264632612294e-07, 9.0398768810791e-07, 8.759228384599224e-07, 8.48856216840927e-07, 8.224927191575828e-07, 7.973042123532534e-07, 7.731184109324852e-07, 7.494725417651166e-07, 7.266429441537279e-07, 7.040804591257668e-07, 6.823331259961979e-07, 6.613237942936933e-07, 6.409095344055519e-07, 6.207066557802249e-07, 6.01165701905347e-07]
ndim2: 500
W_list: [1.6]
L_list: [31.9290926167681]
