C_list:
8.238371650694352e-07 0.1603916439042051
ndim2: 500
W_list: [4.0]
L_list: [6.234738766049784]
