C_final_list: [1.8817711667748506e-06, 1.6482878196124642e-06, 1.4377378812914989e-06, 1.2522578553360404e-06, 1.0914385502983076e-06, 9.513230656877329e-07, 8.265295730276904e-07, 7.162399837066396e-07, 6.215814313910009e-07, 5.39753624776812e-07, 4.6947491589345736e-07, 4.064369041374425e-07, 3.5359531785291246e-07, 3.0632395246426437e-07, 2.6441041213951346e-07, 2.2849858486648258e-07, 1.9885483161479159e-07, 1.7212541635955303e-07, 1.4934429873154698e-07, 1.2944137191602725e-07, 1.123472050900606e-07, 9.753063235875599e-08, 8.456629304818391e-08, 7.354717319022843e-08, 6.372321511547806e-08, 5.5037766721513184e-08, 4.739360841868972e-08, 4.082572938784989e-08, 3.530237329948244e-08, 3.0472430815201576e-08, 2.621359147229901e-08, 2.2473152199402638e-08, 1.9334930353886727e-08, 1.6618527085283188e-08, 1.429203903779077e-08]
ndim2: 500
W_list: [2.6]
L_list: [7.160444318047915]
