R_list= [ 1  2  3  4  5  6  7  8  9 10 11 12 13 14 15 16 17 18 19 20 21 22 23 24
 25 26 27 28 29 30 31 32]
C_final_list= [2.5508777904014447e-07, 1.6964329507005936e-07, 1.0764417316767757e-07, 6.791890336314484e-08, 4.277230241440353e-08, 2.6783326415499774e-08, 1.6775051286592816e-08, 1.0458553169964515e-08, 6.47708585297351e-09, 3.99429352895521e-09, 2.4746055041334035e-09, 1.5379372878658565e-09, 9.55510182917513e-10, 5.945467426052735e-10, 3.6815035398030566e-10, 2.247640276855673e-10, 1.358377124333954e-10, 8.226299731262699e-11, 4.97904717050224e-11, 3.017770339984556e-11, 1.838464372639244e-11, 1.13349202439629e-11, 6.974977833119553e-12, 4.310989486103343e-12, 2.7212809091682365e-12, 1.7124177424946957e-12, 1.093703658747751e-12, 7.34719144249172e-13, 5.23626456921956e-13, 4.0272044378604787e-13, 3.090798248540116e-13, 2.2701899012451218e-13]
W_list: [6]
L_list: [2.2641626637138614]
