R_list= [ 1  2  3  4  5  6  7  8  9 10 11 12 13 14 15 16 17 18 19 20 21 22 23 24
 25 26 27 28 29 30 31 32 33 34 35 36 37 38]
C_final_list= [1.953549975786409e-07, 1.7275077660700678e-07, 1.5080225872723267e-07, 1.3070329335201345e-07, 1.1288111372627272e-07, 9.747459990361917e-08, 8.397910137309559e-08, 7.21524544482224e-08, 6.191952355221427e-08, 5.3126638980395406e-08, 4.552825007783331e-08, 3.9035283900213487e-08, 3.342065716905035e-08, 2.8559834553206293e-08, 2.438006237782969e-08, 2.0821108768978626e-08, 1.776853987748752e-08, 1.515273957599376e-08, 1.2913403050386541e-08, 1.1004451188148982e-08, 9.355990719404567e-09, 7.952594176549745e-09, 6.7534378152728584e-09, 5.741278615848266e-09, 4.877633578244235e-09, 4.139261236358021e-09, 3.518276045875264e-09, 2.993904696405979e-09, 2.5498270527172407e-09, 2.171391947203809e-09, 1.8467661361855188e-09, 1.5683278240837368e-09, 1.3285556429524291e-09, 1.1261175455771342e-09, 9.552080545831553e-10, 8.097897994881035e-10, 6.883460945328075e-10, 5.84817047078267e-10]
W_list: [8.4]
L_list: [6.788195051364246]
