R_list= [ 1  2  3  4  5  6  7  8  9 10 11 12 13 14 15 16 17 18 19 20 21 22 23 24
 25 26 27 28 29 30 31 32 33 34 35 36 37 38]
C_final_list= [3.745868779774017e-05, 2.4905037583679685e-05, 1.649588859463788e-05, 1.0882986164643912e-05, 7.179760070024567e-06, 4.7203158910708455e-06, 3.1029233429987795e-06, 2.0298426298395786e-06, 1.3291158247867845e-06, 8.738539089471915e-07, 5.737136244697322e-07, 3.771782668740152e-07, 2.4809183927012166e-07, 1.6216746458118243e-07, 1.0618776992395068e-07, 6.948596562486144e-08, 4.557826490296413e-08, 3.00506623338752e-08, 1.9756081265483126e-08, 1.306677430339983e-08, 8.711623059683104e-09, 5.820592328740747e-09, 3.88276899804783e-09, 2.585931464577496e-09, 1.718866620929616e-09, 1.149481499380277e-09, 7.643316178837349e-10, 5.122541353956638e-10, 3.410706537225141e-10, 2.2711424415300892e-10, 1.5141273640390518e-10, 9.711820616719722e-11, 6.149342800701895e-11, 3.8712563285340974e-11, 2.497561042034331e-11, 1.6111238640799198e-11, 1.0374796436896886e-11, 6.8329708684094415e-12]
W_list: [8.0]
L_list: [2.4219350741530468]
