R_list= [ 1  2  3  4  5  6  7  8  9 10 11 12 13 14 15 16 17 18 19 20 21 22 23 24
 25 26 27 28 29 30 31 32 33 34 35 36 37 38]
C_final_list= [3.947090228143284e-07, 1.5950745902163192e-07, 5.1173339695221545e-08, 1.4530314998394508e-08, 3.856633246759276e-09, 9.832349584053729e-10, 2.446039478120055e-10, 5.986816402837162e-11, 1.4540441207847277e-11, 3.5239186317816615e-12, 8.565452307327501e-13, 2.0940762215347227e-13, 5.1484976826494826e-14, 1.2988933647843718e-14, 3.278918750018396e-15, 8.077606152740896e-16, 1.9736927515090394e-16, 4.8248403467292256e-17, 1.206841827731842e-17, 3.128956134009734e-18, 7.823926204470141e-19, 1.9828664210570182e-19, 5.026599692857578e-20, 1.3906511667081184e-20, 4.548631550001038e-21, 1.897582663962856e-21, 1.061480430529796e-21, 7.587899742807225e-22, 6.357306573960396e-22, 5.872040164302356e-22, 5.649808394308916e-22, 5.527514392336224e-22, 5.63839867606444e-22, 5.891254850730199e-22, 6.088526836453044e-22, 6.12347367700411e-22, 6.113944219065834e-22, 6.064581284424048e-22]
W_list: [6]
L_list: [1.032485923108424]
