C_final_list: [2.1962923540249265e-06, 1.991287765496069e-06, 1.7973343976497228e-06, 1.6193200421179048e-06, 1.4621113009181912e-06, 1.3185248394532587e-06, 1.1856152971591088e-06, 1.065186748587324e-06, 9.58578981844922e-07, 8.613051786568813e-07, 7.75957003038637e-07, 6.980633652789902e-07, 6.279594619660263e-07, 5.65427454435674e-07, 5.089411078009932e-07, 4.571546982780024e-07, 4.1038783433932806e-07, 3.6949483160752015e-07, 3.307949618100991e-07, 2.9581138374153985e-07, 2.6500421575607166e-07, 2.375733869050603e-07, 2.1283673392939396e-07, 1.904396868622226e-07, 1.7056624230638222e-07, 1.5275105099787306e-07, 1.3673351416819512e-07, 1.2256276151853614e-07, 1.0957702707901422e-07, 9.812455677104406e-08, 8.774303841198358e-08, 7.858726222842596e-08, 7.03215730201917e-08, 6.277672171343339e-08, 5.596428867476923e-08, 4.981099348748636e-08, 4.4448787920474745e-08, 3.962603630488624e-08, 3.5323229404708466e-08, 3.150845902972711e-08, 2.813406199692533e-08, 2.5044115672258587e-08, 2.230720273406842e-08, 1.9872135110281358e-08, 1.769589784674097e-08, 1.57475138632069e-08, 1.3996753316233979e-08, 1.2446000283919077e-08, 1.108366187389754e-08, 9.877142566675122e-09]
ndim2: 500
W_list: [2.6]
L_list: [9.485316902111434]
