C_final_list: [1.4556937626534966e-06, 1.3816328137560624e-06, 1.3085089062659575e-06, 1.2390352946781323e-06, 1.1723810187220083e-06, 1.1090859322583693e-06, 1.0483317432807618e-06, 9.914356472596387e-07, 9.384888752312662e-07, 8.884878082284655e-07, 8.411284205209307e-07, 7.961490332835685e-07, 7.532001621446385e-07, 7.128775048028459e-07, 6.744428361735606e-07, 6.380556915122994e-07, 6.039132300367735e-07, 5.715544789923875e-07, 5.413315830507174e-07, 5.128717676811381e-07, 4.857598319070817e-07, 4.60392229322961e-07, 4.360451654889344e-07, 4.130878790794098e-07, 3.9110898968820453e-07, 3.7055853921511053e-07, 3.5081080129602885e-07, 3.3209184201087306e-07, 3.1428418196748416e-07, 2.9744375915766796e-07, 2.814773407541944e-07, 2.664447167731462e-07, 2.522464170576665e-07, 2.3873885088577024e-07, 2.2588866294931856e-07, 2.1372518486762693e-07, 2.0208063971163167e-07, 1.9120110838125375e-07, 1.8076040590521294e-07, 1.7077523274463157e-07, 1.6141902382781875e-07, 1.5246130058359179e-07, 1.439825963336875e-07, 1.3606091230242635e-07, 1.2862544165311824e-07, 1.2159969608329138e-07, 1.149284194331204e-07, 1.0863582536629063e-07, 1.0257556983795836e-07, 9.683580556643157e-08]
ndim2: 500
W_list: [3.6]
L_list: [18.190923275623547]
