R_list= [ 1  2  3  4  5  6  7  8  9 10 11 12 13 14 15 16 17 18 19 20 21 22 23 24
 25 26 27 28 29 30 31 32 33 34 35 36 37 38]
C_final_list= [4.0313187048551345e-07, 3.5937305919087586e-07, 3.176129007411436e-07, 2.7985096619148325e-07, 2.4615814078776224e-07, 2.1638997889874195e-07, 1.8988225903434088e-07, 1.6670162398459373e-07, 1.4619660750153085e-07, 1.2821190442926632e-07, 1.1224948521632824e-07, 9.820485305861506e-08, 8.589655212967762e-08, 7.506871432674791e-08, 6.553845248124062e-08, 5.7222263640022736e-08, 4.9870449704484234e-08, 4.345824246513307e-08, 3.787091117485005e-08, 3.297449400333606e-08, 2.8684789113240418e-08, 2.4929589154362113e-08, 2.164958856670519e-08, 1.8815161038378982e-08, 1.6339173039539505e-08, 1.421071971119129e-08, 1.2382841365486235e-08, 1.0785597470159222e-08, 9.393412688257319e-09, 8.205541437001794e-09, 7.1798873693653645e-09, 6.277683490704309e-09, 5.4851835475864414e-09, 4.7852373044859765e-09, 4.1768472566470845e-09, 3.638932925942234e-09, 3.1656993141705797e-09, 2.7546132390628046e-09]
W_list: [7]
L_list: [7.6999314848495315]
