C_final_list: [1.7272659680551295e-06, 1.60164228476768e-06, 1.4818953550576714e-06, 1.3664778759367988e-06, 1.2586331953959684e-06, 1.1615824945692238e-06, 1.0710623751462868e-06, 9.893838613437806e-07, 9.145062346336741e-07, 8.44508919754608e-07, 7.797261144605152e-07, 7.194437817359758e-07, 6.628158383291852e-07, 6.117275537331603e-07, 5.644855412329435e-07, 5.207157253576565e-07, 4.796039648164417e-07, 4.4204881596285343e-07, 4.078721172745075e-07, 3.7588762373590367e-07, 3.4586704550504296e-07, 3.179910746842801e-07, 2.9270634253885134e-07, 2.693621944276523e-07, 2.474837839816204e-07, 2.2744577745949335e-07, 2.0906532843549423e-07, 1.9180096564545064e-07, 1.7604167007545174e-07, 1.6185486470188782e-07, 1.4847921807704332e-07, 1.3618102140545092e-07, 1.2489703700560028e-07, 1.1463185396456316e-07, 1.0493700297427548e-07]
ndim2: 500
W_list: [2.0]
L_list: [12.385183784685497]
