C_final_list: [1.949742810296976e-06, 1.9002778805720029e-06, 1.8520987827116672e-06, 1.8055347732848717e-06, 1.760575178172164e-06, 1.71620283528976e-06, 1.6729618002776894e-06, 1.6307572093340431e-06, 1.5894028629536598e-06, 1.548594337480946e-06, 1.5094633959854006e-06, 1.4715080794828041e-06, 1.4345345708830577e-06, 1.398150770473608e-06, 1.3623770740379686e-06, 1.3270940935800408e-06, 1.2931327953578714e-06, 1.259689309165474e-06, 1.2267557270816737e-06, 1.1948219011455303e-06, 1.1638027824684445e-06, 1.1334880451173367e-06, 1.1040794729143992e-06, 1.0752618939000801e-06, 1.0470251447885172e-06, 1.0197850828052431e-06, 9.931070719075812e-07, 9.669637280144728e-07, 9.415036637418311e-07, 9.168111887857678e-07, 8.924250271005375e-07, 8.688970094138115e-07, 8.458428053121261e-07, 8.233315512977539e-07, 8.01609619995295e-07, 7.801511742567955e-07, 7.592217653492157e-07, 7.390192395878491e-07, 7.193296563020136e-07, 6.998867150865553e-07, 6.810917716774912e-07, 6.626921719252721e-07, 6.447609590640762e-07, 6.272503416000228e-07, 6.101108470416021e-07, 5.93572992765266e-07, 5.773048796929216e-07, 5.615059247324765e-07, 5.461274258287722e-07, 5.311454129502877e-07]
ndim2: 500
W_list: [2.8]
L_list: [38.0376475766412]
