R_list= [ 1  2  3  4  5  6  7  8  9 10 11 12 13 14 15 16 17 18 19 20 21 22 23 24
 25 26 27 28 29 30 31 32 33 34 35 36 37 38]
C_final_list= [1.308700686152104e-06, 9.986916568114452e-07, 7.793447484320016e-07, 6.18474760415719e-07, 4.902545577375839e-07, 3.8894271292903874e-07, 3.0880674398800794e-07, 2.452987531788961e-07, 1.9535170911020342e-07, 1.5559304549289092e-07, 1.2373640798676086e-07, 9.809691599839107e-08, 7.738787149553012e-08, 6.07948137398678e-08, 4.7590316580301305e-08, 3.741802748885232e-08, 2.961936822826349e-08, 2.3565070948913768e-08, 1.8756490973347745e-08, 1.4862673316682842e-08, 1.1702758767018681e-08, 9.187145191256603e-09, 7.207017507385534e-09, 5.638328857054671e-09, 4.3886366515175816e-09, 3.4135830744157423e-09, 2.6581293735984756e-09, 2.0778475905604397e-09, 1.6224788578232009e-09, 1.2703487162247503e-09, 9.971509905345955e-10, 7.836059436506255e-10, 6.118170401891727e-10, 4.764926734342988e-10, 3.7151064900700105e-10, 2.8946727820396974e-10, 2.2450458239866802e-10, 1.7358280269876727e-10]
W_list: [5]
L_list: [4.168737801236915]
