R_list= [ 1  2  3  4  5  6  7  8  9 10 11 12 13 14 15 16 17 18 19 20 21 22 23 24
 25 26 27 28 29 30 31 32 33 34 35 36 37 38]
C_final_list= [8.515029790381647e-07, 7.803625753905137e-07, 7.129367567664162e-07, 6.509133280143102e-07, 5.932169261824877e-07, 5.410417018508962e-07, 4.931676098331395e-07, 4.494734806278738e-07, 4.0942156889186195e-07, 3.724762389544328e-07, 3.3885490741840617e-07, 3.0840479899509046e-07, 2.802496987452838e-07, 2.543893129039135e-07, 2.3079566861934987e-07, 2.0923159009676488e-07, 1.89772583923798e-07, 1.718296658285895e-07, 1.555611060090715e-07, 1.408333308863688e-07, 1.2741170066058085e-07, 1.1525079034974852e-07, 1.0422252621028206e-07, 9.428809820577856e-08, 8.50940421975804e-08, 7.675538471321481e-08, 6.921454517219778e-08, 6.241119591386964e-08, 5.6226897745364034e-08, 5.0667061998913455e-08, 4.569054615573817e-08, 4.118584263084105e-08, 3.710331930009798e-08, 3.3381900940473336e-08, 3.006775386840342e-08, 2.7114847913730445e-08, 2.4460476284532437e-08, 2.207382830800384e-08]
W_list: [6]
L_list: [10.565135249821635]
