C_final_list: [1.9662689571555085e-06, 1.9142579209159173e-06, 1.8634358616258152e-06, 1.8137621179615088e-06, 1.7652729917321643e-06, 1.7180572838158275e-06, 1.6730349889108378e-06, 1.629453829863772e-06, 1.587234913180002e-06, 1.5454445325585372e-06, 1.5049502683134678e-06, 1.4651394320977873e-06, 1.425845616842833e-06, 1.3885503200479e-06, 1.351711026114988e-06, 1.316261749648898e-06, 1.2820212853881859e-06, 1.2483230398964637e-06, 1.2157186852967675e-06, 1.1836698648809282e-06, 1.1525837941416811e-06, 1.1222492566783326e-06, 1.0927953272107336e-06, 1.0642830406507293e-06, 1.0365665106392115e-06, 1.00907979631966e-06, 9.8253936644702e-07, 9.564734563239633e-07, 9.311624004278365e-07, 9.059208890425153e-07, 8.814608012907361e-07, 8.574854575369222e-07, 8.343104625863635e-07, 8.115989543756992e-07, 7.896114249844757e-07, 7.682374264592354e-07, 7.472269382745015e-07, 7.269137120114842e-07, 7.072908372090474e-07, 6.881500130926532e-07, 6.694193783112115e-07, 6.512871611255244e-07, 6.335753830137028e-07, 6.163543199274621e-07, 5.994967333114233e-07, 5.830654764433297e-07, 5.670431858244571e-07, 5.513418827075459e-07, 5.359381839771312e-07, 5.208473098073373e-07]
ndim2: 500
W_list: [2.8499999999999996]
L_list: [37.203441049878464]
