R_list= [ 1  2  3  4  5  6  7  8  9 10 11 12 13 14 15 16 17 18 19 20 21 22 23 24
 25 26 27 28 29 30 31 32 33 34 35 36 37 38]
C_final_list= [1.2432616628478417e-06, 1.0628397585057191e-06, 9.278114887646902e-07, 8.166494268841539e-07, 7.185957935716529e-07, 6.314253212452374e-07, 5.53404977885857e-07, 4.841977073671775e-07, 4.2304463216611166e-07, 3.6913095171995887e-07, 3.2188274097286843e-07, 2.807995764570643e-07, 2.4481869544590437e-07, 2.1345476231841997e-07, 1.861129901224629e-07, 1.6222352794376132e-07, 1.414809427454981e-07, 1.2356231711069963e-07, 1.0777399203036377e-07, 9.392731456755268e-08, 8.193388489430137e-08, 7.156393441462452e-08, 6.23902555893792e-08, 5.432839008596753e-08, 4.729779303647979e-08, 4.121435208113657e-08, 3.588729846610417e-08, 3.124569355793964e-08, 2.7196257030191695e-08, 2.3658962049824723e-08, 2.055922687024287e-08, 1.7865398789792558e-08, 1.5533369738482683e-08, 1.3503712934285224e-08, 1.1730932164444163e-08, 1.0180265577823688e-08, 8.824433171427297e-09, 7.645307008901041e-09]
W_list: [5]
L_list: [7.431708688068431]
