R_list= [ 1  2  3  4  5  6  7  8  9 10 11 12 13 14 15 16 17 18 19 20 21 22 23 24
 25 26 27 28 29 30 31 32 33 34 35 36 37 38]
C_final_list= [1.133548293835342e-06, 1.0532326153799734e-06, 9.745571616633342e-07, 9.001201478082365e-07, 8.313516016606131e-07, 7.678858113274108e-07, 7.092323879502623e-07, 6.550348642931534e-07, 6.044981104898393e-07, 5.580704892849712e-07, 5.146429466772066e-07, 4.7454626686810827e-07, 4.3713276734705976e-07, 4.028129532040776e-07, 3.713966938998447e-07, 3.42096496764485e-07, 3.1505543834493176e-07, 2.9000180310951634e-07, 2.6690545306638925e-07, 2.45760987872627e-07, 2.2621990884089917e-07, 2.0810135957729496e-07, 1.9129238372303326e-07, 1.7562239923797507e-07, 1.6127227297313042e-07, 1.479838595625773e-07, 1.3573702282677763e-07, 1.245702366621832e-07, 1.1437178439131077e-07, 1.0495988460226775e-07, 9.624927375436135e-08, 8.828320990301685e-08, 8.090502872459077e-08, 7.415263529539779e-08, 6.799765842933672e-08, 6.237485667312968e-08, 5.718721479850577e-08, 5.240189696000012e-08]
W_list: [7.0]
L_list: [12.352395902259389]
