R_list= [ 1  2  3  4  5  6  7  8  9 10 11 12 13 14 15 16 17 18 19 20 21 22 23 24
 25 26 27 28 29 30 31 32 33 34 35 36 37 38]
C_final_list= [8.550211613561195e-07, 7.820440576214086e-07, 7.1342598271313e-07, 6.508509971671465e-07, 5.932241148954681e-07, 5.411568989093867e-07, 4.935419248363823e-07, 4.4936909821520303e-07, 4.0922810399514134e-07, 3.7260379883855357e-07, 3.394310917783394e-07, 3.091418537748055e-07, 2.814922192293786e-07, 2.5620662402100237e-07, 2.3301371272171586e-07, 2.1161631454271803e-07, 1.9213785718335329e-07, 1.7439037473905178e-07, 1.5822424432123024e-07, 1.4369220544842005e-07, 1.304387292691024e-07, 1.1827992080803867e-07, 1.0705232551259284e-07, 9.678913012682896e-08, 8.756121045342007e-08, 7.921510672768713e-08, 7.161158330901927e-08, 6.478813713160272e-08, 5.855061460906814e-08, 5.2883769993920254e-08, 4.772065420162107e-08, 4.304211205543615e-08, 3.8891545467633866e-08, 3.513551418779719e-08, 3.174925765983217e-08, 2.869952559088186e-08, 2.595106584979105e-08, 2.348559620672859e-08]
W_list: [6]
L_list: [10.639452718770093]
