R_list= [ 1  2  3  4  5  6  7  8  9 10 11 12 13 14 15 16 17 18 19 20 21 22 23 24
 25 26 27 28 29 30 31 32 33 34 35 36 37 38]
C_final_list= [2.241777404042324e-07, 1.950740512992731e-07, 1.673713251910535e-07, 1.4260791901448672e-07, 1.2108385813413062e-07, 1.0254181104894583e-07, 8.666786108192845e-08, 7.322206388091082e-08, 6.168893505814671e-08, 5.192888219177128e-08, 4.36716897902319e-08, 3.675447662061341e-08, 3.0930519181034945e-08, 2.6003469579897267e-08, 2.1847591423582777e-08, 1.8316400929465944e-08, 1.5335304398765938e-08, 1.2837318162985732e-08, 1.0730451507709554e-08, 8.971910780433665e-09, 7.495149268925748e-09, 6.259863966135277e-09, 5.23376567362561e-09, 4.373149354534925e-09, 3.6518110261606907e-09, 3.0498423044967103e-09, 2.5473413848696097e-09, 2.126707959478731e-09, 1.7790878292780413e-09, 1.4869345016979978e-09, 1.2410309789392275e-09, 1.0362800847957209e-09, 8.644087205460074e-10, 7.216199877328242e-10, 6.034229667348084e-10, 5.025257961746479e-10, 4.186980266125812e-10, 3.4871933832632754e-10]
W_list: [9.2]
L_list: [6.098324744455323]
