C_final_list: [1.6609874584202006e-06, 1.6347762522950788e-06, 1.609148670094291e-06, 1.5841418604509142e-06, 1.559447388321003e-06, 1.5353200973313903e-06, 1.5116451229936413e-06, 1.4881513510382273e-06, 1.4651346025847984e-06, 1.4425792123267397e-06, 1.4207799758029763e-06, 1.39906448121107e-06, 1.3776768191247193e-06, 1.3566468314737654e-06, 1.3357138594890935e-06, 1.3151901097608272e-06, 1.2948419976530013e-06, 1.2749352841003765e-06, 1.2554822240604921e-06, 1.2360655618910965e-06, 1.216961219290864e-06, 1.1982789403849069e-06, 1.1794924227887373e-06, 1.1609305759191784e-06, 1.142795142035288e-06, 1.1250026159898907e-06, 1.1074271950939525e-06, 1.0901682886597109e-06, 1.0732641518279165e-06, 1.056540250717546e-06, 1.0399642930147908e-06, 1.0238247055583658e-06, 1.00803046138122e-06, 9.924382554755037e-07, 9.770605864577e-07, 9.619323922085167e-07, 9.469174166583828e-07, 9.322264636027667e-07, 9.176150754430849e-07, 9.032903880041482e-07, 8.890525035104712e-07, 8.751803012935028e-07, 8.613465155806583e-07, 8.477042600229113e-07, 8.342146782504386e-07, 8.208507604074725e-07, 8.077679754199935e-07, 7.949637565455868e-07, 7.822855094852929e-07, 7.697997435321485e-07]
ndim2: 500
W_list: [3.0]
L_list: [63.992224022421766]
