R_list= [ 1  2  3  4  5  6  7  8  9 10 11 12 13 14 15 16 17 18 19 20 21 22 23 24
 25 26 27 28 29 30 31 32 33 34 35 36 37 38]
C_final_list= [5.818232393993131e-07, 4.818609364196665e-07, 3.970946539547485e-07, 3.276303467105157e-07, 2.7012409751816915e-07, 2.2177983338087757e-07, 1.8172782871452667e-07, 1.4885483510879657e-07, 1.2158045358697195e-07, 9.939605311789996e-08, 8.120350226395067e-08, 6.623877528880278e-08, 5.394694533739235e-08, 4.400834227614288e-08, 3.584015973472841e-08, 2.9087400700815668e-08, 2.359995762017612e-08, 1.9126752321160083e-08, 1.548318124800727e-08, 1.2581774527926966e-08, 1.0200780286968662e-08, 8.266361748976182e-09, 6.672183808999821e-09, 5.37689585625008e-09, 4.350099363773507e-09, 3.527257569940889e-09, 2.8455044657421614e-09, 2.2930530691648188e-09, 1.8614404458637223e-09, 1.5067778829716068e-09, 1.2193316354916572e-09, 9.88253327146617e-10, 8.053129180510356e-10, 6.559530435376086e-10, 5.347411502835e-10, 4.3681743071052734e-10, 3.5638342323554064e-10, 2.9166290511748903e-10]
W_list: [7]
L_list: [5.0986771149273915]
