C_final_list: [1.427928463641196e-06, 1.3977127716677813e-06, 1.3670546371996566e-06, 1.3373847823279872e-06, 1.30851133093898e-06, 1.2801108979591522e-06, 1.252487537006936e-06, 1.2256068329829146e-06, 1.1991632082175833e-06, 1.1736353026779627e-06, 1.1485677141186057e-06, 1.1243942362048662e-06, 1.1007517113731366e-06, 1.077499851622017e-06, 1.0546798389220934e-06, 1.0321721228692976e-06, 1.0098275475951628e-06, 9.87901448059553e-07, 9.665633472688897e-07, 9.456411346852953e-07, 9.250052287057972e-07, 9.047787684427699e-07, 8.852338946160935e-07, 8.660905327175285e-07, 8.473916539783919e-07, 8.291675516533798e-07, 8.113486882578009e-07, 7.938688268980641e-07, 7.77016563954188e-07, 7.604235180253343e-07, 7.440185018061287e-07, 7.279976995930013e-07, 7.121191783502051e-07, 6.963676777095302e-07, 6.810507218409637e-07, 6.659594498096506e-07, 6.513225809806757e-07, 6.370715498166352e-07, 6.231433079225534e-07, 6.096234213263547e-07, 5.964065589863391e-07, 5.834675252347141e-07, 5.708242690663669e-07, 5.58290389114332e-07, 5.459735006343271e-07, 5.339771142800537e-07, 5.221741444028184e-07, 5.105690474875356e-07, 4.992579321520743e-07, 4.883142257905979e-07]
ndim2: 500
W_list: [3.3]
L_list: [45.84557487130145]
