R_list= [ 1  2  3  4  5  6  7  8  9 10 11 12 13 14 15 16 17 18 19 20 21 22 23 24
 25 26 27 28 29 30 31 32 33 34 35 36 37 38]
C_final_list= [4.604603324355265e-07, 4.3116028053847527e-07, 4.01199690679616e-07, 3.7234961210108644e-07, 3.4504353217893865e-07, 3.19514029961592e-07, 2.9575456009175194e-07, 2.736787681407045e-07, 2.531797495909123e-07, 2.3418517445902216e-07, 2.1664886035868504e-07, 2.0046749008449794e-07, 1.8530162105484036e-07, 1.7117915628562913e-07, 1.5808282886488696e-07, 1.4589380348064784e-07, 1.3465867631039017e-07, 1.2421090915518913e-07, 1.1455046405197506e-07, 1.0560793426734198e-07, 9.737248372007462e-08, 8.973214768189279e-08, 8.269755571688173e-08, 7.624798107416936e-08, 7.028124346272977e-08, 6.4751126910481e-08, 5.964624204795025e-08, 5.494004037724986e-08, 5.0585580534607775e-08, 4.657664075397724e-08, 4.289534985373845e-08, 3.944069787640376e-08, 3.628066131936226e-08, 3.335711350008839e-08, 3.0643102271807676e-08, 2.816581681807865e-08, 2.5889507489641345e-08, 2.379565693789227e-08]
W_list: [7.2]
L_list: [12.798286773629094]
