R_list= [ 1  2  3  4  5  6  7  8  9 10 11 12 13 14 15 16 17 18 19 20 21 22 23 24
 25 26 27 28 29 30 31 32 33 34 35 36 37 38]
C_final_list= [1.1661122832141694e-06, 1.020252816470245e-06, 8.814643184143235e-07, 7.667183049238795e-07, 6.719149433445805e-07, 5.907316969589175e-07, 5.198136225742735e-07, 4.5732192760965156e-07, 4.0212641038918693e-07, 3.5346406926249835e-07, 3.1058065681704424e-07, 2.7277031159837016e-07, 2.3926597748718695e-07, 2.09459162690926e-07, 1.830519456217368e-07, 1.5996324957739067e-07, 1.3979807512227355e-07, 1.221589820591894e-07, 1.0665038630873602e-07, 9.298947474952853e-08, 8.093288142410687e-08, 7.035021624113757e-08, 6.121459051954246e-08, 5.3316908130387094e-08, 4.6439610854259805e-08, 4.042402058798693e-08, 3.5177385443628614e-08, 3.058750711949064e-08, 2.6601990212470594e-08, 2.3141460261859157e-08, 2.012638330496359e-08, 1.7499505411442918e-08, 1.5221333414239453e-08, 1.3250256799350045e-08, 1.1531011427132731e-08, 1.0020709229974467e-08, 8.692895153488187e-09, 7.525214784277762e-09]
W_list: [4]
L_list: [7.52387349076948]
