C_final_list: [1.8610239071364408e-06, 1.5636845984520744e-06, 1.3065432242356183e-06, 1.0937320875934932e-06, 9.137266681896705e-07, 7.621470746883722e-07, 6.370834682508744e-07, 5.303893757145799e-07, 4.399144896269608e-07, 3.6614973296527267e-07, 3.0385901207946475e-07, 2.528596487585365e-07, 2.0928091063442204e-07, 1.7305799229290432e-07, 1.4387437888890012e-07, 1.2006257831673234e-07, 9.998339839995004e-08, 8.32819419297526e-08, 6.950096925397027e-08, 5.824017540613162e-08, 4.872769238044501e-08, 4.0804413458124475e-08, 3.3997294546083244e-08, 2.825947324241737e-08, 2.3590311441004873e-08, 1.9707651179167196e-08, 1.642686706463624e-08, 1.3663305760115982e-08, 1.1334803917347788e-08, 9.389448638653764e-09, 7.799778787901525e-09, 6.43614047715192e-09, 5.332930742404257e-09, 4.405402588997094e-09, 3.6252735153545485e-09, 2.9550412409176484e-09, 2.412290001824517e-09, 1.9837216835269297e-09, 1.6296962611408942e-09, 1.3407474193039354e-09, 1.0997023816764137e-09, 8.984614504895356e-10, 7.400092346624191e-10, 6.11097649569232e-10, 5.035563310228771e-10, 4.111030096991531e-10, 3.345388363628386e-10, 2.7402474672260677e-10, 2.2236814053400037e-10, 1.806875623104006e-10]
ndim2: 500
W_list: [3.6]
L_list: [5.532339031619471]
