C_final_list: [1.6869142746181994e-06, 1.619844544751283e-06, 1.5544694802764283e-06, 1.4914418386806288e-06, 1.4306017839034984e-06, 1.3726944202486585e-06, 1.3169446113260876e-06, 1.2636592126947558e-06, 1.2129917686665945e-06, 1.1646121652253171e-06, 1.1187358372734765e-06, 1.0743128434757241e-06, 1.0318265953677049e-06, 9.907108979380807e-07, 9.506373364688672e-07, 9.125475519119707e-07, 8.758710148527686e-07, 8.40715651184023e-07, 8.06906803486824e-07, 7.742402944956807e-07, 7.430285537987936e-07, 7.126736436987081e-07, 6.838305097954381e-07, 6.557545662774119e-07, 6.289203704436807e-07, 6.031376886039784e-07, 5.786335348376901e-07, 5.547133622761884e-07, 5.318067136963347e-07, 5.097236970968901e-07, 4.886340186240041e-07, 4.6853360964189045e-07, 4.4913879585335073e-07, 4.3033814560794405e-07, 4.1244462016827674e-07, 3.9498529554930055e-07, 3.7826479712310775e-07, 3.6217593862486834e-07, 3.467505881303308e-07, 3.320015320111752e-07, 3.1786908546323024e-07, 3.045461606271076e-07, 2.915419719244602e-07, 2.7899484721063993e-07, 2.6701268673645656e-07, 2.554866205489866e-07, 2.4440157937517964e-07, 2.3391326583699676e-07, 2.2384920121522678e-07, 2.1427014996721423e-07]
ndim2: 500
W_list: [3.3]
L_list: [24.122241251219176]
