R_list= [ 1  2  3  4  5  6  7  8  9 10 11 12 13 14 15 16 17 18 19 20 21 22 23 24
 25 26 27 28 29 30 31 32 33 34 35 36 37 38]
C_final_list= [5.182133722784301e-06, 4.489883012159751e-06, 3.867775635597521e-06, 3.322573399099412e-06, 2.851278787749357e-06, 2.4450563304523735e-06, 2.0955874361870474e-06, 1.7971043843440433e-06, 1.5397567114774975e-06, 1.3202789308141332e-06, 1.13185548530635e-06, 9.69730207755085e-07, 8.308238824142789e-07, 7.114813677901241e-07, 6.086278629068573e-07, 5.205272106360639e-07, 4.4506398118481944e-07, 3.803609214335656e-07, 3.252431469908723e-07, 2.7787160774578847e-07, 2.3733471254046892e-07, 2.0285034737517557e-07, 1.7334902134844992e-07, 1.4822274984243817e-07, 1.2672080428959468e-07, 1.0841874267148306e-07, 9.259709213884646e-08, 7.912817857354909e-08, 6.772521651728632e-08, 5.802001964515232e-08, 4.9632717635905615e-08, 4.2473304665288076e-08, 3.635890749088505e-08, 3.120584629331205e-08, 2.681067621760991e-08, 2.3019271687915015e-08, 1.976250092392411e-08, 1.693965717170226e-08]
W_list: [7.2]
L_list: [6.549506211094757]
