R_list= [ 1  2  3  4  5  6  7  8  9 10 11 12 13 14 15 16 17 18 19 20 21 22 23 24
 25 26 27 28 29 30 31 32 33 34 35 36 37 38]
C_final_list= [3.0581731446044623e-07, 2.5152713146261583e-07, 2.0357105594739474e-07, 1.6333966517691316e-07, 1.3049748472940732e-07, 1.0424042127859928e-07, 8.306359117145863e-08, 6.595131237929978e-08, 5.231469534334717e-08, 4.15443405201743e-08, 3.29163788904845e-08, 2.5994589825510806e-08, 2.047550515014466e-08, 1.61334769895568e-08, 1.270586903855136e-08, 1.0006556628816492e-08, 7.857496670684878e-09, 6.173093605758137e-09, 4.849721971970071e-09, 3.804169623364075e-09, 2.996843780275541e-09, 2.3640810091166916e-09, 1.8634015168024938e-09, 1.4639079112231447e-09, 1.1453466847312325e-09, 8.958540601441403e-10, 7.043705151578513e-10, 5.530867874353048e-10, 4.341300776352119e-10, 3.396672902207136e-10, 2.659297622179874e-10, 2.0677148259874638e-10, 1.607129314760819e-10, 1.2495387240395133e-10, 9.684171707816527e-11, 7.517233029753369e-11, 5.847050618078918e-11, 4.540864929152585e-11]
W_list: [9.4]
L_list: [4.544772618892528]
