C_final_list: [1.4710181490886514e-06, 1.395407158424431e-06, 1.3208874461527532e-06, 1.2495691876097354e-06, 1.1822889974153956e-06, 1.1184249791355073e-06, 1.0585012094066365e-06, 1.0015058329122376e-06, 9.478497527257955e-07, 8.957166903256585e-07, 8.467972602807185e-07, 8.000963334692992e-07, 7.56123071057844e-07, 7.152968846102051e-07, 6.767008305287288e-07, 6.404705156238808e-07, 6.059471410333555e-07, 5.73139979865997e-07, 5.427680270218873e-07, 5.138081104032164e-07, 4.85819668643e-07, 4.5935087823501385e-07, 4.3420370748555154e-07, 4.1056296429242065e-07, 3.8784218857914587e-07, 3.664022710083388e-07, 3.464275867680027e-07, 3.2741242661484306e-07, 3.095835783411807e-07, 2.926180336514986e-07, 2.7652440285881954e-07, 2.61282276322919e-07, 2.468604768230332e-07, 2.332592009541882e-07, 2.202915779498656e-07, 2.0825222537408715e-07, 1.9688056083278714e-07, 1.8634596588058628e-07, 1.7624739946374675e-07, 1.66461242178024e-07, 1.5723207388966823e-07, 1.483242107984437e-07, 1.3992336934978323e-07, 1.3194886919274834e-07, 1.2437590895852915e-07, 1.1738687411522115e-07, 1.1081747546986618e-07, 1.0461760554984564e-07, 9.871845782098265e-08, 9.312760161502527e-08]
ndim2: 500
W_list: [3.6]
L_list: [17.922814928283422]
