C_list:
1.359756472529019e-06 0.017227145294137873
ndim2: 500
W_list: [1.7999999999999998]
L_list: [58.047922794282364]
