R_list= [ 1  2  3  4  5  6  7  8  9 10 11 12 13 14 15 16 17 18 19 20 21 22 23 24
 25 26 27 28 29 30 31 32 33 34 35 36 37 38]
C_final_list= [1.516897742052427e-06, 1.3572300378687e-06, 1.2299123214867104e-06, 1.112443309223024e-06, 1.006917900688527e-06, 9.119739587212086e-07, 8.251460772174105e-07, 7.458838548841815e-07, 6.750583915200322e-07, 6.112698781067253e-07, 5.53264296885011e-07, 5.006950010310626e-07, 4.5348133813662995e-07, 4.102588476404627e-07, 3.709382854176932e-07, 3.348998741735431e-07, 3.021164603126578e-07, 2.727451245229362e-07, 2.4569892810454415e-07, 2.2135781488382253e-07, 1.9942867073127398e-07, 1.7950824980245747e-07, 1.615686934325358e-07, 1.455708196783058e-07, 1.310427186938309e-07, 1.1787042190148409e-07, 1.0609879424597601e-07, 9.561381853215008e-08, 8.608388375304606e-08, 7.739724069043158e-08, 6.945397794420511e-08, 6.23892169490321e-08, 5.6016410774384e-08, 5.0329964949960834e-08, 4.527944430888564e-08, 4.072734757560315e-08, 3.6627265512049915e-08, 3.29481300169148e-08]
W_list: [5]
L_list: [9.903451295178304]
