C_final_list: [1.8140208938150386e-06, 1.6755911267873801e-06, 1.5435877735034746e-06, 1.419874425886213e-06, 1.307157685510045e-06, 1.2019566029174703e-06, 1.1045182267023995e-06, 1.0146436214806733e-06, 9.321737933409707e-07, 8.567649382231621e-07, 7.871955230679987e-07, 7.242551152744172e-07, 6.649645309207342e-07, 6.108994665540038e-07, 5.616975025877653e-07, 5.15911937040542e-07, 4.7447896759289724e-07, 4.3579348192304366e-07, 3.9971324091065817e-07, 3.671664790219178e-07, 3.36640428375278e-07, 3.0811817859582864e-07, 2.824305394528781e-07, 2.5861194773550516e-07, 2.3668231055362088e-07, 2.168261597127541e-07, 1.9837497289649677e-07, 1.8156399357845873e-07, 1.660657763929472e-07, 1.517473510892691e-07, 1.3851821036063348e-07, 1.2661192801941402e-07, 1.1560109502098716e-07, 1.0573893088200055e-07, 9.66616632099981e-08, 8.839732881140692e-08, 8.076609051685145e-08, 7.382330629746514e-08, 6.741794580640276e-08, 6.150353324450761e-08, 5.610223012239606e-08, 5.121803379852756e-08, 4.6794597128625325e-08, 4.274762495452969e-08, 3.903332008352475e-08, 3.5658238172742725e-08, 3.2536396865089474e-08, 2.9718700134354566e-08, 2.7176266684958106e-08, 2.485344081393462e-08]
ndim2: 500
W_list: [3.4000000000000004]
L_list: [11.797818813993814]
