R_list= [ 1  2  3  4  5  6  7  8  9 10 11 12 13 14 15 16 17 18 19 20 21 22 23 24
 25 26 27 28 29 30 31 32 33 34 35 36 37 38]
C_final_list= [5.310402386989102e-07, 4.6331286916688393e-07, 4.009330161457908e-07, 3.450751992791046e-07, 2.964004531181488e-07, 2.5427707077312163e-07, 2.1812229713140312e-07, 1.8675895285015452e-07, 1.5980558372183906e-07, 1.3671028728756482e-07, 1.169208475230836e-07, 9.984298988761495e-08, 8.525400881507095e-08, 7.270778657679979e-08, 6.204497463852827e-08, 5.291548652913394e-08, 4.5018311391243e-08, 3.8254721746005284e-08, 3.2526144511480656e-08, 2.7657747240924623e-08, 2.350856258391717e-08, 1.9964958456409284e-08, 1.6931699303186006e-08, 1.4335946559624702e-08, 1.2159388451139768e-08, 1.0318352206104381e-08, 8.77478716209244e-09, 7.442116467430606e-09, 6.292249534288412e-09, 5.335696365957753e-09, 4.519888268194684e-09, 3.82996697473953e-09, 3.247152060809514e-09, 2.752537213244745e-09, 2.3255363054085497e-09, 1.962777308070967e-09, 1.659608786100834e-09, 1.4088316740621132e-09]
W_list: [8.4]
L_list: [6.561382246140703]
