R_list= [ 1  2  3  4  5  6  7  8  9 10 11 12 13 14 15 16 17 18 19 20 21 22 23 24
 25 26 27 28 29 30 31 32 33 34 35 36 37 38]
C_final_list= [4.333165970012281e-07, 3.327501313871386e-07, 2.515279100313083e-07, 1.896080753392748e-07, 1.425646879419041e-07, 1.071009010029273e-07, 8.034454450943506e-08, 6.01872041902744e-08, 4.4963780028214245e-08, 3.354643150275735e-08, 2.5109396699356995e-08, 1.8799972118423234e-08, 1.408023681705074e-08, 1.0489758975325615e-08, 7.807412921041459e-09, 5.793351135294376e-09, 4.306455428108201e-09, 3.1939830495599167e-09, 2.3785860225216334e-09, 1.768191416796285e-09, 1.3103575137432488e-09, 9.735925824241796e-10, 7.227140266552306e-10, 5.34986607467173e-10, 3.936477947880298e-10, 2.9185038038528746e-10, 2.1575773605335514e-10, 1.5833082466750445e-10, 1.1593582993344506e-10, 8.522647627977874e-11, 6.219791000977539e-11, 4.457000391887299e-11, 3.176165704798715e-11, 2.2879874577682184e-11, 1.66984213260368e-11, 1.2096876560404734e-11, 8.674378739511977e-12, 6.214166777354772e-12]
W_list: [8.600000000000001]
L_list: [3.564238743377294]
