R_list= [ 1  2  3  4  5  6  7  8  9 10 11 12 13 14 15 16 17 18 19 20 21 22 23 24
 25 26 27 28 29 30 31 32 33 34 35 36 37 38]
C_final_list= [3.0013466648420327e-05, 2.2614499495259648e-05, 1.693243491269715e-05, 1.2638922750537228e-05, 9.410550734112423e-06, 6.992976040964716e-06, 5.191020527994474e-06, 3.854762183247629e-06, 2.8622568007364974e-06, 2.1302012842472916e-06, 1.5842738291353523e-06, 1.177666160223852e-06, 8.724546787219441e-07, 6.453829205035965e-07, 4.763268090890301e-07, 3.5058877429638463e-07, 2.5837030376028967e-07, 1.9083363301769697e-07, 1.408649994032405e-07, 1.0378466846053089e-07, 7.64144549490824e-08, 5.62822086885622e-08, 4.1401951848700315e-08, 3.061211048829803e-08, 2.2613514923800374e-08, 1.664588022206722e-08, 1.2268301042255373e-08, 9.050867839673697e-09, 6.6872287756593435e-09, 4.986274048505917e-09, 3.726215405239974e-09, 2.7898054635249573e-09, 2.094089709189393e-09, 1.5600688115494224e-09, 1.1718041695094749e-09, 8.761507217160188e-10, 6.538644453283856e-10, 4.827137508232233e-10]
W_list: [8.25]
L_list: [3.4294275555659945]
