R_list= [ 1  2  3  4  5  6  7  8  9 10 11 12 13 14 15 16 17 18 19 20 21 22 23 24
 25 26 27 28 29 30 31 32 33 34 35 36 37 38]
C_final_list= [2.122017275297141e-07, 1.8899803294353244e-07, 1.6613466639584974e-07, 1.4494603559299781e-07, 1.2607508590398216e-07, 1.094786631641356e-07, 9.504011637368953e-08, 8.244390142796662e-08, 7.158245339080769e-08, 6.210601770214907e-08, 5.392070023283513e-08, 4.6730258569778674e-08, 4.044371451132446e-08, 3.5016250551087816e-08, 3.022574642252588e-08, 2.605663845601073e-08, 2.2449418112317904e-08, 1.935496046329437e-08, 1.6671376288398276e-08, 1.4338918372667654e-08, 1.232177006511431e-08, 1.0590094848765574e-08, 9.09313241001319e-09, 7.803970258272524e-09, 6.697864101857786e-09, 5.756565504164786e-09, 4.945889124221186e-09, 4.246787848956945e-09, 3.6378836226322275e-09, 3.1131929086838705e-09, 2.663748339426398e-09, 2.2762195284738662e-09, 1.9455102970701386e-09, 1.6665681855382703e-09, 1.4286863981257666e-09, 1.2262755631578814e-09, 1.0512917063720263e-09, 9.022579521991017e-10]
W_list: [8.2]
L_list: [7.184250752025196]
