R_list= [ 1  2  3  4  5  6  7  8  9 10 11 12 13 14 15 16 17 18 19 20 21 22 23 24
 25 26 27 28 29 30 31 32 33 34 35 36 37 38]
C_final_list= [2.2799877547913588e-06, 2.142540157779876e-06, 2.0387859974928573e-06, 1.934747136767906e-06, 1.8378619964676734e-06, 1.7466984942919394e-06, 1.6601081462538559e-06, 1.5765899602797382e-06, 1.4984881631502857e-06, 1.4240361547090552e-06, 1.3529108216553775e-06, 1.2851772451059464e-06, 1.2205663901832698e-06, 1.1579411950625502e-06, 1.0987783509778896e-06, 1.0431853102366766e-06, 9.906270383597846e-07, 9.402399095085066e-07, 8.918023193126634e-07, 8.462842232031161e-07, 8.030623554823745e-07, 7.621039463568883e-07, 7.235127641966551e-07, 6.871584723054871e-07, 6.517734497429966e-07, 6.18154994634355e-07, 5.859847605021592e-07, 5.55399501084923e-07, 5.261889551392549e-07, 4.98103750090097e-07, 4.721340169901288e-07, 4.469501919875294e-07, 4.228915493143355e-07, 4.0053278778297444e-07, 3.790931955694946e-07, 3.5874532574537395e-07, 3.39303234590366e-07, 3.207846677213922e-07]
W_list: [4]
L_list: [19.195446166825388]
