R_list= [ 1  2  3  4  5  6  7  8  9 10 11 12 13 14 15 16 17 18 19 20 21 22 23 24
 25 26 27 28 29 30 31 32 33 34 35 36 37 38]
C_final_list= [2.137829264213291e-07, 1.2995726447664366e-07, 6.651324338606366e-08, 3.072689054135536e-08, 1.3342332177373879e-08, 5.564188503045784e-09, 2.2591017077969907e-09, 9.033263641756864e-10, 3.5870174780333214e-10, 1.4211501635191723e-10, 5.616395629272143e-11, 2.2145286122903318e-11, 8.709906123412597e-12, 3.4338981906584833e-12, 1.362857799990351e-12, 5.442974157630295e-13, 2.1955974490765533e-13, 9.014496660877037e-14, 3.772243166236392e-14, 1.6129169438051647e-14, 7.227532923413695e-15, 3.5226197286671348e-15, 1.776578072195933e-15, 8.167330471327572e-16, 3.3725823228479224e-16, 1.3051294072466877e-16, 4.9967689885946673e-17, 1.867799333752038e-17, 6.915357760121367e-18, 2.593140592384848e-18, 1.0110385937409668e-18, 4.1559100349306173e-19, 1.769937507645964e-19, 7.826250300425531e-20, 3.644895066727652e-20, 1.831896812057654e-20, 1.017482818004164e-20, 6.3263534237194634e-21]
W_list: [4]
L_list: [1.653246661772546]
