C_final_list: [1.9682533538462655e-06, 1.8514648750979593e-06, 1.7369394518530212e-06, 1.6295248106428455e-06, 1.5293440775821905e-06, 1.4366426935521347e-06, 1.3496245911959324e-06, 1.2669187733530752e-06, 1.189302217327255e-06, 1.1171165519031754e-06, 1.0494160389784658e-06, 9.862679678606108e-07, 9.263008008475841e-07, 8.698570955962156e-07, 8.166233715409905e-07, 7.66173233762357e-07, 7.194129620822613e-07, 6.756690195029337e-07, 6.341728879574925e-07, 5.951640912818097e-07, 5.586601328189438e-07, 5.240747343623895e-07, 4.917313767267201e-07, 4.6155742909141953e-07, 4.332598742037632e-07, 4.0651679728978664e-07, 3.8135954170403764e-07, 3.576263639022024e-07, 3.351881606871195e-07, 3.1390002421478125e-07, 2.937985791803484e-07, 2.7488150293169424e-07, 2.570817685811251e-07, 2.4023060076957505e-07, 2.2465376103692103e-07, 2.0988257184340527e-07, 1.9629139409453602e-07, 1.836157576039593e-07, 1.7160281490843068e-07, 1.6042402958264785e-07, 1.5001742034689324e-07, 1.4007381907951955e-07, 1.3081014446485895e-07, 1.2212068587940438e-07, 1.1411033838104804e-07, 1.0652381103461706e-07, 9.948836671556338e-08, 9.291358509327936e-08, 8.667196634612139e-08, 8.089953090839525e-08]
ndim2: 500
W_list: [3.0]
L_list: [15.76452381809803]
