C_final_list: [1.5701562033285578e-06, 1.5095756327461926e-06, 1.4479672265739422e-06, 1.389085180796604e-06, 1.3326440330955742e-06, 1.278115935812133e-06, 1.2255184955262707e-06, 1.1753869798629124e-06, 1.127671565281347e-06, 1.0820274210305605e-06, 1.0385021403201507e-06, 9.967993658869247e-07, 9.565844012149085e-07, 9.179688001580634e-07, 8.808821245282508e-07, 8.453164496991665e-07, 8.112822818978324e-07, 7.780562528749712e-07, 7.462990032876206e-07, 7.158330302960257e-07, 6.86697872890079e-07, 6.587426439971777e-07, 6.318219261230483e-07, 6.062023583833418e-07, 5.816880858896795e-07, 5.580378189789256e-07, 5.35264603170558e-07, 5.136168583138104e-07, 4.924132648923782e-07, 4.720743739629794e-07, 4.525004219068292e-07, 4.3355989820126247e-07, 4.1534869151304954e-07, 3.9771663699992125e-07, 3.809938746763555e-07]
ndim2: 500
W_list: [2.8]
L_list: [24.111071984688568]
