C_final_list: [1.5984042338778317e-06, 1.5708369175416478e-06, 1.5438162988518852e-06, 1.5174036184155896e-06, 1.4918698484394908e-06, 1.4666806346502205e-06, 1.4421403773982624e-06, 1.4180232283996422e-06, 1.3944338557781938e-06, 1.3710010150191788e-06, 1.3479226819437095e-06, 1.324973599592838e-06, 1.3028193663521364e-06, 1.2808113919368337e-06, 1.2594995312232093e-06, 1.2386547314545965e-06, 1.217755437539797e-06, 1.19727260515099e-06, 1.1770615933627408e-06, 1.1572893330027332e-06, 1.1378993079145252e-06, 1.1187573137310352e-06, 1.1000117692965535e-06, 1.0816706306877293e-06, 1.063500533794131e-06, 1.045508906859982e-06, 1.0279424836418928e-06, 1.0104977495886058e-06, 9.934095951580793e-07, 9.767014554063823e-07, 9.602385982297007e-07, 9.442319605496278e-07, 9.283395902291457e-07, 9.12551525741154e-07, 8.968874684368665e-07, 8.814814098301008e-07, 8.663165928247044e-07, 8.514156476759167e-07, 8.365986553156792e-07, 8.219753992394803e-07, 8.076896993744398e-07, 7.93573878570957e-07, 7.798157315795065e-07, 7.663432672930679e-07, 7.529742711695668e-07, 7.397792878226939e-07, 7.268489479873375e-07, 7.140374929124392e-07, 7.015644356318761e-07, 6.892233015483702e-07]
ndim2: 500
W_list: [3.0999999999999996]
L_list: [58.64696792995561]
