R_list= [ 1  2  3  4  5  6  7  8  9 10 11 12 13 14 15 16 17 18 19 20 21 22 23 24
 25 26 27 28 29 30 31 32 33 34 35 36 37 38]
C_final_list= [3.228683776627684e-05, 2.465884825458767e-05, 1.8688511851494584e-05, 1.4148014228460779e-05, 1.0694130340592412e-05, 8.091592352617043e-06, 6.115012096315691e-06, 4.622026862795597e-06, 3.48484956978312e-06, 2.6210890537352256e-06, 1.971859939655548e-06, 1.4833403722413127e-06, 1.116182207040842e-06, 8.393155072330416e-07, 6.329165340627973e-07, 4.787413306378854e-07, 3.620100642118475e-07, 2.736236056420314e-07, 2.067162219198775e-07, 1.5556393489055734e-07, 1.1719816503259047e-07, 8.814077077834695e-08, 6.65254125548686e-08, 5.004735881706794e-08, 3.767997321161703e-08, 2.8344245952675384e-08, 2.134180547428157e-08, 1.6035112877204827e-08, 1.205272147647073e-08, 9.059080552646586e-09, 6.832838208439693e-09, 5.170841750235181e-09, 3.867604067275104e-09, 2.8999096331988865e-09, 2.1848585027929346e-09, 1.6481288122723632e-09, 1.2439446699564463e-09, 9.432329787173157e-10]
W_list: [8.05]
L_list: [3.605064578311548]
