R_list= [ 1  2  3  4  5  6  7  8  9 10 11 12 13 14 15 16 17 18 19 20 21 22 23 24
 25 26 27 28 29 30 31 32 33 34 35 36 37 38]
C_final_list= [9.623329903453615e-07, 8.424616972950583e-07, 7.386283203199514e-07, 6.461177248594303e-07, 5.644166661350692e-07, 4.936092354927067e-07, 4.3174447794703886e-07, 3.7695500780960664e-07, 3.2867482443665493e-07, 2.8613602899656485e-07, 2.494677953932413e-07, 2.1757220602421002e-07, 1.900194616635133e-07, 1.6565945381623548e-07, 1.4394556480915339e-07, 1.2499986650783827e-07, 1.0862285371196263e-07, 9.430126986235403e-08, 8.19201266913283e-08, 7.097226702276049e-08, 6.153181207771567e-08, 5.3196940982441994e-08, 4.5990602068805516e-08, 3.9687719074861425e-08, 3.4222175193671847e-08, 2.9511971815538698e-08, 2.551571973088606e-08, 2.20591202608235e-08, 1.911202502524751e-08, 1.6568472054669827e-08, 1.431866281583573e-08, 1.2366854732463058e-08, 1.0692042300996648e-08, 9.24974646656675e-09, 7.987066098128223e-09, 6.904445334929835e-09, 5.977211888162878e-09, 5.1710666675185275e-09]
W_list: [6]
L_list: [7.364940502585073]
