R_list= [ 1  2  3  4  5  6  7  8  9 10 11 12 13 14 15 16 17 18 19 20 21 22 23 24
 25 26 27 28 29 30 31 32 33 34 35 36 37 38]
C_final_list= [1.0288257229803908e-06, 6.784743091978271e-07, 4.4434629592235613e-07, 2.9021344801414965e-07, 1.90393706219567e-07, 1.2453347323651255e-07, 8.187790769207554e-08, 5.3460839320769825e-08, 3.50176358479059e-08, 2.2758359626559826e-08, 1.4947002521724817e-08, 9.807659824689295e-09, 6.4311417478685635e-09, 4.243318459521183e-09, 2.7702389343820295e-09, 1.7933658924807549e-09, 1.1617018075000704e-09, 7.382850344260438e-10, 4.676131076622485e-10, 2.9848935149100827e-10, 1.9212433291354633e-10, 1.232963605778078e-10, 8.045833215690006e-11, 5.177759248544193e-11, 3.3061141726678976e-11, 2.051105878914952e-11, 1.3500727571934452e-11, 8.827494946863932e-12, 5.784238223863387e-12, 3.814230862090349e-12, 2.4422129824694555e-12, 1.4772186097024916e-12, 9.137100601771056e-13, 5.742468081626098e-13, 3.786736510041014e-13, 2.4020366384580334e-13, 1.5887387193504794e-13, 9.706490429646697e-14]
W_list: [7.0]
L_list: [2.3734026837743167]
