C_final_list: [1.5190857539104862e-06, 1.1898841599708216e-06, 9.311632618027755e-07, 7.266722171260507e-07, 5.637893059886702e-07, 4.370461419822458e-07, 3.395169110147552e-07, 2.644930165412507e-07, 2.0550442514201833e-07, 1.5877969211085805e-07, 1.2263852158586365e-07, 9.517817511564631e-08, 7.383857184943126e-08, 5.750371684388664e-08, 4.476592243814574e-08, 3.468240472613223e-08, 2.6859491562078954e-08, 2.0641771280588392e-08, 1.5895133280770538e-08, 1.2149112463811799e-08, 9.264438672659628e-09, 7.014446302013364e-09, 5.310664793172341e-09, 4.036948765091216e-09, 3.062506057533776e-09, 2.3051918222606038e-09, 1.7325268890880586e-09, 1.2963632611382341e-09, 9.83865385046844e-10, 7.520363168868264e-10, 5.760220927197334e-10, 4.365622630790643e-10, 3.240049713302211e-10, 2.441937660753417e-10, 1.8314607386078517e-10]
ndim2: 500
W_list: [4.2]
L_list: [4.00642073252026]
