R_list= [ 1  2  3  4  5  6  7  8  9 10 11 12 13 14 15 16 17 18 19 20 21 22 23 24
 25 26 27 28 29 30 31 32 33 34 35 36 37 38]
C_final_list= [2.003388820676194e-06, 1.7393682007197144e-06, 1.4932161636403931e-06, 1.2756887220101956e-06, 1.087309744102539e-06, 9.254698039968515e-07, 7.861927387619299e-07, 6.668648020999859e-07, 5.656164061152587e-07, 4.791442252897159e-07, 4.053105570946189e-07, 3.425109082148797e-07, 2.894744258581271e-07, 2.4494580510819153e-07, 2.0733846218475748e-07, 1.7550930698963702e-07, 1.4857143591225666e-07, 1.256708286273196e-07, 1.0627295837442863e-07, 8.982088999716918e-08, 7.585233970780622e-08, 6.403552517601186e-08, 5.4042217966869847e-08, 4.559039688550884e-08, 3.847609068814825e-08, 3.2478966981426124e-08, 2.740600618344736e-08, 2.313163333994476e-08, 1.9542300264568925e-08, 1.6520262215483083e-08, 1.3983314514882082e-08, 1.1835418355822428e-08, 1.001146589914008e-08, 8.465318749640408e-09, 7.1590265810845904e-09, 6.042816533424007e-09, 5.088443572634382e-09, 4.281799969400156e-09]
W_list: [8.5]
L_list: [6.2399669992821725]
