C_final_list: [1.3821154690259683e-06, 1.045152416297624e-06, 7.873029103860277e-07, 5.948716891836362e-07, 4.499767216540598e-07, 3.4036130782833055e-07, 2.598939304893701e-07, 1.9581993790041574e-07, 1.4693628116392266e-07, 1.1002493793445467e-07, 8.2025463819189e-08, 6.116925266397205e-08, 4.5625472765287536e-08, 3.4038432827718884e-08, 2.5625327557375133e-08, 1.9276602701511006e-08, 1.4484703183283229e-08, 1.0828656218746834e-08, 8.132623937680072e-09, 6.019434561477355e-09, 4.454244167669307e-09, 3.3349872485327183e-09, 2.498189246350381e-09, 1.8590589937337814e-09, 1.396268194769568e-09, 1.038560482830631e-09, 7.820409905066324e-10, 5.874928345333538e-10, 4.4967711299667646e-10, 3.4379145438268966e-10, 2.709021511494972e-10, 2.0889806267696074e-10, 1.6055062236436953e-10, 1.1999254440721077e-10, 8.892239615263108e-11]
ndim2: 500
W_list: [4.2]
L_list: [3.563124504827076]
