C_final_list: [1.6198825904662524e-06, 1.5928615536090773e-06, 1.5659521697335076e-06, 1.539804658877438e-06, 1.5143100280506202e-06, 1.4891047733162202e-06, 1.464650413594165e-06, 1.4407183681330426e-06, 1.4168955423262488e-06, 1.3938488790946856e-06, 1.3711015323534545e-06, 1.3489560584148862e-06, 1.327110757854297e-06, 1.305559290047696e-06, 1.284535055213006e-06, 1.2639441951814315e-06, 1.2436582200887895e-06, 1.2238704811467061e-06, 1.2042373705655513e-06, 1.184644209137275e-06, 1.1653948198313737e-06, 1.1463699908876432e-06, 1.127547563118333e-06, 1.1087706715663623e-06, 1.0903694853934846e-06, 1.072080196458118e-06, 1.0542938959597065e-06, 1.0366033328161584e-06, 1.0193879834083115e-06, 1.0019296676020865e-06, 9.847844315198909e-07, 9.680209633635154e-07, 9.516556559577354e-07, 9.354343975537828e-07, 9.194191447431515e-07, 9.035471994631088e-07, 8.88086241281422e-07, 8.728821315757399e-07, 8.57874484298046e-07, 8.432807847980108e-07, 8.287892325377427e-07, 8.144398789375259e-07, 8.002078255629468e-07, 7.861963036460798e-07, 7.724221858185592e-07, 7.588576629282636e-07, 7.455884518242481e-07, 7.324354023532571e-07, 7.195447233326646e-07, 7.068776718121319e-07]
ndim2: 500
W_list: [3.0999999999999996]
L_list: [59.73116598302023]
