R_list= [ 1  2  3  4  5  6  7  8  9 10 11 12 13 14 15 16 17 18 19 20 21 22 23 24
 25 26 27 28 29 30 31 32 33 34 35 36 37 38]
C_final_list= [1.3276213772266437e-06, 1.0728447629330105e-06, 8.935105733522051e-07, 7.49913803854708e-07, 6.2895326159216e-07, 5.2604144834562e-07, 4.395444122267822e-07, 3.6698531055523313e-07, 3.065597296488491e-07, 2.567751726783704e-07, 2.1510586528719595e-07, 1.7974315878133327e-07, 1.501370320136077e-07, 1.2508200230846183e-07, 1.0418965012814257e-07, 8.660871624630945e-08, 7.183954658175538e-08, 5.96503965636545e-08, 4.942982070886648e-08, 4.101020175521813e-08, 3.4039841959331435e-08, 2.8251356581559163e-08, 2.3399443211977207e-08, 1.934802028862193e-08, 1.5980862745482655e-08, 1.3135146448959184e-08, 1.0830348827881564e-08, 8.973521881493926e-09, 7.4246234036282964e-09, 6.166424800731123e-09, 5.156188569581728e-09, 4.285225351040165e-09, 3.5548383559332896e-09, 2.9575600750419462e-09, 2.4620621441580232e-09, 2.0512987480372648e-09, 1.707441178459531e-09, 1.4165978777519854e-09]
W_list: [5]
L_list: [5.488495212427735]
