R_list= [ 1  2  3  4  5  6  7  8  9 10 11 12 13 14 15 16 17 18 19 20 21 22 23 24
 25 26 27 28 29 30 31 32 33 34 35 36 37 38]
C_final_list= [1.1497621527054155e-06, 7.466300659797859e-07, 4.845079960444874e-07, 3.1265886154409447e-07, 2.0207580691750696e-07, 1.3245278402496223e-07, 8.661094060472231e-08, 5.712418728215477e-08, 3.75802337011159e-08, 2.4333230046621697e-08, 1.5546676508632005e-08, 9.929174270827355e-09, 6.462548749664382e-09, 4.208305118517155e-09, 2.7074944009329777e-09, 1.7299193090497537e-09, 1.0935750102585876e-09, 6.907614043310196e-10, 4.447956462402528e-10, 2.8398859802926854e-10, 1.822942395692415e-10, 1.161110008689304e-10, 7.213125119811811e-11, 4.485876988983263e-11, 2.6334114782207107e-11, 1.575896903502119e-11, 9.27687830443072e-12, 5.487440345376915e-12, 3.17156056489983e-12, 1.9269486858198403e-12, 1.1944761201547998e-12, 7.342047628952985e-13, 4.5149416808518833e-13, 2.786356280765103e-13, 1.7662844111995525e-13, 1.0755164047623328e-13, 6.378588861668754e-14, 3.812570909778755e-14]
W_list: [7.800000000000001]
L_list: [2.311591655757224]
