C_final_list: [1.930137554169309e-06, 1.8164549440789637e-06, 1.7071305052779333e-06, 1.6032794063533487e-06, 1.5073400107533778e-06, 1.416659584428578e-06, 1.3299681152434684e-06, 1.2474959608788908e-06, 1.1706767040877664e-06, 1.0986693754171234e-06, 1.030307861696832e-06, 9.658272270191856e-07, 9.056122596371181e-07, 8.493241086837713e-07, 7.960938989229442e-07, 7.47269467624869e-07, 7.011358122105937e-07, 6.57821035222427e-07, 6.170272721285541e-07, 5.78614952912361e-07, 5.4270769515936e-07, 5.084153736986543e-07, 4.7646224716079186e-07, 4.461295895593796e-07, 4.1748901524728543e-07, 3.9079750838236956e-07, 3.659382576666819e-07, 3.4244836195446207e-07, 3.206106307490911e-07, 3.0013059499214336e-07, 2.8065551296807004e-07, 2.628815208298008e-07, 2.4614342130635374e-07, 2.3026499064112233e-07, 2.1565019456325406e-07, 2.0180351267717299e-07, 1.889462707554078e-07, 1.7684489753349482e-07, 1.6536701791357666e-07, 1.5455669567308378e-07, 1.4449936744746438e-07, 1.3507683893756762e-07, 1.2626114192104158e-07, 1.1802014576457818e-07, 1.1040160470952941e-07, 1.0316797516607779e-07, 9.63419078342649e-08, 8.995772081047107e-08, 8.393446414027663e-08, 7.834114922157071e-08]
ndim2: 500
W_list: [3.0]
L_list: [15.603966456127536]
