C_final_list: [1.9009682495227443e-06, 1.8481197072965583e-06, 1.79532048310486e-06, 1.7439514704905073e-06, 1.6947964259366148e-06, 1.6465869241281875e-06, 1.5992997712670854e-06, 1.5534768119199535e-06, 1.5092690858521656e-06, 1.4661959470824377e-06, 1.4247656695566247e-06, 1.3846779229892754e-06, 1.3452393497889686e-06, 1.3069312058031615e-06, 1.2702826055455718e-06, 1.2347696585692572e-06, 1.1997773122043552e-06, 1.165960318165422e-06, 1.1329936708857704e-06, 1.1014009344723377e-06, 1.0702057532772933e-06, 1.0399973639927322e-06, 1.0106051537755496e-06, 9.819524940200538e-07, 9.540055960943051e-07, 9.267721119819279e-07, 9.001948116595544e-07, 8.745726114459834e-07, 8.492775768359396e-07, 8.246369453511369e-07, 8.00974556020518e-07, 7.778441450075326e-07, 7.554356217600566e-07, 7.337648446117614e-07, 7.128919139191006e-07, 6.924299826583424e-07, 6.724392746481889e-07, 6.532817951254437e-07, 6.345687223017235e-07, 6.165579000991013e-07, 5.988191434282865e-07, 5.814173850105299e-07, 5.645528444670863e-07, 5.483143520312458e-07, 5.324456654843776e-07, 5.170595071995325e-07, 5.020892092621174e-07, 4.87625967218148e-07, 4.7325633860150874e-07, 4.59423743695352e-07]
ndim2: 500
W_list: [2.9]
L_list: [34.643266018921615]
