R_list= [ 1  2  3  4  5  6  7  8  9 10 11 12 13 14 15 16 17 18 19 20 21 22 23 24
 25 26 27 28 29 30 31 32 33 34 35 36 37 38]
C_final_list= [8.509395612352339e-07, 7.694652214807377e-07, 6.962219284901816e-07, 6.298017988300204e-07, 5.68282578958527e-07, 5.120694903486664e-07, 4.614529866984716e-07, 4.1610816594928163e-07, 3.7508040987557065e-07, 3.3754244580703565e-07, 3.037017083083993e-07, 2.72839961409372e-07, 2.453032372659132e-07, 2.2060409892877323e-07, 1.9832097506156435e-07, 1.7816610658381224e-07, 1.603338069439135e-07, 1.442943869011487e-07, 1.2965751326766515e-07, 1.1639000099600006e-07, 1.0451007045844507e-07, 9.376265899644984e-08, 8.41674399255347e-08, 7.561762378854662e-08, 6.783478763745506e-08, 6.087546765499828e-08, 5.4524165476312516e-08, 4.8935565733741694e-08, 4.387223609451458e-08, 3.940069936469135e-08, 3.5430753474497433e-08, 3.1826040932865465e-08, 2.857338961567529e-08, 2.565484890028878e-08, 2.30707577463606e-08, 2.0718928943253645e-08, 1.861228150880458e-08, 1.668918061147927e-08]
W_list: [6]
L_list: [9.577257171600836]
