R_list= [ 1  2  3  4  5  6  7  8  9 10 11 12 13 14 15 16 17 18 19 20 21 22 23 24
 25 26 27 28 29 30 31 32 33 34 35 36 37 38]
C_final_list= [2.2811357795650335e-05, 1.8771723259065943e-05, 1.5317344086706884e-05, 1.2459039612013658e-05, 1.011982407669297e-05, 8.206722256528452e-06, 6.64429281447174e-06, 5.376301290046343e-06, 4.351021040791052e-06, 3.523619661900025e-06, 2.853583340525137e-06, 2.310465498440049e-06, 1.8692581234514201e-06, 1.5122323428926667e-06, 1.2229478744825195e-06, 9.896056568670469e-07, 8.017420670081078e-07, 6.496137829580608e-07, 5.26085675957115e-07, 4.2678689766053836e-07, 3.4585460335431786e-07, 2.80294550833999e-07, 2.2691979751247518e-07, 1.8342037861082042e-07, 1.4827071613762022e-07, 1.1983930964995636e-07, 9.695483926458346e-08, 7.83321315194002e-08, 6.333099612210599e-08, 5.129884208581949e-08, 4.159176607722279e-08, 3.380587713344321e-08, 2.7531529623884807e-08, 2.240055018166625e-08, 1.822548000469428e-08, 1.4790330288059638e-08, 1.1999524866987818e-08, 9.712708181742658e-09]
W_list: [8.1]
L_list: [4.833957744992923]
