R_list= [ 1  2  3  4  5  6  7  8  9 10 11 12 13 14 15 16 17 18 19 20 21 22 23 24
 25 26 27 28 29 30 31 32 33 34 35 36 37 38]
C_final_list= [2.119049796509079e-06, 1.9504059255645633e-06, 1.839215822812117e-06, 1.7400795346415325e-06, 1.6425744111556423e-06, 1.5508288660786245e-06, 1.4645649744261335e-06, 1.383552173640513e-06, 1.3069294656746372e-06, 1.234649240954638e-06, 1.1662765725671897e-06, 1.1008935226903837e-06, 1.03856644463702e-06, 9.798522210140363e-07, 9.24219714180584e-07, 8.713957164026204e-07, 8.213758961019295e-07, 7.742124881338928e-07, 7.299953094157929e-07, 6.889067683267715e-07, 6.501173244387125e-07, 6.135185144700767e-07, 5.784442532084573e-07, 5.452050822051973e-07, 5.138937898899013e-07, 4.844637617992205e-07, 4.567351673383274e-07, 4.303547836852321e-07, 4.05227420087126e-07, 3.816514062035516e-07, 3.5949361072580344e-07, 3.384324860474594e-07, 3.185929343242377e-07, 3.002080609858804e-07, 2.828247956012757e-07, 2.6636179907681437e-07, 2.5084297132225513e-07, 2.3610877374886057e-07]
W_list: [4]
L_list: [17.122154448558028]
