R_list= [ 1  2  3  4  5  6  7  8  9 10 11 12 13 14 15 16 17 18 19 20 21 22 23 24
 25 26 27 28 29 30 31 32 33 34 35 36 37 38]
C_final_list= [4.5954294097142013e-07, 4.2111195941467583e-07, 3.8303494625222805e-07, 3.4660125138764625e-07, 3.128875724894935e-07, 2.8164540566793063e-07, 2.5333385616994664e-07, 2.277385918318153e-07, 2.045669675963959e-07, 1.836927139125056e-07, 1.6484759052283926e-07, 1.4780926923758392e-07, 1.3240714825991773e-07, 1.1852981728572338e-07, 1.0601909899198705e-07, 9.485185414584386e-08, 8.47632137225287e-08, 7.57720007441471e-08, 6.767027524608753e-08, 6.039194999672798e-08, 5.387070222500771e-08, 4.809082518757119e-08, 4.292225031710217e-08, 3.829468980095432e-08, 3.413858353755048e-08, 3.042590051370778e-08, 2.714177028208478e-08, 2.422269229545286e-08, 2.1592545079890914e-08, 1.9241534047240634e-08, 1.7146692098945167e-08, 1.529043490203996e-08, 1.3644062484170246e-08, 1.2185075488544227e-08, 1.0886615940313742e-08, 9.72383031279621e-09, 8.687449954644704e-09, 7.75683528299125e-09]
W_list: [8.2]
L_list: [9.427688923497914]
