R_list= [ 1  2  3  4  5  6  7  8  9 10 11 12 13 14 15 16 17 18 19 20 21 22 23 24
 25 26 27 28 29 30 31 32 33 34 35 36 37 38]
C_final_list= [3.3818248219454936e-07, 3.01447306092317e-07, 2.675073775440321e-07, 2.363656182799709e-07, 2.085850751642018e-07, 1.8395651501003474e-07, 1.6227022507204413e-07, 1.4329308199600935e-07, 1.2615536473228852e-07, 1.110281907076591e-07, 9.761577469435075e-08, 8.576524154356154e-08, 7.516256703688315e-08, 6.597152920256007e-08, 5.794053111244631e-08, 5.080022766566157e-08, 4.446846963172157e-08, 3.8960458597524166e-08, 3.4102967460442296e-08, 2.9828825852742766e-08, 2.603062273798599e-08, 2.2681544655993452e-08, 1.9759249495121928e-08, 1.72099053117881e-08, 1.498649120723234e-08, 1.3043748624584109e-08, 1.1353983079036191e-08, 9.885990942774822e-09, 8.608283371764373e-09, 7.483781614113845e-09, 6.494647040633642e-09, 5.64379934064048e-09, 4.900397577323541e-09, 4.256109375319637e-09, 3.6954483184645733e-09, 3.2075453139681253e-09, 2.7785062046337564e-09, 2.408410219575355e-09]
W_list: [7]
L_list: [7.91632270462095]
