R_list= [ 1  2  3  4  5  6  7  8  9 10 11 12 13 14 15 16 17 18 19 20 21 22 23 24
 25 26 27 28 29 30 31 32 33 34 35 36 37 38]
C_final_list= [5.122467010299209e-07, 3.339558483324762e-07, 1.8836786869863868e-07, 9.736632705838784e-08, 4.761571674685997e-08, 2.248520467555763e-08, 1.0353270025473778e-08, 4.679291466474302e-09, 2.0895439382012564e-09, 9.278890425697734e-10, 4.125705100470626e-10, 1.843489689643059e-10, 8.287271440515435e-11, 3.732811604993705e-11, 1.679652514803359e-11, 7.535525942812828e-12, 3.3691356144434445e-12, 1.496419105198907e-12, 6.555153807115254e-13, 2.827519587680587e-13, 1.2138088987534012e-13, 5.25354862732642e-14, 2.3093482671717822e-14, 1.0399457575543395e-14, 4.874043479839116e-15, 2.4175815803165563e-15, 1.2230608478484628e-15, 5.774006626180723e-16, 2.6441362383294796e-16, 1.3669382014015848e-16, 8.190034039047478e-17, 4.159745226802355e-17, 1.7434395509161318e-17, 7.334742537729944e-18, 3.4397830847178128e-18, 1.7810602083351463e-18, 9.311280971624244e-19, 4.67841652986916e-19]
W_list: [4]
L_list: [1.8678053454820327]
