R_list= [ 1  2  3  4  5  6  7  8  9 10 11 12 13 14 15 16 17 18 19 20 21 22 23 24
 25 26 27 28 29 30 31 32 33 34 35 36 37 38]
C_final_list= [1.1161046197120743e-06, 7.145151351673702e-07, 4.5930938183848287e-07, 2.9343640928245114e-07, 1.8810799016849867e-07, 1.1984268089405654e-07, 7.601033966647352e-08, 4.849095614201725e-08, 3.048271736463846e-08, 1.9055150554773922e-08, 1.19590739615912e-08, 7.48767982995472e-09, 4.718339165656386e-09, 2.975503440544303e-09, 1.8452015464619712e-09, 1.1765850955115493e-09, 7.488451554120451e-10, 4.739798442324577e-10, 2.940989330510728e-10, 1.857813607906727e-10, 1.1440287602666722e-10, 7.044331032404184e-11, 4.271753500163241e-11, 2.6566576067332204e-11, 1.6287106298267172e-11, 9.777145127750585e-12, 6.023855313546596e-12, 3.797143780708844e-12, 2.384564618094488e-12, 1.5079781299052904e-12, 9.32380168108872e-13, 5.910070363228084e-13, 3.5586998726090085e-13, 2.2671075378615617e-13, 1.430740350338595e-13, 8.583622777640626e-14, 5.995790190039759e-14, 4.07257322911744e-14]
W_list: [8.0]
L_list: [2.2434307316545574]
