C_final_list: [2.1468314470878697e-06, 2.0478769785053518e-06, 1.949915376757137e-06, 1.857722963345541e-06, 1.7703872750812992e-06, 1.6863487227497967e-06, 1.6062624431432549e-06, 1.531450684295774e-06, 1.459870371242426e-06, 1.3910518453697397e-06, 1.3247695807333046e-06, 1.2619173357071713e-06, 1.2017127157495072e-06, 1.1431140701776255e-06, 1.0875549356012707e-06, 1.034707216398073e-06, 9.841104974034658e-07, 9.356228013511009e-07, 8.889431717745393e-07, 8.451692177558027e-07, 8.03654160391505e-07, 7.635374568425229e-07, 7.258827184496542e-07, 6.903781122801163e-07, 6.562456923396558e-07, 6.238568672008386e-07, 5.930882127360228e-07, 5.644156396971572e-07, 5.36771906340496e-07, 5.102846525705611e-07, 4.848663457105955e-07, 4.605660721661839e-07, 4.37346240774458e-07, 4.1530418604274796e-07, 3.9465681225075187e-07, 3.7482550887814e-07, 3.5618840597755135e-07, 3.382448918620762e-07, 3.211959217293479e-07, 3.052538823275074e-07, 2.900403454983225e-07, 2.753711486157185e-07, 2.6135383294435933e-07, 2.4798578955692825e-07, 2.3518692867668745e-07, 2.230961030022241e-07, 2.1154998003810917e-07, 2.0058470408072873e-07, 1.9000876203092552e-07, 1.8013856558186177e-07]
ndim2: 500
W_list: [2.6]
L_list: [20.11787826839261]
