R_list= [ 1  2  3  4  5  6  7  8  9 10 11 12 13 14 15 16 17 18 19 20 21 22 23 24
 25 26 27 28 29 30 31 32 33 34 35 36 37 38]
C_final_list= [9.153199159160682e-07, 8.374163770900267e-07, 7.619212036702324e-07, 6.918139879127717e-07, 6.27816460665092e-07, 5.70285601203146e-07, 5.181787746527605e-07, 4.7089763399649197e-07, 4.2720170963007257e-07, 3.873003091588026e-07, 3.5097305137473836e-07, 3.182156831368322e-07, 2.8847285282554516e-07, 2.6131251212414216e-07, 2.3682345928716519e-07, 2.1455651717462987e-07, 1.944310968595376e-07, 1.7601932225757085e-07, 1.592493200774279e-07, 1.4418494940631436e-07, 1.3047168693752347e-07, 1.181091401917107e-07, 1.0686603937281932e-07, 9.657746103750406e-08, 8.721975402645975e-08, 7.874422526545601e-08, 7.103281468795862e-08, 6.405570997864093e-08, 5.7690946726280605e-08, 5.1977331963978e-08, 4.6778922403833466e-08, 4.2110222055497303e-08, 3.7880221229960644e-08, 3.408650109278225e-08, 3.0680925040455195e-08, 2.763753303041647e-08, 2.489107096867582e-08, 2.2408062619485733e-08]
W_list: [7.4]
L_list: [10.267460472815031]
