C_final_list: [1.2116521876196006e-06, 1.1247586423147567e-06, 1.0406708060613667e-06, 9.611754655511515e-07, 8.887528072766073e-07, 8.217474370663643e-07, 7.59823569539802e-07, 7.020224833669219e-07, 6.480321034350357e-07, 5.982578064463621e-07, 5.514108182849131e-07, 5.08731409526605e-07, 4.6917410381867033e-07, 4.3303107167256685e-07, 3.9911941284021727e-07, 3.6835997916029646e-07, 3.398049722100583e-07, 3.133559792322628e-07, 2.892225292957079e-07, 2.669669246052535e-07, 2.4613414707087834e-07, 2.2700748841633317e-07, 2.0960603805687788e-07, 1.9323761069015518e-07, 1.782949766753004e-07, 1.6461677319950947e-07, 1.5177453694683088e-07, 1.3992267300869935e-07, 1.2913652942729465e-07, 1.1898968633737323e-07, 1.0974943683255339e-07, 1.0124731917060599e-07, 9.332697657977874e-08, 8.601036212089743e-08, 7.932727938360306e-08, 7.316682726031726e-08, 6.760685149758849e-08, 6.242729513794219e-08, 5.764367782231287e-08, 5.312620761218757e-08, 4.895999593012292e-08, 4.51211470860947e-08, 4.157286530278144e-08, 3.825941674089144e-08, 3.522874597287115e-08, 3.2431801333867984e-08, 2.9849187354160835e-08, 2.746522934450177e-08, 2.532350558364847e-08, 2.3336375731224384e-08]
ndim2: 500
W_list: [4.0]
L_list: [12.524272895297704]
