C_final_list: [1.9010756639937761e-06, 1.6672020475508819e-06, 1.4584622095327262e-06, 1.2791875395462672e-06, 1.11970047241673e-06, 9.792035973698401e-07, 8.548375482142923e-07, 7.47865886795403e-07, 6.526883655930376e-07, 5.679253576245689e-07, 4.964185923124887e-07, 4.3222295958982486e-07, 3.762152080861754e-07, 3.284167893980501e-07, 2.862300976850063e-07, 2.4858723417551603e-07, 2.155358069688773e-07, 1.869832683185231e-07, 1.6252308644570762e-07, 1.413797187822303e-07, 1.2259822580285782e-07, 1.0635982093429975e-07, 9.236706949006426e-08, 7.976806656844526e-08, 6.901540984346947e-08, 5.981529861311046e-08, 5.184450816459461e-08, 4.4845519557819085e-08, 3.870238656787912e-08, 3.3548456728507604e-08, 2.9014836900611973e-08, 2.508419929715642e-08, 2.1714116301753237e-08, 1.8818727277462675e-08, 1.6338412819311504e-08]
ndim2: 500
W_list: [2.6]
L_list: [7.392243360189459]
