C_final_list: [2.0396889253101836e-06, 1.9946503223657354e-06, 1.950391734476599e-06, 1.9077940865274408e-06, 1.866020577968901e-06, 1.8257054583484122e-06, 1.7861644956743128e-06, 1.7469651250248996e-06, 1.7085868708035673e-06, 1.6711295355451204e-06, 1.633750206961873e-06, 1.5975197360438752e-06, 1.562230657016497e-06, 1.527776838416162e-06, 1.494539126222586e-06, 1.46212650973998e-06, 1.4307371163081896e-06, 1.3995381864686575e-06, 1.369155703099868e-06, 1.3390304956605345e-06, 1.3094547579164655e-06, 1.2809939729948364e-06, 1.2531979090638064e-06, 1.22587799373137e-06, 1.1992561431351546e-06, 1.1730295340229025e-06, 1.1470639126961664e-06, 1.1217739471950902e-06, 1.0972888094876216e-06, 1.0729096766649324e-06, 1.0491582738753192e-06, 1.0256387226983514e-06, 1.0027136315169278e-06, 9.800515479471049e-07, 9.579294006288615e-07, 9.364661925386788e-07, 9.153230578344439e-07, 8.946637962986723e-07, 8.746738610905885e-07, 8.552333655505651e-07, 8.362697309871995e-07, 8.175947722721855e-07, 7.993370864309876e-07, 7.814210752947973e-07, 7.638135508847579e-07, 7.46704165823433e-07, 7.297486961371421e-07, 7.12970524887944e-07, 6.966788309023708e-07, 6.807128570056745e-07]
ndim2: 500
W_list: [2.6]
L_list: [44.90116894382174]
