R_list= [ 1  2  3  4  5  6  7  8  9 10 11 12 13 14 15 16 17 18 19 20 21 22 23 24
 25 26 27 28 29 30 31 32 33 34 35 36 37 38]
C_final_list= [2.7791605999593354e-07, 2.3221007610084292e-07, 1.9149138726353625e-07, 1.570046865347867e-07, 1.2816924918598063e-07, 1.0426596229547258e-07, 8.46872720716014e-08, 6.885805484286228e-08, 5.5891809086632045e-08, 4.527436085210981e-08, 3.6619968399371835e-08, 2.958762248130508e-08, 2.3901761781323425e-08, 1.9285850221977607e-08, 1.5553760937278697e-08, 1.2537183339614405e-08, 1.0104544107398393e-08, 8.167577720429444e-09, 6.58550275160616e-09, 5.290520776044416e-09, 4.244632552233184e-09, 3.4111836731751347e-09, 2.7314756027018333e-09, 2.1843108921532445e-09, 1.7439464766820729e-09, 1.395996790582688e-09, 1.1189472678902399e-09, 8.987983168505469e-10, 7.217512352758799e-10, 5.799787063076501e-10, 4.669299957583847e-10, 3.752421094289404e-10, 3.020988390481144e-10, 2.433419717659938e-10, 1.960740351218725e-10, 1.5733886266457906e-10, 1.2605932630450983e-10, 1.0037586713877608e-10]
W_list: [9.0]
L_list: [4.974197673270986]
