R_list= [ 1  2  3  4  5  6  7  8  9 10 11 12 13 14 15 16 17 18 19 20 21 22 23 24
 25 26 27 28 29 30 31 32 33 34 35 36 37 38]
C_final_list= [5.270205713234287e-07, 4.2759849808538055e-07, 3.402382832139658e-07, 2.717636529080786e-07, 2.184793551826455e-07, 1.7612903125269958e-07, 1.4206872366400295e-07, 1.1433670658358264e-07, 9.20620374320889e-08, 7.40581856301388e-08, 5.955708478305371e-08, 4.788989038550217e-08, 3.850325673802302e-08, 3.090094473692964e-08, 2.4745226832143332e-08, 1.9791350694939576e-08, 1.58273364310478e-08, 1.2652502697310624e-08, 1.0095741041606644e-08, 8.039290282676232e-09, 6.3962023983894825e-09, 5.07977571040536e-09, 4.029044503628052e-09, 3.1946521921833812e-09, 2.5374195483805664e-09, 2.014504211277749e-09, 1.5965687437434815e-09, 1.2609180842865316e-09, 9.919050939158e-10, 7.794362493438888e-10, 6.137759792238498e-10, 4.843246552999065e-10, 3.820730796396923e-10, 3.009488404839482e-10, 2.3653339255307126e-10, 1.856037823236816e-10, 1.4542218941488124e-10, 1.1407809735935581e-10]
W_list: [5]
L_list: [4.563296502902816]
