R_list= [ 1  2  3  4  5  6  7  8  9 10 11 12 13 14 15 16 17 18 19 20 21 22 23 24
 25 26 27 28 29 30 31 32 33 34 35 36 37 38]
C_final_list= [8.470261237123078e-07, 7.669216039981677e-07, 6.929909211486725e-07, 6.238003031162581e-07, 5.6126415707472e-07, 5.056234378401819e-07, 4.5578096224118603e-07, 4.1091303880688287e-07, 3.6973445375001694e-07, 3.3287681089890966e-07, 2.9941360778041684e-07, 2.694147426881642e-07, 2.4242681092461614e-07, 2.185216002277859e-07, 1.9668782703744415e-07, 1.7733159840091765e-07, 1.5978614055711602e-07, 1.438306162621259e-07, 1.2937593810607748e-07, 1.1639865341554263e-07, 1.0470982195770713e-07, 9.412213407572116e-08, 8.479061783158534e-08, 7.626585243358471e-08, 6.847729455350306e-08, 6.148774263396957e-08, 5.51825603149391e-08, 4.945791779297294e-08, 4.433195123826498e-08, 3.9777560176121204e-08, 3.5681187751710484e-08, 3.198846654433131e-08, 2.8717197787536607e-08, 2.5767292098609076e-08, 2.3121858490310932e-08, 2.0726051595483104e-08, 1.8541524827850558e-08, 1.6556954984524046e-08]
W_list: [6]
L_list: [9.558134366048247]
