C_final_list: [1.5098617175445275e-06, 1.3347598226529005e-06, 1.1773323343603686e-06, 1.04264343743596e-06, 9.198337363460674e-07, 8.085155872273059e-07, 7.125210970407132e-07, 6.272100020733189e-07, 5.522872570747422e-07, 4.868252131435691e-07, 4.2847257267029315e-07, 3.7720356865902153e-07, 3.3177025154982393e-07, 2.917199764471172e-07, 2.5588694768739353e-07, 2.2444412087437028e-07, 1.9660527871360136e-07, 1.7209067081055084e-07, 1.50593824025803e-07, 1.317268104017916e-07, 1.148608216739752e-07, 1.0025744042982415e-07, 8.78397680728379e-08, 7.666051166326493e-08, 6.677723761325869e-08, 5.831559239793496e-08, 5.094220103930778e-08, 4.456171881926008e-08, 3.886087980507539e-08, 3.384157039586479e-08, 2.9433970306917913e-08, 2.5701415657888167e-08, 2.246692279142615e-08, 1.9629217689635726e-08, 1.713659858795613e-08, 1.49816060217634e-08, 1.3086264160265893e-08, 1.1465717578644662e-08, 1.0009409045888619e-08, 8.724653849115802e-09, 7.598695076455738e-09, 6.6375624410312495e-09, 5.787637734859373e-09, 5.039402763237348e-09, 4.393096416136782e-09, 3.838370572681143e-09, 3.347895853594803e-09, 2.9194388222038037e-09, 2.5463058823758405e-09, 2.2272124970664116e-09]
ndim2: 500
W_list: [4.0]
L_list: [7.862316473854516]
