R_list= [ 1  2  3  4  5  6  7  8  9 10 11 12 13 14 15 16 17 18 19 20 21 22 23 24
 25 26 27 28 29 30 31 32 33 34 35 36 37 38]
C_final_list= [3.8366478106060967e-07, 3.5785481346447934e-07, 3.317807240089984e-07, 3.0664333134180015e-07, 2.829041698612806e-07, 2.608759340912939e-07, 2.4037420715356076e-07, 2.215690897191456e-07, 2.0434079426672079e-07, 1.8833654765996853e-07, 1.7365411654128396e-07, 1.5992171803882154e-07, 1.4732226432374606e-07, 1.3558943248016015e-07, 1.2481187765543703e-07, 1.1492645956991236e-07, 1.0571675904390017e-07, 9.732813198339638e-08, 8.956627841010904e-08, 8.240872369609281e-08, 7.57727157371348e-08, 6.960378144746591e-08, 6.383861806639002e-08, 5.8505708206528167e-08, 5.3572240987439996e-08, 4.901845495936673e-08, 4.482735540573931e-08, 4.0985092596268376e-08, 3.746029001796539e-08, 3.4243889476013564e-08, 3.12937610263494e-08, 2.8591857509752828e-08, 2.613097613326457e-08, 2.3880620446412716e-08, 2.181192573775797e-08, 1.9923802295737712e-08, 1.8192987181446936e-08, 1.660707732070832e-08]
W_list: [6.800000000000001]
L_list: [12.214183938909654]
