R_list= [ 1  2  3  4  5  6  7  8  9 10 11 12 13 14 15 16 17 18 19 20 21 22 23 24
 25 26 27 28 29 30 31 32 33 34 35 36 37 38]
C_final_list= [2.0178694645668425e-06, 1.9620627818363186e-06, 1.920548398351384e-06, 1.8769508940276899e-06, 1.8359655760864682e-06, 1.7958170985519906e-06, 1.7561192141181118e-06, 1.7174669584200244e-06, 1.6795217093151027e-06, 1.6422879994732431e-06, 1.605979703651668e-06, 1.5699303424060523e-06, 1.5352662893808778e-06, 1.501845717544384e-06, 1.4686940149708608e-06, 1.4358472823554323e-06, 1.4039492722127588e-06, 1.372865062480258e-06, 1.3422373636936714e-06, 1.3122766647398595e-06, 1.2831104086201343e-06, 1.2544589537395753e-06, 1.2262867569586205e-06, 1.1985861832100144e-06, 1.1714465033256996e-06, 1.1449839470759155e-06, 1.119104985767902e-06, 1.093551110196988e-06, 1.0684961462199243e-06, 1.044488539566917e-06, 1.0209061698457648e-06, 9.977989564016963e-07, 9.75093358369306e-07, 9.527015353336227e-07, 9.307298648019674e-07, 9.090007423335212e-07, 8.87761614313347e-07, 8.671922561329445e-07]
W_list: [4]
L_list: [44.24661568394373]
