R_list= [ 1  2  3  4  5  6  7  8  9 10 11 12 13 14 15 16 17 18 19 20 21 22 23 24
 25 26 27 28 29 30 31 32]
C_final_list= [6.741564232127558e-07, 5.948857543303605e-07, 5.282451041364822e-07, 4.673577987822228e-07, 4.134981502348251e-07, 3.659215700855751e-07, 3.2389955325268264e-07, 2.866948241904736e-07, 2.5347718509941803e-07, 2.2386207139702268e-07, 1.973161817306103e-07, 1.7383811894454164e-07, 1.532749602867266e-07, 1.3523618306809365e-07, 1.1911322318962497e-07, 1.0469373138987586e-07, 9.199060761668772e-08, 8.084879443901596e-08, 7.104131896371733e-08, 6.252908442162006e-08, 5.511162033255017e-08, 4.85638665717092e-08, 4.280430894615109e-08, 3.769258015382135e-08, 3.319286278431249e-08, 2.9204206425879584e-08, 2.569487079018153e-08, 2.2618925453783603e-08, 1.987219169369543e-08, 1.7441956567791497e-08, 1.53050245477271e-08, 1.3404854287191818e-08]
W_list: [6]
L_list: [8.080303830832886]
