R_list= [ 1  2  3  4  5  6  7  8  9 10 11 12 13 14 15 16 17 18 19 20 21 22 23 24
 25 26 27 28 29 30 31 32 33 34 35 36 37 38]
C_final_list= [9.59857729544776e-07, 8.075753439020147e-07, 6.865475415424373e-07, 5.816486005999717e-07, 4.939151277009139e-07, 4.1968843236248394e-07, 3.5713736669584096e-07, 3.0253018954648336e-07, 2.560620603269085e-07, 2.163805499695461e-07, 1.8279666921264048e-07, 1.54483627310143e-07, 1.3089261064182402e-07, 1.1100902421656543e-07, 9.384655779722406e-08, 7.921113209356041e-08, 6.678249383071125e-08, 5.639081552020193e-08, 4.748445396647604e-08, 4.0125937838917466e-08, 3.3873145868811135e-08, 2.8570364074942743e-08, 2.404341641788927e-08, 2.023244658892878e-08, 1.700640632383297e-08, 1.4229350326580139e-08, 1.1900666781737058e-08, 9.943677653358383e-09, 8.323484248357657e-09, 6.956642202847804e-09, 5.790443380021062e-09, 4.820468430071603e-09, 4.0162601507418466e-09, 3.3383245843336044e-09, 2.77625672917459e-09, 2.3151019922487695e-09, 1.9304351118148307e-09, 1.6118680402431389e-09]
W_list: [6]
L_list: [6.038389106495646]
