R_list= [ 1  2  3  4  5  6  7  8  9 10 11 12 13 14 15 16 17 18 19 20 21 22 23 24
 25 26 27 28 29 30 31 32 33 34 35 36 37 38]
C_final_list= [6.082118978973854e-07, 5.372855429229469e-07, 4.706228440504763e-07, 4.098470497933445e-07, 3.5596573914828135e-07, 3.08584602697659e-07, 2.673695276605815e-07, 2.3121591254462474e-07, 1.9960429518694015e-07, 1.720716982542395e-07, 1.4870455885299523e-07, 1.2858435551345202e-07, 1.1100226400495812e-07, 9.580903425531501e-08, 8.262429104967227e-08, 7.117472230180191e-08, 6.121411929001806e-08, 5.262394605533479e-08, 4.520079263641519e-08, 3.88460091759789e-08, 3.340061555303408e-08, 2.8703770514946712e-08, 2.4651491081782455e-08, 2.117662400498016e-08, 1.8214771770601926e-08, 1.5698817820657276e-08, 1.3531388388406392e-08, 1.1670541055313948e-08, 1.0049887027691904e-08, 8.650921214241586e-09, 7.435016962982664e-09, 6.3868345720127904e-09, 5.486517383072251e-09, 4.718890158978137e-09, 4.061997008134878e-09, 3.5018529380691037e-09, 3.014775330302004e-09, 2.59302091202568e-09]
W_list: [8.2]
L_list: [7.037312523251005]
