R_list= [ 1  2  3  4  5  6  7  8  9 10 11 12 13 14 15 16 17 18 19 20 21 22 23 24
 25 26 27 28 29 30 31 32 33 34 35 36 37 38]
C_final_list= [2.888612676007903e-05, 2.1571827848887515e-05, 1.6014066621423716e-05, 1.1860301284535707e-05, 8.77070312849077e-06, 6.473263590737527e-06, 4.7750815538586955e-06, 3.524423754968483e-06, 2.598675286493448e-06, 1.9139498035384545e-06, 1.4069218867894752e-06, 1.0320033228227631e-06, 7.56560134372943e-07, 5.551590445559259e-07, 4.076886083936938e-07, 2.9900212915208996e-07, 2.1981161462092103e-07, 1.6204395903913194e-07, 1.1900634918049668e-07, 8.751292233567143e-08, 6.435230323859507e-08, 4.739813875569491e-08, 3.490318174306752e-08, 2.5777726218659295e-08, 1.9035175238270544e-08, 1.394961634515201e-08, 1.0270817610787788e-08, 7.59960764533281e-09, 5.631421883344558e-09, 4.174824212835438e-09, 3.0958444890873397e-09, 2.289819759949234e-09, 1.6979085612582147e-09, 1.2498626977457756e-09, 9.188753041211707e-10, 6.765276181036947e-10, 4.945571386352098e-10, 3.643826722204649e-10]
W_list: [8.35]
L_list: [3.3406612451344233]
