R_list= [ 1  2  3  4  5  6  7  8  9 10 11 12 13 14 15 16 17 18 19 20 21 22 23 24
 25 26 27 28 29 30 31 32 33 34 35 36 37 38]
C_final_list= [1.2590260248462483e-06, 1.212601548675576e-06, 1.1700182542870145e-06, 1.1277738786213397e-06, 1.086875211057491e-06, 1.0476430105109892e-06, 1.0094843975547455e-06, 9.726031382957953e-07, 9.367641256318338e-07, 9.024434186097646e-07, 8.694172106619101e-07, 8.378334725839955e-07, 8.073321918043688e-07, 7.77647373653126e-07, 7.487731271810101e-07, 7.209030208069145e-07, 6.9394956956905e-07, 6.679817355166032e-07, 6.428994161768768e-07, 6.184484996076309e-07, 5.950328589739752e-07, 5.724219788550252e-07, 5.508111524444135e-07, 5.301405437645078e-07, 5.102132842922244e-07, 4.910894395348075e-07, 4.725643005979404e-07, 4.5464141617912714e-07, 4.3737080570894986e-07, 4.206949200865492e-07, 4.0481051433565803e-07, 3.8948791188100397e-07, 3.746766842367946e-07, 3.601309673412513e-07, 3.4617448689748086e-07, 3.3270182522883126e-07, 3.1965995197409146e-07, 3.070277227396429e-07]
W_list: [5]
L_list: [26.441308987471473]
