C_final_list: [1.27006687994504e-06, 1.1085327729815235e-06, 9.609945622737229e-07, 8.332586417660827e-07, 7.213677270623711e-07, 6.238310221073439e-07, 5.383028373141409e-07, 4.6385110955313656e-07, 4.005080589785206e-07, 3.4440327606716184e-07, 2.974832044746675e-07, 2.565300762408528e-07, 2.2130965272289547e-07, 1.9041290503111012e-07, 1.6429715593482263e-07, 1.4110007406297416e-07, 1.215312516630525e-07, 1.0465039223394831e-07, 9.016824743646164e-08, 7.759107006619708e-08, 6.678150073484156e-08, 5.726711753970795e-08, 4.9348341221896724e-08, 4.234305648264045e-08, 3.628436701490086e-08, 3.1092249258596923e-08, 2.6511505910300462e-08, 2.2666861930732487e-08, 1.9446463418206728e-08, 1.6695557902893096e-08, 1.4272685169111341e-08, 1.219312983870714e-08, 1.042801701434699e-08, 8.83864882243677e-09, 7.52115153416629e-09]
ndim2: 500
W_list: [3.0]
L_list: [6.860653463289581]
