C_final_list: [1.8742275283438267e-06, 1.7462016940936026e-06, 1.6243210018335887e-06, 1.5113941473713343e-06, 1.4064710024896834e-06, 1.3103472544145276e-06, 1.2201013601230987e-06, 1.1373626517184534e-06, 1.0588628242581042e-06, 9.853313185410836e-07, 9.159747112810726e-07, 8.519810029921816e-07, 7.915002118273073e-07, 7.336665915492822e-07, 6.807723653606102e-07, 6.323932263374123e-07, 5.872556402870362e-07, 5.45332333257664e-07, 5.067820533442794e-07, 4.7166745253632666e-07, 4.3848184618371374e-07, 4.075350342992868e-07, 3.7859814607107614e-07, 3.518258872272842e-07, 3.267649902952436e-07, 3.035118976331828e-07, 2.8174936662931167e-07, 2.6128628076395176e-07, 2.4206652845226086e-07, 2.2444894061200684e-07, 2.0799145494703514e-07, 1.9256845416911319e-07, 1.783478480064554e-07, 1.653916878645411e-07, 1.5348060276347342e-07, 1.4225718690097615e-07, 1.3196888970828819e-07, 1.2248428320322406e-07, 1.1359093501245884e-07, 1.0526234586408745e-07, 9.756848439587723e-08, 9.038149595853798e-08, 8.379174214158295e-08, 7.767589066031918e-08, 7.206443780117903e-08, 6.674077250948334e-08, 6.177334539227291e-08, 5.713612679406606e-08, 5.279904336886475e-08, 4.881251954745614e-08]
ndim2: 500
W_list: [3.2]
L_list: [13.715210237191737]
