R_list= [ 1  2  3  4  5  6  7  8  9 10 11 12 13 14 15 16 17 18 19 20 21 22 23 24
 25 26 27 28 29 30 31 32 33 34 35 36 37 38]
C_final_list= [7.989738319958511e-07, 4.043074658458826e-07, 1.6795329064289405e-07, 6.24503348425263e-08, 2.189266884247276e-08, 7.460122866219353e-09, 2.4989317312679866e-09, 8.356158555383046e-10, 2.815332309848206e-10, 9.621122543156936e-11, 3.339358832366923e-11, 1.1646576514091879e-11, 4.0829485180305595e-12, 1.451669325192193e-12, 5.275819013369774e-13, 1.928528965601026e-13, 7.089019171525687e-14, 2.5858018764921952e-14, 9.235674448913243e-15, 3.1966111901250943e-15, 1.0851051127368004e-15, 3.6080330331392574e-16, 1.2040118829987777e-16, 4.152047131928166e-17, 1.4802568716934268e-17, 5.199697871789434e-18, 1.7377138875893437e-18, 5.729501354429683e-19, 1.9262045925357806e-19, 7.036029938086463e-20, 2.965878422179223e-20, 1.4936597243280658e-20, 9.086499148518146e-21, 6.576796951104078e-21, 5.427263599818764e-21, 4.812843915751371e-21, 4.3818234250181665e-21, 4.0611289102640796e-21]
W_list: [5]
L_list: [1.3067977281933263]
