R_list= [ 1  2  3  4  5  6  7  8  9 10 11 12 13 14 15 16 17 18 19 20 21 22 23 24
 25 26 27 28 29 30 31 32 33 34 35 36 37 38]
C_final_list= [2.5485229943660955e-07, 2.242604986585499e-07, 1.9468349413409825e-07, 1.6774126772498438e-07, 1.4382567897477169e-07, 1.22970611585598e-07, 1.0499786090935733e-07, 8.961410897557458e-08, 7.644661893316897e-08, 6.513048277253346e-08, 5.5501396867168716e-08, 4.7261861637908436e-08, 4.020490259267795e-08, 3.4254983412661954e-08, 2.916913379095684e-08, 2.4810629909539364e-08, 2.108753398115122e-08, 1.7899488130105025e-08, 1.5188715011839118e-08, 1.2881213730648797e-08, 1.0917804922311622e-08, 9.240533549710989e-09, 7.807449106019487e-09, 6.592214891442038e-09, 5.562278172743465e-09, 4.6916214684267485e-09, 3.956463180049991e-09, 3.3328929634464906e-09, 2.8035447688598163e-09, 2.353434653864254e-09, 1.974941367208532e-09, 1.6534949602313947e-09, 1.3865495361794171e-09, 1.1659264756212406e-09, 9.809870435704074e-10, 8.240722673232818e-10, 6.925815266983949e-10, 5.841918238880306e-10]
W_list: [9.0]
L_list: [6.514545134741513]
