R_list= [ 1  2  3  4  5  6  7  8  9 10 11 12 13 14 15 16 17 18 19 20 21 22 23 24
 25 26 27 28 29 30 31 32 33 34 35 36 37 38]
C_final_list= [3.669374604506821e-05, 2.4133597069872504e-05, 1.5808847771842096e-05, 1.0340586780408089e-05, 6.7551309133882356e-06, 4.4078307946823495e-06, 2.873116589540678e-06, 1.87382068444197e-06, 1.2215738884038062e-06, 7.933215144570085e-07, 5.143890548441021e-07, 3.351717221687221e-07, 2.1799409022698357e-07, 1.417134408584636e-07, 9.148102180649486e-08, 5.89135983395971e-08, 3.8044864185495435e-08, 2.471574253361018e-08, 1.5948979641535587e-08, 1.0342700200512666e-08, 6.690256601276562e-09, 4.329476205164853e-09, 2.8001026697794935e-09, 1.8114648890508294e-09, 1.1675554720421862e-09, 7.51843679397696e-10, 4.840664384129386e-10, 3.120384924904209e-10, 2.026483485233126e-10, 1.3192217338194915e-10, 8.495248181529645e-11, 5.587378800465511e-11, 3.62629852325321e-11, 2.2958435862537923e-11, 1.4305893520561354e-11, 9.033048202498903e-12, 5.601264015282746e-12, 3.4341754925184357e-12]
W_list: [8.1]
L_list: [2.3653643005787823]
