C_list:
5.626206543735481e-07 0.09376879854246556
ndim2: 500
W_list: [3.6]
L_list: [10.664528239072242]
