R_list= [ 1  2  3  4  5  6  7  8  9 10 11 12 13 14 15 16 17 18 19 20 21 22 23 24
 25 26 27 28 29 30 31 32 33 34 35 36 37 38]
C_final_list= [4.347599847021362e-07, 2.5491373416717057e-07, 1.4837657964545535e-07, 8.750577851274174e-08, 5.16539168127114e-08, 3.033699744933657e-08, 1.7695869528773886e-08, 1.0310530551123557e-08, 6.011257026491504e-09, 3.5066118700046223e-09, 2.0418746794333435e-09, 1.1866011723751648e-09, 6.843433066949687e-10, 3.9721562613121917e-10, 2.2998091244127255e-10, 1.316632258741889e-10, 7.493295114835366e-11, 4.2479916670870814e-11, 2.4028367592281042e-11, 1.3796058465940332e-11, 8.032841480458237e-12, 4.6600555638975314e-12, 2.7181955724068988e-12, 1.531722716263005e-12, 8.705680348991832e-13, 4.864814332507819e-13, 2.7409902496772653e-13, 1.538744879242507e-13, 8.10461937684643e-14, 4.2097876611511004e-14, 2.2159193008741346e-14, 1.1543126516588739e-14, 6.1760925464875646e-15, 3.4299715059949454e-15, 1.7340595855989784e-15, 7.788930487837335e-16, 4.162831645910106e-16, 2.382192763219623e-16]
W_list: [7]
L_list: [1.8700925798799213]
