R_list= [ 1  2  3  4  5  6  7  8  9 10 11 12 13 14 15 16 17 18 19 20 21 22 23 24
 25 26 27 28 29 30 31 32 33 34 35 36 37 38]
C_final_list= [3.99771592100183e-07, 1.6232557718679845e-07, 5.235768890487634e-08, 1.509844381395483e-08, 4.103107664105802e-09, 1.0898971685878957e-09, 2.87279075068823e-10, 7.568561407571648e-11, 1.9722716570642932e-11, 5.167637214349435e-12, 1.382345392109716e-12, 3.749112828803492e-13, 9.921222995954467e-14, 2.6440622776013334e-14, 6.9897395874288695e-15, 1.817140556760669e-15, 4.856339026629983e-16, 1.361288989074539e-16, 4.0076303395231214e-17, 1.1781162113818326e-17, 3.398350399136542e-18, 9.532038403810956e-19, 2.665837345731739e-19, 7.756569928317202e-20, 2.859478865775921e-20, 1.758764199856291e-20, 8.569372171093077e-21, 2.365599910515642e-21, 7.026721535127523e-22, 2.7954378396176033e-22, 1.4711195242385355e-22, 1.0400290145498717e-22, 8.985911283234627e-23, 8.603117160452375e-23, 8.295551258846198e-23, 8.111963673931762e-23, 8.476976801044471e-23, 8.958035742201248e-23]
W_list: [6]
L_list: [1.0375182692032006]
