C_final_list: [1.9934086808624824e-06, 1.7245037961282094e-06, 1.4849131955632198e-06, 1.2802766585382042e-06, 1.1005817640174063e-06, 9.497198168816964e-07, 8.180873283713589e-07, 7.044646707428586e-07, 6.069760674577664e-07, 5.236295110611214e-07, 4.5012113387856496e-07, 3.863686847483482e-07, 3.3128461445060347e-07, 2.84443921985996e-07, 2.445225357395641e-07, 2.0920646079497303e-07, 1.7956312109216173e-07, 1.5346673454664255e-07, 1.311662908930143e-07, 1.117856675668266e-07, 9.491743457793856e-08, 8.075453800416099e-08, 6.86401514563826e-08, 5.8340156170078646e-08, 4.940746390738478e-08, 4.1975623583292345e-08, 3.553989113591585e-08, 2.9975567567383293e-08, 2.5425466809444137e-08, 2.1726376485790656e-08, 1.8553246699907268e-08, 1.588497111037216e-08, 1.352922944444112e-08, 1.1567336720500906e-08, 9.93696286313928e-09, 8.548009512882588e-09, 7.333561386313512e-09, 6.2610146585841176e-09, 5.363601735509754e-09, 4.575228899485414e-09, 3.917703331683545e-09, 3.3341805301695533e-09, 2.8236314140175827e-09, 2.391458832097096e-09, 2.036276078499467e-09, 1.7283449042392094e-09, 1.4630275781808076e-09, 1.2342853847236595e-09, 1.0351237440482254e-09, 8.70621904279267e-10]
ndim2: 500
W_list: [3.3]
L_list: [6.671980472754083]
