C_list:
1.7042207703425934e-06 0.0754491731047857
ndim2: 500
W_list: [2.2]
L_list: [13.253955727403069]
