R_list= [ 1  2  3  4  5  6  7  8  9 10 11 12 13 14 15 16 17 18 19 20 21 22 23 24
 25 26 27 28 29 30 31 32 33 34 35 36 37 38]
C_final_list= [2.9185528899761124e-07, 2.672820050558754e-07, 2.4252521502733094e-07, 2.1889950185409866e-07, 1.9718786505736165e-07, 1.7739465903118457e-07, 1.5931553499855605e-07, 1.4299985411086586e-07, 1.2834313032021185e-07, 1.1506315381378578e-07, 1.0317869797093041e-07, 9.242966220011301e-08, 8.279458596128133e-08, 7.408618101697334e-08, 6.622289003283471e-08, 5.9191376339553126e-08, 5.2836235164436904e-08, 4.7193513264576914e-08, 4.214495474083416e-08, 3.764776188865944e-08, 3.364177479443066e-08, 3.0098974909232074e-08, 2.6963379732352587e-08, 2.4131859019981066e-08, 2.1576163062632528e-08, 1.9275398091972704e-08, 1.7210436013029964e-08, 1.5358193217199507e-08, 1.37034481342807e-08, 1.2223035476960829e-08, 1.0892965138818176e-08, 9.698515693994847e-09, 8.62308789843716e-09, 7.661937397583108e-09, 6.798747130847777e-09, 6.02947098533336e-09, 5.342733072852661e-09, 4.741733941041412e-09]
W_list: [7.4]
L_list: [9.341144310005083]
