R_list= [ 1  2  3  4  5  6  7  8  9 10 11 12 13 14 15 16 17 18 19 20 21 22 23 24
 25 26 27 28 29 30 31 32 33 34 35 36 37 38]
C_final_list= [5.973989403088085e-07, 5.67734232865021e-07, 5.380900676650833e-07, 5.088622876984048e-07, 4.807322259530796e-07, 4.5412472426000945e-07, 4.285885682688602e-07, 4.0422418628890975e-07, 3.8116291121027056e-07, 3.5936502908008865e-07, 3.387537626784829e-07, 3.194387263822868e-07, 3.010755256797434e-07, 2.837812164509215e-07, 2.673965389589721e-07, 2.5190553425302064e-07, 2.371143055295413e-07, 2.2323124539926522e-07, 2.102337729150615e-07, 1.9800903674007988e-07, 1.8643052720436818e-07, 1.755186796228746e-07, 1.6518397340084065e-07, 1.5554007709141398e-07, 1.464795658649261e-07, 1.379176128959024e-07, 1.2983006297658055e-07, 1.2221760744482366e-07, 1.1506497808381582e-07, 1.0831248291499241e-07, 1.01990449251502e-07, 9.60202748375987e-08, 9.042819010897715e-08, 8.511823700081365e-08, 8.010224719010053e-08, 7.534471584049718e-08, 7.088733821120366e-08, 6.663369126215105e-08]
W_list: [6.2]
L_list: [16.998720609144176]
