R_list= [ 1  2  3  4  5  6  7  8  9 10 11 12 13 14 15 16 17 18 19 20 21 22 23 24
 25 26 27 28 29 30 31 32 33 34 35 36 37 38]
C_final_list= [7.739574661693251e-07, 6.632657781211306e-07, 5.741958543122659e-07, 4.945786440894165e-07, 4.246875731930812e-07, 3.651331675884706e-07, 3.138701401357053e-07, 2.69545230522696e-07, 2.3133143381454246e-07, 1.987411037989672e-07, 1.7040496777835357e-07, 1.462435307732444e-07, 1.254486653428626e-07, 1.0788043234607617e-07, 9.275782962893023e-08, 7.973904865850982e-08, 6.845872434699717e-08, 5.865691991077334e-08, 5.025478432232916e-08, 4.2967895928694065e-08, 3.67462007497267e-08, 3.143292625615029e-08, 2.6831065600112144e-08, 2.2883207634769174e-08, 1.9499710847876254e-08, 1.662426004948198e-08, 1.4173485612166864e-08, 1.2043115296545766e-08, 1.0222612026864775e-08, 8.681089514903838e-09, 7.389187790959799e-09, 6.2811605389899605e-09, 5.331167359007998e-09, 4.52273646115139e-09, 3.836388657608461e-09, 3.2663860056554904e-09, 2.771939047339507e-09, 2.342811785439114e-09]
W_list: [6]
L_list: [6.609320798115523]
