R_list= [ 1  2  3  4  5  6  7  8  9 10 11 12 13 14 15 16 17 18 19 20 21 22 23 24
 25 26 27 28 29 30 31 32 33 34 35 36 37 38]
C_final_list= [5.442857414723575e-07, 4.2570228590109825e-07, 3.2923252838418805e-07, 2.5405394484204524e-07, 1.9501004957426443e-07, 1.5010525269101326e-07, 1.1525981804115892e-07, 8.86669624620993e-08, 6.81578258136383e-08, 5.237417229083067e-08, 4.0200361159309787e-08, 3.0762603097055594e-08, 2.3629290077900514e-08, 1.808128529000177e-08, 1.3816518687388759e-08, 1.0508800021653472e-08, 7.98384013995724e-09, 6.035429292491648e-09, 4.554657981812557e-09, 3.47487177403995e-09, 2.6514765229786206e-09, 2.0228243474327312e-09, 1.5410576659297958e-09, 1.1751319745809322e-09, 8.975617741978186e-10, 6.88212988130368e-10, 5.231465591011065e-10, 3.9739366488353876e-10, 3.0183175744477975e-10, 2.2686891525798736e-10, 1.7171216639378017e-10, 1.290780275597184e-10, 9.717575044072713e-11, 7.314006487424838e-11, 5.5429505574761894e-11, 4.229174031277967e-11, 3.1949309455699996e-11, 2.4015249130866806e-11]
W_list: [8.6]
L_list: [3.866407883484148]
