C_final_list: [1.9899008711335374e-06, 1.7398804004615943e-06, 1.5149466715315935e-06, 1.3229391839602838e-06, 1.1481522556125838e-06, 9.991803576642294e-07, 8.725143499495463e-07, 7.592566887265525e-07, 6.604157625653429e-07, 5.725302907996055e-07, 4.960987079834901e-07, 4.30055085385979e-07, 3.7197553813936676e-07, 3.2202463356848515e-07, 2.78916770851919e-07, 2.409965445621435e-07, 2.0814035059418354e-07, 1.7970542988455323e-07, 1.545377618927575e-07, 1.3370958400671205e-07, 1.1528827580036781e-07, 9.977571489280236e-08, 8.640736631683425e-08, 7.461812225828439e-08, 6.42496051901154e-08, 5.549330288281365e-08, 4.792195939934516e-08, 4.128934966801367e-08, 3.552117897805747e-08, 3.068036489605493e-08, 2.6550388481821094e-08, 2.286127656354914e-08, 1.9643422621128554e-08, 1.688525578719942e-08, 1.4509799118030755e-08, 1.2467583009840687e-08, 1.0651920074195614e-08, 9.12487546509093e-09, 7.806954017025503e-09, 6.695923398191481e-09, 5.737532861904037e-09, 4.926561975020556e-09, 4.21839032215241e-09, 3.6058497772158074e-09, 3.0889043596007103e-09, 2.6544039445247628e-09, 2.2689445359792882e-09, 1.9338422952796805e-09, 1.6502002381081438e-09, 1.4078619819047462e-09]
ndim2: 500
W_list: [3.0999999999999996]
L_list: [7.142419202096716]
