C_final_list: [1.498108039628344e-06, 1.3431352446545638e-06, 1.2048433950009943e-06, 1.0798702872432803e-06, 9.676802214342183e-07, 8.661687982965745e-07, 7.762162413529922e-07, 6.943169212115722e-07, 6.2171143545904e-07, 5.54664068850115e-07, 4.939991862606888e-07, 4.4038592596833503e-07, 3.9215844704239296e-07, 3.4954776177748464e-07, 3.1145165333329726e-07, 2.770386872428446e-07, 2.4614145970523614e-07, 2.188984201532087e-07, 1.9468881132519e-07, 1.7303874486895153e-07, 1.5378809016725606e-07, 1.365968867229607e-07, 1.213984192243932e-07, 1.0789866356039867e-07, 9.586333812419736e-08, 8.493399071837439e-08, 7.506714295570307e-08, 6.631140331412513e-08, 5.8440000060889876e-08, 5.1602294935820816e-08, 4.5527244640690824e-08, 4.0281889801016033e-08, 3.558021493366686e-08, 3.146385603794141e-08, 2.7824729393756063e-08]
ndim2: 500
W_list: [3.4000000000000004]
L_list: [8.88044080990985]
