C_final_list: [1.906883066748973e-06, 1.8856199216276181e-06, 1.8650585904196166e-06, 1.845438739940873e-06, 1.826200078541499e-06, 1.8075233054490175e-06, 1.7893636382185356e-06, 1.7714872315434267e-06, 1.7539398915514445e-06, 1.7367674453250756e-06, 1.7195253087548638e-06, 1.702371973072036e-06, 1.6854944119794087e-06, 1.6687855557951575e-06, 1.6522008388451685e-06, 1.635975493915463e-06, 1.619781637603642e-06, 1.6039996555582486e-06, 1.5882963837944862e-06, 1.5726766372939696e-06, 1.5573064475254544e-06, 1.5419865265147744e-06, 1.5270227829155014e-06, 1.5122805404947317e-06, 1.4975800603854192e-06, 1.4829071920907082e-06, 1.4682978086195176e-06, 1.454023647468546e-06, 1.4397771437704757e-06, 1.4256645047741019e-06, 1.4117131067443025e-06, 1.397867453125603e-06, 1.3841656261059776e-06, 1.3705575515534858e-06, 1.357249033126185e-06, 1.3440072678703964e-06, 1.330794000265672e-06, 1.3176856935767568e-06, 1.304884861087388e-06, 1.2920781108787955e-06, 1.2794103243003926e-06, 1.2667746829899938e-06, 1.2542057233666968e-06, 1.2418653933938854e-06, 1.2295929320480617e-06, 1.2173959638962884e-06, 1.2052742138167484e-06, 1.1933953441621182e-06, 1.1816213475235414e-06, 1.1701664854801812e-06]
ndim2: 500
W_list: [2.6]
L_list: [100.9815976930634]
