C_final_list: [2.099592621130524e-06, 1.8335829512848296e-06, 1.6745329556420076e-06, 1.4968469460992907e-06, 1.3429764831595988e-06, 1.2048231807340223e-06, 1.0815969103581206e-06, 9.704423014448078e-07, 8.666083194453572e-07, 7.763185894286537e-07, 6.963509102691112e-07, 6.209236641270738e-07, 5.536424672849125e-07, 4.966244350323495e-07, 4.451043512690483e-07, 3.999215336421851e-07, 3.576905228375103e-07, 3.198541437550797e-07, 2.8650334318987417e-07, 2.555840359902992e-07, 2.2816328251956797e-07, 2.0418001937568914e-07, 1.8238365238122527e-07, 1.6324559493845357e-07, 1.4624073496230982e-07, 1.3018359854864028e-07, 1.157105382438874e-07, 1.0266927210164431e-07, 9.117533696354553e-08, 8.109418925522983e-08, 7.208389913441067e-08, 6.422184519475639e-08, 5.7070010619544035e-08, 5.070260077521422e-08, 4.5128457703423536e-08]
ndim2: 500
W_list: [1.2]
L_list: [9.075267769292806]
