R_list= [ 1  2  3  4  5  6  7  8  9 10 11 12 13 14 15 16 17 18 19 20 21 22 23 24
 25 26 27 28 29 30 31 32 33 34 35 36 37 38]
C_final_list= [9.457992210084568e-07, 8.357612650861663e-07, 7.365763033930905e-07, 6.501087255052508e-07, 5.72574929658121e-07, 5.041652464335166e-07, 4.4404614229293215e-07, 3.9028671127197515e-07, 3.428074956398378e-07, 3.0023087962374585e-07, 2.632954071570287e-07, 2.3089259479242202e-07, 2.0283646974822577e-07, 1.7765747801866059e-07, 1.5559505292171827e-07, 1.3620211548485803e-07, 1.1907100054349675e-07, 1.0394158763896692e-07, 9.068531355751153e-08, 7.907502353369194e-08, 6.874005260513447e-08, 5.987473572854139e-08, 5.20655540933061e-08, 4.5278697178039275e-08, 3.937249124439464e-08, 3.4284880629843555e-08, 2.9876517365817686e-08, 2.605681992594833e-08, 2.2670903901955686e-08, 1.9744106851302554e-08, 1.7196155088664567e-08, 1.496273647668691e-08, 1.301036772064776e-08, 1.1328753242532061e-08, 9.867099261912626e-09, 8.571301053723373e-09, 7.445937351732347e-09, 6.459734013248291e-09]
W_list: [6]
L_list: [7.747923129075111]
