C_final_list: [1.5169243896043138e-06, 1.4863839308217882e-06, 1.4559074303674782e-06, 1.425917555034627e-06, 1.3964266371907531e-06, 1.3673684594207213e-06, 1.339328853437658e-06, 1.311481810692449e-06, 1.2843622917825513e-06, 1.2577533113730125e-06, 1.2318118797118338e-06, 1.206081285905619e-06, 1.1813179774260592e-06, 1.1571571082039083e-06, 1.1332613431456283e-06, 1.1097462276805419e-06, 1.0866372065909444e-06, 1.0640598584187085e-06, 1.0418000329214383e-06, 1.0199373129807538e-06, 9.985515353361206e-07, 9.777461847612787e-07, 9.576041176931518e-07, 9.378526999661412e-07, 9.184595959767363e-07, 8.995506584687113e-07, 8.808688302202976e-07, 8.626380463846601e-07, 8.446905409240271e-07, 8.270390013773712e-07, 8.09804142998849e-07, 7.929261545684047e-07, 7.764590760894501e-07, 7.6030035198583e-07, 7.44591331799548e-07, 7.291017270855289e-07, 7.140500467894726e-07, 6.990863207729792e-07, 6.843900008600745e-07, 6.700139636415319e-07, 6.560533919199898e-07, 6.421361367912112e-07, 6.284886904674716e-07, 6.151043089734536e-07, 6.020014047046581e-07, 5.892323939665463e-07, 5.767977939024486e-07, 5.646894686727809e-07, 5.528475368681624e-07, 5.412097066906548e-07]
ndim2: 500
W_list: [3.25]
L_list: [47.639890728909144]
