R_list= [ 1  2  3  4  5  6  7  8  9 10 11 12 13 14 15 16 17 18 19 20 21 22 23 24
 25 26 27 28 29 30 31 32 33 34 35 36 37 38]
C_final_list= [2.04878141415374e-06, 2.0084806400331474e-06, 1.971731536040044e-06, 1.9351717363268006e-06, 1.9001483244942903e-06, 1.8661750977628673e-06, 1.8325833346198618e-06, 1.7993112338150774e-06, 1.7665788576618445e-06, 1.7344915230685702e-06, 1.7032167319970947e-06, 1.6725477465419788e-06, 1.6423934915499778e-06, 1.6129743220036823e-06, 1.5841315220752328e-06, 1.555948287820091e-06, 1.527882445427545e-06, 1.5002463967022814e-06, 1.473254253168907e-06, 1.446924692220664e-06, 1.42104512114788e-06, 1.3957174237948572e-06, 1.3707792884576484e-06, 1.346511831706101e-06, 1.322638235272775e-06, 1.298921962355139e-06, 1.2756780392749513e-06, 1.2528026532234014e-06, 1.2303102842629854e-06, 1.2078512231556e-06, 1.1856654888936736e-06, 1.1644150274492144e-06, 1.1433159233255994e-06, 1.1225855539601708e-06, 1.1019517803598128e-06, 1.081588161361527e-06, 1.061742419463403e-06, 1.0423718880643803e-06]
W_list: [4]
L_list: [55.029820816861005]
