R_list= [ 1  2  3  4  5  6  7  8  9 10 11 12 13 14 15 16 17 18 19 20 21 22 23 24
 25 26 27 28 29 30 31 32 33 34 35 36 37 38]
C_final_list= [8.436133503880017e-07, 7.690677892512133e-07, 6.986645863857816e-07, 6.341445854869207e-07, 5.765812424148197e-07, 5.237971888009185e-07, 4.758013183305947e-07, 4.3211033260122733e-07, 3.924662270297958e-07, 3.563894574894465e-07, 3.2351502130372687e-07, 2.9352208305946424e-07, 2.662057331667654e-07, 2.4105623922252453e-07, 2.1838616433507927e-07, 1.9771165202002963e-07, 1.788814711395311e-07, 1.6190515988600376e-07, 1.4653729500636389e-07, 1.325763572782966e-07, 1.201091468410272e-07, 1.087210709061222e-07, 9.832034184201904e-08, 8.889994118030913e-08, 8.033737170634309e-08, 7.25987401622997e-08, 6.560048477675104e-08, 5.9181762663626356e-08, 5.3415805417334484e-08, 4.821214125346587e-08, 4.3481675909247164e-08, 3.9183632846269046e-08, 3.5308720870776835e-08, 3.176691248661616e-08, 2.8587636235373007e-08, 2.570111505511727e-08, 2.3149597110590017e-08, 2.0838862570412012e-08]
W_list: [6]
L_list: [10.28192418202902]
