C_final_list: [1.6325533334957858e-06, 1.6059955147915156e-06, 1.5797582435303472e-06, 1.554252203281524e-06, 1.529083217864866e-06, 1.504172384388417e-06, 1.479696371315173e-06, 1.4559021140538134e-06, 1.4326316581836845e-06, 1.4097634076541432e-06, 1.3870880121727676e-06, 1.3650076613727153e-06, 1.343028266890024e-06, 1.3213312081779545e-06, 1.2999920476530678e-06, 1.278887645001415e-06, 1.2583445727466413e-06, 1.2381719223159044e-06, 1.2182293713379648e-06, 1.1988035098939954e-06, 1.1795904763502003e-06, 1.160695757973616e-06, 1.14182019388683e-06, 1.1234993788414597e-06, 1.1054695164648665e-06, 1.0878321666291983e-06, 1.07043270618326e-06, 1.053226260800737e-06, 1.0362319411782632e-06, 1.0194515665494159e-06, 1.0027876297107662e-06, 9.864259093415585e-07, 9.70397675867266e-07, 9.546887430416745e-07, 9.390919174710173e-07, 9.238756882081062e-07, 9.089336169429402e-07, 8.941123389653031e-07, 8.796260679942482e-07, 8.653658560131844e-07, 8.512371335605676e-07, 8.37494007734059e-07, 8.23926672958094e-07, 8.105884449192907e-07, 7.973017779098814e-07, 7.843750380785651e-07, 7.715383089553872e-07, 7.589320934121887e-07, 7.46410243696341e-07, 7.341260040547265e-07]
ndim2: 500
W_list: [3.05]
L_list: [61.47540574937978]
