C_final_list: [1.0603619829159054e-06, 9.845631946783675e-07, 9.099440989520096e-07, 8.408563536157683e-07, 7.768663618411536e-07, 7.168313179087753e-07, 6.615175809502283e-07, 6.096619619024227e-07, 5.624241555009107e-07, 5.182802227994185e-07, 4.778269349081444e-07, 4.407226190599559e-07, 4.067135809305605e-07, 3.7469923475545414e-07, 3.4510203096437093e-07, 3.1739864583635025e-07, 2.922687903901597e-07, 2.691187441866479e-07, 2.4783239429225476e-07, 2.282998858168342e-07, 2.102910408169173e-07, 1.9378297652744157e-07, 1.7868779385884933e-07, 1.6453628574644486e-07, 1.5151262935462627e-07, 1.3940769442255573e-07, 1.2836343219596354e-07, 1.1827757005318308e-07, 1.0906612183101003e-07, 1.0032560227889214e-07, 9.229998140642397e-08, 8.490034151376088e-08, 7.806572399145496e-08, 7.178811368540873e-08, 6.602648842070896e-08]
ndim2: 500
W_list: [2.8]
L_list: [12.351500017268702]
