R_list= [ 1  2  3  4  5  6  7  8  9 10 11 12 13 14 15 16 17 18 19 20 21 22 23 24
 25 26 27 28 29 30 31 32]
C_final_list= [7.013200145145052e-08, 2.6920359471479933e-08, 8.014860196870851e-09, 2.0946425030096223e-09, 5.06624434645414e-10, 1.1646371560943344e-10, 2.58421106612982e-11, 5.634993788624857e-12, 1.2136546034789593e-12, 2.585519285292651e-13, 5.522012250383202e-14, 1.1794716430881788e-14, 2.5210282438145623e-15, 5.380048118152776e-16, 1.1681490026732447e-16, 2.522309512663759e-17, 5.43912409934638e-18, 1.1694097736247906e-18, 2.554019227524625e-19, 5.862494333865989e-20, 1.431732150031046e-20, 3.840980993573664e-21, 1.2896807343966269e-21, 5.5210845169789415e-22, 3.0166027679885675e-22, 2.100848922418902e-22, 1.806573097123245e-22, 1.729022006118393e-22, 1.7447358178039347e-22, 1.7891968633202282e-22, 1.8137380945605874e-22, 1.8021373781837543e-22]
W_list: [6]
L_list: [0.9816704463370531]
