R_list= [ 1  2  3  4  5  6  7  8  9 10 11 12 13 14 15 16 17 18 19 20 21 22 23 24
 25 26 27 28 29 30 31 32 33 34 35 36 37 38]
C_final_list= [2.231578009982805e-06, 1.7011469097909167e-06, 1.280745382231785e-06, 9.59357462486902e-07, 7.157706097942018e-07, 5.331720676104195e-07, 3.983912921226593e-07, 2.9731195649884116e-07, 2.2140596545478922e-07, 1.6428292735690412e-07, 1.216696966154748e-07, 8.995519640558955e-08, 6.64791699663895e-08, 4.9350671775213415e-08, 3.6539815902997267e-08, 2.698685107687723e-08, 1.9989669622007418e-08, 1.4809615380194429e-08, 1.1000512516061305e-08, 8.102985150995916e-09, 5.958679763757253e-09, 4.391223117087158e-09, 3.2275179818948166e-09, 2.3758765932669455e-09, 1.7436612078117944e-09, 1.2767829846358333e-09, 9.406945238683096e-10, 6.980420704568829e-10, 5.163999412097977e-10, 3.838282398041724e-10, 2.852994603710414e-10, 2.1231213259680795e-10, 1.5834679139709373e-10, 1.1825206544775845e-10, 8.906052851522937e-11, 6.774783241423406e-11, 5.1260250352181796e-11, 3.8693879532915324e-11]
W_list: [9.2]
L_list: [3.490010951736428]
