C_final_list: [1.3734529935087974e-06, 1.1803112404904546e-06, 1.0082689652271388e-06, 8.611270232774841e-07, 7.369141944668104e-07, 6.299129457632804e-07, 5.380297048227583e-07, 4.5928240100224135e-07, 3.929883679976127e-07, 3.361875530189686e-07, 2.8753604898569193e-07, 2.453290999868186e-07, 2.0949371844633993e-07, 1.791157040733969e-07, 1.532020584344954e-07, 1.304608818821004e-07, 1.1137656172224996e-07, 9.505709179236953e-08, 8.098782881282184e-08, 6.891508214564303e-08, 5.8651916901517694e-08, 4.9714016665595396e-08, 4.227722692374806e-08, 3.5926678243763355e-08, 3.05736481228282e-08, 2.5952758147780405e-08, 2.2147966981624676e-08, 1.889182382490438e-08, 1.6151919331290208e-08, 1.3784669234307438e-08, 1.178357234495604e-08, 1.0057141861049138e-08, 8.598869358656953e-09, 7.346214078556523e-09, 6.286151161886005e-09]
ndim2: 500
W_list: [4.2]
L_list: [6.375204680552809]
