C_final_list: [1.7001047260183707e-06, 1.639520692019872e-06, 1.5793847233556762e-06, 1.521906936520353e-06, 1.4671934389881768e-06, 1.4139959844377271e-06, 1.3622859285551895e-06, 1.312670053121113e-06, 1.2645807164989141e-06, 1.21779880802396e-06, 1.1731403558580795e-06, 1.1299504801458872e-06, 1.0889773748011396e-06, 1.0497211314355043e-06, 1.011633505976385e-06, 9.749459639380572e-07, 9.39457662960802e-07, 9.051827317359619e-07, 8.723280730767802e-07, 8.404191194987206e-07, 8.097329871935517e-07, 7.805642840398641e-07, 7.523357503642707e-07, 7.249638039730505e-07, 6.984439404929215e-07, 6.728686234702714e-07, 6.481666776580941e-07, 6.244590014839057e-07, 6.013771456044668e-07, 5.789124829874022e-07, 5.575093456118429e-07, 5.367533925275745e-07, 5.16559584943539e-07, 4.970751619299799e-07, 4.782442282107635e-07, 4.599059087532098e-07, 4.424931219629867e-07, 4.2568368917433465e-07, 4.0941100822402424e-07, 3.9382071389269994e-07, 3.787252434417641e-07, 3.642082678342855e-07, 3.501538643586684e-07, 3.3655901429438266e-07, 3.2347616134113276e-07, 3.1097368909256934e-07, 2.9869667038024155e-07, 2.8699961060270246e-07, 2.7571529039128237e-07, 2.6482676542049584e-07]
ndim2: 500
W_list: [3.2]
L_list: [26.73103825741821]
