C_final_list: [1.7970986634880748e-06, 1.7743219830228778e-06, 1.7522348023858457e-06, 1.7308915396734513e-06, 1.7101385685501486e-06, 1.68993129767317e-06, 1.6700120542652797e-06, 1.6504411551148882e-06, 1.6311312942848355e-06, 1.612167083382188e-06, 1.5936505935976498e-06, 1.5752816206825504e-06, 1.5571142099327335e-06, 1.5392371341952193e-06, 1.5213928328278108e-06, 1.5035072641073716e-06, 1.4857406159396933e-06, 1.4684277903891636e-06, 1.4511031550812706e-06, 1.434266162156575e-06, 1.4174244463331892e-06, 1.4007967409465964e-06, 1.3843312171659137e-06, 1.3678758178545282e-06, 1.351424180320365e-06, 1.3354055122291237e-06, 1.3196071617340958e-06, 1.3041233830391462e-06, 1.288851434159481e-06, 1.273534643490367e-06, 1.258530507327005e-06, 1.2435602459761542e-06, 1.2287535299129457e-06, 1.2140182765945193e-06, 1.1994848076375672e-06, 1.185018886875873e-06, 1.1709127329690045e-06, 1.1569496717755478e-06, 1.1431833161389843e-06, 1.1295597254427086e-06, 1.11611745302899e-06, 1.1026890776120888e-06, 1.0895300775566805e-06, 1.0763921475395108e-06, 1.063459910230784e-06, 1.0507627624702341e-06, 1.0380980276488135e-06, 1.0257496813952833e-06, 1.0135932493106573e-06, 1.0014205397953395e-06]
ndim2: 500
W_list: [2.8]
L_list: [84.218867148735]
