C_final_list: [1.2595279228300337e-06, 1.226886276104693e-06, 1.1936381184212279e-06, 1.1614380435068326e-06, 1.1298207837323062e-06, 1.0989622030976925e-06, 1.0691318473247705e-06, 1.0400668854020707e-06, 1.0118331415765281e-06, 9.842776816466759e-07, 9.57093953298571e-07, 9.305822856892406e-07, 9.04541135367491e-07, 8.794171519094149e-07, 8.552509512967951e-07, 8.317613324148983e-07, 8.088734317692789e-07, 7.866954454089805e-07, 7.652008464879928e-07, 7.440230468024467e-07, 7.232412667416284e-07, 7.030248713297592e-07, 6.83181974033021e-07, 6.639081824985364e-07, 6.450493387435747e-07, 6.268688258642628e-07, 6.09328986912647e-07, 5.92032822162896e-07, 5.752310943179873e-07, 5.587540748115456e-07, 5.428254901972787e-07, 5.273294100526834e-07, 5.122684637733286e-07, 4.975733872564433e-07, 4.831814155738352e-07]
ndim2: 500
W_list: [3.4000000000000004]
L_list: [35.64265561011906]
