C_list:
6.373631259062579e-07 0.0810030685846759
ndim2: 500
W_list: [3.4]
L_list: [12.345211329304865]
