C_final_list: [2.118087275919701e-06, 2.011110293236314e-06, 1.9045534895929793e-06, 1.804781231646907e-06, 1.7098750240946199e-06, 1.620071175952863e-06, 1.535626312713127e-06, 1.4555092789311351e-06, 1.3789992325037585e-06, 1.3079166271305221e-06, 1.2402417770256645e-06, 1.176317644706768e-06, 1.1152720195755887e-06, 1.0568723194388463e-06, 1.0017935658936066e-06, 9.494766056491327e-07, 9.004041127377416e-07, 8.537800396799491e-07, 8.094471535998277e-07, 7.675755557116244e-07, 7.278019426721056e-07, 6.901201655743312e-07, 6.542016711733884e-07, 6.206649452357447e-07, 5.889507974754349e-07, 5.585068162989235e-07, 5.297701436200672e-07, 5.024404442538041e-07, 4.769439437866011e-07, 4.5243205032444375e-07, 4.2935595815263214e-07, 4.074475919982205e-07, 3.86221135854481e-07, 3.659084012747552e-07, 3.4675516316579907e-07]
ndim2: 500
W_list: [2.6]
L_list: [18.743253825018048]
