C_final_list: [1.6759640623645698e-06, 1.3754545485532873e-06, 1.13155326532101e-06, 9.306306261421401e-07, 7.65033818566004e-07, 6.28866941181178e-07, 5.141635554836887e-07, 4.2035202818004466e-07, 3.437799595248793e-07, 2.811449232764018e-07, 2.2952118810694675e-07, 1.8686262458722527e-07, 1.5219356652786903e-07, 1.236692104958177e-07, 1.0099768783470175e-07, 8.241332350825152e-08, 6.732522255754806e-08, 5.501958663440787e-08, 4.486245935438564e-08, 3.664500977594833e-08, 2.9952319111012404e-08, 2.451863338927882e-08, 1.9985239472694376e-08, 1.644595177729254e-08, 1.3483867333834454e-08, 1.1109496696220612e-08, 9.162395543698089e-09, 7.486322604119108e-09, 6.1654301203531106e-09, 5.079352853456701e-09, 4.182066011556612e-09, 3.4331880155768164e-09, 2.828306288328959e-09, 2.309316584395704e-09, 1.8770167392250386e-09, 1.517365659473466e-09, 1.2306912264502765e-09, 9.953116099822298e-10, 8.080572031455177e-10, 6.594709507107226e-10, 5.355907810120926e-10, 4.328230163545484e-10, 3.480902900427823e-10, 2.822550719640213e-10, 2.3027358309892763e-10, 1.8837455785207573e-10, 1.5365554152811353e-10, 1.2432059394266598e-10, 1.000094021216739e-10, 7.99559022705059e-11]
ndim2: 500
W_list: [3.8]
L_list: [5.045471531543863]
