C_final_list: [1.7786296834940944e-06, 1.7257728997000614e-06, 1.672418662457668e-06, 1.6214143025765938e-06, 1.571978755548788e-06, 1.524270400634804e-06, 1.4785713793216215e-06, 1.4347343544701457e-06, 1.3921071998477084e-06, 1.3509938031967562e-06, 1.3106911311621864e-06, 1.2721080414395166e-06, 1.233867930419873e-06, 1.196028560647037e-06, 1.1595424099831703e-06, 1.1246075791391354e-06, 1.0904128115603055e-06, 1.0569320837178045e-06, 1.0241939227570804e-06, 9.924084718949328e-07, 9.615818225897803e-07, 9.318924339018883e-07, 9.033052528379631e-07, 8.754471606056473e-07, 8.485620275391693e-07, 8.221050051737584e-07, 7.963690693242576e-07, 7.715080501930567e-07, 7.474735120900772e-07, 7.245854034104108e-07, 7.021741451349621e-07, 6.803545678966425e-07, 6.591574755163263e-07, 6.386190240900062e-07, 6.185979457594776e-07, 5.99240766045764e-07, 5.802482614020106e-07, 5.618336706665561e-07, 5.439263306881294e-07, 5.266958720395774e-07, 5.100340545823295e-07, 4.938273185282108e-07, 4.783533160182751e-07, 4.632735163490744e-07, 4.4862819055014325e-07, 4.344626229073191e-07, 4.2065821581910314e-07, 4.073257742125428e-07, 3.942137005724823e-07, 3.8159401721264066e-07]
ndim2: 500
W_list: [3.0]
L_list: [32.10959442217962]
