C_final_list: [1.5668026530206947e-06, 1.2915960043082022e-06, 1.0540379922938217e-06, 8.584818467703709e-07, 6.978961438667582e-07, 5.673644127189914e-07, 4.591846227979284e-07, 3.7172887107138824e-07, 3.0132997294598955e-07, 2.4450285617657676e-07, 1.9865431035413006e-07, 1.6128493450883228e-07, 1.3098914729664172e-07, 1.0598850279575393e-07, 8.519655590208112e-08, 6.857343926091842e-08, 5.506088160931329e-08, 4.387436595505731e-08, 3.514063867220686e-08, 2.804566797562669e-08, 2.2532010112826558e-08, 1.810875880536618e-08, 1.4518564141945478e-08, 1.1610513460991859e-08, 9.287045360564345e-09, 7.451827384119198e-09, 5.968944488155102e-09, 4.786765213598696e-09, 3.815791358218101e-09, 3.070625190193847e-09, 2.4930909316190943e-09, 2.008137325132379e-09, 1.6334215308173708e-09, 1.3173624352975967e-09, 1.0604255896128694e-09]
ndim2: 500
W_list: [2.6]
L_list: [4.855857297226372]
