R_list= [ 1  2  3  4  5  6  7  8  9 10 11 12 13 14 15 16 17 18 19 20 21 22 23 24
 25 26 27 28 29 30]
C_final_list= [3.887734135582338e-07, 3.255373559744165e-07, 2.733482063601632e-07, 2.2932775344054375e-07, 1.9142612727395125e-07, 1.5980815225361177e-07, 1.3343693458955508e-07, 1.1149048138227088e-07, 9.296762261930823e-08, 7.753219244359938e-08, 6.460281019587442e-08, 5.380629471477275e-08, 4.475679338508324e-08, 3.7173101675506725e-08, 3.088961665902178e-08, 2.568694765868725e-08, 2.1355264579742476e-08, 1.7783770236261678e-08, 1.4821190692223904e-08, 1.2339797921027863e-08, 1.0254856187933981e-08, 8.521558844381385e-09, 7.092594927444401e-09, 5.887115968480588e-09, 4.87991821553358e-09, 4.031221871244025e-09, 3.324689857515843e-09, 2.7360057610330573e-09, 2.2533824274955384e-09, 1.8640493752741258e-09]
W_list: [6]
L_list: [5.575096351726112]
