R_list= [ 1  2  3  4  5  6  7  8  9 10 11 12 13 14 15 16 17 18 19 20 21 22 23 24
 25 26 27 28 29 30 31 32 33 34 35 36 37 38]
C_final_list= [4.0313262339291664e-07, 1.6366897134964142e-07, 5.2499866632850334e-08, 1.504367677415412e-08, 4.063926630979475e-09, 1.0647226546867254e-09, 2.749577795917108e-10, 7.083198510750736e-11, 1.8340069943970443e-11, 4.747769698485513e-12, 1.2701034752115835e-12, 3.654489805118019e-13, 1.112287520008754e-13, 3.325138434066937e-14, 8.061429117891623e-15, 1.7195600905269972e-15, 3.7758369272040975e-16, 8.524958218961927e-17, 1.92893287992632e-17, 4.548987382029445e-18, 1.1997683228636957e-18, 3.7674101109271438e-19, 1.3050036415908068e-19, 4.0616049717213145e-20, 1.2821848958931563e-20, 4.7755302440349645e-21, 2.2561813190785487e-21, 1.3438183818161339e-21, 9.849838629080125e-22, 8.2201478649618245e-22, 7.096381845075535e-22, 6.291829265716293e-22, 5.859478520753788e-22, 5.815377369610605e-22, 6.012798216788485e-22, 6.187559366882076e-22, 6.215816910457512e-22, 6.1650587169682025e-22]
W_list: [6]
L_list: [1.036207607662713]
