R_list= [ 1  2  3  4  5  6  7  8  9 10 11 12 13 14 15 16 17 18 19 20 21 22 23 24
 25 26 27 28 29 30 31 32 33 34 35 36 37 38]
C_final_list= [5.166830583802852e-06, 4.493920712612968e-06, 3.8939192416842535e-06, 3.3662098656705343e-06, 2.907452003920147e-06, 2.5070822530956436e-06, 2.1593845453809583e-06, 1.858116163577841e-06, 1.597168614163234e-06, 1.373340843893085e-06, 1.180049939896004e-06, 1.0127597606470065e-06, 8.684296997894454e-07, 7.438688805491316e-07, 6.364673823079399e-07, 5.439834090250434e-07, 4.6480278866412696e-07, 3.974818799952335e-07, 3.4001848302596145e-07, 2.902933030080641e-07, 2.474056358513432e-07, 2.1081567073368183e-07, 1.796653298434042e-07, 1.5309609045661473e-07, 1.303275994219201e-07, 1.1093070781681608e-07, 9.451542171018161e-08, 8.05690342953724e-08, 6.872595934726671e-08, 5.862362522618879e-08, 5.003528165559808e-08, 4.2700308600782924e-08, 3.645637952041428e-08, 3.115318850611064e-08, 2.661297046722203e-08, 2.2712440434255918e-08, 1.935063411649802e-08, 1.6468203591711552e-08]
W_list: [7.2]
L_list: [6.723117056838292]
