R_list= [ 1  2  3  4  5  6  7  8  9 10 11 12 13 14 15 16 17 18 19 20 21 22 23 24
 25 26 27 28 29 30 31 32 33 34 35 36 37 38]
C_final_list= [6.028155483928998e-07, 4.95181726780972e-07, 4.040765017166236e-07, 3.2894379836141995e-07, 2.6772375921491613e-07, 2.1768765922382368e-07, 1.770272134436426e-07, 1.4353045159827828e-07, 1.1634068614011571e-07, 9.389429584584308e-08, 7.559609377806231e-08, 6.064807746306831e-08, 4.865966391294648e-08, 3.9010495199155504e-08, 3.129418768021184e-08, 2.5116891788187978e-08, 2.0202567984802985e-08, 1.6216645706779337e-08, 1.3016871167564619e-08, 1.0477691095858157e-08, 8.452237787128841e-09, 6.814139768786261e-09, 5.503031127324994e-09, 4.41984175216234e-09, 3.5548226282184286e-09, 2.859354780665692e-09, 2.289328109219036e-09, 1.8430490808984559e-09, 1.4825101146159575e-09, 1.1893200857099444e-09, 9.571681805147781e-10, 7.714205223277046e-10, 6.185440564549868e-10, 4.937979949707308e-10, 3.94011813557968e-10, 3.149489056348251e-10, 2.5287296715091635e-10, 2.0235408640001692e-10]
W_list: [7.2]
L_list: [4.839305225590078]
