R_list= [ 1  2  3  4  5  6  7  8  9 10 11 12 13 14 15 16 17 18 19 20 21 22 23 24
 25 26 27 28 29 30]
C_final_list= [4.068648645852924e-08, 1.5485992776528474e-08, 4.510374307975016e-09, 1.1452242807465153e-09, 2.6939008561056967e-10, 6.089281226683903e-11, 1.347750974493666e-11, 2.9451704973871985e-12, 6.334497939810269e-13, 1.3425479922368762e-13, 2.8412905454408238e-14, 6.458416563280634e-15, 2.8790959260007617e-15, 4.232098641398128e-15, 1.607607088051869e-15, 3.390849649312934e-16, 7.535284007211245e-17, 2.4360777803968563e-17, 8.435867876045856e-18, 1.5328006216888499e-18, 2.4674426405806006e-19, 4.7736273820847284e-20, 7.6413375830222e-21, 1.1907508571579079e-21, 1.8170249640140106e-22, 3.627584188104503e-23, 1.4595511118169163e-23, 1.0305552801027951e-23, 9.446287711979006e-24, 9.121976890635413e-24]
W_list: [6]
L_list: [0.9721355723589822]
