C_list:
1.4241512788577656e-06 0.18454600509086344
ndim2: 500
W_list: [3.6]
L_list: [5.418703046471464]
