R_list= [ 1  2  3  4  5  6  7  8  9 10 11 12 13 14 15 16 17 18 19 20 21 22 23 24
 25 26 27 28 29 30 31 32 33 34 35 36 37 38]
C_final_list= [5.377586878159656e-07, 4.682663490939368e-07, 4.039127317941226e-07, 3.46879322291695e-07, 2.971946286478508e-07, 2.5429169794041685e-07, 2.171581805285402e-07, 1.8494018396594125e-07, 1.5736339773478492e-07, 1.3393789954487562e-07, 1.138751825641243e-07, 9.689080705643354e-08, 8.233429694159661e-08, 7.010611105900302e-08, 5.975066425607941e-08, 5.090303236709722e-08, 4.3412172210540515e-08, 3.702445736790108e-08, 3.1578673257608255e-08, 2.689395072537351e-08, 2.2871408234425068e-08, 1.9416415263735494e-08, 1.6456986637811e-08, 1.3963690414959979e-08, 1.1844314838569363e-08, 1.0044194708307307e-08, 8.518520190168676e-09, 7.244447110513953e-09, 6.158663155138054e-09, 5.230005421528606e-09, 4.434601923570516e-09, 3.759891248080398e-09, 3.185301472875037e-09, 2.702973054735806e-09, 2.291559277502278e-09, 1.9412334528527406e-09, 1.6399420170454884e-09, 1.3877532987678112e-09]
W_list: [8.4]
L_list: [6.429956759017256]
