R_list= [ 1  2  3  4  5  6  7  8  9 10 11 12 13 14 15 16 17 18 19 20 21 22 23 24
 25 26 27 28 29 30 31 32 33 34 35 36 37 38]
C_final_list= [1.3986941417202597e-06, 1.327331032384529e-06, 1.2578382011755739e-06, 1.191564515480969e-06, 1.1282425195732863e-06, 1.0687910906525943e-06, 1.0124268474152517e-06, 9.594047145629438e-07, 9.093301707748282e-07, 8.621735824844345e-07, 8.170209430248263e-07, 7.738641547343799e-07, 7.330178075228341e-07, 6.945208057540768e-07, 6.57724396269178e-07, 6.230036596022106e-07, 5.897672205305151e-07, 5.579974818867078e-07, 5.278128881308496e-07, 4.990602088054703e-07, 4.7204255041867946e-07, 4.463759175163756e-07, 4.2235457452373e-07, 3.9933990286215316e-07, 3.773906951748272e-07, 3.5650172588318575e-07, 3.3677856443307006e-07, 3.181650204395716e-07, 3.004446035294946e-07, 2.838097085446132e-07, 2.6820781321995513e-07, 2.53232784419073e-07, 2.391512217786442e-07, 2.2581688786194565e-07, 2.1317400201480053e-07, 2.0125263247845431e-07, 1.8990684899220112e-07, 1.7910001664283825e-07]
W_list: [5]
L_list: [18.267547204857486]
