C_list:
1.325367964409551e-06 0.21777291264034834
ndim2: 500
W_list: [4.0]
L_list: [4.59193931823605]
