R_list= [ 1  2  3  4  5  6  7  8  9 10 11 12 13 14 15 16 17 18 19 20 21 22 23 24
 25 26 27 28 29 30 31 32 33 34 35 36 37 38]
C_final_list= [7.530050939036152e-07, 4.6270120992915636e-07, 2.729300787646632e-07, 1.6192073851747476e-07, 9.634641574902138e-08, 5.7388212408610936e-08, 3.417889085589319e-08, 2.026419336388421e-08, 1.1909369130524989e-08, 6.961106643796327e-09, 4.073696407201354e-09, 2.370168947661995e-09, 1.3764529350082773e-09, 8.073615945086807e-10, 4.783797494840625e-10, 2.839668043843419e-10, 1.6555069163012218e-10, 9.682169122970261e-11, 5.7556448729526885e-11, 3.4279739139289804e-11, 1.999993262145776e-11, 1.1549278377728448e-11, 6.635983920434965e-12, 3.7956415533033275e-12, 2.123170067749999e-12, 1.1500695967633442e-12, 6.194374731173918e-13, 3.301529188133862e-13, 1.73575485839851e-13, 9.121813413496846e-14, 4.832497743927189e-14, 2.7333963769005448e-14, 1.5960784076847854e-14, 9.251132595975671e-15, 5.173051206143182e-15, 2.7843132881474654e-15, 1.505134482647546e-15, 8.910483291801598e-16]
W_list: [6]
L_list: [1.9644901129410994]
