C_final_list: [1.998666554330925e-06, 1.740819212801616e-06, 1.5140593327963178e-06, 1.3198231778650656e-06, 1.149346361469432e-06, 1.0043471502722565e-06, 8.732549480318082e-07, 7.596984359548154e-07, 6.605676053840988e-07, 5.738389827516796e-07, 4.989278444958837e-07, 4.3384231892306216e-07, 3.7713679120527754e-07, 3.273066236496981e-07, 2.833349400494028e-07, 2.4552734443597734e-07, 2.1324745161349328e-07, 1.849901209128833e-07, 1.6016748346774264e-07, 1.3823694275725531e-07, 1.1976764373415699e-07, 1.038198162392263e-07, 8.995366991939851e-08, 7.785124834953805e-08, 6.749850766482036e-08, 5.8601195261528625e-08, 5.073413508153055e-08, 4.3905667123525746e-08, 3.787637668087245e-08, 3.274338259766273e-08, 2.818872226449684e-08, 2.425355014133965e-08, 2.089084283681286e-08, 1.794972528281331e-08, 1.553315677921096e-08, 1.345052210925767e-08, 1.1670173805508507e-08, 1.0089612816598362e-08, 8.742742976888182e-09, 7.551466694197557e-09, 6.551883789205698e-09, 5.675880868481813e-09, 4.908975031090241e-09, 4.222717429896448e-09, 3.6519803089761274e-09, 3.165878085530152e-09, 2.743981036731976e-09, 2.3602915469899075e-09, 2.0442380390207095e-09, 1.7601717237173841e-09]
ndim2: 500
W_list: [3.0999999999999996]
L_list: [7.1795301291373805]
