R_list= [ 1  2  3  4  5  6  7  8  9 10 11 12 13 14 15 16 17 18 19 20 21 22 23 24
 25 26 27 28 29 30 31 32 33 34 35 36 37 38]
C_final_list= [7.966643661989014e-07, 6.413101002928848e-07, 4.873147769451343e-07, 3.610974823011164e-07, 2.6521081783747664e-07, 1.9460917506753282e-07, 1.4310255215999327e-07, 1.054777625562829e-07, 7.794166908339929e-08, 5.7630772014081475e-08, 4.253875248802276e-08, 3.133200812196426e-08, 2.3060576836579946e-08, 1.7000932211330157e-08, 1.2560482165149001e-08, 9.29803476779979e-09, 6.890950985574847e-09, 5.113296790818869e-09, 3.792269883098406e-09, 2.806570896476129e-09, 2.0753366840932967e-09, 1.5347162154834733e-09, 1.1296195134442103e-09, 8.290626690364555e-10, 6.093476672366609e-10, 4.4951493632996244e-10, 3.321525822055054e-10, 2.452419848110325e-10, 1.808801588290294e-10, 1.3301038953598352e-10, 9.80623789079621e-11, 7.261425553566035e-11, 5.375880236632076e-11, 3.96422637448307e-11, 2.906664025392783e-11, 2.1226443884883843e-11, 1.5418772898135683e-11, 1.1077021138262336e-11]
W_list: [4]
L_list: [3.547236459088]
