R_list= [ 1  2  3  4  5  6  7  8  9 10 11 12 13 14 15 16 17 18 19 20 21 22 23 24
 25 26 27 28 29 30 31 32 33 34 35 36 37 38]
C_final_list= [4.871409803973556e-07, 4.222389907498822e-07, 3.6326520772238366e-07, 3.121066366517915e-07, 2.676672530560033e-07, 2.297124668460002e-07, 1.968792925334623e-07, 1.6869172950075e-07, 1.4447596132222525e-07, 1.2340024747653364e-07, 1.0520179649774853e-07, 8.939415236185516e-08, 7.589026439068785e-08, 6.429188457258253e-08, 5.439576092202537e-08, 4.603104621359687e-08, 3.8841040887282024e-08, 3.275779718973167e-08, 2.7609103367265825e-08, 2.3242035567272317e-08, 1.9580939601233325e-08, 1.650368771836629e-08, 1.390814363893402e-08, 1.172782500523117e-08, 9.881901286503862e-09, 8.298746319000435e-09, 6.972971277484795e-09, 5.875332827334973e-09, 4.9502357772068665e-09, 4.1803509316876045e-09, 3.5282824817637493e-09, 2.969762114074057e-09, 2.5048836797194877e-09, 2.115561338496585e-09, 1.7902803782360059e-09, 1.5145332339951604e-09, 1.283784341460414e-09, 1.0864913571299621e-09]
W_list: [7]
L_list: [6.453047450426166]
