C_list:
9.113333799644138e-07 0.14302025489042447
ndim2: 500
W_list: [3.8000000000000003]
L_list: [6.992016625660148]
