C_final_list: [1.9493302580618503e-06, 1.6839612358259458e-06, 1.4514917094836413e-06, 1.249654053118496e-06, 1.0765678743917488e-06, 9.229093448358946e-07, 7.93214215708937e-07, 6.82012013296373e-07, 5.860445185324884e-07, 5.009913991091713e-07, 4.290870289321195e-07, 3.6793449371172815e-07, 3.1511163752395354e-07, 2.7039704237218893e-07, 2.3168658482555582e-07, 1.9833270957145463e-07, 1.6891688337665859e-07, 1.4408051371244826e-07, 1.2242203868889477e-07, 1.0421834166823841e-07, 8.898297800357486e-08, 7.58004886698475e-08, 6.458866645218797e-08, 5.508531752703675e-08, 4.6919473782467206e-08, 3.99484780803478e-08, 3.386646955920262e-08, 2.875692136053454e-08, 2.443837000489444e-08, 2.0851271369231167e-08, 1.775511657273282e-08, 1.514443093353611e-08, 1.2955468141668922e-08, 1.1046775605944898e-08, 9.422118253992386e-09]
ndim2: 500
W_list: [3.2]
L_list: [6.587290799518968]
