R_list= [ 1  2  3  4  5  6  7  8  9 10 11 12 13 14 15 16 17 18 19 20 21 22 23 24
 25 26 27 28 29 30 31 32 33 34 35 36 37 38]
C_final_list= [2.0250449308619117e-06, 1.968977294148966e-06, 1.9276776091627563e-06, 1.8839464889741243e-06, 1.8424326110660042e-06, 1.801436510904694e-06, 1.7612922149126241e-06, 1.722736139210047e-06, 1.685206316593886e-06, 1.6483272941134233e-06, 1.6118704465134213e-06, 1.5763719189858608e-06, 1.5420753473042988e-06, 1.508231711729547e-06, 1.4750906415305964e-06, 1.4426567513335142e-06, 1.4108984362584028e-06, 1.3797912709188465e-06, 1.3489147425689218e-06, 1.3184392984744265e-06, 1.2890323618579186e-06, 1.2602617271376977e-06, 1.2320023462115677e-06, 1.20478792633768e-06, 1.1776093512434308e-06, 1.151017967998957e-06, 1.1253490513952948e-06, 1.1001225750492667e-06, 1.0755667454271721e-06, 1.051514565427966e-06, 1.0277644015234563e-06, 1.0045292005994754e-06, 9.820410114044981e-07, 9.600245649793387e-07, 9.384503084380102e-07, 9.174367877761265e-07, 8.967172476789127e-07, 8.764389950276112e-07]
W_list: [4]
L_list: [44.505134660707675]
