R_list= [ 1  2  3  4  5  6  7  8  9 10 11 12 13 14 15 16 17 18 19 20 21 22 23 24
 25 26 27 28 29 30 31 32 33 34 35 36 37 38]
C_final_list= [1.2488978108592911e-06, 1.193574433571728e-06, 1.1452937281153053e-06, 1.0968155754140804e-06, 1.0509425493980297e-06, 1.0077995316655068e-06, 9.661632915343392e-07, 9.269801066359094e-07, 8.891415425719875e-07, 8.52610833641713e-07, 8.176734894242216e-07, 7.834953958954035e-07, 7.501920308378072e-07, 7.184298184142943e-07, 6.880959791386321e-07, 6.589689547455022e-07, 6.313272447129397e-07, 6.048303086981503e-07, 5.793115633795344e-07, 5.548380288169344e-07, 5.314803888726578e-07, 5.090905291753052e-07, 4.876025984711647e-07, 4.66875375119876e-07, 4.4690329474223485e-07, 4.2773171394052204e-07, 4.0935408982470305e-07, 3.917259993906606e-07, 3.748495800699075e-07, 3.58516449653316e-07, 3.430864074251784e-07, 3.282509543049014e-07, 3.1404096682850636e-07, 3.003368757295043e-07, 2.87228897504245e-07, 2.745598360305828e-07, 2.6227902614096365e-07, 2.506694619524509e-07]
W_list: [5]
L_list: [23.30006848602645]
