R_list= [ 1  2  3  4  5  6  7  8  9 10 11 12 13 14 15 16 17 18 19 20 21 22 23 24
 25 26 27 28 29 30 31 32]
C_final_list= [5.768444791425701e-07, 4.92225727556113e-07, 4.2436564106579106e-07, 3.656140142628333e-07, 3.135196786627914e-07, 2.6831283765966817e-07, 2.2945270865745055e-07, 1.9622658118942292e-07, 1.6804179650380047e-07, 1.4389249131858977e-07, 1.232458142982593e-07, 1.0563581069642345e-07, 9.039097068018312e-08, 7.730732083029874e-08, 6.617515787448793e-08, 5.657776864648529e-08, 4.83324271390174e-08, 4.120601595692369e-08, 3.515261774400518e-08, 2.993019238279776e-08, 2.550222261344095e-08, 2.1732653760801938e-08, 1.8509630184838067e-08, 1.5780529483951232e-08, 1.3442204772393012e-08, 1.1436134126547156e-08, 9.740329652468519e-09, 8.30057899431723e-09, 7.0673540740944776e-09, 6.004668897457337e-09, 5.082369267011833e-09, 4.296325251378365e-09]
W_list: [6]
L_list: [6.48054219328174]
