C_list:
1.2780768743262052e-06 0.2409275082536937
ndim2: 500
W_list: [4.2]
L_list: [4.150626083539669]
