R_list= [ 1  2  3  4  5  6  7  8  9 10 11 12 13 14 15 16 17 18 19 20 21 22 23 24
 25 26 27 28 29 30 31 32 33 34 35 36 37 38]
C_final_list= [4.18348039189768e-07, 3.7314338932732866e-07, 3.307067056733406e-07, 2.9212345551460246e-07, 2.5771438907809594e-07, 2.270165701245021e-07, 1.9974619682380152e-07, 1.7567955952640608e-07, 1.5444714735599681e-07, 1.3563102969349068e-07, 1.1911984711157267e-07, 1.0458624334882127e-07, 9.168868235548136e-08, 8.033778823326242e-08, 7.023039291609704e-08, 6.1455742298396e-08, 5.374750570171939e-08, 4.696291309881918e-08, 4.106586733959276e-08, 3.58733799791444e-08, 3.126710356797736e-08, 2.7239788136024098e-08, 2.3732460856095543e-08, 2.0670499117054735e-08, 1.8008382287743476e-08, 1.5657981798718768e-08, 1.361146535253155e-08, 1.1827656596999032e-08, 1.0277769557811564e-08, 8.92961669439265e-09, 7.762474904924442e-09, 6.7508155793306345e-09, 5.867618532184086e-09, 5.104700673817014e-09, 4.4425029344449794e-09, 3.8650297436687635e-09, 3.363134213641589e-09, 2.932901947022723e-09]
W_list: [7]
L_list: [7.835080855869862]
