C_final_list: [1.32547765835921e-06, 1.1711099786900823e-06, 1.0279091410317825e-06, 9.027462255330444e-07, 7.913731442274226e-07, 6.950578880606846e-07, 6.094762288900887e-07, 5.339870306067315e-07, 4.681066576956406e-07, 4.1116978363674654e-07, 3.60391943269342e-07, 3.160292481705295e-07, 2.7678845386616e-07, 2.416939927881763e-07, 2.117782759611838e-07, 1.8505837317256255e-07, 1.61661178021279e-07, 1.4111775781009365e-07, 1.2338197164366358e-07, 1.0794857161675127e-07, 9.419889442756552e-08, 8.222602174079745e-08, 7.165791904000239e-08, 6.271881659837887e-08, 5.493285419669376e-08, 4.807616105275207e-08, 4.1970503354289354e-08, 3.6702213128085574e-08, 3.2114573865214986e-08, 2.8058821889646628e-08, 2.4473231886823006e-08, 2.132491916201325e-08, 1.853215119826497e-08, 1.6163206429653472e-08, 1.4087009848197373e-08]
ndim2: 500
W_list: [2.8]
L_list: [7.622617328076526]
