R_list= [ 1  2  3  4  5  6  7  8  9 10 11 12 13 14 15 16 17 18 19 20 21 22 23 24
 25 26 27 28 29 30 31 32 33 34 35 36 37 38]
C_final_list= [1.5831469761852922e-07, 6.258989427333737e-08, 1.9406245162970867e-08, 5.333735048531343e-09, 1.3722096537908739e-09, 3.382866683656095e-10, 8.133603538460961e-11, 1.935022896205597e-11, 4.59616607786527e-12, 1.080062987855985e-12, 2.529499349149193e-13, 5.840461149948659e-14, 1.3799019436925643e-14, 3.494448325435287e-15, 1.0104094859591273e-15, 2.78596100912213e-16, 7.902042412025379e-17, 1.9051506421968407e-17, 5.057139361545856e-18, 1.6450893179691223e-18, 5.382218017413018e-19, 1.5181917044497743e-19, 3.9661559227413013e-20, 9.339452193106861e-21, 2.2152486575804813e-21, 6.069857469045328e-22, 1.9105749334413258e-22, 8.073147649087288e-23, 4.412898469300511e-23, 2.978611429633302e-23, 2.4683573629973266e-23, 2.286207285276713e-23, 2.2267098087684305e-23, 2.1645826650080518e-23, 2.101666538523801e-23, 2.022201292761116e-23, 1.9047201382856697e-23, 1.813306457113253e-23]
W_list: [6]
L_list: [1.009872024988481]
