C_final_list: [2.104524655107348e-06, 1.8802359477068827e-06, 1.673882221718102e-06, 1.4903023256405572e-06, 1.3251373779021877e-06, 1.1806405862982306e-06, 1.052396460326872e-06, 9.380291651144411e-07, 8.342245399962201e-07, 7.414737037479354e-07, 6.582074850818869e-07, 5.837649876612685e-07, 5.17267179182787e-07, 4.582434489587009e-07, 4.064248525457225e-07, 3.603041751461505e-07, 3.193141085948499e-07, 2.8348072950844634e-07, 2.512686908388034e-07, 2.2218209975079286e-07, 1.9648348803241807e-07, 1.742395091116534e-07, 1.5418382820928007e-07, 1.3629971128076755e-07, 1.210354946413711e-07, 1.0755608747042876e-07, 9.522464594418926e-08, 8.448071070663429e-08, 7.48368249288791e-08, 6.61284432397261e-08, 5.823794032156768e-08, 5.150911959075376e-08, 4.55145442225993e-08, 4.015107246006879e-08, 3.5471959593301586e-08, 3.133856530456629e-08, 2.7676605517687893e-08, 2.4442914831408688e-08, 2.160539289881639e-08, 1.9078362535612357e-08, 1.6855945000215786e-08, 1.4900633069340643e-08, 1.317403460135514e-08, 1.1704834226542194e-08, 1.0351167574918506e-08, 9.160646891087064e-09, 8.076390741095128e-09, 7.123508717000583e-09, 6.266502569899063e-09, 5.542375416787796e-09]
ndim2: 500
W_list: [2.8]
L_list: [8.505534135946176]
