C_final_list: [7.859642968057861e-07, 7.439146043471776e-07, 7.012726618637723e-07, 6.602138942438732e-07, 6.211243360591756e-07, 5.841568608756754e-07, 5.494389462715433e-07, 5.159869386603446e-07, 4.844395141763444e-07, 4.5519949454920776e-07, 4.2774047274284367e-07, 4.0197997735405975e-07, 3.7772060693115655e-07, 3.5491475405214815e-07, 3.331931994615388e-07, 3.1260803424332213e-07, 2.932410290888495e-07, 2.751185703914234e-07, 2.579601469405088e-07, 2.417826490829855e-07, 2.2661560153857918e-07, 2.124848621298573e-07, 1.991776837441963e-07, 1.8659383862073248e-07, 1.7470312615779142e-07, 1.6359235145302885e-07, 1.5325102476085283e-07, 1.4351216293602421e-07, 1.3438803100700002e-07, 1.258715481106319e-07, 1.1790337629168892e-07, 1.1040392162899529e-07, 1.0338977660831738e-07, 9.688788245266467e-08, 9.080069990952808e-08, 8.508426674794046e-08, 7.96413518004281e-08, 7.447589417326495e-08, 6.972958097947198e-08, 6.527013460587963e-08, 6.108150764509896e-08, 5.7150088846134285e-08, 5.348478731618367e-08, 5.007364867633131e-08, 4.6857751395199466e-08, 4.384116401886656e-08, 4.0977855783175644e-08, 3.830799104515689e-08, 3.576054048874265e-08, 3.3370530996787245e-08]
ndim2: 500
W_list: [4.2]
L_list: [15.860356030037087]
