R_list= [ 1  2  3  4  5  6  7  8  9 10 11 12 13 14 15 16 17 18 19 20 21 22 23 24
 25 26 27 28 29 30 31 32 33 34 35 36 37 38]
C_final_list= [8.28679580373533e-07, 7.036966902863989e-07, 5.93738631117887e-07, 5.014126913319404e-07, 4.225852605366856e-07, 3.5583356979326415e-07, 2.9908051087618893e-07, 2.518790235694373e-07, 2.117055586955049e-07, 1.7787835774903666e-07, 1.490752685562732e-07, 1.2500553389052984e-07, 1.0490161216575485e-07, 8.799764869337668e-08, 7.384302800234597e-08, 6.190571128715665e-08, 5.187146442719875e-08, 4.3485448258302974e-08, 3.6346528939897665e-08, 3.039018564852894e-08, 2.534372051369941e-08, 2.105916901108561e-08, 1.75362635245095e-08, 1.460384207821661e-08, 1.2167367768630228e-08, 1.0104305259622324e-08, 8.38430537472273e-09, 6.9620905548899705e-09, 5.78763892078634e-09, 4.819387292484129e-09, 4.010353514414703e-09, 3.3331210225476143e-09, 2.7686622621752095e-09, 2.301082040232558e-09, 1.91109700742853e-09, 1.588598613242206e-09, 1.3187006963033392e-09, 1.0941267130208605e-09]
W_list: [7.0]
L_list: [5.826808083493769]
