C_final_list: [1.3669838573731369e-06, 1.3359839760139846e-06, 1.3046627080496162e-06, 1.2737953869807286e-06, 1.243540763728829e-06, 1.2142477321336594e-06, 1.1855722815858756e-06, 1.1575815360015118e-06, 1.1305386745176395e-06, 1.1043123863509548e-06, 1.0783513648888862e-06, 1.0533018697816874e-06, 1.028757740370469e-06, 1.004699602846435e-06, 9.811283612295678e-07, 9.580686416436608e-07, 9.354794416461392e-07, 9.135087134346042e-07, 8.921099478616294e-07, 8.711044444772367e-07, 8.507356183164682e-07, 8.309325484458812e-07, 8.114464911461122e-07, 7.924059953653816e-07, 7.739854284657822e-07, 7.559086387183355e-07, 7.381326451352798e-07, 7.207087411721396e-07, 7.035127971356322e-07, 6.865811488156796e-07, 6.700308611211185e-07, 6.539134997962194e-07, 6.381013408983593e-07, 6.225108389630303e-07, 6.07334387040853e-07, 5.924699498597055e-07, 5.777722543462095e-07, 5.636437663956899e-07, 5.498146280332039e-07, 5.363234580311287e-07, 5.230249105153604e-07, 5.101741736987029e-07, 4.975575331612577e-07, 4.853336867832297e-07, 4.733411624823784e-07, 4.6163601571820744e-07, 4.502033380358375e-07, 4.38952006988191e-07, 4.280299229795539e-07, 4.1728153910044314e-07]
ndim2: 500
W_list: [3.4000000000000004]
L_list: [41.686445396808026]
