R_list= [ 1  2  3  4  5  6  7  8  9 10 11 12 13 14 15 16 17 18 19 20 21 22 23 24
 25 26 27 28 29 30 31 32 33 34 35 36 37 38]
C_final_list= [6.041512655513326e-06, 5.119942072149465e-06, 4.298779511466969e-06, 3.5942590841380607e-06, 2.999906097660305e-06, 2.5010766480427545e-06, 2.0844522960604844e-06, 1.735795465627313e-06, 1.4453223966560707e-06, 1.2031517054102437e-06, 1.0013374566622332e-06, 8.324722915250423e-07, 6.92128749941882e-07, 5.746922732337462e-07, 4.772394062260028e-07, 3.96043335526589e-07, 3.287570973531989e-07, 2.7272090820046965e-07, 2.262708034694932e-07, 1.8746097169296444e-07, 1.5538239825261283e-07, 1.2886273268995533e-07, 1.0686386023667828e-07, 8.854804914958706e-08, 7.33491870504793e-08, 6.072013158312078e-08, 5.024488097782305e-08, 4.157486007886826e-08, 3.4385422193499875e-08, 2.8465734800337367e-08, 2.3531477226441117e-08, 1.941462889159005e-08, 1.6010809510101974e-08, 1.322288870757545e-08, 1.0897111626718828e-08, 8.979787071585626e-09, 7.398125041828731e-09, 6.1050498488250215e-09]
W_list: [8.35]
L_list: [5.565374032150709]
