R_list= [ 1  2  3  4  5  6  7  8  9 10 11 12 13 14 15 16 17 18 19 20 21 22 23 24
 25 26 27 28 29 30 31 32 33 34 35 36 37 38]
C_final_list= [2.4142752360837234e-07, 1.3866263654807217e-07, 6.851630022324179e-08, 3.126105573178627e-08, 1.3622494065786615e-08, 5.781473352075296e-09, 2.43030491496686e-09, 1.020858313406058e-09, 4.28271038510618e-10, 1.7938027007057595e-10, 7.481893469204833e-11, 3.07360522634912e-11, 1.2404511411566669e-11, 4.9196199954788905e-12, 1.945811293638758e-12, 7.688559217033745e-13, 3.03849587465208e-13, 1.1928217543898813e-13, 4.678399318944626e-14, 1.944979242456572e-14, 8.592599311645458e-15, 4.719678119887689e-15, 3.8788338408503984e-15, 2.002511440507405e-15, 6.064542864555231e-16, 1.918287715175736e-16, 1.4603456093953264e-16, 8.425832394855033e-17, 2.983094633754073e-17, 8.79071587267329e-18, 2.315332451878895e-18, 6.6684722105684e-19, 2.1519160146765615e-19, 8.07146187010783e-20, 3.2400180316646864e-20, 1.2567195727870751e-20, 6.203259599592977e-21, 6.1806886172763375e-21]
W_list: [5]
L_list: [1.5627367075301397]
