R_list= [ 1  2  3  4  5  6  7  8  9 10 11 12 13 14 15 16 17 18 19 20 21 22 23 24
 25 26 27 28 29 30 31 32 33 34 35 36 37 38]
C_final_list= [4.205487841305066e-07, 2.609189099009603e-07, 1.3752570976081456e-07, 6.588910022563372e-08, 2.980540558995251e-08, 1.29889999428237e-08, 5.516115456344771e-09, 2.3071788320908035e-09, 9.575959869266607e-10, 3.9675697192884046e-10, 1.6460115396448726e-10, 6.826296277601707e-11, 2.828434749840763e-11, 1.1707356364329642e-11, 4.843644834048168e-12, 2.003689089399808e-12, 8.342010475124399e-13, 3.4957728010127257e-13, 1.468767389271144e-13, 6.209661012785797e-14, 2.6319197487266038e-14, 1.1085376959764354e-14, 4.622394444327165e-15, 1.9276982566442296e-15, 8.12237532358207e-16, 3.5047193556170703e-16, 1.5694973398475198e-16, 7.557206977642844e-17, 4.056646130365504e-17, 2.3730122087900603e-17, 1.472568088223216e-17, 9.470482876241378e-18, 6.07400410904246e-18, 4.369066840467024e-18, 3.108876603301739e-18, 1.5844152289149518e-18, 6.087650908950504e-19, 2.3585441634598236e-19]
W_list: [4]
L_list: [1.712669242081941]
