C_final_list: [1.8083411633128368e-06, 1.785424027523085e-06, 1.762817779509943e-06, 1.7408017100178444e-06, 1.719363823844642e-06, 1.698435515430897e-06, 1.6776728267287642e-06, 1.657345719815862e-06, 1.6373090243095917e-06, 1.617581355547034e-06, 1.5981665878982418e-06, 1.5789626488169233e-06, 1.560091179379857e-06, 1.5416316867376138e-06, 1.523206914606528e-06, 1.5051819998458679e-06, 1.4874157072060605e-06, 1.4698426518358071e-06, 1.4524726532563965e-06, 1.435286893961923e-06, 1.4184841643500283e-06, 1.4017959613521293e-06, 1.3854747544886622e-06, 1.3692409769220105e-06, 1.3531449519596334e-06, 1.3371203842836325e-06, 1.3212330846618179e-06, 1.3054937070648806e-06, 1.289862946966215e-06, 1.2745292700137966e-06, 1.259344785265002e-06, 1.2441250418882989e-06, 1.228934004224157e-06, 1.2140219730687246e-06, 1.199051473826933e-06, 1.1844268511777485e-06, 1.1698804508731205e-06, 1.1554321914891096e-06, 1.1411230560068948e-06, 1.1270783507489758e-06, 1.1131833378927297e-06, 1.099387551319454e-06, 1.08575075072419e-06, 1.0723367558227042e-06, 1.0591605555923908e-06, 1.0460071028790262e-06, 1.0330807204473398e-06, 1.0202942529315786e-06, 1.0076324955588776e-06, 9.952412340331538e-07]
ndim2: 500
W_list: [2.8]
L_list: [82.7652093296496]
