R_list= [ 1  2  3  4  5  6  7  8  9 10 11 12 13 14 15 16 17 18 19 20 21 22 23 24
 25 26 27 28 29 30 31 32]
C_final_list= [3.665294199718336e-07, 2.742142025392602e-07, 2.0275566063703707e-07, 1.5014957870898795e-07, 1.1122296406312667e-07, 8.227857736584999e-08, 6.071553146520322e-08, 4.470868078554513e-08, 3.285765860330815e-08, 2.4182963185042765e-08, 1.7794690218179926e-08, 1.3066718899189489e-08, 9.568421732605544e-09, 7.00792940629034e-09, 5.135832786414094e-09, 3.754059081267391e-09, 2.734305043996363e-09, 1.988943546460779e-09, 1.4460996422453725e-09, 1.05115767104127e-09, 7.659033444886414e-10, 5.59133381930821e-10, 4.0828257923949364e-10, 2.956904640764529e-10, 2.126149770271819e-10, 1.526741089913418e-10, 1.09326655906094e-10, 7.80729815665095e-11, 5.5607732664440096e-11, 3.9917625455535235e-11, 2.89716048927067e-11, 2.1063055314910634e-11]
W_list: [6]
L_list: [3.3377293885579187]
