R_list= [ 1  2  3  4  5  6  7  8  9 10 11 12 13 14 15 16 17 18 19 20 21 22 23 24
 25 26 27 28 29 30 31 32 33 34 35 36 37 38]
C_final_list= [1.347156093239246e-06, 9.65016774743586e-07, 6.844659645451898e-07, 4.86305118106572e-07, 3.430985908929336e-07, 2.412608494297884e-07, 1.7034930343852113e-07, 1.1915417999673172e-07, 8.452419430867061e-08, 5.970754049542783e-08, 4.194419834218922e-08, 2.953207786077409e-08, 2.0813861227847418e-08, 1.4582591972382365e-08, 1.0173932112163584e-08, 7.193056109779564e-09, 5.0796465633348385e-09, 3.589818086959536e-09, 2.527982059660312e-09, 1.7868660057526466e-09, 1.2713656947115603e-09, 8.982122040922783e-10, 6.413588628324595e-10, 4.5526884318119154e-10, 3.2571631703183823e-10, 2.2853351609505804e-10, 1.6119254937130678e-10, 1.1264746969626673e-10, 8.110312933057385e-11, 5.691126816946969e-11, 3.9639969638921394e-11, 2.759060958898454e-11, 1.9448896890225066e-11, 1.3983119916526863e-11, 1.0146570537504378e-11, 7.204123592721468e-12, 5.057019567471836e-12, 3.575159876682103e-12]
W_list: [6.4]
L_list: [2.9169408351421264]
