R_list= [ 1  2  3  4  5  6  7  8  9 10 11 12 13 14 15 16 17 18 19 20 21 22 23 24
 25 26 27 28 29 30 31 32 33 34 35 36 37 38]
C_final_list= [2.062152237890502e-06, 1.5511071827396034e-06, 1.1501486026147845e-06, 8.474162949919015e-07, 6.235313510527052e-07, 4.5732618299632483e-07, 3.335981751740197e-07, 2.429293276021654e-07, 1.7693727990995892e-07, 1.284918674843195e-07, 9.309061953536158e-08, 6.754436564985028e-08, 4.891441964673912e-08, 3.544812365850404e-08, 2.574155489810644e-08, 1.872166523279652e-08, 1.3636977497986827e-08, 9.955544230679191e-09, 7.276036605387846e-09, 5.293641110831199e-09, 3.848939237051949e-09, 2.80138417652091e-09, 2.039450969002376e-09, 1.4874187211483048e-09, 1.0789175433272189e-09, 7.819809830595062e-10, 5.688962032828e-10, 4.0766287216631006e-10, 2.92736298482441e-10, 2.094168324858047e-10, 1.5098044598897866e-10, 1.0999919353113793e-10, 8.03963723753696e-11, 5.8110641530096494e-11, 4.180342403493265e-11, 3.039043253383126e-11, 2.237417438233132e-11, 1.6584470858618514e-11]
W_list: [9.4]
L_list: [3.3093987355310888]
