C_final_list: [1.0957589082523582e-06, 1.0176604974486848e-06, 9.402200862572597e-07, 8.68491138150791e-07, 8.015060063663993e-07, 7.408422486011104e-07, 6.837216473013078e-07, 6.312980417609641e-07, 5.828975485655472e-07, 5.384235853309813e-07, 4.96119873951336e-07, 4.576130703146056e-07, 4.2129464930243736e-07, 3.8858480692368167e-07, 3.581180525730687e-07, 3.304908582365661e-07, 3.048029373297734e-07, 2.80996731594214e-07, 2.5915695690374643e-07, 2.390461643743691e-07, 2.2032708638667108e-07, 2.0277775629416873e-07, 1.8663693818659693e-07, 1.718187421876684e-07, 1.5797612353124928e-07, 1.4529259856596672e-07, 1.334401632416648e-07, 1.2251724093948133e-07, 1.1241811733370997e-07, 1.0297316368341697e-07, 9.44327788036986e-08, 8.662959761848237e-08, 7.948233932014037e-08, 7.290720167844362e-08, 6.677585545881855e-08]
ndim2: 500
W_list: [2.8]
L_list: [12.407410299324184]
