R_list= [ 1  2  3  4  5  6  7  8  9 10 11 12 13 14 15 16 17 18 19 20 21 22 23 24
 25 26 27 28 29 30 31 32 33 34 35 36 37 38]
C_final_list= [1.8663159354434932e-06, 1.1791608875317702e-06, 6.377047986487838e-07, 3.1506611984823884e-07, 1.472689339283299e-07, 6.67663865228732e-08, 2.9800115128926676e-08, 1.3171819551182339e-08, 5.773000763955937e-09, 2.5198404212548136e-09, 1.1012533320370365e-09, 4.843211859316818e-10, 2.140316699472305e-10, 9.455193137920514e-11, 4.1644811823493555e-11, 1.8283869426355595e-11, 8.081236333268827e-12, 3.615646362333484e-12, 1.6417004784779114e-12, 7.53781070177005e-13, 3.4927579393384377e-13, 1.633186010462424e-13, 7.744496217375159e-14, 3.7311737285598606e-14, 1.829235782207594e-14, 9.107190120408106e-15, 4.551016292219342e-15, 2.231861360920275e-15, 1.0863111779149875e-15, 5.325348404435557e-16, 2.6178991922710635e-16, 1.2647075133847154e-16, 5.952879631630805e-17, 2.787405884210925e-17, 1.3191008885200094e-17, 6.3232304352419616e-18, 3.073208233897796e-18, 1.5412182635718543e-18]
W_list: [4]
L_list: [1.769001624617059]
