R_list= [ 1  2  3  4  5  6  7  8  9 10 11 12 13 14 15 16 17 18 19 20 21 22 23 24
 25 26 27 28 29 30 31 32 33 34 35 36 37 38]
C_final_list= [2.2285655260231902e-05, 1.8272701170412937e-05, 1.4856311165260208e-05, 1.2032673290132907e-05, 9.730428153703304e-06, 7.85586293172294e-06, 6.330287066162677e-06, 5.1017039916771965e-06, 4.1158851756539805e-06, 3.3182606816358804e-06, 2.6722703984727327e-06, 2.152916624761915e-06, 1.734430318872349e-06, 1.3974532920017607e-06, 1.1274929974215602e-06, 9.086877073467137e-07, 7.320503697206606e-07, 5.895072632494648e-07, 4.737365682772571e-07, 3.8052829446411157e-07, 3.060288963138683e-07, 2.4623895822935894e-07, 1.9834349368770815e-07, 1.5988264320706727e-07, 1.292302660801176e-07, 1.0429245471489541e-07, 8.413244641454836e-08, 6.778481297094075e-08, 5.4669167605913724e-08, 4.4025952669105674e-08, 3.550277368170165e-08, 2.8719648064188695e-08, 2.3264365603372498e-08, 1.8839922644797634e-08, 1.526590936457038e-08, 1.2331074904941675e-08, 9.965965319316108e-09, 8.043698288015608e-09]
W_list: [8.15]
L_list: [4.741007663292298]
