R_list= [ 1  2  3  4  5  6  7  8  9 10 11 12 13 14 15 16 17 18 19 20 21 22 23 24
 25 26 27 28 29 30 31 32 33 34 35 36 37 38]
C_final_list= [2.013816637847003e-07, 1.6151909161008902e-07, 1.2923759260030865e-07, 1.0293690376226223e-07, 8.189275769497956e-08, 6.497994781911341e-08, 5.1423985245768194e-08, 4.060799507226473e-08, 3.202544353951382e-08, 2.5224631285371634e-08, 1.982820445711718e-08, 1.5588150475633814e-08, 1.2238573150868371e-08, 9.600881387847338e-09, 7.51129585410317e-09, 5.850528234888363e-09, 4.5551377407313785e-09, 3.5453131630145353e-09, 2.754224019047225e-09, 2.145473181490761e-09, 1.6760078395901682e-09, 1.3152398280456137e-09, 1.031477123191908e-09, 8.067793027503639e-10, 6.295488932168295e-10, 4.89314403957419e-10, 3.8081466779581675e-10, 2.975623802252686e-10, 2.3235607904007427e-10, 1.8059266276323497e-10, 1.4002262913428885e-10, 1.0866268134492246e-10, 8.429219480939708e-11, 6.484509280634419e-11, 4.995533863667541e-11, 3.879544902035865e-11, 3.017721663377696e-11, 2.354356686453385e-11]
W_list: [7]
L_list: [4.362945084141235]
