R_list= [ 1  2  3  4  5  6  7  8  9 10 11 12 13 14 15 16 17 18 19 20 21 22 23 24
 25 26 27 28 29 30 31 32 33 34 35 36 37 38]
C_final_list= [9.449964109200759e-07, 5.657912420507834e-07, 3.3739910538043365e-07, 2.0131577308100906e-07, 1.1877703010445436e-07, 7.030303766573016e-08, 4.1683555177512184e-08, 2.505918565485433e-08, 1.4761314629694325e-08, 8.605678777010129e-09, 5.008884495537794e-09, 2.892336853183874e-09, 1.6416662896103148e-09, 9.271821417902945e-10, 5.24107597097307e-10, 2.9970403856539576e-10, 1.7334316670874068e-10, 1.0177660846825834e-10, 6.043364937105573e-11, 3.59958943602256e-11, 2.102334623251395e-11, 1.2051503378904505e-11, 6.983428769614212e-12, 3.8034277251329745e-12, 2.12185413468441e-12, 1.139593886684093e-12, 6.283868857598027e-13, 3.677281204256618e-13, 2.0728584916353077e-13, 1.232312813477066e-13, 8.037235278430683e-14, 6.132752934776364e-14, 4.523944091021839e-14, 3.70838991333271e-14, 3.7294920836098864e-14, 2.3707738615612416e-14, 1.2806351605610767e-14, 6.6578020975470945e-15]
W_list: [9.0]
L_list: [1.9366730519529243]
