C_list:
1.980678607072625e-06 0.09275687026320777
ndim2: 500
W_list: [1.7999999999999998]
L_list: [10.780872588331093]
