C_final_list: [1.7624525054977556e-06, 1.6122756804965372e-06, 1.472858484104368e-06, 1.346872338564584e-06, 1.2307327445611647e-06, 1.1243159652517786e-06, 1.0281938529494275e-06, 9.404509142834815e-07, 8.595207860872465e-07, 7.85857901967722e-07, 7.193462925309229e-07, 6.573071898817636e-07, 6.010130403455069e-07, 5.48923727849109e-07, 5.011086650750654e-07, 4.5821592942351233e-07, 4.1837692899294077e-07, 3.816114086755743e-07, 3.480636932064045e-07, 3.1714401116564665e-07, 2.8943892459944155e-07, 2.6390871956115297e-07, 2.407377059017642e-07, 2.1943246334585614e-07, 1.9996551531614787e-07, 1.8192761470916178e-07, 1.6567020138192156e-07, 1.5081663306625424e-07, 1.3736303653767622e-07, 1.2521830320834278e-07, 1.1410109667173236e-07, 1.0402824778411839e-07, 9.471268951444966e-08, 8.634788586723354e-08, 7.858118641761557e-08]
ndim2: 500
W_list: [3.4000000000000004]
L_list: [11.078535255895014]
