C_final_list: [1.8794186737599544e-06, 1.7457485837920578e-06, 1.6218652385438402e-06, 1.504562603404933e-06, 1.3947789211102876e-06, 1.2940465313631604e-06, 1.201429891566331e-06, 1.1155383221419723e-06, 1.0350570150721804e-06, 9.608770002597388e-07, 8.916371047451919e-07, 8.268842811788249e-07, 7.673815814042847e-07, 7.121750235348076e-07, 6.609374687851547e-07, 6.137612289876475e-07, 5.692190205056553e-07, 5.278731118217155e-07, 4.891421797296711e-07, 4.535278687070921e-07, 4.2008660216333787e-07, 3.8931306322489384e-07, 3.6111651521917094e-07, 3.348388330925813e-07, 3.1045743849512047e-07, 2.875798753124388e-07, 2.668211347248552e-07, 2.47622266343642e-07, 2.298167708846761e-07, 2.1342353489356523e-07, 1.9816574276491521e-07, 1.839023906340051e-07, 1.7045172901289038e-07, 1.5783555559619559e-07, 1.46114133356872e-07, 1.3526810789043273e-07, 1.2530505709812098e-07, 1.1587062191441069e-07, 1.0733663170979098e-07, 9.942952594092212e-08, 9.213991305646641e-08, 8.541506764220097e-08, 7.92178002601467e-08, 7.342057218345408e-08, 6.808717795709928e-08, 6.307935073448124e-08, 5.847239397215785e-08, 5.420527060782389e-08, 5.015398045969078e-08, 4.6454494210724856e-08]
ndim2: 500
W_list: [3.2]
L_list: [13.33769321943221]
