C_final_list: [1.6322628632550726e-06, 1.5662708811213327e-06, 1.5012618532379196e-06, 1.4380591682053383e-06, 1.3779718148017576e-06, 1.3202979119870067e-06, 1.2652487071356012e-06, 1.2122975007337394e-06, 1.161467182466563e-06, 1.1128147548624035e-06, 1.065876475310547e-06, 1.0211506498191153e-06, 9.779457443448395e-07, 9.370515510821859e-07, 8.974860004225644e-07, 8.593439356297134e-07, 8.230013264372115e-07, 7.879027020287475e-07, 7.537200629437746e-07, 7.212400499284077e-07, 6.900426696497458e-07, 6.601508555197894e-07, 6.312557700265565e-07, 6.036487284293216e-07, 5.77564077064863e-07, 5.523479871518515e-07, 5.282933408682951e-07, 5.052408648329022e-07, 4.832715361378895e-07, 4.620997074127084e-07, 4.4156198394631525e-07, 4.219785250407298e-07, 4.0320619181876684e-07, 3.852801739830184e-07, 3.682494961620085e-07, 3.5198556798465905e-07, 3.3666857465804436e-07, 3.2191794337282146e-07, 3.077116969540932e-07, 2.9407498716299923e-07, 2.811089708234307e-07, 2.687606280478516e-07, 2.568966090773407e-07, 2.4555068971841606e-07, 2.3459833985887617e-07, 2.2412988409406419e-07, 2.1415405996890498e-07, 2.046364310914761e-07, 1.9551009933288503e-07, 1.8678771048346526e-07]
ndim2: 500
W_list: [3.3499999999999996]
L_list: [22.87042915534184]
