R_list= [ 1  2  3  4  5  6  7  8  9 10 11 12 13 14 15 16 17 18 19 20 21 22 23 24
 25 26 27 28 29 30 31 32 33 34 35 36 37 38]
C_final_list= [1.0237827392371089e-06, 9.442762803879265e-07, 8.648872052770906e-07, 7.909960897421589e-07, 7.231059071197045e-07, 6.607634319328299e-07, 6.036326188958562e-07, 5.509833436552744e-07, 5.029021192449666e-07, 4.593479616852833e-07, 4.1977014122321403e-07, 3.835273869197759e-07, 3.502267470196586e-07, 3.19654961401969e-07, 2.9187990902388297e-07, 2.6667930953979873e-07, 2.435872809650479e-07, 2.2235128554096826e-07, 2.02967844678078e-07, 1.8531381140708537e-07, 1.6915858089301823e-07, 1.5427502243243702e-07, 1.4071601753899913e-07, 1.2827545249984907e-07, 1.1708666460181227e-07, 1.0681682434915955e-07, 9.73974383646211e-08, 8.876046856999168e-08, 8.088336877246162e-08, 7.363742761330818e-08, 6.702061530299212e-08, 6.102302835938815e-08, 5.555292810012402e-08, 5.055565116981834e-08, 4.594334996662766e-08, 4.17061056504246e-08, 3.786632812043763e-08, 3.436599224796845e-08]
W_list: [7.2]
L_list: [11.071683042318158]
