C_list:
3.66206892276281e-07 0.1419604218036691
ndim2: 500
W_list: [4.2]
L_list: [7.044216883090115]
