R_list= [ 1  2  3  4  5  6  7  8  9 10 11 12 13 14 15 16 17 18 19 20 21 22 23 24
 25 26 27 28 29 30 31 32 33 34 35 36 37 38]
C_final_list= [2.9127213782404544e-07, 2.6591933098844906e-07, 2.4083673235305554e-07, 2.1699074774883618e-07, 1.9490772520943556e-07, 1.7468793685857262e-07, 1.5646096455849625e-07, 1.400347706209573e-07, 1.25323236857136e-07, 1.1207503027051653e-07, 1.0018216605447549e-07, 8.955976463246023e-08, 8.003990520412838e-08, 7.154093033607024e-08, 6.392391196784633e-08, 5.707342396263251e-08, 5.094524488417663e-08, 4.540741661863295e-08, 4.040281556348295e-08, 3.592750830971025e-08, 3.1976486485351676e-08, 2.8456478439521866e-08, 2.533448417814154e-08, 2.254312870476144e-08, 2.0051902363074593e-08, 1.7829096817410737e-08, 1.5835004664762244e-08, 1.4057254629678866e-08, 1.2489818077967938e-08, 1.1092497276366696e-08, 9.846470556133124e-09, 8.732807811512014e-09, 7.749356303660133e-09, 6.86928717690616e-09, 6.088070125177067e-09, 5.3911649678374805e-09, 4.771063018194114e-09, 4.222526318578277e-09]
W_list: [7.4]
L_list: [9.129127921330701]
