R_list= [ 1  2  3  4  5  6  7  8  9 10 11 12 13 14 15 16 17 18 19 20 21 22 23 24
 25 26 27 28 29 30 31 32 33 34 35 36 37 38]
C_final_list= [2.0546583860418752e-06, 1.6590030345190285e-06, 1.3813328133754365e-06, 1.1865582444437129e-06, 1.021275738762105e-06, 8.770886198973495e-07, 7.554738931143611e-07, 6.522655545716297e-07, 5.632686997585412e-07, 4.853049843887214e-07, 4.171811091283553e-07, 3.582749723432034e-07, 3.080644535293962e-07, 2.651771135060711e-07, 2.288788481514506e-07, 1.9789398725768144e-07, 1.7091032116855023e-07, 1.4730891463396289e-07, 1.2662919699035128e-07, 1.0870381003205415e-07, 9.327931584385098e-08, 8.012266300429616e-08, 6.878320351629151e-08, 5.898716584105887e-08, 5.058248981339405e-08, 4.341138786362678e-08, 3.718572963853789e-08, 3.182708727752773e-08, 2.7202121695425928e-08, 2.3201603491498386e-08, 1.9767267144400264e-08, 1.683058455407533e-08, 1.4312774888963634e-08, 1.2191702559020919e-08, 1.0398242665379596e-08, 8.826717781811143e-09, 7.472692543852811e-09, 6.33408141244407e-09]
W_list: [4]
L_list: [6.321298211509869]
