R_list= [ 1  2  3  4  5  6  7  8  9 10 11 12 13 14 15 16 17 18 19 20 21 22 23 24
 25 26 27 28 29 30 31 32 33 34 35 36 37 38]
C_final_list= [3.012884520637854e-06, 2.269975895163305e-06, 1.6053759364410842e-06, 1.1205485752978304e-06, 7.875311986229713e-07, 5.586097514832553e-07, 3.987040223771731e-07, 2.851256641388638e-07, 2.0334392108823233e-07, 1.4451448231788148e-07, 1.0233940586224338e-07, 7.232858119580057e-08, 5.085034144754588e-08, 3.55950105386201e-08, 2.4932967525051522e-08, 1.750730815290695e-08, 1.2291152627517294e-08, 8.597390385727655e-09, 6.006739964240211e-09, 4.19542720724442e-09, 2.9376913270254812e-09, 2.066694577021579e-09, 1.4624349236885165e-09, 1.0416192159587568e-09, 7.458612441054055e-10, 5.349570502597622e-10, 3.817472150184411e-10, 2.7168779664837846e-10, 1.93802084391073e-10, 1.3947397848394568e-10, 1.0214633307418064e-10, 7.523000028491368e-11, 5.4831469230108e-11, 3.906787285673132e-11, 2.7347902488575575e-11, 1.90564834918191e-11, 1.3439899591659568e-11, 9.56625633061485e-12]
W_list: [4]
L_list: [2.9994621899742575]
