C_list:
1.968489034773406e-06 0.0918807537236872
ndim2: 500
W_list: [1.7999999999999998]
L_list: [10.88367214539073]
