R_list= [ 1  2  3  4  5  6  7  8  9 10 11 12 13 14 15 16 17 18 19 20 21 22 23 24
 25 26 27 28 29 30 31 32 33 34 35 36 37 38]
C_final_list= [8.001214815191354e-08, 3.7957154096581625e-08, 1.4355249813695537e-08, 4.787334188110112e-09, 1.48588336590975e-09, 4.410437711498162e-10, 1.2796075916652314e-10, 3.693101360504977e-11, 1.0604424860600653e-11, 3.013307035917617e-12, 8.55241016327889e-13, 2.441853292526114e-13, 7.087866141311393e-14, 2.1715825341602538e-14, 7.440239736716698e-15, 2.8774229220299383e-15, 1.0014468088439761e-15, 3.0745453951525786e-16, 9.7929128298316e-17, 3.356968029387255e-17, 1.2055393413005238e-17, 4.3090698765488755e-18, 1.652864338580258e-18, 5.99675093280909e-19, 1.7129027766336564e-19, 4.3049561608819546e-20, 1.2828888739551262e-20, 5.0069069630858845e-21, 2.4886814557380142e-21, 1.5671849295257255e-21, 1.1820132726543649e-21, 1.0029082215872877e-21, 9.168190516808807e-22, 8.62539965341406e-22, 8.25326686674877e-22, 8.038058784510613e-22, 7.952147501011725e-22, 7.921489675885391e-22]
W_list: [5]
L_list: [1.2065429380205968]
