C_final_list: [1.8386888046309694e-06, 1.713625870353441e-06, 1.5960830102534708e-06, 1.4858970886206558e-06, 1.3814043209277764e-06, 1.2853792409541732e-06, 1.1949148479996797e-06, 1.1109148993080332e-06, 1.0313694860868108e-06, 9.58274051672035e-07, 8.928080357406896e-07, 8.310840968985277e-07, 7.731591059117622e-07, 7.187373196699656e-07, 6.683543948226273e-07, 6.216023645214099e-07, 5.775725036861925e-07, 5.36752146798806e-07, 4.985426053120169e-07, 4.6333068469196017e-07, 4.3046578762515307e-07, 3.9949818558865336e-07, 3.7056769756898647e-07, 3.4355173499628573e-07, 3.18577429593456e-07, 2.9547132652357735e-07, 2.743469060737589e-07, 2.546241751694611e-07, 2.3653136030276097e-07, 2.197422088241009e-07, 2.0418626925002353e-07, 1.896874844756497e-07, 1.7602807835879067e-07, 1.632867947642576e-07, 1.5125215974254826e-07, 1.4007186099664923e-07, 1.2975776426912741e-07, 1.201457135779319e-07, 1.112775126904405e-07, 1.0308486048896668e-07, 9.547439660400982e-08, 8.836550708105925e-08, 8.182543448080083e-08, 7.568682664826495e-08, 7.006523367181585e-08, 6.4794525807163e-08, 5.993231933126788e-08, 5.5418350816376184e-08, 5.118266780015521e-08, 4.731398417986961e-08]
ndim2: 500
W_list: [3.1999999999999997]
L_list: [13.68906538105065]
