R_list= [ 1  2  3  4  5  6  7  8  9 10 11 12 13 14 15 16 17 18 19 20 21 22 23 24
 25 26 27 28 29 30 31 32 33 34 35 36 37 38]
C_final_list= [3.1442041539637434e-05, 2.3842291142832925e-05, 1.7961341464860893e-05, 1.3499934937403625e-05, 1.0141329228365932e-05, 7.6068496262221445e-06, 5.707619371121266e-06, 4.2755157366379084e-06, 3.201481288050466e-06, 2.39595242737174e-06, 1.789110442597603e-06, 1.3351419267588697e-06, 9.950663786468683e-07, 7.436461744196109e-07, 5.556254224925932e-07, 4.149271131933216e-07, 3.102381929378189e-07, 2.321516331598604e-07, 1.7384531995550896e-07, 1.2974831606874965e-07, 9.667288361042415e-08, 7.195068308666432e-08, 5.359698023026701e-08, 4.0012530702412347e-08, 2.991459162645269e-08, 2.23417012690603e-08, 1.6639419968917665e-08, 1.2397430320737903e-08, 9.242940501455402e-09, 6.8833360680630685e-09, 5.147849595117583e-09, 3.836513064864968e-09, 2.878764304204435e-09, 2.160420716480867e-09, 1.6173834238379799e-09, 1.2133068060475438e-09, 9.105642710819685e-10, 6.878974192458968e-10]
W_list: [8.15]
L_list: [3.5176673711697224]
