R_list= [ 1  2  3  4  5  6  7  8  9 10 11 12 13 14 15 16 17 18 19 20 21 22 23 24
 25 26 27 28 29 30 31 32 33 34 35 36 37 38]
C_final_list= [1.6633975586270416e-06, 1.4915080208223389e-06, 1.3484322216890759e-06, 1.2334690640562647e-06, 1.1309435825185152e-06, 1.0355890804047992e-06, 9.487281007071974e-07, 8.698849049935356e-07, 7.976025398641028e-07, 7.325164927601702e-07, 6.734803046232024e-07, 6.195717737871108e-07, 5.698853925925793e-07, 5.236726523639789e-07, 4.806643089761769e-07, 4.4075511912497237e-07, 4.039909526076265e-07, 3.701033521011021e-07, 3.390278187553215e-07, 3.106598621650277e-07, 2.848420933627034e-07, 2.615087211000153e-07, 2.398858954003365e-07, 2.1972898027204568e-07, 2.0117669896238032e-07, 1.8425300565473044e-07, 1.6881616514058143e-07, 1.5464503862849315e-07, 1.4169863907012656e-07, 1.2986885061606665e-07, 1.1903721657977336e-07, 1.0900265052675674e-07, 9.968730026702944e-08, 9.10873448698959e-08, 8.322193961339804e-08, 7.604697655486457e-08, 6.943174706402564e-08, 6.339172628798624e-08]
W_list: [4]
L_list: [11.400202515406269]
