R_list= [ 1  2  3  4  5  6  7  8  9 10 11 12 13 14 15 16 17 18 19 20 21 22 23 24
 25 26 27 28 29 30 31 32]
C_final_list= [7.274124249642263e-08, 2.816149893953798e-08, 8.434129055675124e-09, 2.2117746071180814e-09, 5.413057946549335e-10, 1.272145352002647e-10, 2.9329513345464054e-11, 6.769438675886205e-12, 1.6388392711813658e-12, 4.3745378741086335e-13, 1.1136761050627316e-13, 2.3502872141535705e-14, 4.958953776656574e-15, 1.1234181294227108e-15, 2.817140342823061e-16, 8.230912382983302e-17, 2.501486373348943e-17, 6.811112396750274e-18, 1.8904185267001292e-18, 3.7023576741262473e-19, 5.777443235394095e-20, 1.0500214058680079e-20, 2.064405110542582e-21, 4.444898226923493e-22, 1.1513444272081216e-22, 3.9571045621042044e-23, 1.952727906854103e-23, 1.2665020917584232e-23, 1.0077463300446167e-23, 9.441048724505256e-24, 9.77553749794662e-24, 1.027224749674009e-23]
W_list: [6]
L_list: [0.9885257215853007]
