C_list:
1.988973277578187e-06 0.1965702643460916
ndim2: 500
W_list: [3.0]
L_list: [5.087239432304721]
