C_final_list: [1.9803893671833612e-06, 1.9302750371578704e-06, 1.8800704042547435e-06, 1.831144552036801e-06, 1.7841860187840648e-06, 1.7388611090810727e-06, 1.695151257078759e-06, 1.6526130841679326e-06, 1.611099124406192e-06, 1.5710711705171745e-06, 1.531773169013986e-06, 1.4930858190421639e-06, 1.4557947582363276e-06, 1.419277454197494e-06, 1.3837506907585888e-06, 1.3485878404632385e-06, 1.3142648033114692e-06, 1.2807011802623015e-06, 1.248351008352576e-06, 1.2163764536669912e-06, 1.185232496171467e-06, 1.1546256252949788e-06, 1.1245252073177875e-06, 1.0953814741432884e-06, 1.0670898704377068e-06, 1.038889183667777e-06, 1.0115974304235772e-06, 9.849552590198838e-07, 9.591819854738404e-07, 9.339323183984884e-07, 9.088527297802048e-07, 8.848097405568387e-07, 8.614480138053953e-07, 8.388569829873259e-07, 8.16824754598271e-07, 7.953633368368811e-07, 7.743682011912605e-07, 7.539335814196734e-07, 7.341492101177618e-07, 7.146032522557115e-07, 6.957119232460598e-07, 6.771760729976554e-07, 6.591067803131503e-07, 6.413384852798214e-07, 6.240124246740906e-07, 6.073874898343144e-07, 5.911519154039417e-07, 5.752609649791151e-07, 5.596419539541896e-07, 5.445623313921399e-07]
ndim2: 500
W_list: [2.8]
L_list: [38.30888532178828]
