R_list= [ 1  2  3  4  5  6  7  8  9 10 11 12 13 14 15 16 17 18 19 20 21 22 23 24
 25 26 27 28 29 30 31 32]
C_final_list= [7.893385244376435e-07, 7.354840334475846e-07, 6.83816245154242e-07, 6.353411047592259e-07, 5.895298759249798e-07, 5.472744496356685e-07, 5.074171248164729e-07, 4.7090398223089907e-07, 4.366203248386349e-07, 4.0481904879123665e-07, 3.748822475073042e-07, 3.4688950279086736e-07, 3.2090855842058467e-07, 2.970344302004234e-07, 2.7475557049551335e-07, 2.5429324568195073e-07, 2.3531601903911921e-07, 2.1773371869168323e-07, 2.0148185117037286e-07, 1.8646292900000927e-07, 1.7250145108961398e-07, 1.597287335132243e-07, 1.4769872993133912e-07, 1.3647669972544166e-07, 1.259564842001825e-07, 1.1637199460668482e-07, 1.0740881294194108e-07, 9.908354953288823e-08, 9.139442679848786e-08, 8.436215480752851e-08, 7.783052505428718e-08, 7.177407870536345e-08]
W_list: [6]
L_list: [13.12586959426324]
