C_list:
7.360241079339693e-07 0.06794729509025622
ndim2: 500
W_list: [3.2]
L_list: [14.717289314779537]
