R_list= [ 1  2  3  4  5  6  7  8  9 10 11 12 13 14 15 16 17 18 19 20 21 22 23 24
 25 26 27 28 29 30 31 32 33 34 35 36 37 38]
C_final_list= [5.038104921276083e-07, 3.6049070028342815e-07, 2.5590098989441967e-07, 1.833309931028467e-07, 1.3123653051441445e-07, 9.35338390083613e-08, 6.672942903863151e-08, 4.751232187432672e-08, 3.385934127047554e-08, 2.40877839563761e-08, 1.708677871374452e-08, 1.2094503015367805e-08, 8.537364015209417e-09, 5.989005785958986e-09, 4.193711470409644e-09, 2.932600011118307e-09, 2.055378349306e-09, 1.4448128787885865e-09, 1.0280352326780962e-09, 7.355711101261499e-10, 5.247275376616851e-10, 3.7119585691259327e-10, 2.612647116143368e-10, 1.8196220873746157e-10, 1.2559288162837647e-10, 8.663733450081796e-11, 6.011394880305717e-11, 4.1668114724106606e-11, 2.923453576581449e-11, 2.0698535767849078e-11, 1.4470304249264484e-11, 1.0023176301689036e-11, 6.9892298496645585e-12, 4.9159710594084136e-12, 3.4858375310413283e-12, 2.466860576157552e-12, 1.7267207962940186e-12, 1.1934209097344443e-12]
W_list: [6]
L_list: [2.9649570564065444]
