R_list= [ 1  2  3  4  5  6  7  8  9 10 11 12 13 14 15 16 17 18 19 20 21 22 23 24
 25 26 27 28 29 30 31 32 33 34 35 36 37 38]
C_final_list= [9.498004204509913e-07, 8.3571700444255e-07, 7.360251446819079e-07, 6.470015571774649e-07, 5.699283448558166e-07, 5.02236439538828e-07, 4.425146913740117e-07, 3.896959438854372e-07, 3.427055772524658e-07, 3.016136647183084e-07, 2.6512721259729e-07, 2.330754247257673e-07, 2.0448012191599213e-07, 1.7909306083607637e-07, 1.569203709745048e-07, 1.3731667217138787e-07, 1.2016298944192613e-07, 1.0523350174019935e-07, 9.203895320171199e-08, 8.053115017141326e-08, 7.045249473556949e-08, 6.181233381963421e-08, 5.423682852254949e-08, 4.754574659523352e-08, 4.164400021721246e-08, 3.649115460224221e-08, 3.198609510781368e-08, 2.7945898028185728e-08, 2.440148659349832e-08, 2.1301361664892633e-08, 1.853606024438111e-08, 1.6147610041136514e-08, 1.4034928996924326e-08, 1.2179182801874049e-08, 1.057329572296466e-08, 9.171567289917716e-09, 7.978210030560245e-09, 6.918646310660318e-09]
W_list: [6]
L_list: [7.777363607106212]
