C_final_list: [1.9659170069131406e-06, 1.918255701506291e-06, 1.8712209783264576e-06, 1.8262389579769332e-06, 1.7818212902285883e-06, 1.7391818239195843e-06, 1.6972250749030203e-06, 1.6568000283722319e-06, 1.6170786376948834e-06, 1.5783420278016134e-06, 1.540721304844498e-06, 1.5035317465525965e-06, 1.4678802728911036e-06, 1.432795135546953e-06, 1.3987145017097097e-06, 1.3654445154755951e-06, 1.3330256195980206e-06, 1.3012404994651206e-06, 1.2700524994084536e-06, 1.2395307848272423e-06, 1.2097009871466012e-06, 1.1805581425087885e-06, 1.1517353816965896e-06, 1.123838558233989e-06, 1.0962729557363406e-06, 1.06949445425898e-06, 1.0433309099224388e-06, 1.0174520505365705e-06, 9.921133485454578e-07, 9.672446529536196e-07, 9.430310896349368e-07, 9.195460900315705e-07, 8.965030732101976e-07, 8.741300887216422e-07, 8.522418770692582e-07]
ndim2: 500
W_list: [2.6]
L_list: [40.970178345978894]
