R_list= [ 1  2  3  4  5  6  7  8  9 10 11 12 13 14 15 16 17 18 19 20 21 22 23 24
 25 26 27 28 29 30 31 32 33 34 35 36 37 38]
C_final_list= [2.520257182355818e-07, 2.2739898803602695e-07, 2.0304166361115425e-07, 1.8036828604373448e-07, 1.5968502635951832e-07, 1.4107911230214044e-07, 1.2443262692507526e-07, 1.0963379402261952e-07, 9.652249705209194e-08, 8.494319677229972e-08, 7.465881858691597e-08, 6.558942583669306e-08, 5.7552683938326384e-08, 5.0531307588779186e-08, 4.433627922670349e-08, 3.890068763451897e-08, 3.41216725269882e-08, 2.992629243879409e-08, 2.6285730905484088e-08, 2.3072542498003734e-08, 2.0230947609504634e-08, 1.7732434847730958e-08, 1.5545501593347e-08, 1.363736126922019e-08, 1.1974628652441273e-08, 1.050617564772461e-08, 9.219132873707683e-09, 8.073463096091961e-09, 7.05718818907798e-09, 6.166779101623051e-09, 5.385619405640609e-09, 4.700440253475971e-09, 4.10073757274978e-09, 3.5767147613730084e-09, 3.1148261058653314e-09, 2.71047945832281e-09, 2.353999938324996e-09, 2.044523259606264e-09]
W_list: [7.800000000000001]
L_list: [8.051641264767003]
