C_final_list: [1.3279429271943538e-06, 1.2565711467693496e-06, 1.1858871362877622e-06, 1.1193509031377133e-06, 1.0561235751516047e-06, 9.961683650651756e-07, 9.391625961761863e-07, 8.853861834638747e-07, 8.355030147478402e-07, 7.88149924047158e-07, 7.436106159819386e-07, 7.012910565094903e-07, 6.610596574519486e-07, 6.229914247056254e-07, 5.86885269173614e-07, 5.528015310550859e-07, 5.205918123004278e-07, 4.898871131666123e-07, 4.607110500170758e-07, 4.33129338284436e-07, 4.073634014305607e-07, 3.828926129994445e-07, 3.600654475483001e-07, 3.380458559289004e-07, 3.174380409788118e-07, 2.9803927626692635e-07, 2.7993040235783015e-07, 2.6279074467571014e-07, 2.46651452553382e-07, 2.3149264563466946e-07, 2.1728304736788019e-07, 2.0386058633125485e-07, 1.9134812839109675e-07, 1.7950154263254292e-07, 1.682512928706885e-07]
ndim2: 500
W_list: [3.2]
L_list: [16.775281149703158]
