C_final_list: [1.3344384106114969e-06, 1.1761976876332372e-06, 1.0327133024835161e-06, 9.080251855509312e-07, 7.976844440450959e-07, 7.028148684286887e-07, 6.189932809924165e-07, 5.448996461121768e-07, 4.802520386292116e-07, 4.2247700062996565e-07, 3.7124240465622805e-07, 3.259182549150596e-07, 2.861764341050529e-07, 2.5087369154378225e-07, 2.2003332455829237e-07, 1.922327407022001e-07, 1.681412196483359e-07, 1.4694919831890235e-07, 1.2833564371087194e-07, 1.119745945537886e-07, 9.76560166993502e-08, 8.512148753022867e-08, 7.427867761792464e-08, 6.493699852741234e-08, 5.6970114494781806e-08, 4.985111081876169e-08, 4.3654699898405095e-08, 3.845884371455746e-08, 3.389589270981642e-08, 2.9824707613334175e-08, 2.6082644104888905e-08, 2.274745020154767e-08, 1.9847338518620344e-08, 1.7320756970460936e-08, 1.5078040878991746e-08]
ndim2: 500
W_list: [3.6]
L_list: [7.747642962839586]
