R_list= [ 1  2  3  4  5  6  7  8  9 10 11 12 13 14 15 16 17 18 19 20 21 22 23 24
 25 26 27 28 29 30 31 32 33 34 35 36 37 38]
C_final_list= [5.092693618294021e-07, 3.6365352792114255e-07, 2.5677893632139046e-07, 1.8264431461070973e-07, 1.3081555461043832e-07, 9.359350629065371e-08, 6.653667406170597e-08, 4.691815627953705e-08, 3.302146524233809e-08, 2.3234952492166503e-08, 1.6386257671677157e-08, 1.1481574333594468e-08, 8.011199531953463e-09, 5.577149550311648e-09, 3.8644023832103445e-09, 2.6756973783430142e-09, 1.8609134339789215e-09, 1.2983420465037864e-09, 9.037313789660734e-10, 6.285083329734185e-10, 4.3685850034993805e-10, 3.0481990681306123e-10, 2.1288111928616223e-10, 1.4911125406932733e-10, 1.0426201669413072e-10, 7.336218602766905e-11, 5.120209960299211e-11, 3.549864739681075e-11, 2.4763821231190628e-11, 1.7230406150866438e-11, 1.1914143367113898e-11, 8.050604151300724e-12, 5.371542203284806e-12, 3.5687981105823874e-12, 2.4377197903164665e-12, 1.6902527533650585e-12, 1.1842774299175924e-12, 8.302052246253602e-13]
W_list: [6]
L_list: [2.933505394497565]
