C_final_list: [5.871960780539595e-07, 5.523579443682348e-07, 5.171086105022978e-07, 4.834230525138579e-07, 4.507915586421043e-07, 4.202940086586611e-07, 3.9140500186137555e-07, 3.639775548122949e-07, 3.3858513915317104e-07, 3.151428630654518e-07, 2.936111322107081e-07, 2.7357824270224587e-07, 2.5483700245209304e-07, 2.3714074071098175e-07, 2.2058705931049702e-07, 2.0501751006694126e-07, 1.9039878930052873e-07, 1.7688919571307726e-07, 1.6427625132587662e-07, 1.5259479461874567e-07, 1.4167643435558672e-07, 1.315146871968377e-07, 1.2212347706174637e-07, 1.1333570745351805e-07, 1.0520100051665185e-07, 9.764565235031529e-08, 9.056348493684503e-08, 8.38917103643574e-08, 7.772985542183888e-08, 7.201737758423296e-08, 6.670763699444672e-08, 6.176658953767387e-08, 5.723123524638496e-08, 5.296675356668537e-08, 4.90123548879451e-08]
ndim2: 500
W_list: [3.2]
L_list: [13.961862333762634]
