R_list= [ 1  2  3  4  5  6  7  8  9 10 11 12 13 14 15 16 17 18 19 20 21 22 23 24
 25 26 27 28 29 30 31 32 33 34 35 36 37 38]
C_final_list= [9.762381900534369e-07, 8.406789674796919e-07, 7.279497449454908e-07, 6.26048827089295e-07, 5.38413641039294e-07, 4.629686271421175e-07, 3.9878937195152064e-07, 3.428828454449371e-07, 2.95174201885299e-07, 2.5368416633566476e-07, 2.1739963164194934e-07, 1.8631291300428092e-07, 1.6005554178202522e-07, 1.3743753338050289e-07, 1.1813223092937375e-07, 1.0128863140491871e-07, 8.694336705287842e-08, 7.455304078090749e-08, 6.377475807287044e-08, 5.445517706826949e-08, 4.655863615946614e-08, 3.9877765758595365e-08, 3.426589871251107e-08, 2.93713065744929e-08, 2.5138383958401563e-08, 2.1445229506394897e-08, 1.829612280572279e-08, 1.561401983799272e-08, 1.3239024630475226e-08, 1.1256134535631184e-08, 9.603953817289527e-09, 8.182280031604525e-09, 6.967170883131725e-09, 5.908251024467126e-09, 5.019105146592193e-09, 4.251684625586411e-09, 3.6136089108769953e-09, 3.0622063700733234e-09]
W_list: [6]
L_list: [6.6431966633289]
