R_list= [ 1  2  3  4  5  6  7  8  9 10 11 12 13 14 15 16 17 18 19 20 21 22 23 24
 25 26 27 28 29 30 31 32 33 34 35 36 37 38]
C_final_list= [8.483601373169521e-07, 7.367806773576789e-07, 6.398539421072105e-07, 5.569775724740966e-07, 4.844777258576831e-07, 4.214633630307785e-07, 3.6617874734276244e-07, 3.1722501495155454e-07, 2.7494523677130687e-07, 2.3812515818366516e-07, 2.064691250117146e-07, 1.790349607427012e-07, 1.549748676761384e-07, 1.3398306034526558e-07, 1.1563976431582714e-07, 9.989912233769883e-08, 8.625289887326957e-08, 7.430992087425691e-08, 6.397254471982011e-08, 5.504438879351227e-08, 4.722432996012212e-08, 4.0491951985890265e-08, 3.466923086541427e-08, 2.9690058514712655e-08, 2.542863054026299e-08, 2.174788207847682e-08, 1.8596498268560607e-08, 1.5888998352868212e-08, 1.3553950444698429e-08, 1.1523704259965862e-08, 9.792839966015371e-09, 8.343252982051733e-09, 7.106811348086904e-09, 6.063241423216256e-09, 5.18145349486129e-09, 4.431077027749332e-09, 3.78463058946904e-09, 3.2339571761447003e-09]
W_list: [6.2]
L_list: [7.036782363560793]
