R_list= [ 1  2  3  4  5  6  7  8  9 10 11 12 13 14 15 16 17 18 19 20 21 22 23 24
 25 26 27 28 29 30 31 32 33 34 35 36 37 38]
C_final_list= [3.005226846717326e-05, 2.2615796516447105e-05, 1.6899902371188306e-05, 1.258965493936992e-05, 9.353841759332043e-06, 6.941183575710947e-06, 5.1513437469616325e-06, 3.816659060061411e-06, 2.828416280276355e-06, 2.0972527277665906e-06, 1.5529297705071042e-06, 1.1496180940169142e-06, 8.517905916876893e-07, 6.302064465682642e-07, 4.6572931678314266e-07, 3.4497377914149277e-07, 2.554544043787361e-07, 1.8885497242385614e-07, 1.3934872630579737e-07, 1.0259075641903192e-07, 7.557291075647535e-08, 5.5744610291009924e-08, 4.132452899982217e-08, 3.063796605117879e-08, 2.2655158230494603e-08, 1.668822398355004e-08, 1.2230498089328802e-08, 8.974288283576361e-09, 6.5696173084701225e-09, 4.802997702985229e-09, 3.4800127420177293e-09, 2.536415214343597e-09, 1.838351891367621e-09, 1.327286867251181e-09, 9.595173039168927e-10, 6.959230646986749e-10, 5.03959078201759e-10, 3.644004939883634e-10]
W_list: [8.25]
L_list: [3.409519178851875]
