R_list= [ 1  2  3  4  5  6  7  8  9 10 11 12 13 14 15 16 17 18 19 20 21 22 23 24
 25 26 27 28 29 30 31 32 33 34 35 36 37 38]
C_final_list= [2.835687443357835e-07, 1.8364789339369706e-07, 1.0249557627113628e-07, 5.224310891075076e-08, 2.5146028206933754e-08, 1.1648884607703416e-08, 5.265958183527622e-09, 2.3450738482914337e-09, 1.0328401987878075e-09, 4.5147798311276044e-10, 1.9636313038361596e-10, 8.481443554242938e-11, 3.632348232805093e-11, 1.546241447311071e-11, 6.580186483317762e-12, 2.802718550920068e-12, 1.194749026708601e-12, 5.08029797873878e-13, 2.1598194067556605e-13, 9.103947484349365e-14, 3.785667498872772e-14, 1.55388895195994e-14, 6.322490968765128e-15, 2.567092190527224e-15, 1.0419893707581298e-15, 4.2492653368764396e-16, 1.7261530445628116e-16, 7.047214812519614e-17, 2.9084475934535126e-17, 1.211469781191743e-17, 5.002712552422002e-18, 2.0292928650046896e-18, 8.2143992824091275e-19, 3.3136611656555375e-19, 1.3408199926644975e-19, 5.439023861963176e-20, 2.2169534444390408e-20, 8.99869617702405e-21]
W_list: [4]
L_list: [1.841332356515849]
