R_list= [ 1  2  3  4  5  6  7  8  9 10 11 12 13 14 15 16 17 18 19 20 21 22 23 24
 25 26 27 28 29 30 31 32 33 34 35 36 37 38]
C_final_list= [3.0363885803293628e-05, 2.294507810395827e-05, 1.7201902719184065e-05, 1.288641283912027e-05, 9.645293702026746e-06, 7.219127385410815e-06, 5.397645886059968e-06, 4.034474661332891e-06, 3.008302167931636e-06, 2.2432240681763828e-06, 1.6724719213591017e-06, 1.2458131313359535e-06, 9.28800675287529e-07, 6.921635279933781e-07, 5.17489897669455e-07, 3.8481762762046396e-07, 2.865938962280119e-07, 2.1377025794816113e-07, 1.5972198565154616e-07, 1.1936689129154134e-07, 8.918215058699596e-08, 6.665519027879991e-08, 4.99308004115982e-08, 3.7398912522263576e-08, 2.8015463460588642e-08, 2.0907604554852056e-08, 1.5579266185712998e-08, 1.1585282154284962e-08, 8.610324584355295e-09, 6.3923492561966175e-09, 4.754622214652057e-09, 3.5501614045758197e-09, 2.6404817592494146e-09, 1.9733206108276194e-09, 1.4703593795834157e-09, 1.0996984428727142e-09, 8.217377060879516e-10, 6.138566330171411e-10]
W_list: [8.2]
L_list: [3.474956978504271]
