R_list= [ 1  2  3  4  5  6  7  8  9 10 11 12 13 14 15 16 17 18 19 20 21 22 23 24
 25 26 27 28 29 30 31 32]
C_final_list= [1.5104507072151728e-07, 8.295426251895682e-08, 4.0868216536748277e-08, 1.9327756788548768e-08, 8.959788330844995e-09, 4.111034166595935e-09, 1.8623867691887088e-09, 8.316060742624728e-10, 3.6766223305273203e-10, 1.6328085612479416e-10, 7.290616271709765e-11, 3.251484945117015e-11, 1.4661253173907057e-11, 6.698183972388481e-12, 3.0155404796622126e-12, 1.3292081155115437e-12, 5.824931461514454e-13, 2.467280685951271e-13, 1.0219247838218806e-13, 4.334979608965939e-14, 1.873019149359013e-14, 8.439482868055251e-15, 3.795799103574037e-15, 1.6700947017206816e-15, 6.841950587012116e-16, 2.757908952775835e-16, 1.1169576052531181e-16, 4.716784376059566e-17, 2.121792765410736e-17, 9.811329013222775e-18, 4.622195003114663e-18, 2.0062834643090887e-18]
W_list: [6]
L_list: [1.5231167987023853]
