R_list= [ 1  2  3  4  5  6  7  8  9 10 11 12 13 14 15 16 17 18 19 20 21 22 23 24
 25 26 27 28 29 30 31 32 33 34 35 36 37 38]
C_final_list= [7.810331518209787e-07, 6.666719235268178e-07, 5.759783270580153e-07, 4.948703572346194e-07, 4.253934909790554e-07, 3.655494946434621e-07, 3.137036499187936e-07, 2.6965440085684176e-07, 2.3169883198380797e-07, 1.9875004588243316e-07, 1.7049118049829856e-07, 1.4629094920186968e-07, 1.2557381187237224e-07, 1.0794283642354136e-07, 9.25599642004726e-08, 7.9048989902954e-08, 6.760028560284673e-08, 5.788650706193297e-08, 4.952248148457664e-08, 4.2329142031256495e-08, 3.6189212920718006e-08, 3.0911310216873685e-08, 2.6452477318893797e-08, 2.2598341352987856e-08, 1.9341959664943272e-08, 1.653254243185618e-08, 1.4128510182255816e-08, 1.2065841889319756e-08, 1.0287923265250774e-08, 8.781759865392112e-09, 7.502560793666963e-09, 6.377645784677136e-09, 5.414475421033466e-09, 4.591299370658987e-09, 3.8994500688334924e-09, 3.2926119828753807e-09, 2.7787424180158107e-09, 2.3566934889629865e-09]
W_list: [6]
L_list: [6.568866859086426]
