R_list= [ 1  2  3  4  5  6  7  8  9 10 11 12 13 14 15 16 17 18 19 20 21 22 23 24
 25 26 27 28 29 30 31 32 33 34 35 36 37 38]
C_final_list= [2.378661840461897e-06, 2.0943966870629652e-06, 1.825283007807438e-06, 1.5845997142174353e-06, 1.372714089246631e-06, 1.1865223396351096e-06, 1.0253391224702716e-06, 8.856830987465303e-07, 7.649605220912355e-07, 6.60220538839866e-07, 5.68894101012922e-07, 4.900347817019026e-07, 4.21692299491745e-07, 3.6304545551685764e-07, 3.12370525520894e-07, 2.6890392569335727e-07, 2.3143598309341503e-07, 1.9901257984533e-07, 1.7112809905416719e-07, 1.4701753128555288e-07, 1.2631864041624777e-07, 1.0839196340479143e-07, 9.290635960174378e-08, 7.971116613402206e-08, 6.836201916668989e-08, 5.8634666503159456e-08, 5.0340378364472296e-08, 4.317471496362684e-08, 3.699090329174995e-08, 3.1662593477136633e-08, 2.70771579626068e-08, 2.3139467555797566e-08, 1.978434426823382e-08, 1.6914916581380647e-08, 1.4470323697864075e-08, 1.2392228857387804e-08, 1.060573024910137e-08, 9.087018274094275e-09]
W_list: [8.25]
L_list: [6.9277511420855475]
