C_final_list: [2.107544817437027e-06, 1.8671553624590482e-06, 1.6536819318879173e-06, 1.459795136912681e-06, 1.2881795606122496e-06, 1.1335733436419648e-06, 9.966780740587312e-07, 8.761000312542057e-07, 7.705895820834527e-07, 6.795985046927671e-07, 6.001459790302219e-07, 5.314383250257305e-07, 4.7010610978614296e-07, 4.1632242198831805e-07, 3.6816481179655695e-07, 3.25521511477743e-07, 2.878145642957558e-07, 2.542202486269387e-07, 2.2437212551657805e-07, 1.9814940949369266e-07, 1.750212179795611e-07, 1.5480980260980199e-07, 1.3701348209027093e-07, 1.210881793077457e-07, 1.070503529324263e-07, 9.453102859258562e-08, 8.354765657819218e-08, 7.346918911900254e-08, 6.461673801308416e-08, 5.6784015578269084e-08, 4.977741383897691e-08, 4.3578899008194415e-08, 3.8084892576754645e-08, 3.3342561892161445e-08, 2.9139419822074134e-08, 2.5490800736145057e-08, 2.2243288497076337e-08, 1.9363058720523387e-08, 1.6790698776177325e-08, 1.4605690579209145e-08, 1.2732872222350216e-08, 1.1118213811869161e-08, 9.693054799184921e-09, 8.465561753952992e-09, 7.3831195072032326e-09, 6.426844706863682e-09, 5.6070237070951974e-09, 4.879005397745158e-09, 4.261899508203948e-09, 3.716688477777335e-09]
ndim2: 500
W_list: [2.9499999999999997]
L_list: [7.992667178678503]
