C_final_list: [2.1028262459236448e-06, 1.8741305523565243e-06, 1.6619089428915773e-06, 1.478706901897986e-06, 1.317757591830489e-06, 1.1748410777059276e-06, 1.0437360674809435e-06, 9.268926360198815e-07, 8.212535485277439e-07, 7.289390483135048e-07, 6.459282479540037e-07, 5.732251328605878e-07, 5.083009222999776e-07, 4.5045197377179056e-07, 3.9908584790820655e-07, 3.5447733833022317e-07, 3.1522776045934043e-07, 2.8036885789728445e-07, 2.4894871694562294e-07, 2.2083093328124604e-07, 1.9616745146021267e-07, 1.7449249464798186e-07, 1.5508859266372421e-07, 1.3767766242220105e-07, 1.2236909363904697e-07, 1.083544771924525e-07, 9.617315928870527e-08, 8.53026922856872e-08, 7.55000513402193e-08, 6.687960740897728e-08, 5.933291968607116e-08, 5.249340266427457e-08, 4.645026817192031e-08, 4.114629771861834e-08, 3.6350581996590386e-08, 3.2159360546783775e-08, 2.836150759141026e-08, 2.492282765463547e-08, 2.196467345929763e-08, 1.9314157629661166e-08, 1.7026021498914976e-08, 1.4992310084116743e-08, 1.321294972492864e-08, 1.1603105554973059e-08, 1.0168489923907327e-08, 8.92181651457226e-09, 7.82799792973945e-09, 6.860689736900343e-09, 6.040176347591711e-09, 5.318326998525937e-09]
ndim2: 500
W_list: [2.8]
L_list: [8.449742591676623]
