C_final_list: [1.7106102831824893e-06, 1.6839658082359943e-06, 1.657642135084338e-06, 1.6322007593943308e-06, 1.6071349518012153e-06, 1.582744166249386e-06, 1.5591382936057526e-06, 1.535879380139332e-06, 1.5128704461291652e-06, 1.4903382803657487e-06, 1.468267060846729e-06, 1.4466419659166026e-06, 1.42520257635395e-06, 1.4044605850330651e-06, 1.383758881984931e-06, 1.3635501982190683e-06, 1.3435417258105284e-06, 1.3236874399283267e-06, 1.3041777336806953e-06, 1.2850443487576897e-06, 1.2661399693788517e-06, 1.2473422481231987e-06, 1.228822944667869e-06, 1.2105325707686175e-06, 1.1923902463906186e-06, 1.1744983990046802e-06, 1.1569655931047355e-06, 1.1396249533456338e-06, 1.1223961888891646e-06, 1.105532139027449e-06, 1.0886394395770612e-06, 1.0721929342378664e-06, 1.0559028432758017e-06, 1.0397291511816654e-06, 1.0237564445029637e-06, 1.0082316147401853e-06, 9.92849384623034e-07, 9.776332999370066e-07, 9.62672472882691e-07, 9.479227320144231e-07, 9.334347241769712e-07, 9.190622163108054e-07, 9.049029455213708e-07, 8.910293824060287e-07, 8.773047555371941e-07, 8.637590456652068e-07, 8.503380108407545e-07, 8.371246314568819e-07, 8.240870936952802e-07, 8.110279204431413e-07]
ndim2: 500
W_list: [3.0]
L_list: [66.20785938308308]
