R_list= [ 1  2  3  4  5  6  7  8  9 10 11 12 13 14 15 16 17 18 19 20 21 22 23 24
 25 26 27 28 29 30 31 32 33 34 35 36 37 38]
C_final_list= [2.6410384968509197e-06, 2.3477564359139014e-06, 2.067651254047922e-06, 1.8144774080681819e-06, 1.588656170829097e-06, 1.3899479120011007e-06, 1.215593432105638e-06, 1.0617925150748339e-06, 9.274722665470034e-07, 8.098090693552257e-07, 7.069282727191904e-07, 6.167374697824071e-07, 5.376515522608909e-07, 4.688521585643996e-07, 4.0883071276836485e-07, 3.564038275063751e-07, 3.106416442965065e-07, 2.7076782130388294e-07, 2.3577690969141764e-07, 2.0507394020255768e-07, 1.7817318576547424e-07, 1.5470208199290547e-07, 1.3424195179902725e-07, 1.1649276024454221e-07, 1.0113488234710065e-07, 8.786460517473688e-08, 7.634562991112673e-08, 6.631723806502852e-08, 5.765724194284135e-08, 5.007131358695689e-08, 4.346016545970955e-08, 3.7725540318103536e-08, 3.2731758772967805e-08, 2.840318666822702e-08, 2.4641026115250986e-08, 2.138871106534487e-08, 1.8584471929592793e-08, 1.6148547323241476e-08]
W_list: [8.05]
L_list: [7.503908557989855]
