R_list= [ 1  2  3  4  5  6  7  8  9 10 11 12 13 14 15 16 17 18 19 20 21 22 23 24
 25 26 27 28 29 30 31 32 33 34 35 36 37 38]
C_final_list= [9.312172561741674e-07, 8.474829362582845e-07, 7.780568998497667e-07, 7.154294597532883e-07, 6.567911255152421e-07, 6.028129312416858e-07, 5.532145001069416e-07, 5.076094118795121e-07, 4.65819002296398e-07, 4.27327372772972e-07, 3.918106068159028e-07, 3.5928688070025256e-07, 3.2961628578172483e-07, 3.023868117772918e-07, 2.7726043343226534e-07, 2.54196400225725e-07, 2.3307534621382804e-07, 2.1348824667191662e-07, 1.9550597450140175e-07, 1.7889134711775349e-07, 1.6365865100918623e-07, 1.4973353554741528e-07, 1.3682703400854016e-07, 1.2488000922547554e-07, 1.1401663409270526e-07, 1.04116635022173e-07, 9.503417400610172e-08, 8.67009770797348e-08, 7.907880290671652e-08, 7.207897945266504e-08, 6.56187123869693e-08, 5.96761033706956e-08, 5.424072835969523e-08, 4.9337774785253443e-08, 4.4940150855650236e-08, 4.0902068234040676e-08, 3.7196294758407174e-08, 3.382998073750429e-08]
W_list: [5]
L_list: [11.50427792016196]
