R_list= [ 1  2  3  4  5  6  7  8  9 10 11 12 13 14 15 16 17 18 19 20 21 22 23 24
 25 26 27 28 29 30 31 32 33 34 35 36 37 38]
C_final_list= [3.7351018170976295e-05, 2.46712705778673e-05, 1.6234099768817472e-05, 1.0649227686299425e-05, 6.9928390344414085e-06, 4.579153497276562e-06, 2.9945199722505904e-06, 1.9560656868693964e-06, 1.2782532749257109e-06, 8.382219289844649e-07, 5.505829656696869e-07, 3.608200549821808e-07, 2.3593597656447808e-07, 1.5333764031914432e-07, 9.97189494693263e-08, 6.488217109808607e-08, 4.200074981776191e-08, 2.724056943526877e-08, 1.7625152716340273e-08, 1.1377156058412687e-08, 7.421723589347826e-09, 4.833998271182159e-09, 3.1309459636697355e-09, 2.0481139267109556e-09, 1.3612597326279385e-09, 8.986182697974047e-10, 5.851889671890638e-10, 3.7659982695696237e-10, 2.414390053507246e-10, 1.5607652982622113e-10, 1.0116359727726982e-10, 6.675371211474824e-11, 4.2353329329672404e-11, 2.7778155509745058e-11, 1.7948347585040994e-11, 1.2119296589038618e-11, 8.01628992312107e-12, 5.3451229799250716e-12]
W_list: [8.05]
L_list: [2.3882785204453096]
