R_list= [ 1  2  3  4  5  6  7  8  9 10 11 12 13 14 15 16 17 18 19 20 21 22 23 24
 25 26 27 28 29 30 31 32 33 34 35 36 37 38]
C_final_list= [3.730923941762915e-05, 2.4626197432147892e-05, 1.6240283562778524e-05, 1.0689317976056317e-05, 7.0245635000942415e-06, 4.618419178703771e-06, 3.025436562022053e-06, 1.973812766365244e-06, 1.2887095929316879e-06, 8.429366015499628e-07, 5.506236798930871e-07, 3.5909592678492174e-07, 2.3394760514532036e-07, 1.5233254101559604e-07, 9.928260965772772e-08, 6.49376162314679e-08, 4.238275218823542e-08, 2.7756122815519688e-08, 1.8181298629413006e-08, 1.1937797333901187e-08, 7.839123920647683e-09, 5.16339195704322e-09, 3.422546333936408e-09, 2.2619274596514246e-09, 1.4851233123221983e-09, 9.644582926961427e-10, 6.233288574622519e-10, 4.0397415094718155e-10, 2.6460588195394276e-10, 1.7027084266042033e-10, 1.0888507153902687e-10, 7.077848752041764e-11, 4.625840446502751e-11, 3.076100455457424e-11, 2.0642562025742757e-11, 1.3748458051730473e-11, 8.762569313228145e-12, 5.701384936367877e-12]
W_list: [8.05]
L_list: [2.3957022029582187]
