R_list= [ 1  2  3  4  5  6  7  8  9 10 11 12 13 14 15 16 17 18 19 20 21 22 23 24
 25 26 27 28 29 30 31 32 33 34 35 36 37 38]
C_final_list= [8.112098573906777e-08, 3.8978153426187e-08, 1.5035980352265915e-08, 5.122131186366811e-09, 1.6237897909820908e-09, 4.930297537911605e-10, 1.456243149053722e-10, 4.2401040322315064e-11, 1.2248211683270757e-11, 3.526249122107984e-12, 1.0121278016853878e-12, 2.9125326611532874e-13, 8.437778093896751e-14, 2.4183918505558597e-14, 6.733682459038682e-15, 1.827155648913055e-15, 4.933870808105396e-16, 1.350254273938291e-16, 3.7357632199571815e-17, 1.0476062266012181e-17, 2.977798497265275e-18, 8.48098138559633e-19, 2.4097905331627906e-19, 6.890469597853914e-20, 1.9994893649488394e-20, 5.89126124587454e-21, 1.7606452861933107e-21, 5.495461598973268e-22, 1.8670920224560466e-22, 7.178126039692451e-23, 3.2755022383105706e-23, 1.821824278728947e-23, 1.2514126112862099e-23, 1.0062275074728737e-23, 9.04439541660307e-24, 8.802576498941083e-24, 8.851874548917888e-24, 8.794963203764187e-24]
W_list: [5]
L_list: [1.2252903414980358]
