R_list= [ 1  2  3  4  5  6  7  8  9 10 11 12 13 14 15 16 17 18 19 20 21 22 23 24
 25 26 27 28 29 30 31 32 33 34 35 36 37 38]
C_final_list= [3.49963263195134e-07, 3.036456479093181e-07, 2.604526857883596e-07, 2.2227672204128285e-07, 1.8872884924211362e-07, 1.5979256814340617e-07, 1.3508766806904707e-07, 1.143217812631416e-07, 9.663846315118454e-08, 8.148159052178276e-08, 6.868465564996083e-08, 5.798908545513057e-08, 4.9006262838888255e-08, 4.136168489461127e-08, 3.4900895603197016e-08, 2.9438622250424277e-08, 2.4807224249113876e-08, 2.089571567610414e-08, 1.7586110098857415e-08, 1.4797718434457246e-08, 1.2448496272216617e-08, 1.045231220509612e-08, 8.776020512265893e-09, 7.351195639770943e-09, 6.1633603347409515e-09, 5.16108238686671e-09, 4.31951785783445e-09, 3.613997840920627e-09, 3.0172029799702375e-09, 2.5219546154980367e-09, 2.104689324643461e-09, 1.7583586548591167e-09, 1.4652240165013206e-09, 1.2254156411726025e-09, 1.0234193708655805e-09, 8.550802600176693e-10, 7.121516662455779e-10, 5.923419672597726e-10]
W_list: [7.800000000000001]
L_list: [6.135816562683501]
