R_list= [ 1  2  3  4  5  6  7  8  9 10 11 12 13 14 15 16 17 18 19 20 21 22 23 24
 25 26 27 28 29 30 31 32 33 34 35 36 37 38]
C_final_list= [1.9112967858383944e-06, 1.844757798344539e-06, 1.7975234430572003e-06, 1.7495547131116073e-06, 1.7034113744554933e-06, 1.6601169520138165e-06, 1.617227899444292e-06, 1.5752214588059507e-06, 1.5348061725682181e-06, 1.4951681361037396e-06, 1.4560133801988714e-06, 1.4180083288860839e-06, 1.381270425136202e-06, 1.3450378632201261e-06, 1.3098694609299102e-06, 1.2756284217533439e-06, 1.2418953646370529e-06, 1.2089117475816306e-06, 1.1770994837103937e-06, 1.1462561585397105e-06, 1.1161212666311406e-06, 1.0868580509066196e-06, 1.0582566747806277e-06, 1.0301734781658173e-06, 1.0027235318872074e-06, 9.75855138429559e-07, 9.493231346126418e-07, 9.234558885606147e-07, 8.983100736813521e-07, 8.738498767028846e-07, 8.499348811461368e-07, 8.266934798878142e-07, 8.040323296978319e-07, 7.819888429822946e-07, 7.606214261038794e-07, 7.397944804572362e-07, 7.194758971648791e-07, 6.997225990161651e-07]
W_list: [4]
L_list: [37.334898788596995]
