C_final_list: [1.696713881697809e-06, 1.6733854653260582e-06, 1.650499000609433e-06, 1.6281968543587809e-06, 1.606637644286316e-06, 1.5853221867471918e-06, 1.5642746821195096e-06, 1.543690377707978e-06, 1.52345700023606e-06, 1.5035090076079327e-06, 1.4838495411570057e-06, 1.4641809589680043e-06, 1.4448719841029047e-06, 1.4259114689487735e-06, 1.4069099486467564e-06, 1.3879214911094547e-06, 1.3694268137696295e-06, 1.3508941093501094e-06, 1.3326203090364788e-06, 1.3146055817694787e-06, 1.2968201232309614e-06, 1.2791847799630239e-06, 1.2616845160101503e-06, 1.2445965735063219e-06, 1.2278798175324045e-06, 1.2112310861926081e-06, 1.1949232732192803e-06, 1.1789697675006496e-06, 1.1631381780241698e-06, 1.147651843779658e-06, 1.1323442289659744e-06, 1.116988392846523e-06, 1.102081187459412e-06, 1.0872899092633718e-06, 1.0724792885309109e-06, 1.0579096514131965e-06, 1.0434664276759396e-06, 1.02923762736004e-06, 1.015077877437876e-06, 1.0010150054182898e-06, 9.871605588225794e-07, 9.735422280888008e-07, 9.60244211107288e-07, 9.470665375581506e-07, 9.341291663528507e-07, 9.213049352590429e-07, 9.086214004130111e-07, 8.962155594695823e-07, 8.838626746800884e-07, 8.715932776622759e-07]
ndim2: 500
W_list: [2.9]
L_list: [73.83500444999233]
