C_final_list: [9.645150615665176e-07, 8.737004608321832e-07, 7.886006320702981e-07, 7.103823940969521e-07, 6.395153995936072e-07, 5.754386336692031e-07, 5.16935507614733e-07, 4.6432987687989883e-07, 4.171408453718354e-07, 3.743424710099909e-07, 3.3473463258471314e-07, 2.9880075849167245e-07, 2.664276760359581e-07, 2.3801097898252566e-07, 2.1268014646363873e-07, 1.9025429271431914e-07, 1.7022253026631393e-07, 1.5196563799701655e-07, 1.3577114167614552e-07, 1.2125371456140277e-07, 1.0823295854867376e-07, 9.654432793882464e-08, 8.605277423190129e-08, 7.686841116552185e-08, 6.85690516437721e-08, 6.118637331268964e-08, 5.45268276546655e-08, 4.864036819530416e-08, 4.338563235328794e-08, 3.8663446725943834e-08, 3.449679583174088e-08, 3.079001514446162e-08, 2.7430226632147664e-08, 2.44142100634484e-08, 2.1689322163014363e-08]
ndim2: 500
W_list: [4.0]
L_list: [9.23263868936704]
