C_final_list: [1.7307717966544538e-06, 1.6714718685883269e-06, 1.6137068940237107e-06, 1.5574566971785633e-06, 1.5033240428511983e-06, 1.4516109964091286e-06, 1.4010398705673963e-06, 1.3521247743329663e-06, 1.3038774809581702e-06, 1.2570628912784311e-06, 1.2123406969336038e-06, 1.1690657122735282e-06, 1.1277949167944182e-06, 1.0880940262342073e-06, 1.0493985979967407e-06, 1.0119913252102977e-06, 9.762842050368792e-07, 9.421228167435307e-07, 9.092304532988682e-07, 8.773897104957772e-07, 8.467320977041701e-07, 8.1690684169316e-07, 7.881635893109452e-07, 7.597870378716768e-07, 7.325865800179516e-07, 7.062115855937191e-07, 6.810145956236273e-07, 6.57127483577552e-07, 6.339825891118312e-07, 6.112294408518599e-07, 5.894421262715553e-07, 5.682984533172524e-07, 5.477971744083304e-07, 5.281002228441325e-07, 5.089676461779685e-07, 4.905647995505378e-07, 4.729353594215119e-07, 4.5590919086462295e-07, 4.392049261475908e-07, 4.231711183609862e-07, 4.077203635989097e-07, 3.928437827086342e-07, 3.7855958911260383e-07, 3.6474009291274903e-07, 3.5151799859213416e-07, 3.389782997874123e-07, 3.2673811391448764e-07, 3.1486888465925764e-07, 3.034225532618275e-07, 2.9243880697472766e-07]
ndim2: 500
W_list: [3.15]
L_list: [27.707426658450768]
