R_list= [ 1  2  3  4  5  6  7  8  9 10 11 12 13 14 15 16 17 18 19 20 21 22 23 24
 25 26 27 28 29 30 31 32 33 34 35 36 37 38]
C_final_list= [2.3474359018945323e-05, 1.936830827888111e-05, 1.5859093243946058e-05, 1.2945138129035611e-05, 1.0560474019408542e-05, 8.609508908592442e-06, 7.011043516932287e-06, 5.706580144385575e-06, 4.645653617170663e-06, 3.781445036997897e-06, 3.081465751310036e-06, 2.5097810712234034e-06, 2.0439709633825413e-06, 1.664239909464754e-06, 1.355646532061517e-06, 1.104556578943063e-06, 8.987706368455706e-07, 7.306965831131886e-07, 5.944492548484739e-07, 4.839186179119483e-07, 3.9407503303416817e-07, 3.207251879640204e-07, 2.6103803879271573e-07, 2.121900216454815e-07, 1.7223187504601972e-07, 1.3994710945804445e-07, 1.1382098377352092e-07, 9.264462952110042e-08, 7.555445868322291e-08, 6.176945817660696e-08, 5.0456802745748985e-08, 4.118151150021447e-08, 3.3690137921823726e-08, 2.757868085741528e-08, 2.25484678637091e-08, 1.8460189745623875e-08, 1.511222575177292e-08, 1.235022064255083e-08]
W_list: [8.0]
L_list: [4.9394036912045625]
