C_final_list: [2.3056147863085386e-06, 2.1189752162287995e-06, 1.9391400519398156e-06, 1.7731939072572859e-06, 1.622215470474034e-06, 1.4842997628288432e-06, 1.3566837396522108e-06, 1.2402356617862512e-06, 1.131194545283262e-06, 1.0307889967759176e-06, 9.403041395576192e-07, 8.575644185946163e-07, 7.822012686958263e-07, 7.138596876740091e-07, 6.518406826752197e-07, 5.949894701998674e-07, 5.431761476631966e-07, 4.95906730187145e-07, 4.529860984727753e-07, 4.1442259314080606e-07, 3.780373942420917e-07, 3.448480052714738e-07, 3.1457459010235156e-07, 2.8660636109266533e-07, 2.6132864445622304e-07, 2.3815740883794257e-07, 2.1696858753271072e-07, 1.9739516755358955e-07, 1.793423984867065e-07, 1.6270624012637244e-07, 1.4776990874885337e-07, 1.3399264268423168e-07, 1.2168243256385853e-07, 1.1055381182138791e-07, 1.0060790150159102e-07, 9.163775177477695e-08, 8.33319662585968e-08, 7.583961553934365e-08, 6.900560231829333e-08, 6.270146416998746e-08, 5.702072354461629e-08, 5.1807246552239264e-08, 4.702961739653643e-08, 4.275023430273118e-08, 3.891042674729454e-08, 3.538529260991229e-08, 3.215805919629996e-08, 2.925036685756699e-08, 2.6541870586084733e-08, 2.4071333533398175e-08]
ndim2: 500
W_list: [2.2]
L_list: [11.013930366840077]
