R_list= [ 1  2  3  4  5  6  7  8  9 10 11 12 13 14 15 16 17 18 19 20 21 22 23 24
 25 26 27 28 29 30 31 32 33 34 35 36 37 38]
C_final_list= [1.6552421062007988e-07, 6.478994661178596e-08, 1.9833961557784935e-08, 5.368409765453445e-09, 1.359503673106831e-09, 3.31335789298446e-10, 7.892253208274852e-11, 1.8662761015965398e-11, 4.451454719971887e-12, 1.0826463025137966e-12, 2.6058141173591195e-13, 6.353850930819445e-14, 1.4569840764290673e-14, 3.3284849203621987e-15, 7.588878233162647e-16, 1.7289415547991914e-16, 3.967412386637862e-17, 9.447452399233591e-18, 2.3487909450828876e-18, 6.101523289124582e-19, 1.6562480427191819e-19, 4.1429230984158894e-20, 1.1117981475400292e-20, 3.54834669653606e-21, 1.4219656542994363e-21, 7.467376214720555e-22, 5.151228166219077e-22, 4.341246987465746e-22, 4.078994983765622e-22, 4.036422893791923e-22, 4.070848903691153e-22, 4.0461195517720755e-22, 3.874931533468694e-22, 3.7398404242428825e-22, 3.6207303893114975e-22, 3.5653700933039365e-22, 3.5374979108211684e-22, 3.4517536051336114e-22]
W_list: [6]
L_list: [1.0003515273647248]
