R_list= [ 1  2  3  4  5  6  7  8  9 10 11 12 13 14 15 16 17 18 19 20 21 22 23 24
 25 26 27 28 29 30 31 32 33 34 35 36 37 38]
C_final_list= [5.12742975088794e-07, 3.563810314584523e-07, 2.5136501578094175e-07, 1.7681837732158035e-07, 1.2508965939244503e-07, 8.845455952333983e-08, 6.281219271109443e-08, 4.444692430878353e-08, 3.127812714122352e-08, 2.1942677218698103e-08, 1.534679800361177e-08, 1.0727729565439661e-08, 7.478769532767977e-09, 5.19038085805537e-09, 3.5943635785198573e-09, 2.4957139742897814e-09, 1.7408484645673512e-09, 1.2007545668829406e-09, 8.260587145789575e-10, 5.700311243819145e-10, 3.92414279736522e-10, 2.718485831170567e-10, 1.8846226200282153e-10, 1.293172116010073e-10, 8.878902562607343e-11, 6.134350673900015e-11, 4.250695362719291e-11, 2.941156879250065e-11, 2.01905180306559e-11, 1.4032082216143165e-11, 9.941049978050866e-12, 7.033988147623171e-12, 5.006809410835118e-12, 3.567929799683091e-12, 2.5187339140614144e-12, 1.786125290100361e-12, 1.2479397127282005e-12, 8.506374985946663e-13]
W_list: [7]
L_list: [2.8363474869406207]
