C_final_list: [1.6279849565767282e-06, 1.3338414532240946e-06, 1.0883709064825487e-06, 8.919293934562873e-07, 7.284576135937785e-07, 5.95997584991441e-07, 4.853166585661195e-07, 3.9464993611541145e-07, 3.2084031849312437e-07, 2.603068207467457e-07, 2.1061739382613978e-07, 1.7016169273657054e-07, 1.371768753093294e-07, 1.1096462622113878e-07, 8.948050510905724e-08, 7.228055760290671e-08, 5.8131819076576655e-08, 4.667938787858098e-08, 3.765743826381941e-08, 3.019431308874996e-08, 2.425991411759702e-08, 1.945760235402201e-08, 1.558539238192719e-08, 1.2543736287779219e-08, 1.002946782308393e-08, 8.000386900022967e-09, 6.3688972914616905e-09, 5.097432562628023e-09, 4.064173345411813e-09, 3.275109264889418e-09, 2.6141856468725814e-09, 2.1083138788480956e-09, 1.6893056342812044e-09, 1.3621952701545516e-09, 1.1016992396004204e-09]
ndim2: 500
W_list: [3.4000000000000004]
L_list: [4.90865254318818]
