C_final_list: [1.7281690077825277e-06, 1.7028490569944972e-06, 1.6827084869698943e-06, 1.6604188478498854e-06, 1.6391949565194165e-06, 1.618520652990867e-06, 1.5980780080863904e-06, 1.5778365558433485e-06, 1.5577209068379413e-06, 1.5379483592387056e-06, 1.5184216068476284e-06, 1.499204722424735e-06, 1.480197281047047e-06, 1.4614110990175652e-06, 1.4425359563159894e-06, 1.4238875377405557e-06, 1.4057614102665652e-06, 1.3876468801998204e-06, 1.369993828824142e-06, 1.352413463513678e-06, 1.3349767876132782e-06, 1.3175994132247475e-06, 1.3005114038477623e-06, 1.2835117436998644e-06, 1.266645559047908e-06, 1.2501317850066531e-06, 1.2338104125311318e-06, 1.2175598998386762e-06, 1.2015438051911777e-06, 1.1856563742388354e-06, 1.1701162885475882e-06, 1.1548763400467334e-06, 1.1397499452561346e-06, 1.1248590793102984e-06, 1.1101732946160959e-06]
ndim2: 500
W_list: [1.4]
L_list: [77.1998936661694]
