R_list= [ 1  2  3  4  5  6  7  8  9 10 11 12 13 14 15 16 17 18 19 20 21 22 23 24
 25 26 27 28 29 30 31 32 33 34 35 36 37 38]
C_final_list= [2.530347768251095e-06, 1.944722031668705e-06, 1.5230243656671639e-06, 1.276070207441156e-06, 1.1116870493663615e-06, 9.683130608489276e-07, 8.323169154717702e-07, 7.084174440598085e-07, 6.010596733109859e-07, 5.097854146339263e-07, 4.3239443935877974e-07, 3.6743146939112994e-07, 3.1290229614083174e-07, 2.662534237061163e-07, 2.2618525044646052e-07, 1.913668039057071e-07, 1.6165731180041524e-07, 1.3673653408512924e-07, 1.1574896767324024e-07, 9.806979965378042e-08, 8.30431178470717e-08, 7.019709228169066e-08, 5.920601393771661e-08, 4.9811884892474676e-08, 4.18504032808325e-08, 3.528318979712648e-08, 2.989880756645786e-08, 2.539865933526969e-08, 2.147761517935379e-08, 1.807894081277882e-08, 1.5261400536179845e-08, 1.2922077650908071e-08, 1.0951100274442561e-08, 9.290479042750087e-09, 7.870761374848926e-09, 6.655116097694885e-09, 5.624326640711467e-09, 4.757694573996308e-09]
W_list: [4]
L_list: [5.645691990964605]
