C_final_list: [2.1745020077232762e-06, 1.8956920009743146e-06, 1.7740406702687197e-06, 1.5930851267940463e-06, 1.4384590199229815e-06, 1.3102757355930719e-06, 1.1792962027415677e-06, 1.0685313637399525e-06, 9.699961213194924e-07, 8.770686402576834e-07, 7.943381493965743e-07, 7.208935598403865e-07, 6.540974299828964e-07, 5.921956576468555e-07, 5.35434275353768e-07, 4.843644715956017e-07, 4.3868084924514093e-07, 3.966756686051149e-07, 3.582091295574347e-07, 3.2351199635837197e-07, 2.9244709598773534e-07, 2.639025088538269e-07, 2.38167449668087e-07, 2.1552828807181943e-07, 1.9431139361754345e-07, 1.7535016256629203e-07, 1.5863022729027707e-07, 1.4323412072242027e-07, 1.2943110369143103e-07, 1.1684622648336153e-07, 1.0546989441022468e-07, 9.530215442294034e-08, 8.614192819639164e-08, 7.741371693577412e-08, 6.961297779127175e-08]
ndim2: 500
W_list: [1.0]
L_list: [10.041918083685722]
