R_list= [ 1  2  3  4  5  6  7  8  9 10 11 12 13 14 15 16 17 18 19 20 21 22 23 24
 25 26 27 28 29 30 31 32 33 34 35 36 37 38]
C_final_list= [6.78351475518915e-06, 5.840030767985625e-06, 4.975850984879414e-06, 4.220147649520448e-06, 3.5747809634079333e-06, 3.0262433962269644e-06, 2.5578424017493047e-06, 2.1615317481409594e-06, 1.8252128263041092e-06, 1.5420244212076982e-06, 1.3014323514288103e-06, 1.097423273785551e-06, 9.253242527096072e-07, 7.795300666292565e-07, 6.564861395563515e-07, 5.526996704027499e-07, 4.654462133969478e-07, 3.92399334975501e-07, 3.307650007521176e-07, 2.7903960378983994e-07, 2.3518757519297607e-07, 1.9813897046991685e-07, 1.670185808215349e-07, 1.4090028219427737e-07, 1.1870482353199426e-07, 9.9978401308416e-08, 8.420654790833086e-08, 7.097136949204636e-08, 5.981095304076532e-08, 5.035626415697911e-08, 4.2369991249689896e-08, 3.565853667381017e-08, 2.9974251540870756e-08, 2.5185940648499117e-08, 2.1163887642096562e-08, 1.7789634628333165e-08, 1.4949797036152954e-08, 1.25234432342265e-08]
W_list: [8.1]
L_list: [6.043111394216138]
