R_list= [ 1  2  3  4  5  6  7  8  9 10 11 12 13 14 15 16 17 18 19 20 21 22 23 24
 25 26 27 28 29 30 31 32 33 34 35 36 37 38]
C_final_list= [1.3647973439450677e-06, 1.1582961078504509e-06, 9.688945634818116e-07, 8.17834853047127e-07, 6.961368756018879e-07, 5.946400936429499e-07, 5.0824628006623e-07, 4.3439545242313604e-07, 3.71176465524553e-07, 3.171779029580887e-07, 2.709440337576526e-07, 2.314810849780635e-07, 1.9775927362858387e-07, 1.689439724854345e-07, 1.4446765248228825e-07, 1.2361778470795437e-07, 1.0555401064323739e-07, 8.986959802581543e-08, 7.642093314922058e-08, 6.50318385820654e-08, 5.535053812455003e-08, 4.7069676397681486e-08, 3.997892189908128e-08, 3.392526301173473e-08, 2.8766329337840898e-08, 2.4342991159310058e-08, 2.0583711664247186e-08, 1.7410276434796488e-08, 1.4732502734293802e-08, 1.2448292312576638e-08, 1.0492491328991673e-08, 8.818096297658372e-09, 7.4055297469067516e-09, 6.218565392277895e-09, 5.222037453422591e-09, 4.382781334041209e-09, 3.678770725492978e-09, 3.0898900891794014e-09]
W_list: [4]
L_list: [6.165318007013527]
