R_list= [ 1  2  3  4  5  6  7  8  9 10 11 12 13 14 15 16 17 18 19 20 21 22 23 24
 25 26 27 28 29 30 31 32 33 34 35 36 37 38]
C_final_list= [3.133288476400747e-05, 2.3789632504841158e-05, 1.7931771297257435e-05, 1.3501857771263208e-05, 1.0141660088833662e-05, 7.609299385303436e-06, 5.709075754276366e-06, 4.278218924577714e-06, 3.205202950042728e-06, 2.397706008851026e-06, 1.793966550026263e-06, 1.3403860774734172e-06, 1.0005583211303811e-06, 7.461789002230083e-07, 5.562171973450252e-07, 4.134176630298444e-07, 3.073826300957592e-07, 2.2905588483519295e-07, 1.7096071099104197e-07, 1.2738660191981768e-07, 9.493643649567548e-08, 7.076055589172276e-08, 5.2802521197342883e-08, 3.940695196067213e-08, 2.9357495210217595e-08, 2.1779262487762507e-08, 1.6090067137879238e-08, 1.193747435854625e-08, 8.938214552470329e-09, 6.710550574018299e-09, 5.020363995171754e-09, 3.746132328563709e-09, 2.764930838196128e-09, 2.0490152338795036e-09, 1.5091293966307593e-09, 1.1188968152047288e-09, 8.3538979557409e-10, 6.28403742183128e-10]
W_list: [8.15]
L_list: [3.52662019569265]
