R_list= [ 1  2  3  4  5  6  7  8  9 10 11 12 13 14 15 16 17 18 19 20 21 22 23 24
 25 26 27 28 29 30 31 32 33 34 35 36 37 38]
C_final_list= [6.003756000416007e-07, 5.297608474301473e-07, 4.637048709363817e-07, 4.0369974042964566e-07, 3.511592665091243e-07, 3.0539619679763096e-07, 2.6487620922208287e-07, 2.29283991183407e-07, 1.9831136674633527e-07, 1.7125379819536848e-07, 1.4759735839583136e-07, 1.2740780494990473e-07, 1.0994915058192555e-07, 9.489699658414934e-08, 8.194089878209074e-08, 7.067656710131158e-08, 6.09767635644751e-08, 5.261891466111656e-08, 4.5417436121331364e-08, 3.919329174324756e-08, 3.38099486821597e-08, 2.9066258606399063e-08, 2.4972608449531005e-08, 2.147231136494998e-08, 1.847097281226529e-08, 1.5842983930254963e-08, 1.359970957578492e-08, 1.1692239434117615e-08, 1.0072056146106006e-08, 8.679011970383268e-09, 7.47888406249484e-09, 6.436166712240893e-09, 5.53800303093902e-09, 4.760864198471663e-09, 4.094606062561348e-09, 3.524389602386672e-09, 3.0346005046473856e-09, 2.613148259380846e-09]
W_list: [8.2]
L_list: [7.070784616012948]
