R_list= [ 1  2  3  4  5  6  7  8  9 10 11 12 13 14 15 16 17 18 19 20 21 22 23 24
 25 26 27 28 29 30 31 32 33 34 35 36 37 38]
C_final_list= [2.8858737938622626e-07, 1.5598263216783324e-07, 7.531465359460124e-08, 3.470709873176817e-08, 1.565827643422237e-08, 7.001367639078025e-09, 3.1063150849638187e-09, 1.3638963645760247e-09, 5.989898070172125e-10, 2.6161949040723976e-10, 1.1448102666266761e-10, 4.9179415270124065e-11, 2.130745866425437e-11, 9.70504676522894e-12, 4.6433259175527656e-12, 2.3695783628689197e-12, 1.271680080031419e-12, 7.203191847264812e-13, 3.851232408603695e-13, 1.6154349132607748e-13, 5.110825706419023e-14, 1.4865803119582616e-14, 4.567257101555439e-15, 1.5492088184068007e-15, 5.860784000729396e-16, 2.6704767684794793e-16, 2.0019722680247487e-16, 3.4014526796449617e-16, 4.791922800665023e-16, 4.899766523219117e-16, 5.159822556664332e-16, 3.165169331533704e-16, 1.8664339602417002e-16, 1.3188005604261882e-16, 1.1038702941820257e-16, 6.461855231762071e-17, 1.9063200034477038e-17, 6.043141541625943e-18]
W_list: [6]
L_list: [1.4854533236105567]
