C_final_list: [1.887352666924638e-06, 1.8687592692512295e-06, 1.8499834921531024e-06, 1.8318777153893905e-06, 1.8143119649293221e-06, 1.7969604327483394e-06, 1.7798303717581576e-06, 1.7628341629350614e-06, 1.7460946879959572e-06, 1.72944546180374e-06, 1.7129463128048168e-06, 1.696689718680712e-06, 1.6808564415268218e-06, 1.6651581826572121e-06, 1.649581840340763e-06, 1.6344022099360439e-06, 1.619277749101239e-06, 1.6041356515557778e-06, 1.589342967194655e-06, 1.5745624294986895e-06, 1.5600824478850025e-06, 1.5457301431133472e-06, 1.5315680148415453e-06, 1.5174496173600533e-06, 1.5035273204880404e-06, 1.489626303715182e-06, 1.4757460114541838e-06, 1.4621389955633947e-06, 1.4487045894390856e-06, 1.4354410402200296e-06, 1.4222021580531692e-06, 1.4090999763712595e-06, 1.3961157486649785e-06, 1.3834292067750803e-06, 1.3708402552708603e-06]
ndim2: 500
W_list: [2.0]
L_list: [106.56015043816488]
