R_list= [ 1  2  3  4  5  6  7  8  9 10 11 12 13 14 15 16 17 18 19 20 21 22 23 24
 25 26 27 28 29 30 31 32 33 34 35 36 37 38]
C_final_list= [3.494450124305488e-05, 2.253040295965904e-05, 1.4479199798122338e-05, 9.263846006869802e-06, 5.929433707319571e-06, 3.788051348500129e-06, 2.4135900197594993e-06, 1.541694119298148e-06, 9.83284805945772e-07, 6.274855145808505e-07, 3.999788388405277e-07, 2.544754908817062e-07, 1.620555468414739e-07, 1.0368198325801277e-07, 6.60018332440822e-08, 4.20824720516596e-08, 2.6995684393481335e-08, 1.7259586839189132e-08, 1.1044740535203016e-08, 7.089466980437408e-09, 4.5054082267335236e-09, 2.876199501946498e-09, 1.8380256068627643e-09, 1.1522917995873323e-09, 7.167331199261286e-10, 4.471782079546547e-10, 2.801164391507763e-10, 1.7701315938531997e-10, 1.1137858357009494e-10, 6.867844927818589e-11, 4.3487943079736545e-11, 2.7487175574016107e-11, 1.837768667734314e-11, 1.194682675413787e-11, 7.498626440581328e-12, 4.60294606423006e-12, 2.8422876536044717e-12, 1.7642447449199735e-12]
W_list: [8.3]
L_list: [2.2580880505928023]
