C_final_list: [2.1016459703370408e-06, 1.9931585609664738e-06, 1.8871030703497128e-06, 1.7878851263811611e-06, 1.694697804220336e-06, 1.6078236188761798e-06, 1.5246692411232229e-06, 1.4453089377017855e-06, 1.3701247507527343e-06, 1.2988570799633895e-06, 1.2313968234465915e-06, 1.1671347943090823e-06, 1.105190688173051e-06, 1.0473728971799938e-06, 9.922760825823608e-07, 9.407964687893657e-07, 8.911600508500353e-07, 8.444710572615242e-07, 8.001596811148754e-07, 7.579859576489787e-07, 7.18045192729085e-07, 6.799019366229607e-07, 6.437660961261823e-07, 6.091917767928665e-07, 5.770664220692074e-07, 5.463884218882458e-07, 5.170404031734991e-07, 4.891997125930193e-07, 4.6261313407366923e-07, 4.37715306983835e-07, 4.1387127100442473e-07, 3.910982728268936e-07, 3.6942199220051023e-07, 3.492829895004987e-07, 3.301013544306914e-07, 3.120855060596446e-07, 2.9476092668534055e-07, 2.7862644683886096e-07, 2.634078458560532e-07, 2.489992961803994e-07, 2.3546591809757986e-07, 2.2241563463154329e-07, 2.1007957190500673e-07, 1.9846171862209395e-07, 1.8750255494809576e-07, 1.7708890732284392e-07, 1.6718477462808748e-07, 1.5792287620208883e-07, 1.4907112561287114e-07, 1.4059586935536338e-07]
ndim2: 500
W_list: [2.8]
L_list: [18.45288899639986]
