C_final_list: [2.18217156889302e-06, 1.9723850450701947e-06, 1.7775314531121357e-06, 1.6034768668925668e-06, 1.4458168789124506e-06, 1.303937262756567e-06, 1.1771803859299973e-06, 1.060368430827592e-06, 9.548301799389932e-07, 8.594312203776181e-07, 7.744164541953649e-07, 6.950199357346032e-07, 6.243362941645719e-07, 5.600600517379138e-07, 5.030786393218679e-07, 4.5119524533238925e-07, 4.035349101167287e-07, 3.616544212198395e-07, 3.2391192011172303e-07, 2.9036260501034406e-07, 2.6024953874970276e-07, 2.3291854347295552e-07, 2.085963489151835e-07, 1.87091764254974e-07, 1.6774253910597691e-07, 1.499904515971107e-07, 1.3430258570232956e-07, 1.201282328345467e-07, 1.0751184571481912e-07, 9.635810942610959e-08, 8.645433856761692e-08, 7.736343328213218e-08, 6.926224026671179e-08, 6.197752390598033e-08, 5.54648885696543e-08, 4.975991749747146e-08, 4.452778171048284e-08, 3.986411653669574e-08, 3.575123026420509e-08, 3.207136595872637e-08, 2.864484359733567e-08, 2.5573388158691273e-08, 2.2741777335835925e-08, 2.0278620262173413e-08, 1.8065248747882248e-08, 1.6061757275490303e-08, 1.4280663986649437e-08, 1.2728148951932089e-08, 1.1359550652565658e-08, 1.0144779311234334e-08]
ndim2: 500
W_list: [2.6]
L_list: [9.476452696577613]
