R_list= [ 1  2  3  4  5  6  7  8  9 10 11 12 13 14 15 16 17 18 19 20 21 22 23 24
 25 26 27 28 29 30 31 32 33 34 35 36 37 38]
C_final_list= [2.3601481832260678e-05, 1.9516339485326912e-05, 1.6000914825285444e-05, 1.30808963689825e-05, 1.0675659002961947e-05, 8.708769133256173e-06, 7.099739763853415e-06, 5.7814410278199695e-06, 4.707488361232396e-06, 3.829188957340817e-06, 3.116378259574988e-06, 2.5392508634409007e-06, 2.0701322362872208e-06, 1.6858270506132706e-06, 1.371694102889953e-06, 1.1159802487503335e-06, 9.076862520025762e-07, 7.38361441576648e-07, 6.016885367756676e-07, 4.89879769549704e-07, 3.9872460652623705e-07, 3.2509477406321827e-07, 2.650630221729468e-07, 2.1618528060236733e-07, 1.7623044043451233e-07, 1.4371385980570134e-07, 1.1721475419044942e-07, 9.566157656695222e-08, 7.804369302888906e-08, 6.365325138784816e-08, 5.1960694158138364e-08, 4.2477179509140584e-08, 3.475210486962436e-08, 2.844306196213861e-08, 2.3289478037631005e-08, 1.9041029480361044e-08, 1.5574919008319514e-08, 1.271142175601774e-08]
W_list: [8.0]
L_list: [4.960517640856089]
