R_list= [ 1  2  3  4  5  6  7  8  9 10 11 12 13 14 15 16 17 18 19 20 21 22 23 24
 25 26 27 28 29 30 31 32 33 34 35 36 37 38]
C_final_list= [4.174980363394567e-07, 3.17468600760731e-07, 2.3780697490341942e-07, 1.7761794637161219e-07, 1.3190737123634854e-07, 9.868930985057652e-08, 7.350392982114594e-08, 5.465103586818656e-08, 4.051396266790719e-08, 2.9957187831988436e-08, 2.2120588487731366e-08, 1.6289643005960307e-08, 1.1995559613898248e-08, 8.822800861879875e-09, 6.501573592686361e-09, 4.807173569041922e-09, 3.5294545814791203e-09, 2.593856993615987e-09, 1.904845290503481e-09, 1.3972003194517599e-09, 1.0234275656711829e-09, 7.447949638133155e-10, 5.401590759580624e-10, 3.888652361058975e-10, 2.810079333588688e-10, 2.027811151096911e-10, 1.461117115012288e-10, 1.0614035115531684e-10, 7.797988655358147e-11, 5.740502945100874e-11, 4.2195929178020567e-11, 3.1142145123925174e-11, 2.2866703612405455e-11, 1.6971332229557384e-11, 1.2408766559658957e-11, 9.107153024551613e-12, 6.733364164151727e-12, 4.957572204058966e-12]
W_list: [8.8]
L_list: [3.4553331974431027]
