C_list:
1.6734323385096052e-06 0.08917513445867116
ndim2: 500
W_list: [2.4]
L_list: [11.213888334123645]
