C_final_list: [1.6717504384491687e-06, 1.367462384660892e-06, 1.1062642845776802e-06, 8.960604693836086e-07, 7.27065540416122e-07, 5.879550312468301e-07, 4.760747692456784e-07, 3.8531267526184093e-07, 3.12332473086765e-07, 2.5304589970830293e-07, 2.052777062680607e-07, 1.665486607074362e-07, 1.35164238600284e-07, 1.0961333507393988e-07, 8.861679135495621e-08, 7.122296058195973e-08, 5.750411145010529e-08, 4.638915406188894e-08, 3.7200179605297476e-08, 2.972486277475657e-08, 2.3711132271060508e-08, 1.8765518106888414e-08, 1.488308586396437e-08, 1.1802506388926501e-08, 9.365762638522939e-09, 7.3992287055265995e-09, 5.810828986219219e-09, 4.602801953458503e-09, 3.6593240406174915e-09, 2.9197597596361617e-09, 2.3296765728412467e-09, 1.8409868276734739e-09, 1.4672718490721997e-09, 1.1873501672466937e-09, 9.482200409220876e-10]
ndim2: 500
W_list: [3.8]
L_list: [4.766631469718976]
