R_list= [ 1  2  3  4  5  6  7  8  9 10 11 12 13 14 15 16 17 18 19 20 21 22 23 24
 25 26 27 28 29 30 31 32 33 34 35 36 37 38]
C_final_list= [2.7817482241265823e-07, 2.3499185328711745e-07, 1.9580890901000067e-07, 1.621281968972629e-07, 1.3355608088379543e-07, 1.1003937658609564e-07, 9.064766499133808e-08, 7.460361168790671e-08, 6.133536354588427e-08, 5.054409535709517e-08, 4.1606488825888754e-08, 3.429270828334153e-08, 2.821881662175061e-08, 2.3169750402422218e-08, 1.9037595560432247e-08, 1.562755013895825e-08, 1.2792276092980668e-08, 1.0442054499265703e-08, 8.511299634197009e-09, 6.937445390902626e-09, 5.6583305394011954e-09, 4.609114816077315e-09, 3.75331283737713e-09, 3.04029934294086e-09, 2.4631638270426774e-09, 2.000346809906862e-09, 1.6236570631173349e-09, 1.3227042013920586e-09, 1.076387726179997e-09, 8.776318763926181e-10, 7.164304546647145e-10, 5.851977015276132e-10, 4.781592561853128e-10, 3.9054286420484603e-10, 3.196187030590856e-10, 2.621114992959517e-10, 2.1389163534139542e-10, 1.7419010677475855e-10]
W_list: [8.4]
L_list: [5.2770532379344735]
