R_list= [ 1  2  3  4  5  6  7  8  9 10 11 12 13 14 15 16 17 18 19 20 21 22 23 24
 25 26 27 28 29 30 31 32 33 34 35 36 37 38]
C_final_list= [2.3140083770189575e-05, 1.9058066984758397e-05, 1.557282897287496e-05, 1.2683733735115503e-05, 1.032354897957373e-05, 8.399122167038178e-06, 6.831472776466058e-06, 5.55265164345017e-06, 4.515128748220464e-06, 3.6672869060024163e-06, 2.975460614363158e-06, 2.414456117333507e-06, 1.9561070535315194e-06, 1.5850141970520447e-06, 1.283525850994172e-06, 1.0375561879972267e-06, 8.385124415550263e-07, 6.787897923866381e-07, 5.497194289768456e-07, 4.4472869937071104e-07, 3.595287651551587e-07, 2.908278937441936e-07, 2.3532168628656217e-07, 1.902679394390267e-07, 1.5384814623192627e-07, 1.2456382172472037e-07, 1.0114683560045603e-07, 8.198314208628363e-08, 6.63854808171571e-08, 5.38070001814291e-08, 4.356827797480706e-08, 3.540814515561932e-08, 2.8838119334765584e-08, 2.345109299388817e-08, 1.905754841036816e-08, 1.549278379953501e-08, 1.2556747903299584e-08, 1.0179724196852706e-08]
W_list: [8.05]
L_list: [4.8873683997172765]
