C_final_list: [1.9318905705025755e-06, 1.8175592247970841e-06, 1.7074469156994101e-06, 1.6031739501570682e-06, 1.5057644376425366e-06, 1.4147013788741932e-06, 1.3278468003228948e-06, 1.2469238684565076e-06, 1.1701364918582258e-06, 1.0979326375478846e-06, 1.0305883105049107e-06, 9.67484287406652e-07, 9.080946421201862e-07, 8.529877375235788e-07, 8.018580753780534e-07, 7.533386727727008e-07, 7.073040050437469e-07, 6.635449361549488e-07, 6.227998438518518e-07, 5.844086831214619e-07, 5.477903581281762e-07, 5.133108294211923e-07, 4.811543371679756e-07, 4.5079567461752383e-07, 4.221208681756039e-07, 3.946008824473351e-07, 3.6893286870286655e-07, 3.450942448625111e-07, 3.227275272004052e-07, 3.0153154692560444e-07, 2.8156858745021406e-07, 2.6324005775457275e-07, 2.457627631387296e-07, 2.293895922931392e-07, 2.1397317645766433e-07, 1.9992956833165963e-07, 1.8658218975182922e-07, 1.7393996116715218e-07, 1.6225332116021884e-07, 1.5148218638907264e-07, 1.416238263910543e-07, 1.3249541265196418e-07, 1.2392427358098255e-07, 1.159944017529817e-07, 1.0855051929099225e-07, 1.0162652527336188e-07, 9.510716871496074e-08, 8.894312193337284e-08, 8.312829839879146e-08, 7.771930672445456e-08]
ndim2: 500
W_list: [3.0]
L_list: [15.648629225092614]
