R_list= [ 1  2  3  4  5  6  7  8  9 10 11 12 13 14 15 16 17 18 19 20 21 22 23 24
 25 26 27 28 29 30 31 32 33 34 35 36 37 38]
C_final_list= [1.9340969836425297e-07, 8.335387421438653e-08, 2.9333036645834604e-08, 9.304575954374137e-09, 2.771582094123902e-09, 7.933281554974436e-10, 2.2394628568035746e-10, 6.216578242714144e-11, 1.6803098068144387e-11, 4.459903548386186e-12, 1.155559609177562e-12, 2.939021982798493e-13, 7.431213876903956e-14, 1.8765988543898432e-14, 4.701084072814425e-15, 1.1733696519343093e-15, 2.943610857083324e-16, 7.401485965157268e-17, 1.877948650731161e-17, 4.8020734479102925e-18, 1.233704036469119e-18, 3.118426807380918e-19, 7.832442323078063e-20, 1.9647364177301634e-20, 4.853920894794987e-21, 1.1742615715078527e-21, 2.8372753145377776e-22, 6.987852838405726e-23, 1.797000378622197e-23, 4.964070711904148e-24, 1.544600350382485e-24, 5.716454181781607e-25, 2.447706359733096e-25, 1.343061434606469e-25, 1.0841642666291393e-25, 1.0369829847198773e-25, 9.197956225898661e-26, 8.284242097047888e-26]
W_list: [6]
L_list: [1.104872422103487]
