R_list= [ 1  2  3  4  5  6  7  8  9 10 11 12 13 14 15 16 17 18 19 20 21 22 23 24
 25 26 27 28 29 30 31 32 33 34 35 36 37 38]
C_final_list= [1.4539335373167098e-06, 1.349909111888805e-06, 1.2516319988442092e-06, 1.1614678031966548e-06, 1.078027053931852e-06, 9.997522655613039e-07, 9.271463648591092e-07, 8.593183397224691e-07, 7.95263378479931e-07, 7.365675205791751e-07, 6.819152523351267e-07, 6.309726929996083e-07, 5.840486246519081e-07, 5.41072049923589e-07, 5.007562588469864e-07, 4.6368683089430716e-07, 4.2961814161442016e-07, 3.9783033251217774e-07, 3.6827191297846393e-07, 3.4099796755699513e-07, 3.1568242084568666e-07, 2.923181383565117e-07, 2.7075116852542784e-07, 2.506520928946294e-07, 2.3192649738319552e-07, 2.144608689988777e-07, 1.983723095344634e-07, 1.8304981356765215e-07, 1.6911236321730874e-07, 1.5626624279433348e-07, 1.4433415093056243e-07, 1.3316531399082043e-07, 1.2275044631406993e-07, 1.1305527487318303e-07, 1.040760352682011e-07, 9.570689479681817e-08, 8.815553174086752e-08, 8.113356888269062e-08]
W_list: [5]
L_list: [13.05890096984631]
