R_list= [ 1  2  3  4  5  6  7  8  9 10 11 12 13 14 15 16 17 18 19 20 21 22 23 24
 25 26 27 28 29 30 31 32 33 34 35 36 37 38]
C_final_list= [5.174672434030399e-06, 4.4856831760878924e-06, 3.868744614209404e-06, 3.3388798591045834e-06, 2.877974869914851e-06, 2.4807632772079353e-06, 2.1340972950714304e-06, 1.836804568593427e-06, 1.579755928361738e-06, 1.3582893848680802e-06, 1.168062697461619e-06, 1.0045802542266434e-06, 8.620598698678811e-07, 7.388814552600169e-07, 6.330207896619595e-07, 5.424030077103417e-07, 4.638394334697034e-07, 3.9640469664090035e-07, 3.3908705479471475e-07, 2.9009663951003244e-07, 2.480561063741869e-07, 2.1211958689121443e-07, 1.8126882311843471e-07, 1.548612317317459e-07, 1.3222087712918225e-07, 1.1304484297357808e-07, 9.674011074447668e-08, 8.267524260942086e-08, 7.075130671430733e-08, 6.06274069686857e-08, 5.191926301748127e-08, 4.4488364424466273e-08, 3.808557001628156e-08, 3.257000961613726e-08, 2.7762048026262994e-08, 2.364074280415079e-08, 2.0171918107153778e-08, 1.7192607341260596e-08]
W_list: [7.2]
L_list: [6.683504857561506]
