R_list= [ 1  2  3  4  5  6  7  8  9 10 11 12 13 14 15 16 17 18 19 20 21 22 23 24
 25 26 27 28 29 30 31 32 33 34 35 36 37 38]
C_final_list= [2.08527193891505e-06, 1.919770684380733e-06, 1.8130146894951806e-06, 1.7165327636886545e-06, 1.6196227594449007e-06, 1.5284753318075223e-06, 1.443355076913112e-06, 1.3631771341357012e-06, 1.2871874016193203e-06, 1.214566179255083e-06, 1.1462140117495827e-06, 1.082368102094741e-06, 1.0219713578602175e-06, 9.648488969573499e-07, 9.111004590620505e-07, 8.599384220599742e-07, 8.114532985151579e-07, 7.66377853674684e-07, 7.236390012702904e-07, 6.831071738295348e-07, 6.44788289376257e-07, 6.085331428698906e-07, 5.741493884908328e-07, 5.414276312140361e-07, 5.100465499601973e-07, 4.807904078848196e-07, 4.533217146264139e-07, 4.273894097589735e-07, 4.028378364501542e-07, 3.793765922368526e-07, 3.574017833024809e-07, 3.3659752958187793e-07, 3.1684253173804717e-07, 2.9818906115874804e-07, 2.807336291981212e-07, 2.641824624053189e-07, 2.4853085058717047e-07, 2.3382351121076315e-07]
W_list: [4]
L_list: [17.20061830785396]
