C_final_list: [1.99590803145328e-06, 1.7351950786530925e-06, 1.5040971845410214e-06, 1.3030620248173577e-06, 1.1272231743718047e-06, 9.76692500772124e-07, 8.417799217499789e-07, 7.262248306676856e-07, 6.26171366460103e-07, 5.419393683282086e-07, 4.700298029820888e-07, 4.0585959639222996e-07, 3.498829469040328e-07, 3.018501747306457e-07, 2.6000428434411526e-07, 2.251966565284836e-07, 1.9481629693949676e-07, 1.6873883271832352e-07, 1.460003755680536e-07, 1.2578976216441558e-07, 1.0864064922420521e-07, 9.3820396521665e-08, 8.07443059947947e-08, 6.953184262668941e-08, 5.978019793010164e-08, 5.156370406254591e-08, 4.429518005627891e-08, 3.8159666344191175e-08, 3.277233012103001e-08, 2.801020713868431e-08, 2.397952981112266e-08, 2.050710842353849e-08, 1.7563627188182264e-08, 1.501738917937487e-08, 1.284775694923817e-08, 1.0921709250565205e-08, 9.312015632436264e-09, 7.960453212626385e-09, 6.807256964514279e-09, 5.817808377017555e-09, 4.998896728166508e-09, 4.295862217795285e-09, 3.6585413090407793e-09, 3.139308587964627e-09, 2.6989920088252923e-09, 2.302657439321391e-09, 1.9633896666577264e-09, 1.6769602908889477e-09, 1.4355060040519458e-09, 1.2309477115001937e-09]
ndim2: 500
W_list: [3.1999999999999997]
L_list: [6.8888429113781795]
