C_final_list: [1.1404358120308492e-06, 1.0580979966262051e-06, 9.792954085594366e-07, 9.059686739009025e-07, 8.364493414742565e-07, 7.719321483267004e-07, 7.123264710041737e-07, 6.5745322775154e-07, 6.061595584449007e-07, 5.586205233387797e-07, 5.144870796456043e-07, 4.739646029421554e-07, 4.369547159717327e-07, 4.030844044857595e-07, 3.720273678795148e-07, 3.4364938585860593e-07, 3.1716553888830525e-07, 2.923546538478663e-07, 2.697885491138546e-07, 2.4885821319352897e-07, 2.2959371295940476e-07, 2.1191845271788634e-07, 1.955948852252447e-07, 1.8050646961553069e-07, 1.6642270077946807e-07, 1.5339476617281211e-07, 1.4095479889188807e-07, 1.2956589902277604e-07, 1.1917803415819328e-07, 1.0955280831483064e-07, 1.0074722539638806e-07, 9.250460410660807e-08, 8.495423379484659e-08, 7.802041667738717e-08, 7.162709976864774e-08]
ndim2: 500
W_list: [3.6]
L_list: [12.430340125345717]
