R_list= [ 1  2  3  4  5  6  7  8  9 10 11 12 13 14 15 16 17 18 19 20 21 22 23 24
 25 26 27 28 29 30 31 32 33 34 35 36 37 38]
C_final_list= [1.8514149380623005e-06, 1.1642390083607755e-06, 6.276834277154789e-07, 3.0975703534880513e-07, 1.4510497274573737e-07, 6.586235248173796e-08, 2.937782418047029e-08, 1.2948751488646082e-08, 5.6621345275825596e-09, 2.45793900300766e-09, 1.0593386093269014e-09, 4.5546759954675527e-10, 1.9725898652935586e-10, 8.669899868334446e-11, 3.865656870095915e-11, 1.7566451572316482e-11, 8.138423663127272e-12, 3.788274152314145e-12, 1.740393657196416e-12, 7.886520905685484e-13, 3.6088160903642296e-13, 1.675277810758535e-13, 7.86445037493844e-14, 3.720190360914859e-14, 1.7507498143106145e-14, 8.155515460377048e-15, 3.708736301714671e-15, 1.6513354163190651e-15, 7.348437126001391e-16, 3.274717631707581e-16, 1.4764335101125086e-16, 6.768194992253506e-17, 3.1249340378535606e-17, 1.4351946094498644e-17, 6.4926083023687545e-18, 2.907721755033679e-18, 1.3385885537332107e-18, 6.527866277726951e-19]
W_list: [4]
L_list: [1.7605634641195058]
