C_final_list: [2.049197741913509e-06, 2.012181146796179e-06, 1.9750588593036604e-06, 1.9397329538264206e-06, 1.9047797016382619e-06, 1.8703846939178813e-06, 1.837073140791811e-06, 1.804421286465791e-06, 1.7721026539319786e-06, 1.7402658099219685e-06, 1.7090310401118325e-06, 1.6782295713955975e-06, 1.6478954845977728e-06, 1.6178964766838e-06, 1.5882010954395586e-06, 1.559610298855646e-06, 1.531245218575502e-06, 1.503142022011006e-06, 1.4756734785059949e-06, 1.448726523054938e-06, 1.4221315894121356e-06, 1.396029157310952e-06, 1.3704863607423686e-06, 1.345349451827771e-06, 1.320751744588786e-06, 1.2966929037069966e-06, 1.2728302238592122e-06, 1.249336003980979e-06, 1.226386424846773e-06, 1.2039472200021688e-06, 1.1819791428112473e-06, 1.1600446746228218e-06, 1.1388561068326144e-06, 1.117916631550264e-06, 1.0969351656029765e-06]
ndim2: 500
W_list: [2.2]
L_list: [54.51825606650731]
