C_list:
3.6643630150159467e-07 0.14247654178175612
ndim2: 500
W_list: [4.2]
L_list: [7.0186992714336665]
