R_list= [ 1  2  3  4  5  6  7  8  9 10 11 12 13 14 15 16 17 18 19 20 21 22 23 24
 25 26 27 28 29 30 31 32 33 34 35 36 37 38]
C_final_list= [3.5153068074848534e-05, 2.2709602747085627e-05, 1.4606328599415087e-05, 9.360770716543964e-06, 5.989954036832161e-06, 3.824518222483983e-06, 2.437359123609102e-06, 1.5519708109803198e-06, 9.854591490105674e-07, 6.257527415735709e-07, 3.9619208240163484e-07, 2.5087542719906996e-07, 1.5947983411723696e-07, 1.0217986758070628e-07, 6.497568768333944e-08, 4.1461884073302443e-08, 2.6438865494534852e-08, 1.6892563577938644e-08, 1.0774792481823802e-08, 6.811859965425817e-09, 4.279610053958304e-09, 2.684045807915978e-09, 1.6969281809899228e-09, 1.0660253100586278e-09, 6.773547071543686e-10, 4.2915851434843334e-10, 2.7184129695350995e-10, 1.696583047785887e-10, 1.059899484273839e-10, 6.514098870019484e-11, 4.013159829192462e-11, 2.4628933975172932e-11, 1.5031148129571677e-11, 9.091445254063822e-12, 5.466673982530378e-12, 3.329687409220308e-12, 1.998005520425998e-12, 1.1833763327904632e-12]
W_list: [8.3]
L_list: [2.2635414581530173]
