R_list= [ 1  2  3  4  5  6  7  8  9 10 11 12 13 14 15 16 17 18 19 20 21 22 23 24
 25 26 27 28 29 30 31 32 33 34 35 36 37 38]
C_final_list= [3.6693079068375324e-07, 3.200198293811166e-07, 2.766965620335098e-07, 2.3790695911149936e-07, 2.039975641076448e-07, 1.7478518959361722e-07, 1.4979729294526572e-07, 1.282913780720276e-07, 1.0966132997024249e-07, 9.367872094786522e-08, 8.001664996233891e-08, 6.839453247190503e-08, 5.838626761578915e-08, 4.97985708314536e-08, 4.249859324400332e-08, 3.627894542967553e-08, 3.0923885553953816e-08, 2.634088555805376e-08, 2.238545345661469e-08, 1.902551447691829e-08, 1.616303073221615e-08, 1.3716020756317648e-08, 1.1637570286922195e-08, 9.8797504217541e-09, 8.384975067652391e-09, 7.123304929319868e-09, 6.059362047545064e-09, 5.143232979474784e-09, 4.357433930746043e-09, 3.6875340170037224e-09, 3.122566781269711e-09, 2.6468084321290216e-09, 2.2431804946481835e-09, 1.9028344002468566e-09, 1.613574738050391e-09, 1.3656220145589707e-09, 1.1531805740287979e-09, 9.700489557420304e-10]
W_list: [7.6000000000000005]
L_list: [6.5312137096602205]
