R_list= [ 1  2  3  4  5  6  7  8  9 10 11 12 13 14 15 16 17 18 19 20 21 22 23 24
 25 26 27 28 29 30 31 32 33 34 35 36 37 38]
C_final_list= [8.159558327078306e-07, 4.139150186764092e-07, 1.724893227655581e-07, 6.450931362380928e-08, 2.268377958811352e-08, 7.698694143464702e-09, 2.5520757612535855e-09, 8.319680675884958e-10, 2.7007380389428614e-10, 8.81147760039018e-11, 2.9071681023318904e-11, 9.738681252604376e-12, 3.2880217780021314e-12, 1.1027019384292522e-12, 3.709201301633078e-13, 1.258076099864612e-13, 4.296642571489309e-14, 1.4444219358931927e-14, 4.810886072179815e-15, 1.5984602789442612e-15, 5.304733977532003e-16, 1.7708153419365348e-16, 5.963325145086107e-17, 2.0057669803062123e-17, 6.8486717391331744e-18, 2.433374428711495e-18, 9.138430645047544e-19, 3.7597471432725945e-19, 1.638430023523804e-19, 7.678478604395776e-20, 3.871404646233468e-20, 2.0960345926086207e-20, 1.2063757064190481e-20, 7.806790602898027e-21, 5.7801636638461055e-21, 4.772429592157393e-21, 4.2049510599821035e-21, 3.872894471700627e-21]
W_list: [5]
L_list: [1.3109036367355216]
