R_list= [ 1  2  3  4  5  6  7  8  9 10 11 12 13 14 15 16 17 18 19 20 21 22 23 24
 25 26 27 28 29 30 31 32 33 34 35 36 37 38]
C_final_list= [3.8729960803640456e-07, 3.3569406297306317e-07, 2.89816642218164e-07, 2.4931834759663963e-07, 2.1446258096993046e-07, 1.8438508178851316e-07, 1.583977190359786e-07, 1.360003131254987e-07, 1.1666928469146907e-07, 9.993711634017898e-08, 8.556563434806177e-08, 7.326948526457599e-08, 6.267221940956234e-08, 5.356145598211983e-08, 4.571783359445951e-08, 3.9018574178712275e-08, 3.33013921993817e-08, 2.840906332089436e-08, 2.4194947843319034e-08, 2.06129013458539e-08, 1.7578363184545385e-08, 1.495618007960689e-08, 1.2735224634754713e-08, 1.0836174763097831e-08, 9.230564355175124e-09, 7.872406025086388e-09, 6.7200436804107276e-09, 5.72504585666206e-09, 4.882892386595546e-09, 4.15736119903652e-09, 3.537272627240004e-09, 3.0036180512837903e-09, 2.5488644514495004e-09, 2.1651209219841143e-09, 1.8344495558846732e-09, 1.5596500199849509e-09, 1.326891158245979e-09, 1.1268908840384962e-09]
W_list: [7]
L_list: [6.587518776995345]
