C_final_list: [1.6551777325961754e-06, 1.505025885437648e-06, 1.3670911636500597e-06, 1.2438114278530347e-06, 1.1330395283473837e-06, 1.0306095489546233e-06, 9.382064580229671e-07, 8.520997373828291e-07, 7.736971372873595e-07, 7.019347088532731e-07, 6.359988195075568e-07, 5.767585157675305e-07, 5.227593359122649e-07, 4.7340905605275233e-07, 4.293998892269462e-07, 3.8891643613023365e-07, 3.5198436945666746e-07, 3.1862114641212325e-07, 2.884978455071809e-07, 2.614348301317601e-07, 2.3654618459484653e-07, 2.1414545893954063e-07, 1.9414292457891765e-07, 1.7580752084087453e-07, 1.5932097358830433e-07, 1.4412636104050746e-07, 1.3031290977742298e-07, 1.1790939201563375e-07, 1.0631184475033496e-07, 9.596234296589662e-08, 8.645361903374918e-08, 7.787859707280899e-08, 7.018867302053323e-08, 6.319985098138727e-08, 5.697358929897825e-08, 5.133448550418248e-08, 4.626590978364626e-08, 4.1660547795134044e-08, 3.741487915482256e-08, 3.368497072038266e-08, 3.0344317637657926e-08, 2.7324935754282354e-08, 2.458265178632411e-08, 2.2074450497641784e-08, 1.985915116996798e-08, 1.7833050046672916e-08, 1.6080921681414423e-08, 1.4503248977278822e-08, 1.3076104256851526e-08, 1.1784116874563135e-08]
ndim2: 500
W_list: [3.6]
L_list: [10.312246225020557]
