R_list= [ 1  2  3  4  5  6  7  8  9 10 11 12 13 14 15 16 17 18 19 20 21 22 23 24
 25 26 27 28 29 30 31 32 33 34 35 36 37 38]
C_final_list= [1.5025218062831035e-06, 1.311375496121317e-06, 1.1693092149804075e-06, 1.0393495783527083e-06, 9.228488023103183e-07, 8.192058237628373e-07, 7.275091061652069e-07, 6.469112644847092e-07, 5.754684169524143e-07, 5.110671501483861e-07, 4.539104782665678e-07, 4.041435038536932e-07, 3.595394903479783e-07, 3.200232199554882e-07, 2.8486162845258453e-07, 2.5387111754735927e-07, 2.2605537344156727e-07, 2.0102043294758586e-07, 1.7835752430732384e-07, 1.5820543371869736e-07, 1.4043660607076487e-07, 1.245140242229966e-07, 1.1044840015616396e-07, 9.786119535116997e-08, 8.654330212523706e-08, 7.654316737076144e-08, 6.781621178234744e-08, 5.99980615424275e-08, 5.307924335413563e-08, 4.695188850021998e-08, 4.1506788374753244e-08, 3.662172007903041e-08, 3.229972921097843e-08, 2.848720133836089e-08, 2.5131992318654338e-08, 2.2149843996132848e-08, 1.950870864603434e-08, 1.7189335186548607e-08]
W_list: [5]
L_list: [8.43059235988691]
