R_list= [ 1  2  3  4  5  6  7  8  9 10 11 12 13 14 15 16 17 18 19 20 21 22 23 24
 25 26 27 28 29 30 31 32 33 34 35 36 37 38]
C_final_list= [2.5894075410292493e-07, 2.1801001505779531e-07, 1.811855657200997e-07, 1.4947606601644364e-07, 1.2252406283704638e-07, 1.0020214458873225e-07, 8.195098950810374e-08, 6.70652191021788e-08, 5.4887088509634646e-08, 4.4974093738114274e-08, 3.687422272934791e-08, 3.018307825322741e-08, 2.4649662330871776e-08, 2.0109770434069967e-08, 1.638559060182213e-08, 1.3344449659114331e-08, 1.0869812976055617e-08, 8.856781205621993e-09, 7.1961909487133785e-09, 5.841523522869325e-09, 4.738289482000998e-09, 3.849683063893379e-09, 3.1302081959306274e-09, 2.5385262952929126e-09, 2.058085678641492e-09, 1.6654917474108704e-09, 1.3437645399946391e-09, 1.0825301728501204e-09, 8.704547216257145e-10, 7.00515458986705e-10, 5.649091309645269e-10, 4.55373314328611e-10, 3.6839149723249714e-10, 2.9859055797967966e-10, 2.4073929953990805e-10, 1.9425016603613997e-10, 1.5688090080232498e-10, 1.2673859809462026e-10]
W_list: [8.600000000000001]
L_list: [5.149352233736648]
