C_final_list: [2.272491626142827e-06, 2.09944213791223e-06, 1.932071933059234e-06, 1.7773509188976196e-06, 1.635907469971864e-06, 1.5018782572776838e-06, 1.3794588845776373e-06, 1.265855178640613e-06, 1.1616736323568256e-06, 1.06787295114796e-06, 9.782673651678454e-07, 8.978379318983337e-07, 8.247676938129219e-07, 7.578899661110149e-07, 6.954020315008161e-07, 6.374744879696343e-07, 5.845176134530292e-07, 5.359058973909512e-07, 4.910075466871667e-07, 4.4973309692131414e-07, 4.1184735738376937e-07, 3.7739202831244326e-07, 3.454362081365833e-07, 3.159914729076334e-07, 2.894520789179979e-07, 2.6473608486742056e-07, 2.418796039158838e-07, 2.212172015171732e-07, 2.022145003198553e-07, 1.846507648159661e-07, 1.6867718138127284e-07, 1.5408405721195696e-07, 1.40837811619708e-07, 1.2852305673320094e-07, 1.1761417191616604e-07, 1.0747749429414074e-07, 9.830758195519843e-08, 8.979279522624834e-08, 8.188963354773869e-08, 7.481628474125636e-08, 6.847802290847692e-08, 6.264844531375072e-08, 5.725110733353796e-08, 5.240739001171103e-08, 4.799878524966594e-08, 4.3884728468243167e-08, 4.0146334140522595e-08, 3.6690305093760275e-08, 3.3613365722239304e-08, 3.0801144826818677e-08]
ndim2: 500
W_list: [2.0]
L_list: [11.66539364749106]
