C_final_list: [1.7378127302873967e-06, 1.6842133657508058e-06, 1.631156852806686e-06, 1.579720295839257e-06, 1.52972974408555e-06, 1.481555299518246e-06, 1.435024435034868e-06, 1.390278534868223e-06, 1.3475193093108264e-06, 1.3061879644527553e-06, 1.2650994675106876e-06, 1.2256207432156098e-06, 1.1875684447467785e-06, 1.1503601546781989e-06, 1.114217508867111e-06, 1.0794634131236649e-06, 1.0454471653491477e-06, 1.0125323943076672e-06, 9.804872558982319e-07, 9.495010089910392e-07, 9.192572937327321e-07, 8.901179934758016e-07, 8.618147318407165e-07, 8.345779759683154e-07, 8.081239548261648e-07, 7.824994879136241e-07, 7.57642940070383e-07, 7.333148244872835e-07, 7.099451416586019e-07, 6.870955740316577e-07, 6.649645667640005e-07, 6.435005626753944e-07, 6.225658334042194e-07, 6.021426143670014e-07, 5.824061775133454e-07, 5.634772090013833e-07, 5.452816128811368e-07, 5.27578802985513e-07, 5.106048742245825e-07, 4.940333486653789e-07, 4.778198670606434e-07, 4.6217320145065364e-07, 4.469007418665547e-07, 4.3211033878550345e-07, 4.1773112362845077e-07, 4.0396179563575246e-07, 3.904622491303397e-07, 3.773890658754312e-07, 3.6453108712271297e-07, 3.5215741850923446e-07]
ndim2: 500
W_list: [3.05]
L_list: [31.04697737115622]
