C_final_list: [1.1796034782023827e-06, 1.1499372364883733e-06, 1.1186072203645313e-06, 1.0871948676789001e-06, 1.0572241434169808e-06, 1.027754710993768e-06, 9.98839010775848e-07, 9.710623460188148e-07, 9.43939798892973e-07, 9.176682260242286e-07, 8.920097067537209e-07, 8.67159555239201e-07, 8.43138162531002e-07, 8.192827728515575e-07, 7.961676494040514e-07, 7.736090024933074e-07, 7.515518186732482e-07, 7.301247884408402e-07, 7.090590627049815e-07, 6.883592231800779e-07, 6.682764406072379e-07, 6.489725562225285e-07, 6.301965557563686e-07, 6.117488410923329e-07, 5.938438479744966e-07, 5.765086659714959e-07, 5.596435843302096e-07, 5.433068916002468e-07, 5.272743525155655e-07, 5.116339041180798e-07, 4.965861533801897e-07, 4.819130501559794e-07, 4.678071940269519e-07, 4.540973001176638e-07, 4.4076753350256137e-07]
ndim2: 500
W_list: [2.2]
L_list: [34.66787470870933]
