C_final_list: [2.0642959370431037e-06, 1.8592762000128412e-06, 1.6640947348384864e-06, 1.493372291468336e-06, 1.3407434437991968e-06, 1.2007732417456285e-06, 1.07898324222618e-06, 9.684627776819779e-07, 8.698284734740632e-07, 7.795650602591833e-07, 6.98371404828765e-07, 6.261711674014614e-07, 5.608215964222214e-07, 5.025590137495645e-07, 4.498398940947282e-07, 4.0301827856613233e-07, 3.605329492280243e-07, 3.2268353485428666e-07, 2.8831583523358893e-07, 2.5723958214397444e-07, 2.3022950759502236e-07, 2.0572129590330559e-07, 1.8360960537687027e-07, 1.6416418686555825e-07, 1.4659884383404903e-07, 1.3078828779222544e-07, 1.169485678587066e-07, 1.0429268773813796e-07, 9.293318884862116e-08, 8.280507840275162e-08, 7.381394770279136e-08, 6.555351943406524e-08, 5.8171967623569614e-08, 5.189546570641201e-08, 4.6249324308433155e-08]
ndim2: 500
W_list: [2.2]
L_list: [9.152309518439468]
