R_list= [ 1  2  3  4  5  6  7  8  9 10 11 12 13 14 15 16 17 18 19 20 21 22 23 24
 25 26 27 28 29 30 31 32 33 34 35 36 37 38]
C_final_list= [2.553185013668819e-07, 2.1048239269361846e-07, 1.7110803577760499e-07, 1.380332841123841e-07, 1.1083648570857834e-07, 8.8866198370522e-08, 7.111398939756936e-08, 5.694904702767844e-08, 4.562885286541931e-08, 3.6524936828161745e-08, 2.9193425454327643e-08, 2.3278761136318914e-08, 1.8507493601133042e-08, 1.4722586765822286e-08, 1.1728232637196895e-08, 9.347281894734393e-09, 7.4324848297023856e-09, 5.913120486084219e-09, 4.684946369865669e-09, 3.704314677375554e-09, 2.931509916363418e-09, 2.310546002045873e-09, 1.8247860575852713e-09, 1.4393893496486663e-09, 1.135687655186714e-09, 8.998803146711353e-10, 7.111957490369669e-10, 5.608928498427891e-10, 4.4240390376897685e-10, 3.4718877166465763e-10, 2.7162034738090014e-10, 2.127597203487902e-10, 1.666858811192584e-10, 1.3095722542404752e-10, 1.034349316158923e-10, 8.148156699213149e-11, 6.447270099410755e-11, 5.0820311783391794e-11]
W_list: [9.2]
L_list: [4.651577724218664]
