C_final_list: [6.019041382505485e-07, 5.654250426254821e-07, 5.279106894485305e-07, 4.91516936833136e-07, 4.5710889060971416e-07, 4.250696203455052e-07, 3.9494472259259335e-07, 3.668834861313327e-07, 3.4058840185167165e-07, 3.15949218870745e-07, 2.9317421704363275e-07, 2.719614658979784e-07, 2.520278393832526e-07, 2.335073177254321e-07, 2.1642713260085697e-07, 2.0057009692968643e-07, 1.8594154531975835e-07, 1.7227665102680288e-07, 1.5957456676193969e-07, 1.4796995893590372e-07, 1.3732391871694172e-07, 1.2732068000264603e-07, 1.1800794637882689e-07, 1.0938095848308917e-07, 1.0132116462401367e-07, 9.393561074863575e-08, 8.703445487983468e-08, 8.066690746004176e-08, 7.477973793530319e-08, 6.928195188295582e-08, 6.423567137372872e-08, 5.9480574211192986e-08, 5.5113871436149264e-08, 5.107941518644178e-08, 4.736908719239116e-08]
ndim2: 500
W_list: [3.2]
L_list: [13.466865376258777]
