R_list= [ 1  2  3  4  5  6  7  8  9 10 11 12 13 14 15 16 17 18 19 20 21 22 23 24
 25 26 27 28 29 30 31 32]
C_final_list= [7.113242274288017e-07, 6.424721072714988e-07, 5.821030115671045e-07, 5.258416973418407e-07, 4.7468163225277687e-07, 4.282767176362648e-07, 3.859068590499494e-07, 3.4779222014780855e-07, 3.132650924839484e-07, 2.821441822909143e-07, 2.544378549798062e-07, 2.2910983459099646e-07, 2.062552939490119e-07, 1.8575510900372428e-07, 1.6706015886870207e-07, 1.5047326118715505e-07, 1.3550857734365927e-07, 1.2196878556306053e-07, 1.0969273735768501e-07, 9.852705752876938e-08, 8.848154788189735e-08, 7.942390315470573e-08, 7.122375040270482e-08, 6.38610780173297e-08, 5.7332061777047746e-08, 5.1438924499025216e-08, 4.609816822157879e-08, 4.1343036691148875e-08, 3.709456999853705e-08, 3.330339562029238e-08, 2.9884887680134806e-08, 2.6814232110835878e-08]
W_list: [6]
L_list: [9.629587921374176]
