R_list= [ 1  2  3  4  5  6  7  8  9 10 11 12 13 14 15 16 17 18 19 20 21 22 23 24
 25 26 27 28 29 30]
C_final_list= [6.962884078269753e-07, 6.496469453928941e-07, 6.060379084074167e-07, 5.645700153449833e-07, 5.259225220386567e-07, 4.898376280251282e-07, 4.5619038862942795e-07, 4.244959217903381e-07, 3.947490144083728e-07, 3.6712501181984974e-07, 3.41132373212246e-07, 3.170362889656579e-07, 2.9449051618271825e-07, 2.7350470997429635e-07, 2.5373896360171594e-07, 2.351055248260844e-07, 2.178119870589271e-07, 2.017423214163627e-07, 1.8685033608970482e-07, 1.731552845325609e-07, 1.6040918919127813e-07, 1.4865246321721298e-07, 1.3765885604805878e-07, 1.2730475753946182e-07, 1.1769037254372676e-07, 1.0892236324200451e-07, 1.008251488761613e-07, 9.33732033203724e-08, 8.644330947769282e-08, 8.003955629843424e-08]
W_list: [6]
L_list: [13.641882111416198]
