R_list= [ 1  2  3  4  5  6  7  8  9 10 11 12 13 14 15 16 17 18 19 20 21 22 23 24
 25 26 27 28 29 30 31 32 33 34 35 36 37 38]
C_final_list= [1.2719255487664494e-06, 1.2306248719735962e-06, 1.1907243700895216e-06, 1.151248947813751e-06, 1.113342150397118e-06, 1.0766764400414454e-06, 1.0412844294692715e-06, 1.0069279293681307e-06, 9.736182397203624e-07, 9.414573137919185e-07, 9.102164554061963e-07, 8.801212037643571e-07, 8.511553142745488e-07, 8.230879695137408e-07, 7.95902603867526e-07, 7.693766144112581e-07, 7.434817903148447e-07, 7.181442606372639e-07, 6.937698280935217e-07, 6.701918835788508e-07, 6.476015584640053e-07, 6.254596708090563e-07, 6.039505216101583e-07, 5.831472942103486e-07, 5.628155392081038e-07, 5.434255359054026e-07, 5.246053111187391e-07, 5.065111268586848e-07, 4.890745398399675e-07, 4.7219224029331133e-07, 4.559889975552004e-07, 4.4034485890761103e-07, 4.2521948403446156e-07, 4.1054048904418393e-07, 3.964149938584045e-07, 3.8270437365722053e-07, 3.693761084194558e-07, 3.564794784688791e-07]
W_list: [5]
L_list: [29.268504218663924]
