R_list= [ 1  2  3  4  5  6  7  8  9 10 11 12 13 14 15 16 17 18 19 20 21 22 23 24
 25 26 27 28 29 30 31 32 33 34 35 36 37 38]
C_final_list= [3.4405411154489116e-07, 2.928250034131737e-07, 2.467386095656834e-07, 2.0662467440092673e-07, 1.7257828465887188e-07, 1.4392409352218028e-07, 1.1984451039397246e-07, 9.970027655879128e-08, 8.294420303919506e-08, 6.887341068252544e-08, 5.702740503283546e-08, 4.724923458196332e-08, 3.9105433736570435e-08, 3.237180417397521e-08, 2.6786311852648394e-08, 2.218491619761908e-08, 1.8332657130905815e-08, 1.512070056381104e-08, 1.2471614186459743e-08, 1.0321032265177737e-08, 8.532188900422971e-09, 7.029944685212645e-09, 5.790314819818084e-09, 4.76845939300041e-09, 3.929704171303856e-09, 3.2414779434712963e-09, 2.665697915369806e-09, 2.1964698300486753e-09, 1.807643439198847e-09, 1.4840884295682947e-09, 1.2230108551759908e-09, 1.0055220939033682e-09, 8.272272751208675e-10, 6.80507554563309e-10, 5.584365985512955e-10, 4.5722872049496546e-10, 3.7431994355722906e-10, 3.0586749674417376e-10]
W_list: [8.6]
L_list: [5.573982310076017]
