C_list:
1.3137736871815916e-06 0.02145558700418304
ndim2: 500
W_list: [2.0]
L_list: [46.607906826554654]
