R_list= [ 1  2  3  4  5  6  7  8  9 10 11 12 13 14 15 16 17 18 19 20 21 22 23 24
 25 26 27 28 29 30 31 32 33 34 35 36 37 38]
C_final_list= [2.046931045904516e-05, 1.659263403241915e-05, 1.331477484760382e-05, 1.0663713353547927e-05, 8.537758663595857e-06, 6.8325469837269144e-06, 5.4598177705749944e-06, 4.359786718023075e-06, 3.47825728406137e-06, 2.7776385796008434e-06, 2.2204370254641252e-06, 1.7736443594471893e-06, 1.4167723352958214e-06, 1.131307232484613e-06, 9.049721198144922e-07, 7.226779261339018e-07, 5.769003414487218e-07, 4.6046070866109625e-07, 3.672225293442902e-07, 2.929464307184376e-07, 2.339769728670485e-07, 1.8685518785449235e-07, 1.492473591708497e-07, 1.1915801226676655e-07, 9.517822017979727e-08, 7.592265596444137e-08, 6.05940178110844e-08, 4.8146133061397566e-08, 3.820411442522845e-08, 3.0418934388605734e-08, 2.4229947067658053e-08, 1.9307651454388642e-08, 1.5410569480694615e-08, 1.2287350629244102e-08, 9.804272887750465e-09, 7.813019238355332e-09, 6.199789728778068e-09, 4.912430867381438e-09]
W_list: [8.3]
L_list: [4.522190999362867]
