C_final_list: [1.7305512920155186e-06, 1.4703743444631346e-06, 1.2465260491419845e-06, 1.0552791926819663e-06, 8.96487795078217e-07, 7.539774344850751e-07, 6.358890187501667e-07, 5.360273101011743e-07, 4.51225927184593e-07, 3.794317814904087e-07, 3.1931231569176265e-07, 2.670361675268298e-07, 2.2506803148121987e-07, 1.8910411028156476e-07, 1.593475931423632e-07, 1.3392354874262095e-07, 1.1284386837677783e-07, 9.489483845720902e-08, 7.988861835315247e-08, 6.705009966845377e-08, 5.6231327685180585e-08, 4.699775726302243e-08, 3.9289846387067865e-08, 3.281039267215774e-08, 2.736925027066118e-08, 2.294083602291163e-08, 1.92060635263936e-08, 1.610605300032498e-08, 1.3506907350077245e-08, 1.1287813949274056e-08, 9.42406038673124e-09, 7.880717692252091e-09, 6.555945696179846e-09, 5.434442541513951e-09, 4.512436847980618e-09]
ndim2: 500
W_list: [3.0]
L_list: [5.91834670524343]
