C_final_list: [8.571943703823851e-07, 8.169315767060382e-07, 7.759724671051179e-07, 7.357720721080986e-07, 6.972570682549206e-07, 6.605518409276323e-07, 6.251144833145309e-07, 5.911693436466806e-07, 5.586850252260465e-07, 5.276964153954195e-07, 4.984476396286445e-07, 4.7051213472053123e-07, 4.439480904241166e-07, 4.1880131479836187e-07, 3.949075753632159e-07, 3.722922964474846e-07, 3.510084975206176e-07, 3.3088594887376916e-07, 3.118606757861653e-07, 2.938194674112855e-07, 2.769281548582808e-07, 2.609328037854711e-07, 2.4606902879098446e-07, 2.3210449477868336e-07, 2.187940994776662e-07, 2.061164030419795e-07, 1.9420784773649908e-07, 1.8290984874345066e-07, 1.7230311242365664e-07, 1.6228367148156284e-07, 1.5276112080176895e-07, 1.437625834068271e-07, 1.3516566870291434e-07, 1.2715072398191363e-07, 1.1961656979407343e-07]
ndim2: 500
W_list: [4.0]
L_list: [17.493735258617363]
