C_final_list: [1.3753629103858872e-06, 1.3463873256017057e-06, 1.3169378103717113e-06, 1.2883502849480976e-06, 1.2601226303889374e-06, 1.2325936013516947e-06, 1.2055279499339542e-06, 1.1789702688693802e-06, 1.1530972682446706e-06, 1.1273871564608715e-06, 1.101889317367093e-06, 1.0772349536969468e-06, 1.0531468496508747e-06, 1.0295108361924772e-06, 1.006606654321678e-06, 9.839444934702786e-07, 9.61594235814446e-07, 9.398157099252299e-07, 9.184559007827862e-07, 8.975823016151945e-07, 8.772720808525051e-07, 8.575933956471758e-07, 8.383587277306304e-07, 8.196823010078046e-07, 8.013047592232507e-07, 7.833001113500179e-07, 7.658425866734052e-07, 7.487886855419729e-07, 7.322870607101064e-07, 7.160782950860974e-07, 7.001556372762497e-07, 6.846404097770078e-07, 6.693407229679111e-07, 6.543875052169934e-07, 6.399220128766737e-07]
ndim2: 500
W_list: [2.8]
L_list: [44.28000386544374]
