C_final_list: [1.945093577306037e-06, 1.924684669976668e-06, 1.9044751140668047e-06, 1.88498123476277e-06, 1.866115840384467e-06, 1.8476530328727705e-06, 1.8296430338703557e-06, 1.8118194878929184e-06, 1.7941188471610993e-06, 1.7763967631863285e-06, 1.7588894682915861e-06, 1.741654048124055e-06, 1.7245489000778706e-06, 1.7079070314124214e-06, 1.6915491835435582e-06, 1.675292236983954e-06, 1.6592593659908806e-06, 1.643455798740034e-06, 1.62773852977224e-06, 1.612452406487408e-06, 1.597334473920896e-06, 1.5824002586310584e-06, 1.5676334340561826e-06, 1.552779094576986e-06, 1.538103076308406e-06, 1.52363824933706e-06, 1.5091603703431338e-06, 1.4947295510070994e-06, 1.4804822362650076e-06, 1.4661713230871536e-06, 1.4519791234932421e-06, 1.4379338847444498e-06, 1.4238601285559749e-06, 1.4098457506197918e-06, 1.3958875609079859e-06]
ndim2: 500
W_list: [2.4]
L_list: [103.25068760499359]
