C_final_list: [1.151077099649189e-06, 1.0809786033615508e-06, 1.0098721575532878e-06, 9.429181932053268e-07, 8.812662082939768e-07, 8.23415441439608e-07, 7.693785561153182e-07, 7.186157478654472e-07, 6.703348555443104e-07, 6.257256729548608e-07, 5.837058230111819e-07, 5.451275372368169e-07, 5.087673689985758e-07, 4.7439184174824165e-07, 4.423862930663805e-07, 4.1244156802771045e-07, 3.846403283215555e-07, 3.586864224916909e-07, 3.345296170197615e-07, 3.118529782607236e-07, 2.904290653266959e-07, 2.7052698140139545e-07, 2.5201936301335e-07, 2.346157995756597e-07, 2.184349124365739e-07, 2.0345670395318171e-07, 1.8929665247606673e-07, 1.7595298935798953e-07, 1.6362773334733544e-07, 1.521638757641997e-07, 1.4132362865497712e-07, 1.3115524616113031e-07, 1.218154936263363e-07, 1.1314489095083563e-07, 1.0508833903603338e-07]
ndim2: 500
W_list: [2.6]
L_list: [14.441207068021267]
