C_list:
1.3310911788695153e-06 0.06279690714345454
ndim2: 500
W_list: [2.6]
L_list: [15.924351142255773]
