R_list= [ 1  2  3  4  5  6  7  8  9 10 11 12 13 14 15 16 17 18 19 20 21 22 23 24
 25 26 27 28 29 30 31 32 33 34 35 36 37 38]
C_final_list= [7.184853134934492e-06, 6.236820912718028e-06, 5.366069889627671e-06, 4.608717415707377e-06, 3.948982560991135e-06, 3.3780535887767814e-06, 2.887166589581401e-06, 2.4659725109692172e-06, 2.104347015726031e-06, 1.7943409203078396e-06, 1.5300693891355047e-06, 1.3033122611956862e-06, 1.110177096582659e-06, 9.453652015063247e-07, 8.04463057544403e-07, 6.842333605509858e-07, 5.825425165793459e-07, 4.959350862901829e-07, 4.2266799266230187e-07, 3.5985941022470114e-07, 3.062345581474966e-07, 2.6054968936909474e-07, 2.2170406224205036e-07, 1.885027468993007e-07, 1.6023386999924641e-07, 1.3618712555958623e-07, 1.1579616742437401e-07, 9.86348149732762e-08, 8.383148358514388e-08, 7.12489346299688e-08, 6.049481950838452e-08, 5.140726049422352e-08, 4.366652821760586e-08, 3.7126918045333044e-08, 3.1613139640063234e-08, 2.691631185227175e-08, 2.290005756268373e-08, 1.946294084688394e-08]
W_list: [7.95]
L_list: [6.440372385104503]
