R_list= [ 1  2  3  4  5  6  7  8  9 10 11 12 13 14 15 16 17 18 19 20 21 22 23 24
 25 26 27 28 29 30 31 32 33 34 35 36 37 38]
C_final_list= [3.550106917329437e-05, 2.3072327967963428e-05, 1.4946015122692038e-05, 9.649290564632319e-06, 6.2234768655700735e-06, 3.9987726633081525e-06, 2.565276488320934e-06, 1.6431345299598863e-06, 1.0536538527317844e-06, 6.784106958210354e-07, 4.35936131952607e-07, 2.793077419240053e-07, 1.7850746592448108e-07, 1.1431242014174272e-07, 7.320077237522644e-08, 4.668620183883348e-08, 2.9908113568371825e-08, 1.9116936018438982e-08, 1.2290838478321683e-08, 7.878063032601712e-09, 5.0274686907272654e-09, 3.2027172847307565e-09, 2.0361830083068658e-09, 1.3007065263088864e-09, 8.252587708314162e-10, 5.272309006000091e-10, 3.408736852457826e-10, 2.23488420704759e-10, 1.4609707797336502e-10, 9.6298803349049e-11, 6.420229231494917e-11, 4.272430131809731e-11, 2.8994867436814194e-11, 1.9207480945539702e-11, 1.2334422185570814e-11, 7.954307563163668e-12, 5.194316805101647e-12, 3.3264168046189697e-12]
W_list: [8.25]
L_list: [2.2986713341345535]
