R_list= [ 1  2  3  4  5  6  7  8  9 10 11 12 13 14 15 16 17 18 19 20 21 22 23 24
 25 26 27 28 29 30 31 32 33 34 35 36 37 38]
C_final_list= [4.3426818936208846e-07, 1.8829975916551864e-07, 6.645646281817164e-08, 2.1195565363938522e-08, 6.428037817330897e-09, 1.8869473670071324e-09, 5.404003454669164e-10, 1.5383228349330478e-10, 4.377682478870122e-11, 1.2559420699070052e-11, 3.5356379588291175e-12, 9.871633539427337e-13, 2.9285957252156946e-13, 9.682476646775431e-14, 3.495235022156109e-14, 1.1816368258752978e-14, 3.494170945194459e-15, 9.12360027477758e-16, 2.2169716867244674e-16, 5.3611914608013067e-17, 1.4320433187904286e-17, 4.649108521066646e-18, 1.5785676762040079e-18, 4.0356351402757736e-19, 8.991275605053138e-20, 2.0529681050624363e-20, 4.7340669382791985e-21, 1.1512302462318645e-21, 3.043862267081094e-22, 7.934599493964055e-23, 2.1711744758565638e-23, 7.046432446500404e-24, 2.8622441194157793e-24, 1.411873448316544e-24, 8.160370188343911e-25, 5.822577371272294e-25, 5.012110431660447e-25, 5.50030650915501e-25]
W_list: [6]
L_list: [1.1108069440970192]
