C_final_list: [1.998329048571939e-06, 1.979435927970589e-06, 1.960713507221385e-06, 1.9430264460299768e-06, 1.925750750314964e-06, 1.908889079779656e-06, 1.8921529907487528e-06, 1.8755399467293014e-06, 1.8591217612706274e-06, 1.8428449987264916e-06, 1.8265879324684048e-06, 1.8103390236640963e-06, 1.7943686292918936e-06, 1.7785859480810274e-06, 1.7632020693575844e-06, 1.7478542404887292e-06, 1.7327896661797228e-06, 1.717626745426398e-06, 1.7024907083878062e-06, 1.687641429882303e-06, 1.673058143723195e-06, 1.6585319999249985e-06, 1.6441288779000275e-06, 1.6298760580266962e-06, 1.6156608448203267e-06, 1.6017279433800532e-06, 1.5880615277041933e-06, 1.5743726395093043e-06, 1.5609025515912085e-06, 1.5474918879579237e-06, 1.5343414912198365e-06, 1.5212040928094837e-06, 1.5080929817905565e-06, 1.4950962914613508e-06, 1.4820892504471596e-06, 1.469153277788575e-06, 1.456378775354039e-06, 1.443673107205531e-06, 1.4310096832956425e-06, 1.4184788948459101e-06, 1.405941185754811e-06, 1.3935196090715048e-06, 1.3813286680324217e-06, 1.3692772253698375e-06, 1.3573863751867809e-06, 1.345321103798322e-06, 1.3333430651340913e-06, 1.3216235802765124e-06, 1.309861601466704e-06, 1.2982058741705785e-06]
ndim2: 500
W_list: [2.4]
L_list: [114.2790945687343]
