R_list= [ 1  2  3  4  5  6  7  8  9 10 11 12 13 14 15 16 17 18 19 20 21 22 23 24
 25 26 27 28 29 30 31 32 33 34 35 36 37 38]
C_final_list= [4.0569675396314805e-07, 2.5182681853522646e-07, 1.3287586566167436e-07, 6.358216000022258e-08, 2.860009726445134e-08, 1.2357878939643754e-08, 5.20435332779239e-09, 2.1590638906308124e-09, 8.876158968402789e-10, 3.6252026231541654e-10, 1.4727129609466224e-10, 5.969941216586126e-11, 2.429888160566934e-11, 9.974581986639349e-12, 4.153606586719335e-12, 1.769267389490538e-12, 7.757257107455569e-13, 3.4829028682388243e-13, 1.5924097807396158e-13, 7.33865119334849e-14, 3.409562207988049e-14, 1.6117640483412707e-14, 7.835471173524417e-15, 3.891612137029623e-15, 1.961398105806841e-15, 9.796989463617645e-16, 4.881257259457493e-16, 2.462368763323271e-16, 1.2458949057687309e-16, 6.417807704233644e-17, 3.2407091860218496e-17, 1.7280622257968953e-17, 1.0263228925007558e-17, 7.241132872624103e-18, 5.356654329403974e-18, 3.9153744894468785e-18, 2.845480697128481e-18, 1.7433504754162625e-18]
W_list: [4]
L_list: [1.7128064422122193]
