C_final_list: [1.581889662583458e-06, 1.553509477881934e-06, 1.5251447937738726e-06, 1.497376055504988e-06, 1.4701759848734303e-06, 1.4434447020242041e-06, 1.4173237491464645e-06, 1.391585150616209e-06, 1.366440601778915e-06, 1.3418388020744349e-06, 1.3176169797495496e-06, 1.2934697925097507e-06, 1.2698402463383714e-06, 1.2465516410062768e-06, 1.2236515754376126e-06, 1.2014268483329788e-06, 1.1797888118303092e-06, 1.1585626606331557e-06, 1.1374844483708677e-06, 1.116902490049669e-06, 1.096588583054033e-06, 1.0766256572721887e-06, 1.0569935108249215e-06, 1.0379027653299187e-06, 1.0191279434176965e-06, 1.0005494403747038e-06, 9.825326938822897e-07, 9.648468394510982e-07, 9.472487893708287e-07, 9.29933461539809e-07, 9.129606251317278e-07, 8.962215557580597e-07, 8.79582370171467e-07, 8.632116513187572e-07, 8.472825530440911e-07, 8.316091671229147e-07, 8.163159343782484e-07, 8.011102230958749e-07, 7.863189103300494e-07, 7.717013593215964e-07, 7.573330395557497e-07, 7.431345899800704e-07, 7.292497543656152e-07, 7.155807824185617e-07, 7.020713095148768e-07, 6.887988129334035e-07, 6.757490018067918e-07, 6.630990039905372e-07, 6.505482268766355e-07, 6.381264563556315e-07]
ndim2: 500
W_list: [3.15]
L_list: [54.26413683540582]
