R_list= [ 1  2  3  4  5  6  7  8  9 10 11 12 13 14 15 16 17 18 19 20 21 22 23 24
 25 26 27 28 29 30 31 32 33 34 35 36 37 38]
C_final_list= [8.456082800391371e-07, 7.53455397715099e-07, 6.735581015628343e-07, 6.010020043280546e-07, 5.373425857473535e-07, 4.798686861345759e-07, 4.283568181578978e-07, 3.823315769059137e-07, 3.4131759574401796e-07, 3.0489941092419205e-07, 2.721562031618821e-07, 2.4279856706113367e-07, 2.1650109422652354e-07, 1.9278392001787725e-07, 1.7171589679452052e-07, 1.5276749766530487e-07, 1.358694527874181e-07, 1.2073552848463124e-07, 1.0718123189967394e-07, 9.510110305860273e-08, 8.430123665043592e-08, 7.470091858437815e-08, 6.610520485110276e-08, 5.849721425572838e-08, 5.188391609967289e-08, 4.5972867483633894e-08, 4.068212809084276e-08, 3.604562749841245e-08, 3.1910572279212615e-08, 2.822716190919008e-08, 2.496028837369326e-08, 2.204869295787115e-08, 1.948250445749065e-08, 1.7206532028427385e-08, 1.5209802214239956e-08, 1.3477892139935643e-08, 1.1962361369439094e-08, 1.0617757375341099e-08]
W_list: [6]
L_list: [8.740245779461654]
