R_list= [ 1  2  3  4  5  6  7  8  9 10 11 12 13 14 15 16 17 18 19 20 21 22 23 24
 25 26 27 28 29 30 31 32 33 34 35 36 37 38]
C_final_list= [5.384674436229599e-07, 4.836369764043843e-07, 4.313715740812501e-07, 3.838325368861663e-07, 3.4091237172134774e-07, 3.022425051204724e-07, 2.6791530550901476e-07, 2.378426920300677e-07, 2.1123305934460508e-07, 1.8734845154602286e-07, 1.6598806412897425e-07, 1.4684654395808826e-07, 1.2996104228805698e-07, 1.1521012755113462e-07, 1.0215468871810099e-07, 9.054147426930157e-08, 8.022900372603274e-08, 7.102813792147973e-08, 6.285098112543328e-08, 5.555757768633019e-08, 4.904514066277829e-08, 4.328146566942456e-08, 3.8179794114521093e-08, 3.367698419029021e-08, 2.9680136051715344e-08, 2.613233683777875e-08, 2.3014645841121578e-08, 2.027378049135614e-08, 1.7859214419236826e-08, 1.5720180220393416e-08, 1.3839029354131148e-08, 1.218238631113175e-08, 1.071774208399035e-08, 9.430773204889596e-09, 8.288138693904037e-09, 7.272434880031688e-09, 6.374197954637582e-09, 5.58492016368989e-09]
W_list: [7.4]
L_list: [8.387028942905534]
