C_final_list: [1.954658698013191e-06, 1.933750039878383e-06, 1.913395580726334e-06, 1.8938377686398556e-06, 1.8745720133177981e-06, 1.855833523606234e-06, 1.8376451162100876e-06, 1.819733720908186e-06, 1.8020037757968567e-06, 1.784483384701682e-06, 1.7670386897830121e-06, 1.749781198593743e-06, 1.7326086084681941e-06, 1.7157031305226308e-06, 1.6988260862886984e-06, 1.6820212596838812e-06, 1.6654866652998615e-06, 1.6488162586886519e-06, 1.632452861236393e-06, 1.6160724199906022e-06, 1.5998379643569833e-06, 1.5838479783659915e-06, 1.5679480346633647e-06, 1.5522782029200274e-06, 1.5366560004239437e-06, 1.5213162198697675e-06, 1.5062080604657272e-06, 1.49119061907149e-06, 1.4762361197732549e-06, 1.4613112473208484e-06, 1.4465121429434795e-06, 1.4317178120217298e-06, 1.4171568183277202e-06, 1.4028389819200154e-06, 1.3887286829202136e-06, 1.374686943635503e-06, 1.3608093863201923e-06, 1.3469358696948236e-06, 1.3333007292688508e-06, 1.319617093484571e-06, 1.3061203376348222e-06, 1.2928422607507563e-06, 1.2796804204368769e-06, 1.2666630382338707e-06, 1.253962467619627e-06, 1.2413383544246546e-06, 1.2287819616421256e-06, 1.2163669518931494e-06, 1.2042350132199009e-06, 1.1921089585039154e-06]
ndim2: 500
W_list: [2.6]
L_list: [99.46300751140767]
