R_list= [ 1  2  3  4  5  6  7  8  9 10 11 12 13 14 15 16 17 18 19 20 21 22 23 24
 25 26 27 28 29 30 31 32 33 34 35 36 37 38]
C_final_list= [1.630483723417446e-07, 7.936858216854359e-08, 3.120332466237762e-08, 1.0890731491795925e-08, 3.555520490883278e-09, 1.112907753215753e-09, 3.389940226140315e-10, 1.0166218142676915e-10, 3.038125265599272e-11, 9.097633767840895e-12, 2.7301687066644346e-12, 8.186766196614984e-13, 2.4385008984883303e-13, 7.404380234312638e-14, 2.3932517046708738e-14, 9.034739093893268e-15, 4.7938754878198225e-15, 2.8627973708424163e-15, 1.7584286338809141e-15, 9.644807983021726e-16, 4.452915084512449e-16, 1.6709302892110025e-16, 4.779867185879262e-17, 1.1910681116656727e-17, 3.0414582761050247e-18, 8.062027680670671e-19, 2.0454783900363922e-19, 4.977032276836846e-20, 1.3159479679447622e-20, 3.799673388175182e-21, 1.0305566530763398e-21, 2.86560245970542e-22, 9.66839107891188e-23, 4.331950106032853e-23, 2.6235876583833107e-23, 1.9729954300169372e-23, 1.7231127369325815e-23, 1.601983077271624e-23]
W_list: [5]
L_list: [1.24500564874991]
