C_final_list: [7.618683363627215e-07, 7.29457032797379e-07, 6.949923575890815e-07, 6.620031804331236e-07, 6.297203376711461e-07, 5.987635162716774e-07, 5.688849039082313e-07, 5.404335722990025e-07, 5.133393537310081e-07, 4.873546993298294e-07, 4.6291486942927136e-07, 4.3974378461367834e-07, 4.1779062881689624e-07, 3.967777045827789e-07, 3.768240699378865e-07, 3.5778479884409004e-07, 3.398084074999726e-07, 3.2250376205178524e-07, 3.05934448591739e-07, 2.9025296795596515e-07, 2.7533473213967963e-07, 2.6128762316418933e-07, 2.4796213645840526e-07, 2.352567590667534e-07, 2.2318191444765868e-07, 2.117179172867797e-07, 2.0074913530967231e-07, 1.9021540149198152e-07, 1.802618085347652e-07, 1.7071142522530238e-07, 1.6161770830951734e-07, 1.5301634455733238e-07, 1.447647286185758e-07, 1.369598417317796e-07, 1.2950306788014643e-07]
ndim2: 500
W_list: [2.8]
L_list: [19.402048335807272]
