C_final_list: [1.7946595157460126e-06, 1.7397602673854928e-06, 1.6864363696076e-06, 1.6348082739157598e-06, 1.5847882573022388e-06, 1.5361123986862437e-06, 1.489648438132739e-06, 1.4442765412462107e-06, 1.4008551327311994e-06, 1.3588099125906354e-06, 1.3181694002874437e-06, 1.2784828676326304e-06, 1.2395359892256281e-06, 1.201624991302467e-06, 1.1654298847136709e-06, 1.1303593880544006e-06, 1.0964256595874383e-06, 1.0634600169681494e-06, 1.0313374757957712e-06, 1.000809480361891e-06, 9.709208715799434e-07, 9.418424845508073e-07, 9.136293010441856e-07, 8.861640219652552e-07, 8.595400828247335e-07, 8.332970147932856e-07, 8.080557588662987e-07, 7.833393195320068e-07, 7.593203632314052e-07, 7.362036641705474e-07, 7.136993698165719e-07, 6.917016042679756e-07, 6.702304369592106e-07, 6.495904112757366e-07, 6.292622176518291e-07, 6.096599530205275e-07, 5.902411075867333e-07, 5.716027159914595e-07, 5.538125683296455e-07, 5.367351644992395e-07, 5.199246939811807e-07, 5.035016501196262e-07, 4.873905476500903e-07, 4.7189346964787455e-07, 4.57023481759713e-07, 4.4238960353541733e-07, 4.2824537941913954e-07, 4.1457085152415405e-07, 4.013310895891757e-07, 3.8842530636662165e-07]
ndim2: 500
W_list: [3.0]
L_list: [32.37744741839767]
