R_list= [ 1  2  3  4  5  6  7  8  9 10 11 12 13 14 15 16 17 18 19 20 21 22 23 24
 25 26 27 28 29 30]
C_final_list= [4.7440207677639344e-07, 4.1532307228407607e-07, 3.6614776703508244e-07, 3.222193124162271e-07, 2.828363774011711e-07, 2.479893576540813e-07, 2.1746962947689652e-07, 1.9062344119832682e-07, 1.6700225877479005e-07, 1.46010117955224e-07, 1.2751654686291043e-07, 1.1141030009187636e-07, 9.732491282112547e-08, 8.49304522084624e-08, 7.401811438520369e-08, 6.449617557982032e-08, 5.623533046072909e-08, 4.900910833034798e-08, 4.273818224514595e-08, 3.729880524698137e-08, 3.251376343565315e-08, 2.8309357340276984e-08, 2.461749185399142e-08, 2.143265616675125e-08, 1.8673087312393086e-08, 1.629226835379057e-08, 1.4165644532401245e-08, 1.2298671733036357e-08, 1.0668764630713968e-08, 9.254798181594938e-09]
W_list: [6]
L_list: [7.565821248938217]
