R_list= [ 1  2  3  4  5  6  7  8  9 10 11 12 13 14 15 16 17 18 19 20 21 22 23 24
 25 26 27 28 29 30 31 32 33 34 35 36 37 38]
C_final_list= [2.5839044353477003e-06, 2.296775005478234e-06, 2.0252631516151104e-06, 1.7794133002175911e-06, 1.5587244827000233e-06, 1.3637605128754006e-06, 1.1920538031294891e-06, 1.0418636089472088e-06, 9.095140249543459e-07, 7.945262541076198e-07, 6.934550376810762e-07, 6.054173797456565e-07, 5.280473106835007e-07, 4.60373999966851e-07, 4.0080920032553923e-07, 3.491037235846218e-07, 3.0404764198693663e-07, 2.6474663135475137e-07, 2.3014923974844432e-07, 1.9985959339168492e-07, 1.7357672055754717e-07, 1.5071329644421001e-07, 1.3080906049918748e-07, 1.1355714091843108e-07, 9.85514354484978e-08, 8.554408814556663e-08, 7.424204341372727e-08, 6.441207871234221e-08, 5.5895742267020165e-08, 4.845482529477349e-08, 4.201170943154081e-08, 3.645106739041349e-08, 3.158703536782782e-08, 2.738179542317864e-08, 2.3742046039280213e-08, 2.0563430025345997e-08, 1.781552657077682e-08, 1.545145669845566e-08]
W_list: [8.05]
L_list: [7.513026026370935]
