R_list= [ 1  2  3  4  5  6  7  8  9 10 11 12 13 14 15 16 17 18 19 20 21 22 23 24
 25 26 27 28 29 30 31 32 33 34 35 36 37 38]
C_final_list= [2.917289362257489e-07, 1.5786233891264287e-07, 7.57513629737245e-08, 3.475990839059256e-08, 1.5720616997809294e-08, 7.0358705303007485e-09, 3.1117991321481273e-09, 1.3663263351313812e-09, 5.961660172040895e-10, 2.591158963967495e-10, 1.1164433073030779e-10, 4.798689818916805e-11, 2.072294588133759e-11, 9.198677068353214e-12, 4.02756487106304e-12, 1.7475566695056458e-12, 7.440506014949721e-13, 3.061460608805114e-13, 1.2627807963435533e-13, 5.425029057703658e-14, 2.355356449016811e-14, 9.43741783181706e-15, 3.624841253377817e-15, 1.3625550761635551e-15, 5.06403282184818e-16, 1.844753889368583e-16, 6.620168069895879e-17, 2.3388078292583722e-17, 8.80066927997438e-18, 3.934396275711539e-18, 3.0776815421737308e-18, 1.2002624759090638e-18, 4.669792683893519e-19, 1.5332409240487927e-19, 5.906822391014445e-20, 2.4511416458087096e-20, 9.7355303552238e-21, 3.611919819146799e-21]
W_list: [6]
L_list: [1.482634136014642]
