R_list= [ 1  2  3  4  5  6  7  8  9 10 11 12 13 14 15 16 17 18 19 20 21 22 23 24
 25 26 27 28 29 30 31 32 33 34 35 36 37 38]
C_final_list= [2.053352005455235e-05, 1.6615601488412604e-05, 1.3331430225478656e-05, 1.0640559827918458e-05, 8.474133333276481e-06, 6.752973903437598e-06, 5.377765678056709e-06, 4.284172726871416e-06, 3.4161067875156092e-06, 2.720172007508441e-06, 2.161899716052404e-06, 1.7153392255087672e-06, 1.3616398314480192e-06, 1.0797911939495328e-06, 8.569259098455788e-07, 6.793509818648045e-07, 5.385047699407738e-07, 4.2620605364401686e-07, 3.3742138279649366e-07, 2.6728338480538396e-07, 2.1150448763455413e-07, 1.672347220870287e-07, 1.3256458057657536e-07, 1.0509754622744044e-07, 8.352641563566732e-08, 6.634191867464746e-08, 5.2636194541707386e-08, 4.17562307258755e-08, 3.3112656529432004e-08, 2.6338874850082704e-08, 2.095500285669617e-08, 1.671447411973836e-08, 1.334349799410011e-08, 1.0645191178285829e-08, 8.48040445111938e-09, 6.768125943986225e-09, 5.397782612897145e-09, 4.2892884415506574e-09]
W_list: [8.35]
L_list: [4.46249963875308]
