R_list= [ 1  2  3  4  5  6  7  8  9 10 11 12 13 14 15 16 17 18 19 20 21 22 23 24
 25 26 27 28 29 30 31 32 33 34 35 36 37 38]
C_final_list= [1.7012109209947577e-06, 1.5992334129068703e-06, 1.5258012621011455e-06, 1.4640042670175876e-06, 1.402265509942491e-06, 1.3421170593321277e-06, 1.2855094765667911e-06, 1.2320591829712262e-06, 1.1811807255532411e-06, 1.13194587303123e-06, 1.0848370296107384e-06, 1.03957893230293e-06, 9.962779858117248e-07, 9.545042243197077e-07, 9.140019411873537e-07, 8.749200815865484e-07, 8.373961690813494e-07, 8.013220258063017e-07, 7.664976500628827e-07, 7.329922599720748e-07, 7.013086392539084e-07, 6.710335900793991e-07, 6.419423048952332e-07, 6.140607948928794e-07, 5.875812592241065e-07, 5.619888834049285e-07, 5.372422120435243e-07, 5.136122947911079e-07, 4.90993181561362e-07, 4.6905881315283553e-07, 4.4798986144310533e-07, 4.279144718393179e-07, 4.0886106698707526e-07, 3.9065551395108195e-07, 3.731769989311288e-07, 3.565876618035156e-07, 3.4072326725001643e-07, 3.255460187153848e-07]
W_list: [4]
L_list: [22.807891153809468]
