C_list:
1.940816118284994e-06 0.12247236825344282
ndim2: 500
W_list: [2.2]
L_list: [8.165107070768912]
