R_list= [ 1  2  3  4  5  6  7  8  9 10 11 12 13 14 15 16 17 18 19 20 21 22 23 24
 25 26 27 28 29 30 31 32 33 34 35 36 37 38]
C_final_list= [4.7127137376082904e-07, 4.070723601877223e-07, 3.4757387068201424e-07, 2.9540564252946064e-07, 2.5091362575211357e-07, 2.129670677952783e-07, 1.8055474165141853e-07, 1.5274566517712093e-07, 1.2880584379974994e-07, 1.0847441124917572e-07, 9.115166147161288e-08, 7.656038559309685e-08, 6.423253145707363e-08, 5.390212110630515e-08, 4.5187119502360723e-08, 3.782307273298272e-08, 3.163382388138174e-08, 2.6448046973954655e-08, 2.2097784575274732e-08, 1.8451387088542784e-08, 1.538809065126013e-08, 1.2848878771358525e-08, 1.0741434447911652e-08, 8.993320164295427e-09, 7.507866403991132e-09, 6.267259101587847e-09, 5.211137326550823e-09, 4.332883410613266e-09, 3.599032671244021e-09, 2.9958660062018825e-09, 2.5001660430510207e-09, 2.088219566759289e-09, 1.746307150229731e-09, 1.4619057554282248e-09, 1.219955724814558e-09, 1.0170011331383904e-09, 8.479736762414607e-10, 7.066057061887908e-10]
W_list: [8.6]
L_list: [6.063791877067034]
