C_final_list: [1.617112201940666e-06, 1.5549270040435399e-06, 1.4941662900172017e-06, 1.4365612540168617e-06, 1.3808396249621216e-06, 1.3262375140823818e-06, 1.2733686623303104e-06, 1.2224549628452682e-06, 1.1737039132649095e-06, 1.126894479331947e-06, 1.0822069093695054e-06, 1.039680725587304e-06, 9.982919622081942e-07, 9.584733971543594e-07, 9.20102406034125e-07, 8.829277055091345e-07, 8.476523287727934e-07, 8.13722113285885e-07, 7.810484357979622e-07, 7.494828186297753e-07, 7.191025121822132e-07, 6.897654562603698e-07, 6.615748713682586e-07, 6.342215579690523e-07, 6.079435608145593e-07, 5.826549238260887e-07, 5.582337562356815e-07, 5.348426959108546e-07, 5.125386782322234e-07, 4.910619520882428e-07, 4.70588256969691e-07, 4.511325892834015e-07, 4.3260476773675606e-07, 4.1486268006453484e-07, 3.9776735208108236e-07, 3.813269874390713e-07, 3.657396416299738e-07, 3.5088660891657246e-07, 3.366229090853771e-07, 3.2286897712262017e-07, 3.095711633306336e-07, 2.9680479704909233e-07, 2.845990681517085e-07, 2.727508254583243e-07, 2.612956241797845e-07, 2.5034660382935947e-07, 2.398161787409057e-07, 2.2975258026795135e-07, 2.199124984996703e-07, 2.1054276171532056e-07]
ndim2: 500
W_list: [3.3]
L_list: [24.260658912225274]
