R_list= [ 1  2  3  4  5  6  7  8  9 10 11 12 13 14 15 16 17 18 19 20 21 22 23 24
 25 26 27 28 29 30 31 32 33 34 35 36 37 38]
C_final_list= [5.196765057623343e-07, 4.143704212975198e-07, 3.264848311978296e-07, 2.574596982386097e-07, 2.0218823011735535e-07, 1.5908164324408945e-07, 1.249466768392372e-07, 9.787947722486372e-08, 7.663308272267452e-08, 5.990546690678693e-08, 4.675906840248309e-08, 3.635256534523214e-08, 2.8162603909175918e-08, 2.185096629504008e-08, 1.7011964313555777e-08, 1.3237508160041687e-08, 1.0315005968346644e-08, 8.046073207849783e-09, 6.242977995059717e-09, 4.833391628441715e-09, 3.755000165780241e-09, 2.92288853369931e-09, 2.2603261569030284e-09, 1.7446828301956987e-09, 1.3421628573740986e-09, 1.0324768217407834e-09, 7.94865223391149e-10, 6.119100032884837e-10, 4.739015028023942e-10, 3.707031200150309e-10, 2.9037891369611537e-10, 2.2672226543141243e-10, 1.75316529335351e-10, 1.3526700038284593e-10, 1.0518544010238487e-10, 8.216655968670681e-11, 6.448297406678641e-11, 5.080577696838512e-11]
W_list: [7.800000000000001]
L_list: [4.185876494170748]
