C_final_list: [2.008490812487971e-06, 1.7709256647059365e-06, 1.5510895718866402e-06, 1.3654356669382826e-06, 1.1968977455184533e-06, 1.05324604480336e-06, 9.218504076930956e-07, 8.066262704662283e-07, 7.060211290868966e-07, 6.192266691697761e-07, 5.418598758207479e-07, 4.733111738864698e-07, 4.137471210569849e-07, 3.6016837010353383e-07, 3.1313291781763036e-07, 2.7259973949821996e-07, 2.3768896529154928e-07, 2.0694575103527358e-07, 1.8053783075060517e-07, 1.5729793793200117e-07, 1.3694664364263285e-07, 1.1885614654983991e-07, 1.0351377861444606e-07, 9.009447301448843e-08, 7.854620777564479e-08, 6.837797732196637e-08, 5.924775413240188e-08, 5.136012506841092e-08, 4.4441493874146924e-08, 3.8412647718862904e-08, 3.321229462645519e-08, 2.8635589594709443e-08, 2.469200245227025e-08, 2.126178687984064e-08, 1.8347907973459808e-08, 1.5790481941113114e-08, 1.3605925199741495e-08, 1.1747908842245458e-08, 1.0135814001012705e-08, 8.741016301684504e-09, 7.53494535936754e-09, 6.5024372122263545e-09, 5.625358189557898e-09, 4.879704362487403e-09, 4.227351351949789e-09, 3.6443786264404967e-09, 3.1386244700066447e-09, 2.7090699808245377e-09, 2.335459495784582e-09, 2.023625725897775e-09]
ndim2: 500
W_list: [3.05]
L_list: [7.548088653153282]
