R_list= [ 1  2  3  4  5  6  7  8  9 10 11 12 13 14 15 16 17 18 19 20 21 22 23 24
 25 26 27 28 29 30 31 32 33 34 35 36 37 38]
C_final_list= [1.509652584361883e-07, 1.3029234639323814e-07, 1.105061596556428e-07, 9.299660192628253e-08, 7.788674743122992e-08, 6.512426967234683e-08, 5.440361424175078e-08, 4.530368118187184e-08, 3.764127325945205e-08, 3.125657584294247e-08, 2.591312486000631e-08, 2.1468510383218313e-08, 1.774331281067143e-08, 1.4675141754205461e-08, 1.2148914520834752e-08, 1.0069910413850772e-08, 8.348445130470807e-09, 6.915793712800468e-09, 5.733049758871914e-09, 4.751449952821676e-09, 3.933725632623434e-09, 3.2484238473262324e-09, 2.6822497857234717e-09, 2.2047291980026213e-09, 1.8129510181681844e-09, 1.4895714377667822e-09, 1.2230514403162428e-09, 1.0043808847326618e-09, 8.233718963748052e-10, 6.770536433590765e-10, 5.576966035527061e-10, 4.585449492452024e-10, 3.7806879560460216e-10, 3.1183306278143434e-10, 2.574454393746429e-10, 2.121785540700549e-10, 1.7493783526559667e-10, 1.4442609089224526e-10]
W_list: [9.0]
L_list: [5.686225341815688]
