R_list= [ 1  2  3  4  5  6  7  8  9 10 11 12 13 14 15 16 17 18 19 20 21 22 23 24
 25 26 27 28 29 30 31 32 33 34 35 36 37 38]
C_final_list= [1.393556598860999e-06, 1.3203340446069952e-06, 1.2508061430819967e-06, 1.1842195719159022e-06, 1.1202826418876786e-06, 1.0603908293018126e-06, 1.0036824244948e-06, 9.498910608802478e-07, 8.988305492302528e-07, 8.511053166964568e-07, 8.061378636822674e-07, 7.633523406655492e-07, 7.22659643015375e-07, 6.837493643429261e-07, 6.466874932395771e-07, 6.113956885343087e-07, 5.780701347776587e-07, 5.46579233859545e-07, 5.168276535707727e-07, 4.886380781367719e-07, 4.622379548118043e-07, 4.368797881202509e-07, 4.129081166268447e-07, 3.9015254097928723e-07, 3.6871742296228433e-07, 3.4849925024432243e-07, 3.294352259100923e-07, 3.111934857149815e-07, 2.937788916093108e-07, 2.773445218257417e-07, 2.6178320014874176e-07, 2.470156613742957e-07, 2.329100006764651e-07, 2.1955835944348307e-07, 2.070750895196436e-07, 1.951872252253016e-07, 1.839875470599473e-07, 1.7334627687396602e-07]
W_list: [5]
L_list: [18.00545644296273]
