R_list= [ 1  2  3  4  5  6  7  8  9 10 11 12 13 14 15 16 17 18 19 20 21 22 23 24
 25 26 27 28 29 30 31 32 33 34 35 36 37 38]
C_final_list= [1.5999772779487524e-07, 6.295412472937475e-08, 1.9394989872757555e-08, 5.262699385468677e-09, 1.3194417335463007e-09, 3.145985961501858e-10, 7.293360625296831e-11, 1.667023995180018e-11, 3.779353033504235e-12, 8.538721557773769e-13, 1.9265211916667664e-13, 4.354405045208731e-14, 9.913600304658833e-15, 2.2641988421652337e-15, 5.217632341332633e-16, 1.1968251635979558e-16, 2.780043132424468e-17, 6.265698752480913e-18, 1.3532071200667278e-18, 3.048950417745152e-19, 6.898394534374452e-20, 1.564385676061212e-20, 3.627222112319037e-21, 8.809887660171579e-22, 2.4264935668536813e-22, 8.286638703435262e-23, 3.750109799238139e-23, 2.2780591227862837e-23, 1.7052175629422518e-23, 1.4555571998310124e-23, 1.373617935564283e-23, 1.3443932947420573e-23, 1.3514456188841468e-23, 1.3700508251604222e-23, 1.3950205930540435e-23, 1.3968702157524992e-23, 1.3627459605057922e-23, 1.366945573909573e-23]
W_list: [6]
L_list: [1.0050539396836464]
