C_final_list: [1.998502232069353e-06, 1.8821429515027484e-06, 1.769222930612289e-06, 1.6655815767252458e-06, 1.5669748348532772e-06, 1.474801971723764e-06, 1.3874591450128728e-06, 1.3047892069693373e-06, 1.227407024905921e-06, 1.1538914732346897e-06, 1.0838658874601402e-06, 1.018818145970312e-06, 9.565605724824829e-07, 8.986534145996037e-07, 8.447124421726281e-07, 7.937372601277753e-07, 7.453167899322688e-07, 6.996515087003997e-07, 6.564997386105186e-07, 6.163047979328343e-07, 5.788744857983952e-07, 5.428776265768923e-07, 5.09105680751641e-07, 4.777614003109984e-07, 4.4802802078723304e-07, 4.195697922584118e-07, 3.931167640194166e-07, 3.684924081806377e-07, 3.453882276086071e-07, 3.23388383744354e-07, 3.026354965647653e-07, 2.8339877144836424e-07, 2.655001957606941e-07, 2.486646749557229e-07, 2.3299045817528242e-07, 2.183024700291637e-07, 2.0439524475917923e-07, 1.915276647081877e-07, 1.7928621525096686e-07, 1.677528099501615e-07, 1.5685896947950324e-07, 1.4667955853736935e-07, 1.369991683154187e-07, 1.2811664994785756e-07, 1.1967946271081576e-07, 1.1172575506835535e-07, 1.0433256039965549e-07, 9.758645357482472e-08, 9.120002140261663e-08, 8.534398376728554e-08]
ndim2: 500
W_list: [3.0]
L_list: [15.959705902074834]
