R_list= [ 1  2  3  4  5  6  7  8  9 10 11 12 13 14 15 16 17 18 19 20 21 22 23 24
 25 26 27 28 29 30 31 32 33 34 35 36 37 38]
C_final_list= [8.303002173932545e-07, 4.820664847965573e-07, 2.7530794982955815e-07, 1.5859879176647036e-07, 9.116761227998188e-08, 5.225353464059302e-08, 3.022756541842292e-08, 1.725175923350255e-08, 9.863263734280648e-09, 5.637471192995216e-09, 3.190170013720376e-09, 1.8128785240184185e-09, 1.0470439120630492e-09, 5.977341776796728e-10, 3.370076020838256e-10, 1.840881941573288e-10, 9.995454448772583e-11, 5.561169150045389e-11, 3.045812080203073e-11, 1.703169575976113e-11, 9.884406870136315e-12, 5.589216391649357e-12, 2.8049629114516736e-12, 1.4251774439318133e-12, 7.789673314972723e-13, 4.3264354358254226e-13, 2.401085388874517e-13, 1.3554691253582547e-13, 8.044422969155525e-14, 4.18861960301541e-14, 2.1937552430189115e-14, 1.0905475059711403e-14, 5.710598285970709e-15, 3.2737502398369065e-15, 1.9625360126936066e-15, 1.2006277340929819e-15, 8.608340580293977e-16, 6.348811712267311e-16]
W_list: [9.0]
L_list: [1.8152395865762072]
