R_list= [ 1  2  3  4  5  6  7  8  9 10 11 12 13 14 15 16 17 18 19 20 21 22 23 24
 25 26 27 28 29 30 31 32 33 34 35 36 37 38]
C_final_list= [8.486790314445371e-07, 7.301947538378413e-07, 6.237677691811007e-07, 5.32467324314394e-07, 4.533261226413093e-07, 3.8554252920209667e-07, 3.2859654264887294e-07, 2.8018068286028573e-07, 2.3876555300434165e-07, 2.0330731155525199e-07, 1.7314396005552e-07, 1.4685245723707755e-07, 1.2437715419080847e-07, 1.0527839869746511e-07, 8.910696084824105e-08, 7.524669870896273e-08, 6.366532403798847e-08, 5.3916170755696444e-08, 4.555052062492679e-08, 3.8449772287992126e-08, 3.252117615650452e-08, 2.7520395069271914e-08, 2.3293157455375913e-08, 1.9699522542202255e-08, 1.6619484090218006e-08, 1.402285556506888e-08, 1.1843453069830693e-08, 1.0008975293925464e-08, 8.484104502152625e-09, 7.192105506740294e-09, 6.11877462783595e-09, 5.180119679447893e-09, 4.392975908286064e-09, 3.7103140660771604e-09, 3.12747754920466e-09, 2.633955161718752e-09, 2.2189696029537785e-09, 1.8674781230398004e-09]
W_list: [6.8]
L_list: [6.246607337400748]
