R_list= [ 1  2  3  4  5  6  7  8  9 10 11 12 13 14 15 16 17 18 19 20 21 22 23 24
 25 26 27 28 29 30 31 32 33 34 35 36 37 38]
C_final_list= [7.973136498788566e-07, 5.754321880237235e-07, 4.2454571193845436e-07, 3.1601468817355996e-07, 2.342251496070404e-07, 1.738436858689247e-07, 1.2916819190481506e-07, 9.524991673859462e-08, 6.987146243442925e-08, 5.1352424409816475e-08, 3.780639241915037e-08, 2.7932875397162336e-08, 2.068779243898966e-08, 1.532679538015076e-08, 1.1349788319238775e-08, 8.353466716623234e-09, 6.182050108079221e-09, 4.617171309055163e-09, 3.439491451974827e-09, 2.562180340539737e-09, 1.9110848454941523e-09, 1.416747037793498e-09, 1.0549716291986214e-09, 7.854101373397332e-10, 5.906807964796071e-10, 4.432808496783916e-10, 3.319779637676219e-10, 2.496855903015647e-10, 1.8796870710921243e-10, 1.4032423606601274e-10, 1.030717570933888e-10, 7.532031264129244e-11, 5.412083751111134e-11, 3.8955874481737785e-11, 2.8386185200464316e-11, 2.0734533314764888e-11, 1.5280897395674927e-11, 1.119172666635877e-11]
W_list: [6]
L_list: [3.2714468479909944]
