C_list:
1.7424702386788402e-06 0.04404408866791999
ndim2: 500
W_list: [1.5999999999999999]
L_list: [22.704522451122056]
