R_list= [ 1  2  3  4  5  6  7  8  9 10 11 12 13 14 15 16 17 18 19 20 21 22 23 24
 25 26 27 28 29 30 31 32 33 34 35 36 37 38]
C_final_list= [3.505514244171759e-05, 2.258935258308373e-05, 1.4495906016406077e-05, 9.299828681221515e-06, 5.964881401344989e-06, 3.820206042210863e-06, 2.4436793786606335e-06, 1.5654261449979395e-06, 1.0023751095313776e-06, 6.432958816161293e-07, 4.1209537723237333e-07, 2.6470947376366917e-07, 1.7055215914086065e-07, 1.09317965035633e-07, 6.978406809508218e-08, 4.458826884464973e-08, 2.8669213209375767e-08, 1.837493137801675e-08, 1.1826395701536673e-08, 7.675801518637734e-09, 4.991290135299677e-09, 3.2066425665109767e-09, 2.0398892535340455e-09, 1.3099126368981873e-09, 8.510880418008365e-10, 5.530790483322182e-10, 3.559415196662582e-10, 2.2990041581732001e-10, 1.471155250165131e-10, 9.398247950042625e-11, 6.099293658057375e-11, 3.951053076981561e-11, 2.4850841252097112e-11, 1.571953148401394e-11, 1.0035757227640584e-11, 6.400087114599997e-12, 4.1356848853235315e-12, 2.591394562551411e-12]
W_list: [8.3]
L_list: [2.260003760288989]
