R_list= [ 1  2  3  4  5  6  7  8  9 10 11 12 13 14 15 16 17 18 19 20 21 22 23 24
 25 26 27 28 29 30 31 32 33 34 35 36 37 38]
C_final_list= [2.156293707244261e-06, 1.6201222985446165e-06, 1.2004923712623288e-06, 8.852253233748079e-07, 6.527168666819711e-07, 4.811363216075849e-07, 3.5371654891935997e-07, 2.588240366223046e-07, 1.88950007656303e-07, 1.374322497546874e-07, 1.0014569839640818e-07, 7.296932827413578e-08, 5.3043488190059295e-08, 3.839270925618717e-08, 2.777500176222906e-08, 2.0166408035493448e-08, 1.4648999419101624e-08, 1.0609404563333429e-08, 7.692710162671251e-09, 5.6208721950001e-09, 4.085654609915039e-09, 2.9583231751012063e-09, 2.141141247672041e-09, 1.5518094572855292e-09, 1.1289435764452288e-09, 8.202265574714808e-10, 5.997264341259511e-10, 4.370263937667744e-10, 3.197305208225867e-10, 2.3229940407971222e-10, 1.6835141289063874e-10, 1.2243501349974117e-10, 8.967463901431978e-11, 6.674356934456116e-11, 4.968271905763833e-11, 3.646461667356778e-11, 2.6877210193810227e-11, 1.953943713653125e-11]
W_list: [9.4]
L_list: [3.32305120095443]
