R_list= [ 1  2  3  4  5  6  7  8  9 10 11 12 13 14 15 16 17 18 19 20 21 22 23 24
 25 26 27 28 29 30 31 32 33 34 35 36 37 38]
C_final_list= [3.7921535727356316e-06, 3.1377303125268552e-06, 2.578047878870537e-06, 2.1119647234541074e-06, 1.7253153342288674e-06, 1.4090515807083397e-06, 1.1491963511537932e-06, 9.351827672171315e-07, 7.609541086088019e-07, 6.186991158820727e-07, 5.034322786631328e-07, 4.0866153917748107e-07, 3.315315011947999e-07, 2.6865979110484035e-07, 2.177652904319108e-07, 1.7648761630959236e-07, 1.4299606398949604e-07, 1.1578614332023599e-07, 9.382255359837876e-08, 7.599540447447209e-08, 6.147764012541941e-08, 4.9747558401858325e-08, 4.0254938441124335e-08, 3.245655737750122e-08, 2.62083999224622e-08, 2.114593254409635e-08, 1.7044894681709696e-08, 1.3803210522345937e-08, 1.1222512489697951e-08, 9.129253999481429e-09, 7.417930899836286e-09, 6.0347201023720356e-09, 4.9063329893591135e-09, 3.973564695876057e-09, 3.2189428414339605e-09, 2.5993256896256826e-09, 2.1056775431955905e-09, 1.7055349763286174e-09]
W_list: [8.0]
L_list: [4.973794752572459]
