R_list= [ 1  2  3  4  5  6  7  8  9 10 11 12 13 14 15 16 17 18 19 20 21 22 23 24
 25 26 27 28 29 30 31 32 33 34 35 36 37 38]
C_final_list= [2.660893300136801e-06, 2.366184827160598e-06, 2.087100030700073e-06, 1.8333546954629823e-06, 1.60672624134569e-06, 1.4060117167892137e-06, 1.2281151348952228e-06, 1.0718867387030776e-06, 9.347795669343648e-07, 8.151107513389538e-07, 7.103310035075547e-07, 6.19183297997161e-07, 5.397618218000301e-07, 4.7032934174624026e-07, 4.100065310868602e-07, 3.5758144169682467e-07, 3.1150402636341054e-07, 2.7118529645094924e-07, 2.3607461508906703e-07, 2.0554636870756232e-07, 1.7882599835502635e-07, 1.5554517584254876e-07, 1.3527504809038552e-07, 1.1751788776351192e-07, 1.0196956837459503e-07, 8.859306599508266e-08, 7.697345433678497e-08, 6.691722792498774e-08, 5.8197664076837126e-08, 5.058472923260212e-08, 4.391007472276995e-08, 3.815814201670123e-08, 3.316635541865974e-08, 2.8827111773269053e-08, 2.503043422944812e-08, 2.1732327839517592e-08, 1.8874382500530532e-08, 1.6409848969098985e-08]
W_list: [8.05]
L_list: [7.497044522902911]
