R_list= [ 1  2  3  4  5  6  7  8  9 10 11 12 13 14 15 16 17 18 19 20 21 22 23 24
 25 26 27 28 29 30 31 32]
C_final_list= [7.781829238579822e-07, 7.215114163420807e-07, 6.670397400368045e-07, 6.159436852942287e-07, 5.692235733112743e-07, 5.252247488940341e-07, 4.845945314970409e-07, 4.4704375487406825e-07, 4.1232030011251515e-07, 3.799951166967369e-07, 3.503748783616539e-07, 3.22796499763724e-07, 2.9726494623517446e-07, 2.7374582584347003e-07, 2.5212516723502217e-07, 2.3208793031238376e-07, 2.1359964670667733e-07, 1.9651647571778447e-07, 1.808357200807643e-07, 1.6633255997323223e-07, 1.5296413230449767e-07, 1.406062396955116e-07, 1.2930492472702717e-07, 1.1886228618750815e-07, 1.09269612055443e-07, 1.0038618722656449e-07, 9.213976615028842e-08, 8.45613860804895e-08, 7.755395475749788e-08, 7.112549002554874e-08, 6.5218460067796e-08, 5.981517813765169e-08]
W_list: [6]
L_list: [12.28898600091879]
