C_final_list: [2.035746269654128e-06, 1.919271735143307e-06, 1.8047221149752945e-06, 1.6986237566973266e-06, 1.5964550555898454e-06, 1.501388919417984e-06, 1.4128879014838575e-06, 1.328458932817518e-06, 1.2486616011492707e-06, 1.1730429611763416e-06, 1.1016674753356754e-06, 1.0345559096725002e-06, 9.716119330342355e-07, 9.130024143242158e-07, 8.571131594106624e-07, 8.053858499567712e-07, 7.558734840709717e-07, 7.093547965434871e-07, 6.656438505276662e-07, 6.243872724834879e-07, 5.853396927303798e-07, 5.490241686086427e-07, 5.149840101063566e-07, 4.827856219928237e-07, 4.524883133524253e-07, 4.2391124940320856e-07, 3.973905691958319e-07, 3.720554660200225e-07, 3.4844489325922276e-07, 3.2637055356738166e-07, 3.055681313626129e-07, 2.8586076898751937e-07, 2.675152339667152e-07, 2.503164797109321e-07, 2.3412269712206727e-07, 2.1894470312117387e-07, 2.048511727793427e-07, 1.9170294553085044e-07, 1.7936973529755586e-07, 1.6800956340259564e-07, 1.570680713494894e-07, 1.469247921541042e-07, 1.3755325768476025e-07, 1.287638414247831e-07, 1.2045595109660724e-07, 1.1276098572937726e-07, 1.0540386429471416e-07, 9.85510875990649e-08, 9.203895161561823e-08, 8.591779640844519e-08]
ndim2: 500
W_list: [3.0]
L_list: [15.866607102868123]
