R_list= [ 1  2  3  4  5  6  7  8  9 10 11 12 13 14 15 16 17 18 19 20 21 22 23 24
 25 26 27 28 29 30 31 32 33 34 35 36 37 38]
C_final_list= [1.1281798866194883e-06, 1.0487095283228827e-06, 9.704584223520364e-07, 8.965693091246536e-07, 8.277899427622944e-07, 7.644483961828666e-07, 7.060142900850996e-07, 6.516937953472738e-07, 6.015831983749609e-07, 5.556553774389097e-07, 5.130731634854021e-07, 4.734829742121903e-07, 4.3649038752944206e-07, 4.021229910228386e-07, 3.703984839375126e-07, 3.412120560321411e-07, 3.1400558046038316e-07, 2.889265098992497e-07, 2.658228925171876e-07, 2.446297445291317e-07, 2.2503483757675627e-07, 2.0693050225107823e-07, 1.9031700953761314e-07, 1.749887610679476e-07, 1.6092902137452956e-07, 1.479129242047933e-07, 1.3590663420618777e-07, 1.248302802050664e-07, 1.1447293984022336e-07, 1.0496057249502561e-07, 9.616109239332969e-08, 8.80430165968098e-08, 8.056248246770817e-08, 7.373816088854513e-08, 6.748460824453066e-08, 6.176784604252727e-08, 5.652756858768001e-08, 5.175620152257105e-08]
W_list: [7.0]
L_list: [12.363825696624211]
