C_final_list: [1.8551334239273552e-06, 1.8334468499017482e-06, 1.811901167520031e-06, 1.79143591566408e-06, 1.7716117085278292e-06, 1.7521848913956625e-06, 1.7329603719756823e-06, 1.7140733255423513e-06, 1.6952857408752394e-06, 1.6765399374358326e-06, 1.658024271811417e-06, 1.6398582644286552e-06, 1.6218691294058681e-06, 1.6041933657770657e-06, 1.5866466405612772e-06, 1.5694345613585044e-06, 1.5524854494848775e-06, 1.5358043763716433e-06, 1.5192312888737e-06, 1.5025405126612951e-06, 1.4861609355497971e-06, 1.4699906300299579e-06, 1.4538860808142581e-06, 1.437883590787031e-06, 1.4220750038516442e-06, 1.4063839826972889e-06, 1.3908034711176038e-06, 1.375238703290736e-06, 1.3600004677017372e-06, 1.3448741823799842e-06, 1.3298445566051784e-06, 1.3148757488350733e-06, 1.3001842876930353e-06, 1.2855833034356832e-06, 1.2710721115758144e-06]
ndim2: 500
W_list: [2.6]
L_list: [90.53264709566973]
