C_list:
1.704012752451999e-06 0.053767666023570075
ndim2: 500
W_list: [1.7999999999999998]
L_list: [18.598538377351755]
