R_list= [ 1  2  3  4  5  6  7  8  9 10 11 12 13 14 15 16 17 18 19 20 21 22 23 24
 25 26 27 28 29 30]
C_final_list= [3.8262677492868176e-07, 3.191596975507524e-07, 2.6613997358174713e-07, 2.216510867878232e-07, 1.8462237591526133e-07, 1.537018432637304e-07, 1.276150976200184e-07, 1.0575654012882202e-07, 8.755308494354633e-08, 7.248581234531712e-08, 6.021373404023269e-08, 5.002294881079922e-08, 4.154610945664082e-08, 3.447046992686064e-08, 2.854847954941297e-08, 2.352538603739871e-08, 1.939448522901799e-08, 1.6044991002419136e-08, 1.3275619473058948e-08, 1.0956761670143282e-08, 9.03079444874657e-09, 7.450548502520533e-09, 6.167157814842574e-09, 5.107472553754459e-09, 4.229211600005006e-09, 3.4978547319115805e-09, 2.8887152590714673e-09, 2.370464658925666e-09, 1.9439364700012242e-09, 1.5992176120124067e-09]
W_list: [6]
L_list: [5.42126738564268]
