C_final_list: [1.4250865629726597e-06, 1.1342502092562525e-06, 8.985279082271557e-07, 7.04724128812229e-07, 5.544860957351322e-07, 4.36613364997368e-07, 3.440812625817546e-07, 2.7132954107765086e-07, 2.137609101175094e-07, 1.6857036424325077e-07, 1.3163993290707384e-07, 1.0362240054123122e-07, 8.091276279735576e-08, 6.275555950936509e-08, 4.8869529328012654e-08, 3.801411572303756e-08, 2.9349393223219585e-08, 2.2639364788556438e-08, 1.7513383382438657e-08, 1.3485108313295187e-08, 1.0367642667256486e-08, 8.035420134753314e-09, 6.198870074752838e-09, 4.848434365472083e-09, 3.772740026334514e-09, 2.9097501070474e-09, 2.233630677063209e-09, 1.7314962238909194e-09, 1.3368737252630092e-09, 1.0255953047387813e-09, 7.990618497407551e-10, 6.266085536482134e-10, 4.8247937200549e-10, 3.6886354028500767e-10, 2.8333430491641644e-10]
ndim2: 500
W_list: [3.0]
L_list: [4.211563194026706]
