R_list= [ 1  2  3  4  5  6  7  8  9 10 11 12 13 14 15 16 17 18 19 20 21 22 23 24
 25 26 27 28 29 30 31 32 33 34 35 36 37 38]
C_final_list= [5.895133873642448e-07, 4.855585726259056e-07, 3.964160649325598e-07, 3.213399050815613e-07, 2.5946792375406496e-07, 2.0939298833423842e-07, 1.6914313889530836e-07, 1.3691751956713833e-07, 1.1104022780340332e-07, 8.989671913765526e-08, 7.258122586630144e-08, 5.863003636294607e-08, 4.7385221426788725e-08, 3.825871756183395e-08, 3.0936247522007846e-08, 2.4996549775535244e-08, 2.022233945213466e-08, 1.6325222762526747e-08, 1.3118346230624474e-08, 1.0488351099620813e-08, 8.390244988281906e-09, 6.701968449743957e-09, 5.344301879134112e-09, 4.271544807443557e-09, 3.4076538540039925e-09, 2.7165257612811006e-09, 2.172884389679646e-09, 1.7326861920925704e-09, 1.3812721488961878e-09, 1.1038714461239438e-09, 8.759144547408954e-10, 6.937188245882189e-10, 5.496859956943538e-10, 4.3487580251440444e-10, 3.458991118815046e-10, 2.752094224665776e-10, 2.1884847760048628e-10, 1.7380795387135314e-10]
W_list: [7.2]
L_list: [4.789161630630057]
