C_final_list: [1.7433456798836876e-06, 1.4346861883739234e-06, 1.1822887418127247e-06, 9.730497928059584e-07, 7.986817051355326e-07, 6.523208822348097e-07, 5.29756614789976e-07, 4.3167307988194844e-07, 3.526889873312878e-07, 2.8780987511433765e-07, 2.3320279230645537e-07, 1.9006344363305558e-07, 1.549597664013039e-07, 1.265619416085052e-07, 1.0271482424953347e-07, 8.362790960365093e-08, 6.778719496513168e-08, 5.52100219918338e-08, 4.469652434891561e-08, 3.630436449849831e-08, 2.9576042822241523e-08, 2.4173677368872438e-08, 1.9610384454644092e-08, 1.599201669008998e-08, 1.301352026559068e-08, 1.0598727689899879e-08, 8.656863759756468e-09, 7.058360553347369e-09, 5.678796955382287e-09, 4.615923206220533e-09, 3.746064056736523e-09, 3.0129440808636325e-09, 2.4509201470492715e-09, 1.967778847638748e-09, 1.5906336456111888e-09, 1.2836252221626753e-09, 1.0321306202517221e-09, 8.315062144928929e-10, 6.686058636810858e-10, 5.327444441703304e-10, 4.2338132109942537e-10, 3.35893011680009e-10, 2.676964547803351e-10, 2.1521154943210952e-10, 1.7226958116722405e-10, 1.3879355238174752e-10, 1.1412666995904483e-10, 9.388440072740726e-11, 7.620933032258417e-11, 6.174921998941963e-11]
ndim2: 500
W_list: [3.8]
L_list: [5.00858628604969]
