R_list= [ 1  2  3  4  5  6  7  8  9 10 11 12 13 14 15 16 17 18 19 20 21 22 23 24
 25 26 27 28 29 30 31 32 33 34 35 36 37 38]
C_final_list= [4.379256308936946e-07, 2.5715346284223944e-07, 1.4935952897219177e-07, 8.764863182320771e-08, 5.119608918350656e-08, 2.9604946530450312e-08, 1.7099625665709935e-08, 9.874103160901835e-09, 5.7227230531417515e-09, 3.2963872414809243e-09, 1.8774722409100287e-09, 1.0836172190035899e-09, 6.213423052692243e-10, 3.5561650730437785e-10, 2.023851388601331e-10, 1.1494207652748687e-10, 6.471794710919631e-11, 3.645990520748046e-11, 2.0657636606611702e-11, 1.1508995920580895e-11, 6.3909681438747525e-12, 3.5836598065977598e-12, 2.022747919826261e-12, 1.1694306163783043e-12, 6.763765926936707e-13, 3.7967808975500685e-13, 2.1454967513871521e-13, 1.15274928950448e-13, 6.00687468532528e-14, 3.134468392291605e-14, 1.6338262805910884e-14, 9.237841290418843e-15, 4.897577307438353e-15, 2.451632532372506e-15, 1.2128445710610978e-15, 6.27280514970607e-16, 3.4411247666716674e-16, 1.794700696039659e-16]
W_list: [7]
L_list: [1.8626960392831864]
