C_list:
1.5038991427097645e-06 0.03684303697849372
ndim2: 500
W_list: [2.0]
L_list: [27.142170733203322]
