C_final_list: [1.1393671325195523e-06, 1.1048888275031086e-06, 1.0699074628310682e-06, 1.03549399431238e-06, 1.0019770530132145e-06, 9.68726135944962e-07, 9.369754945172e-07, 9.058615085968912e-07, 8.754995939129459e-07, 8.455087808224896e-07, 8.165870014087783e-07, 7.884581047232644e-07, 7.609851834163522e-07, 7.347506965552953e-07, 7.094120925360897e-07, 6.850056690921992e-07, 6.613733899392351e-07, 6.383963714748864e-07, 6.160797381037082e-07, 5.944719660578197e-07, 5.738317656617871e-07, 5.537717297570996e-07, 5.346342184967398e-07, 5.163044810184842e-07, 4.986161051997481e-07, 4.812918178578904e-07, 4.646726001261696e-07, 4.485636006001338e-07, 4.33003737672696e-07, 4.1813357219989717e-07, 4.0378852295008253e-07, 3.8981434511674645e-07, 3.7616145024696116e-07, 3.629780657961072e-07, 3.5028059156043163e-07]
ndim2: 500
W_list: [3.2]
L_list: [28.800819092145055]
