C_final_list: [1.6598745693967589e-06, 1.636476856910161e-06, 1.613078321643581e-06, 1.5904771521558644e-06, 1.5684366451718432e-06, 1.5469889519118801e-06, 1.5259431655819776e-06, 1.5054791750890295e-06, 1.4851006223109239e-06, 1.4649758800929762e-06, 1.4451091020615667e-06, 1.4255315242007277e-06, 1.4062383611926834e-06, 1.3870525924462777e-06, 1.3682594702913762e-06, 1.3495431804512751e-06, 1.3312872844525465e-06, 1.3131063121518059e-06, 1.2950951910892156e-06, 1.2772840984845788e-06, 1.2596245771062515e-06, 1.2423492239593293e-06, 1.2255057004319505e-06, 1.208888223831896e-06, 1.1924358570187223e-06, 1.17611350787573e-06, 1.159714717309309e-06, 1.1438204232096113e-06, 1.12801433461065e-06, 1.1123503498509737e-06, 1.0969181032724727e-06, 1.0818164021524316e-06, 1.0669759144612137e-06, 1.0524649609752985e-06, 1.0382177798431172e-06]
ndim2: 500
W_list: [2.4]
L_list: [72.66721281284902]
