R_list= [ 1  2  3  4  5  6  7  8  9 10 11 12 13 14 15 16 17 18 19 20 21 22 23 24
 25 26 27 28 29 30 31 32 33 34 35 36 37 38]
C_final_list= [8.739394727411627e-07, 5.510976013467396e-07, 2.9707412394167985e-07, 1.462643076642873e-07, 6.831219071509138e-08, 3.0928195332579774e-08, 1.3746421177755105e-08, 6.044554191596057e-09, 2.645221140794868e-09, 1.1560865754441394e-09, 5.084084525294385e-10, 2.265397436616628e-10, 1.0281352651821736e-10, 4.7638687236647876e-11, 2.244407167449971e-11, 1.0793602753780355e-11, 5.343414790552766e-12, 2.7151863069195873e-12, 1.3898750403029755e-12, 6.933149065173567e-13, 3.3408378691903976e-13, 1.591191480402364e-13, 7.46667152062385e-14, 3.4381153306716423e-14, 1.5579755341428698e-14, 7.038949704910436e-15, 3.1928274130396167e-15, 1.4538794060621592e-15, 6.615043847137546e-16, 2.9730227344552735e-16, 1.3262948549754694e-16, 5.908540728551607e-17, 2.650624042862278e-17, 1.2046591328103906e-17, 5.638323096587869e-18, 2.6948848145904868e-18, 1.3124609914177947e-18, 6.698794609011691e-19]
W_list: [4]
L_list: [1.7627644577578732]
