R_list= [ 1  2  3  4  5  6  7  8  9 10 11 12 13 14 15 16 17 18 19 20 21 22 23 24
 25 26 27 28 29 30 31 32 33 34 35 36 37 38]
C_final_list= [1.2235719531205663e-06, 1.1394550919349271e-06, 1.071143342001119e-06, 1.0051183621464495e-06, 9.430821181924765e-07, 8.851002297036448e-07, 8.310387996079663e-07, 7.796327951631288e-07, 7.317831783857123e-07, 6.870564055111324e-07, 6.442470180290119e-07, 6.038585727352474e-07, 5.660643691179984e-07, 5.301625409219471e-07, 4.967638135397933e-07, 4.656127031700951e-07, 4.362642898504419e-07, 4.089206768046546e-07, 3.82712509977672e-07, 3.57987694557629e-07, 3.346171467233226e-07, 3.1259249301105533e-07, 2.921168721049093e-07, 2.7316979408727187e-07, 2.552993077291123e-07, 2.3835377083380042e-07, 2.2258237239840007e-07, 2.0781192591224549e-07, 1.9409042403934075e-07, 1.8122285823227443e-07, 1.6928637279159596e-07, 1.5823465348617407e-07, 1.4781228453684813e-07, 1.3813440430378092e-07, 1.2909922428165082e-07, 1.2069188354871295e-07, 1.1278624094934498e-07, 1.0537143578606276e-07]
W_list: [5]
L_list: [15.376519982541078]
