R_list= [ 1  2  3  4  5  6  7  8  9 10 11 12 13 14 15 16 17 18 19 20 21 22 23 24
 25 26 27 28 29 30 31 32 33 34 35 36 37 38]
C_final_list= [5.112949645850169e-07, 3.971957330648025e-07, 3.049553838924337e-07, 2.33723294083915e-07, 1.7824145987775953e-07, 1.362862276359961e-07, 1.0379714370276016e-07, 7.89042545017124e-08, 5.982705162789185e-08, 4.5052960626849916e-08, 3.393695998766789e-08, 2.554878306213251e-08, 1.9268721474606714e-08, 1.4432863174073495e-08, 1.0840365155077979e-08, 8.12044527099882e-09, 6.095156486616807e-09, 4.574323188916845e-09, 3.4352339023897045e-09, 2.572886939375214e-09, 1.921973747283344e-09, 1.4338984285485867e-09, 1.0691688978855442e-09, 7.96823270227564e-10, 5.886968723441608e-10, 4.353752830558752e-10, 3.214394578900923e-10, 2.374443762230998e-10, 1.7600824414262557e-10, 1.2984517108989324e-10, 9.54965845940621e-11, 7.087891124404902e-11, 5.243908626330754e-11, 3.8988940366437407e-11, 2.892923597363239e-11, 2.093790628610672e-11, 1.5118700615608512e-11, 1.0721052432421925e-11]
W_list: [8.8]
L_list: [3.752066758048182]
