R_list= [ 1  2  3  4  5  6  7  8  9 10 11 12 13 14 15 16 17 18 19 20 21 22 23 24
 25 26 27 28 29 30 31 32 33 34 35 36 37 38]
C_final_list= [3.630791823293498e-07, 3.308847635820829e-07, 2.990051559488708e-07, 2.694019491144053e-07, 2.42457909258493e-07, 2.1770825167090946e-07, 1.9526087947180397e-07, 1.7472429474617375e-07, 1.5634130707953175e-07, 1.3989442466576406e-07, 1.2516800312189046e-07, 1.1184677547718366e-07, 9.98959458474337e-08, 8.934199226256353e-08, 7.982647334795421e-08, 7.131783685759556e-08, 6.359064113633135e-08, 5.6772694873616994e-08, 5.063755365566589e-08, 4.5159875774863535e-08, 4.030050910977694e-08, 3.599128426556263e-08, 3.212769693865458e-08, 2.8646312856515766e-08, 2.5529587926413962e-08, 2.275375019404613e-08, 2.0277819830614792e-08, 1.805350725260476e-08, 1.6067561383639722e-08, 1.428468316139759e-08, 1.2709402716847352e-08, 1.1322227532211924e-08, 1.0084298308915767e-08, 8.966311057726107e-09, 7.96834912801808e-09, 7.079310394339184e-09, 6.283971416259861e-09, 5.583650215315436e-09]
W_list: [7]
L_list: [9.16976029521081]
