R_list= [ 1  2  3  4  5  6  7  8  9 10 11 12 13 14 15 16 17 18 19 20 21 22 23 24
 25 26 27 28 29 30 31 32 33 34 35 36 37 38]
C_final_list= [8.935953030421682e-07, 6.773506206856629e-07, 5.061788340738064e-07, 3.8322220524599485e-07, 2.936586284101573e-07, 2.2520708523018436e-07, 1.7212243190635338e-07, 1.3107448358685262e-07, 9.954431095328923e-08, 7.562501779094055e-08, 5.7370765360311106e-08, 4.3463782692106804e-08, 3.287073221645322e-08, 2.4874126407423637e-08, 1.874948574352274e-08, 1.4099947614801335e-08, 1.0620785374958443e-08, 8.021976305861244e-09, 6.0629535429535564e-09, 4.570102902703996e-09, 3.4201120800101303e-09, 2.549962419027224e-09, 1.897679905014598e-09, 1.414413361778104e-09, 1.0611350073483417e-09, 8.000660036909859e-10, 6.021568242595962e-10, 4.541574769799105e-10, 3.412670434560215e-10, 2.556072215064174e-10, 1.9103302851804618e-10, 1.4195093643282498e-10, 1.0619674206741462e-10, 8.085237024927686e-11, 6.197029405785974e-11, 4.754509003195904e-11, 3.581663959132701e-11, 2.6539714059222758e-11]
W_list: [5]
L_list: [3.6134766560884106]
