R_list= [ 1  2  3  4  5  6  7  8  9 10 11 12 13 14 15 16 17 18 19 20 21 22 23 24
 25 26 27 28 29 30 31 32]
C_final_list= [4.837691460587152e-07, 3.9303749087761537e-07, 3.2128613932225745e-07, 2.626483730882766e-07, 2.1404991266042967e-07, 1.7381525280006856e-07, 1.4126305165035882e-07, 1.1446931590566931e-07, 9.257324682455129e-08, 7.471700631397562e-08, 6.046381336367533e-08, 4.900941286211261e-08, 3.9637375707000795e-08, 3.200483528562955e-08, 2.583662329663238e-08, 2.0839344020722902e-08, 1.67504966480402e-08, 1.3445641303156926e-08, 1.0799857023879614e-08, 8.65405452907435e-09, 6.9239579933113286e-09, 5.541709541231996e-09, 4.447931824086713e-09, 3.5809426557724694e-09, 2.885625465988105e-09, 2.326901749340984e-09, 1.8784493314339676e-09, 1.5140173243154498e-09, 1.221810373969636e-09, 9.844129558758033e-10, 7.909143257975973e-10, 6.33792632927285e-10]
W_list: [6]
L_list: [4.840068082212568]
