C_final_list: [1.6582196807280167e-06, 1.632257704051216e-06, 1.6065892408202546e-06, 1.5817695590435583e-06, 1.557085724635642e-06, 1.5331349675919988e-06, 1.5096275335394907e-06, 1.4865936626658913e-06, 1.4638314104812008e-06, 1.4420026699830522e-06, 1.4206559215679236e-06, 1.3994770423416976e-06, 1.3788093245932513e-06, 1.3583955604909617e-06, 1.3381938342683704e-06, 1.3185206184910964e-06, 1.2990996768439714e-06, 1.280129087562182e-06, 1.261458089975987e-06, 1.242927172825123e-06, 1.2247736749427995e-06, 1.2068915309320012e-06, 1.1889556456581991e-06, 1.1712949281525023e-06, 1.1540188984452903e-06, 1.1368924268542676e-06, 1.1198433909864985e-06, 1.1031653084204312e-06, 1.0868592032749408e-06, 1.0705554227444725e-06, 1.0546756096609874e-06, 1.039078411057666e-06, 1.0236269450505474e-06, 1.008425425755675e-06, 9.935340376208938e-07, 9.7880411535175e-07, 9.642270284160105e-07, 9.497388138323936e-07, 9.353509984202254e-07, 9.211481078108553e-07, 9.07037268090806e-07, 8.933916354732512e-07, 8.799771277622083e-07, 8.667393072014003e-07, 8.539029504222082e-07, 8.410005603934995e-07, 8.283733241136867e-07, 8.159009500977582e-07, 8.035457920265736e-07, 7.914654418629812e-07]
ndim2: 500
W_list: [3.0]
L_list: [66.62085949988654]
