R_list= [ 1  2  3  4  5  6  7  8  9 10 11 12 13 14 15 16 17 18 19 20 21 22 23 24
 25 26 27 28 29 30 31 32 33 34 35 36 37 38]
C_final_list= [8.584486444202736e-07, 5.41909137388116e-07, 2.921674751306491e-07, 1.4370662644586816e-07, 6.700794660626374e-08, 3.030928213041511e-08, 1.349495567530214e-08, 5.969148545998266e-09, 2.640904628369445e-09, 1.1712062224729756e-09, 5.202323990961187e-10, 2.309014167326198e-10, 1.024858420128221e-10, 4.558216628274673e-11, 2.0314336550643866e-11, 9.08150878679525e-12, 4.0548951410939936e-12, 1.793600450553673e-12, 7.852147277703602e-13, 3.4124268322471645e-13, 1.4795406295162705e-13, 6.422968641482691e-14, 2.771111613112948e-14, 1.1837876741743986e-14, 5.014689321856863e-15, 2.1056997278243334e-15, 8.841515990745032e-16, 3.7559400199484234e-16, 1.6098131959773137e-16, 6.965810684123886e-17, 3.074727755869819e-17, 1.3940903587581868e-17, 6.5368435645273515e-18, 3.157933010579065e-18, 1.569796321328026e-18, 8.061194035037424e-19, 4.351471169133774e-19, 2.48728890369742e-19]
W_list: [4]
L_list: [1.7637592959743231]
