C_list:
1.602191117408101e-06 0.01922546271124535
ndim2: 500
W_list: [1.4]
L_list: [52.014352789287116]
