R_list= [ 1  2  3  4  5  6  7  8  9 10 11 12 13 14 15 16 17 18 19 20 21 22 23 24
 25 26 27 28 29 30 31 32 33 34 35 36 37 38]
C_final_list= [5.469661946844654e-07, 4.765259161783574e-07, 4.106255165081006e-07, 3.521582839159326e-07, 3.0090958013279314e-07, 2.573633464623476e-07, 2.2024803689586413e-07, 1.881795763109922e-07, 1.6066340734765235e-07, 1.3715978210736063e-07, 1.170540456132958e-07, 9.995747442410973e-08, 8.52930868983072e-08, 7.278058258892228e-08, 6.204443649682948e-08, 5.272826448157261e-08, 4.480119314410843e-08, 3.802665498117973e-08, 3.2236043775310256e-08, 2.7275701850754214e-08, 2.3115326286840677e-08, 1.9566266133458117e-08, 1.6568532900911053e-08, 1.4006140026975562e-08, 1.1851703850696964e-08, 1.0034824504600538e-08, 8.491546568392584e-09, 7.1839897734641056e-09, 6.079632031552326e-09, 5.1449790608207796e-09, 4.345073512267617e-09, 3.6714093189753413e-09, 3.103685521109446e-09, 2.6206151227832967e-09, 2.2114456487310897e-09, 1.8659786425792293e-09, 1.5711077227928688e-09, 1.3171344154356366e-09]
W_list: [8.4]
L_list: [6.449135750160278]
