C_final_list: [1.4412757132713317e-06, 1.4088064271965568e-06, 1.3765073481377075e-06, 1.3450508464764036e-06, 1.3145749383061232e-06, 1.2847022663323593e-06, 1.2553014379357187e-06, 1.2265174870865804e-06, 1.1982818241513105e-06, 1.1708420638646882e-06, 1.1440203265808143e-06, 1.1177617633270924e-06, 1.0921750379879554e-06, 1.0673695732699411e-06, 1.0431993713869102e-06, 1.019404045129143e-06, 9.963400702941743e-07, 9.737444026107203e-07, 9.517822616839825e-07, 9.30201236380293e-07, 9.089973415940463e-07, 8.884944565936377e-07, 8.683942133862085e-07, 8.49009299752894e-07, 8.300299545728099e-07, 8.113872311944609e-07, 7.930212905724734e-07, 7.74800264367341e-07, 7.570013383507198e-07, 7.394160639402067e-07, 7.221794353572498e-07, 7.053167520265396e-07, 6.888508734308175e-07, 6.727049963085945e-07, 6.568781199298213e-07, 6.413444252771027e-07, 6.259260464906305e-07, 6.10992270972499e-07, 5.965915892619477e-07, 5.824587117118511e-07, 5.686029273819741e-07, 5.549706442923885e-07, 5.417311869899546e-07, 5.286834365359288e-07, 5.159723027421797e-07, 5.036411953033386e-07, 4.915297723532394e-07, 4.796650487141932e-07, 4.6818301062257553e-07, 4.5691270791047424e-07]
ndim2: 500
W_list: [3.3499999999999996]
L_list: [43.052151331228586]
