C_list:
1.2379798722994277e-06 0.0733658191893308
ndim2: 500
W_list: [2.8]
L_list: [13.630325552821262]
