R_list= [ 1  2  3  4  5  6  7  8  9 10 11 12 13 14 15 16 17 18 19 20 21 22 23 24
 25 26 27 28 29 30 31 32 33 34 35 36 37 38]
C_final_list= [1.6553542848904948e-07, 1.4296723186128844e-07, 1.2155043625413958e-07, 1.025736830738407e-07, 8.613258532038604e-08, 7.203608583728205e-08, 6.0063540216478e-08, 5.007697238675831e-08, 4.1626430188812276e-08, 3.456799579993276e-08, 2.8663331882398415e-08, 2.3750451469818788e-08, 1.9658618871612846e-08, 1.626892140348528e-08, 1.344449206593367e-08, 1.1094015870424271e-08, 9.177492121709995e-09, 7.583019614703396e-09, 6.256474549025561e-09, 5.161028793680331e-09, 4.262174756547162e-09, 3.509857735987985e-09, 2.890149977793737e-09, 2.3808276865216135e-09, 1.9551908191765827e-09, 1.607410541811769e-09, 1.321697849395173e-09, 1.089487357371213e-09, 9.002404487242186e-10, 7.442457913039452e-10, 6.154543178148321e-10, 5.095057095231933e-10, 4.22015113119239e-10, 3.4996973003298524e-10, 2.900459937869175e-10, 2.396084730569287e-10, 1.9789995570098683e-10, 1.6322155996490151e-10]
W_list: [9.2]
L_list: [5.715343589069968]
