R_list= [ 1  2  3  4  5  6  7  8  9 10 11 12 13 14 15 16 17 18 19 20 21 22 23 24
 25 26 27 28 29 30 31 32 33 34 35 36 37 38]
C_final_list= [3.225654978483251e-06, 2.59710212522597e-06, 2.070431971891161e-06, 1.64663221896196e-06, 1.3096524785912111e-06, 1.0440524812081871e-06, 8.286673247610529e-07, 6.567273987390497e-07, 5.209797117596771e-07, 4.1321492363017536e-07, 3.276092226915475e-07, 2.5913200272918565e-07, 2.0476717087998555e-07, 1.6120296984393163e-07, 1.2686453342055773e-07, 9.971349542609603e-08, 7.83790458319927e-08, 6.156494781863633e-08, 4.8174540530519167e-08, 3.783573371108095e-08, 2.9762356655511075e-08, 2.3417392429210338e-08, 1.8462175698124528e-08, 1.4600449223561902e-08, 1.1501714148660695e-08, 9.050532058627395e-09, 7.100963807623713e-09, 5.576024603510901e-09, 4.367834560906049e-09, 3.4445646970685536e-09, 2.7244432388532093e-09, 2.1528924143470436e-09, 1.7036425471581254e-09, 1.3515461448635192e-09, 1.0775544809854351e-09, 8.575320030185995e-10, 6.788537238608184e-10, 5.375108399526824e-10]
W_list: [8.4]
L_list: [4.390901784214833]
