C_final_list: [1.6804162547937155e-06, 1.655768613881686e-06, 1.6359572338053304e-06, 1.6139663700541545e-06, 1.5933172587298624e-06, 1.5731325987120404e-06, 1.5534833731983368e-06, 1.5341236837305067e-06, 1.515155756789673e-06, 1.4961781202550533e-06, 1.4775120392014638e-06, 1.4592195460501057e-06, 1.4411482940933152e-06, 1.4233234835916023e-06, 1.4057402728060214e-06, 1.388471970498247e-06, 1.3710207489380631e-06, 1.3537226842208805e-06, 1.3366378814097356e-06, 1.3197590492160595e-06, 1.3031972209187455e-06, 1.2869635054242502e-06, 1.2708559692196033e-06, 1.2548915639942429e-06, 1.239038563052938e-06, 1.223364411735913e-06, 1.2075997127118464e-06, 1.1919750065583361e-06, 1.1764851468299506e-06, 1.1612520878643236e-06, 1.1462879613032441e-06, 1.1315738793826727e-06, 1.1169133746138989e-06, 1.1023488897642084e-06, 1.0880287983792224e-06]
ndim2: 500
W_list: [1.4]
L_list: [78.92274595247406]
