R_list= [ 1  2  3  4  5  6  7  8  9 10 11 12 13 14 15 16 17 18 19 20 21 22 23 24
 25 26 27 28 29 30 31 32 33 34 35 36 37 38]
C_final_list= [8.292363522511526e-07, 7.277962220402869e-07, 6.446672779634429e-07, 5.70263912243467e-07, 5.033492132809249e-07, 4.436693631553737e-07, 3.9015027118569854e-07, 3.4308851046658924e-07, 3.016524405232225e-07, 2.6517216740520257e-07, 2.3314896505454802e-07, 2.0486466150761294e-07, 1.7989445674458907e-07, 1.579569460786497e-07, 1.386070197319289e-07, 1.216931043933702e-07, 1.0686946986256328e-07, 9.38782985452474e-08, 8.243314991361796e-08, 7.231141095224846e-08, 6.328293517626873e-08, 5.526773929531515e-08, 4.822339990771444e-08, 4.203458490158573e-08, 3.666090993423709e-08, 3.200249269758815e-08, 2.794713170430278e-08, 2.445204047917406e-08, 2.140143641223793e-08, 1.8689198614572788e-08, 1.6283233597685753e-08, 1.4199313477826195e-08, 1.2386541553532575e-08, 1.0806182076682117e-08, 9.453322325160717e-09, 8.27563867295485e-09, 7.250365372599107e-09, 6.354956272063992e-09]
W_list: [6]
L_list: [7.840243134217855]
