R_list= [ 1  2  3  4  5  6  7  8  9 10 11 12 13 14 15 16 17 18 19 20 21 22 23 24
 25 26 27 28 29 30 31 32 33 34 35 36 37 38]
C_final_list= [3.468634350231094e-05, 2.2266513351210197e-05, 1.4232125842267895e-05, 9.076944566330853e-06, 5.761072536666471e-06, 3.664015327196679e-06, 2.3226554335634106e-06, 1.4690576259926332e-06, 9.337405908512925e-07, 5.954992683903877e-07, 3.789839038430336e-07, 2.402518753720942e-07, 1.5310306540532047e-07, 9.732048647449875e-08, 6.153780177946331e-08, 3.908829445627913e-08, 2.4883168302712902e-08, 1.588016573222063e-08, 1.0101690745951538e-08, 6.4210048672197505e-09, 4.074946776922749e-09, 2.5717017559576644e-09, 1.6289198121774065e-09, 1.029238989910579e-09, 6.465113637128808e-10, 4.040422000729748e-10, 2.5384976563617644e-10, 1.6136669847506616e-10, 1.0426214185243066e-10, 6.642582259743893e-11, 4.2532714423198646e-11, 2.7570140703057032e-11, 1.750528430133267e-11, 1.0844436811230271e-11, 6.7334975475143515e-12, 4.206191257882972e-12, 2.663701279566135e-12, 1.7147146381056466e-12]
W_list: [8.35]
L_list: [2.233553467172797]
