R_list= [ 1  2  3  4  5  6  7  8  9 10 11 12 13 14 15 16 17 18 19 20 21 22 23 24
 25 26 27 28 29 30 31 32]
C_final_list= [7.044388679192151e-07, 6.347270911577846e-07, 5.751113519149747e-07, 5.203970808185573e-07, 4.7086783423552917e-07, 4.2613003933255313e-07, 3.85764737620845e-07, 3.490366893668368e-07, 3.1533560442991465e-07, 2.847488018111448e-07, 2.568177354476869e-07, 2.3187499441664945e-07, 2.095141937138081e-07, 1.8927740690770348e-07, 1.709513237471158e-07, 1.5426727627233624e-07, 1.3919489704235048e-07, 1.2549285836578695e-07, 1.1301287785360206e-07, 1.0158660958019549e-07, 9.134796543523189e-08, 8.216675790049022e-08, 7.374084492148626e-08, 6.624865195817844e-08, 5.940568525633633e-08, 5.3238891774975e-08, 4.767265889260122e-08, 4.271038904220828e-08, 3.821835115230166e-08, 3.416618617205658e-08, 3.0487879150311435e-08, 2.720751114204362e-08]
W_list: [6]
L_list: [9.838916713585306]
