R_list= [ 1  2  3  4  5  6  7  8  9 10 11 12 13 14 15 16 17 18 19 20 21 22 23 24
 25 26 27 28 29 30 31 32 33 34 35 36 37 38]
C_final_list= [8.334206666072902e-08, 3.9881152221083064e-08, 1.5333427473477378e-08, 5.2282262684788425e-09, 1.657938295880453e-09, 5.01336693046965e-10, 1.476450979486732e-10, 4.326076597690532e-11, 1.2833090486241135e-11, 3.941350165404636e-12, 1.2644609945987307e-12, 3.9413901788213256e-13, 1.1501818699503932e-13, 3.3151677313023324e-14, 9.675315190667684e-15, 2.9299258865647508e-15, 8.665236498767291e-16, 2.4437182485638864e-16, 6.434536180777395e-17, 1.6486421890462568e-17, 4.3300577091598574e-18, 1.180055476471145e-18, 3.263130460274324e-19, 8.743799968278471e-20, 2.3258546832306445e-20, 6.3113943711237096e-21, 1.777726033595812e-21, 5.282642812912711e-22, 1.7259874638066362e-22, 6.476653303344076e-23, 2.8768572318956155e-23, 1.5936887088683334e-23, 1.1187016654821953e-23, 9.466213092506654e-24, 8.519935435799823e-24, 7.807983598933033e-24, 7.429474574826755e-24, 7.256048549375522e-24]
W_list: [5]
L_list: [1.2207074624630811]
