C_final_list: [1.36078568533485e-06, 1.2868487991357305e-06, 1.2147426797574384e-06, 1.1460181869806814e-06, 1.0808212271475238e-06, 1.0203018490377553e-06, 9.629306239423184e-07, 9.084139821667606e-07, 8.570100454879644e-07, 8.084367653704521e-07, 7.624507591143289e-07, 7.188182075960985e-07, 6.775267257652276e-07, 6.385620635983892e-07, 6.016716732655632e-07, 5.667147757919818e-07, 5.335592577474826e-07, 5.021950525777272e-07, 4.7273823316162504e-07, 4.451058540890021e-07, 4.1908032224842393e-07, 3.9436910119897553e-07, 3.7089549416704853e-07, 3.4897004831340065e-07, 3.282916320644266e-07, 3.085643689776586e-07, 2.901441905791052e-07, 2.7282437520119787e-07, 2.5636973191275015e-07, 2.4078206811170877e-07, 2.2623642440135014e-07, 2.125058664606877e-07, 1.9966430372918816e-07, 1.8749442679737305e-07, 1.7609475446918237e-07]
ndim2: 500
W_list: [3.6]
L_list: [16.86880001121791]
