C_final_list: [1.812542401902696e-06, 1.7595204907730226e-06, 1.7180486455733867e-06, 1.6713534209025018e-06, 1.6274099000209221e-06, 1.584095321853713e-06, 1.5413082398936497e-06, 1.499761631385547e-06, 1.459383503605471e-06, 1.4202028616747762e-06, 1.382448611336574e-06, 1.3460979406548838e-06, 1.3105702409779055e-06, 1.2761424164476273e-06, 1.2426165607864888e-06, 1.2100383587908148e-06, 1.1780301476265704e-06, 1.1468281429712336e-06, 1.1164701169374087e-06, 1.08683562891625e-06, 1.0583043493024127e-06, 1.0300870154065154e-06, 1.0028294770727545e-06, 9.761862024443387e-07, 9.504563024473375e-07, 9.25346246701195e-07, 9.011432339407249e-07, 8.772384132477249e-07, 8.536926946194204e-07, 8.301371926538945e-07, 8.075867637968429e-07, 7.854674002894745e-07, 7.638940575692302e-07, 7.425829319441668e-07, 7.22123422755619e-07]
ndim2: 500
W_list: [1.4]
L_list: [37.15577009162487]
