R_list= [ 1  2  3  4  5  6  7  8  9 10 11 12 13 14 15 16 17 18 19 20 21 22 23 24
 25 26 27 28 29 30 31 32 33 34 35 36 37 38]
C_final_list= [5.175047872917158e-07, 4.624414362652294e-07, 4.0988711864297604e-07, 3.620926989977354e-07, 3.1934975769299797e-07, 2.815164207988928e-07, 2.482747657184928e-07, 2.1860174223899054e-07, 1.9210557247890787e-07, 1.6889870769752986e-07, 1.4866240838658765e-07, 1.3081537394618893e-07, 1.1504076049867698e-07, 1.0105400921348937e-07, 8.870443799208598e-08, 7.767466154215388e-08, 6.801330889305334e-08, 5.9599988505605196e-08, 5.2208822578214486e-08, 4.566023120586493e-08, 3.9935820201286855e-08, 3.487956659992707e-08, 3.041262335042101e-08, 2.650256473260079e-08, 2.3118945128597345e-08, 2.014142638973938e-08, 1.751410162220248e-08, 1.5219213238394856e-08, 1.3226110331630833e-08, 1.1495799543391124e-08, 9.979240898068811e-09, 8.672691150860854e-09, 7.532470089186569e-09, 6.543040936038985e-09, 5.688673534651326e-09, 4.943307425688891e-09, 4.2891490031789e-09, 3.726423884016565e-09]
W_list: [7.6]
L_list: [7.902766617309873]
