R_list= [ 1  2  3  4  5  6  7  8  9 10 11 12 13 14 15 16 17 18 19 20 21 22 23 24
 25 26 27 28 29 30 31 32 33 34 35 36 37 38]
C_final_list= [2.1553528979253918e-07, 1.3061664408228204e-07, 6.664519027113259e-08, 3.0767129670614425e-08, 1.3372808408662279e-08, 5.593093138078987e-09, 2.2829041325289348e-09, 9.175507456322071e-10, 3.6639394132815023e-10, 1.4589892132974126e-10, 5.795379219905298e-11, 2.3055139328854778e-11, 9.190133348177282e-12, 3.688840044816727e-12, 1.485076964479252e-12, 5.998618375724821e-13, 2.4348800140061404e-13, 9.942276440689559e-14, 4.0746526820513883e-14, 1.6922653604301262e-14, 7.125668676797224e-15, 3.0480476753086516e-15, 1.315701304296174e-15, 5.599873353015133e-16, 2.335150053763718e-16, 9.555856333022282e-17, 3.880588917285283e-17, 1.572472699231026e-17, 6.4325698985525076e-18, 2.693978997305348e-18, 1.1661117743604794e-18, 5.247555431219058e-19, 2.453516415763119e-19, 1.2175723097294337e-19, 6.508671968188954e-20, 3.86513209550325e-20, 2.5559498099437946e-20, 1.8774801446504843e-20]
W_list: [4]
L_list: [1.6475670877502644]
