R_list= [ 1  2  3  4  5  6  7  8  9 10 11 12 13 14 15 16 17 18 19 20 21 22 23 24
 25 26 27 28 29 30 31 32 33 34 35 36 37 38]
C_final_list= [8.738577313025507e-07, 7.424651969324625e-07, 6.347980911583192e-07, 5.473664827697831e-07, 4.72188070567088e-07, 4.063758690743571e-07, 3.4943402418036414e-07, 3.0022645687840503e-07, 2.578193391222764e-07, 2.215802674367573e-07, 1.9045191467284665e-07, 1.6353733537214508e-07, 1.4018304292555856e-07, 1.2010647516225586e-07, 1.0274326116752332e-07, 8.778896469254796e-08, 7.496914496256718e-08, 6.384401773603585e-08, 5.426279485553056e-08, 4.60731315603108e-08, 3.915288526802015e-08, 3.3333030256719964e-08, 2.8381430191077414e-08, 2.4162089318217626e-08, 2.0530340030339544e-08, 1.7426407375649812e-08, 1.478017879107155e-08, 1.2519203498537389e-08, 1.0599042065310642e-08, 8.976124044302492e-09, 7.61210735076984e-09, 6.456548535560956e-09, 5.47665521315148e-09, 4.643631450855375e-09, 3.940761076862795e-09, 3.3480118765465106e-09, 2.8558350472478804e-09, 2.4408457098857817e-09]
W_list: [5]
L_list: [6.54793094263788]
