R_list= [ 1  2  3  4  5  6  7  8  9 10 11 12 13 14 15 16 17 18 19 20 21 22 23 24
 25 26 27 28 29 30 31 32 33 34 35 36 37 38]
C_final_list= [2.4600052244535954e-07, 1.526259366200252e-07, 9.299365850359712e-08, 5.625396705267271e-08, 3.3950776325854315e-08, 2.056533897431913e-08, 1.2450651586786466e-08, 7.480414243660495e-09, 4.4452120955774045e-09, 2.6437525626209626e-09, 1.5739664098060973e-09, 9.355374207661077e-10, 5.542543787977117e-10, 3.2301994167786844e-10, 1.8967575385447164e-10, 1.1228756965019977e-10, 6.66687139384692e-11, 3.9497131126741335e-11, 2.3452540979933646e-11, 1.3954851136449898e-11, 8.123143962601395e-12, 4.759885698263567e-12, 2.7471333867346978e-12, 1.5985507616267028e-12, 9.63158914360805e-13, 5.981618709293114e-13, 3.582653674467168e-13, 2.055505711697504e-13, 1.165207136228804e-13, 6.699724529732871e-14, 3.9817328655018166e-14, 2.485132320494296e-14, 1.5808171022799733e-14, 1.0135310304725495e-14, 6.5285915769305544e-15, 3.884023752897927e-15, 2.905819003381944e-15, 1.7389639391135963e-15]
W_list: [7]
L_list: [2.0372412725871083]
