R_list= [ 1  2  3  4  5  6  7  8  9 10 11 12 13 14 15 16 17 18 19 20 21 22 23 24
 25 26 27 28 29 30 31 32 33 34 35 36 37 38]
C_final_list= [1.126917553537135e-06, 1.0285578350648936e-06, 9.510197486856395e-07, 8.795613897600339e-07, 8.12996298857758e-07, 7.51488431709345e-07, 6.946330029837727e-07, 6.416742054683716e-07, 5.922173453820209e-07, 5.46763097534787e-07, 5.049601919254246e-07, 4.664765965195113e-07, 4.3102260944437264e-07, 3.9825492118607606e-07, 3.6777690503679297e-07, 3.3942189097071286e-07, 3.132121135527401e-07, 2.88829299778591e-07, 2.6622613288652323e-07, 2.45333036189721e-07, 2.2589722386845906e-07, 2.080659570832156e-07, 1.9198135946735901e-07, 1.7706862940709464e-07, 1.631611959558045e-07, 1.5025058329407505e-07, 1.3821727017292688e-07, 1.2714509996248386e-07, 1.1690344578825736e-07, 1.0753493886663376e-07, 9.898151814397305e-08, 9.107854529191553e-08, 8.371964487016909e-08, 7.694273274613341e-08, 7.067228540564383e-08, 6.488883161571344e-08, 5.958672345256184e-08, 5.476126922887993e-08]
W_list: [5]
L_list: [12.481895422122488]
