R_list= [ 1  2  3  4  5  6  7  8  9 10 11 12 13 14 15 16 17 18 19 20 21 22 23 24
 25 26 27 28 29 30 31 32 33 34 35 36 37 38]
C_final_list= [1.3343705272589757e-06, 1.2843764341366554e-06, 1.2348514886657656e-06, 1.186928928775999e-06, 1.1410042678092585e-06, 1.0974466808300277e-06, 1.055426387258266e-06, 1.0152687389604538e-06, 9.767662555261747e-07, 9.390930948271505e-07, 9.030597195157546e-07, 8.680805185525294e-07, 8.343270345500243e-07, 8.020910999304054e-07, 7.71216862706277e-07, 7.413250710840276e-07, 7.125725826574067e-07, 6.848602325150316e-07, 6.57709032839549e-07, 6.318381402146962e-07, 6.070764166998327e-07, 5.830528414180481e-07, 5.599959659343078e-07, 5.379403885064213e-07, 5.165156065869311e-07, 4.957824996079857e-07, 4.7572791464901003e-07, 4.5649131874316103e-07, 4.381550145694551e-07, 4.206627321372794e-07, 4.038497819706232e-07, 3.874528228570778e-07, 3.718870507353873e-07, 3.5694273608409575e-07, 3.4246738898491993e-07, 3.2852441965806437e-07, 3.151433143486568e-07, 3.023489848944007e-07]
W_list: [5]
L_list: [25.144473576320795]
