C_final_list: [1.7322417338523995e-06, 1.6707011492270182e-06, 1.6104432089787793e-06, 1.5521272752942506e-06, 1.4962181847745378e-06, 1.4418615166865355e-06, 1.389569158636637e-06, 1.3386961320120947e-06, 1.2893814575571476e-06, 1.2417049626064338e-06, 1.1960026772804354e-06, 1.1512997254001816e-06, 1.1084213608882e-06, 1.0670583355832773e-06, 1.0269375319812186e-06, 9.884259428878462e-07, 9.507547669525082e-07, 9.147517469451454e-07, 8.7986946295469e-07, 8.468479239419649e-07, 8.149767327589249e-07, 7.840250701478071e-07, 7.54123601089192e-07, 7.255476968341057e-07, 6.980720526775938e-07, 6.720018273585564e-07, 6.467932788936834e-07, 6.223177623359835e-07, 5.987035201035596e-07, 5.759768778625725e-07, 5.544055184987113e-07, 5.336085230634795e-07, 5.134795841385644e-07, 4.940575965816738e-07, 4.754483216760351e-07, 4.57458514433959e-07, 4.400363531788648e-07, 4.23301707791517e-07, 4.072359016187736e-07, 3.917056122285208e-07, 3.767079011557021e-07, 3.62116622043916e-07, 3.4812220438602587e-07, 3.345774360414464e-07, 3.2160625009095994e-07, 3.091362417656193e-07, 2.971367931361123e-07, 2.85658234711498e-07, 2.746741004486188e-07, 2.6394917686912696e-07]
ndim2: 500
W_list: [3.2]
L_list: [26.208351963404986]
