R_list= [ 1  2  3  4  5  6  7  8  9 10 11 12 13 14 15 16 17 18 19 20 21 22 23 24
 25 26 27 28 29 30 31 32 33 34 35 36 37 38]
C_final_list= [3.445923960096482e-06, 2.814065471435213e-06, 2.277630182573862e-06, 1.8367830539509033e-06, 1.4790029204790886e-06, 1.1899476311089343e-06, 9.550342778286827e-07, 7.651397002805635e-07, 6.137785026661965e-07, 4.903202676807139e-07, 3.9167998284089403e-07, 3.1352461990741013e-07, 2.511436355084483e-07, 2.0096178313865366e-07, 1.6063438465452456e-07, 1.2835214044268733e-07, 1.0238701635383023e-07, 8.148058067807955e-08, 6.475133997530338e-08, 5.152352741410948e-08, 4.098428518113777e-08, 3.257745524470893e-08, 2.5925180205693987e-08, 2.0572984482965163e-08, 1.6370507110626202e-08, 1.3025129863692766e-08, 1.0363582143143842e-08, 8.244545870957609e-09, 6.562944088380129e-09, 5.218730327659881e-09, 4.14467866368839e-09, 3.294698754992091e-09, 2.615868395101735e-09, 2.076335511698125e-09, 1.6464975070997812e-09, 1.3034777413737782e-09, 1.0259831905574715e-09, 8.11703507642567e-10]
W_list: [8.2]
L_list: [4.638204484528128]
