C_final_list: [1.9925356992461393e-06, 1.754291320539515e-06, 1.5411769255146574e-06, 1.3543897849409735e-06, 1.1933862943778334e-06, 1.049977568536059e-06, 9.227253981039782e-07, 8.106504617679998e-07, 7.138784613607937e-07, 6.293397089703246e-07, 5.55176228607364e-07, 4.882680766891257e-07, 4.298368370715985e-07, 3.775912779055928e-07, 3.3110944747678416e-07, 2.91053542212778e-07, 2.5537258542210955e-07, 2.2393911105615544e-07, 1.9589313143566728e-07, 1.7124606702037453e-07, 1.4982700409688916e-07, 1.3080549775681636e-07, 1.141350314304507e-07, 9.990338095751677e-08, 8.74691008620237e-08, 7.647342297789449e-08, 6.68562834363976e-08, 5.846296924656978e-08, 5.102281709454982e-08, 4.448910645511726e-08, 3.870539074535966e-08, 3.362001158104109e-08, 2.9278225326336527e-08, 2.538169490061418e-08, 2.194013715016893e-08, 1.9002851360071436e-08, 1.6422068873687653e-08, 1.4222537409201437e-08, 1.238334581180822e-08, 1.0782064384887269e-08, 9.39226532273225e-09, 8.15204336556559e-09, 7.095729671439368e-09, 6.200934559098285e-09, 5.405832493886312e-09, 4.725763293153223e-09, 4.133923177930616e-09, 3.6145663085822167e-09, 3.161897941684179e-09, 2.7652079171605574e-09]
ndim2: 500
W_list: [3.0]
L_list: [7.7746110083788516]
