R_list= [ 1  2  3  4  5  6  7  8  9 10 11 12 13 14 15 16 17 18 19 20 21 22 23 24
 25 26 27 28 29 30 31 32 33 34 35 36 37 38]
C_final_list= [2.1210476623062824e-06, 1.8469592823201767e-06, 1.592349542867452e-06, 1.3677972025660512e-06, 1.1711997811012982e-06, 1.0009635526652668e-06, 8.551797758611925e-07, 7.292916285204212e-07, 6.216903175190601e-07, 5.296735857302614e-07, 4.510257297174636e-07, 3.835622796849259e-07, 3.264039392396938e-07, 2.776989485483936e-07, 2.3595930684398456e-07, 2.0037816197398108e-07, 1.7008508758394346e-07, 1.442151604101695e-07, 1.224894582278969e-07, 1.0408608841521098e-07, 8.848489753172441e-08, 7.516745993403719e-08, 6.382018040903853e-08, 5.410335654048674e-08, 4.585890736575703e-08, 3.88366360234489e-08, 3.2866852933487375e-08, 2.780572706526045e-08, 2.3503799537494328e-08, 1.987002007698537e-08, 1.677220745995614e-08, 1.4147694445615036e-08, 1.1936178946591902e-08, 1.0085317423893141e-08, 8.525202085088645e-09, 7.2096025655347435e-09, 6.1026598103732014e-09, 5.171352187000806e-09]
W_list: [8.45]
L_list: [6.42763667923889]
