C_final_list: [2.047829127460725e-06, 1.84346521676227e-06, 1.6501278154071434e-06, 1.481830096103051e-06, 1.329196278971851e-06, 1.1922612543015637e-06, 1.0704530209270727e-06, 9.602520419909463e-07, 8.59985087367498e-07, 7.712999862646008e-07, 6.914021981537569e-07, 6.195135030921515e-07, 5.546001097772468e-07, 4.960941585362274e-07, 4.435130461705647e-07, 3.9720792444588945e-07, 3.548643537133297e-07, 3.17537747220936e-07, 2.8341936201159773e-07, 2.5370346039246515e-07, 2.268016425213148e-07, 2.0244225976982586e-07, 1.8042405439349894e-07, 1.6086463922007787e-07, 1.4315202316839334e-07, 1.2736660089609395e-07, 1.1354351390122042e-07, 1.0102256096359565e-07, 9.024831987263777e-08, 8.026854670083609e-08, 7.140768867118715e-08, 6.366483859360797e-08, 5.65145085737318e-08, 5.0177369113606205e-08, 4.458626432375259e-08]
ndim2: 500
W_list: [2.2]
L_list: [9.119239799133178]
