R_list= [ 1  2  3  4  5  6  7  8  9 10 11 12 13 14 15 16 17 18 19 20 21 22 23 24
 25 26 27 28 29 30 31 32 33 34 35 36 37 38]
C_final_list= [4.334550565995645e-06, 3.6749939887848575e-06, 3.095468845725168e-06, 2.5981040188053535e-06, 2.1800604398413556e-06, 1.828277788067882e-06, 1.5292237266910586e-06, 1.278639909821639e-06, 1.0678696948871308e-06, 8.921809242925265e-07, 7.451479803823966e-07, 6.23133153042242e-07, 5.202358747749053e-07, 4.3424690829573845e-07, 3.6236276042651103e-07, 3.0281684932244105e-07, 2.53217842997916e-07, 2.1156465212038412e-07, 1.765855602648682e-07, 1.476116330079237e-07, 1.2319150464454976e-07, 1.02830199642159e-07, 8.578674946299771e-08, 7.145101050845988e-08, 5.95710506774568e-08, 4.961830704443624e-08, 4.126060825306704e-08, 3.41942415591082e-08, 2.8377309846663703e-08, 2.357928298188159e-08, 1.9617764965792e-08, 1.6309073306744158e-08, 1.3509875815319213e-08, 1.1160506764167378e-08, 9.231738780270352e-09, 7.605908968492996e-09, 6.2864767626323456e-09, 5.2257368637945275e-09]
W_list: [7.6]
L_list: [5.687964591511804]
