R_list= [ 1  2  3  4  5  6  7  8  9 10 11 12 13 14 15 16 17 18 19 20 21 22 23 24
 25 26 27 28 29 30 31 32 33 34 35 36 37 38]
C_final_list= [8.560708589546454e-07, 7.631157564408152e-07, 6.819613635563443e-07, 6.080627479078329e-07, 5.423699947995303e-07, 4.842507645119397e-07, 4.329887469245615e-07, 3.880431067067451e-07, 3.470175976241847e-07, 3.1014178063105664e-07, 2.770907519395523e-07, 2.476786936952994e-07, 2.2110686474778118e-07, 1.9708549429524592e-07, 1.756577384285807e-07, 1.5656736909254003e-07, 1.3953238875931322e-07, 1.241841731682417e-07, 1.1035048561580259e-07, 9.80405982492601e-08, 8.715403573360446e-08, 7.739120457821602e-08, 6.872285462267341e-08, 6.108574087631585e-08, 5.4279170266882725e-08, 4.82044268913386e-08, 4.282982380437506e-08, 3.804233235412381e-08, 3.3798411658039434e-08, 3.0002633204530206e-08, 2.6673739659093986e-08, 2.3667935051751794e-08, 2.1014223473870667e-08, 1.8643668852330362e-08, 1.6532433646138114e-08, 1.4647065766700918e-08, 1.298141647441103e-08, 1.1487433372811691e-08]
W_list: [6]
L_list: [8.805557323982404]
