R_list= [ 1  2  3  4  5  6  7  8  9 10 11 12 13 14 15 16 17 18 19 20 21 22 23 24
 25 26 27 28 29 30 31 32 33 34 35 36 37 38]
C_final_list= [8.41342595538165e-07, 7.626553023015677e-07, 6.86877198039116e-07, 6.171908004386956e-07, 5.537666790908042e-07, 4.967712534457329e-07, 4.459227502177212e-07, 4.001247622309578e-07, 3.592017226917487e-07, 3.2277962884018914e-07, 2.8977444570444994e-07, 2.599449882258083e-07, 2.329636889621619e-07, 2.087361228535059e-07, 1.8683568271083143e-07, 1.6716375423469465e-07, 1.49378740891382e-07, 1.3335555063634457e-07, 1.1903877204596625e-07, 1.0635702154091693e-07, 9.490554579385106e-08, 8.467234237522361e-08, 7.548564303372153e-08, 6.72322631792767e-08, 5.987253374668676e-08, 5.3316632825064905e-08, 4.743674083454235e-08, 4.226713090659302e-08, 3.76915049948392e-08, 3.3575116603356363e-08, 2.989108535952264e-08, 2.6597630021804023e-08, 2.364602192900472e-08, 2.1003604711949774e-08, 1.8647688963558905e-08, 1.658559740267259e-08, 1.4733638210695348e-08, 1.3087779655589727e-08]
W_list: [7.6]
L_list: [9.21312957843131]
