C_list:
9.64644244901777e-07 0.12833638770746802
ndim2: 500
W_list: [3.6]
L_list: [7.7920223395987716]
