R_list= [ 1  2  3  4  5  6  7  8  9 10 11 12 13 14 15 16 17 18 19 20 21 22 23 24
 25 26 27 28 29 30 31 32 33 34 35 36 37 38]
C_final_list= [9.038846246551879e-07, 5.439292201949851e-07, 3.284470953598776e-07, 1.9806571538968044e-07, 1.1779083944131463e-07, 6.965197251850939e-08, 4.13923521339366e-08, 2.4137420956231635e-08, 1.412618998539666e-08, 8.310495308684884e-09, 4.8799260428355795e-09, 2.853437901469697e-09, 1.6968390828967345e-09, 1.0107730245272495e-09, 5.852730546683158e-10, 3.402186122727668e-10, 1.950071063446224e-10, 1.1472278176673884e-10, 6.782115781021375e-11, 4.040517518289494e-11, 2.460264092778023e-11, 1.545926642404914e-11, 9.715825765103304e-12, 5.5821443900802405e-12, 3.1947986331410115e-12, 1.8070858350577094e-12, 1.0747035134328152e-12, 6.218410586187059e-13, 3.4895150798742664e-13, 1.9011682362349708e-13, 1.1703516115179555e-13, 6.344076374045413e-14, 3.649425838298451e-14, 2.1649069969906482e-14, 1.1544030357429232e-14, 6.0297710731591094e-15, 3.0655699437439984e-15, 1.6904857459612568e-15]
W_list: [8.4]
L_list: [1.966478381476345]
