C_list:
1.9748525756778813e-06 0.10746042402449058
ndim2: 500
W_list: [2.0]
L_list: [9.305751480862357]
