C_final_list: [1.2681770499734294e-06, 1.2032135623751577e-06, 1.136243993215169e-06, 1.0717761716396686e-06, 1.0108702924803839e-06, 9.53138247858434e-07, 8.991018567750713e-07, 8.481073718813757e-07, 7.999015382209452e-07, 7.546300839103185e-07, 7.114189690563006e-07, 6.706889649913718e-07, 6.319790379151741e-07, 5.95242335798264e-07, 5.611506677540516e-07, 5.283734645185135e-07, 4.976009741582611e-07, 4.6845107898116176e-07, 4.4130387046186835e-07, 4.1498917846557544e-07, 3.9029210712268907e-07, 3.6738025607652855e-07, 3.456221786262824e-07, 3.2515482414632155e-07, 3.056902692251049e-07, 2.874922711799109e-07, 2.703176592569171e-07, 2.5406571104614424e-07, 2.3876523136286767e-07, 2.2421709853006034e-07, 2.1051546256637063e-07, 1.9768667050813664e-07, 1.8548433663638792e-07, 1.7409154421533233e-07, 1.633617485754437e-07]
ndim2: 500
W_list: [2.4000000000000004]
L_list: [16.832261012058062]
