C_final_list: [2.118810329638523e-06, 1.8546463427706782e-06, 1.6195508961548445e-06, 1.415343389827733e-06, 1.2368060008466883e-06, 1.0811216965945316e-06, 9.456805328156849e-07, 8.26032430462029e-07, 7.210742788704191e-07, 6.286100585435558e-07, 5.484921261418812e-07, 4.784167079237316e-07, 4.1831806076514737e-07, 3.636432503553609e-07, 3.1603261706667306e-07, 2.750950033421554e-07, 2.39410793913785e-07, 2.083782789020841e-07, 1.816479001174673e-07, 1.5877265835107225e-07, 1.38443325218854e-07, 1.2082682690700815e-07, 1.0524875159444501e-07, 9.16436704266534e-08, 7.952764096473187e-08, 6.912951878334472e-08, 5.996206978092543e-08, 5.181544348080278e-08, 4.488653314249329e-08, 3.8863138009474937e-08, 3.3656910793265016e-08, 2.9108955949799595e-08, 2.5210211516769368e-08, 2.173113630767643e-08, 1.8785407566191993e-08, 1.6237644031883328e-08, 1.4042565750734508e-08, 1.2179371787713008e-08, 1.0571710317217615e-08, 9.128299190961303e-09, 7.88438784793747e-09, 6.800804135772186e-09, 5.886588514980022e-09, 5.0989422908117105e-09, 4.4297041481010595e-09, 3.846100995897904e-09, 3.332914112388672e-09, 2.895727017277913e-09, 2.4994872955639842e-09, 2.155266585838673e-09]
ndim2: 500
W_list: [3.05]
L_list: [7.370207970057441]
