C_final_list: [1.783654157596276e-06, 1.5215414821800158e-06, 1.3049952912450822e-06, 1.109595479398396e-06, 9.436597216194611e-07, 8.047901834829494e-07, 6.877496686190682e-07, 5.880739699064117e-07, 5.017887897727217e-07, 4.2730568266108924e-07, 3.6409889937022197e-07, 3.1012054774373024e-07, 2.6260943184941665e-07, 2.241218631526976e-07, 1.9032675252205677e-07, 1.618355273692889e-07, 1.3767449934074405e-07, 1.1700346805690059e-07, 9.900311025043469e-08, 8.365974192956777e-08, 7.083462243711284e-08, 5.977069000376432e-08, 5.059622840947309e-08, 4.275977449618158e-08, 3.638072695763798e-08, 3.088571335161883e-08, 2.6067803076823538e-08, 2.2079667639762803e-08, 1.8703605446054515e-08, 1.5798810944155357e-08, 1.335637796449522e-08, 1.1281604828131757e-08, 9.53147869518457e-09, 8.05122997881046e-09, 6.819858792992791e-09]
ndim2: 500
W_list: [2.0]
L_list: [6.269948728195159]
