R_list= [ 1  2  3  4  5  6  7  8  9 10 11 12 13 14 15 16 17 18 19 20 21 22 23 24
 25 26 27 28 29 30 31 32 33 34 35 36 37 38]
C_final_list= [1.5747037093005407e-07, 1.0143434925873076e-07, 6.407111108537139e-08, 4.036469186701705e-08, 2.5453349399329708e-08, 1.6054612573674937e-08, 1.0130459811522098e-08, 6.395001405068378e-09, 4.017804916931756e-09, 2.516273992312136e-09, 1.5811528541972542e-09, 9.897470697035513e-10, 6.110920732721813e-10, 3.7678951341895046e-10, 2.338849329783783e-10, 1.4449093699270448e-10, 8.842593182933735e-11, 5.391882775366523e-11, 3.304058135593516e-11, 2.0400891915960863e-11, 1.2500754130198346e-11, 7.63016710134313e-12, 4.7160426002569576e-12, 2.9701480760758355e-12, 1.8979675188884136e-12, 1.1888549873391156e-12, 7.154202002730952e-13, 4.331055243787649e-13, 2.661006202490241e-13, 1.698844931100135e-13, 1.1371055452566797e-13, 7.24532066306432e-14, 4.394472500774083e-14, 2.8106294333741614e-14, 1.843708924869046e-14, 1.080860436859392e-14, 5.9942772575829055e-15, 3.453723926192773e-15]
W_list: [7]
L_list: [2.206513267080789]
