R_list= [ 1  2  3  4  5  6  7  8  9 10 11 12 13 14 15 16 17 18 19 20 21 22 23 24
 25 26 27 28 29 30 31 32 33 34 35 36 37 38]
C_final_list= [8.049087757235193e-08, 3.842887098708284e-08, 1.4682453434348075e-08, 4.955458985859353e-09, 1.546682312109939e-09, 4.594508088615478e-10, 1.3255670444209848e-10, 3.7531622030720336e-11, 1.0491308524788958e-11, 2.911169828776203e-12, 8.002109538243819e-13, 2.2055397119348163e-13, 6.296413338580163e-14, 1.9244650765375163e-14, 7.026027132282087e-15, 2.89826422787841e-15, 1.3104260309785516e-15, 5.753950788126415e-16, 2.4534943369240545e-16, 1.0543268299566778e-16, 4.058585840292803e-17, 1.5443960841410505e-17, 4.805891430826911e-18, 1.3929300073539735e-18, 3.529122250723875e-19, 9.251807301284361e-20, 2.2603671205768548e-20, 5.513164305956121e-21, 1.5222220050518305e-21, 4.876426139598774e-22, 1.6235342289225237e-22, 5.564511532269986e-23, 2.54935624832721e-23, 1.680797049562622e-23, 1.3516176272852827e-23, 1.1450542069217415e-23, 1.0160237918842052e-23, 9.4601352062254e-24]
W_list: [5]
L_list: [1.2159199394482707]
