R_list= [ 1  2  3  4  5  6  7  8  9 10 11 12 13 14 15 16 17 18 19 20 21 22 23 24
 25 26 27 28 29 30 31 32 33 34 35 36 37 38]
C_final_list= [3.2289993040570527e-06, 2.6015394707021766e-06, 2.0809866089661522e-06, 1.6621028259155682e-06, 1.32433534753354e-06, 1.0544431905954258e-06, 8.380981581729229e-07, 6.660549294256419e-07, 5.28503446176681e-07, 4.189117155659055e-07, 3.314100506286529e-07, 2.623355389158507e-07, 2.0806978116667317e-07, 1.6496093593783487e-07, 1.3018251848218025e-07, 1.0254294257684505e-07, 8.057918121613781e-08, 6.328546329761768e-08, 4.968528866492973e-08, 3.8905957307535515e-08, 3.048679559041482e-08, 2.3963937769415823e-08, 1.8808787573703255e-08, 1.4739015762742408e-08, 1.1553737530885013e-08, 9.06367616259872e-09, 7.116333960316768e-09, 5.570043593435953e-09, 4.3568039686333866e-09, 3.4172567896837906e-09, 2.6818947164099882e-09, 2.100051624958695e-09, 1.6439160307457525e-09, 1.2827539626442927e-09, 1.0019147070051537e-09, 7.88061404196667e-10, 6.190970596362242e-10, 4.861689674215643e-10]
W_list: [8.4]
L_list: [4.42527210724672]
