R_list= [ 1  2  3  4  5  6  7  8  9 10 11 12 13 14 15 16 17 18 19 20 21 22 23 24
 25 26 27 28 29 30 31 32 33 34 35 36 37 38]
C_final_list= [8.271509371858031e-07, 7.384780622321192e-07, 6.619855484647001e-07, 5.909054989038194e-07, 5.269854706574779e-07, 4.7058084314104614e-07, 4.2031352930301505e-07, 3.75316207829337e-07, 3.352854182339933e-07, 2.990334757461837e-07, 2.664284362076951e-07, 2.3773498887287475e-07, 2.1196702702439728e-07, 1.8904700827718488e-07, 1.6844287727453926e-07, 1.5021013771084684e-07, 1.3402462054755776e-07, 1.195815942251188e-07, 1.066327487122065e-07, 9.512795315160011e-08, 8.480322415251458e-08, 7.563384918820652e-08, 6.748100691201963e-08, 6.00842177663071e-08, 5.337126226073701e-08, 4.7321033557527586e-08, 4.1927400449410884e-08, 3.709282626530175e-08, 3.286717861735686e-08, 2.912303174931214e-08, 2.5817448125743427e-08, 2.2845375741711975e-08, 2.0188671784798e-08, 1.7838147737815015e-08, 1.579217046003978e-08, 1.3955795522397355e-08, 1.2316517799690685e-08, 1.08597770438362e-08]
W_list: [6]
L_list: [8.788856262055496]
