R_list= [ 1  2  3  4  5  6  7  8  9 10 11 12 13 14 15 16 17 18 19 20 21 22 23 24
 25 26 27 28 29 30 31 32 33 34 35 36 37 38]
C_final_list= [4.2771782658956174e-07, 3.649396147799792e-07, 3.072395421531889e-07, 2.5740516960189375e-07, 2.1498217613081023e-07, 1.7943237556253986e-07, 1.498928233735223e-07, 1.251194231392422e-07, 1.0440827969585306e-07, 8.69735983699729e-08, 7.233729999493989e-08, 5.999970931709284e-08, 4.976803600525746e-08, 4.1257739666750816e-08, 3.4120548157425666e-08, 2.8231563562345168e-08, 2.3382676701462825e-08, 1.9385271922349504e-08, 1.60626229168726e-08, 1.3306889027497685e-08, 1.103144209243227e-08, 9.12251965642393e-09, 7.51891729609584e-09, 6.187563536754597e-09, 5.095833711077486e-09, 4.192752008721347e-09, 3.4543087235296007e-09, 2.8474710126684103e-09, 2.341573518667883e-09, 1.927426820066253e-09, 1.5844244653666945e-09, 1.3046893469231712e-09, 1.0749031004981553e-09, 8.868692553901363e-10, 7.307379423358657e-10, 6.009915769737807e-10, 4.931478724359127e-10, 4.0364120746329527e-10]
W_list: [8.8]
L_list: [5.616895015209052]
