C_final_list: [1.8820188161603325e-06, 1.7542337013180937e-06, 1.6321193400644622e-06, 1.517451015549682e-06, 1.4105986516529988e-06, 1.311957306715121e-06, 1.2200233224502426e-06, 1.1339088562683148e-06, 1.0548221839942178e-06, 9.811233305479782e-07, 9.117986175878131e-07, 8.482368713578824e-07, 7.8972102159364e-07, 7.345905497988872e-07, 6.828227808509031e-07, 6.34408034074887e-07, 5.882870488311634e-07, 5.452899502879548e-07, 5.061913961679668e-07, 4.691843401234818e-07, 4.347791093109744e-07, 4.0291642303999886e-07, 3.7330481531225476e-07, 3.4632138471044744e-07, 3.2126856052305654e-07, 2.979162733655023e-07, 2.7610417980968754e-07, 2.5569249045824193e-07, 2.3650423156732785e-07, 2.1841631683759173e-07, 2.016684697161173e-07, 1.8631203117247805e-07, 1.7199545072162423e-07, 1.5868926318158957e-07, 1.4650327681562054e-07, 1.352323211116027e-07, 1.248360684127677e-07, 1.151478687439372e-07, 1.0617793955697423e-07, 9.794568188953526e-08, 9.029646860459574e-08, 8.333750548077105e-08, 7.691781998466419e-08, 7.101696962850934e-08, 6.56571518116073e-08, 6.076180681626673e-08, 5.625027479334018e-08, 5.205657936349019e-08, 4.817813470210484e-08, 4.456913386267157e-08]
ndim2: 500
W_list: [3.1999999999999997]
L_list: [13.547269617255287]
