C_list:
1.8728571868629745e-06 0.26137737494962926
ndim2: 500
W_list: [3.6]
L_list: [3.8258858487377214]
