R_list= [ 1  2  3  4  5  6  7  8  9 10 11 12 13 14 15 16 17 18 19 20 21 22 23 24
 25 26 27 28 29 30 31 32 33 34 35 36 37 38]
C_final_list= [2.1998566580886386e-06, 2.0998707351483356e-06, 2.0056490173486825e-06, 1.9157283831683337e-06, 1.8318284061109818e-06, 1.7497749090420267e-06, 1.671554496450431e-06, 1.5971852817262867e-06, 1.5253231839659934e-06, 1.4558638880089171e-06, 1.3889295764608703e-06, 1.3256329247746352e-06, 1.2654077659886284e-06, 1.2083459182685519e-06, 1.1532532627847946e-06, 1.1014989094383988e-06, 1.0517613520661567e-06, 1.0055337234473064e-06, 9.602496754262467e-07, 9.173602697311204e-07, 8.768503069692641e-07, 8.37413514486457e-07, 7.998739332286489e-07, 7.638970856084689e-07, 7.293089529390866e-07, 6.963352587328044e-07, 6.643854071264988e-07, 6.341553500910889e-07, 6.054424963488735e-07, 5.775553234345406e-07, 5.508648013806931e-07, 5.253929899365462e-07, 5.010517460752914e-07, 4.779777897018182e-07, 4.556737852124332e-07, 4.3475808252017875e-07, 4.1462777214705637e-07, 3.951721516710194e-07]
W_list: [4]
L_list: [21.67263392426625]
