C_final_list: [1.3325147144290224e-06, 1.1453307450770858e-06, 9.802117227803087e-07, 8.397377185852835e-07, 7.189826297067532e-07, 6.149219032387357e-07, 5.260665429863222e-07, 4.502889055803855e-07, 3.852263858898497e-07, 3.2953533909384273e-07, 2.821234233729341e-07, 2.411310152061906e-07, 2.061435812703959e-07, 1.7610093320217675e-07, 1.5099609373360396e-07, 1.2940922689831814e-07, 1.1056185710161508e-07, 9.443131154854407e-08, 8.080950095323773e-08, 6.902420504504664e-08, 5.902343774212651e-08, 5.035893684355142e-08, 4.298034862638417e-08, 3.6678173709539805e-08, 3.124434103275591e-08, 2.663609832576087e-08, 2.263608015535617e-08, 1.92658575233149e-08, 1.632342950951338e-08, 1.385424199795082e-08, 1.1784053357085448e-08, 1.0039788157438915e-08, 8.536944545943798e-09, 7.279384698455755e-09, 6.2050279692956825e-09]
ndim2: 500
W_list: [4.2]
L_list: [6.431075164858801]
