R_list= [ 1  2  3  4  5  6  7  8  9 10 11 12 13 14 15 16 17 18 19 20 21 22 23 24
 25 26 27 28 29 30 31 32 33 34 35 36 37 38]
C_final_list= [2.119684553300983e-05, 1.7228454770009585e-05, 1.386480668320784e-05, 1.1119513725542147e-05, 8.907259113673319e-06, 7.12651961857669e-06, 5.696495205868101e-06, 4.552493946763596e-06, 3.6355615150294346e-06, 2.899637157508198e-06, 2.312518430785267e-06, 1.8456996713807986e-06, 1.4734596552986763e-06, 1.1750628350403577e-06, 9.370046448680998e-07, 7.479807254705077e-07, 5.966458345170769e-07, 4.749413903218958e-07, 3.7829931214267993e-07, 3.013093848776585e-07, 2.401690929140856e-07, 1.91368169652374e-07, 1.5234294609311014e-07, 1.2117666950383102e-07, 9.62195519826724e-08, 7.64348515545442e-08, 6.075998748798787e-08, 4.8331312365830444e-08, 3.8610661627582025e-08, 3.0914028532452677e-08, 2.468213465588576e-08, 1.9753872456114945e-08, 1.5812743680475967e-08, 1.267913226530469e-08, 1.0169656790132433e-08, 8.147270629555298e-09, 6.509090880905142e-09, 5.189374552329334e-09]
W_list: [8.25]
L_list: [4.543102206623439]
