C_final_list: [1.2454614934248854e-06, 1.1650708771351862e-06, 1.0879826119400271e-06, 1.0161307194912247e-06, 9.486598254742544e-07, 8.838956542949131e-07, 8.230851879352457e-07, 7.665221593862704e-07, 7.143636743686642e-07, 6.646314301859338e-07, 6.182891121653391e-07, 5.746590726700341e-07, 5.344211871773053e-07, 4.972031477249155e-07, 4.618298241650815e-07, 4.289103079169549e-07, 3.9874961116728685e-07, 3.7065184595680675e-07, 3.4430807503537405e-07, 3.195823586203676e-07, 2.9692684784532633e-07, 2.758847863407162e-07, 2.56380908459252e-07, 2.3823471268962111e-07, 2.2152324947631185e-07, 2.0589035147375673e-07, 1.9136011251163204e-07, 1.7777331258875689e-07, 1.6508850054655136e-07, 1.5332313533830598e-07, 1.4246563850743352e-07, 1.322842808210996e-07, 1.2284330771121027e-07, 1.1406843525892796e-07, 1.0590048267282932e-07]
ndim2: 500
W_list: [3.8]
L_list: [13.924917821326732]
