R_list= [ 1  2  3  4  5  6  7  8  9 10 11 12 13 14 15 16 17 18 19 20 21 22 23 24
 25 26 27 28 29 30 31 32 33 34 35 36 37 38]
C_final_list= [2.166481524996286e-06, 1.8901714804348324e-06, 1.6322964039830707e-06, 1.4018022294129948e-06, 1.2027475757116828e-06, 1.0310031085989107e-06, 8.830880742586663e-07, 7.559212970840972e-07, 6.464118134517933e-07, 5.519055210830889e-07, 4.711805360329973e-07, 4.015924012674874e-07, 3.419750963896725e-07, 2.9127557872817405e-07, 2.4802587571532e-07, 2.1126758735017133e-07, 1.8004229888595992e-07, 1.5342239043494757e-07, 1.305710189666469e-07, 1.1101158048945856e-07, 9.438635129042786e-08, 8.024724860113304e-08, 6.822387675843291e-08, 5.7971533185280845e-08, 4.928646844347337e-08, 4.1866885045080966e-08, 3.552181281240836e-08, 3.012650602564227e-08, 2.554079367395656e-08, 2.1657554536866477e-08, 1.8396269662461385e-08, 1.5602370225704315e-08, 1.3232260625210923e-08, 1.1218991594148154e-08, 9.51572489844938e-09, 8.066188470423206e-09, 6.8365192351440265e-09, 5.787876801710391e-09]
W_list: [8.4]
L_list: [6.511699032829389]
