R_list= [ 1  2  3  4  5  6  7  8  9 10 11 12 13 14 15 16 17 18 19 20 21 22 23 24
 25 26 27 28 29 30 31 32 33 34 35 36 37 38]
C_final_list= [8.919562571266685e-07, 7.569842488428978e-07, 6.467890387136057e-07, 5.579508530513153e-07, 4.814227850436908e-07, 4.146956669525613e-07, 3.572503846889431e-07, 3.0800828468237534e-07, 2.654941946238682e-07, 2.2889726881472238e-07, 1.9714286261033034e-07, 1.6957360815394928e-07, 1.4566498110010732e-07, 1.2520050932242307e-07, 1.075398140927474e-07, 9.223895988929987e-08, 7.898981666588643e-08, 6.767502655518194e-08, 5.8074670115541133e-08, 4.981709991067768e-08, 4.261189682657747e-08, 3.6407155058372544e-08, 3.108714135248478e-08, 2.6543598542918864e-08, 2.25985809330418e-08, 1.9220348914337634e-08, 1.63248251512577e-08, 1.3890724727005636e-08, 1.184172603029577e-08, 1.0085019613129018e-08, 8.576729608116393e-09, 7.287985051530588e-09, 6.187286732737605e-09, 5.257058939770891e-09, 4.468942570679455e-09, 3.793808142529241e-09, 3.21491787603454e-09, 2.7275987020981055e-09]
W_list: [5]
L_list: [6.615381355094833]
