R_list= [ 1  2  3  4  5  6  7  8  9 10 11 12 13 14 15 16 17 18 19 20 21 22 23 24
 25 26 27 28 29 30 31 32 33 34 35 36 37 38]
C_final_list= [4.852855518691546e-07, 3.463670753300349e-07, 2.456930539193792e-07, 1.7512568449110758e-07, 1.2492408283987175e-07, 8.908092318525125e-08, 6.317244469250297e-08, 4.459334738766719e-08, 3.138916103811648e-08, 2.2004488084138817e-08, 1.5507451709206538e-08, 1.0950984291413324e-08, 7.684364777823463e-09, 5.399979019172501e-09, 3.801773888389825e-09, 2.6848583183960287e-09, 1.8996875363761324e-09, 1.3382467727487275e-09, 9.409334498375773e-10, 6.602715890960087e-10, 4.6224220690927937e-10, 3.2226937251363396e-10, 2.2623894291990638e-10, 1.5776554108489008e-10, 1.094065665929855e-10, 7.587711712540385e-11, 5.283811106153021e-11, 3.6757729616316214e-11, 2.570894548267184e-11, 1.7928652153955838e-11, 1.2522783617694767e-11, 8.748300068581564e-12, 6.132009112799424e-12, 4.328381781992355e-12, 3.0598923503159696e-12, 2.1938694039278917e-12, 1.577818995415561e-12, 1.1397188733378667e-12]
W_list: [6]
L_list: [2.938299127802879]
