R_list= [ 1  2  3  4  5  6  7  8  9 10 11 12 13 14 15 16 17 18 19 20 21 22 23 24
 25 26 27 28 29 30 31 32 33 34 35 36 37 38]
C_final_list= [6.488280977145736e-07, 6.073286170215743e-07, 5.652297287705662e-07, 5.24673909567486e-07, 4.865292507803467e-07, 4.5087075147528e-07, 4.177337833509373e-07, 3.868876086649216e-07, 3.583982712955366e-07, 3.318075964102863e-07, 3.0714926663853285e-07, 2.842540906629623e-07, 2.6274660981913367e-07, 2.428984042378107e-07, 2.2462160821040245e-07, 2.0767368182241848e-07, 1.9203185098805988e-07, 1.7753501050633564e-07, 1.640925120473318e-07, 1.5168825317523105e-07, 1.400548661241421e-07, 1.2925186651128607e-07, 1.1929089922931454e-07, 1.101045004655773e-07, 1.0158384137899559e-07, 9.371031585655258e-08, 8.640117013262391e-08, 7.96689640173474e-08, 7.340406289470584e-08, 6.763323662508931e-08, 6.229957660359654e-08, 5.738584493024127e-08, 5.285315131408763e-08, 4.869822340081164e-08, 4.487279554909695e-08, 4.135548528074144e-08, 3.8111400308080764e-08, 3.5105986497104736e-08]
W_list: [7.6]
L_list: [12.952176885215566]
