R_list= [ 1  2  3  4  5  6  7  8  9 10 11 12 13 14 15 16 17 18 19 20 21 22 23 24
 25 26 27 28 29 30]
C_final_list= [7.058376020951526e-07, 6.696558842111111e-07, 6.331731308439187e-07, 5.979014761230281e-07, 5.644368276399141e-07, 5.327845330035523e-07, 5.029723616523047e-07, 4.7465374477255705e-07, 4.477984209702068e-07, 4.224260880501395e-07, 3.9836654728617745e-07, 3.7563818186863087e-07, 3.5409158538101627e-07, 3.3374727737844866e-07, 3.145043007991739e-07, 2.9634051643880726e-07, 2.7918598621310105e-07, 2.630282821844896e-07, 2.477776878366345e-07, 2.3338054969482523e-07, 2.1988449905234631e-07, 2.071506310246346e-07, 1.9509816727617908e-07, 1.8369775873367985e-07, 1.7291398172410837e-07, 1.627638412023945e-07, 1.5303826962339597e-07, 1.4397442583029597e-07, 1.3540901776903855e-07, 1.2735241624008759e-07]
W_list: [6]
L_list: [17.064004908131977]
