R_list= [ 1  2  3  4  5  6  7  8  9 10 11 12 13 14 15 16 17 18 19 20 21 22 23 24
 25 26 27 28 29 30 31 32 33 34 35 36 37 38]
C_final_list= [4.958507710568872e-07, 3.824570146082426e-07, 2.9243168307706634e-07, 2.2221823962141935e-07, 1.6872587286299725e-07, 1.280202088790945e-07, 9.677595285217672e-08, 7.311703128588434e-08, 5.543128311261693e-08, 4.184364099281112e-08, 3.147513216882621e-08, 2.3703635525288555e-08, 1.7899194837952194e-08, 1.351920192847615e-08, 1.017716561258626e-08, 7.650095636727347e-09, 5.775946237047272e-09, 4.320524858895225e-09, 3.222155454526387e-09, 2.4121992802882407e-09, 1.8161471538547734e-09, 1.364531215018038e-09, 1.0212217168289396e-09, 7.667403509651569e-10, 5.769853154078276e-10, 4.310064488507156e-10, 3.1915558525772626e-10, 2.338897168362971e-10, 1.714152475597879e-10, 1.2524430795675653e-10, 9.046439560381398e-11, 6.533926417271047e-11, 4.734724178669092e-11, 3.419902479732806e-11, 2.4609872813061266e-11, 1.7816188966154904e-11, 1.2922295432509448e-11, 9.414282794768136e-12]
W_list: [8.8]
L_list: [3.6754728819725133]
