C_final_list: [1.7465870456679787e-06, 1.6823369022379142e-06, 1.6187394975657486e-06, 1.5576675180662575e-06, 1.4987976728937034e-06, 1.4418199582918281e-06, 1.3868934602226604e-06, 1.3342678066393176e-06, 1.283834081815827e-06, 1.2346482208303716e-06, 1.1871749699897988e-06, 1.141200239809304e-06, 1.09709516531115e-06, 1.0542014050804596e-06, 1.0137834538329186e-06, 9.743986821086494e-07, 9.365986676453238e-07, 9.004105588548438e-07, 8.65454319227274e-07, 8.319858302239237e-07, 7.998052662663749e-07, 7.689472537803281e-07, 7.389171356994092e-07, 7.099577696605735e-07, 6.819522319558787e-07, 6.55081716444329e-07, 6.289911661685822e-07, 6.039284654603955e-07, 5.79939765332701e-07, 5.565357380706192e-07, 5.343161016256504e-07, 5.132483507293823e-07, 4.930614287433513e-07, 4.735311819248963e-07, 4.546171750442921e-07, 4.364770061472811e-07, 4.1917507973826477e-07, 4.0243565024246476e-07, 3.8641490385425107e-07, 3.709324749632494e-07, 3.5615534247676226e-07, 3.418931441954594e-07, 3.2809968065761556e-07, 3.1497814262971676e-07, 3.022957701237103e-07, 2.9000985533527977e-07, 2.781293433765282e-07, 2.668174360393743e-07, 2.5601285291359184e-07, 2.4559699693344967e-07]
ndim2: 500
W_list: [3.25]
L_list: [25.228476508201883]
