R_list= [ 1  2  3  4  5  6  7  8  9 10 11 12 13 14 15 16 17 18 19 20 21 22 23 24
 25 26 27 28 29 30 31 32 33 34 35 36 37 38]
C_final_list= [1.4277401928638874e-06, 1.3450503474640926e-06, 1.2683201984186278e-06, 1.195102560781019e-06, 1.1272347704396513e-06, 1.0626846956800341e-06, 1.0015812858107129e-06, 9.434496921378994e-07, 8.883273533611476e-07, 8.362292677135987e-07, 7.864703098040737e-07, 7.401047191762393e-07, 6.965373493831453e-07, 6.554578225452383e-07, 6.168805150338856e-07, 5.808536547237737e-07, 5.464702662735198e-07, 5.14214765915223e-07, 4.837968088491286e-07, 4.553043930122085e-07, 4.285169987612567e-07, 4.0274437623489606e-07, 3.7835803849701727e-07, 3.556433869007238e-07, 3.341823638555373e-07, 3.139851988903673e-07, 2.949661847064601e-07, 2.769909295334529e-07, 2.6004238311978105e-07, 2.439555565259569e-07, 2.289176837604221e-07, 2.148741350011815e-07, 2.0156690864473885e-07, 1.8919457234422133e-07, 1.7775751598711733e-07, 1.6689114562293053e-07, 1.567250049044419e-07, 1.469901462267324e-07]
W_list: [5]
L_list: [16.497008968321705]
