R_list= [ 1  2  3  4  5  6  7  8  9 10 11 12 13 14 15 16 17 18 19 20 21 22 23 24
 25 26 27 28 29 30 31 32 33 34 35 36 37 38]
C_final_list= [2.0560252303462935e-05, 1.661955226640538e-05, 1.3304174051917264e-05, 1.060907430389967e-05, 8.445148465741879e-06, 6.723018680713028e-06, 5.346282217524796e-06, 4.2478548042832186e-06, 3.3749897734055157e-06, 2.6796352960910733e-06, 2.127665319657227e-06, 1.687381634548896e-06, 1.3393588396132683e-06, 1.0630524687995942e-06, 8.424106047859512e-07, 6.675542384048941e-07, 5.292201080184989e-07, 4.194403525156952e-07, 3.331198725389087e-07, 2.646014915205332e-07, 2.101818763948803e-07, 1.6654970732617528e-07, 1.319636690575731e-07, 1.044448461664849e-07, 8.257389387725278e-08, 6.519828046367058e-08, 5.1571864251201864e-08, 4.077274288526715e-08, 3.2236760547386594e-08, 2.548950704345245e-08, 2.0200818510796897e-08, 1.6019281657810538e-08, 1.2680703985749678e-08, 1.004262942437355e-08, 7.961208294329822e-09, 6.299705597412307e-09, 4.9700413205495875e-09, 3.909761194908708e-09]
W_list: [8.35]
L_list: [4.435404688891354]
