C_final_list: [1.91634395384733e-06, 1.7752439266170987e-06, 1.6409635730855085e-06, 1.5191443534117879e-06, 1.4047112640217311e-06, 1.29737948106324e-06, 1.1988946774141e-06, 1.1079758162450227e-06, 1.0228940629424311e-06, 9.454195795548742e-07, 8.727830716318048e-07, 8.059921123834515e-07, 7.438623746388937e-07, 6.859397507021457e-07, 6.324439751727152e-07, 5.833188321086698e-07, 5.380584951540072e-07, 4.95835678505775e-07, 4.566711809705781e-07, 4.209829592281821e-07, 3.8817735592782916e-07, 3.5779249730846143e-07, 3.296518773922298e-07, 3.0386798207853654e-07, 2.8002259435914703e-07, 2.577717607101881e-07, 2.3753771417274706e-07, 2.1864203905317936e-07, 2.013571765013934e-07, 1.855984536171122e-07, 1.709736056785251e-07, 1.5730855314922663e-07, 1.447442073166734e-07, 1.3319780712875408e-07, 1.2259529735195051e-07, 1.127481313687476e-07, 1.0368679601725338e-07, 9.522736851805626e-08, 8.754911075361126e-08, 8.050039902763272e-08, 7.409800148490602e-08, 6.814163724382886e-08, 6.263824602448508e-08, 5.757876606359423e-08, 5.295733402220841e-08, 4.873625095424634e-08, 4.490346681320831e-08, 4.1316753894203957e-08, 3.801790239314815e-08, 3.499841346182541e-08]
ndim2: 500
W_list: [3.3]
L_list: [12.494334673628824]
