R_list= [ 1  2  3  4  5  6  7  8  9 10 11 12 13 14 15 16 17 18 19 20 21 22 23 24
 25 26 27 28 29 30 31 32 33 34 35 36 37 38]
C_final_list= [3.3680990625902844e-05, 2.1444396060922987e-05, 1.3595299025477334e-05, 8.614552469840916e-06, 5.437916243277329e-06, 3.429187958567759e-06, 2.1664980383269473e-06, 1.361074123465153e-06, 8.591273872236128e-07, 5.421993940668591e-07, 3.399271352468948e-07, 2.1336964603531563e-07, 1.3413585265258025e-07, 8.451849649821697e-08, 5.2810171078439e-08, 3.3214923213582324e-08, 2.086285441090366e-08, 1.3247295659920101e-08, 8.404094951346491e-09, 5.298742105175832e-09, 3.361072943422295e-09, 2.134588734859619e-09, 1.3456157712805229e-09, 8.472039944946094e-10, 5.31698391605143e-10, 3.3199850729602704e-10, 2.0792093632363885e-10, 1.326968857267498e-10, 8.773340407564411e-11, 5.7613258622008584e-11, 3.8041958882426e-11, 2.4828737606007468e-11, 1.5694650623654124e-11, 9.767204591137554e-12, 6.053154001680625e-12, 3.7276793754576605e-12, 2.288123674310505e-12, 1.3132481168958686e-12]
W_list: [8.45]
L_list: [2.196955606602326]
