C_list:
1.9839428772610926e-06 0.1224594094864543
ndim2: 500
W_list: [2.2]
L_list: [8.165971109885303]
