C_final_list: [1.4568753929074237e-06, 1.2871415089572486e-06, 1.131743118709028e-06, 9.943231200466488e-07, 8.751519042834196e-07, 7.704409062976563e-07, 6.792611404596362e-07, 5.972548835986876e-07, 5.248732080997732e-07, 4.6099069967429815e-07, 4.0483696704352317e-07, 3.559141502419296e-07, 3.1234725067284146e-07, 2.733689334216263e-07, 2.3881655129938517e-07, 2.0803698741833745e-07, 1.815642595476563e-07, 1.5875062595971933e-07, 1.3866559536414568e-07, 1.2131375685923722e-07, 1.0614076930849453e-07, 9.308776900068627e-08, 8.148321700589103e-08, 7.119443012249573e-08, 6.222718936627101e-08, 5.419968346677404e-08, 4.726670531487108e-08, 4.11995535583823e-08, 3.5998444314478516e-08, 3.137342115040218e-08, 2.728779234564768e-08, 2.370716124814136e-08, 2.0598639403780383e-08, 1.7987946333594468e-08, 1.5678595067056737e-08, 1.3673418726457599e-08, 1.1932036405107163e-08, 1.0393857234713987e-08, 9.044533006793486e-09, 7.866839389870127e-09, 6.854684786092332e-09, 5.97602802117191e-09, 5.209501677678307e-09, 4.532034643703892e-09, 3.947664086040837e-09, 3.436885082062692e-09, 2.9873227543107046e-09, 2.5906051653129967e-09, 2.240981228879713e-09, 1.947468527687053e-09]
ndim2: 500
W_list: [4.0]
L_list: [7.732382471762544]
