R_list= [ 1  2  3  4  5  6  7  8  9 10 11 12 13 14 15 16 17 18 19 20 21 22 23 24
 25 26 27 28 29 30 31 32 33 34 35 36 37 38]
C_final_list= [1.0433213307504404e-06, 6.94879695546032e-07, 4.632278423848206e-07, 3.102625834022024e-07, 2.070771267023895e-07, 1.3841979400794394e-07, 9.230160606927005e-08, 6.116904101707235e-08, 4.062626561730061e-08, 2.6698554853755282e-08, 1.7807578534947305e-08, 1.207307229099817e-08, 7.997944896768482e-09, 5.328448414311626e-09, 3.538940911258236e-09, 2.340588230457206e-09, 1.514482527344794e-09, 1.0021447887881325e-09, 6.557268438395224e-10, 4.2252752347537205e-10, 2.803120652281453e-10, 1.8284554205202337e-10, 1.1760180324823315e-10, 7.49070248174887e-11, 4.776818349255269e-11, 2.950201129763459e-11, 1.8467276771829127e-11, 1.2281807070371584e-11, 8.011634758027531e-12, 5.3156202184654525e-12, 3.4637510763905947e-12, 2.205138505986777e-12, 1.4055589989738525e-12, 8.942932160608971e-13, 5.741354640943975e-13, 3.811015915195074e-13, 2.687793542183525e-13, 1.7352275218189556e-13]
W_list: [6.800000000000001]
L_list: [2.4703061319282273]
