C_list:
1.2158105454035156e-06 0.026728077378160905
ndim2: 500
W_list: [2.2]
L_list: [37.41383960587769]
