R_list= [ 1  2  3  4  5  6  7  8  9 10 11 12 13 14 15 16 17 18 19 20 21 22 23 24
 25 26 27 28 29 30 31 32 33 34 35 36 37 38]
C_final_list= [6.644681986301876e-07, 5.232823434254091e-07, 4.0582021699969667e-07, 3.1763416812512625e-07, 2.502449558719495e-07, 1.9763262023739065e-07, 1.559670542007073e-07, 1.2293641934164658e-07, 9.65623614905882e-08, 7.541099136592875e-08, 5.867305439125227e-08, 4.557842349165518e-08, 3.5466455819830713e-08, 2.7687726176864766e-08, 2.1656431035955983e-08, 1.6955493639686975e-08, 1.3267128970486079e-08, 1.0350557729638734e-08, 8.044105521814005e-09, 6.220657427889247e-09, 4.808661956229623e-09, 3.7251613901726195e-09, 2.901688020517178e-09, 2.2643993305561093e-09, 1.7657771555131948e-09, 1.3722038020429395e-09, 1.0601518072517767e-09, 8.152667427925318e-10, 6.256537598649464e-10, 4.813365237081922e-10, 3.7060912628669067e-10, 2.8470063400423904e-10, 2.169777330258465e-10, 1.646241864123784e-10, 1.2515488112554089e-10, 9.514990704090044e-11, 7.236680993414436e-11, 5.505598506867196e-11]
W_list: [5]
L_list: [4.113743578263388]
