R_list= [ 1  2  3  4  5  6  7  8  9 10 11 12 13 14 15 16 17 18 19 20 21 22 23 24
 25 26 27 28 29 30 31 32 33 34 35 36 37 38]
C_final_list= [6.842439747575684e-07, 5.617738511110873e-07, 4.686878509525408e-07, 3.9107697529051554e-07, 3.255229545016637e-07, 2.7059812967451324e-07, 2.2474498381189038e-07, 1.865028276343415e-07, 1.5445506496067053e-07, 1.2756552429692574e-07, 1.0541882842451304e-07, 8.703903743828186e-08, 7.17469726751331e-08, 5.914399407655958e-08, 4.877383488856948e-08, 4.0243586981148465e-08, 3.3084169283558015e-08, 2.709347414680332e-08, 2.2201343889724895e-08, 1.823834018017899e-08, 1.4955469970044896e-08, 1.2239798717090153e-08, 1.0038888836872137e-08, 8.221909214222447e-09, 6.716560601658039e-09, 5.4966211961412475e-09, 4.507789348915635e-09, 3.693044089670783e-09, 3.0211679920037236e-09, 2.475235381096272e-09, 2.03200449965758e-09, 1.6712331464560073e-09, 1.3731349843204165e-09, 1.1256910977670646e-09, 9.259765531830748e-10, 7.615515658051844e-10, 6.259297845294254e-10, 5.130453239706883e-10]
W_list: [6]
L_list: [5.359508294766551]
