C_final_list: [8.85022575507658e-07, 8.069196005295153e-07, 7.31784884572933e-07, 6.620205089821764e-07, 5.976480789425719e-07, 5.400052787445149e-07, 4.876618408425428e-07, 4.389409437366754e-07, 3.950760018740746e-07, 3.555907701585588e-07, 3.1997487200712213e-07, 2.885625473976982e-07, 2.599944644126216e-07, 2.3448157468319807e-07, 2.1103332223642173e-07, 1.902460557576286e-07, 1.7131837066874926e-07, 1.5428940813715598e-07, 1.387429406780907e-07, 1.2490973913881166e-07, 1.1239901483826805e-07, 1.0117147309042166e-07, 9.096117651936758e-08, 8.183608616030771e-08, 7.344216110663723e-08, 6.595494573539621e-08, 5.9200135512425566e-08, 5.305101568685075e-08, 4.766145485765628e-08, 4.283221510942959e-08, 3.85365548937146e-08, 3.458033337805405e-08, 3.106942394905482e-08, 2.789213511545912e-08, 2.499405923604223e-08]
ndim2: 500
W_list: [3.2]
L_list: [9.703773683325085]
