C_final_list: [8.96774725967244e-07, 8.566610703781748e-07, 8.165010063921004e-07, 7.780667263756241e-07, 7.404930058594003e-07, 7.041765126612277e-07, 6.696701042438915e-07, 6.366157958891675e-07, 6.050630491268481e-07, 5.748982856083244e-07, 5.460847624494556e-07, 5.183679066559598e-07, 4.920388442664209e-07, 4.6678102498496047e-07, 4.427046106464889e-07, 4.1973446725136096e-07, 3.9765214364368523e-07, 3.767928258045257e-07, 3.570636133470089e-07, 3.3834680285491126e-07, 3.2072560912749163e-07, 3.0411480948343766e-07, 2.8825814733309376e-07, 2.732087564850577e-07, 2.5904465946963263e-07, 2.45500227868228e-07, 2.326429506062776e-07, 2.2035331899469454e-07, 2.0860781975715769e-07, 1.975717074972804e-07, 1.870070380737849e-07, 1.770468525885726e-07, 1.6758154539356262e-07, 1.585683300584778e-07, 1.4995812995023326e-07, 1.4173323914714353e-07, 1.3392195366433695e-07, 1.2653918882907655e-07, 1.195832068263492e-07, 1.1301173966131077e-07, 1.0676969019868555e-07, 1.0085565757429297e-07, 9.523679108527374e-08, 8.992688931428562e-08, 8.492443490663388e-08, 8.0267792210556e-08, 7.591076003752398e-08, 7.177979453003765e-08, 6.787500235141327e-08, 6.42020234810113e-08]
ndim2: 500
W_list: [4.0]
L_list: [19.041339384693053]
