R_list= [ 1  2  3  4  5  6  7  8  9 10 11 12 13 14 15 16 17 18 19 20 21 22 23 24
 25 26 27 28 29 30 31 32 33 34 35 36 37 38]
C_final_list= [1.8542782142105012e-07, 1.6212299489240517e-07, 1.4002068748469143e-07, 1.2003020961579056e-07, 1.0233928906089312e-07, 8.720655337468004e-08, 7.412142803281074e-08, 6.283381553339524e-08, 5.324960013533142e-08, 4.508153635995919e-08, 3.8149654971192595e-08, 3.2270494123196564e-08, 2.7227302694379667e-08, 2.2954843890685947e-08, 1.9316523794796326e-08, 1.624186920057619e-08, 1.3668255993559675e-08, 1.1516186511895182e-08, 9.678971023107048e-09, 8.136201800461874e-09, 6.83159669222705e-09, 5.732320747035171e-09, 4.793815655028008e-09, 4.013632927635106e-09, 3.359287598691927e-09, 2.8182768903209315e-09, 2.3652995401323205e-09, 1.9848451591326674e-09, 1.6628407435634155e-09, 1.3964149400885778e-09, 1.171079099757917e-09, 9.81487308439557e-10, 8.225382944960256e-10, 6.864994609646943e-10, 5.724836611879497e-10, 4.763247553458915e-10, 3.955238876914629e-10, 3.274373132711283e-10]
W_list: [9.0]
L_list: [6.285217789095556]
