C_final_list: [1.8680822080977688e-06, 1.7229665673601874e-06, 1.5888941714107113e-06, 1.4640082100938498e-06, 1.347365494172001e-06, 1.2382714762947382e-06, 1.1399817285049361e-06, 1.0481881822297436e-06, 9.636478699103074e-07, 8.856004738102674e-07, 8.133045581812055e-07, 7.483252839644598e-07, 6.884825956052053e-07, 6.333106912806805e-07, 5.822563298387531e-07, 5.354749039499717e-07, 4.919572545202348e-07, 4.513641237508181e-07, 4.1444007575484003e-07, 3.807247773002214e-07, 3.496412435501723e-07, 3.2080663662181186e-07, 2.94754807413432e-07, 2.703346314497094e-07, 2.4803497476768726e-07, 2.275731809827428e-07, 2.088016388451905e-07, 1.9118039338332163e-07, 1.7514486246976548e-07, 1.6047671334342962e-07, 1.4720879566670863e-07, 1.3491010164454647e-07, 1.2356971088959817e-07, 1.1330498031437805e-07, 1.039241191200369e-07, 9.534717821739969e-08, 8.744334112705905e-08, 8.021871675257055e-08, 7.351178285277404e-08, 6.737670033849131e-08, 6.171953811740036e-08, 5.6491274537140386e-08, 5.175933304366472e-08, 4.7474101282883886e-08, 4.3543753168495685e-08, 3.986312890654757e-08, 3.653255122082176e-08, 3.348168177581955e-08, 3.0692598995036245e-08, 2.8057221932168936e-08]
ndim2: 500
W_list: [3.3499999999999996]
L_list: [11.897348347062438]
