R_list= [ 1  2  3  4  5  6  7  8  9 10 11 12 13 14 15 16 17 18 19 20 21 22 23 24
 25 26 27 28 29 30 31 32 33 34 35 36 37 38]
C_final_list= [3.2753671004290784e-07, 2.9868408847132754e-07, 2.6983048750152757e-07, 2.426636973147569e-07, 2.1790381868943158e-07, 1.9533064349102123e-07, 1.7510486671943685e-07, 1.5675432519769227e-07, 1.4023687540836598e-07, 1.2546089865414815e-07, 1.1204754602982512e-07, 1.0007291260428632e-07, 8.933331789687706e-08, 7.970006192696996e-08, 7.117834961920156e-08, 6.355631564055761e-08, 5.665744051300732e-08, 5.054312935813427e-08, 4.510431730810639e-08, 4.022619532045014e-08, 3.587780212331927e-08, 3.1993484922780625e-08, 2.8475849418378234e-08, 2.5314996780789e-08, 2.2491470112943688e-08, 1.9997698788558095e-08, 1.7785015362396993e-08, 1.5840022627691746e-08, 1.4119854400693343e-08, 1.2590004569711747e-08, 1.1234289346493367e-08, 1.0025472461014436e-08, 8.926339380543568e-09, 7.943007457261185e-09, 7.072126010686142e-09, 6.289852170367467e-09, 5.593504371165101e-09, 4.971487290683588e-09]
W_list: [8.0]
L_list: [9.102159830156108]
