C_final_list: [1.760401296312188e-06, 1.6327369014283981e-06, 1.5094543789520032e-06, 1.397125577673778e-06, 1.2932447749405384e-06, 1.1967086978884194e-06, 1.1065809409976767e-06, 1.0253415728261832e-06, 9.482725023843776e-07, 8.785333227993979e-07, 8.128753205799565e-07, 7.511280343298741e-07, 6.939239807514222e-07, 6.409454187282574e-07, 5.907997140696494e-07, 5.447896428154533e-07, 5.021674225201804e-07, 4.6227143814695725e-07, 4.2528479410771785e-07, 3.917891718522813e-07, 3.6090904026462027e-07, 3.3268825704206834e-07, 3.0624181819041925e-07, 2.8193746788092455e-07, 2.594708010606039e-07, 2.385759489396298e-07, 2.195515423168341e-07, 2.0195992568169594e-07, 1.8591689715894473e-07, 1.7092664175286377e-07, 1.5720178590632257e-07, 1.4452620252143645e-07, 1.3292394160188597e-07, 1.2216839094388288e-07, 1.1194414896202178e-07]
ndim2: 500
W_list: [2.8]
L_list: [12.634172975283828]
