C_final_list: [1.919459865442722e-06, 1.7982818324609273e-06, 1.6825251211345524e-06, 1.5738329056660912e-06, 1.4705959011811899e-06, 1.373973283173071e-06, 1.28483770123385e-06, 1.202102769461484e-06, 1.1248054044474857e-06, 1.0523388970483838e-06, 9.846876906416773e-07, 9.209132982530864e-07, 8.605146089766367e-07, 8.038950059181313e-07, 7.510863190670582e-07, 7.012418224947865e-07, 6.539982139577898e-07, 6.104723703228405e-07, 5.699103716056881e-07, 5.312040480883702e-07, 4.953852301431585e-07, 4.6175995459317613e-07, 4.303087310143506e-07, 4.0095864831660676e-07, 3.7349721429614496e-07, 3.4834836055150956e-07, 3.2444069326677e-07, 3.018420674664609e-07, 2.8066519357942466e-07, 2.6105213201589174e-07, 2.4279973223300136e-07, 2.2607802497797395e-07, 2.101751987922972e-07, 1.954610675223609e-07, 1.817459332272842e-07, 1.6911563322184e-07, 1.573656515143895e-07, 1.4633688765978894e-07, 1.3586509778368244e-07, 1.261411690406743e-07, 1.1712982081404745e-07, 1.0863994074134587e-07, 1.0074982165958046e-07, 9.34765672521466e-08, 8.662703822696657e-08, 8.034701908671526e-08, 7.456400532109577e-08, 6.921104023542764e-08, 6.417044230688655e-08, 5.955410269187445e-08]
ndim2: 500
W_list: [3.0999999999999996]
L_list: [14.619654024931195]
