C_final_list: [1.9463173076981103e-06, 1.8288983693559075e-06, 1.714031634871069e-06, 1.6086646552628845e-06, 1.5080651588852827e-06, 1.414686794983907e-06, 1.325304802466682e-06, 1.2436698381096443e-06, 1.1668160923999795e-06, 1.0943844958687069e-06, 1.0259256133408923e-06, 9.623268250442809e-07, 9.026350119634846e-07, 8.463674088245263e-07, 7.931709784857431e-07, 7.43064032754472e-07, 6.966638788312729e-07, 6.537939813323498e-07, 6.134016134810574e-07, 5.756971789314472e-07, 5.398783444251688e-07, 5.058201899680166e-07, 4.738663320404909e-07, 4.4349288320323104e-07, 4.1498669554676995e-07, 3.8794330086785177e-07, 3.6282726006920263e-07, 3.3927881245454084e-07, 3.1740281090541575e-07, 2.9674345192475115e-07, 2.779047822286259e-07, 2.599815195557484e-07, 2.43103770585908e-07, 2.2705830430084428e-07, 2.120422039435573e-07, 1.979866404131216e-07, 1.8476866120304155e-07, 1.7246615297383653e-07, 1.610960309782762e-07, 1.5033022713965757e-07, 1.4033710346800823e-07, 1.3096642771608205e-07, 1.2235050580753322e-07, 1.1421477975364422e-07, 1.0655650468419076e-07, 9.95038009463282e-08, 9.282773364318818e-08, 8.671614997827185e-08, 8.106622825047099e-08, 7.563209631194211e-08]
ndim2: 500
W_list: [3.05]
L_list: [15.439874108798747]
