R_list= [ 1  2  3  4  5  6  7  8  9 10 11 12 13 14 15 16 17 18 19 20 21 22 23 24
 25 26 27 28 29 30 31 32 33 34 35 36 37 38]
C_final_list= [2.4843265511495165e-06, 2.196368620388732e-06, 1.924141066857962e-06, 1.6803129011002592e-06, 1.4642409339956021e-06, 1.274596347106173e-06, 1.107758266094345e-06, 9.616563709350189e-07, 8.342878372524353e-07, 7.239141495017301e-07, 6.278322417416599e-07, 5.441130895860543e-07, 4.709411222622127e-07, 4.073090085856097e-07, 3.522564473462896e-07, 3.0486132982332084e-07, 2.634683101347101e-07, 2.2764701969794084e-07, 1.965828702201967e-07, 1.6969605018358694e-07, 1.4641017403298846e-07, 1.2623456910829678e-07, 1.0874421635641022e-07, 9.370007600345818e-08, 8.073996325448205e-08, 6.958472274498535e-08, 5.996571350391822e-08, 5.167222260160867e-08, 4.451652615232821e-08, 3.8321271074906075e-08, 3.301588211845386e-08, 2.8462547238926434e-08, 2.4519935311178762e-08, 2.1121835663163984e-08, 1.8195230108651784e-08, 1.5666157999266437e-08, 1.3500016178906102e-08, 1.1640062730903328e-08]
W_list: [8.15]
L_list: [7.190568102181135]
