C_final_list: [2.0912517147168077e-06, 2.0736958577554075e-06, 2.056677246504211e-06, 2.0402529362276678e-06, 2.0243293792034503e-06, 2.0087691352380884e-06, 1.9934908358924317e-06, 1.9783376903510044e-06, 1.963489225243553e-06, 1.948954015939906e-06, 1.934389119840545e-06, 1.919824031837178e-06, 1.90557960333648e-06, 1.8913137385496033e-06, 1.8771111120453214e-06, 1.863044205926173e-06, 1.849199607635285e-06, 1.8354497021275004e-06, 1.8218235338943872e-06, 1.8082502108136553e-06, 1.7949190601655383e-06, 1.781707588338744e-06, 1.7686107607504438e-06, 1.7553522888195896e-06, 1.7420836014337115e-06, 1.7291394416645292e-06, 1.716288871831594e-06, 1.7035131972075953e-06, 1.6908610270451299e-06, 1.6781567097190302e-06, 1.665587885456097e-06, 1.6530604668919567e-06, 1.6404803138763721e-06, 1.6280156274355991e-06, 1.615622140855704e-06, 1.6031787347059044e-06, 1.590795717042562e-06, 1.5785410349777892e-06, 1.5663827487862416e-06, 1.554426369652529e-06, 1.5425706546684133e-06, 1.5308586001424305e-06, 1.5193485840865459e-06, 1.5079821843980125e-06, 1.4966377668394988e-06, 1.4853372599816993e-06, 1.474135993173201e-06, 1.4630886746108308e-06, 1.4520995396519392e-06, 1.4411686570250436e-06]
ndim2: 500
W_list: [2.2]
L_list: [132.4330214157244]
