R_list= [ 1  2  3  4  5  6  7  8  9 10 11 12 13 14 15 16 17 18 19 20 21 22 23 24
 25 26 27 28 29 30 31 32 33 34 35 36 37 38]
C_final_list= [2.5509391020667264e-07, 2.2462969881148457e-07, 1.952547387077364e-07, 1.6848172667018742e-07, 1.4480593477799363e-07, 1.241491275265442e-07, 1.0626461956529489e-07, 9.076987849872142e-08, 7.757963964043207e-08, 6.6187771018978e-08, 5.631519581047703e-08, 4.785829194633934e-08, 4.0625091313833774e-08, 3.452394046183232e-08, 2.9315527464662873e-08, 2.4854161444410448e-08, 2.1105922782149716e-08, 1.7930112819499392e-08, 1.5240032765675545e-08, 1.2934159649515703e-08, 1.0973540468717288e-08, 9.307317398726953e-09, 7.904919773555317e-09, 6.695418410558377e-09, 5.658371702866342e-09, 4.780358617455759e-09, 4.041435128519065e-09, 3.416882033189432e-09, 2.886831985662451e-09, 2.4344569520206924e-09, 2.0525321559715306e-09, 1.7339570288175435e-09, 1.4673056283225414e-09, 1.2401499804679384e-09, 1.0489284097649636e-09, 8.864018211900154e-10, 7.461226490864235e-10, 6.283780967161886e-10]
W_list: [9.0]
L_list: [6.558608583805647]
