C_final_list: [2.0962462208555163e-06, 1.8436458566052196e-06, 1.6150298988341365e-06, 1.4147401394764732e-06, 1.2375564865428816e-06, 1.0862988907864645e-06, 9.485862249231816e-07, 8.321746474022319e-07, 7.292194912952191e-07, 6.398125162030574e-07, 5.604500977663003e-07, 4.889916401857576e-07, 4.2735521797729946e-07, 3.732334963781605e-07, 3.249814337909226e-07, 2.83059901607892e-07, 2.468116221857382e-07, 2.153433457045267e-07, 1.880805010057514e-07, 1.6417103172147077e-07, 1.4301124646637242e-07, 1.2438851856334302e-07, 1.0798781088839953e-07, 9.338366863175362e-08, 8.072774441956424e-08, 6.96486028789771e-08, 6.017005866919491e-08, 5.190987746348339e-08, 4.483462482003986e-08, 3.869627479045904e-08, 3.3533726245834154e-08, 2.911297769237681e-08, 2.5217092638069515e-08, 2.1839343459164823e-08, 1.8893222939684585e-08, 1.6296360184576302e-08, 1.4088756458643289e-08, 1.2150572758986342e-08, 1.0532724797679034e-08, 9.14406587455249e-09, 7.917565268602167e-09, 6.86152289606179e-09, 5.94081196286463e-09, 5.126198359601192e-09, 4.433412012727757e-09, 3.8259089936490534e-09, 3.318062305529831e-09, 2.875850969281643e-09, 2.4948960167185714e-09, 2.1686252120506586e-09]
ndim2: 500
W_list: [3.05]
L_list: [7.50290132594675]
