R_list= [ 1  2  3  4  5  6  7  8  9 10 11 12 13 14 15 16 17 18 19 20 21 22 23 24
 25 26 27 28 29 30 31 32 33 34 35 36 37 38]
C_final_list= [5.13662149942394e-06, 4.452076361066487e-06, 3.83852163082821e-06, 3.303332656387512e-06, 2.842321021246934e-06, 2.4396254047177615e-06, 2.0935573329454467e-06, 1.7945290214719541e-06, 1.538977216171039e-06, 1.318703531406972e-06, 1.1289926356612636e-06, 9.670158912649845e-07, 8.284192536772663e-07, 7.095189374733506e-07, 6.073175017424143e-07, 5.198286969287702e-07, 4.443220801235448e-07, 3.7924649930359907e-07, 3.240189502246718e-07, 2.766550547994233e-07, 2.3651364074496583e-07, 2.019685889427263e-07, 1.7255756970197297e-07, 1.47627605180095e-07, 1.2628084270275587e-07, 1.0816775551460076e-07, 9.261622103882826e-08, 7.923088331808079e-08, 6.776623340434642e-08, 5.794202292780045e-08, 4.9457054044032453e-08, 4.2250893050915165e-08, 3.60380855989454e-08, 3.079127847389791e-08, 2.6327611378909893e-08, 2.2516038934146236e-08, 1.9241070449729678e-08, 1.6448527739037165e-08]
W_list: [7.2]
L_list: [6.580775584550908]
