R_list= [ 1  2  3  4  5  6  7  8  9 10 11 12 13 14 15 16 17 18 19 20 21 22 23 24
 25 26 27 28 29 30 31 32 33 34 35 36 37 38]
C_final_list= [2.078050876918765e-06, 2.0295314201295125e-06, 1.9832915054418595e-06, 1.9388904537299304e-06, 1.8949018756823329e-06, 1.85234624609908e-06, 1.81049460453797e-06, 1.7696000529340155e-06, 1.72907683343211e-06, 1.689519858191511e-06, 1.6511862055244318e-06, 1.613407471394677e-06, 1.5769607504569362e-06, 1.5410770520791247e-06, 1.5061535266303768e-06, 1.472216186325935e-06, 1.4386680220758975e-06, 1.4059696410061787e-06, 1.373726982899212e-06, 1.3425261147006332e-06, 1.3119767399869913e-06, 1.2821388728563869e-06, 1.2530796233919094e-06, 1.2244756310270332e-06, 1.1965295063210553e-06, 1.1692771039980405e-06, 1.1427875689989395e-06, 1.117090907619837e-06, 1.0916745049098221e-06, 1.0669027873396004e-06, 1.0428820576944406e-06, 1.0193212870995723e-06, 9.962347283108527e-07, 9.734477314013834e-07, 9.514275867658396e-07, 9.298655555230683e-07, 9.086727646413115e-07, 8.876885310725703e-07]
W_list: [4]
L_list: [43.52460706434782]
