C_final_list: [1.971892812638422e-06, 1.9465190549452996e-06, 1.93142902461572e-06, 1.913151653014245e-06, 1.8946546984736753e-06, 1.8771882773306627e-06, 1.8598307768963447e-06, 1.8427608779627034e-06, 1.8262291766388447e-06, 1.809805926124164e-06, 1.7934238327096032e-06, 1.7771057148815915e-06, 1.7611654335653835e-06, 1.7453869599586737e-06, 1.7297780719868123e-06, 1.7143026303906142e-06, 1.698929942251204e-06, 1.683657704131046e-06, 1.6684121483978647e-06, 1.653338134822383e-06, 1.6384113015214107e-06, 1.6235070477479204e-06, 1.608753586958465e-06, 1.5941121230693387e-06, 1.5796268992489472e-06, 1.565211338260211e-06, 1.55089355145005e-06, 1.5368836081351914e-06, 1.522866804439706e-06, 1.5092046329275633e-06, 1.4954134793829739e-06, 1.4816758962218281e-06, 1.4682703538286228e-06, 1.4547602261287456e-06, 1.4413589288551352e-06]
ndim2: 500
W_list: [1.0]
L_list: [109.62130298173957]
