C_final_list: [2.158303103389706e-06, 2.0582944931444666e-06, 1.9620930560190523e-06, 1.8710029773205243e-06, 1.7839061338439043e-06, 1.7004984470035428e-06, 1.6209511142949493e-06, 1.5444992562027124e-06, 1.4720045903075875e-06, 1.4035425478416575e-06, 1.337518913760461e-06, 1.2752975680262211e-06, 1.215924831691831e-06, 1.1586463765678379e-06, 1.1045714082233611e-06, 1.0535637480845307e-06, 1.0050470650292953e-06, 9.583688953057161e-07, 9.13187763319924e-07, 8.704075046802978e-07, 8.293370833625703e-07, 7.904113429559757e-07, 7.533817305993952e-07, 7.177195032975406e-07, 6.840067815159778e-07, 6.518825980813109e-07, 6.211401845342648e-07, 5.917350369688937e-07, 5.641756994203222e-07, 5.376845839523551e-07, 5.124639550466141e-07, 4.880059200666282e-07, 4.645354299700058e-07, 4.418523599913371e-07, 4.2032366691789345e-07, 3.9980085035128747e-07, 3.803994630776398e-07, 3.617856057259463e-07, 3.441263946720403e-07, 3.271768516545222e-07, 3.112578133778141e-07, 2.9601727925208696e-07, 2.8166808684466856e-07, 2.678929693401985e-07, 2.549250228852082e-07, 2.427059594687223e-07, 2.3100065412226008e-07, 2.1979443584137446e-07, 2.092250513096659e-07, 1.991570200821678e-07]
ndim2: 500
W_list: [2.6]
L_list: [20.782487747740483]
