R_list= [ 1  2  3  4  5  6  7  8  9 10 11 12 13 14 15 16 17 18 19 20 21 22 23 24
 25 26 27 28 29 30 31 32 33 34 35 36 37 38]
C_final_list= [6.304222966250245e-06, 5.378517152474434e-06, 4.54519101070387e-06, 3.824947004404983e-06, 3.2105582561709922e-06, 2.6931124556924504e-06, 2.255325490821396e-06, 1.8875088391729585e-06, 1.578641460853773e-06, 1.3198967313605495e-06, 1.1034244601222276e-06, 9.218770813591226e-07, 7.68946193270579e-07, 6.409751814340834e-07, 5.345259838292022e-07, 4.457849186020028e-07, 3.7184558153818043e-07, 3.103516750872328e-07, 2.588181588565373e-07, 2.157210991947561e-07, 1.7967825119702551e-07, 1.4947447079878088e-07, 1.2419488824506699e-07, 1.0329381680888093e-07, 8.583490885661606e-08, 7.128779429993531e-08, 5.90979441369071e-08, 4.895797697568335e-08, 4.060854371199567e-08, 3.366380278599239e-08, 2.7904660893426164e-08, 2.316770679802043e-08, 1.9231365223136982e-08, 1.596068433952079e-08, 1.3246430975745726e-08, 1.0988330665175061e-08, 9.113023810341951e-09, 7.576579208255854e-09]
W_list: [8.25]
L_list: [5.73705801514798]
