C_final_list: [1.5598683929473733e-06, 1.5328466037091738e-06, 1.5060990724010422e-06, 1.4800299796335241e-06, 1.454743748586733e-06, 1.4299833922293005e-06, 1.4055601014116306e-06, 1.3816661821807204e-06, 1.358178372578886e-06, 1.335072287553156e-06, 1.3120587086073112e-06, 1.2899222952602215e-06, 1.2680965038275341e-06, 1.2463582548730797e-06, 1.2249518182098345e-06, 1.2040119321927164e-06, 1.1833319438356847e-06, 1.1628626117263118e-06, 1.1427384430292109e-06, 1.123090456288174e-06, 1.1035399733936746e-06, 1.084563525510455e-06, 1.0655799290442689e-06, 1.0467733882684094e-06, 1.0284021305791294e-06, 1.0104218589459825e-06, 9.929222921485186e-07, 9.758231479007914e-07, 9.586913230848392e-07, 9.418538790771578e-07, 9.250204662287884e-07, 9.084685156547797e-07, 8.921739186327741e-07, 8.762148914936031e-07, 8.605900954676863e-07]
ndim2: 500
W_list: [3.0]
L_list: [57.46717332675847]
