R_list= [ 1  2  3  4  5  6  7  8  9 10 11 12 13 14 15 16 17 18 19 20 21 22 23 24
 25 26 27 28 29 30 31 32 33 34 35 36 37 38]
C_final_list= [9.582979285308236e-07, 5.922544588933278e-07, 3.6832588705730773e-07, 2.301284367299697e-07, 1.4313211470565127e-07, 8.822528754841128e-08, 5.4179508072921524e-08, 3.2917500351362214e-08, 1.9893757375929072e-08, 1.1894660810159188e-08, 7.189605461523091e-09, 4.40073684226603e-09, 2.7075524805841125e-09, 1.6548313900012376e-09, 1.013810183985666e-09, 6.138383140405724e-10, 3.7967085737130764e-10, 2.314841168921452e-10, 1.3852192848870167e-10, 8.271034713405345e-11, 4.9261611671009216e-11, 2.8447961507163338e-11, 1.6986847032033102e-11, 1.0717661385842239e-11, 6.498013297527026e-12, 3.682872584479347e-12, 2.2033152059466786e-12, 1.2239564120950653e-12, 6.545917357238424e-13, 3.7219353870208576e-13, 2.1413234519474615e-13, 1.2262797551896038e-13, 7.13681736174426e-14, 4.615291959351261e-14, 2.629762209652214e-14, 1.4031954558627077e-14, 7.794335544390102e-15, 4.931189248209367e-15]
W_list: [8.0]
L_list: [2.094062107348091]
