C_final_list: [1.363429334741692e-06, 1.1879701774253349e-06, 1.0306106641547598e-06, 8.94405626689938e-07, 7.758613559172259e-07, 6.694787292726273e-07, 5.783114816449285e-07, 5.016405253579249e-07, 4.3470908215881525e-07, 3.764809632499715e-07, 3.258157719913423e-07, 2.809790036324685e-07, 2.4254726195380344e-07, 2.099174965279371e-07, 1.8121029173343944e-07, 1.5647822176780502e-07, 1.346070723852447e-07, 1.1534845999568031e-07, 9.910941065754038e-08, 8.514628992718658e-08, 7.305880117610395e-08, 6.266260224751194e-08, 5.3766240233809334e-08, 4.623385397609779e-08, 3.970420611355909e-08, 3.40848974992293e-08, 2.9247594753696935e-08, 2.5057941628104384e-08, 2.152320634306267e-08, 1.8522182776906862e-08, 1.5937878866140642e-08, 1.372781961888448e-08, 1.1799685037732843e-08, 1.019137112693677e-08, 8.802010615815053e-09]
ndim2: 500
W_list: [3.8]
L_list: [6.9332298410624995]
