C_final_list: [1.7031323673034754e-06, 1.677712467871541e-06, 1.6528907091118415e-06, 1.6286355410343068e-06, 1.6049793862606956e-06, 1.5815969772233117e-06, 1.558518890464086e-06, 1.5358187689834697e-06, 1.5135600115740479e-06, 1.491717820843948e-06, 1.470527170993064e-06, 1.4493529078886741e-06, 1.4283893214837361e-06, 1.4079090989883005e-06, 1.3873329424459958e-06, 1.367443481139489e-06, 1.3478583370719108e-06, 1.328785830708245e-06, 1.3101312237534528e-06, 1.2916044498305912e-06, 1.2734562980625202e-06, 1.2555110160701985e-06, 1.237981724848389e-06, 1.2205293642632411e-06, 1.2032373751633547e-06, 1.186267448731819e-06, 1.16963006517831e-06, 1.1529673233225476e-06, 1.13658201975181e-06, 1.120533425491256e-06, 1.1046904943792702e-06, 1.0889345812150475e-06, 1.073428990332083e-06, 1.0580387846039344e-06, 1.0429640698470103e-06, 1.0281125605635257e-06, 1.0134133439990562e-06, 9.989730972481572e-07, 9.84677642597917e-07, 9.706954964338779e-07, 9.569300785580259e-07, 9.433755653401248e-07, 9.299599906736152e-07, 9.16669548128419e-07, 9.035689364763779e-07, 8.906706089336681e-07, 8.780140524668838e-07, 8.655058199141883e-07, 8.532056796866635e-07, 8.408583017906173e-07]
ndim2: 500
W_list: [2.9499999999999997]
L_list: [69.61786150788329]
