R_list= [ 1  2  3  4  5  6  7  8  9 10 11 12 13 14 15 16 17 18 19 20 21 22 23 24
 25 26 27 28 29 30 31 32 33 34 35 36 37 38]
C_final_list= [4.146619372619595e-07, 3.6954475723500655e-07, 3.268957107757525e-07, 2.8849975502542225e-07, 2.5431660908680674e-07, 2.2386290243965506e-07, 1.9697262537849997e-07, 1.731773478774233e-07, 1.5233575922205482e-07, 1.3379513855935842e-07, 1.1742862976273656e-07, 1.0291057868682738e-07, 9.027279413215179e-08, 7.918841487378041e-08, 6.941040213882775e-08, 6.07591542250145e-08, 5.32047142875595e-08, 4.652448905092468e-08, 4.0707787547949304e-08, 3.5558390886622836e-08, 3.1101548975714554e-08, 2.7241422072750777e-08, 2.3834594458448494e-08, 2.088391980950299e-08, 1.8280735714022674e-08, 1.599625468728153e-08, 1.3997945338322553e-08, 1.2238904384232186e-08, 1.0690532261916594e-08, 9.322902187457e-09, 8.113573556059012e-09, 7.068291429973222e-09, 6.141844908264593e-09, 5.34048585615993e-09, 4.634721578566284e-09, 4.0180076385264126e-09, 3.479699664850347e-09, 3.020734042555127e-09]
W_list: [7]
L_list: [7.824103703231842]
