R_list= [ 1  2  3  4  5  6  7  8  9 10 11 12 13 14 15 16 17 18 19 20 21 22 23 24
 25 26 27 28 29 30 31 32 33 34 35 36 37 38]
C_final_list= [1.9359816805364015e-07, 1.690855755876353e-07, 1.4561875221608597e-07, 1.2436995696240833e-07, 1.0568707292073892e-07, 8.938860535553866e-08, 7.54998483454134e-08, 6.379621327001349e-08, 5.3908535992350135e-08, 4.5532545265329106e-08, 3.8441803383603336e-08, 3.2463844105226223e-08, 2.739002938164488e-08, 2.3079777916104167e-08, 1.942211253277044e-08, 1.6299386253222273e-08, 1.3678300710151025e-08, 1.146613437695257e-08, 9.607259650078624e-09, 8.031539519895925e-09, 6.7208637793392524e-09, 5.620898576833804e-09, 4.6932477753598205e-09, 3.92732138789071e-09, 3.287136780355421e-09, 2.754038718403447e-09, 2.3113247209189267e-09, 1.939527742558514e-09, 1.6270990292723297e-09, 1.3590187291348552e-09, 1.1337669003382192e-09, 9.445729066036567e-10, 7.879181225796097e-10, 6.589348802748126e-10, 5.513458267947881e-10, 4.6165868297867423e-10, 3.860078643734129e-10, 3.225953704296018e-10]
W_list: [9.0]
L_list: [6.159713481427209]
