C_list:
5.58301377766966e-07 0.09221729781085103
ndim2: 500
W_list: [3.6]
L_list: [10.843952531022135]
