R_list= [ 1  2  3  4  5  6  7  8  9 10 11 12 13 14 15 16 17 18 19 20 21 22 23 24
 25 26 27 28 29 30 31 32 33 34 35 36 37 38]
C_final_list= [8.18311599451583e-07, 6.954014701705197e-07, 5.875281309416372e-07, 4.938907508245067e-07, 4.143356073017761e-07, 3.4875135008540837e-07, 2.93575555644134e-07, 2.471401970863219e-07, 2.0821073177534242e-07, 1.7535585845414742e-07, 1.4764548542891761e-07, 1.2413818110868525e-07, 1.0425508552067603e-07, 8.752070739394237e-08, 7.363520357131605e-08, 6.203171456276836e-08, 5.2102721696285243e-08, 4.3677405837926835e-08, 3.6567756822004806e-08, 3.053608222278607e-08, 2.5424617725519528e-08, 2.1198872872694944e-08, 1.7724841960117732e-08, 1.4820268629470499e-08, 1.2353073985057548e-08, 1.0321632992632547e-08, 8.61687548594752e-09, 7.181652073225323e-09, 5.982460834878669e-09, 4.99137594729476e-09, 4.170399009544996e-09, 3.482507536579967e-09, 2.9030842448714653e-09, 2.42366608182996e-09, 2.0266047014707e-09, 1.690560101731687e-09, 1.411184294096104e-09, 1.1797811841232872e-09]
W_list: [7.0]
L_list: [5.8205206547396715]
