R_list= [ 1  2  3  4  5  6  7  8  9 10 11 12 13 14 15 16 17 18 19 20 21 22 23 24
 25 26 27 28 29 30 31 32 33 34 35 36 37 38]
C_final_list= [2.2860151183614312e-07, 2.0496711309266133e-07, 1.817750077956701e-07, 1.602706804523087e-07, 1.407944794010652e-07, 1.2322505200321885e-07, 1.0780562333655981e-07, 9.416935430600459e-08, 8.22070706231143e-08, 7.174401322389147e-08, 6.257251235962687e-08, 5.459136028860617e-08, 4.761787490567554e-08, 4.156486454876507e-08, 3.622456707428608e-08, 3.156759649362583e-08, 2.750112574639599e-08, 2.3939210833109636e-08, 2.0858202860820306e-08, 1.817053424780501e-08, 1.5803864869062352e-08, 1.37306371478701e-08, 1.1925803326175284e-08, 1.0366360630106574e-08, 9.00507326855199e-09, 7.828282500982991e-09, 6.79600069015551e-09, 5.893243379463973e-09, 5.109618011086355e-09, 4.42805016478229e-09, 3.840036518146239e-09, 3.32752170510404e-09, 2.8824873669481123e-09, 2.498903774082056e-09, 2.167316561566368e-09, 1.8765745970884062e-09, 1.6243556453609096e-09, 1.4057120623713185e-09]
W_list: [8.0]
L_list: [7.603857459915025]
