R_list= [ 1  2  3  4  5  6  7  8  9 10 11 12 13 14 15 16 17 18 19 20 21 22 23 24
 25 26 27 28 29 30 31 32 33 34 35 36 37 38]
C_final_list= [2.6628377362355296e-06, 2.370843205312978e-06, 2.09222071836122e-06, 1.8396895992855952e-06, 1.6152656586026427e-06, 1.4183897427655356e-06, 1.2450263329035347e-06, 1.091776220792873e-06, 9.56383389133116e-07, 8.3781817395093e-07, 7.332715914349193e-07, 6.416951970372066e-07, 5.61537976825522e-07, 4.910125624394377e-07, 4.290776692598934e-07, 3.752319004975991e-07, 3.2818568721891334e-07, 2.8687416790318176e-07, 2.5045105054033817e-07, 2.1856145216756783e-07, 1.9070059495512887e-07, 1.6621151204050957e-07, 1.4466223075465026e-07, 1.2588296976728327e-07, 1.0955865779811429e-07, 9.540575088583246e-08, 8.307933763892688e-08, 7.241688522987259e-08, 6.308204978335388e-08, 5.4927016304392425e-08, 4.782534274917729e-08, 4.163325558796944e-08, 3.624735080858912e-08, 3.158999147679017e-08, 2.753731471641882e-08, 2.4006253254626086e-08, 2.0927952334548565e-08, 1.8275686110922968e-08]
W_list: [8.0]
L_list: [7.6659616937666755]
