R_list= [ 1  2  3  4  5  6  7  8  9 10 11 12 13 14 15 16 17 18 19 20 21 22 23 24
 25 26 27 28 29 30 31 32 33 34 35 36 37 38]
C_final_list= [6.852898514599452e-08, 3.007415258784074e-08, 1.1556293352123774e-08, 4.226821074884094e-09, 1.5230688028455233e-09, 5.495446035338964e-10, 1.9966839400598673e-10, 7.287091125838086e-11, 2.5768695215058595e-11, 8.78656111838888e-12, 3.035785041401267e-12, 1.0927610207594092e-12, 4.1403329883692574e-13, 1.4655858802620695e-13, 4.7745537762455365e-14, 1.5854927143349538e-14, 6.210979521635592e-15, 2.4388885635905453e-15, 7.970669271484684e-16, 2.1096584804530063e-16, 5.589023040701621e-17, 2.2064525599366785e-17, 1.2389584998502883e-17, 5.868414080775372e-18, 1.97509853784647e-18, 5.0559174459196475e-19, 1.2866404861486847e-19, 4.1102484673288374e-20, 1.2354548459971494e-20, 3.402006675428962e-21, 1.0930555803031701e-21, 5.032233935603581e-22, 1.5797290643228478e-22, 5.486050630566427e-23, 4.271202616297856e-23, 1.9802119751842343e-23, 5.1112393615676446e-24, 1.0580417355180006e-24]
W_list: [7]
L_list: [1.1517111238258868]
