R_list= [ 1  2  3  4  5  6  7  8  9 10 11 12 13 14 15 16 17 18 19 20 21 22 23 24
 25 26 27 28 29 30 31 32 33 34 35 36 37 38]
C_final_list= [8.73426922781107e-07, 7.903751700237457e-07, 7.141976811545162e-07, 6.450378169118618e-07, 5.815199605379624e-07, 5.234440884784204e-07, 4.7093840804697534e-07, 4.2383540560428037e-07, 3.8114478294599e-07, 3.43164180399881e-07, 3.087965784799171e-07, 2.775792126339253e-07, 2.4931661790067287e-07, 2.2396691072123977e-07, 2.011870868765604e-07, 1.8079456153187205e-07, 1.6265672853658591e-07, 1.4637249822627658e-07, 1.3173374807717856e-07, 1.1853656783567036e-07, 1.066790422867218e-07, 9.596578346770586e-08, 8.619533762252427e-08, 7.75579194873511e-08, 6.986546937318235e-08, 6.291306381638058e-08, 5.660449209111842e-08, 5.0886633575497646e-08, 4.569363188632465e-08, 4.1026802089404967e-08, 3.686276180287741e-08, 3.310226867922609e-08, 2.9730669253062366e-08, 2.6696153174762007e-08, 2.396368131487514e-08, 2.15194356691972e-08, 1.928748640494594e-08, 1.7291393122422312e-08]
W_list: [6]
L_list: [9.525552537893345]
