C_final_list: [1.1545311304419057e-06, 1.0679273927725894e-06, 9.853020531028207e-07, 9.075160536891359e-07, 8.341486690528796e-07, 7.6654729954075e-07, 7.044454545335154e-07, 6.464369133296893e-07, 5.933274308587955e-07, 5.445460801854318e-07, 4.999857058068196e-07, 4.593818052405364e-07, 4.2154445053021557e-07, 3.866698575022323e-07, 3.5480718230557823e-07, 3.255917951604233e-07, 2.9851793746161483e-07, 2.738839204923177e-07, 2.5145881658810974e-07, 2.3051638623424664e-07, 2.111272525568656e-07, 1.934053238865406e-07, 1.7714318046148245e-07, 1.6241271135640616e-07, 1.491214943419204e-07, 1.3688967011312178e-07, 1.2544322357629343e-07, 1.1486461844305316e-07, 1.0521969667298394e-07, 9.651931739887055e-08, 8.854540090321612e-08, 8.1200910461424e-08, 7.44044286663502e-08, 6.826553235445815e-08, 6.252460881699023e-08]
ndim2: 500
W_list: [4.0]
L_list: [11.757866962940065]
