R_list= [ 1  2  3  4  5  6  7  8  9 10 11 12 13 14 15 16 17 18 19 20 21 22 23 24
 25 26 27 28 29 30 31 32 33 34 35 36 37 38]
C_final_list= [6.683913927505437e-06, 5.74712802620209e-06, 4.902606589936697e-06, 4.168458055719727e-06, 3.5404224140904e-06, 3.001576447355831e-06, 2.542658957234801e-06, 2.1529211518854907e-06, 1.8212884565806643e-06, 1.539407387343117e-06, 1.301148940584951e-06, 1.099675255189601e-06, 9.295415402105201e-07, 7.859244438181174e-07, 6.642016629541163e-07, 5.622465244975534e-07, 4.7597521737057296e-07, 4.0213393273098667e-07, 3.394395537595467e-07, 2.8615784124407203e-07, 2.4134236096720797e-07, 2.0347954959751896e-07, 1.7155920263594924e-07, 1.446735225564309e-07, 1.2184571116752623e-07, 1.0254718709416714e-07, 8.629912185671661e-08, 7.263089102165383e-08, 6.106140936518463e-08, 5.132902638041462e-08, 4.3174137357117614e-08, 3.624635591279728e-08, 3.0438313347637775e-08, 2.5600002487839598e-08, 2.1528030008727012e-08, 1.8087581893150035e-08, 1.518527538082071e-08, 1.2717226909895358e-08]
W_list: [8.1]
L_list: [6.105831527826668]
