C_final_list: [2.019623419960148e-06, 1.766473912188646e-06, 1.5403301244043838e-06, 1.3440908243700494e-06, 1.1750169575374117e-06, 1.021657921611238e-06, 8.881118929182865e-07, 7.724449016745932e-07, 6.725099343554354e-07, 5.843320364880178e-07, 5.087239547219979e-07, 4.421615628289706e-07, 3.8432025211903497e-07, 3.3424378440347654e-07, 2.9085285930093215e-07, 2.5249777228797673e-07, 2.1842632434675222e-07, 1.8857353577448247e-07, 1.6208776499307663e-07, 1.393164323374299e-07, 1.2023852166872333e-07, 1.0357666208211652e-07, 8.911027353900144e-08, 7.679702345390555e-08, 6.640068296380766e-08, 5.742489250572254e-08, 4.9496538751056215e-08, 4.247224477755725e-08, 3.646530657417205e-08, 3.1297706271643564e-08, 2.674150971992457e-08, 2.2906172610570116e-08, 1.9587111111684366e-08, 1.676359554267813e-08, 1.4355929371249682e-08, 1.2344759233319945e-08, 1.0636177768292457e-08, 9.16304919551033e-09, 7.871278878918802e-09, 6.758925373654664e-09, 5.808248304429183e-09, 4.98204920451087e-09, 4.2593897970357756e-09, 3.642669840454821e-09, 3.089936165589138e-09, 2.62759176947016e-09, 2.233762590491417e-09, 1.9027129479325585e-09, 1.6278987775763216e-09, 1.3910991704610077e-09]
ndim2: 500
W_list: [3.15]
L_list: [7.20279384048444]
