R_list= [ 1  2  3  4  5  6  7  8  9 10 11 12 13 14 15 16 17 18 19 20 21 22 23 24
 25 26 27 28 29 30 31 32]
C_final_list= [7.624817846461899e-07, 7.123871440060246e-07, 6.630772872973698e-07, 6.168783005683402e-07, 5.734454182914764e-07, 5.332469029110293e-07, 4.954466305978568e-07, 4.601722459511265e-07, 4.2748823536747024e-07, 3.970800105079336e-07, 3.693452270062621e-07, 3.435025260843848e-07, 3.1908404878254657e-07, 2.9656667578257985e-07, 2.7553589978285415e-07, 2.5582741664272985e-07, 2.3745484559606254e-07, 2.2038989461290583e-07, 2.0441282766632723e-07, 1.8955385672975868e-07, 1.7566296202814928e-07, 1.6284821400810368e-07, 1.510503428825973e-07, 1.400619422261253e-07, 1.298508344198142e-07, 1.204620651460856e-07, 1.116691335475653e-07, 1.0338830217692507e-07, 9.576117821631475e-08, 8.870033583984658e-08, 8.209630766893837e-08, 7.594700160872448e-08]
W_list: [6]
L_list: [13.594216381781523]
