R_list= [ 1  2  3  4  5  6  7  8  9 10 11 12 13 14 15 16 17 18 19 20 21 22 23 24
 25 26 27 28 29 30 31 32 33 34 35 36 37 38]
C_final_list= [2.505813446883366e-06, 2.2175309759703984e-06, 1.9440965469493466e-06, 1.6969089036278193e-06, 1.4773313318088926e-06, 1.2847604406744265e-06, 1.1166373089963103e-06, 9.695281345625654e-07, 8.416462307219383e-07, 7.296785259345338e-07, 6.327458746871832e-07, 5.487611577133188e-07, 4.760163843173135e-07, 4.128818190802594e-07, 3.5809170618293005e-07, 3.102845923178414e-07, 2.686900495405293e-07, 2.325321732829366e-07, 2.0106496085475095e-07, 1.7389784461344593e-07, 1.5050920253185747e-07, 1.300485744200948e-07, 1.1233011652749604e-07, 9.691928483952808e-08, 8.359584186993375e-08, 7.206390043645728e-08, 6.2088155362993e-08, 5.3444167361000534e-08, 4.5991826944051754e-08, 3.962044301808204e-08, 3.418389481575657e-08, 2.949689736722243e-08, 2.5441776788694326e-08, 2.197562283121655e-08, 1.8988591136844367e-08, 1.6405290317026023e-08, 1.416688022031612e-08, 1.2231448066089042e-08]
W_list: [8.15]
L_list: [7.2035174356309035]
