C_final_list: [1.9188203608635568e-06, 1.8091846953912371e-06, 1.7038286352839897e-06, 1.6040061672594081e-06, 1.509933014671169e-06, 1.4203688386189092e-06, 1.3369879006902709e-06, 1.2583112470641762e-06, 1.1841715706629323e-06, 1.1133976663814977e-06, 1.0468564913665687e-06, 9.842727362783632e-07, 9.251776631638178e-07, 8.69690268849247e-07, 8.180687705255191e-07, 7.694943611109416e-07, 7.238580797096735e-07, 6.805543756645672e-07, 6.396192905656933e-07, 6.011931015089517e-07, 5.656159716966386e-07, 5.320140624828999e-07, 4.997913286610373e-07, 4.696420817474312e-07, 4.408875400766097e-07, 4.137161400550994e-07, 3.8864454983178207e-07, 3.652294099544785e-07, 3.435288471880584e-07, 3.2300784815533923e-07, 3.038308201433115e-07, 2.855342912021303e-07, 2.682111225749889e-07, 2.518448311181888e-07, 2.3660136951009817e-07]
ndim2: 500
W_list: [2.4]
L_list: [16.311016549106956]
