C_final_list: [2.037854621579032e-06, 1.954721341458645e-06, 1.8690856341560934e-06, 1.7896136667100019e-06, 1.7121888069998925e-06, 1.6377738341377629e-06, 1.5672764773227553e-06, 1.5005824599284647e-06, 1.4355844673997315e-06, 1.373968170486811e-06, 1.3158169008063564e-06, 1.2595772952035336e-06, 1.2050308832665107e-06, 1.1527813016757316e-06, 1.1024421876625308e-06, 1.0539328810604935e-06, 1.008124750985221e-06, 9.642322582764628e-07, 9.227646224322611e-07, 8.824672880964078e-07, 8.429967230296498e-07, 8.054502305234659e-07, 7.696285303008379e-07, 7.354918153595904e-07, 7.026155792930658e-07, 6.714361322284311e-07, 6.413986164578354e-07, 6.128523543691643e-07, 5.851440396090718e-07, 5.591211775634143e-07, 5.336812014982978e-07, 5.096442570786265e-07, 4.861463116978037e-07, 4.639758411832685e-07, 4.429822716311983e-07]
ndim2: 500
W_list: [2.0]
L_list: [22.475355038560803]
