R_list= [ 1  2  3  4  5  6  7  8  9 10 11 12 13 14 15 16 17 18 19 20 21 22 23 24
 25 26 27 28 29 30 31 32]
C_final_list= [7.516622993449606e-07, 6.893267498892457e-07, 6.328333763199137e-07, 5.791698133626587e-07, 5.296660837924982e-07, 4.845576945779853e-07, 4.426564367435488e-07, 4.041092212524681e-07, 3.686496141715803e-07, 3.360508376497113e-07, 3.0635066429823915e-07, 2.7942004583886543e-07, 2.549250092702773e-07, 2.3273388124787357e-07, 2.1223983117598525e-07, 1.9343836826862586e-07, 1.761950727970384e-07, 1.6044239681499068e-07, 1.4582697818322397e-07, 1.325093667287585e-07, 1.2059695891574567e-07, 1.0987831221770039e-07, 1.0006069854452274e-07, 9.106431562829407e-08, 8.284577796283777e-08, 7.532668447595581e-08, 6.842237750035182e-08, 6.212986851665733e-08, 5.650800434801718e-08, 5.134569628368787e-08, 4.671371453956845e-08, 4.248369718829922e-08]
W_list: [6]
L_list: [10.969570636193613]
