R_list= [ 1  2  3  4  5  6  7  8  9 10 11 12 13 14 15 16 17 18 19 20 21 22 23 24
 25 26 27 28 29 30 31 32 33 34 35 36 37 38]
C_final_list= [1.5210739945283502e-06, 1.3812279946711147e-06, 1.2651734934921169e-06, 1.1559322681704196e-06, 1.0574782746692767e-06, 9.6742209258306e-07, 8.833420935507395e-07, 8.077028109285235e-07, 7.391130209499887e-07, 6.76414824130985e-07, 6.186067492525805e-07, 5.655120703982572e-07, 5.161447327099472e-07, 4.7083020610926126e-07, 4.3000608111508514e-07, 3.919438637264349e-07, 3.5774519377308736e-07, 3.2646633432837834e-07, 2.98090412570948e-07, 2.72134161931921e-07, 2.4804700542729624e-07, 2.260130587236897e-07, 2.0567161150356337e-07, 1.8706545440213728e-07, 1.6994132522498321e-07, 1.5453109323109308e-07, 1.402324109051429e-07, 1.2730969138214676e-07, 1.1563145522106335e-07, 1.0502886028025368e-07, 9.54409342784791e-08, 8.661190147862132e-08, 7.858907809760622e-08, 7.139293445712528e-08, 6.481929512561843e-08, 5.882162015602657e-08, 5.3403848208983235e-08, 4.850948977960242e-08]
W_list: [5]
L_list: [11.030375566937039]
