C_final_list: [1.8909009723351899e-06, 1.7614364925209981e-06, 1.6368739240996388e-06, 1.5251714381200453e-06, 1.4207275931032434e-06, 1.3220129831646937e-06, 1.2305605661255223e-06, 1.1456239596968452e-06, 1.0657614703014038e-06, 9.915069658036241e-07, 9.227699971348904e-07, 8.578466767281566e-07, 7.965873159923268e-07, 7.39565780600662e-07, 6.86197602980711e-07, 6.36573893714189e-07, 5.899868385090156e-07, 5.469165671397519e-07, 5.067885951923319e-07, 4.6934054689826215e-07, 4.3421051109931024e-07, 4.014525911140662e-07, 3.710885065434478e-07, 3.4287457276267886e-07, 3.1683268447666986e-07, 2.928512041968627e-07, 2.7068489666830805e-07, 2.5029408921952744e-07, 2.3115386968842543e-07, 2.1364587240415589e-07, 1.97573230522966e-07, 1.8299937641758155e-07, 1.6954552861770625e-07, 1.5701794166700515e-07, 1.4535494771111639e-07, 1.3438570395759463e-07, 1.2429690262863136e-07, 1.1489334682557282e-07, 1.0618910303346668e-07, 9.821840270892898e-08, 9.093105644752152e-08, 8.406802579529756e-08, 7.78071966548755e-08, 7.188556857281718e-08, 6.642857432129939e-08, 6.140467262446825e-08, 5.676698872402545e-08, 5.2419938872465914e-08, 4.8448774032338884e-08, 4.472137925123414e-08]
ndim2: 500
W_list: [3.2]
L_list: [13.499103145827435]
