R_list= [ 1  2  3  4  5  6  7  8  9 10 11 12 13 14 15 16 17 18 19 20 21 22 23 24
 25 26 27 28 29 30 31 32 33 34 35 36 37 38]
C_final_list= [2.100883667257094e-06, 1.577702352662254e-06, 1.168831296171546e-06, 8.576796708776532e-07, 6.285208808996592e-07, 4.601279553100447e-07, 3.3641717615526846e-07, 2.4521055290896667e-07, 1.7830833643254083e-07, 1.2931880622266038e-07, 9.382992420647425e-08, 6.790806854563984e-08, 4.945058569966034e-08, 3.5866667466870355e-08, 2.596352204725685e-08, 1.880389758202178e-08, 1.3526379061980155e-08, 9.773787222441882e-09, 7.089586287980039e-09, 5.1656160923946704e-09, 3.7610018941081955e-09, 2.740294985046814e-09, 2.001200738995253e-09, 1.4550974144235333e-09, 1.0566631010658351e-09, 7.669973652314552e-10, 5.535823219384536e-10, 3.9773605599306307e-10, 2.8582588975193373e-10, 2.0619624252487315e-10, 1.4868414816663986e-10, 1.0666813274939834e-10, 7.667493230232258e-11, 5.4412276980285034e-11, 3.869105744154734e-11, 2.7743005099279208e-11, 1.9874629757977204e-11, 1.40734351331411e-11]
W_list: [9.4]
L_list: [3.289617221474651]
