R_list= [ 1  2  3  4  5  6  7  8  9 10 11 12 13 14 15 16 17 18 19 20 21 22 23 24
 25 26 27 28 29 30 31 32 33 34 35 36 37 38]
C_final_list= [3.9864175062531966e-07, 3.517985306094106e-07, 3.0898377686896543e-07, 2.700398270599493e-07, 2.35582108241651e-07, 2.0551817699857808e-07, 1.7896564883867907e-07, 1.556139242940167e-07, 1.3525720810470732e-07, 1.1739797754496071e-07, 1.0184287385003901e-07, 8.845023816263983e-08, 7.679755293981371e-08, 6.661287886654898e-08, 5.7869859415769424e-08, 5.031197655994813e-08, 4.3737764499793295e-08, 3.790862140233143e-08, 3.276776334624297e-08, 2.829211137769905e-08, 2.4476716179830836e-08, 2.116131231957061e-08, 1.82720991490681e-08, 1.5776460707301852e-08, 1.3634612740681144e-08, 1.1783340223775258e-08, 1.0174840012457554e-08, 8.768262991146101e-09, 7.571932012135363e-09, 6.53911027450467e-09, 5.639075020649479e-09, 4.873123341137575e-09, 4.208108836554372e-09, 3.631944247177631e-09, 3.131334344321172e-09, 2.6907707382996304e-09, 2.312191183821607e-09, 1.990403591813484e-09]
W_list: [7]
L_list: [7.272143019797995]
