R_list= [ 1  2  3  4  5  6  7  8  9 10 11 12 13 14 15 16 17 18 19 20 21 22 23 24
 25 26 27 28 29 30 31 32 33 34 35 36 37 38]
C_final_list= [6.88921955225918e-06, 5.946237806395527e-06, 5.0904650599745e-06, 4.340222559025221e-06, 3.6910041584407874e-06, 3.135558509658458e-06, 2.661504929913038e-06, 2.2586049477771965e-06, 1.916978481280733e-06, 1.6255231888210942e-06, 1.3770045976513564e-06, 1.166581172665241e-06, 9.87730719288135e-07, 8.359418290729018e-07, 7.074088725727348e-07, 5.982433775949439e-07, 5.057177399096265e-07, 4.277465484187061e-07, 3.6179283176604973e-07, 3.0589005831917254e-07, 2.5845079762585827e-07, 2.183642227129002e-07, 1.8441470211861598e-07, 1.5586798234435144e-07, 1.3170349251614936e-07, 1.1122359346311173e-07, 9.385739093198323e-08, 7.918727161575853e-08, 6.67716235888844e-08, 5.632610216718845e-08, 4.752230199135744e-08, 4.016069859789832e-08, 3.391970557536693e-08, 2.861995323530032e-08, 2.417832156829186e-08, 2.0455407550854514e-08, 1.7335877594954236e-08, 1.4723238957324793e-08]
W_list: [8.05]
L_list: [6.193979646121409]
