R_list= [ 1  2  3  4  5  6  7  8  9 10 11 12 13 14 15 16 17 18 19 20 21 22 23 24
 25 26 27 28 29 30 31 32 33 34 35 36 37 38]
C_final_list= [1.3798822175696437e-06, 1.2998619267683713e-06, 1.226379366592121e-06, 1.1562475231112817e-06, 1.090251659943248e-06, 1.027798939994379e-06, 9.685246465946317e-07, 9.117737809377483e-07, 8.584244111671476e-07, 8.085914605265262e-07, 7.616608996528542e-07, 7.169060197185701e-07, 6.745162713430347e-07, 6.346023479698056e-07, 5.96916416767491e-07, 5.617097462573985e-07, 5.28554852115149e-07, 4.97826939313678e-07, 4.686757005724852e-07, 4.4084864416773326e-07, 4.1474722876323686e-07, 3.899084086171757e-07, 3.6692076314199493e-07, 3.4507291414422514e-07, 3.2443366686241963e-07, 3.050355319492275e-07, 2.868209414977171e-07, 2.6976199840260423e-07, 2.536822766023226e-07, 2.385937083982342e-07, 2.241310383201587e-07, 2.1059445360523886e-07, 1.979081682025063e-07, 1.8592179987420513e-07, 1.745613989739129e-07, 1.6400742242395094e-07, 1.5413532591328817e-07, 1.4491379526339754e-07]
W_list: [5]
L_list: [16.562293625490543]
