C_final_list: [1.94800626156474e-06, 1.8338029654249105e-06, 1.7231949710367466e-06, 1.6187186816727904e-06, 1.5209027494033853e-06, 1.4289250216860956e-06, 1.3432566236108725e-06, 1.262320094998762e-06, 1.1872717219622994e-06, 1.1162567538359099e-06, 1.0503526595324735e-06, 9.870567621836673e-07, 9.274117540315334e-07, 8.717751784821046e-07, 8.188184511382159e-07, 7.685294538489684e-07, 7.212018698525457e-07, 6.767166656991132e-07, 6.35230322572545e-07, 5.96107597422485e-07, 5.586760683609611e-07, 5.235035768484573e-07, 4.902947914440687e-07, 4.591125824566039e-07, 4.2956310480118774e-07, 4.0253717225784976e-07, 3.7663071753398086e-07, 3.527474662996977e-07, 3.3020752547106696e-07, 3.091474422279066e-07, 2.895804975084953e-07, 2.7096859538157684e-07, 2.536687231285882e-07, 2.3737407688776115e-07, 2.2209467287259657e-07, 2.0771879315429118e-07, 1.9416511357267726e-07, 1.8158563710393923e-07, 1.6978145418224632e-07, 1.5865177993445744e-07, 1.4812726937738808e-07, 1.3825966277579055e-07, 1.2892828532796666e-07, 1.2042463542042628e-07, 1.1243675623055851e-07, 1.0488175742362028e-07, 9.780686805120132e-08, 9.132000179598231e-08, 8.519317711393927e-08, 7.957947758125932e-08]
ndim2: 500
W_list: [3.0]
L_list: [15.816496259164419]
