C_final_list: [9.317376264756985e-07, 8.452820452684015e-07, 7.629221390420427e-07, 6.868317246627633e-07, 6.182438521153958e-07, 5.553047043268334e-07, 4.987710986567486e-07, 4.4798599006594426e-07, 4.022755166285483e-07, 3.6081088455597484e-07, 3.24275947097319e-07, 2.918419401847247e-07, 2.625370325682825e-07, 2.36293602885864e-07, 2.1271831586096345e-07, 1.9120179538969648e-07, 1.7204234746306665e-07, 1.5466361448636202e-07, 1.3913579981390765e-07, 1.2498625229177304e-07, 1.120064517326876e-07, 1.0028085783243396e-07, 8.966518278017017e-08, 8.030799147604344e-08, 7.191425678670749e-08, 6.445772972066677e-08, 5.768236525331811e-08, 5.1632271451876625e-08, 4.61131892909269e-08, 4.122116669387059e-08, 3.6883716193122086e-08, 3.300959196786419e-08, 2.9509244277384045e-08, 2.6312431593627023e-08, 2.3499262755936693e-08]
ndim2: 500
W_list: [4.0]
L_list: [9.41521435893289]
