R_list= [ 1  2  3  4  5  6  7  8  9 10 11 12 13 14 15 16 17 18 19 20 21 22 23 24
 25 26 27 28 29 30 31 32 33 34 35 36 37 38]
C_final_list= [2.4152296196703332e-05, 2.002815863203141e-05, 1.647745354831471e-05, 1.350478954938544e-05, 1.1060697138104428e-05, 9.053841054281383e-06, 7.397975294421247e-06, 6.039186711183467e-06, 4.929632312275673e-06, 4.025166754728751e-06, 3.2838931485853423e-06, 2.6798542902228395e-06, 2.18719273179209e-06, 1.7859910445812078e-06, 1.460637667533384e-06, 1.1944694635821802e-06, 9.763937909220951e-07, 7.984494290303995e-07, 6.522550276039803e-07, 5.325491913748025e-07, 4.343194461231943e-07, 3.5464541662272037e-07, 2.89545007038158e-07, 2.365085329440224e-07, 1.9314068394882567e-07, 1.578166811900321e-07, 1.2900287109416967e-07, 1.0555600429963508e-07, 8.635202309802161e-08, 7.073554326569257e-08, 5.8021909785830716e-08, 4.7577771810552794e-08, 3.898643242197684e-08, 3.1875369705484644e-08, 2.6071905026556795e-08, 2.1299770475890997e-08, 1.7423357670698202e-08, 1.4289783652289675e-08]
W_list: [7.95]
L_list: [5.032811340834959]
