C_final_list: [1.9291098918649908e-06, 1.8056654006928158e-06, 1.6854497387901733e-06, 1.5720343524636534e-06, 1.4672048951174248e-06, 1.370512542804462e-06, 1.2798518785763942e-06, 1.1950212288227548e-06, 1.1153305325757219e-06, 1.0404532575496424e-06, 9.709029274986068e-07, 9.058910073710665e-07, 8.455358062808342e-07, 7.887574001493091e-07, 7.356525591221326e-07, 6.86729987703805e-07, 6.404084182491595e-07, 5.965103612769176e-07, 5.567255907008694e-07, 5.187180578944731e-07, 4.834027867882981e-07, 4.501769763838368e-07, 4.1921340056312064e-07, 3.8992709002161287e-07, 3.626537099080659e-07, 3.373479698938446e-07, 3.1379111100183405e-07, 2.918507281052028e-07, 2.7126014941951924e-07, 2.5219175451691106e-07, 2.3477744089463312e-07, 2.185582515133128e-07, 2.034339078187731e-07, 1.8923149485030212e-07, 1.7616246934227494e-07]
ndim2: 500
W_list: [3.0]
L_list: [14.383142375119318]
