R_list= [ 1  2  3  4  5  6  7  8  9 10 11 12 13 14 15 16 17 18 19 20 21 22 23 24
 25 26 27 28 29 30 31 32 33 34 35 36 37 38]
C_final_list= [4.230575236620848e-07, 2.6099680998306436e-07, 1.3669583391502762e-07, 6.512642495250803e-08, 2.929985350712544e-08, 1.272344670098967e-08, 5.414719992672177e-09, 2.2818936224671777e-09, 9.589751308811665e-10, 4.036184545102431e-10, 1.704767140607415e-10, 7.268212056108961e-11, 3.153820828698731e-11, 1.402869208948365e-11, 6.45034082776074e-12, 2.959280766293141e-12, 1.332503498528491e-12, 6.024207187622726e-13, 2.740536988882684e-13, 1.2774372353837284e-13, 5.994695882363516e-14, 2.82635119933639e-14, 1.267391044302851e-14, 5.462693264721511e-15, 2.315680411975048e-15, 9.207642019596337e-16, 3.611974869344231e-16, 1.427622623584478e-16, 5.789030377894932e-17, 2.450362798299805e-17, 1.1222012917008022e-17, 5.860277387292349e-18, 3.312930946165318e-18, 1.822972316758539e-18, 9.677033107026294e-19, 5.008135104908463e-19, 2.754818673247424e-19, 1.6016294202748176e-19]
W_list: [4]
L_list: [1.6991318301526974]
