C_final_list: [1.6226335954312426e-06, 1.4889791461987296e-06, 1.3615515478584972e-06, 1.2460224610608043e-06, 1.1405423175803374e-06, 1.0419102934264033e-06, 9.510014332836472e-07, 8.683907232159525e-07, 7.922580217728816e-07, 7.231155037685039e-07, 6.600402434331045e-07, 6.024184299546028e-07, 5.495579574826961e-07, 5.018532227976705e-07, 4.570827435448639e-07, 4.1607429524952946e-07, 3.7890543517346484e-07, 3.451966841484192e-07, 3.141846909958583e-07, 2.862047662647473e-07, 2.608389633913176e-07, 2.3765003276938708e-07, 2.1645194234562363e-07, 1.9699747818808072e-07, 1.7903642490849524e-07, 1.6286086360582554e-07, 1.482482881092182e-07, 1.3475758952249014e-07, 1.22634856470572e-07, 1.1140939212526697e-07, 1.0128129977576912e-07, 9.210335826181325e-08, 8.360186718136523e-08, 7.585880614539551e-08, 6.872789424980063e-08]
ndim2: 500
W_list: [3.0]
L_list: [10.955355460271804]
