R_list= [ 1  2  3  4  5  6  7  8  9 10 11 12 13 14 15 16 17 18 19 20 21 22 23 24
 25 26 27 28 29 30 31 32 33 34 35 36 37 38]
C_final_list= [2.162164140499947e-05, 1.7647240578898717e-05, 1.4262983495059469e-05, 1.1484261114947475e-05, 9.227122358612737e-06, 7.407436408111003e-06, 5.947580748638989e-06, 4.77770954600111e-06, 3.835438959808854e-06, 3.0764353125673394e-06, 2.4705003045427005e-06, 1.983090383147988e-06, 1.5894854512360326e-06, 1.2733506152138846e-06, 1.0203622145326287e-06, 8.167617839346572e-07, 6.536890845930384e-07, 5.23089151617557e-07, 4.1908571894711567e-07, 3.3599354214922266e-07, 2.6936519004227293e-07, 2.1622139101928183e-07, 1.7380092848348742e-07, 1.3982700919472295e-07, 1.1224616857318485e-07, 8.991677009564369e-08, 7.207645966356521e-08, 5.778045714376139e-08, 4.627689167581291e-08, 3.7085428538804555e-08, 2.967081621743705e-08, 2.3745271909187033e-08, 1.9051200550808695e-08, 1.5271726028019898e-08, 1.221864871976783e-08, 9.778779469985277e-09, 7.838573968029496e-09, 6.286384646365625e-09]
W_list: [8.2]
L_list: [4.629325234811349]
