C_final_list: [1.7339371122991383e-06, 1.5854495895658859e-06, 1.4452092011216752e-06, 1.3179652997136542e-06, 1.201065028878732e-06, 1.0970120378037042e-06, 1.0026721031853328e-06, 9.161783075486463e-07, 8.36216520798655e-07, 7.631238004941358e-07, 6.966081439895918e-07, 6.353605595915363e-07, 5.791613776421883e-07, 5.278797558503006e-07, 4.812287878790957e-07, 4.3896626500935365e-07, 3.997527399517372e-07, 3.6425263637152626e-07, 3.316245270001319e-07, 3.0191148805662276e-07, 2.746253050925883e-07, 2.4951040092710153e-07, 2.2699825750244725e-07, 2.0640076940802496e-07, 1.8762287097084163e-07, 1.7048248498161734e-07, 1.5489612361169483e-07, 1.4043469738978668e-07, 1.2727242575819304e-07, 1.1523719622596273e-07, 1.0442845807403581e-07, 9.470398875800646e-08, 8.572726423342664e-08, 7.764911725367134e-08, 7.038304303406928e-08]
ndim2: 500
W_list: [3.4000000000000004]
L_list: [10.856745838915625]
