R_list= [ 1  2  3  4  5  6  7  8  9 10 11 12 13 14 15 16 17 18 19 20 21 22 23 24
 25 26 27 28 29 30 31 32 33 34 35 36 37 38]
C_final_list= [4.527307166447113e-07, 3.715578204062778e-07, 3.0537062365627395e-07, 2.4994496106708567e-07, 2.041151392275368e-07, 1.6657027421684637e-07, 1.3565395286917157e-07, 1.1064807043368448e-07, 9.037520971881804e-08, 7.364363738966756e-08, 6.00456791412269e-08, 4.8963908382078766e-08, 3.982629826898862e-08, 3.240872684376497e-08, 2.6379700434291622e-08, 2.146926648411717e-08, 1.7486396565838883e-08, 1.4218406891937137e-08, 1.1568861521583605e-08, 9.387417835203132e-09, 7.61557472422297e-09, 6.17625932367195e-09, 4.993143746254594e-09, 4.0245273525333485e-09, 3.249823260789902e-09, 2.6210661150846848e-09, 2.104075936914714e-09, 1.6874314582593853e-09, 1.3545276454939112e-09, 1.0885302209186553e-09, 8.754148655337977e-10, 6.990657413393176e-10, 5.586903132686971e-10, 4.4793026658733314e-10, 3.6098955355143143e-10, 2.920350440636657e-10, 2.3413615339244884e-10, 1.876453546939052e-10]
W_list: [7]
L_list: [4.962600612528448]
