R_list= [ 1  2  3  4  5  6  7  8  9 10 11 12 13 14 15 16 17 18 19 20 21 22 23 24
 25 26 27 28 29 30 31 32 33 34 35 36 37 38]
C_final_list= [2.684820126559714e-06, 2.391978676904632e-06, 2.112758938497011e-06, 1.859979532256515e-06, 1.6335417073193987e-06, 1.43173701365237e-06, 1.254204615042691e-06, 1.0985050427431084e-06, 9.630677735811443e-07, 8.443375075646871e-07, 7.399690848398014e-07, 6.477903054385787e-07, 5.666070144462205e-07, 4.951415537624755e-07, 4.326505441445281e-07, 3.7753707720728745e-07, 3.2934194359684553e-07, 2.873120741732516e-07, 2.5070364825174633e-07, 2.187643456907878e-07, 1.907730455862983e-07, 1.6646054881933102e-07, 1.4518200079673712e-07, 1.2666830659966976e-07, 1.1056813489401036e-07, 9.647106870114817e-08, 8.421928488391311e-08, 7.349776352594228e-08, 6.413129861369188e-08, 5.5909616041429704e-08, 4.880703584333335e-08, 4.258980741081197e-08, 3.7161699680796245e-08, 3.243958083350588e-08, 2.82984903348241e-08, 2.4677829947986132e-08, 2.1489644847955728e-08, 1.870196849999782e-08]
W_list: [8.0]
L_list: [7.659157739151761]
