C_list:
1.9981953220287707e-06 0.15646849909956215
ndim2: 500
W_list: [2.6]
L_list: [6.3910627746463655]
