R_list= [ 1  2  3  4  5  6  7  8  9 10 11 12 13 14 15 16 17 18 19 20 21 22 23 24
 25 26 27 28 29 30 31 32 33 34 35 36 37 38]
C_final_list= [2.0883981904868692e-06, 2.0001519655924856e-06, 1.9285546561998565e-06, 1.856514725621184e-06, 1.790389204443438e-06, 1.7264526914744468e-06, 1.6642376652113263e-06, 1.605288681961109e-06, 1.548016887598556e-06, 1.4925890662250038e-06, 1.4390001195589543e-06, 1.3869539746046015e-06, 1.3364063879765612e-06, 1.28798433754183e-06, 1.2410736268571377e-06, 1.1959744145817016e-06, 1.1525793441730901e-06, 1.1101800193323234e-06, 1.0694423528681683e-06, 1.0301553126974668e-06, 9.919629820454587e-07, 9.5486214669872e-07, 9.194144276740426e-07, 8.84740629311984e-07, 8.514472314957088e-07, 8.196665163232881e-07, 7.889864368621823e-07, 7.592573099842885e-07, 7.305726475026909e-07, 7.028647669326099e-07, 6.761855738586119e-07, 6.503380071396198e-07, 6.253524834824195e-07, 6.014255881088899e-07, 5.782099694491214e-07, 5.55731610426594e-07, 5.342771815713902e-07, 5.137452094830637e-07]
W_list: [4]
L_list: [26.759006186164758]
