R_list= [ 1  2  3  4  5  6  7  8  9 10 11 12 13 14 15 16 17 18 19 20 21 22 23 24
 25 26 27 28 29 30 31 32 33 34 35 36 37 38]
C_final_list= [2.3920050003594893e-06, 2.111360124481981e-06, 1.8443394118221336e-06, 1.6037351260576939e-06, 1.3909040327608835e-06, 1.2033337791421218e-06, 1.0395819312979067e-06, 8.977878154780166e-07, 7.753507456516169e-07, 6.690521735410325e-07, 5.775223899735737e-07, 4.985592867871937e-07, 4.2996428759654265e-07, 3.707972987078182e-07, 3.1973908680256366e-07, 2.7553263466634923e-07, 2.374471777474124e-07, 2.045562660009792e-07, 1.7621679149704344e-07, 1.5170033943567518e-07, 1.304590943414175e-07, 1.121444418203838e-07, 9.643330618294944e-08, 8.303495672858329e-08, 7.150316890836582e-08, 6.15961807430046e-08, 5.3074207933411963e-08, 4.571553226876919e-08, 3.9368680352431573e-08, 3.388649630770243e-08, 2.9147742604799095e-08, 2.507865280926422e-08, 2.1563156707332057e-08, 1.8521026015112708e-08, 1.5897072223654053e-08, 1.3650624949890632e-08, 1.1722449223296301e-08, 1.0066792107549669e-08]
W_list: [8.2]
L_list: [6.981834260499658]
