R_list= [ 1  2  3  4  5  6  7  8  9 10 11 12 13 14 15 16 17 18 19 20 21 22 23 24
 25 26 27 28 29 30 31 32]
C_final_list= [5.868635901197708e-07, 5.021707169115081e-07, 4.3327063878162104e-07, 3.7300707701063446e-07, 3.2022505206008846e-07, 2.7491575408973433e-07, 2.3604443810951947e-07, 2.0262927997507316e-07, 1.7373709287861571e-07, 1.4895592989325973e-07, 1.2726409553692968e-07, 1.0845704844285488e-07, 9.25117831421864e-08, 7.88712360420485e-08, 6.718755284857421e-08, 5.712489142272699e-08, 4.8555678924552666e-08, 4.1265963525581395e-08, 3.510308060805339e-08, 2.9896283084396496e-08, 2.541762533795577e-08, 2.1636222493753912e-08, 1.840972382203297e-08, 1.567413922787979e-08, 1.3359236598902613e-08, 1.1363057840564113e-08, 9.649970750267747e-09, 8.224466139404e-09, 7.01155882896899e-09, 5.965795713260606e-09, 5.069100442596771e-09, 4.298707583814843e-09]
W_list: [6]
L_list: [6.51002478711562]
