R_list= [ 1  2  3  4  5  6  7  8  9 10 11 12 13 14 15 16 17 18 19 20 21 22 23 24
 25 26 27 28 29 30 31 32 33 34 35 36 37 38]
C_final_list= [1.4036666244543244e-06, 1.1917304952871788e-06, 9.96843135303024e-07, 8.414436306844997e-07, 7.163331360660822e-07, 6.119376395409597e-07, 5.233378340064936e-07, 4.4756280664083054e-07, 3.830996818424811e-07, 3.2796193611449923e-07, 2.8072075847644067e-07, 2.4021335173986225e-07, 2.0545193076869533e-07, 1.7556935783384782e-07, 1.499220615096831e-07, 1.278451480358912e-07, 1.0891657775233973e-07, 9.274251082933019e-08, 7.896645837837096e-08, 6.728732098086623e-08, 5.7302392318065436e-08, 4.877103091157146e-08, 4.1473801513357166e-08, 3.5277170740040146e-08, 3.002303376336336e-08, 2.5595959302079597e-08, 2.181075847079297e-08, 1.856078909056953e-08, 1.5765794381270048e-08, 1.336756070002911e-08, 1.1337869825166138e-08, 9.633337879520182e-09, 8.204327960647478e-09, 6.995255459024393e-09, 5.963040246523814e-09, 5.079301477701352e-09, 4.31779487286561e-09, 3.665032901879475e-09]
W_list: [4]
L_list: [6.184773580158708]
