C_final_list: [1.982664026673087e-06, 1.7288367609081023e-06, 1.5576193418755664e-06, 1.374446739410017e-06, 1.2155269429409134e-06, 1.0781283134328457e-06, 9.546492144072233e-07, 8.484571443895969e-07, 7.500018967689188e-07, 6.65232896885826e-07, 5.881728009215403e-07, 5.206108370914153e-07, 4.627611538874473e-07, 4.098532039033241e-07, 3.6292894424259856e-07, 3.210336328947071e-07, 2.845317557637684e-07, 2.5240434172816265e-07, 2.2328525043272334e-07, 1.9695381157646096e-07, 1.7405936480544904e-07, 1.5389445102414347e-07, 1.3562368689741174e-07, 1.1885047197715563e-07, 1.0442525360813813e-07, 9.18406051874748e-08, 8.11480537569313e-08, 7.133541306216675e-08, 6.305116096358476e-08, 5.547254397314545e-08, 4.874533923908015e-08, 4.289581584534007e-08, 3.7771056231883825e-08, 3.309372643510502e-08, 2.8992216220605054e-08]
ndim2: 500
W_list: [1.4]
L_list: [8.248160608663543]
