C_list:
1.1105881576363622e-06 0.03231712484058831
ndim2: 500
W_list: [2.4]
L_list: [30.9433467529284]
