C_final_list: [1.5006511446366737e-06, 1.4722205939642025e-06, 1.4436682158536153e-06, 1.4162998528969878e-06, 1.3895617552429901e-06, 1.3634130385553277e-06, 1.3375701098092049e-06, 1.3122877749630318e-06, 1.2874717048672097e-06, 1.2631223990959617e-06, 1.239285949272541e-06, 1.215804397288856e-06, 1.1924437084954547e-06, 1.1695400567540525e-06, 1.1470941863427939e-06, 1.1252575584146934e-06, 1.1039616528781148e-06, 1.0827569961496014e-06, 1.0621657261400524e-06, 1.0417589891389845e-06, 1.0217016849138292e-06, 1.0019389756391841e-06, 9.82581386304087e-07, 9.635512530978726e-07, 9.449137556460323e-07, 9.264706592462555e-07, 9.084912567098501e-07, 8.907239241321583e-07, 8.733481297856818e-07, 8.563719390802974e-07, 8.396629001235669e-07, 8.231735747029519e-07, 8.070883318686158e-07, 7.914334264607013e-07, 7.761659734939839e-07, 7.612282135096343e-07, 7.465989412660944e-07, 7.321066032031432e-07, 7.17825667526301e-07, 7.036741731517457e-07, 6.899103732783088e-07, 6.764217211082669e-07, 6.630992605287585e-07, 6.501411987355785e-07, 6.373638837859434e-07, 6.248526719537176e-07, 6.124151756659666e-07, 6.003184122155448e-07, 5.883290332293003e-07, 5.766104961627931e-07]
ndim2: 500
W_list: [3.1999999999999997]
L_list: [51.418656433798404]
