R_list= [ 1  2  3  4  5  6  7  8  9 10 11 12 13 14 15 16 17 18 19 20 21 22 23 24
 25 26 27 28 29 30 31 32 33 34 35 36 37 38]
C_final_list= [2.303168071843581e-05, 1.8976996513620234e-05, 1.5506631389201017e-05, 1.2633544103746598e-05, 1.0275290321232558e-05, 8.357753411557969e-06, 6.799001082166967e-06, 5.528171357500155e-06, 4.489800051038874e-06, 3.645024213046147e-06, 2.9573892265249355e-06, 2.398272582378995e-06, 1.9472750967581015e-06, 1.5803420541043206e-06, 1.2829029265582852e-06, 1.040627542545112e-06, 8.429805182059345e-07, 6.829454084869862e-07, 5.536572703894534e-07, 4.4817159267645684e-07, 3.6279617544900877e-07, 2.9364495587863813e-07, 2.3713048821396383e-07, 1.913635261815849e-07, 1.5427635154693153e-07, 1.246585818740083e-07, 1.0075072490844328e-07, 8.146090441756507e-08, 6.587328967677116e-08, 5.320412732222877e-08, 4.2977079559272466e-08, 3.4612904169549853e-08, 2.7906713114428914e-08, 2.2529093020966622e-08, 1.8177284312776163e-08, 1.4706500595994608e-08, 1.1912694785639659e-08, 9.653715558069821e-09]
W_list: [8.05]
L_list: [4.88767841198758]
