C_list:
8.711263422849607e-07 0.14269736098565405
ndim2: 500
W_list: [3.8000000000000003]
L_list: [7.007838078382782]
