C_final_list: [1.8436896039799857e-06, 1.727744138856615e-06, 1.6144716461551127e-06, 1.5094873453504633e-06, 1.410120849465275e-06, 1.318895243521238e-06, 1.231716417856798e-06, 1.150142193509312e-06, 1.0745727406160236e-06, 1.0038354762137072e-06, 9.379588032234108e-07, 8.760556369199071e-07, 8.18047706634812e-07, 7.635750328064917e-07, 7.133407378063638e-07, 6.65708350627762e-07, 6.204452451396978e-07, 5.792513068297062e-07, 5.405449275094196e-07, 5.040299991226169e-07, 4.69825854536013e-07, 4.3805201995371235e-07, 4.080730430903103e-07, 3.8034887601194474e-07, 3.544135490722096e-07, 3.2996130477279066e-07, 3.0699360439460006e-07, 2.857288513393692e-07, 2.6587040201258936e-07, 2.468800925998739e-07, 2.2928385368794923e-07, 2.1259747846048022e-07, 1.9725585771608696e-07, 1.8295299061154185e-07, 1.6970066798481035e-07]
ndim2: 500
W_list: [2.6]
L_list: [14.552571987035417]
