C_final_list: [2.278095863858333e-06, 2.103885262297289e-06, 1.934491490813093e-06, 1.7793163962996659e-06, 1.6345338732889618e-06, 1.5036149575992094e-06, 1.3827350492526192e-06, 1.2716486343950935e-06, 1.1706402673358898e-06, 1.0775777360791808e-06, 9.905372753587615e-07, 9.11235868549597e-07, 8.364518751111867e-07, 7.673193965457163e-07, 7.035481921125471e-07, 6.45021567792959e-07, 5.91673518832584e-07, 5.421879153103132e-07, 4.966188376782312e-07, 4.555693908793382e-07, 4.174631098917709e-07, 3.824107060500806e-07, 3.5031019856099553e-07, 3.2121495127967087e-07, 2.9411342241279045e-07, 2.6980427119867653e-07, 2.470534306978612e-07, 2.2623722615112774e-07, 2.0721409986622405e-07, 1.8974599825581303e-07, 1.7374288826136047e-07, 1.5923599597359237e-07, 1.4599475628044538e-07, 1.3379236507434454e-07, 1.226901071340447e-07, 1.1255605657614053e-07, 1.032534091089945e-07, 9.45569091329489e-08, 8.639677185230587e-08, 7.894158351747672e-08, 7.213522241128298e-08, 6.588975257436207e-08, 6.019820665997714e-08, 5.498217694134353e-08, 5.027813248969387e-08, 4.59218022187987e-08, 4.1917411004440987e-08, 3.8145004851757965e-08, 3.479177247809153e-08, 3.1717534792591516e-08]
ndim2: 500
W_list: [2.0]
L_list: [11.777656528721744]
