R_list= [ 1  2  3  4  5  6  7  8  9 10 11 12 13 14 15 16 17 18 19 20 21 22 23 24
 25 26 27 28 29 30 31 32 33 34 35 36 37 38]
C_final_list= [2.142762224192495e-05, 1.7421068049515446e-05, 1.4046394755351426e-05, 1.1285620246104764e-05, 9.063289063141565e-06, 7.272256483382271e-06, 5.8277566307558845e-06, 4.669028306431525e-06, 3.7350849640837425e-06, 2.98519203466417e-06, 2.384360283124011e-06, 1.9052515269309321e-06, 1.5227599227190996e-06, 1.2172976216827618e-06, 9.741230992657438e-07, 7.787907856962629e-07, 6.227339326709401e-07, 4.98541230540118e-07, 3.985238779544856e-07, 3.186288635552275e-07, 2.5481577342746234e-07, 2.0364039921485044e-07, 1.628854813356069e-07, 1.300225051814333e-07, 1.0366295751328552e-07, 8.259986756238921e-08, 6.587268435690816e-08, 5.25464821832881e-08, 4.188199999918146e-08, 3.345363507791305e-08, 2.6687365100242018e-08, 2.128056785070016e-08, 1.6982030341809643e-08, 1.3560362431324073e-08, 1.0834874488748359e-08, 8.639186756384408e-09, 6.897684017042545e-09, 5.513247907728826e-09]
W_list: [8.25]
L_list: [4.582896999836783]
