R_list= [ 1  2  3  4  5  6  7  8  9 10 11 12 13 14 15 16 17 18 19 20 21 22 23 24
 25 26 27 28 29 30 31 32 33 34 35 36 37 38]
C_final_list= [3.759355380548844e-07, 3.182434290078874e-07, 2.65669263592237e-07, 2.2106902168064013e-07, 1.832630723271522e-07, 1.5160691650702974e-07, 1.25143442518991e-07, 1.0295523256563933e-07, 8.462585056027948e-08, 6.943795510064267e-08, 5.680786677402611e-08, 4.6520950373218076e-08, 3.807327513973347e-08, 3.1118653000148536e-08, 2.5389573225202784e-08, 2.0693075279759093e-08, 1.6843866340275656e-08, 1.3719661987432472e-08, 1.1143201376543413e-08, 9.039190272124682e-09, 7.313917345675697e-09, 5.911880278044454e-09, 4.770107745840123e-09, 3.848804362745833e-09, 3.1001636357962477e-09, 2.490554608287605e-09, 2.002332493444861e-09, 1.6129192710693285e-09, 1.2957551159921915e-09, 1.038185317424305e-09, 8.304387122560366e-10, 6.640877732569929e-10, 5.314120837752421e-10, 4.273639946579859e-10, 3.4454518644089095e-10, 2.781447594218975e-10, 2.2420050775499259e-10, 1.8081239405754134e-10]
W_list: [9.0]
L_list: [5.321867555750028]
