R_list= [ 1  2  3  4  5  6  7  8  9 10 11 12 13 14 15 16 17 18 19 20 21 22 23 24
 25 26 27 28 29 30 31 32 33 34 35 36 37 38]
C_final_list= [9.842821779260072e-07, 5.905781842665624e-07, 3.5065835166440983e-07, 2.0554392941834874e-07, 1.2189819321670817e-07, 7.196897036691524e-08, 4.208301739129357e-08, 2.4585605611440407e-08, 1.4373767279868203e-08, 8.405653052613282e-09, 4.889209541436452e-09, 2.864097463192102e-09, 1.7189211779727352e-09, 1.0154744850624e-09, 5.993403259072593e-10, 3.563915826293731e-10, 2.12248481138351e-10, 1.2637819739577715e-10, 7.584436884465308e-11, 4.5830112087230046e-11, 2.8768509987830536e-11, 1.8101098977947942e-11, 1.089712796449161e-11, 6.903156735997698e-12, 4.1716598385737345e-12, 2.48083449722483e-12, 1.4038649541895233e-12, 7.557647358857755e-13, 4.009083696119308e-13, 2.24656191271502e-13, 1.3649371195437622e-13, 1.0028118760698612e-13, 5.99014850257212e-14, 5.472798827749429e-14, 3.078165298821187e-14, 2.0458887469371005e-14, 9.264696510430065e-15, 5.072798613594357e-15]
W_list: [8.8]
L_list: [1.9248009294417812]
