R_list= [ 1  2  3  4  5  6  7  8  9 10 11 12 13 14 15 16 17 18 19 20 21 22 23 24
 25 26 27 28 29 30 31 32 33 34 35 36 37 38]
C_final_list= [1.7400639445088816e-07, 1.5245498867529139e-07, 1.3205873953886061e-07, 1.1345858420397491e-07, 9.690696011167248e-08, 8.2404308313739e-08, 7.005281021961644e-08, 5.949922778740766e-08, 5.048909564341929e-08, 4.2854817231400885e-08, 3.637914152200336e-08, 3.086065043288446e-08, 2.615530217774644e-08, 2.2143002991266425e-08, 1.8740054512052316e-08, 1.5827113362792036e-08, 1.3365651049294126e-08, 1.1286871274706285e-08, 9.534126915147284e-09, 8.0584427772293e-09, 6.810075126898516e-09, 5.757531355546761e-09, 4.863357953250901e-09, 4.095540598102958e-09, 3.4448248651490043e-09, 2.891883158854588e-09, 2.4272222040055713e-09, 2.038571390481853e-09, 1.7113585829827935e-09, 1.4346436377930406e-09, 1.2038938659122233e-09, 1.0099682792240777e-09, 8.471744856635209e-10, 7.107408958787808e-10, 5.969374255831709e-10, 5.004084110723937e-10, 4.1918281943869984e-10, 3.505270274837761e-10]
W_list: [8.600000000000001]
L_list: [6.354472787403314]
