C_final_list: [1.6061555122518068e-06, 1.4550234003099173e-06, 1.3156901675464158e-06, 1.1862982583493829e-06, 1.0701326422030295e-06, 9.650015341195614e-07, 8.711341500563591e-07, 7.864741668173981e-07, 7.085509631091985e-07, 6.373471672696526e-07, 5.729238686767839e-07, 5.154317263382454e-07, 4.633341073030427e-07, 4.1616293202473456e-07, 3.7397701526408305e-07, 3.3572350590594224e-07, 3.0066311407477614e-07, 2.6936118032668914e-07, 2.4129975726067215e-07, 2.1639637848991115e-07, 1.942538764325782e-07, 1.7443912757796306e-07, 1.568093408417793e-07, 1.4071590771355565e-07, 1.262313047256123e-07, 1.1334049099570877e-07, 1.01678757495251e-07, 9.122961916917995e-08, 8.20110023832425e-08, 7.350676904438531e-08, 6.585326017302979e-08, 5.8918887545615605e-08, 5.2853377095992055e-08, 4.7411942479351346e-08, 4.252433107494036e-08]
ndim2: 500
W_list: [3.2]
L_list: [9.548745104225679]
