R_list= [ 1  2  3  4  5  6  7  8  9 10 11 12 13 14 15 16 17 18 19 20 21 22 23 24
 25 26 27 28 29 30 31 32 33 34 35 36 37 38]
C_final_list= [5.209717799987145e-06, 4.52128531310407e-06, 3.909707974424222e-06, 3.3718333712855747e-06, 2.900518305571707e-06, 2.4933254529688273e-06, 2.1404955750292292e-06, 1.836659750374726e-06, 1.5750438389227545e-06, 1.347957851040223e-06, 1.1541106310288718e-06, 9.897811709679369e-07, 8.486622854706173e-07, 7.275276548182775e-07, 6.240179055052218e-07, 5.350815559917672e-07, 4.581741575144858e-07, 3.921604530969136e-07, 3.3609544656991706e-07, 2.885729664731794e-07, 2.4731052562231765e-07, 2.1180115483710025e-07, 1.8107757642597496e-07, 1.5472051954144776e-07, 1.3214389939479658e-07, 1.1279149642384956e-07, 9.62916787373516e-08, 8.232958976749723e-08, 7.031761783349124e-08, 5.989724442554055e-08, 5.1026300548709306e-08, 4.341567706126016e-08, 3.7009866260095266e-08, 3.1606530830371983e-08, 2.6914735322040436e-08, 2.2898815554917227e-08, 1.9458704741361038e-08, 1.654415299906172e-08]
W_list: [7.2]
L_list: [6.625994193592834]
