R_list= [ 1  2  3  4  5  6  7  8  9 10 11 12 13 14 15 16 17 18 19 20 21 22 23 24
 25 26 27 28 29 30 31 32 33 34 35 36 37 38]
C_final_list= [1.340266041148748e-06, 1.2825022864655063e-06, 1.227396981748215e-06, 1.1741672873340553e-06, 1.1231315107223186e-06, 1.0747910208980698e-06, 1.0291094487620973e-06, 9.849747985251299e-07, 9.427518226723365e-07, 9.019516230549995e-07, 8.625366983640044e-07, 8.250290142281384e-07, 7.890602362271181e-07, 7.543758362343045e-07, 7.212934981479925e-07, 6.896020513330136e-07, 6.595547630193251e-07, 6.306751965787118e-07, 6.028327599944894e-07, 5.762008792953663e-07, 5.507576954775752e-07, 5.264112033424992e-07, 5.033400472242492e-07, 4.815575754865225e-07, 4.6055910712458466e-07, 4.405726595162491e-07, 4.2165700205104677e-07, 4.0347081505164883e-07, 3.8602513318040944e-07, 3.693063909722719e-07, 3.5328974311688454e-07, 3.378186689196571e-07, 3.2297548716093794e-07, 3.087392691510581e-07, 2.949932628235512e-07, 2.8171036064543416e-07, 2.691953464802619e-07, 2.573169285205553e-07]
W_list: [5]
L_list: [22.470875467930135]
