C_final_list: [2.0832222253985e-06, 1.9888007706604786e-06, 1.896822291355816e-06, 1.8102359894066345e-06, 1.728021149277796e-06, 1.6499707796411509e-06, 1.575591414097879e-06, 1.5038830826705824e-06, 1.43545867100027e-06, 1.3698372573130116e-06, 1.3074934079024267e-06, 1.2476262977336863e-06, 1.1900820481508588e-06, 1.1354567028117206e-06, 1.0823887656727786e-06, 1.0316725661777677e-06, 9.829906687965068e-07, 9.369617496291976e-07, 8.931193756623044e-07, 8.509562241772173e-07, 8.11584163662857e-07, 7.741174963266255e-07, 7.385122172253236e-07, 7.046477203978936e-07, 6.717098622358331e-07, 6.402097126864417e-07, 6.102395077013383e-07, 5.814180903399464e-07, 5.537707275912373e-07, 5.27254491025235e-07, 5.016997228036273e-07, 4.774054251787352e-07, 4.5415035046610945e-07, 4.3217938277768306e-07, 4.1110578144757716e-07, 3.908403039589428e-07, 3.7183335057987123e-07, 3.5383877774038055e-07, 3.3671181545921687e-07, 3.2045160785652305e-07, 3.0480563665950074e-07, 2.898225624974666e-07, 2.755018936961642e-07, 2.6193710026061593e-07, 2.490988056622193e-07, 2.368569557437893e-07, 2.2518187535023762e-07, 2.139764862199225e-07, 2.0343549394268548e-07, 1.9324709331780796e-07]
ndim2: 500
W_list: [2.6]
L_list: [20.99432224725159]
