R_list= [ 1  2  3  4  5  6  7  8  9 10 11 12 13 14 15 16 17 18 19 20 21 22 23 24
 25 26 27 28 29 30 31 32 33 34 35 36 37 38]
C_final_list= [1.5285618641768856e-07, 1.1444069533120699e-07, 8.537921186841862e-08, 6.329271077935708e-08, 4.6548124320177753e-08, 3.4020214604329564e-08, 2.487881444187969e-08, 1.8151437556053577e-08, 1.3209356907838761e-08, 9.581559207054277e-09, 6.925937090431465e-09, 4.994707078861739e-09, 3.58860605580261e-09, 2.583532298790218e-09, 1.86111995344206e-09, 1.3438187457840751e-09, 9.729693499285802e-10, 7.064401418917533e-10, 5.135025298699516e-10, 3.724028974536518e-10, 2.7062984675581607e-10, 1.9638573154808709e-10, 1.4233313861265282e-10, 1.031181507273611e-10, 7.39696192152862e-11, 5.3089662727538326e-11, 3.805604507173279e-11, 2.719937826149798e-11, 1.9541038381124646e-11, 1.4257675662713414e-11, 1.0532592851990281e-11, 7.868853133116626e-12, 5.92385441026249e-12, 4.470430128331193e-12, 3.3305109303249714e-12, 2.5158262563884864e-12, 1.8781574579775797e-12, 1.3803495242450848e-12]
W_list: [7]
L_list: [3.3227451034554316]
