R_list= [ 1  2  3  4  5  6  7  8  9 10 11 12 13 14 15 16 17 18 19 20 21 22 23 24
 25 26 27 28 29 30 31 32 33 34 35 36 37 38]
C_final_list= [9.487936865727341e-07, 8.415745842675037e-07, 7.416078484487252e-07, 6.544612155706077e-07, 5.770380582334476e-07, 5.075932919795894e-07, 4.466674357714863e-07, 3.9208490827238125e-07, 3.4457293280669604e-07, 3.0232883592033056e-07, 2.6482406029735914e-07, 2.3221839072764035e-07, 2.0340874570529497e-07, 1.7813338528816653e-07, 1.5580956813339002e-07, 1.3633397914175434e-07, 1.191352587987442e-07, 1.0409052348014598e-07, 9.094419240871321e-08, 7.949610654042386e-08, 6.960421736603212e-08, 6.086004896584035e-08, 5.330225166211876e-08, 4.675910594344196e-08, 4.10407097051551e-08, 3.602240651793399e-08, 3.152794814263318e-08, 2.752464026342711e-08, 2.403575648799837e-08, 2.0981371949217808e-08, 1.8317804580834784e-08, 1.5975341422697755e-08, 1.3920788121714162e-08, 1.2116697235492733e-08, 1.0556456405308263e-08, 9.180030274230366e-09, 7.991040234757482e-09, 6.951053714169748e-09]
W_list: [6]
L_list: [7.758953322660896]
