R_list= [ 1  2  3  4  5  6  7  8  9 10 11 12 13 14 15 16 17 18 19 20 21 22 23 24
 25 26 27 28 29 30 31 32 33 34 35 36 37 38]
C_final_list= [2.887745361252669e-07, 2.452882161260262e-07, 2.0536585709465482e-07, 1.709378884930492e-07, 1.4127053478949834e-07, 1.1669327572801141e-07, 9.626111494466831e-08, 7.939588247376165e-08, 6.54259456743859e-08, 5.3808623809550314e-08, 4.414160209272487e-08, 3.618766276348541e-08, 2.9700367277552334e-08, 2.4355344348747276e-08, 1.9950442007991715e-08, 1.632255039488278e-08, 1.3356929045993865e-08, 1.0944054758992749e-08, 8.986808010451409e-09, 7.3564923835677565e-09, 6.041649407328268e-09, 4.953825179731595e-09, 4.05756656637055e-09, 3.32509872835886e-09, 2.7335705577460632e-09, 2.247792613842677e-09, 1.8443547627410253e-09, 1.5123976964068756e-09, 1.2387913615520616e-09, 1.0137694602196512e-09, 8.297262349093024e-10, 6.78102410734026e-10, 5.542806344605317e-10, 4.541957634938803e-10, 3.710481554357146e-10, 3.02480210264214e-10, 2.4662931072045186e-10, 2.0075443378019996e-10]
W_list: [8.4]
L_list: [5.3491206656653585]
