R_list= [ 1  2  3  4  5  6  7  8  9 10 11 12 13 14 15 16 17 18 19 20 21 22 23 24
 25 26 27 28 29 30 31 32 33 34 35 36 37 38]
C_final_list= [2.21954827770838e-06, 1.942493770564469e-06, 1.6835439190209707e-06, 1.4523707677586478e-06, 1.2501474373315536e-06, 1.0745573463972664e-06, 9.23408290501963e-07, 7.927983148885298e-07, 6.800117056850518e-07, 5.828645537653215e-07, 4.992975475412494e-07, 4.276183938941804e-07, 3.6600838795721283e-07, 3.132119802040676e-07, 2.6776456671622454e-07, 2.2853371963611689e-07, 1.9494434999091123e-07, 1.6619912958270058e-07, 1.4166992832354888e-07, 1.2068417038262218e-07, 1.0275932245148287e-07, 8.739119150912669e-08, 7.430669798132828e-08, 6.318230426078995e-08, 5.377243252336223e-08, 4.581171011851533e-08, 3.904514408738545e-08, 3.325084297741959e-08, 2.832269759770442e-08, 2.4124927998054504e-08, 2.0523456278755222e-08, 1.7455961913322836e-08, 1.4849763986925825e-08, 1.2636337370605803e-08, 1.074863913746136e-08, 9.142908247330623e-09, 7.78354935007484e-09, 6.6254037232599675e-09]
W_list: [8.35]
L_list: [6.653329458259681]
