R_list= [ 1  2  3  4  5  6  7  8  9 10 11 12 13 14 15 16 17 18 19 20 21 22 23 24
 25 26 27 28 29 30 31 32 33 34 35 36 37 38]
C_final_list= [3.754009227279776e-05, 2.479613298287281e-05, 1.6295237777050073e-05, 1.0719174462447561e-05, 7.0517785371105975e-06, 4.6326421924047895e-06, 3.0371593754443107e-06, 1.989492064673598e-06, 1.3027650012655967e-06, 8.510653920246972e-07, 5.551354758464655e-07, 3.6207033092355914e-07, 2.361401684566352e-07, 1.5481704072666437e-07, 1.0167545416928956e-07, 6.629610289694717e-08, 4.305061646235523e-08, 2.8029691579976036e-08, 1.8340535546490367e-08, 1.1962038555869458e-08, 7.749041746601993e-09, 5.042648011587264e-09, 3.2776034923921616e-09, 2.1316043088623123e-09, 1.3814941287631993e-09, 9.074558518235068e-10, 5.996202564121266e-10, 3.951620281115129e-10, 2.632758515861652e-10, 1.7761813470498587e-10, 1.2137059787751354e-10, 8.106953552268307e-11, 5.40319173796936e-11, 3.619783452500308e-11, 2.4322492621765462e-11, 1.6125243524485032e-11, 1.0607355382692069e-11, 7.134381634852977e-12]
W_list: [8.05]
L_list: [2.3917896126949985]
