R_list= [ 1  2  3  4  5  6  7  8  9 10 11 12 13 14 15 16 17 18 19 20 21 22 23 24
 25 26 27 28 29 30 31 32 33 34 35 36 37 38]
C_final_list= [2.972370811072318e-05, 2.2290186528081502e-05, 1.6598710614641355e-05, 1.2331580021873216e-05, 9.14684356010551e-06, 6.774110731243718e-06, 5.010540948124034e-06, 3.704025084990981e-06, 2.7361641834632008e-06, 2.0212298937380975e-06, 1.4974731596974946e-06, 1.1113509231927746e-06, 8.227775789622261e-07, 6.092541010961709e-07, 4.5132799133357155e-07, 3.3429086935565245e-07, 2.471575018287791e-07, 1.8266074293876994e-07, 1.354340955966647e-07, 1.0045362775121698e-07, 7.432263232368066e-08, 5.4865011021732624e-08, 4.048923260683269e-08, 2.9931418560916116e-08, 2.2070798770469045e-08, 1.6273021413990602e-08, 1.1969931080959422e-08, 8.825448636810158e-09, 6.443824063573838e-09, 4.685980216333574e-09, 3.4075454772101134e-09, 2.4948412462852374e-09, 1.8257054921525627e-09, 1.3404419301242606e-09, 9.804251780887495e-10, 7.222903482145875e-10, 5.325897487744702e-10, 3.9287281166270434e-10]
W_list: [8.3]
L_list: [3.3779231684116735]
