C_final_list: [2.0183872869617e-06, 1.7728895856732877e-06, 1.5494665637306416e-06, 1.3544562871236893e-06, 1.1820396064478697e-06, 1.0320206825990902e-06, 8.973268950715108e-07, 7.816665426331353e-07, 6.807226553471356e-07, 5.920546336106394e-07, 5.153950153177055e-07, 4.483567297592868e-07, 3.887913518574652e-07, 3.374263042689152e-07, 2.922402531801014e-07, 2.53099423764454e-07, 2.1910325422834105e-07, 1.898256149029214e-07, 1.6466440886224105e-07, 1.4283441291077216e-07, 1.239455597308076e-07, 1.0731123379722443e-07, 9.308200421614387e-08, 8.077576807947567e-08, 7.012035905438691e-08, 6.070043750075175e-08, 5.231596108311452e-08, 4.4993595176309325e-08, 3.883609483981715e-08, 3.342115126353153e-08, 2.879983145490395e-08, 2.4841551496587363e-08, 2.1405157455709436e-08, 1.8499675372724794e-08, 1.5985448952155226e-08, 1.385092149662368e-08, 1.1973993431968757e-08, 1.0379390156285334e-08, 9.008563791447334e-09, 7.827929406514806e-09, 6.7852704768776e-09, 5.932553639742653e-09, 5.153345116090585e-09, 4.49109426276749e-09, 3.898219941949712e-09, 3.3690468475225385e-09, 2.913748948190186e-09, 2.5266826537310687e-09, 2.180830089599445e-09, 1.8776773236035682e-09]
ndim2: 500
W_list: [3.0999999999999996]
L_list: [7.261934143894222]
