R_list= [ 1  2  3  4  5  6  7  8  9 10 11 12 13 14 15 16 17 18 19 20 21 22 23 24
 25 26 27 28 29 30 31 32 33 34 35 36 37 38]
C_final_list= [5.790895496209772e-07, 4.7312589077872834e-07, 3.8605065778232815e-07, 3.1405987128792365e-07, 2.5503520195177317e-07, 2.0681941402901907e-07, 1.673609711575989e-07, 1.3545864761481835e-07, 1.0947940018170815e-07, 8.833657482495924e-08, 7.108106857761355e-08, 5.692126983625596e-08, 4.5779971381394793e-08, 3.689467287686173e-08, 2.983123471280905e-08, 2.4013966488458806e-08, 1.932085458340734e-08, 1.551688634239212e-08, 1.2528483473552895e-08, 1.0121545181249531e-08, 8.1546608707878e-09, 6.5751888683853e-09, 5.303420526606611e-09, 4.257786295647985e-09, 3.4485038933302105e-09, 2.774552620546188e-09, 2.2268977707320495e-09, 1.7884450876417972e-09, 1.4340868072783219e-09, 1.1493814362779445e-09, 9.26593956729588e-10, 7.495028702152392e-10, 6.098683960156595e-10, 4.974340545924519e-10, 4.046708940469726e-10, 3.29096221115657e-10, 2.6784237043275043e-10, 2.164067139086766e-10]
W_list: [7]
L_list: [4.796108195486509]
