R_list= [ 1  2  3  4  5  6  7  8  9 10 11 12 13 14 15 16 17 18 19 20 21 22 23 24
 25 26 27 28 29 30 31 32 33 34 35 36 37 38]
C_final_list= [2.1479927037082194e-06, 1.8735925273065428e-06, 1.6183923323832436e-06, 1.3911171523972183e-06, 1.1922439547554348e-06, 1.0200736940479106e-06, 8.719577068475224e-07, 7.444329422343567e-07, 6.347416909900346e-07, 5.406970478787193e-07, 4.601981138598765e-07, 3.916791528790405e-07, 3.334661163789857e-07, 2.8362988340171565e-07, 2.411762876519043e-07, 2.050697066007634e-07, 1.7431831285909552e-07, 1.483554399869635e-07, 1.2612945312880288e-07, 1.0727996488827619e-07, 9.127760961766482e-08, 7.753943127578811e-08, 6.58310279924817e-08, 5.58616648444007e-08, 4.7443292066739166e-08, 4.027297918764695e-08, 3.414739463384237e-08, 2.8946685789715306e-08, 2.4574185607145694e-08, 2.083800260586689e-08, 1.7675324122612977e-08, 1.4994246649377578e-08, 1.2713588756438973e-08, 1.078903606490704e-08, 9.16275549642294e-09, 7.78613392467255e-09, 6.604059584493432e-09, 5.610362281587699e-09]
W_list: [8.4]
L_list: [6.462368205511447]
