R_list= [ 1  2  3  4  5  6  7  8  9 10 11 12 13 14 15 16 17 18 19 20 21 22 23 24
 25 26 27 28 29 30 31 32 33 34 35 36 37 38]
C_final_list= [8.811735743930368e-07, 7.479189876846253e-07, 6.387953636819246e-07, 5.505702001080654e-07, 4.7526898005879605e-07, 4.0999250792002243e-07, 3.5287702868611785e-07, 3.032146264929131e-07, 2.6037444012046863e-07, 2.233486299989284e-07, 1.9138324829893938e-07, 1.6404520630747787e-07, 1.4040392176554784e-07, 1.2030688533861667e-07, 1.0313009464953427e-07, 8.843079600148816e-08, 7.578222342551759e-08, 6.490086908634022e-08, 5.557454399118429e-08, 4.7567515780698e-08, 4.0690324625197017e-08, 3.481641080128679e-08, 2.9780976732371278e-08, 2.5458704500555237e-08, 2.1761290512824033e-08, 1.859819089418634e-08, 1.589644691086745e-08, 1.3598920109798096e-08, 1.1627079342037862e-08, 9.932878096765138e-09, 8.46625678818258e-09, 7.1891009405371165e-09, 6.107979621267165e-09, 5.1951368488022195e-09, 4.410597768266648e-09, 3.741382494691315e-09, 3.1736337048111143e-09, 2.6891263844068455e-09]
W_list: [5]
L_list: [6.556210122760406]
