C_final_list: [2.256395167503168e-06, 2.1798573856325002e-06, 2.103744038516504e-06, 2.0301371223363123e-06, 1.9597092384776634e-06, 1.8907954371810724e-06, 1.8239468911282583e-06, 1.7601478313305178e-06, 1.6989583499773125e-06, 1.6402879130344711e-06, 1.5830403975066426e-06, 1.5273967567446822e-06, 1.474993518949418e-06, 1.4239385067516318e-06, 1.3736365851197284e-06, 1.3259150229092193e-06, 1.2798893798134974e-06, 1.2357540447547206e-06, 1.1926327231432884e-06, 1.1515000414104658e-06, 1.111346207011034e-06, 1.0726662184121181e-06, 1.0353716152742836e-06, 9.996790322499701e-07, 9.64843244209222e-07, 9.314767073800124e-07, 8.993518875562567e-07, 8.678034215258425e-07, 8.373583859327232e-07, 8.078332810730972e-07, 7.792422497453384e-07, 7.51328618085332e-07, 7.248968342040129e-07, 6.992731234417747e-07, 6.742397098988952e-07]
ndim2: 500
W_list: [2.0]
L_list: [28.207713026897856]
