R_list= [ 1  2  3  4  5  6  7  8  9 10 11 12 13 14 15 16 17 18 19 20 21 22 23 24
 25 26 27 28 29 30 31 32 33 34 35 36 37 38]
C_final_list= [5.22340839741132e-07, 3.72706355841068e-07, 2.6456737453800335e-07, 1.889137959430714e-07, 1.3472757687781096e-07, 9.557198212993384e-08, 6.768329748762086e-08, 4.775112681701748e-08, 3.370271602825349e-08, 2.373837667437281e-08, 1.667602915858618e-08, 1.175723379289152e-08, 8.31139070961344e-09, 5.911109364720212e-09, 4.21804705564842e-09, 3.0018899264263843e-09, 2.124952587660035e-09, 1.502566000520864e-09, 1.0564330064993915e-09, 7.393383913323686e-10, 5.153755042561557e-10, 3.571470794761205e-10, 2.467958441496441e-10, 1.7121179120824474e-10, 1.1888332551564046e-10, 8.259402938983912e-11, 5.69867928090137e-11, 3.91429732204143e-11, 2.7118576265684685e-11, 1.8688656751607003e-11, 1.2902582578132579e-11, 8.970470185816818e-12, 6.331695443959205e-12, 4.571634009292534e-12, 3.2919410204313143e-12, 2.368500715354523e-12, 1.6704855899116022e-12, 1.1751239900364995e-12]
W_list: [6]
L_list: [2.938370808380695]
