R_list= [ 1  2  3  4  5  6  7  8  9 10 11 12 13 14 15 16 17 18 19 20 21 22 23 24
 25 26 27 28 29 30 31 32 33 34 35 36 37 38]
C_final_list= [1.557224385049233e-07, 6.254752810954927e-08, 1.947967383806706e-08, 5.332186858494667e-09, 1.3584684175296294e-09, 3.345385580868301e-10, 8.234046409571172e-11, 2.039489155517136e-11, 5.107864785008952e-12, 1.3052736881077813e-12, 3.351800481400511e-13, 8.43824796154104e-14, 2.097749456480448e-14, 5.1628956287936805e-15, 1.251179693685416e-15, 3.0513138438802896e-16, 7.333448912385195e-17, 1.738272031309459e-17, 4.1400548944472104e-18, 1.0006369811752912e-18, 2.48723159059039e-19, 6.302520131309946e-20, 1.6130818400689983e-20, 4.279693206175308e-21, 1.2048430787030105e-21, 3.783408052738884e-22, 1.4477312285059087e-22, 7.234053536475986e-23, 4.794165937071882e-23, 3.9197137884563986e-23, 3.482293418236929e-23, 3.310390416156202e-23, 3.264692116423186e-23, 3.2446478990576766e-23, 3.101004734579167e-23, 2.858722116057058e-23, 2.5924007720298904e-23, 2.4469069773072724e-23]
W_list: [6]
L_list: [1.0217920147196253]
