R_list= [ 1  2  3  4  5  6  7  8  9 10 11 12 13 14 15 16 17 18 19 20 21 22 23 24
 25 26 27 28 29 30 31 32]
C_final_list= [7.473060682964265e-07, 6.846637823292063e-07, 6.278101321213882e-07, 5.746394414872408e-07, 5.254230522351564e-07, 4.800955974799927e-07, 4.377362150449727e-07, 3.9892636326450534e-07, 3.6347489552307385e-07, 3.314368942613198e-07, 3.0227628912782263e-07, 2.758740854549228e-07, 2.5189693695307134e-07, 2.2977271433842142e-07, 2.0951061410632813e-07, 1.9116508502154833e-07, 1.7455811200298304e-07, 1.5948857846278276e-07, 1.4559617147186799e-07, 1.3292877702688175e-07, 1.2130885940194306e-07, 1.1062095325733337e-07, 1.0087383610190828e-07, 9.195572494389218e-08, 8.381910379170077e-08, 7.640445141146766e-08, 6.950434309053335e-08, 6.32354011710914e-08, 5.746308586457091e-08, 5.222545661544287e-08, 4.746709224149165e-08, 4.314573112358808e-08]
W_list: [6]
L_list: [10.975309699814902]
