C_final_list: [1.3741623552813056e-06, 1.2147491096039696e-06, 1.0659731091150845e-06, 9.365987378065555e-07, 8.230035751304607e-07, 7.249573041862665e-07, 6.370180844191061e-07, 5.596910647428151e-07, 4.924290457107713e-07, 4.3296077763773523e-07, 3.8022787058308754e-07, 3.3513603198489807e-07, 2.952261035049216e-07, 2.6061182892901606e-07, 2.2982275233131898e-07, 2.0231025335987858e-07, 1.777610174729043e-07, 1.5630073319145811e-07, 1.3719287823244994e-07, 1.203187180766089e-07, 1.0537208944889614e-07, 9.223718660727475e-08, 8.074767920320518e-08, 7.039972308019942e-08, 6.137008078733376e-08, 5.3462913189698616e-08, 4.673894665384976e-08, 4.0765060959113916e-08, 3.556813816953492e-08, 3.0942264714733175e-08, 2.6955076288809747e-08, 2.3449008075057846e-08, 2.041426596801713e-08, 1.7787310729174145e-08, 1.5446691972695132e-08]
ndim2: 500
W_list: [3.6]
L_list: [7.781311156401134]
