C_list:
1.1126502521599545e-06 0.09705750548951794
ndim2: 500
W_list: [3.2]
L_list: [10.303170218072403]
