R_list= [ 1  2  3  4  5  6  7  8  9 10 11 12 13 14 15 16 17 18 19 20 21 22 23 24
 25 26 27 28 29 30 31 32 33 34 35 36 37 38]
C_final_list= [6.879110017691188e-07, 6.361242197197228e-07, 5.863110105879047e-07, 5.397309088524839e-07, 4.965642008475359e-07, 4.5705177245705935e-07, 4.2010618198680957e-07, 3.860974225443923e-07, 3.546063414576994e-07, 3.2587458010679496e-07, 2.9920099853103397e-07, 2.745457346988957e-07, 2.518705252517042e-07, 2.3098388619510428e-07, 2.1169152528199488e-07, 1.938483127326901e-07, 1.7748119837826152e-07, 1.6252432594639494e-07, 1.4888043217923876e-07, 1.36347897610461e-07, 1.2483269907378862e-07, 1.1426638695373067e-07, 1.0460777859919485e-07, 9.572623370794247e-08, 8.75402307958762e-08, 8.002058589643877e-08, 7.30610871619386e-08, 6.672112984917757e-08, 6.097293884009232e-08, 5.5665330464471074e-08, 5.0796449649805674e-08, 4.638529718903154e-08, 4.2321301473156395e-08, 3.8564506431531857e-08, 3.514283015528868e-08, 3.201007610541717e-08, 2.9156437646260966e-08, 2.653854827041647e-08]
W_list: [6.2]
L_list: [11.706022388949053]
