R_list= [ 1  2  3  4  5  6  7  8  9 10 11 12 13 14 15 16 17 18 19 20 21 22 23 24
 25 26 27 28 29 30]
C_final_list= [4.923024178684939e-08, 2.1359653837672687e-08, 7.479337705622152e-09, 2.358488829561043e-09, 7.029862341915605e-10, 2.0251763698619484e-10, 5.7476719704510475e-11, 1.6520122188506016e-11, 4.918819604700372e-12, 1.5359240583812057e-12, 4.7760310439845e-13, 1.367004566334128e-13, 3.824123695615958e-14, 1.0592691240866313e-14, 3.0570487625805688e-15, 9.141464501666872e-16, 2.4977209763430394e-16, 7.001209713428331e-17, 2.5772869661860913e-17, 1.1799667083847444e-17, 7.142507640238415e-18, 2.6190095281779256e-18, 5.904874147243058e-19, 9.702172715694559e-20, 1.487750350272831e-20, 2.8008740536881158e-21, 5.806087040833004e-22, 1.2406527311407277e-22, 3.000007857429144e-23, 8.509084231960873e-24]
W_list: [6]
L_list: [1.1088663392830798]
