R_list= [ 1  2  3  4  5  6  7  8  9 10 11 12 13 14 15 16 17 18 19 20 21 22 23 24
 25 26 27 28 29 30 31 32 33 34 35 36 37 38]
C_final_list= [1.1453825129579188e-06, 1.0644360287033232e-06, 9.846961347738995e-07, 9.097349525363919e-07, 8.393138553734248e-07, 7.740589497331924e-07, 7.130432617613376e-07, 6.5702369565315e-07, 6.05380418247367e-07, 5.574071855054851e-07, 5.131434301502863e-07, 4.722840799404916e-07, 4.3461996100874416e-07, 3.997147378711378e-07, 3.6753476997098865e-07, 3.3770378887836124e-07, 3.1024624096569065e-07, 2.8516892795692915e-07, 2.6190227274297306e-07, 2.404996066394726e-07, 2.2065490522196367e-07, 2.0232035375622862e-07, 1.8555504044525966e-07, 1.699237830513639e-07, 1.5556736368679438e-07, 1.4242298200051568e-07, 1.3048732026135423e-07, 1.1950851879397977e-07, 1.0947452356409244e-07, 1.0034980993161753e-07, 9.196293050289476e-08, 8.421281043686313e-08, 7.712478474077539e-08, 7.062545607958561e-08, 6.460301576036696e-08, 5.9081878971449276e-08, 5.404115499329105e-08, 4.943210112341822e-08]
W_list: [7.0]
L_list: [12.093562688333186]
