C_final_list: [2.0138721205226752e-06, 1.7690723604706766e-06, 1.5488256361812563e-06, 1.3567722177517402e-06, 1.1911411192201922e-06, 1.047382512497609e-06, 9.211165127892568e-07, 8.122312267584545e-07, 7.14438360074234e-07, 6.270312930700416e-07, 5.513547096316346e-07, 4.849022624870551e-07, 4.2570511775333e-07, 3.733256082158616e-07, 3.2789661850839794e-07, 2.8734047378878413e-07, 2.5159872815850093e-07, 2.198773474836954e-07, 1.9202223647863021e-07, 1.6767516624234551e-07, 1.4676821544283125e-07, 1.281136934836658e-07, 1.1170714992138184e-07, 9.750337206007894e-08, 8.490705034783141e-08, 7.395006754800763e-08, 6.451777937033248e-08, 5.633573021037821e-08, 4.9194692255050004e-08, 4.3044987940312734e-08, 3.764639021437125e-08, 3.289172206731101e-08, 2.8677987578418497e-08, 2.50885559695327e-08, 2.194815355607088e-08, 1.9100548423048698e-08, 1.6652705237039238e-08, 1.4436285387195902e-08, 1.2558620625479628e-08, 1.0913373092130243e-08, 9.505358483489278e-09, 8.233526384156168e-09, 7.126703135811771e-09, 6.184865528941641e-09, 5.3848411593110475e-09, 4.6917131164377185e-09, 4.069272679028051e-09, 3.525026896036893e-09, 3.0681591009974483e-09, 2.6708514181852222e-09]
ndim2: 500
W_list: [3.0]
L_list: [7.682039929923883]
