C_final_list: [1.7034587111786053e-06, 1.5850476669156276e-06, 1.478403093764738e-06, 1.3730666618792908e-06, 1.2780527539672006e-06, 1.1909229363464721e-06, 1.111260095589513e-06, 1.0351291031477472e-06, 9.655776844022118e-07, 9.007001535733714e-07, 8.407298670078933e-07, 7.840966452206347e-07, 7.305927634880781e-07, 6.810114874745223e-07, 6.339468123768357e-07, 5.900705277069686e-07, 5.49334676725681e-07, 5.112932066241054e-07, 4.742327112134882e-07, 4.401840300533457e-07, 4.086666270707453e-07, 3.7961371070212997e-07, 3.522483771902575e-07, 3.2650378348601626e-07, 3.02766650843448e-07, 2.805419615770251e-07, 2.597289089863746e-07, 2.4029314813956485e-07, 2.2206373799424727e-07, 2.0525429794805058e-07, 1.8948431751124443e-07, 1.7515857261808253e-07, 1.6185907372756416e-07, 1.49422126276291e-07, 1.3782405304039734e-07]
ndim2: 500
W_list: [1.8]
L_list: [13.96076799727862]
