C_final_list: [1.030129642799855e-06, 9.983484932388106e-07, 9.644417441455248e-07, 9.308865278176698e-07, 8.985458033099585e-07, 8.670972678988101e-07, 8.37128651747391e-07, 8.081264375606727e-07, 7.799521880439932e-07, 7.5324157296038e-07, 7.272247898519091e-07, 7.016467823614182e-07, 6.773910360262723e-07, 6.537832483211104e-07, 6.311537296901225e-07, 6.093215904755827e-07, 5.882365574369355e-07, 5.678136952064868e-07, 5.479036785202073e-07, 5.289798297796464e-07, 5.104526508391994e-07, 4.924856922481102e-07, 4.7503059914756975e-07, 4.582267096727267e-07, 4.4198260179947274e-07, 4.2651252573466013e-07, 4.11488144568459e-07, 3.96952516757602e-07, 3.8303129519386376e-07, 3.693166028952359e-07, 3.5621821249781807e-07, 3.4339984735551597e-07, 3.310410722985844e-07, 3.190772305810004e-07, 3.074215863853985e-07]
ndim2: 500
W_list: [2.4000000000000004]
L_list: [28.212030986096497]
