C_final_list: [1.388114925799438e-06, 1.0571158435681151e-06, 7.965529054399867e-07, 6.011452218031876e-07, 4.5592661013854417e-07, 3.4491729704388047e-07, 2.60123699723559e-07, 1.9541301251703124e-07, 1.4753714534839704e-07, 1.1162445067402075e-07, 8.46345872260505e-08, 6.360722468646062e-08, 4.8419603226872556e-08, 3.6312939225919396e-08, 2.7201019141170163e-08, 2.061035803500145e-08, 1.55578211732333e-08, 1.1674784155552174e-08, 8.769946149788892e-09, 6.5308750470848705e-09, 4.871639230119514e-09, 3.616316571088834e-09, 2.6785974296435296e-09, 1.9743521407495348e-09, 1.4640394389156744e-09, 1.1054617019188391e-09, 8.193879354332989e-10, 6.138433774440623e-10, 4.5986608018392883e-10, 3.4088395707388216e-10, 2.5379972604130506e-10, 1.8910616369812746e-10, 1.389430280669681e-10, 1.0262397674282485e-10, 7.50949882099263e-11]
ndim2: 500
W_list: [4.2]
L_list: [3.579528671150944]
