C_list:
1.5291422163463657e-06 0.132385151208344
ndim2: 500
W_list: [3.0]
L_list: [7.553717247535023]
