C_final_list: [2.0202870739751937e-06, 1.7576179640717692e-06, 1.5237758434709068e-06, 1.3217250784443072e-06, 1.1472134750754055e-06, 9.953855704455537e-07, 8.619196514049038e-07, 7.467296715736049e-07, 6.459575866118941e-07, 5.598217172582887e-07, 4.828137493017748e-07, 4.1724621998829004e-07, 3.6048507176564926e-07, 3.1095066954750707e-07, 2.6818218526861987e-07, 2.3072249841349096e-07, 1.9854627882114342e-07, 1.716094424251593e-07, 1.477002810967233e-07, 1.272691780119939e-07, 1.0985303375434001e-07, 9.466150877321722e-08, 8.177432326013558e-08, 7.045418714827081e-08, 6.071066323112791e-08, 5.2184574258952805e-08, 4.4875774105185185e-08, 3.868764436083903e-08, 3.3420907245413535e-08, 2.876953005041288e-08, 2.4707617308030194e-08, 2.125510132583532e-08, 1.8290807867674058e-08, 1.5741687824545668e-08, 1.3543922408652513e-08, 1.1621475024617429e-08, 9.968507615500576e-09, 8.583757899837694e-09, 7.391082591303564e-09, 6.361123397182423e-09, 5.4884766992001e-09, 4.7197780783404814e-09, 4.068144420196383e-09, 3.5062672424043864e-09, 3.0253316922189838e-09, 2.601758198865104e-09, 2.239301754065357e-09, 1.9241681696177506e-09, 1.6514125461229798e-09, 1.4189147662645702e-09]
ndim2: 500
W_list: [3.15]
L_list: [6.952979642386325]
