R_list= [ 1  2  3  4  5  6  7  8  9 10 11 12 13 14 15 16 17 18 19 20 21 22 23 24
 25 26 27 28 29 30 31 32 33 34 35 36 37 38]
C_final_list= [6.673756011682007e-06, 5.735868683380323e-06, 4.887531625773345e-06, 4.149660302495211e-06, 3.5202602341596805e-06, 2.9822507881107796e-06, 2.524821415078436e-06, 2.136605076788753e-06, 1.8056197974782795e-06, 1.525998287843973e-06, 1.2889311698620986e-06, 1.0875938325931363e-06, 9.168701391690329e-07, 7.726445234104514e-07, 6.512056826879998e-07, 5.48874957788044e-07, 4.629209069637404e-07, 3.905371491040769e-07, 3.294909677122744e-07, 2.778699665545955e-07, 2.3415440268159137e-07, 1.9728346260913852e-07, 1.6623266933586378e-07, 1.400921918114866e-07, 1.1818426977427044e-07, 9.978809605986389e-08, 8.425641291165336e-08, 7.11805177216013e-08, 6.008272696414308e-08, 5.062910969807671e-08, 4.259414117998254e-08, 3.587881266737731e-08, 3.025676942758016e-08, 2.548414217585088e-08, 2.148494387098385e-08, 1.812506711752416e-08, 1.5302899916584645e-08, 1.2910882909979198e-08]
W_list: [8.1]
L_list: [6.067545368912875]
