R_list= [ 1  2  3  4  5  6  7  8  9 10 11 12 13 14 15 16 17 18 19 20 21 22 23 24
 25 26 27 28 29 30 31 32 33 34 35 36 37 38]
C_final_list= [6.209939974715118e-06, 5.299991683660174e-06, 4.483414383564908e-06, 3.774201415786029e-06, 3.173656891920713e-06, 2.664591632863655e-06, 2.2358027155183923e-06, 1.874779847331818e-06, 1.5705227555125668e-06, 1.3150261633494503e-06, 1.0999945920930562e-06, 9.204822250606415e-07, 7.703124245795152e-07, 6.441520086182091e-07, 5.381654234647386e-07, 4.4965187771421817e-07, 3.757094676930731e-07, 3.136533411555321e-07, 2.61880787602699e-07, 2.1854995641802308e-07, 1.823121671064572e-07, 1.522333561969849e-07, 1.268480219069441e-07, 1.0571209953925547e-07, 8.815786096498605e-08, 7.359759237771388e-08, 6.144685312191303e-08, 5.124675588161909e-08, 4.272040751283233e-08, 3.555231497032916e-08, 2.9629286390080823e-08, 2.4687392207394866e-08, 2.0606460595529017e-08, 1.720352457621595e-08, 1.4341890498160857e-08, 1.1950606989335822e-08, 9.94983227200437e-09, 8.289230565822884e-09]
W_list: [8.25]
L_list: [5.77830953024769]
