R_list= [ 1  2  3  4  5  6  7  8  9 10 11 12 13 14 15 16 17 18 19 20 21 22 23 24
 25 26 27 28 29 30 31 32 33 34 35 36 37 38]
C_final_list= [3.6116514608573485e-05, 2.3507408211112337e-05, 1.5223168660067537e-05, 9.84840466206164e-06, 6.370615824753864e-06, 4.111168536643125e-06, 2.6491346816469194e-06, 1.7049682183977085e-06, 1.097151460080963e-06, 7.06150162481542e-07, 4.5491665711258936e-07, 2.927064312943398e-07, 1.8852158330233483e-07, 1.2170821182774568e-07, 7.844854776017274e-08, 5.046912946484227e-08, 3.225273553311692e-08, 2.0809119783509403e-08, 1.3289613890402645e-08, 8.544966892872568e-09, 5.5157122547730105e-09, 3.572884448546866e-09, 2.2865393064205768e-09, 1.4627055930254069e-09, 9.325870261380722e-10, 5.972728071494777e-10, 3.7893315765117833e-10, 2.404220343625686e-10, 1.5436374976087413e-10, 9.933050532695594e-11, 6.490931078814506e-11, 4.188523676528543e-11, 2.694207474079709e-11, 1.776299734056561e-11, 1.1736082013321125e-11, 7.758145342117918e-12, 5.216705818199478e-12, 3.5474301813979052e-12]
W_list: [8.2]
L_list: [2.30656092792154]
