R_list= [ 1  2  3  4  5  6  7  8  9 10 11 12 13 14 15 16 17 18 19 20 21 22 23 24
 25 26 27 28 29 30 31 32 33 34 35 36 37 38]
C_final_list= [4.900102512187528e-07, 3.8717473399240255e-07, 3.02979537280455e-07, 2.3678047543074956e-07, 1.8478305680351736e-07, 1.4373616857417223e-07, 1.1162738092547038e-07, 8.633465904668308e-08, 6.691469063968597e-08, 5.183647890003051e-08, 4.008356858490333e-08, 3.090759985043918e-08, 2.3873454751792292e-08, 1.8513597716618524e-08, 1.4251871188548015e-08, 1.0981226854443735e-08, 8.408720378498844e-09, 6.44648123310136e-09, 4.934121917361888e-09, 3.77429948736468e-09, 2.8769817553916582e-09, 2.196934821601316e-09, 1.6780401742216205e-09, 1.2864512500876018e-09, 9.862799981852737e-10, 7.554979521187138e-10, 5.776102668135179e-10, 4.42706943407037e-10, 3.373989056232536e-10, 2.576427447812174e-10, 1.9668576848143657e-10, 1.4966321049236978e-10, 1.1459025845024529e-10, 8.728084175784064e-11, 6.536861016370954e-11, 4.88167669916825e-11, 3.689747730027935e-11, 2.7516296676053768e-11]
W_list: [8.0]
L_list: [4.0403627920078735]
