R_list= [ 1  2  3  4  5  6  7  8  9 10 11 12 13 14 15 16 17 18 19 20 21 22 23 24
 25 26 27 28 29 30 31 32 33 34 35 36 37 38]
C_final_list= [5.8501083953891415e-06, 4.949248967241963e-06, 4.143274783398227e-06, 3.450356920250205e-06, 2.8647939171880226e-06, 2.37258539896032e-06, 1.9640883638600703e-06, 1.6264199664316304e-06, 1.3473799908801782e-06, 1.1157846911642783e-06, 9.234851655533768e-07, 7.654423037386738e-07, 6.339589126669982e-07, 5.244785129166766e-07, 4.3372135774275657e-07, 3.5847059498903356e-07, 2.9624818188853093e-07, 2.4462663845799015e-07, 2.0211764229878866e-07, 1.669297904316444e-07, 1.3788534732076662e-07, 1.1375854291912675e-07, 9.39141544390074e-08, 7.752123702436609e-08, 6.394751392530326e-08, 5.278746715145486e-08, 4.355059809409083e-08, 3.593223692149338e-08, 2.9690407459774282e-08, 2.4534121449732182e-08, 2.024102023592361e-08, 1.670452053208202e-08, 1.3787586638004207e-08, 1.139448533764978e-08, 9.419544531827938e-09, 7.77976049489342e-09, 6.408449545799848e-09, 5.2856969976775055e-09]
W_list: [8.4]
L_list: [5.430776874791368]
