C_final_list: [1.5364602318739231e-06, 1.3785191422639674e-06, 1.2350907759161512e-06, 1.1053017626125205e-06, 9.904024725236397e-07, 8.882366659791174e-07, 7.957007785917033e-07, 7.139148366746281e-07, 6.402243091385801e-07, 5.734735047355697e-07, 5.13761647469835e-07, 4.594942943289364e-07, 4.097985342879954e-07, 3.654534144983889e-07, 3.263481956249593e-07, 2.91912509470398e-07, 2.605348171777793e-07, 2.3283896187467275e-07, 2.0806438394029987e-07, 1.8586275964328256e-07, 1.660297757330277e-07, 1.4800404907616126e-07, 1.3206735337871396e-07, 1.1767382538062308e-07, 1.0480683958824287e-07, 9.362244602776727e-08, 8.369991813191897e-08, 7.475553734890358e-08, 6.662896528600832e-08, 5.915632891311862e-08, 5.253659238524682e-08, 4.665618227574214e-08, 4.145152514761909e-08, 3.682090802975566e-08, 3.262537679932579e-08, 2.891008358276472e-08, 2.557088442248759e-08, 2.2580430656351894e-08, 2.0025616496327128e-08, 1.7723764677294703e-08, 1.5689953787243633e-08, 1.387105585609805e-08, 1.227354381598665e-08, 1.0874043653597931e-08, 9.649487712134747e-09, 8.53536478064853e-09, 7.54970569021398e-09, 6.697501940789638e-09, 5.936691969982199e-09, 5.2550695552518735e-09]
ndim2: 500
W_list: [3.8]
L_list: [9.022770492320506]
