R_list= [ 1  2  3  4  5  6  7  8  9 10 11 12 13 14 15 16 17 18 19 20 21 22 23 24
 25 26 27 28 29 30 31 32 33 34 35 36 37 38]
C_final_list= [9.284922403922988e-07, 5.845872992055524e-07, 3.674516385623616e-07, 2.3180942101192419e-07, 1.4683264085344183e-07, 9.351266573988634e-08, 5.9592669932019965e-08, 3.7288357778832045e-08, 2.3455804528333865e-08, 1.4825863727508703e-08, 9.38994629791307e-09, 5.983298427419007e-09, 3.764491049226935e-09, 2.3547292898074577e-09, 1.463625190496212e-09, 8.856980087734255e-10, 5.45407975371298e-10, 3.392194114863595e-10, 2.098563738491917e-10, 1.289157482196985e-10, 7.907801554769797e-11, 4.860094812152931e-11, 3.0523679196166825e-11, 2.029290866175861e-11, 1.325820208768488e-11, 8.46301715103703e-12, 5.5329344929317555e-12, 3.546675526410338e-12, 2.228928386779263e-12, 1.3428382459674834e-12, 8.247443231367487e-13, 5.097618491324067e-13, 2.836424808779164e-13, 1.7084320307007674e-13, 1.0577301883510081e-13, 6.429144549934978e-14, 3.7790140515102344e-14, 2.2179427799205935e-14]
W_list: [7.6000000000000005]
L_list: [2.166814898386658]
