R_list= [ 1  2  3  4  5  6  7  8  9 10 11 12 13 14 15 16 17 18 19 20 21 22 23 24
 25 26 27 28 29 30 31 32 33 34 35 36 37 38]
C_final_list= [1.686256778423176e-07, 1.4571102990772148e-07, 1.240599379033038e-07, 1.0479071984548572e-07, 8.82079126384932e-08, 7.410109861911209e-08, 6.216767163667383e-08, 5.20659102933059e-08, 4.358287484312181e-08, 3.644525001462991e-08, 3.0411073736034686e-08, 2.5323241063160585e-08, 2.1094011767682954e-08, 1.756484133217951e-08, 1.4609371030073135e-08, 1.2142553580157636e-08, 1.0087089771746616e-08, 8.384492514504611e-09, 6.954047088975205e-09, 5.761929289106333e-09, 4.781578609553928e-09, 3.969035545450644e-09, 3.2988145263188658e-09, 2.7369190704915234e-09, 2.269102873223711e-09, 1.87707556365414e-09, 1.5542797359605623e-09, 1.2864348290509338e-09, 1.0655274035585183e-09, 8.83034772978645e-10, 7.335016687840706e-10, 6.08869444693339e-10, 5.054627003503578e-10, 4.2050426402058364e-10, 3.4893343931975487e-10, 2.8842797054806145e-10, 2.385484800241483e-10, 1.9709065314443132e-10]
W_list: [9.2]
L_list: [5.829574804176174]
