C_final_list: [1.6945660730105692e-06, 1.633684629928779e-06, 1.5741390460029774e-06, 1.5163735555238497e-06, 1.4618448144760563e-06, 1.408865477108148e-06, 1.3579290743941786e-06, 1.308018350464702e-06, 1.2594528421216528e-06, 1.2133773791709062e-06, 1.1686980919893824e-06, 1.1265214782048197e-06, 1.0856406031738804e-06, 1.0458956618844153e-06, 1.0075705792070896e-06, 9.710510024717275e-07, 9.354979117724155e-07, 9.011742461167173e-07, 8.676659533968023e-07, 8.357749935476061e-07, 8.049587186622844e-07, 7.750986393926917e-07, 7.46529045737784e-07, 7.190307114579725e-07, 6.922032172997196e-07, 6.664671682725097e-07, 6.416089772722048e-07, 6.174973290835346e-07, 5.944857222089061e-07, 5.724233501201438e-07, 5.507861044786475e-07, 5.299343089773807e-07, 5.097759377553034e-07, 4.903333894491744e-07, 4.715879081350889e-07, 4.5357544504988824e-07, 4.3626452676781924e-07, 4.1945644618073713e-07, 4.0318340464008787e-07, 3.8764551914107107e-07, 3.727316047191774e-07, 3.5846022802114e-07, 3.4472717465576974e-07, 3.3146862907643466e-07, 3.1845172035309224e-07, 3.0596130546207457e-07, 2.940058583873596e-07, 2.826350977253931e-07, 2.717340567718737e-07, 2.6117537262011315e-07]
ndim2: 500
W_list: [3.2]
L_list: [26.53285215634298]
