C_final_list: [1.7634439228320714e-06, 1.6247096469214125e-06, 1.4912738709541643e-06, 1.369081675523499e-06, 1.257655698985139e-06, 1.1546743376878313e-06, 1.0616651504610425e-06, 9.76826879830989e-07, 8.994506422515599e-07, 8.277144278020721e-07, 7.621828872658405e-07, 7.015356986969028e-07, 6.4548361836819e-07, 5.941130777094857e-07, 5.4617494087627e-07, 5.005812793064788e-07, 4.587525061261206e-07, 4.20846808973908e-07, 3.861223099836886e-07, 3.540692251869575e-07, 3.24531138560536e-07, 2.9721676387802156e-07, 2.721327415586331e-07, 2.491187300715401e-07, 2.2795636575121953e-07, 2.08425424253755e-07, 1.9042668050335194e-07, 1.7405186009800674e-07, 1.5925376628788675e-07, 1.4549324230502773e-07, 1.3302710974591634e-07, 1.2157539062276407e-07, 1.1094876332064264e-07, 1.0127314713070716e-07, 9.243403873148324e-08, 8.432827041196702e-08, 7.690512407317789e-08, 7.017907732908261e-08, 6.404523918297767e-08, 5.853517687027635e-08, 5.350165508850107e-08, 4.896230699783181e-08, 4.4713552269761864e-08, 4.098572425331061e-08, 3.753182242138906e-08, 3.439370507815828e-08, 3.1461023081568575e-08, 2.877086756736256e-08, 2.6244123285644904e-08, 2.3899458053787762e-08]
ndim2: 500
W_list: [3.4000000000000004]
L_list: [11.770245214239571]
