C_final_list: [1.9832215467542027e-06, 1.7313930586256752e-06, 1.4976107666921813e-06, 1.2955437672676736e-06, 1.1214956346145015e-06, 9.712752960322172e-07, 8.386836781689001e-07, 7.23647141312477e-07, 6.239311683640713e-07, 5.39529791126397e-07, 4.653835466757359e-07, 4.024564472996994e-07, 3.473979445594503e-07, 3.0050603899189984e-07, 2.602208731525828e-07, 2.245860288999473e-07, 1.9402745838733765e-07, 1.6752202703922305e-07, 1.4433288774226486e-07, 1.23868722612219e-07, 1.0668323984604342e-07, 9.174015344515934e-08, 7.894831627264514e-08, 6.746801395942141e-08, 5.760815718814774e-08, 4.9170062378331563e-08, 4.2117376636522416e-08, 3.594665215150566e-08, 3.074493115905469e-08, 2.632311744403924e-08, 2.251351199080171e-08, 1.929481175462859e-08, 1.6512052423139963e-08, 1.4184069180687772e-08, 1.2233213167617955e-08, 1.0540260446520488e-08, 9.01964103148978e-09, 7.714493833402538e-09, 6.59768808898968e-09, 5.658961542535452e-09, 4.853930684115781e-09, 4.153765746291875e-09, 3.5443170892304045e-09, 3.0313585701714524e-09, 2.5974092512808133e-09, 2.2117781596047512e-09, 1.894002101851726e-09, 1.6213000443149382e-09, 1.387389601397696e-09, 1.189091290989523e-09]
ndim2: 500
W_list: [3.1999999999999997]
L_list: [6.880860227584384]
