R_list= [ 1  2  3  4  5  6  7  8  9 10 11 12 13 14 15 16 17 18 19 20 21 22 23 24
 25 26 27 28 29 30 31 32 33 34 35 36 37 38]
C_final_list= [1.579107662956725e-07, 6.148661133122979e-08, 1.868990178793327e-08, 5.021921177170048e-09, 1.2555495768568781e-09, 3.0141261680279714e-10, 7.144510563247368e-11, 1.6783278827465975e-11, 3.896666687726382e-12, 9.006545705490517e-13, 2.0630492355246155e-13, 4.7265196411579005e-14, 1.0764717814400368e-14, 2.481900821760777e-15, 5.676239006439273e-16, 1.2959920364686158e-16, 2.967660756854829e-17, 6.6724372738163216e-18, 1.5011888503464572e-18, 3.537055775593023e-19, 9.975051888277248e-20, 4.766583402864276e-20, 3.84389345629299e-20, 2.5610265016704145e-20, 1.1517382916500021e-20, 5.0587138959764575e-21, 2.2257045918180982e-21, 9.113027307948641e-22, 4.622109403017059e-22, 3.1568402174642214e-22, 2.6367743420471582e-22, 2.4754708098016797e-22, 2.4368434120314606e-22, 2.400340458395004e-22, 2.384856835815833e-22, 2.385281132785822e-22, 2.4214723087921133e-22, 2.4547370348984387e-22]
W_list: [6]
L_list: [0.9953663687362013]
