C_list:
1.7508726574747927e-06 0.03498498156864912
ndim2: 500
W_list: [1.4]
L_list: [28.583693778364715]
