C_final_list: [1.8230805152121797e-06, 1.7722184249453604e-06, 1.7208711142818514e-06, 1.671779210204901e-06, 1.6245226375691739e-06, 1.5781177028282617e-06, 1.5333821761707603e-06, 1.4896064766088224e-06, 1.447027300533637e-06, 1.4055345040947844e-06, 1.3654403333105038e-06, 1.3262441850007075e-06, 1.2882244402555229e-06, 1.2515394216471276e-06, 1.2156844172600395e-06, 1.1808943655172618e-06, 1.1470351891970227e-06, 1.1143451427738878e-06, 1.082881349283884e-06, 1.0519030190230733e-06, 1.0213869435826115e-06, 9.919702405459646e-07, 9.63297753791472e-07, 9.359864402450089e-07, 9.095053192303501e-07, 8.837204386914218e-07, 8.584320468185779e-07, 8.340523163657325e-07, 8.104836627098419e-07, 7.874174701268663e-07, 7.651334199030749e-07, 7.433035731223032e-07, 7.219856123526416e-07, 7.012990888258051e-07, 6.809826823152934e-07]
ndim2: 500
W_list: [2.4]
L_list: [34.51075871052355]
