C_final_list: [1.730332527768308e-06, 1.6717703316476245e-06, 1.613487609100714e-06, 1.5574439670234309e-06, 1.5030789709345317e-06, 1.451289653940558e-06, 1.4003497304615308e-06, 1.3521066755594785e-06, 1.3057698758199691e-06, 1.2604775319278276e-06, 1.2170607055828627e-06, 1.1749045384792435e-06, 1.1341323546851835e-06, 1.0948836484000952e-06, 1.056739813748303e-06, 1.0203660879357754e-06, 9.842727760627128e-07, 9.499816765080673e-07, 9.16423927867111e-07, 8.83467873158171e-07, 8.518564126338266e-07, 8.213747729611421e-07, 7.918765220421173e-07, 7.634042048913988e-07, 7.360029915312255e-07, 7.096376625987204e-07, 6.845134283809106e-07, 6.597578883428326e-07, 6.359583548627067e-07, 6.128110553066838e-07, 5.904977813142388e-07, 5.688669187196592e-07, 5.48003719840908e-07, 5.277538523803591e-07, 5.079772390416598e-07, 4.89002202969609e-07, 4.7080268507441884e-07, 4.5327542700963355e-07, 4.3642144338081747e-07, 4.203224498813413e-07, 4.0470194240135615e-07, 3.8949281268854706e-07, 3.7483631291495223e-07, 3.606657898252459e-07, 3.471893828822003e-07, 3.341368008205075e-07, 3.2140786739926593e-07, 3.090910589055198e-07, 2.9717681231195265e-07, 2.856161882077092e-07]
ndim2: 500
W_list: [3.15]
L_list: [27.676132194755283]
