R_list= [ 1  2  3  4  5  6  7  8  9 10 11 12 13 14 15 16 17 18 19 20 21 22 23 24
 25 26 27 28 29 30 31 32 33 34 35 36 37 38]
C_final_list= [2.037554784761821e-05, 1.6461292795741612e-05, 1.3171088396209692e-05, 1.0513598018248476e-05, 8.38177041662484e-06, 6.677225335235399e-06, 5.311611200500311e-06, 4.218572622724412e-06, 3.3543075925974685e-06, 2.662546638102132e-06, 2.1132892993431233e-06, 1.6774656499213394e-06, 1.3302108631620172e-06, 1.0542371576401884e-06, 8.357878672805896e-07, 6.629670136856614e-07, 5.265513615122001e-07, 4.184928698639143e-07, 3.3177735681321983e-07, 2.627947665428904e-07, 2.077479707793955e-07, 1.6407898873279555e-07, 1.2998066329104624e-07, 1.0288562494112252e-07, 8.134881508206414e-08, 6.441962065227085e-08, 5.1163457560244264e-08, 4.05464829975201e-08, 3.2113444231060795e-08, 2.541389592033689e-08, 2.0135921280521682e-08, 1.5918359710253557e-08, 1.2550167159182584e-08, 9.90533114581344e-09, 7.856615337857944e-09, 6.249607256806359e-09, 4.981473806744393e-09, 3.979138347955131e-09]
W_list: [8.35]
L_list: [4.441394446384564]
