R_list= [ 1  2  3  4  5  6  7  8  9 10 11 12 13 14 15 16 17 18 19 20 21 22 23 24
 25 26 27 28 29 30]
C_final_list= [7.314492093335784e-07, 6.924459755256881e-07, 6.539256233609646e-07, 6.164630829340926e-07, 5.810139576077055e-07, 5.47173655093718e-07, 5.148229620555874e-07, 4.840218058909214e-07, 4.5520308372047687e-07, 4.2811534944754173e-07, 4.023854638898962e-07, 3.7822591059297516e-07, 3.554459553673276e-07, 3.340605697820775e-07, 3.1396070357783195e-07, 2.9521887436545063e-07, 2.776256010950121e-07, 2.6103979184588066e-07, 2.4555962712667103e-07, 2.3094621277624713e-07, 2.1707645843622636e-07, 2.0401615297107927e-07, 1.9167666357830798e-07, 1.7998314337063583e-07, 1.6896120207890508e-07, 1.586081153958064e-07, 1.4889219202897362e-07, 1.3981287453814904e-07, 1.3125024352984917e-07, 1.2325269474319483e-07]
W_list: [6]
L_list: [16.358029647288888]
