R_list= [ 1  2  3  4  5  6  7  8  9 10 11 12 13 14 15 16 17 18 19 20 21 22 23 24
 25 26 27 28 29 30 31 32 33 34 35 36 37 38]
C_final_list= [4.973467333809396e-07, 3.4818474883256494e-07, 2.4837347956367053e-07, 1.7674385959694285e-07, 1.2545025533063275e-07, 8.895137210263321e-08, 6.312838528246532e-08, 4.483590637250783e-08, 3.1766341246415113e-08, 2.236846511602447e-08, 1.5675162809046522e-08, 1.091221782702859e-08, 7.561131188262518e-09, 5.202440863110224e-09, 3.5608108506571637e-09, 2.445211530236524e-09, 1.6769922654112672e-09, 1.1457847255786424e-09, 7.796805351237722e-10, 5.288675945713121e-10, 3.565783284693154e-10, 2.3959896230342633e-10, 1.6140107982924767e-10, 1.0900937728608581e-10, 7.366910404002911e-11, 4.980247732636438e-11, 3.337785757021049e-11, 2.2216183626027832e-11, 1.4744453583119872e-11, 9.954886839538284e-12, 6.736517183160332e-12, 4.465608003327819e-12, 3.022402309314023e-12, 2.0424518247537763e-12, 1.3708206052470328e-12, 9.141108899964072e-13, 6.130631640234336e-13, 4.0977624718856103e-13]
W_list: [7]
L_list: [2.8997339287452615]
