C_final_list: [1.6715247680525479e-06, 1.3521251940218533e-06, 1.0928712586427424e-06, 8.891360402849601e-07, 7.231247127832555e-07, 5.840796228806328e-07, 4.681442427216774e-07, 3.7533102976874994e-07, 3.0226234406245993e-07, 2.433527917703113e-07, 1.9515337480445367e-07, 1.5592426259583642e-07, 1.2468735985303612e-07, 9.932965663652398e-08, 7.920931189386891e-08, 6.314549262155728e-08, 5.047157300496432e-08, 4.04883529088854e-08, 3.23742440653342e-08, 2.586119765770263e-08, 2.0476672769960993e-08, 1.6308430044793542e-08, 1.2893374904891061e-08, 1.021805436081303e-08, 8.088711617816641e-09, 6.444053089319401e-09, 5.111063648031306e-09, 4.051559674636123e-09, 3.210724844660754e-09, 2.5641564708650723e-09, 2.036752233123185e-09, 1.6161633696353592e-09, 1.2853111654017805e-09, 1.0174855503177778e-09, 8.132648150961525e-10, 6.459407661798209e-10, 5.117084271016596e-10, 4.092910675049538e-10, 3.284380267845777e-10, 2.677835277812309e-10, 2.1757535109920568e-10, 1.767967896174817e-10, 1.4354172434901546e-10, 1.1648008357631289e-10, 9.390291992998626e-11, 7.511952332004677e-11, 6.070528087353821e-11, 4.9758407441966824e-11, 4.103531111117276e-11, 3.434740560925761e-11]
ndim2: 500
W_list: [4.0]
L_list: [4.683981823231679]
