C_list:
4.879472151029545e-07 0.10862960415445802
ndim2: 500
W_list: [3.8000000000000003]
L_list: [9.205593703334518]
