R_list= [ 1  2  3  4  5  6  7  8  9 10 11 12 13 14 15 16 17 18 19 20 21 22 23 24
 25 26 27 28 29 30 31 32 33 34 35 36 37 38]
C_final_list= [4.46772464566954e-07, 3.9908945520892665e-07, 3.5351950859879705e-07, 3.125651840237093e-07, 2.7612151641458965e-07, 2.433612120310177e-07, 2.1388515180207157e-07, 1.880419603180892e-07, 1.6548715467958222e-07, 1.4547930870182178e-07, 1.2778968999107926e-07, 1.1227666610132303e-07, 9.87009451538311e-08, 8.675289924854052e-08, 7.622887602597277e-08, 6.688840138594239e-08, 5.865925288993409e-08, 5.142466829422096e-08, 4.5064400457040814e-08, 3.9516167534700465e-08, 3.463184712005215e-08, 3.0389729726698946e-08, 2.667400515634408e-08, 2.3418334085926482e-08, 2.052050456199058e-08, 1.79837404492084e-08, 1.5743844833064367e-08, 1.3755921304616683e-08, 1.1999234033166279e-08, 1.0441546250362282e-08, 9.090469716556402e-09, 7.916001235160344e-09, 6.893271621620814e-09, 5.991846316779166e-09, 5.199823158864181e-09, 4.50376497428363e-09, 3.899661722048162e-09, 3.3800121390832785e-09]
W_list: [7]
L_list: [7.900382536173266]
