R_list= [ 1  2  3  4  5  6  7  8  9 10 11 12 13 14 15 16 17 18 19 20 21 22 23 24
 25 26 27 28 29 30 31 32 33 34 35 36 37 38]
C_final_list= [2.471867140512947e-07, 2.2278181779932e-07, 1.9864824139866238e-07, 1.7625398132087582e-07, 1.558808351389798e-07, 1.37627329916988e-07, 1.214726063034883e-07, 1.0705562587018803e-07, 9.427119492570063e-08, 8.302562571558207e-08, 7.302733005402768e-08, 6.4152985808534e-08, 5.6302597816179155e-08, 4.942398746203142e-08, 4.3319792228712554e-08, 3.7986743157501504e-08, 3.3257847525441245e-08, 2.910031894622662e-08, 2.5494898274806752e-08, 2.229880279203786e-08, 1.9502342320703593e-08, 1.7070050004878767e-08, 1.4938011905792206e-08, 1.3060412500883065e-08, 1.1415890217431135e-08, 9.973891202013414e-09, 8.702880948092597e-09, 7.578834479049202e-09, 6.607640416607495e-09, 5.756320265694154e-09, 5.011471938237476e-09, 4.3662465316118346e-09, 3.806003818264849e-09, 3.318007134357566e-09, 2.895468802467791e-09, 2.5277343708653167e-09, 2.2079948600319293e-09, 1.9295439630386986e-09]
W_list: [7.800000000000001]
L_list: [8.01937063661341]
