C_final_list: [1.6359544064944276e-06, 1.609912361927121e-06, 1.5836171548729887e-06, 1.5583116514289362e-06, 1.5334129255821875e-06, 1.5093348552974352e-06, 1.4856416485593877e-06, 1.4624561250510362e-06, 1.4397690609139299e-06, 1.41734120944977e-06, 1.3954244840293038e-06, 1.373981623530442e-06, 1.3524227458761484e-06, 1.3312642639469554e-06, 1.3103146523066735e-06, 1.2895152001296746e-06, 1.2691387691731346e-06, 1.2492152243198132e-06, 1.2295874167955638e-06, 1.2101826374145376e-06, 1.1908838549481407e-06, 1.1722179560454968e-06, 1.153777539270142e-06, 1.1355329720053204e-06, 1.1175405775707651e-06, 1.0999716779639291e-06, 1.0825801550560553e-06, 1.0655657093241282e-06, 1.0487432650063324e-06, 1.0322554123010625e-06, 1.016017826101309e-06, 9.99992706404835e-07, 9.84251220674648e-07, 9.68565573101401e-07, 9.532179337811711e-07, 9.380948347312111e-07, 9.230921555472634e-07, 9.084595078740909e-07, 8.941603430556439e-07, 8.799985561448077e-07, 8.660580923023335e-07, 8.523440960522032e-07, 8.386937003923081e-07, 8.252130426170729e-07, 8.119216622602412e-07, 7.988915365600143e-07, 7.860668630420069e-07, 7.736064564341651e-07, 7.610891295316601e-07, 7.489895017956501e-07]
ndim2: 500
W_list: [3.05]
L_list: [62.92042999220039]
