R_list= [ 1  2  3  4  5  6  7  8  9 10 11 12 13 14 15 16 17 18 19 20 21 22 23 24
 25 26 27 28 29 30 31 32 33 34 35 36 37 38]
C_final_list= [4.017103024917406e-07, 2.580471304325531e-07, 1.585809021999969e-07, 9.714160005504476e-08, 5.979830002400025e-08, 3.6803405385104465e-08, 2.2531131797663824e-08, 1.3801421784846846e-08, 8.472639221403727e-09, 5.1747994387825266e-09, 3.1395979537163777e-09, 1.868560436721261e-09, 1.103459060370895e-09, 6.476753027383e-10, 3.80547677580799e-10, 2.253328596883464e-10, 1.3495001285265986e-10, 8.131191094405626e-11, 4.914315999945166e-11, 2.973329310982757e-11, 1.7948181548386244e-11, 1.0825994756329844e-11, 6.384787211030564e-12, 3.765188009143369e-12, 2.2499371490587076e-12, 1.3526601962833423e-12, 8.050468315126071e-13, 4.852910725853889e-13, 2.946151772247552e-13, 1.7526234269966502e-13, 1.0322253101339249e-13, 6.399664191042444e-14, 3.921919545441131e-14, 2.4572141179724838e-14, 1.4912188606459556e-14, 8.511381918907188e-15, 5.070451967624807e-15, 3.4316052753065094e-15]
W_list: [6]
L_list: [2.1242431533952573]
