R_list= [ 1  2  3  4  5  6  7  8  9 10 11 12 13 14 15 16 17 18 19 20 21 22 23 24
 25 26 27 28 29 30 31 32 33 34 35 36 37 38]
C_final_list= [2.079437616283808e-06, 1.8078362311359322e-06, 1.5558940688244403e-06, 1.3333592217852768e-06, 1.1395983923639537e-06, 9.730016153074193e-07, 8.297009275592477e-07, 7.070639021493748e-07, 6.01634660037012e-07, 5.114921551938448e-07, 4.352958444760327e-07, 3.7006281403425053e-07, 3.144923319778575e-07, 2.6717346830244736e-07, 2.2671607896360808e-07, 1.922626860896396e-07, 1.6296438344445903e-07, 1.381005408595748e-07, 1.1707598061470024e-07, 9.906742114529393e-08, 8.377753645735849e-08, 7.082380670735928e-08, 5.985012007733797e-08, 5.056107911314902e-08, 4.2684674405872926e-08, 3.6051829787966566e-08, 3.0434337711865274e-08, 2.571622414121988e-08, 2.1753402562356048e-08, 1.8419348855354003e-08, 1.5603420172069647e-08, 1.3212613383079418e-08, 1.1180838164576684e-08, 9.459283158191567e-09, 8.002892125650394e-09, 6.756996469907171e-09, 5.706233673265254e-09, 4.824492747181085e-09]
W_list: [8.45]
L_list: [6.365072778116855]
