R_list= [ 1  2  3  4  5  6  7  8  9 10 11 12 13 14 15 16 17 18 19 20 21 22 23 24
 25 26 27 28 29 30 31 32 33 34 35 36 37 38]
C_final_list= [2.8805447365172633e-05, 2.1531256608753937e-05, 1.5976928116991285e-05, 1.1803806171893634e-05, 8.720529210595643e-06, 6.443270054905048e-06, 4.751308687044848e-06, 3.5003116807545664e-06, 2.5800235833309307e-06, 1.9046933245749148e-06, 1.4074371845390326e-06, 1.0410580516008677e-06, 7.708504073610121e-07, 5.702389886499149e-07, 4.207742383291977e-07, 3.105526860321197e-07, 2.2891563820063814e-07, 1.6817766637568094e-07, 1.2363347619375816e-07, 9.09278323045061e-08, 6.687983694278114e-08, 4.9401348758046146e-08, 3.645341962909701e-08, 2.6845755709544345e-08, 1.9741867014963098e-08, 1.4532686555986914e-08, 1.0694852743308474e-08, 7.906857393578496e-09, 5.840922805286262e-09, 4.316901898809392e-09, 3.197901799317298e-09, 2.3569602888715345e-09, 1.7518241798952552e-09, 1.2921205722083495e-09, 9.493391622229264e-10, 6.949268663099335e-10, 5.120561153606324e-10, 3.807215285427642e-10]
W_list: [8.35]
L_list: [3.337255294652594]
