R_list= [ 1  2  3  4  5  6  7  8  9 10 11 12 13 14 15 16 17 18 19 20 21 22 23 24
 25 26 27 28 29 30 31 32 33 34 35 36 37 38]
C_final_list= [3.698670824735138e-05, 2.4419153186938325e-05, 1.612210628395336e-05, 1.0606767086741188e-05, 6.965088840040032e-06, 4.56771806148417e-06, 2.992917627333097e-06, 1.958500679266645e-06, 1.2803421649668484e-06, 8.341317213669517e-07, 5.451572805015467e-07, 3.5529245994925556e-07, 2.324183860156685e-07, 1.5251493718764982e-07, 9.983296674654662e-08, 6.504696683990232e-08, 4.22962101405669e-08, 2.7505805519961517e-08, 1.7873713430504852e-08, 1.1562730376285212e-08, 7.550235581414973e-09, 4.946567497417658e-09, 3.2423829185462957e-09, 2.1371438311805863e-09, 1.4297320039075448e-09, 9.367280364655262e-10, 6.223190091212943e-10, 4.0697659084084955e-10, 2.6430591027652453e-10, 1.749084932243482e-10, 1.1473307655938808e-10, 7.695130596543139e-11, 5.1235518246189197e-11, 3.4067381528539284e-11, 2.2736911203358622e-11, 1.5134554337790537e-11, 1.0074172370315745e-11, 6.5994266617012715e-12]
W_list: [8.05]
L_list: [2.3965078106741053]
