R_list= [ 1  2  3  4  5  6  7  8  9 10 11 12 13 14 15 16 17 18 19 20 21 22 23 24
 25 26 27 28 29 30 31 32 33 34 35 36 37 38]
C_final_list= [4.363321680147457e-07, 3.822159579645494e-07, 3.3083215056284807e-07, 2.850687992280531e-07, 2.451036616108979e-07, 2.1058091937482e-07, 1.8091407638341331e-07, 1.552845879734852e-07, 1.3323410756043038e-07, 1.1442455085702374e-07, 9.840597572208539e-08, 8.466468405453389e-08, 7.284324683497151e-08, 6.270277423790992e-08, 5.386987846361149e-08, 4.630836507235131e-08, 3.977231404531397e-08, 3.4154755138445605e-08, 2.9343158945438887e-08, 2.522719180581876e-08, 2.1652213843380253e-08, 1.856636837502671e-08, 1.5917777249824366e-08, 1.3630382423958178e-08, 1.1643118525778028e-08, 9.920395809487796e-09, 8.467581813365102e-09, 7.22218327928328e-09, 6.172630439645477e-09, 5.273952092062364e-09, 4.50521576929568e-09, 3.856347663585582e-09, 3.2980963283347787e-09, 2.8135567516543084e-09, 2.4006569590010028e-09, 2.0491316490472973e-09, 1.7481918717892628e-09, 1.491842483800502e-09]
W_list: [8.0]
L_list: [6.692078340201471]
