R_list= [ 1  2  3  4  5  6  7  8  9 10 11 12 13 14 15 16 17 18 19 20 21 22 23 24
 25 26 27 28 29 30 31 32 33 34 35 36 37 38]
C_final_list= [5.371873524229734e-07, 4.67438221538279e-07, 4.039737577168489e-07, 3.483699465002123e-07, 2.9974393610048007e-07, 2.580042166019883e-07, 2.2179408420990445e-07, 1.9082738308922217e-07, 1.6423614889443116e-07, 1.4109652813692665e-07, 1.2082914088059002e-07, 1.032634230213379e-07, 8.827168226220877e-08, 7.54703778502628e-08, 6.46448405477429e-08, 5.53328265920161e-08, 4.727971540817655e-08, 4.031540923764234e-08, 3.431585022930784e-08, 2.9253801880360313e-08, 2.4940795303058256e-08, 2.1298334122886422e-08, 1.819876956973166e-08, 1.5519269682949614e-08, 1.3246185180691951e-08, 1.1315013478459808e-08, 9.666739195175397e-09, 8.238839929160653e-09, 7.0158838887709495e-09, 5.963563150940676e-09, 5.071508071987913e-09, 4.322291074578807e-09, 3.678940998433788e-09, 3.130919168987908e-09, 2.664857323955374e-09, 2.2748439223293307e-09, 1.9474115876238545e-09, 1.6652869302336203e-09]
W_list: [7]
L_list: [6.649619997770014]
