C_final_list: [1.826458215020025e-06, 1.777571528199361e-06, 1.728898123042517e-06, 1.6817620949650715e-06, 1.6366608564931606e-06, 1.5929229834396047e-06, 1.5505688391419631e-06, 1.5098556053661481e-06, 1.4702399279365692e-06, 1.4311215638031898e-06, 1.393305654928357e-06, 1.3565187015402957e-06, 1.3207135854843861e-06, 1.2854533205204055e-06, 1.2507923265075147e-06, 1.2164748780756727e-06, 1.1832820409963899e-06, 1.1509913208138455e-06, 1.1192143641933095e-06, 1.0885090295244378e-06, 1.058592423126831e-06, 1.0295109236443792e-06, 1.0009689041022084e-06, 9.734369812125065e-07, 9.464289840482431e-07, 9.20116409121539e-07, 8.946380151869043e-07, 8.699700412754947e-07, 8.456706048986757e-07, 8.222419020200949e-07, 7.990794086560711e-07, 7.76345254197615e-07, 7.544124622965289e-07, 7.330563381678377e-07, 7.122360882786253e-07, 6.919666076311108e-07, 6.721710855999983e-07, 6.528211630651592e-07, 6.340848949879382e-07, 6.156495924106873e-07, 5.978585507095568e-07, 5.805118405931257e-07, 5.638168341574388e-07, 5.47615697476277e-07, 5.31854685780566e-07, 5.164715351301284e-07, 5.015952357438964e-07, 4.870108361668718e-07, 4.72876837041364e-07, 4.5930882802885506e-07]
ndim2: 500
W_list: [2.9]
L_list: [35.926657138624506]
