R_list= [ 1  2  3  4  5  6  7  8  9 10 11 12 13 14 15 16 17 18 19 20 21 22 23 24
 25 26 27 28 29 30 31 32 33 34 35 36 37 38]
C_final_list= [3.3176803842382694e-05, 2.5558451907875705e-05, 1.9575908075704537e-05, 1.4934122268919168e-05, 1.13924459747762e-05, 8.66697727976437e-06, 6.592554869389217e-06, 5.008566965375206e-06, 3.8013089669966707e-06, 2.8862941268304975e-06, 2.190971268238518e-06, 1.6629560572262518e-06, 1.2637196692349237e-06, 9.620454471282462e-07, 7.309038780764948e-07, 5.55425145096169e-07, 4.218565028050818e-07, 3.203386532144007e-07, 2.430056606516867e-07, 1.8427697176399725e-07, 1.3999570385222178e-07, 1.0627605909463194e-07, 8.087602360211973e-08, 6.156861467171639e-08, 4.693446801471346e-08, 3.56992098440616e-08, 2.71695219248946e-08, 2.0727545157147822e-08, 1.5789983305746755e-08, 1.2020245360202314e-08, 9.14361438030825e-09, 6.980776285431763e-09, 5.340277964811795e-09, 4.0805144163285355e-09, 3.1320293832656653e-09, 2.4134775996135303e-09, 1.8498147007552735e-09, 1.4198508235795695e-09]
W_list: [7.95]
L_list: [3.7139159976447433]
