C_final_list: [2.1071268700648827e-06, 2.070530085703631e-06, 2.034254051522199e-06, 1.9988201077596374e-06, 1.9639384964607883e-06, 1.9297879421391233e-06, 1.896553937730272e-06, 1.863819954493089e-06, 1.8315832692006684e-06, 1.8001438134795286e-06, 1.7691456441660103e-06, 1.7387919914240089e-06, 1.7087586101562476e-06, 1.6791353046498366e-06, 1.650306497979739e-06, 1.6214941185785376e-06, 1.5931726807434553e-06, 1.5651145619159783e-06, 1.5376730558593474e-06, 1.5104297853006104e-06, 1.4838925064524287e-06, 1.4575321891806488e-06, 1.431537813914872e-06, 1.4064806237005171e-06, 1.3818601385407658e-06, 1.3577566201438054e-06, 1.3339761305223833e-06, 1.3108074757098984e-06, 1.2879460777176084e-06, 1.2655266324788326e-06, 1.2436020848618907e-06, 1.222115149363909e-06, 1.2009805575896418e-06, 1.1800211771907414e-06, 1.1594053239431545e-06, 1.1391814378715363e-06, 1.119321157733118e-06, 1.0998394433992501e-06, 1.0806182998325591e-06, 1.0617958694768985e-06, 1.0433875646265732e-06, 1.0251642219195579e-06, 1.0071846744612507e-06, 9.89370838179178e-07, 9.718683651116477e-07, 9.54581280698922e-07, 9.375170699997251e-07, 9.209286592050557e-07, 9.044596215721728e-07, 8.88141070758693e-07]
ndim2: 500
W_list: [2.2]
L_list: [56.834172472266246]
