C_list:
1.325221264891857e-06 0.2221009275950261
ndim2: 500
W_list: [4.0]
L_list: [4.5024575575991195]
