R_list= [ 1  2  3  4  5  6  7  8  9 10 11 12 13 14 15 16 17 18 19 20 21 22 23 24
 25 26 27 28 29 30 31 32 33 34 35 36 37 38]
C_final_list= [4.352314012523136e-07, 2.7933491630586407e-07, 1.697372721509137e-07, 1.0314428276677444e-07, 6.291742520105566e-08, 3.818875596012682e-08, 2.301603700520025e-08, 1.378478264309278e-08, 8.267505193582984e-09, 4.975758682497333e-09, 2.991639289441542e-09, 1.7899189506998403e-09, 1.0644787533872724e-09, 6.295738686269131e-10, 3.702356555721503e-10, 2.1852418063486654e-10, 1.289178546614876e-10, 7.677252600966146e-11, 4.663887174727477e-11, 2.846721947269744e-11, 1.7610714365890516e-11, 1.0934131843665472e-11, 6.943647885725803e-12, 4.4029924066523515e-12, 2.782822707048252e-12, 1.6943514798133181e-12, 1.023738773090424e-12, 6.064206328713023e-13, 3.363536998468439e-13, 1.8829813975943738e-13, 1.0700070307799649e-13, 6.361953504567271e-14, 3.982845847317715e-14, 2.391756399738398e-14, 1.2902435395839193e-14, 6.632751774005341e-15, 3.3220918221824243e-15, 1.7380215449185256e-15]
W_list: [6]
L_list: [2.094992945070731]
