R_list= [ 1  2  3  4  5  6  7  8  9 10 11 12 13 14 15 16 17 18 19 20 21 22 23 24
 25 26 27 28 29 30 31 32 33 34 35 36 37 38]
C_final_list= [6.513220517733315e-07, 5.428852312212435e-07, 4.502061058269712e-07, 3.7188638380100103e-07, 3.0779048595173733e-07, 2.5318892920358774e-07, 2.079401765835778e-07, 1.7058670739803848e-07, 1.403187572376342e-07, 1.1480158417799766e-07, 9.405330921551395e-08, 7.699837607308245e-08, 6.302744905029514e-08, 5.1726116034029595e-08, 4.2389118821370954e-08, 3.473674252182006e-08, 2.8448802758952858e-08, 2.3251463879885824e-08, 1.890248433480764e-08, 1.5351903243192397e-08, 1.2494392356774594e-08, 1.0178096792292628e-08, 8.271928723073015e-09, 6.719842955391325e-09, 5.450709064752796e-09, 4.420499377896026e-09, 3.5853041785385675e-09, 2.8937623652503047e-09, 2.3476947489808606e-09, 1.902056396117734e-09, 1.5381128728677861e-09, 1.246132686642089e-09, 1.0086404316579071e-09, 8.152017248672058e-10, 6.587373632439668e-10, 5.347952213875632e-10, 4.3407561953340106e-10, 3.501407003794125e-10]
W_list: [7]
L_list: [5.193583924938422]
