C_final_list: [1.5475055301102663e-06, 1.2063801965110202e-06, 9.329674957702784e-07, 7.250897349513883e-07, 5.636620952646504e-07, 4.367489244126611e-07, 3.385258639161562e-07, 2.630222797559911e-07, 2.0523010009231826e-07, 1.5966546323224493e-07, 1.2394567282637036e-07, 9.551881547346083e-08, 7.351375385793166e-08, 5.667221862826197e-08, 4.3768637462545125e-08, 3.38398874165368e-08, 2.625973599592665e-08, 2.024649690220485e-08, 1.561664810256939e-08, 1.199992174130922e-08, 9.130035598625601e-09, 6.984194649235986e-09, 5.3420074861436526e-09, 4.077857422170877e-09, 3.1400282733052573e-09, 2.3988368574039557e-09, 1.8460262083337906e-09, 1.4238417489588007e-09, 1.0913266705632164e-09, 8.363406895596175e-10, 6.484919568382678e-10, 4.987883728710365e-10, 3.8093559299909e-10, 2.911248139381629e-10, 2.2210951847322754e-10]
ndim2: 500
W_list: [4.2]
L_list: [3.9504662432894744]
