C_final_list: [1.1162386364323413e-06, 1.0369020334648371e-06, 9.60397268277411e-07, 8.896165956317678e-07, 8.234467285234063e-07, 7.617449980757013e-07, 7.046075890584839e-07, 6.504057110416856e-07, 6.001503101014212e-07, 5.531098603694109e-07, 5.093266133956924e-07, 4.6937576660588355e-07, 4.3261140601487477e-07, 3.984135358495554e-07, 3.669412893434611e-07, 3.379564824425628e-07, 3.110412190078675e-07, 2.862812474024634e-07, 2.634852058725584e-07, 2.4251276267356365e-07, 2.2305210454122182e-07, 2.0485427778174978e-07, 1.881961412850165e-07, 1.728551670003214e-07, 1.5859936418889563e-07, 1.455722333524646e-07, 1.3366382422591385e-07, 1.2264548206914015e-07, 1.1240705095460468e-07, 1.0295243907450388e-07, 9.41869880970375e-08, 8.629363958061559e-08, 7.924332673735831e-08, 7.27271135994888e-08, 6.673513570304669e-08]
ndim2: 500
W_list: [3.6]
L_list: [12.384046130399414]
