C_final_list: [1.7352740496085143e-06, 1.7093339059642394e-06, 1.6836481806289784e-06, 1.6587957132893008e-06, 1.6345390209942355e-06, 1.6103654194524849e-06, 1.5869878525281276e-06, 1.5639806709054127e-06, 1.5415261077033973e-06, 1.5194907278176065e-06, 1.4977904583274549e-06, 1.4766333556655663e-06, 1.4556185627381417e-06, 1.4349271690987094e-06, 1.4147482610044364e-06, 1.3947114313000382e-06, 1.375018163075076e-06, 1.3555258231741705e-06, 1.3364669245675226e-06, 1.3176503802806414e-06, 1.299044253463441e-06, 1.2807332986410895e-06, 1.2625683298242397e-06, 1.2446274547436326e-06, 1.2269761284775155e-06, 1.2094485393932734e-06, 1.1923618445254229e-06, 1.1753440481245557e-06, 1.1584310571954775e-06, 1.141788299021455e-06, 1.1251003697957673e-06, 1.1085959710409654e-06, 1.0922715490442064e-06, 1.076246563389381e-06, 1.060330221360858e-06, 1.0447874965299488e-06, 1.0294375837863779e-06, 1.0142338110848565e-06, 9.991371043148718e-07, 9.843160678209261e-07, 9.697200875914305e-07, 9.552336175342091e-07, 9.409825424434138e-07, 9.268568066831843e-07, 9.1307581489805e-07, 8.994879235339639e-07, 8.860484879011613e-07, 8.727955206729268e-07, 8.595979029766879e-07, 8.465953670295212e-07]
ndim2: 500
W_list: [2.9499999999999997]
L_list: [68.93674103985757]
