R_list= [ 1  2  3  4  5  6  7  8  9 10 11 12 13 14 15 16 17 18 19 20 21 22 23 24
 25 26 27 28 29 30 31 32 33 34 35 36 37 38]
C_final_list= [5.314516008648965e-07, 4.995836996410361e-07, 4.670746142177862e-07, 4.3538513318947943e-07, 4.0522913564311307e-07, 3.766780700440885e-07, 3.5008778948656077e-07, 3.2526633810489106e-07, 3.0226383265670807e-07, 2.8094784640587755e-07, 2.6097870663042467e-07, 2.423328720272474e-07, 2.2492852347761496e-07, 2.0873967499995324e-07, 1.9367533803565977e-07, 1.7973010737673416e-07, 1.6677882297414488e-07, 1.5485450624031214e-07, 1.4376354707446154e-07, 1.3335197060455196e-07, 1.2369220615795672e-07, 1.1476261463467603e-07, 1.0641816656361253e-07, 9.866011584089927e-08, 9.144523945186703e-08, 8.471521019556672e-08, 7.844788019582121e-08, 7.262329650255569e-08, 6.724893072028616e-08, 6.221799789202032e-08, 5.7527506492777265e-08, 5.316461997768288e-08, 4.9129416106239044e-08, 4.5376961784821184e-08, 4.19114810169346e-08, 3.8730329908868515e-08, 3.580466025459633e-08, 3.3123510015344394e-08]
W_list: [7.0]
L_list: [13.597225274279007]
