R_list= [ 1  2  3  4  5  6  7  8  9 10 11 12 13 14 15 16 17 18 19 20 21 22 23 24
 25 26 27 28 29 30 31 32 33 34 35 36 37 38]
C_final_list= [2.5515961396749204e-06, 2.2632228890619225e-06, 1.9895912255010346e-06, 1.742481681866223e-06, 1.5233945156479912e-06, 1.3290003301828825e-06, 1.1586883740619859e-06, 1.0101316227644356e-06, 8.803321837658152e-07, 7.668431890299053e-07, 6.680180363756748e-07, 5.814632405186577e-07, 5.054340886477779e-07, 4.394185815454413e-07, 3.816819108462918e-07, 3.3111198340785e-07, 2.870937209796959e-07, 2.488533625163437e-07, 2.1563466543601742e-07, 1.866357487818714e-07, 1.614755832455286e-07, 1.3981849607865597e-07, 1.2105721692401325e-07, 1.048343748926556e-07, 9.083984791608144e-08, 7.873812250521717e-08, 6.822244900211249e-08, 5.9089031442355724e-08, 5.12090320787514e-08, 4.435992980704688e-08, 3.841297739637662e-08, 3.324510111050998e-08, 2.8732453138734922e-08, 2.4805596761094957e-08, 2.1435002468467328e-08, 1.852064291013815e-08, 1.6011417057026987e-08, 1.3838471422425223e-08]
W_list: [8.1]
L_list: [7.370829532692036]
