R_list= [ 1  2  3  4  5  6  7  8  9 10 11 12 13 14 15 16 17 18 19 20 21 22 23 24
 25 26 27 28 29 30 31 32 33 34 35 36 37 38]
C_final_list= [3.8049123925513454e-05, 2.5327290651690273e-05, 1.6800642790880888e-05, 1.1136451545028864e-05, 7.383010548081217e-06, 4.881944884387937e-06, 3.221756966423437e-06, 2.123881872688243e-06, 1.397743335083072e-06, 9.207887832004067e-07, 6.057971424686956e-07, 3.989102512126209e-07, 2.624396639036753e-07, 1.7210645237942424e-07, 1.1324713493862539e-07, 7.467597406953723e-08, 4.92750464013371e-08, 3.251974606232138e-08, 2.1446337971786604e-08, 1.4167866018494852e-08, 9.405174292202957e-09, 6.251446725478743e-09, 4.179551615684458e-09, 2.8230982288367955e-09, 1.8800747824083735e-09, 1.2602986573226948e-09, 8.441458278386805e-10, 5.611880321889049e-10, 3.716050281011581e-10, 2.4377143878704363e-10, 1.622645533468891e-10, 1.0788024093962981e-10, 7.221538205244374e-11, 4.8131982498783085e-11, 3.195588407552205e-11, 2.0622007274981238e-11, 1.3483609689988794e-11, 8.668771832043871e-12]
W_list: [7.95]
L_list: [2.4382240827755632]
