C_final_list: [2.0652850683817336e-06, 1.979925808215257e-06, 1.8935020717422452e-06, 1.8109663815993923e-06, 1.7328238224554955e-06, 1.6576320464810935e-06, 1.584972983662866e-06, 1.516793358254122e-06, 1.451169887430724e-06, 1.3873885292124783e-06, 1.3275096874262036e-06, 1.2697684190660645e-06, 1.214575321867636e-06, 1.1617079849856016e-06, 1.1113137929531017e-06, 1.062833913937465e-06, 1.0159192349291435e-06, 9.718154513465612e-07, 9.29181624767326e-07, 8.882943182358402e-07, 8.486899321878528e-07, 8.106448032697758e-07, 7.738038104865039e-07, 7.388916689459851e-07, 7.055485149900219e-07, 6.737757682895149e-07, 6.432352999179047e-07, 6.138405382067346e-07, 5.858109505155474e-07, 5.589385040428358e-07, 5.334122991837707e-07, 5.091294867898524e-07, 4.858379604325099e-07, 4.641123204191726e-07, 4.4299960372975057e-07]
ndim2: 500
W_list: [2.0]
L_list: [22.27550750310824]
