C_list:
1.4180826756778046e-06 0.0448978246711553
ndim2: 500
W_list: [2.2]
L_list: [22.272794001141264]
