R_list= [ 1  2  3  4  5  6  7  8  9 10 11 12 13 14 15 16 17 18 19 20 21 22 23 24
 25 26 27 28 29 30 31 32 33 34 35 36 37 38]
C_final_list= [2.8483984384982722e-05, 2.118416471726813e-05, 1.5665410020298018e-05, 1.1549868079202903e-05, 8.498495939399354e-06, 6.238732008582589e-06, 4.570361708641997e-06, 3.3553321173103302e-06, 2.450879953417907e-06, 1.793536644295215e-06, 1.3120313907741534e-06, 9.601299267962155e-07, 7.02925035678357e-07, 5.152027277885795e-07, 3.7724007517966656e-07, 2.76790070707081e-07, 2.0268291696757606e-07, 1.482780416132581e-07, 1.0877897380343245e-07, 7.982760492475501e-08, 5.8458392401505144e-08, 4.291893243558398e-08, 3.158288031452378e-08, 2.327068685369874e-08, 1.7086995434589144e-08, 1.25646930204286e-08, 9.258035949131983e-09, 6.829920261486424e-09, 5.038868361532514e-09, 3.702976110092089e-09, 2.7337091367254434e-09, 1.9928247512886804e-09, 1.4607774062459068e-09, 1.0799133624589595e-09, 7.972642785109551e-10, 5.882139405602009e-10, 4.3440524891038066e-10, 3.154304685826018e-10]
W_list: [8.4]
L_list: [3.289784492727154]
