R_list= [ 1  2  3  4  5  6  7  8  9 10 11 12 13 14 15 16 17 18 19 20 21 22 23 24
 25 26 27 28 29 30 31 32 33 34 35 36 37 38]
C_final_list= [8.514256708132828e-07, 6.561818053515774e-07, 5.184666769884878e-07, 4.110304526993478e-07, 3.2457744610904566e-07, 2.5580857038041384e-07, 2.0170947929970722e-07, 1.5904448976029008e-07, 1.2543272477535452e-07, 9.871528536929344e-08, 7.766474525350295e-08, 6.111192229815895e-08, 4.7883821416266705e-08, 3.735648881821801e-08, 2.8926092014656737e-08, 2.2343660995944128e-08, 1.7275424264818505e-08, 1.3380809956672992e-08, 1.0396356242592427e-08, 8.049830381488798e-09, 6.228384204009207e-09, 4.8565606225641105e-09, 3.8073115631409906e-09, 2.978614683227204e-09, 2.3303291084897722e-09, 1.823931218116217e-09, 1.4312232385286423e-09, 1.1238177708854496e-09, 8.778270419307058e-10, 6.876552555045527e-10, 5.39212143303235e-10, 4.2260470634109266e-10, 3.332761546540713e-10, 2.6306493578988943e-10, 2.059689442795555e-10, 1.6019592301149577e-10, 1.245243322250846e-10, 9.654424811018424e-11]
W_list: [6]
L_list: [4.167414208052253]
