R_list= [ 1  2  3  4  5  6  7  8  9 10 11 12 13 14 15 16 17 18 19 20 21 22 23 24
 25 26 27 28 29 30 31 32 33 34 35 36 37 38]
C_final_list= [3.755094679822227e-07, 3.2349052913922327e-07, 2.7595902830511504e-07, 2.3449375112249545e-07, 1.9874913661629688e-07, 1.6773146703198053e-07, 1.4146826296800763e-07, 1.1950479897152537e-07, 1.0099587027580791e-07, 8.526468752152272e-08, 7.198588444387214e-08, 6.070109748439935e-08, 5.11498974880199e-08, 4.309952218877315e-08, 3.6227987792408326e-08, 3.049159471184658e-08, 2.560090636611243e-08, 2.1469198685682146e-08, 1.79739064641982e-08, 1.5033709099716322e-08, 1.2558469331510352e-08, 1.0472260606300067e-08, 8.729461745522315e-09, 7.283418129195587e-09, 6.072557554240488e-09, 5.064997835813338e-09, 4.2229026787487585e-09, 3.530915221994495e-09, 2.9486101039848903e-09, 2.4572264701897374e-09, 2.0463018547736395e-09, 1.698266746075201e-09, 1.4049430671981237e-09, 1.1634119399547813e-09, 9.652953412853095e-10, 8.029453950692574e-10, 6.685800136163873e-10, 5.559037290546065e-10]
W_list: [8.4]
L_list: [6.032884688914754]
