C_final_list: [1.9758118965403725e-06, 1.7082563675876196e-06, 1.464237601035008e-06, 1.2509310558874178e-06, 1.0730592742327384e-06, 9.2022196674636e-07, 7.885920122934691e-07, 6.78453049157386e-07, 5.818089397444863e-07, 4.995289873340335e-07, 4.280541855445733e-07, 3.665122967261502e-07, 3.121739384608155e-07, 2.666098957654533e-07, 2.2762524837865144e-07, 1.9466219083264308e-07, 1.6633084958521177e-07, 1.4213715596383734e-07, 1.2201394697784653e-07, 1.0426552757946471e-07, 8.905708127964752e-08, 7.628126663148083e-08, 6.516008149558533e-08, 5.5191197220016955e-08, 4.6932549263445874e-08, 3.995318750224945e-08, 3.3996984177569576e-08, 2.8926808041912894e-08, 2.467437559322751e-08, 2.1036040362774557e-08, 1.7849665844511853e-08, 1.51904015765794e-08, 1.2902206373814792e-08, 1.095006560478562e-08, 9.311641482385426e-09, 7.920064799748486e-09, 6.76072322157372e-09, 5.788140903647075e-09, 4.946589347243978e-09, 4.250279258283626e-09, 3.609680899410604e-09, 3.098599478407022e-09, 2.641957122533813e-09, 2.236780739005701e-09, 1.8951406907893728e-09, 1.6078334691378757e-09, 1.3537436453926193e-09, 1.1460673911331323e-09, 9.761870731773801e-10, 8.213850307553665e-10]
ndim2: 500
W_list: [3.3]
L_list: [6.495422074740297]
