C_final_list: [1.613166719905779e-06, 1.5861552292295862e-06, 1.5590768415809204e-06, 1.5328469894565675e-06, 1.50706617903558e-06, 1.4819511697761227e-06, 1.4570568760892566e-06, 1.4328211444396172e-06, 1.4087160673811474e-06, 1.385105701033028e-06, 1.3618116421642068e-06, 1.3389144555847823e-06, 1.3163645315618026e-06, 1.2940581260631014e-06, 1.2720450983697769e-06, 1.250351262643949e-06, 1.2290311566895985e-06, 1.208263501318989e-06, 1.188035504653825e-06, 1.1681200971010841e-06, 1.1483787416200937e-06, 1.129262673701576e-06, 1.1103435072394189e-06, 1.0917042928453274e-06, 1.0732652233052464e-06, 1.0552793864769129e-06, 1.0374892930806336e-06, 1.020111816092637e-06, 1.002894818110087e-06, 9.861300850478044e-07, 9.694113230796009e-07, 9.529824928019083e-07, 9.366871207279252e-07, 9.20568377284171e-07, 9.045705614472125e-07, 8.889044804744008e-07, 8.735580039856061e-07, 8.583603747943052e-07, 8.431563831474524e-07, 8.283356649371879e-07, 8.136982737429873e-07, 7.993759479437605e-07, 7.85239157949706e-07, 7.714748999681298e-07, 7.579487256313109e-07, 7.445475850525122e-07, 7.31386996396192e-07, 7.184608193072027e-07, 7.05699174113806e-07, 6.930496751578127e-07]
ndim2: 500
W_list: [3.0999999999999996]
L_list: [58.41729341627198]
