C_final_list: [1.8458596767534214e-06, 1.7211246859295731e-06, 1.602079091182821e-06, 1.491411171032965e-06, 1.3889282088989686e-06, 1.293169432596587e-06, 1.204332928426546e-06, 1.1203647505243315e-06, 1.0419164492472116e-06, 9.690280331380254e-07, 9.021845550612361e-07, 8.400489775937618e-07, 7.819028385605222e-07, 7.277124053119713e-07, 6.779340553595467e-07, 6.317020010163203e-07, 5.880115021027712e-07, 5.468642737937367e-07, 5.08227809372605e-07, 4.7253825668358073e-07, 4.393236495228066e-07, 4.087299905761793e-07, 3.8038642026604645e-07, 3.5345338163200973e-07, 3.2857581648063525e-07, 3.0519554915739885e-07, 2.835857823475143e-07, 2.6340518563968e-07, 2.4453658140566407e-07, 2.2718194500278816e-07, 2.1090667516297383e-07, 1.9594527661954403e-07, 1.8202935826217461e-07, 1.6886619362453919e-07, 1.566415308992039e-07, 1.452836240335927e-07, 1.3462685608572827e-07, 1.2480195299318077e-07, 1.1568059505112082e-07, 1.0724634245953062e-07, 9.937260281916415e-08, 9.198217934811238e-08, 8.513631808345768e-08, 7.88185673491652e-08, 7.310655855031059e-08, 6.776349757425156e-08, 6.27164901445279e-08, 5.807200645380041e-08, 5.377020470056837e-08, 4.978823798550637e-08]
ndim2: 500
W_list: [3.2]
L_list: [13.867148800805401]
