C_final_list: [1.946477317945124e-06, 1.7040059935056204e-06, 1.482424599877375e-06, 1.2880516628317715e-06, 1.1204690769721774e-06, 9.785572075257308e-07, 8.500106542535428e-07, 7.370216001720563e-07, 6.390569157410708e-07, 5.523571887668547e-07, 4.785785727565456e-07, 4.1477662832391817e-07, 3.59848567768462e-07, 3.118582407266333e-07, 2.69485024451854e-07, 2.323273348822364e-07, 2.0011735940709576e-07, 1.7253172589397166e-07, 1.48296347469149e-07, 1.2736670495320058e-07, 1.0966133982104803e-07, 9.39299489747647e-08, 8.072575784733557e-08, 6.940102455679755e-08, 5.982512886538722e-08, 5.1699576554676055e-08, 4.456540710715878e-08, 3.834810014689816e-08, 3.292490396747131e-08, 2.8191591976325112e-08, 2.41215181176965e-08, 2.0630626719351807e-08, 1.7652595143968558e-08, 1.5084197375958334e-08, 1.2925952932986879e-08, 1.1086174621363402e-08, 9.507334105439475e-09, 8.137442524831213e-09, 6.969739640534775e-09, 5.95014932673583e-09, 5.09029448062478e-09, 4.337735668136073e-09, 3.6903047073486943e-09, 3.1409963473535993e-09, 2.679080911983548e-09, 2.2862905583245845e-09, 1.9512993429457523e-09, 1.6617278496843249e-09, 1.4149181279632039e-09, 1.194943785599834e-09]
ndim2: 500
W_list: [3.2]
L_list: [7.080902617296432]
