R_list= [ 1  2  3  4  5  6  7  8  9 10 11 12 13 14 15 16 17 18 19 20 21 22 23 24
 25 26 27 28 29 30 31 32 33 34 35 36 37 38]
C_final_list= [3.424994355966128e-07, 1.7177015278529486e-07, 7.037759842709903e-08, 2.5881776425668332e-08, 8.924602079070444e-09, 2.9605162685672315e-09, 9.605016796281908e-10, 3.0833190740674095e-10, 9.872072927349058e-11, 3.155328244803409e-11, 1.0278740492003148e-11, 3.504931096265902e-12, 1.2998317130650305e-12, 5.447245802019145e-13, 2.5383581550017274e-13, 1.2516140002206033e-13, 5.927296654004545e-14, 2.9224944402713657e-14, 1.3478243641242559e-14, 6.294216606346819e-15, 2.6702847097558054e-15, 1.0633182811721523e-15, 4.1814340558631037e-16, 1.5101128871577613e-16, 5.221229456343204e-17, 1.895417315702218e-17, 6.5365270427103374e-18, 2.166672787204303e-18, 7.213080641368956e-19, 2.279413720823218e-19, 6.884679658832276e-20, 2.0134326203291603e-20, 6.304785273891414e-21, 2.037299465661614e-21, 7.56289172033772e-22, 3.372161268669418e-22, 1.788066206303984e-22, 1.0885703632303937e-22]
W_list: [5]
L_list: [1.2918263928054163]
