C_final_list: [2.1541033333028473e-06, 2.1375930853407756e-06, 2.121407424957098e-06, 2.105954503237145e-06, 2.0910085075156733e-06, 2.07633397879801e-06, 2.0620763029416727e-06, 2.0480582877731665e-06, 2.0342904961814205e-06, 2.0204759187953445e-06, 2.0068028615434044e-06, 1.993320327998135e-06, 1.9798765438257915e-06, 1.9664021516754243e-06, 1.953007886820224e-06, 1.939486087441189e-06, 1.926065745086645e-06, 1.912908250385991e-06, 1.899726567615113e-06, 1.8867730068310274e-06, 1.8740097487280557e-06, 1.8614268684733677e-06, 1.8488859632269845e-06, 1.836368617877461e-06, 1.8238979656491666e-06, 1.8115270169176472e-06, 1.7990281491326778e-06, 1.7866896531917702e-06, 1.7744059546759877e-06, 1.7623165190374873e-06, 1.7502252331036505e-06, 1.738275715750996e-06, 1.7264786880401245e-06, 1.7147850541842837e-06, 1.703248676671322e-06, 1.6917237158361786e-06, 1.680213664827178e-06, 1.6687562146408836e-06, 1.6574149101983562e-06, 1.6461562539455848e-06, 1.6349361623233566e-06, 1.6239572497817386e-06, 1.6129449016224032e-06, 1.6020258810619893e-06, 1.5910682979872806e-06, 1.580205091878617e-06, 1.5693858961896355e-06, 1.5586924995045894e-06, 1.5479954189426267e-06, 1.5374014628130577e-06]
ndim2: 500
W_list: [2.0]
L_list: [146.074952752696]
