C_final_list: [1.7698164527178864e-06, 1.7491978360687919e-06, 1.7285916276024417e-06, 1.7086336958234132e-06, 1.6891898668703549e-06, 1.669821347103175e-06, 1.651012499796209e-06, 1.632769916515916e-06, 1.6146035696747972e-06, 1.5966780850091438e-06, 1.5790851954425737e-06, 1.5615640448792683e-06, 1.5445026260394099e-06, 1.5275626111313005e-06, 1.5107091401048124e-06, 1.4943073985600228e-06, 1.4779863596918377e-06, 1.4619514769984707e-06, 1.4461827816042122e-06, 1.4306148253475092e-06, 1.414998665012837e-06, 1.3997717328225046e-06, 1.3847527736675496e-06, 1.3698337664816885e-06, 1.355242829563089e-06, 1.3407045595957977e-06, 1.326323800945121e-06, 1.3122083091120003e-06, 1.2980897172386865e-06, 1.2840327184198844e-06, 1.270141097047848e-06, 1.256343459378229e-06, 1.2427410928807863e-06, 1.2291481313737745e-06, 1.2157655068919031e-06]
ndim2: 500
W_list: [2.2]
L_list: [90.90027010284226]
