R_list= [ 1  2  3  4  5  6  7  8  9 10 11 12 13 14 15 16 17 18 19 20 21 22 23 24
 25 26 27 28 29 30 31 32 33 34 35 36 37 38]
C_final_list= [5.96647944151078e-06, 5.060108912361965e-06, 4.245401269338775e-06, 3.5499801115634428e-06, 2.9629575239176666e-06, 2.4704817776598384e-06, 2.0578106556397346e-06, 1.7116251324834366e-06, 1.4233567725559233e-06, 1.1830083119104066e-06, 9.824311737095163e-07, 8.149301476336764e-07, 6.754952614695281e-07, 5.604081714895989e-07, 4.648053257688751e-07, 3.850696116605803e-07, 3.192865446260006e-07, 2.645158071948953e-07, 2.1934710340817545e-07, 1.8157814214846873e-07, 1.5033974455412417e-07, 1.2436367436169116e-07, 1.0285092406254742e-07, 8.515579907923797e-08, 7.046717167380027e-08, 5.836064602831956e-08, 4.832683945638117e-08, 4.0060053540419385e-08, 3.325102017401213e-08, 2.7577426747454255e-08, 2.2886447962268955e-08, 1.9002337645566384e-08, 1.5788637991901876e-08, 1.3106868007156903e-08, 1.0881640013418796e-08, 9.039537895683912e-09, 7.50177322414863e-09, 6.209335123982972e-09]
W_list: [8.35]
L_list: [5.548920048387467]
