R_list= [ 1  2  3  4  5  6  7  8  9 10 11 12 13 14 15 16 17 18 19 20 21 22 23 24
 25 26 27 28 29 30]
C_final_list= [6.808552084417479e-07, 6.353980889226779e-07, 5.936422659498433e-07, 5.533065638576293e-07, 5.155917894797722e-07, 4.798316362911704e-07, 4.462008309489107e-07, 4.1466484999576436e-07, 3.856432126320211e-07, 3.5867929356657585e-07, 3.3350005301005735e-07, 3.0991318847212994e-07, 2.878347244144774e-07, 2.6725251329592046e-07, 2.479698660155291e-07, 2.3004420008764893e-07, 2.133679650643451e-07, 1.9783774053729278e-07, 1.8342957803523705e-07, 1.7005864314865672e-07, 1.5773986541275468e-07, 1.4621044695255881e-07, 1.3546522799785532e-07, 1.2550856529381746e-07, 1.1625849732240721e-07, 1.07615050524051e-07, 9.958733737417045e-08, 9.218012638146287e-08, 8.531577132613197e-08, 7.893513707947173e-08]
W_list: [6]
L_list: [13.667106071416635]
