C_final_list: [1.111556758741994e-06, 1.0173103367154872e-06, 9.279502056192016e-07, 8.458748724317648e-07, 7.714461704911886e-07, 7.023480403308478e-07, 6.395506238732278e-07, 5.819464894623713e-07, 5.292728558385681e-07, 4.808922092796849e-07, 4.363648343741927e-07, 3.953328592028428e-07, 3.580287697378385e-07, 3.247082247123344e-07, 2.94650991937658e-07, 2.671537735278418e-07, 2.4228269185168775e-07, 2.1957977761344074e-07, 1.9918875295407104e-07, 1.8049103217604662e-07, 1.6366982812065063e-07, 1.482894414619996e-07, 1.3449324688426704e-07, 1.2204151527117404e-07, 1.107310006597667e-07, 1.0058146132400868e-07, 9.131242525761251e-08, 8.287313839382556e-08, 7.5203611241017e-08, 6.81380255135214e-08, 6.171941290648674e-08, 5.598496563758686e-08, 5.079340707980029e-08, 4.609712044783231e-08, 4.173150772935997e-08, 3.779662676125677e-08, 3.421839144199988e-08, 3.100094409071224e-08, 2.8075351499292886e-08, 2.5378577006739126e-08, 2.293361406327097e-08, 2.0756935173773178e-08, 1.8808181509222867e-08, 1.701825285301113e-08, 1.5389631025902488e-08, 1.393468261469207e-08, 1.262355004789833e-08, 1.1435878427460421e-08, 1.0372207714561881e-08, 9.41690244241635e-09]
ndim2: 500
W_list: [4.2]
L_list: [10.475622365003478]
