C_list:
1.9690046269500755e-06 0.0769082866900807
ndim2: 500
W_list: [1.5999999999999999]
L_list: [13.002500030064716]
