R_list= [ 1  2  3  4  5  6  7  8  9 10 11 12 13 14 15 16 17 18 19 20 21 22 23 24
 25 26 27 28 29 30 31 32 33 34 35 36 37 38]
C_final_list= [9.68354709133008e-07, 8.53361881219224e-07, 7.516549688159539e-07, 6.611251824739865e-07, 5.803301682753248e-07, 5.099587647632742e-07, 4.475082827528882e-07, 3.919416469193018e-07, 3.4329513164319847e-07, 3.0102214792476975e-07, 2.635408829511166e-07, 2.3042804051905784e-07, 2.0163197162446034e-07, 1.7661958442766315e-07, 1.5481050327182123e-07, 1.35338846300896e-07, 1.1828615351961252e-07, 1.0344164538473106e-07, 9.042894828842829e-08, 7.916006748283331e-08, 6.926836477042195e-08, 6.045788022694253e-08, 5.282932379919792e-08, 4.614365854815062e-08, 4.022393963610865e-08, 3.500293629551492e-08, 3.042841481217256e-08, 2.643453684242017e-08, 2.292236758706044e-08, 1.984580521188118e-08, 1.718099563339874e-08, 1.4886097554688952e-08, 1.2904748479674015e-08, 1.1179812629469417e-08, 9.67243797511168e-09, 8.370484718298463e-09, 7.244997767528193e-09, 6.263440961957511e-09]
W_list: [6]
L_list: [7.635302082584196]
