R_list= [ 1  2  3  4  5  6  7  8  9 10 11 12 13 14 15 16 17 18 19 20 21 22 23 24
 25 26 27 28 29 30 31 32 33 34 35 36 37 38]
C_final_list= [1.1826321699212405e-06, 9.338844577194744e-07, 6.942823688204158e-07, 5.052192600644257e-07, 3.6662719435483945e-07, 2.669852009536717e-07, 1.952140686302533e-07, 1.4309819827290357e-07, 1.0483022046695022e-07, 7.655672441350831e-08, 5.5692202775775975e-08, 4.0395743609016954e-08, 2.9221081500247752e-08, 2.105066121407367e-08, 1.5141371122764408e-08, 1.0908756824228379e-08, 7.882396538669898e-09, 5.719104732719545e-09, 4.1620553154662754e-09, 3.030707475232414e-09, 2.2066587797558753e-09, 1.6066775111375855e-09, 1.1708452339624822e-09, 8.568900352557475e-10, 6.320263775574026e-10, 4.684503699408241e-10, 3.462717293481495e-10, 2.548126070679292e-10, 1.8595048196452674e-10, 1.3480520022091765e-10, 9.747867334550971e-11, 7.034241298285444e-11, 5.0403458991008225e-11, 3.61593011702631e-11, 2.613016629538343e-11, 1.8999728124466087e-11, 1.3972539309309264e-11, 1.0407116883412933e-11]
W_list: [4]
L_list: [3.376221937630898]
