R_list= [ 1  2  3  4  5  6  7  8  9 10 11 12 13 14 15 16 17 18 19 20 21 22 23 24
 25 26 27 28 29 30 31 32 33 34 35 36 37 38]
C_final_list= [2.725213701762511e-06, 2.4356384887725486e-06, 2.1584818654636437e-06, 1.9058105904541392e-06, 1.680389874650719e-06, 1.4793666351070637e-06, 1.30190535101003e-06, 1.1446687949379693e-06, 1.0059343724688776e-06, 8.825117517394091e-07, 7.742401710272707e-07, 6.790257668558478e-07, 5.954954463630462e-07, 5.220503848586526e-07, 4.5746330135290704e-07, 4.005372027934656e-07, 3.507336265420357e-07, 3.0714987672324726e-07, 2.691862597555481e-07, 2.3594594702130964e-07, 2.0679933159271883e-07, 1.809905217280771e-07, 1.5832080476338792e-07, 1.385580063211121e-07, 1.2128932183318332e-07, 1.0622935410591086e-07, 9.290146872866782e-08, 8.125630647988552e-08, 7.108143518409871e-08, 6.218213406292916e-08, 5.4364982768676866e-08, 4.7489886641910685e-08, 4.1495149294547727e-08, 3.6276684445692716e-08, 3.1715787218072575e-08, 2.7706485885703306e-08, 2.420040841054485e-08, 2.114914437077658e-08]
W_list: [7.95]
L_list: [7.8435479278655125]
