C_final_list: [1.048863036767891e-06, 9.620584241751006e-07, 8.788834496464603e-07, 8.029453846229445e-07, 7.332410519801964e-07, 6.687557207253383e-07, 6.096685626022117e-07, 5.563996682746524e-07, 5.06826448791865e-07, 4.618271715970634e-07, 4.2068109217716136e-07, 3.8247013558136363e-07, 3.480812847192927e-07, 3.167067736553324e-07, 2.881353419775813e-07, 2.622558354718924e-07, 2.387619489540053e-07, 2.1719873456356715e-07, 1.9747427754680597e-07, 1.796607945645248e-07, 1.63495096435996e-07, 1.488060919533923e-07, 1.3540574041681186e-07, 1.2330705387119778e-07, 1.1220766651867918e-07, 1.0227382471056223e-07, 9.325497265263873e-08, 8.498905732202695e-08, 7.738703596451356e-08, 7.033825612934785e-08, 6.391203057229381e-08, 5.8136599315086e-08, 5.277589249722594e-08, 4.7877136745779876e-08, 4.336725477534042e-08]
ndim2: 500
W_list: [3.8]
L_list: [10.783708724479446]
