R_list= [ 1  2  3  4  5  6  7  8  9 10 11 12 13 14 15 16 17 18 19 20 21 22 23 24
 25 26 27 28 29 30 31 32 33 34 35 36 37 38]
C_final_list= [2.9938602404377785e-07, 2.1518910762931078e-07, 1.4516755659325404e-07, 9.577188186371172e-08, 6.240830782099253e-08, 4.040595945165583e-08, 2.6121716041516578e-08, 1.6881236009893613e-08, 1.086143621667552e-08, 6.97228222102009e-09, 4.467174077592366e-09, 2.8484609434025425e-09, 1.8080830069041332e-09, 1.142614194611301e-09, 7.225808227742821e-10, 4.5728049252756297e-10, 2.891233065547799e-10, 1.8288713875354467e-10, 1.1549849058024967e-10, 7.340806643692828e-11, 4.668262024917658e-11, 2.951037923773179e-11, 1.8457902198253406e-11, 1.14282787967098e-11, 7.062215462075613e-12, 4.3425221701351424e-12, 2.689793404221684e-12, 1.6969726009769406e-12, 1.084075191210362e-12, 6.928035846481259e-13, 4.4214108797919303e-13, 2.815072824079649e-13, 1.774049935921286e-13, 1.1141995170660032e-13, 6.998174997876503e-14, 4.4055337123165564e-14, 2.7928047008579256e-14, 1.7688022449941882e-14]
W_list: [5]
L_list: [2.5742828750149496]
