R_list= [ 1  2  3  4  5  6  7  8  9 10 11 12 13 14 15 16 17 18 19 20 21 22 23 24
 25 26 27 28 29 30]
C_final_list= [5.040056304321455e-08, 2.1958999787718686e-08, 7.757102668752883e-09, 2.4660660513893263e-09, 7.44573509333409e-10, 2.180790383910381e-10, 6.217652924407509e-11, 1.7646704115300243e-11, 5.163790070584375e-12, 1.693053283266903e-12, 6.187354422387146e-13, 2.1140117022687359e-13, 7.157870939904719e-14, 2.2525795235080193e-14, 6.547302768023967e-15, 1.8308423033729282e-15, 5.259094669606868e-16, 1.157193641370571e-16, 2.5369823062242812e-17, 5.6942343018366e-18, 1.3775992047450554e-18, 3.3001711074302095e-19, 7.760279727224848e-20, 1.9400769931825232e-20, 5.6522795255196134e-21, 1.859144475334289e-21, 6.098167993245115e-22, 1.7125206542849991e-22, 4.202960494364033e-23, 1.0050786514017894e-23]
W_list: [6]
L_list: [1.1147022387697967]
