C_final_list: [1.971284719123261e-06, 1.8539100693693307e-06, 1.7397785984744703e-06, 1.6333490233436334e-06, 1.5343165116669043e-06, 1.4433661344156988e-06, 1.3567356574929365e-06, 1.2760966380901724e-06, 1.1990723745287671e-06, 1.1277005239223311e-06, 1.0606832318354745e-06, 9.976814967694826e-07, 9.375657907848143e-07, 8.805181119566275e-07, 8.262388842145436e-07, 7.754336562950598e-07, 7.265063736336118e-07, 6.807520408805003e-07, 6.382726502066585e-07, 5.982398377514143e-07, 5.610742624391612e-07, 5.259383620099992e-07, 4.929336774471664e-07, 4.617712066847159e-07, 4.3263753606758327e-07, 4.0512667539315954e-07, 3.791884843168196e-07, 3.543796263547728e-07, 3.315067959530474e-07, 3.100192926325985e-07, 2.8995332170458715e-07, 2.711180552284143e-07, 2.535102754512796e-07, 2.370033605237292e-07, 2.2165209386734548e-07, 2.0722510636782278e-07, 1.9365524132880927e-07, 1.8088852106888147e-07, 1.6897705911024107e-07, 1.5779522212272197e-07, 1.4721062861446177e-07, 1.3735585245930827e-07, 1.2821034648227226e-07, 1.1963470460424232e-07, 1.117116352897129e-07, 1.043175382829941e-07, 9.731918026083888e-08, 9.094709653169725e-08, 8.48576240110038e-08, 7.918627174413018e-08]
ndim2: 500
W_list: [3.0]
L_list: [15.75088884134398]
