C_final_list: [1.970018230877504e-06, 1.8527412198138026e-06, 1.7389686108931321e-06, 1.633287546344248e-06, 1.5351122925709974e-06, 1.4415306311986878e-06, 1.3534940374954007e-06, 1.2713678250315923e-06, 1.1945346682813898e-06, 1.1218692363259514e-06, 1.0536478330943054e-06, 9.894886670530358e-07, 9.297464015008295e-07, 8.733479371707755e-07, 8.192811066239789e-07, 7.692687160185819e-07, 7.214115828907421e-07, 6.763891766376139e-07, 6.339383126922897e-07, 5.946601022166861e-07, 5.577415173239308e-07, 5.227735908724165e-07, 4.89825186514664e-07, 4.5899518830522894e-07, 4.301775856748216e-07, 4.033913376082608e-07, 3.7777819937498627e-07, 3.534514470246668e-07, 3.3049756000538675e-07, 3.0890068170023833e-07, 2.8875427741808693e-07, 2.699023569391907e-07, 2.5265519185994635e-07, 2.36106317800758e-07, 2.204623744405193e-07, 2.0607175127650315e-07, 1.9256710822873865e-07, 1.7973784132277466e-07, 1.6781722825280398e-07, 1.5679031633842267e-07, 1.4642114225679167e-07, 1.3686009409974514e-07, 1.279263458455172e-07, 1.195143062134067e-07, 1.1165292545928708e-07, 1.041812420709152e-07, 9.719982767066846e-08, 9.073354271156491e-08, 8.476475684432672e-08, 7.916703601927587e-08]
ndim2: 500
W_list: [3.0]
L_list: [15.686108455484868]
