C_final_list: [1.047380603925065e-06, 1.0100732947206075e-06, 9.72491012899015e-07, 9.356294632222493e-07, 8.995935254170503e-07, 8.647148550562272e-07, 8.310359537461952e-07, 7.987104747248669e-07, 7.672898834511245e-07, 7.372327820254526e-07, 7.079870207201219e-07, 6.797101618157682e-07, 6.52430353753437e-07, 6.262266756651271e-07, 6.010415338568227e-07, 5.772772625225989e-07, 5.544574668368614e-07, 5.324083241614252e-07, 5.108042714937735e-07, 4.90142833328827e-07, 4.7004332760080665e-07, 4.5083606725929484e-07, 4.324265000501566e-07, 4.145136064277968e-07, 3.973661455650425e-07, 3.808298085003157e-07, 3.64979885562464e-07, 3.4970657674131624e-07, 3.350116075508964e-07, 3.209031792565896e-07, 3.0727775878022307e-07, 2.943311144272807e-07, 2.818483008252244e-07, 2.6979270756452645e-07, 2.584350141731277e-07, 2.4754214929898454e-07, 2.371065347629921e-07, 2.2721932800876202e-07, 2.1771894909904281e-07, 2.0848344423606358e-07, 1.9959266267859565e-07, 1.909896046733186e-07, 1.8271897289063636e-07, 1.748131499373232e-07, 1.6727213465768164e-07, 1.5995489665346776e-07, 1.5291823968994617e-07, 1.4613974619352065e-07, 1.3967649500695232e-07, 1.3342987308338485e-07]
ndim2: 500
W_list: [3.8]
L_list: [24.251099158259706]
