C_final_list: [1.8886152252090444e-06, 1.76147547355892e-06, 1.6406743054795808e-06, 1.5247906413677792e-06, 1.4177460305278943e-06, 1.3164758757490806e-06, 1.2229431779979945e-06, 1.1381389095090613e-06, 1.0567320173902128e-06, 9.812714751637535e-07, 9.123363406509418e-07, 8.489211226274408e-07, 7.897486229934932e-07, 7.350191805475349e-07, 6.839326085831295e-07, 6.357831584789333e-07, 5.907008213015901e-07, 5.483477930035617e-07, 5.089164808547243e-07, 4.7270303832706785e-07, 4.3845169735838734e-07, 4.069334405846621e-07, 3.774566072645522e-07, 3.4966570577628417e-07, 3.2377020715850544e-07, 2.9965673137266075e-07, 2.7717814487487136e-07, 2.565527965731978e-07, 2.375727452241238e-07, 2.2014903565735328e-07, 2.041539298209837e-07, 1.8951772531907135e-07, 1.758565968985086e-07, 1.631095999867291e-07, 1.5104648297660005e-07, 1.3994890555097723e-07, 1.2964726686444816e-07, 1.1980553328313633e-07, 1.1082008338984306e-07, 1.0250461799322764e-07, 9.489364072948181e-08, 8.781182991391886e-08, 8.139578789106106e-08, 7.537668543041181e-08, 6.985190013348727e-08, 6.473456857147022e-08, 5.992134828120389e-08, 5.541322714624366e-08, 5.1276652807776224e-08, 4.7341033658370573e-08]
ndim2: 500
W_list: [3.1999999999999997]
L_list: [13.585543528470476]
