R_list= [ 1  2  3  4  5  6  7  8  9 10 11 12 13 14 15 16 17 18 19 20 21 22 23 24
 25 26 27 28 29 30 31 32 33 34 35 36 37 38]
C_final_list= [4.266783148141842e-07, 2.742544770682275e-07, 1.6912122653363356e-07, 1.0384729258325761e-07, 6.382904181653501e-08, 3.9086777946355696e-08, 2.3783086971323015e-08, 1.4398062660236187e-08, 8.65834965372527e-09, 5.188673179208444e-09, 3.101643734922865e-09, 1.8470827339359677e-09, 1.0936323979722906e-09, 6.460462725731367e-10, 3.782594658856987e-10, 2.2166032331560686e-10, 1.302575413544039e-10, 7.764725568667694e-11, 4.651422319768099e-11, 2.7745906414980716e-11, 1.6408254208788408e-11, 9.626436248530301e-12, 5.65722931884468e-12, 3.392326316629655e-12, 2.064512909066795e-12, 1.2830713229242016e-12, 8.020178696032905e-13, 5.042877651619575e-13, 3.298970346438408e-13, 2.4353526453786933e-13, 1.9127814714487806e-13, 1.3448033426153375e-13, 7.891899951846178e-14, 4.223880785664448e-14, 2.2562145271233202e-14, 1.2512143719070718e-14, 7.408702423889007e-15, 4.6114734142894155e-15]
W_list: [6]
L_list: [2.1284613986701055]
