R_list= [ 1  2  3  4  5  6  7  8  9 10 11 12 13 14 15 16 17 18 19 20 21 22 23 24
 25 26 27 28 29 30 31 32 33 34 35 36 37 38]
C_final_list= [1.5583788116332324e-07, 7.652605741416137e-08, 3.0355939857778455e-08, 1.0678148025427352e-08, 3.4997788037378635e-09, 1.1080252577689497e-09, 3.437111109888827e-10, 1.0510565408393235e-10, 3.1795414547116933e-11, 9.535444043716434e-12, 2.856806976087779e-12, 8.525728411272481e-13, 2.565690427064135e-13, 7.796638768868978e-14, 2.3669294512504656e-14, 7.326027894391768e-15, 2.3673834030554733e-15, 8.190698730468558e-16, 3.0141290575952585e-16, 1.133121933144057e-16, 4.1601865335687874e-17, 1.4282286933485376e-17, 4.5460635540538926e-18, 1.378429218390916e-18, 4.043537488155827e-19, 1.1674634086679012e-19, 3.349030988374696e-20, 9.612478753804522e-21, 2.81468392577911e-21, 8.882630357644068e-22, 3.329796193349681e-22, 1.5103940046698276e-22, 7.481555697551669e-23, 4.1204796335671394e-23, 2.6935320119279627e-23, 2.131058879324015e-23, 1.8494575166667318e-23, 1.699108658531065e-23]
W_list: [5]
L_list: [1.2565283464404646]
