R_list= [ 1  2  3  4  5  6  7  8  9 10 11 12 13 14 15 16 17 18 19 20 21 22 23 24
 25 26 27 28 29 30 31 32 33 34 35 36 37 38]
C_final_list= [2.0230626658075957e-05, 1.633058859625373e-05, 1.3065737441822247e-05, 1.0418266631917795e-05, 8.290078049791526e-06, 6.5803820604742074e-06, 5.2324247293974926e-06, 4.156340233535368e-06, 3.3035435062794407e-06, 2.6250041332170445e-06, 2.08528351006776e-06, 1.659070212443635e-06, 1.3196593957435664e-06, 1.0497016739892554e-06, 8.327403397345172e-07, 6.601745797067201e-07, 5.239052814323305e-07, 4.156101945824661e-07, 3.292385773169534e-07, 2.6059435940916526e-07, 2.0661179117742604e-07, 1.6377503536456194e-07, 1.2990692825836236e-07, 1.029097015734705e-07, 8.141216515734282e-08, 6.427794088515861e-08, 5.0796858461355734e-08, 4.025259753187387e-08, 3.190134369285701e-08, 2.527447221704867e-08, 2.0028346397558123e-08, 1.5861998522070977e-08, 1.2577339708522695e-08, 9.994019049317388e-09, 7.958750651261792e-09, 6.336314444519425e-09, 5.032317059669719e-09, 4.005714168987057e-09]
W_list: [8.35]
L_list: [4.425248758363637]
