C_final_list: [1.7948758917355641e-06, 1.6667561594824602e-06, 1.5439208965235504e-06, 1.4308506174511423e-06, 1.3261826680606246e-06, 1.228451915825296e-06, 1.1380142543103916e-06, 1.053381923773601e-06, 9.755446135772413e-07, 9.040771211097185e-07, 8.392476265367424e-07, 7.786254694323709e-07, 7.226119066830289e-07, 6.702317587980508e-07, 6.215821971564491e-07, 5.763060151556616e-07, 5.335238674918458e-07, 4.938759497334613e-07, 4.5705713379811316e-07, 4.2277210350374635e-07, 3.9137490065664803e-07, 3.621974331665218e-07, 3.348083537295102e-07, 3.100157481866789e-07, 2.870927592516883e-07, 2.657044020568966e-07, 2.459371885189336e-07, 2.2761488230950516e-07, 2.104885454880533e-07, 1.9473618160820383e-07, 1.8016694578791731e-07, 1.6646502647748403e-07, 1.5377159517250172e-07, 1.4202818656646318e-07, 1.311685239973951e-07, 1.2114327692062437e-07, 1.1186555636350283e-07, 1.0323015180934751e-07, 9.513014224150919e-08, 8.770098999399533e-08, 8.086076639635768e-08, 7.454389064056982e-08, 6.872147568269083e-08, 6.321218046290156e-08, 5.8193965716095905e-08, 5.355767963460654e-08, 4.931136963076731e-08, 4.543884987915865e-08, 4.184233730080054e-08, 3.85367597720391e-08]
ndim2: 500
W_list: [3.25]
L_list: [13.08289459823408]
