R_list= [ 1  2  3  4  5  6  7  8  9 10 11 12 13 14 15 16 17 18 19 20 21 22 23 24
 25 26 27 28 29 30 31 32 33 34 35 36 37 38]
C_final_list= [1.9652118515510708e-07, 1.0499579502694892e-07, 5.294760045831915e-08, 2.6427072780710825e-08, 1.3031240331946178e-08, 6.441080643772627e-09, 3.1468917055023295e-09, 1.5194102777873912e-09, 7.231715132472563e-10, 3.414772607645448e-10, 1.620220430989376e-10, 7.735599243197214e-11, 3.751903183233916e-11, 1.8022889357015398e-11, 8.48353232172631e-12, 4.087942025703257e-12, 2.129323934504544e-12, 1.1284623378345733e-12, 5.603372998988707e-13, 2.885661201168359e-13, 1.4979864451717597e-13, 7.067393635727575e-14, 2.962498484347379e-14, 1.36456322376415e-14, 6.777074947280541e-15, 2.695609315388252e-15, 9.884967792445714e-16, 4.0331897784434134e-16, 2.0346872846351093e-16, 1.0699086184050067e-16, 3.6038457827807503e-17, 1.05068271724505e-17, 3.464064370030962e-18, 1.2309026012295885e-18, 4.864299281862203e-19, 2.3640786923853113e-19, 1.3033930960877857e-19, 7.370399931828965e-20]
W_list: [7]
L_list: [1.5244971855628937]
