R_list= [ 1  2  3  4  5  6  7  8  9 10 11 12 13 14 15 16 17 18 19 20 21 22 23 24
 25 26 27 28 29 30 31 32 33 34 35 36 37 38]
C_final_list= [2.215268550756106e-07, 1.6033060792401992e-07, 1.1588031329753946e-07, 8.350355843129017e-08, 5.977141298705349e-08, 4.264542018961449e-08, 3.03282073151494e-08, 2.1480156401109896e-08, 1.5165769764585315e-08, 1.0698725014618566e-08, 7.543668451207175e-09, 5.335825828051108e-09, 3.778898191831628e-09, 2.6830699762203556e-09, 1.8993700585526867e-09, 1.3358389217839564e-09, 9.45507994921436e-10, 6.626293619991446e-10, 4.6462695122472893e-10, 3.2444393428791787e-10, 2.2726872197661215e-10, 1.5851163461883313e-10, 1.1023139189114081e-10, 7.605637787030057e-11, 5.206360973198192e-11, 3.606444013544357e-11, 2.484369177425175e-11, 1.717815452723845e-11, 1.186702454181272e-11, 8.248269697557394e-12, 5.823920988713805e-12, 4.099813885946705e-12, 2.867553498189011e-12, 2.02588363397532e-12, 1.434421912248354e-12, 1.0285764168195054e-12, 7.470079111523664e-13, 5.525902427397836e-13]
W_list: [7]
L_list: [3.0334010732191046]
