C_final_list: [1.8940113380505086e-06, 1.8359267893123205e-06, 1.7779445258583853e-06, 1.721578070196258e-06, 1.6675318607301529e-06, 1.6150861914237225e-06, 1.5640220331876576e-06, 1.5154164842405739e-06, 1.467196204684865e-06, 1.4208782129932484e-06, 1.3760248530964244e-06, 1.3328636108396552e-06, 1.2904118952201642e-06, 1.2495957202747002e-06, 1.2099261857026747e-06, 1.1717493072446455e-06, 1.135013112284706e-06, 1.0989837539307378e-06, 1.064561952178094e-06, 1.0313972467824644e-06, 9.991737315893484e-07, 9.68022139827501e-07, 9.377467123241054e-07, 9.088514667719906e-07, 8.801591201249178e-07, 8.531680572689318e-07, 8.265966398922105e-07, 8.002468771688798e-07, 7.746430750403529e-07, 7.496500551348632e-07, 7.254525652259779e-07, 7.018235797468327e-07, 6.788010816834504e-07, 6.565513062331969e-07, 6.35110128647193e-07, 6.142031308547583e-07, 5.939829004785278e-07, 5.741229077385446e-07, 5.55020216793998e-07, 5.364160112783133e-07, 5.183358162642619e-07, 5.00809563907045e-07, 4.838115266609242e-07, 4.672955017876475e-07, 4.514483574064333e-07, 4.360219814753344e-07, 4.211836660485712e-07, 4.066367661823758e-07, 3.9265237396552263e-07, 3.7914068036093363e-07]
ndim2: 500
W_list: [3.05]
L_list: [30.959585403887957]
