R_list= [ 1  2  3  4  5  6  7  8  9 10 11 12 13 14 15 16 17 18 19 20 21 22 23 24
 25 26 27 28 29 30 31 32 33 34 35 36 37 38]
C_final_list= [7.994992924861247e-07, 6.41430753268675e-07, 4.861703208597094e-07, 3.608992397302519e-07, 2.664849965519142e-07, 1.9683435400728685e-07, 1.4553681541397907e-07, 1.0762926928774888e-07, 7.942350681861922e-08, 5.8531281331886835e-08, 4.3057784779088224e-08, 3.1584103044543044e-08, 2.3127970971479293e-08, 1.6920855544412864e-08, 1.239049084505579e-08, 9.086180973543152e-09, 6.677422598051664e-09, 4.913096292207008e-09, 3.6185324369053494e-09, 2.66760897225656e-09, 1.9676748386602083e-09, 1.451640627378217e-09, 1.0672372837578224e-09, 7.838777702824475e-10, 5.759036057663387e-10, 4.2341835013723393e-10, 3.124529963431158e-10, 2.3141819973657263e-10, 1.7193204225079276e-10, 1.282276411547732e-10, 9.610831961951765e-11, 7.231643349208848e-11, 5.44703649655122e-11, 4.0886878729971453e-11, 3.067075832480878e-11, 2.3156822634005038e-11, 1.7514846331125823e-11, 1.3051079183019118e-11]
W_list: [4]
L_list: [3.5560893378449596]
