C_final_list: [1.6655343059586914e-06, 1.6401443521013497e-06, 1.614903615079664e-06, 1.590584816535298e-06, 1.566611864049888e-06, 1.5430873465381877e-06, 1.5198918293290064e-06, 1.4973978000934984e-06, 1.475080626602598e-06, 1.4533370340513997e-06, 1.4317630449316121e-06, 1.4103640130859892e-06, 1.389274599233635e-06, 1.3685212616960767e-06, 1.3479948992640202e-06, 1.3277788788528777e-06, 1.3078871280608935e-06, 1.2883960069538173e-06, 1.268970475858067e-06, 1.2498945946047218e-06, 1.2310323129377498e-06, 1.2125151632371388e-06, 1.194239372475966e-06, 1.176405921910743e-06, 1.1586346945755537e-06, 1.1410044282868906e-06, 1.1236176690518562e-06, 1.1064223760245184e-06, 1.0895714602149583e-06, 1.0729836453352995e-06, 1.056544953293733e-06, 1.0403020983780755e-06, 1.0243081937672967e-06, 1.0088224658094324e-06, 9.93427726484863e-07, 9.782989292986963e-07, 9.63523071870876e-07, 9.489831185433346e-07, 9.345036694515675e-07, 9.20406786692263e-07, 9.064383955323198e-07, 8.927388634006368e-07, 8.793831846020668e-07, 8.662219151041585e-07, 8.531555408369425e-07, 8.403710991019062e-07, 8.277730568671101e-07, 8.153036798669083e-07, 8.029877918478447e-07, 7.910598722078733e-07]
ndim2: 500
W_list: [3.0]
L_list: [65.8218734686479]
