C_list:
1.548758548924583e-06 0.13062620400990627
ndim2: 500
W_list: [3.0]
L_list: [7.655431829927196]
