C_final_list: [2.085061760188545e-06, 2.046209142613517e-06, 2.006309162315181e-06, 1.968370668738869e-06, 1.9314968784771107e-06, 1.8953416003519096e-06, 1.8596463665740925e-06, 1.8248809693346127e-06, 1.7911135737030095e-06, 1.757602562082164e-06, 1.7251215501885765e-06, 1.6925225122192043e-06, 1.660783410220906e-06, 1.629783128399822e-06, 1.5993016638069e-06, 1.5694467360883528e-06, 1.5399637510901033e-06, 1.51134235523158e-06, 1.4832674008524078e-06, 1.4556572909805033e-06, 1.4285017394631977e-06, 1.4018155865834129e-06, 1.3754186795569162e-06, 1.349320781629492e-06, 1.324073488039503e-06, 1.2990247807416121e-06, 1.2745702456762616e-06, 1.2505265579064127e-06, 1.226596824833674e-06, 1.2035604756774649e-06, 1.1805541064551008e-06, 1.1577987132253506e-06, 1.1355617913693256e-06, 1.1138000503174762e-06, 1.0924022841597167e-06, 1.0712024298711309e-06, 1.0504983500189755e-06, 1.0300326938129653e-06, 1.0098056260534545e-06, 9.89960147658333e-07, 9.704483482786058e-07, 9.512083947691065e-07, 9.325973696261431e-07, 9.141310492579355e-07, 8.961829821104785e-07, 8.784745772145177e-07, 8.611059145381822e-07, 8.440146965432352e-07, 8.272343721537856e-07, 8.10575832285925e-07]
ndim2: 500
W_list: [2.4]
L_list: [52.331929609678035]
