R_list= [ 1  2  3  4  5  6  7  8  9 10 11 12 13 14 15 16 17 18 19 20 21 22 23 24
 25 26 27 28 29 30 31 32 33 34 35 36 37 38]
C_final_list= [3.808401098447467e-05, 2.532699598694992e-05, 1.6761681836391365e-05, 1.1070184812113803e-05, 7.304743182027821e-06, 4.8171019420913005e-06, 3.174598704158929e-06, 2.0881130025918134e-06, 1.3723658069230087e-06, 9.017820353116742e-07, 5.918023411462829e-07, 3.883925424513783e-07, 2.5425953115315843e-07, 1.6653105619150284e-07, 1.0956460555115126e-07, 7.198852363349766e-08, 4.743405819614276e-08, 3.1160421045021814e-08, 2.0459146708184913e-08, 1.3531298595559815e-08, 8.932287159113351e-09, 5.876660893569232e-09, 3.886500278273719e-09, 2.5586647955504646e-09, 1.6995572029899252e-09, 1.1285748168434353e-09, 7.526252686458502e-10, 5.01639687085739e-10, 3.343766630737419e-10, 2.2088878236315435e-10, 1.443406509881294e-10, 9.396396030219317e-11, 6.176654332088934e-11, 4.0869979690166575e-11, 2.692874017568857e-11, 1.738203729263456e-11, 1.1060618726306536e-11, 6.885802094789059e-12]
W_list: [8.0]
L_list: [2.4244014032057635]
