C_final_list: [2.071157545582534e-06, 1.9641042934230237e-06, 1.859618231355111e-06, 1.7619067105171092e-06, 1.6695025384324334e-06, 1.5818571423983598e-06, 1.498014525675504e-06, 1.4188931952127013e-06, 1.3437312313772624e-06, 1.2715723740007289e-06, 1.202623819687466e-06, 1.138373695808831e-06, 1.077500454296733e-06, 1.0191458192277494e-06, 9.643752344782627e-07, 9.123543722895935e-07, 8.626478956723948e-07, 8.152095120811574e-07, 7.704461206766303e-07, 7.281587064499669e-07, 6.875419357444027e-07, 6.492583099479976e-07, 6.131226984331183e-07, 5.785468745421532e-07, 5.464322355600252e-07, 5.154085553623159e-07, 4.859313882451144e-07, 4.583559251585577e-07, 4.3231393273357877e-07, 4.0726478820407497e-07, 3.834766860349692e-07, 3.6115621614474827e-07, 3.3995145788126193e-07, 3.1992990000573816e-07, 3.0136373036450186e-07, 2.8345328880910247e-07, 2.666085290459091e-07, 2.5079712449586303e-07, 2.3601853743693576e-07, 2.2211548054703153e-07, 2.0931820913620802e-07, 1.9711166072912976e-07, 1.8562864536383579e-07, 1.7484602225662523e-07, 1.6458225247959146e-07, 1.5491168160066755e-07, 1.4575788086156977e-07, 1.370844420212904e-07, 1.2900373498491037e-07, 1.2132139653752717e-07]
ndim2: 500
W_list: [2.8]
L_list: [17.805219660978672]
