R_list= [ 1  2  3  4  5  6  7  8  9 10 11 12 13 14 15 16 17 18 19 20 21 22 23 24
 25 26 27 28 29 30 31 32 33 34 35 36 37 38]
C_final_list= [1.0619660693270835e-06, 6.657723391297981e-07, 4.1460328274901865e-07, 2.5651454721439827e-07, 1.583027200251055e-07, 9.876394868205678e-08, 6.195207595204869e-08, 3.868421004849299e-08, 2.389784774654196e-08, 1.4719637921146585e-08, 9.053171031725257e-09, 5.485914069897781e-09, 3.2772665878549558e-09, 1.977179416662479e-09, 1.2163345055593166e-09, 7.608658625486504e-10, 4.68031893412224e-10, 2.838326984604429e-10, 1.7328283395185583e-10, 1.0443282422918698e-10, 6.40911400674676e-11, 3.927983986828989e-11, 2.447986426143655e-11, 1.52826656511436e-11, 9.592537503588832e-12, 5.6160372714273456e-12, 3.334596337452301e-12, 2.0066063217521036e-12, 1.2075554057978924e-12, 7.301233959672872e-13, 4.444245494318499e-13, 2.5930661247352315e-13, 1.5275452013584091e-13, 9.172260292462436e-14, 5.78306485223601e-14, 3.7231169015963226e-14, 2.1389974538984284e-14, 1.2177898165706386e-14]
W_list: [8.4]
L_list: [2.114893682439686]
