C_list:
8.03414967266799e-07 0.05700496331896732
ndim2: 500
W_list: [3.0]
L_list: [17.542332137020587]
