C_final_list: [1.7994341819822667e-06, 1.525168925413026e-06, 1.2882607639094577e-06, 1.0882059217481872e-06, 9.181795256133962e-07, 7.734782128000306e-07, 6.530447848044588e-07, 5.521765816996647e-07, 4.678520463938128e-07, 3.952506382562104e-07, 3.340889929468753e-07, 2.8177505076216344e-07, 2.3801196802922567e-07, 2.0014507820904756e-07, 1.679819258875193e-07, 1.4082922482337623e-07, 1.1820354187553037e-07, 9.90177473894849e-08, 8.283553159310992e-08, 6.922639157544761e-08, 5.8039175684978816e-08, 4.855150370039308e-08, 4.059977275480431e-08, 3.4157947761080306e-08, 2.861590544650757e-08, 2.4006508347928203e-08, 2.0154556161807653e-08, 1.6902164836287816e-08, 1.4240353810762552e-08, 1.1970796168576975e-08, 1.0058226158027323e-08, 8.448488539193655e-09, 7.097421899125474e-09, 5.917199904322804e-09, 4.9678363292412434e-09]
ndim2: 500
W_list: [3.4000000000000004]
L_list: [5.909417543808939]
