C_final_list: [1.495772532904662e-06, 1.4264396737430536e-06, 1.3585801141671985e-06, 1.294393965007882e-06, 1.2329886827817904e-06, 1.1758997970315872e-06, 1.120989216101307e-06, 1.0685238832778007e-06, 1.0183878293482384e-06, 9.702350783284243e-07, 9.242555612391623e-07, 8.806032890391785e-07, 8.38773196167782e-07, 7.986596354879281e-07, 7.603602502855421e-07, 7.242942272887562e-07, 6.89851175941043e-07, 6.572448493439913e-07, 6.263413650288979e-07, 5.969437255092113e-07, 5.688630881825115e-07, 5.417766237823458e-07, 5.157763715836841e-07, 4.909428817943635e-07, 4.666819049066255e-07, 4.4342976800203034e-07, 4.2117795114006145e-07, 4.003371526261752e-07, 3.8046463178030435e-07, 3.6145474205884274e-07, 3.4336532407625765e-07, 3.263082284501506e-07, 3.099804882225719e-07, 2.944411677434955e-07, 2.7959349648133707e-07]
ndim2: 500
W_list: [3.4000000000000004]
L_list: [20.5226614834624]
