C_final_list: [1.6288789761414083e-06, 1.4719410507117475e-06, 1.3250290568080016e-06, 1.1935325399599834e-06, 1.0738552947799236e-06, 9.66031774781991e-07, 8.704490386974798e-07, 7.840365144036101e-07, 7.067286541936355e-07, 6.363215521104797e-07, 5.730614494189166e-07, 5.153190675685321e-07, 4.632970451560818e-07, 4.1652444272812254e-07, 3.739794041406011e-07, 3.358747593305821e-07, 3.0138964061164285e-07, 2.7015756338118847e-07, 2.41865651201065e-07, 2.1655618060110012e-07, 1.9402334359284354e-07, 1.7323029452246393e-07, 1.546533205893108e-07, 1.3808549595255976e-07, 1.2341624189967914e-07, 1.10368651605349e-07, 9.874322176009623e-08, 8.816755776404448e-08, 7.864456867431156e-08, 7.004190748284175e-08, 6.244432713431494e-08, 5.5711407387686374e-08, 4.9734546274428003e-08, 4.4321227648878205e-08, 3.950824229847371e-08]
ndim2: 500
W_list: [3.6]
L_list: [9.441619278023797]
