C_final_list: [1.4691364196299176e-06, 1.2973400009203302e-06, 1.1436655551204922e-06, 1.0065003412589188e-06, 8.854815287008738e-07, 7.783141923943028e-07, 6.849563375267733e-07, 6.027884852383665e-07, 5.304691871047596e-07, 4.674144665734365e-07, 4.127698661578355e-07, 3.635650761403532e-07, 3.208149207791057e-07, 2.825176825565729e-07, 2.489592662045163e-07, 2.1915251545344918e-07, 1.9290172056272746e-07, 1.694485003676869e-07, 1.4891694190285142e-07, 1.3094816144447296e-07, 1.152939875748321e-07, 1.0154360334983336e-07, 8.933008465075847e-08, 7.866464523449257e-08, 6.919437067781969e-08, 6.090533846064331e-08, 5.3457396901825425e-08, 4.691550907511851e-08, 4.119577852488359e-08, 3.614289973504584e-08, 3.164070904436072e-08, 2.7595570525511807e-08, 2.40025141087458e-08, 2.0915010780918107e-08, 1.824303621786665e-08, 1.5947206176734953e-08, 1.3947192102601527e-08, 1.2238897631280217e-08, 1.0735761376170286e-08, 9.39507646998529e-09, 8.240415700633964e-09, 7.215348980834722e-09, 6.328325488165184e-09, 5.516054843106686e-09, 4.831607859199599e-09, 4.24384586473952e-09, 3.7245163477736466e-09, 3.260865073813873e-09, 2.854001108670026e-09, 2.496834610577913e-09]
ndim2: 500
W_list: [4.0]
L_list: [7.858009163607624]
