C_final_list: [8.898440318970174e-07, 8.516430947216025e-07, 8.128046481070926e-07, 7.748177331727955e-07, 7.377018414832157e-07, 7.024568950188088e-07, 6.687783372499551e-07, 6.363399892224145e-07, 6.053706687645712e-07, 5.754337957316128e-07, 5.47158724594402e-07, 5.203858561704524e-07, 4.948868622875703e-07, 4.7057024252463187e-07, 4.4744623710005625e-07, 4.2526016715884505e-07, 4.0420472582968007e-07, 3.8396673839260707e-07, 3.645003754091082e-07, 3.45922092507777e-07, 3.285230423740048e-07, 3.1179944285229457e-07, 2.959026292200166e-07, 2.808773801205859e-07, 2.6655925413058465e-07, 2.529388285879536e-07, 2.400226246001815e-07, 2.2767452233921324e-07, 2.1605313846669316e-07, 2.0498045969536627e-07, 1.944424780010094e-07, 1.8438281672450445e-07, 1.748575198551646e-07, 1.6583075383730335e-07, 1.5722699651169297e-07, 1.4900497551313062e-07, 1.412126688251369e-07, 1.3384672812736688e-07, 1.2682353443690764e-07, 1.2012895362557445e-07, 1.1377511208567177e-07, 1.0768160700158034e-07, 1.0193319890240469e-07, 9.648739762313345e-08, 9.133435413497599e-08, 8.640111511240376e-08, 8.177410181978869e-08, 7.737579430120476e-08, 7.320597797839314e-08, 6.928588303815174e-08]
ndim2: 500
W_list: [4.0]
L_list: [19.62831740259967]
