C_final_list: [1.7722071201132103e-06, 1.747155049450012e-06, 1.7225621769099815e-06, 1.6988824065278843e-06, 1.6757926172784626e-06, 1.652986255803492e-06, 1.6307255189293422e-06, 1.6086328696453464e-06, 1.5867330705981485e-06, 1.5653393064264806e-06, 1.5441778210932902e-06, 1.5232659042748906e-06, 1.5025013666478041e-06, 1.4824099044604311e-06, 1.462302624661317e-06, 1.4426382583830965e-06, 1.423035403745219e-06, 1.4038570644269689e-06, 1.3847459130713698e-06, 1.3660953109188208e-06, 1.347612587773647e-06, 1.3292912055938329e-06, 1.3113616509294654e-06, 1.293350258182005e-06, 1.2757194593999805e-06, 1.2585656313269802e-06, 1.2415818286936144e-06, 1.2248223534689776e-06, 1.2083120456710584e-06, 1.1919742298965996e-06, 1.1758688969217674e-06, 1.1600573599243536e-06, 1.1444269171997436e-06, 1.1290014520395919e-06, 1.1136948292413845e-06, 1.098623436325595e-06, 1.0837631014466589e-06, 1.068916727906772e-06, 1.0542961018453733e-06, 1.0398956542071113e-06, 1.0257265656371709e-06, 1.0116924216903565e-06, 9.97989048210576e-07, 9.845140125127225e-07, 9.71168698786065e-07, 9.580852062078611e-07, 9.45088570183287e-07, 9.324341868748189e-07, 9.199300833831988e-07, 9.075929189362075e-07]
ndim2: 500
W_list: [2.9]
L_list: [73.31598295144107]
