R_list= [ 1  2  3  4  5  6  7  8  9 10 11 12 13 14 15 16 17 18 19 20 21 22 23 24
 25 26 27 28 29 30 31 32 33 34 35 36 37 38]
C_final_list= [1.2778642533607567e-06, 1.2358684936905816e-06, 1.1951163281492533e-06, 1.1548520809336012e-06, 1.1156825501724877e-06, 1.0779479425402602e-06, 1.0417252367184933e-06, 1.0070191855631224e-06, 9.735734185974841e-07, 9.41190758391461e-07, 9.098348181643041e-07, 8.78926740162717e-07, 8.492087644796739e-07, 8.204405366162611e-07, 7.928220108774139e-07, 7.662079064419369e-07, 7.402108619582382e-07, 7.151527382317531e-07, 6.909915001066584e-07, 6.677518970430592e-07, 6.453058978425282e-07, 6.238811603903239e-07, 6.029174460209962e-07, 5.825833518939405e-07, 5.628038401518917e-07, 5.436929294741969e-07, 5.249873429304621e-07, 5.067545953653903e-07, 4.892787151953483e-07, 4.7219489179037116e-07, 4.5561878431628854e-07, 4.3957961829212553e-07, 4.2399299049113963e-07, 4.089541291596038e-07, 3.9456114071801814e-07, 3.805489556985528e-07, 3.670245670809723e-07, 3.539636076967271e-07]
W_list: [5]
L_list: [29.06915837538465]
