C_list:
1.9291871703247913e-06 0.26762588466436643
ndim2: 500
W_list: [3.6]
L_list: [3.7365593438546303]
