C_final_list: [1.900635571540559e-06, 1.6868332530963535e-06, 1.4930838483174512e-06, 1.320955720104605e-06, 1.1656239630595974e-06, 1.0296010716201935e-06, 9.057663456760326e-07, 8.008009772748965e-07, 7.05412593416615e-07, 6.215298245731698e-07, 5.494585625588769e-07, 4.842867510825578e-07, 4.252451205727247e-07, 3.743133194841527e-07, 3.2971026304044096e-07, 2.90111702250245e-07, 2.542655764181412e-07, 2.2336297776924823e-07, 1.9610358066133297e-07, 1.7253062295900703e-07, 1.5189379621546522e-07, 1.3384336026925412e-07, 1.1758814075626132e-07, 1.0331502727319182e-07, 9.087418248658632e-08, 7.93910794237809e-08, 6.963532939471118e-08, 6.097378075510623e-08, 5.3263293329328523e-08, 4.651718689792274e-08, 4.051660150969302e-08, 3.527016918738716e-08, 3.075195671510369e-08, 2.6771830143586694e-08, 2.328034813875551e-08]
ndim2: 500
W_list: [2.4]
L_list: [7.978214668446574]
