R_list= [ 1  2  3  4  5  6  7  8  9 10 11 12 13 14 15 16 17 18 19 20 21 22 23 24
 25 26 27 28 29 30 31 32 33 34 35 36 37 38]
C_final_list= [2.4041227027445423e-06, 2.120015760870239e-06, 1.852167563809971e-06, 1.6114825871167307e-06, 1.3987528534335276e-06, 1.2122916530875164e-06, 1.0494869993418003e-06, 9.074708693019788e-07, 7.838527710172491e-07, 6.768546381602774e-07, 5.845681925829044e-07, 5.042698983195442e-07, 4.348717824516861e-07, 3.749352933497257e-07, 3.2346778629761015e-07, 2.7913709015807274e-07, 2.4099117814143865e-07, 2.0787635773027888e-07, 1.7920505428770555e-07, 1.5448411974062158e-07, 1.3321020687144268e-07, 1.148981314647836e-07, 9.913744624248768e-08, 8.554442437525675e-08, 7.38605336172776e-08, 6.378429559450618e-08, 5.5049059329905014e-08, 4.7522246390945495e-08, 4.102957720799148e-08, 3.540198162668212e-08, 3.0550846044258356e-08, 2.634576027230163e-08, 2.2702574185371653e-08, 1.9560633466681757e-08, 1.685178600909709e-08, 1.453394539043247e-08, 1.2514935511932971e-08, 1.0769399615034309e-08]
W_list: [8.2]
L_list: [7.017050586124638]
