R_list= [ 1  2  3  4  5  6  7  8  9 10 11 12 13 14 15 16 17 18 19 20 21 22 23 24
 25 26 27 28 29 30 31 32 33 34 35 36 37 38]
C_final_list= [2.6471698481015337e-07, 2.2300701542033452e-07, 1.855926784879016e-07, 1.5313339422665686e-07, 1.2561331702257236e-07, 1.0255324985769152e-07, 8.3734700115719e-08, 6.825235618662086e-08, 5.559985469979291e-08, 4.533313851599587e-08, 3.691477458813677e-08, 3.0004197685556084e-08, 2.4346315429045868e-08, 1.9782664857171298e-08, 1.6034441225772408e-08, 1.2986958384975995e-08, 1.0482388059689223e-08, 8.466947919460854e-09, 6.824341019776895e-09, 5.489633963898913e-09, 4.410493663807976e-09, 3.551407307067314e-09, 2.8623988398172197e-09, 2.30673610489765e-09, 1.8506362483247247e-09, 1.487648660552661e-09, 1.192428288117925e-09, 9.558538731343847e-10, 7.682899559122085e-10, 6.187302666799866e-10, 4.984403269977589e-10, 4.0332029279631736e-10, 3.265797745802067e-10, 2.638811218885258e-10, 2.135709405504025e-10, 1.7251274543935828e-10, 1.3935918721960803e-10, 1.1271810073126615e-10]
W_list: [8.600000000000001]
L_list: [5.114226839645115]
