R_list= [ 1  2  3  4  5  6  7  8  9 10 11 12 13 14 15 16 17 18 19 20 21 22 23 24
 25 26 27 28 29 30 31 32 33 34 35 36 37 38]
C_final_list= [9.60552959887332e-07, 8.503648940793817e-07, 7.49870181004631e-07, 6.617378210993477e-07, 5.836187850127885e-07, 5.131750199220354e-07, 4.504500816766396e-07, 3.9547450458260526e-07, 3.475166655600402e-07, 3.0557145346182394e-07, 2.682586788363199e-07, 2.3543942159738943e-07, 2.0633609594295554e-07, 1.8082141434439046e-07, 1.5857581378099078e-07, 1.3903874107754242e-07, 1.22384797665286e-07, 1.0786198341692445e-07, 9.502306723251861e-08, 8.365956267654476e-08, 7.358967969720191e-08, 6.46327471943084e-08, 5.672164360006968e-08, 4.9723001542972165e-08, 4.355988317131324e-08, 3.811214375524244e-08, 3.328505925909004e-08, 2.9061094861576667e-08, 2.5382597632974242e-08, 2.215943863206754e-08, 1.9350237846702532e-08, 1.6937150238841205e-08, 1.4815992250189357e-08, 1.2957393441253737e-08, 1.132111055173984e-08, 9.878757317820323e-09, 8.61539817246899e-09, 7.514506860465427e-09]
W_list: [6]
L_list: [7.795672964384991]
