R_list= [ 1  2  3  4  5  6  7  8  9 10 11 12 13 14 15 16 17 18 19 20 21 22 23 24
 25 26 27 28 29 30 31 32 33 34 35 36 37 38]
C_final_list= [3.2257787180627566e-05, 2.4629229962386584e-05, 1.8704248532873822e-05, 1.419109555940498e-05, 1.074900255685644e-05, 8.129546854130544e-06, 6.1468389348379275e-06, 4.648691543332822e-06, 3.5079945663049553e-06, 2.646439879948255e-06, 1.9953680549670617e-06, 1.502038580207114e-06, 1.1306995656143228e-06, 8.522217374659914e-07, 6.43090340928515e-07, 4.857005401308248e-07, 3.6653933160029877e-07, 2.7695594774987226e-07, 2.0937632739298298e-07, 1.5851512956006947e-07, 1.195764376445419e-07, 9.015956470686247e-08, 6.801344795551311e-08, 5.1325801723635426e-08, 3.861181104407515e-08, 2.898619435141296e-08, 2.1853929928540786e-08, 1.6593719882872853e-08, 1.2593218475571839e-08, 9.519364736936426e-09, 7.212536049602966e-09, 5.490569164901957e-09, 4.17838051486118e-09, 3.178753523182643e-09, 2.4089394221959685e-09, 1.8299067553165914e-09, 1.3827926210825313e-09, 1.0455024278438648e-09]
W_list: [8.05]
L_list: [3.620396575868192]
