R_list= [ 1  2  3  4  5  6  7  8  9 10 11 12 13 14 15 16 17 18 19 20 21 22 23 24
 25 26 27 28 29 30 31 32 33 34 35 36 37 38]
C_final_list= [2.140851461954433e-06, 1.8693187634807092e-06, 1.6164005173855264e-06, 1.3906791023251773e-06, 1.1930471508135031e-06, 1.0212441499715409e-06, 8.728668838807535e-07, 7.457277995551811e-07, 6.371634603287178e-07, 5.444975170812128e-07, 4.6488328813554235e-07, 3.968857175526356e-07, 3.3853202230678065e-07, 2.8894017464942354e-07, 2.4637465365108177e-07, 2.100454472479077e-07, 1.7894597099266633e-07, 1.5221363186755523e-07, 1.294439600272991e-07, 1.0992138828460164e-07, 9.339461693712472e-08, 7.927625997128602e-08, 6.734824070823303e-08, 5.718244996927851e-08, 4.8537938058062806e-08, 4.114977424831692e-08, 3.490216286038104e-08, 2.965123530091996e-08, 2.5192742505134662e-08, 2.1386742936688002e-08, 1.816109772007284e-08, 1.5391965886415617e-08, 1.3055156058170052e-08, 1.1072542748658624e-08, 9.39208801610116e-09, 7.964834333044028e-09, 6.767988995236008e-09, 5.7409784000161735e-09]
W_list: [8.4]
L_list: [6.513269758365372]
