R_list= [ 1  2  3  4  5  6  7  8  9 10 11 12 13 14 15 16 17 18 19 20 21 22 23 24
 25 26 27 28 29 30 31 32 33 34 35 36 37 38]
C_final_list= [8.201389697072488e-07, 7.432438451366294e-07, 6.684925952196361e-07, 6.003548610505598e-07, 5.388611599340862e-07, 4.828783944551375e-07, 4.3244786262013496e-07, 3.8790222370600915e-07, 3.485465087068498e-07, 3.132174785365598e-07, 2.8117690083418193e-07, 2.523044144685193e-07, 2.2619113192982599e-07, 2.0282640590707157e-07, 1.8164841900025464e-07, 1.624357823478752e-07, 1.4510258188210132e-07, 1.2957434638869474e-07, 1.1572835297758853e-07, 1.0317488568572389e-07, 9.18203739482865e-08, 8.169855235319613e-08, 7.262887133062163e-08, 6.456317474114818e-08, 5.734752351043372e-08, 5.0953768698541315e-08, 4.524935094813348e-08, 4.017103429250335e-08, 3.563873453796376e-08, 3.1651697975426205e-08, 2.8137740544159654e-08, 2.500963501841666e-08, 2.2228275529999937e-08, 1.9777157893145258e-08, 1.759653642865443e-08, 1.5646097692885108e-08, 1.390072808874177e-08, 1.2334667315427998e-08]
W_list: [7.6]
L_list: [9.17571463267121]
