R_list= [ 1  2  3  4  5  6  7  8  9 10 11 12 13 14 15 16 17 18 19 20 21 22 23 24
 25 26 27 28 29 30 31 32 33 34 35 36 37 38]
C_final_list= [2.2468192772474083e-06, 1.9666733537392636e-06, 1.7027137569510795e-06, 1.4661192760693556e-06, 1.2595214117881108e-06, 1.0800891616080113e-06, 9.263889596939549e-07, 7.936476736350075e-07, 6.798910542755726e-07, 5.824557465347913e-07, 4.986613065835166e-07, 4.2646898015673893e-07, 3.643899418618468e-07, 3.112707735450605e-07, 2.6563788789924305e-07, 2.2670201534213677e-07, 1.9354299026673318e-07, 1.6517033830854684e-07, 1.4100419999187136e-07, 1.203989851829693e-07, 1.0270519969070755e-07, 8.753198877709259e-08, 7.444536318954404e-08, 6.334217418976562e-08, 5.3871492373816575e-08, 4.5807647447075284e-08, 3.895471091139263e-08, 3.315448493967683e-08, 2.819789821867203e-08, 2.3978470373521974e-08, 2.0409490655665227e-08, 1.7408490001366423e-08, 1.4848788784732598e-08, 1.267951140060163e-08, 1.0847097633017234e-08, 9.279086201927385e-09, 7.930712601033075e-09, 6.774105208089508e-09]
W_list: [8.35]
L_list: [6.595746607736578]
