C_list:
7.375067198745517e-07 0.06891559768112696
ndim2: 500
W_list: [3.2]
L_list: [14.510503190105212]
