C_final_list: [2.030913280267014e-06, 2.0126155323739824e-06, 1.994566362649971e-06, 1.9773435367120863e-06, 1.9604710472504497e-06, 1.9438891497722667e-06, 1.9275358873306016e-06, 1.91139449363809e-06, 1.8954502504734836e-06, 1.879830710870383e-06, 1.8644909570051843e-06, 1.8493658771492932e-06, 1.8345190044284992e-06, 1.8197451408985173e-06, 1.8051304388024339e-06, 1.7905908652447864e-06, 1.7761222834816501e-06, 1.761766371791839e-06, 1.7474506573761187e-06, 1.733327147025083e-06, 1.7192079124065679e-06, 1.7054353469145852e-06, 1.6917372195568234e-06, 1.6781888666850615e-06, 1.6648552763313346e-06, 1.6517037135716416e-06, 1.638634379606412e-06, 1.6257588810607424e-06, 1.612826657084863e-06, 1.5999793323527595e-06, 1.5872526256645338e-06, 1.5745186496975356e-06, 1.5619059530814032e-06, 1.5493436019415955e-06, 1.5369161752397063e-06]
ndim2: 500
W_list: [2.2]
L_list: [122.67113125842882]
