C_final_list: [1.5451304529985834e-06, 1.5145003817491783e-06, 1.4841201427639938e-06, 1.4542128091022123e-06, 1.4250755552652457e-06, 1.3964832322458819e-06, 1.3686772339580208e-06, 1.3416338681337033e-06, 1.3149672968793755e-06, 1.288826502493344e-06, 1.2630509113154268e-06, 1.2378119764596198e-06, 1.212962894380145e-06, 1.188625775641017e-06, 1.1644026523593693e-06, 1.1406418517008643e-06, 1.1169696461557362e-06, 1.0940128963298406e-06, 1.0717029661695785e-06, 1.0497237443335036e-06, 1.0282776859120127e-06, 1.0072920928086746e-06, 9.864418189763527e-07, 9.661824120218085e-07, 9.461301254299673e-07, 9.265557179069403e-07, 9.073654547636451e-07, 8.885672385083104e-07, 8.700825758384059e-07, 8.517001403857572e-07, 8.336731318249036e-07, 8.159093035346318e-07, 7.984626998373941e-07, 7.814113192098259e-07, 7.647421192394532e-07, 7.483700447470044e-07, 7.323978877006253e-07, 7.167893284387891e-07, 7.013500462238444e-07, 6.863962574084222e-07, 6.716697083122574e-07, 6.571619013898958e-07, 6.429220644331269e-07, 6.289739407017545e-07, 6.153931592234902e-07, 6.021014428881176e-07, 5.89098774386179e-07, 5.763724326951216e-07, 5.639044078701397e-07, 5.51690826378122e-07]
ndim2: 500
W_list: [3.25]
L_list: [47.962506395689026]
