R_list= [ 1  2  3  4  5  6  7  8  9 10 11 12 13 14 15 16 17 18 19 20 21 22 23 24
 25 26 27 28 29 30]
C_final_list= [6.264663930188553e-07, 5.772759596494196e-07, 5.32252077607893e-07, 4.890980410685416e-07, 4.493767749942443e-07, 4.1261508549951456e-07, 3.784352722633429e-07, 3.4738451266021484e-07, 3.190473030461977e-07, 2.9311925804302147e-07, 2.695403391212379e-07, 2.473911681160569e-07, 2.270441521068026e-07, 2.0835279645526236e-07, 1.9099333476694708e-07, 1.7500552171988087e-07, 1.6048159420498936e-07, 1.4704725735899044e-07, 1.3464426837149882e-07, 1.23178705611455e-07, 1.1279769223327096e-07, 1.0319771892790615e-07, 9.435074276186296e-08, 8.624744396728559e-08, 7.877871333413221e-08, 7.189283375836737e-08, 6.562684663020971e-08, 5.991827452823146e-08, 5.4657570105851895e-08, 4.985481536447722e-08]
W_list: [6]
L_list: [11.672548158500378]
