C_final_list: [1.5212944203489814e-06, 1.4910948234786183e-06, 1.4606657637510432e-06, 1.4309034159143752e-06, 1.4018500837818243e-06, 1.3735553278871494e-06, 1.3457062706922637e-06, 1.3182094243542379e-06, 1.291497687206404e-06, 1.2653110561799071e-06, 1.2394007487398559e-06, 1.2138523908591002e-06, 1.1889867595062965e-06, 1.1646913831217184e-06, 1.1410954375402563e-06, 1.1180612590514641e-06, 1.0954393911782094e-06, 1.0731872402863554e-06, 1.0513026023606274e-06, 1.0300409234423977e-06, 1.0090860896772035e-06, 9.883258162502472e-07, 9.680125433578756e-07, 9.481412166393048e-07, 9.287708993658444e-07, 9.096288523591329e-07, 8.907700826619487e-07, 8.722110258439611e-07, 8.53906549493899e-07, 8.360409975769775e-07, 8.186167668298378e-07, 8.014453483258733e-07, 7.845176755126966e-07, 7.681013456713513e-07, 7.520940820848282e-07, 7.364211328984362e-07, 7.211030443476556e-07, 7.059745883504452e-07, 6.912716136005815e-07, 6.767918851793494e-07, 6.626487650730509e-07, 6.488138846334064e-07, 6.351933606195254e-07, 6.218275612548339e-07, 6.087630038641363e-07, 5.95935122707101e-07, 5.832910005952244e-07, 5.707913683894262e-07, 5.584974654186921e-07, 5.464308451651948e-07]
ndim2: 500
W_list: [3.25]
L_list: [48.10019182552376]
