C_final_list: [1.7211468736391103e-06, 1.6968621892064373e-06, 1.6726236624768825e-06, 1.648959355202795e-06, 1.6263094516750385e-06, 1.6041646531235004e-06, 1.5823443282454834e-06, 1.5610095111167964e-06, 1.5402749433201945e-06, 1.5196881563961648e-06, 1.4993440471396984e-06, 1.4791133082672545e-06, 1.4592914353398155e-06, 1.4397103366053602e-06, 1.4203819624530267e-06, 1.401042230098902e-06, 1.3821425209745385e-06, 1.363650336336133e-06, 1.3452613904680276e-06, 1.3272448914666382e-06, 1.3093614596894816e-06, 1.291727744096182e-06, 1.2743387217809415e-06, 1.2572577597629728e-06, 1.2406311320029433e-06, 1.2243004443452356e-06, 1.2082786107438985e-06, 1.1922898411409604e-06, 1.176667525511195e-06, 1.1612058878759113e-06, 1.1459855729500924e-06, 1.1311398511609954e-06, 1.1163513657393328e-06, 1.1015666355511166e-06, 1.0870865047113454e-06, 1.0726810638581635e-06, 1.0584208842174902e-06, 1.0442377612592158e-06, 1.0301874689029422e-06, 1.0163344022831152e-06, 1.0025879228669687e-06, 9.890550619670638e-07, 9.756244114155331e-07, 9.624017098099372e-07, 9.493235775095151e-07, 9.363163836959646e-07, 9.234051107071101e-07, 9.107557945531377e-07, 8.981943097360498e-07, 8.857654992031561e-07]
ndim2: 500
W_list: [2.9]
L_list: [74.22357359293595]
