C_final_list: [2.121102198059665e-06, 1.8966031239714074e-06, 1.6867276882324436e-06, 1.4994821795563254e-06, 1.330851605774023e-06, 1.1832882900586048e-06, 1.0522316743073588e-06, 9.363598950142714e-07, 8.333638024467394e-07, 7.412140301064771e-07, 6.57192230681878e-07, 5.826772343111416e-07, 5.171376923830421e-07, 4.5979214826373903e-07, 4.0860279357729103e-07, 3.627547991050844e-07, 3.2137021769192747e-07, 2.8581001558314046e-07, 2.5389843688827377e-07, 2.2530963731101968e-07, 1.997879510538922e-07, 1.7693852128356662e-07, 1.5648445367733277e-07, 1.384297879261457e-07, 1.2230399129507187e-07, 1.0826945909832697e-07, 9.584656200500287e-08, 8.482729789767341e-08, 7.480950729957835e-08, 6.603945954340058e-08, 5.813147123568778e-08, 5.1283558321075974e-08, 4.5252393863951686e-08, 3.981642127501349e-08, 3.510149252588456e-08, 3.097223794078221e-08, 2.729834377639437e-08, 2.4020645274204133e-08, 2.115509597400871e-08, 1.8660025074926378e-08, 1.6419310768851087e-08, 1.4423655191948336e-08, 1.2667770689777291e-08, 1.1165056708091154e-08, 9.876833202585743e-09, 8.735859327521607e-09, 7.709572949423319e-09, 6.803327040752068e-09, 5.9838057794963046e-09, 5.284447767795106e-09]
ndim2: 500
W_list: [2.8]
L_list: [8.471503709390854]
