C_final_list: [1.5331473640322053e-06, 1.3871494521037358e-06, 1.2504093014756334e-06, 1.1285004265862403e-06, 1.016388890435737e-06, 9.170990952749025e-07, 8.274242426921052e-07, 7.474528559768497e-07, 6.760908378486177e-07, 6.087443539182467e-07, 5.491380260794986e-07, 4.95833785800548e-07, 4.4760860219730794e-07, 4.0284374800136713e-07, 3.6304740817374767e-07, 3.2713244430825145e-07, 2.9430638434400624e-07, 2.6492342670771917e-07, 2.382739749450071e-07, 2.142058201175868e-07, 1.9269730240297188e-07, 1.7308761480457298e-07, 1.5530861181943023e-07, 1.391117688442806e-07, 1.2492777341259768e-07, 1.1213060793039653e-07, 1.0089159893872087e-07, 9.066387969480851e-08, 8.151050451422945e-08, 7.304525813928043e-08, 6.566848696435013e-08, 5.8999958100421505e-08, 5.307441339204897e-08, 4.778565451765463e-08, 4.29888271741575e-08]
ndim2: 500
W_list: [3.2]
L_list: [9.664944531758886]
