C_final_list: [1.6033029665598442e-06, 1.548031446368122e-06, 1.4950670899407542e-06, 1.4413949768472772e-06, 1.3904429825259546e-06, 1.3409931929397371e-06, 1.2927615990917075e-06, 1.2475701224705475e-06, 1.2037814971678348e-06, 1.161644264139958e-06, 1.1207761243977293e-06, 1.0811959527158994e-06, 1.0427454033527433e-06, 1.0053793526533436e-06, 9.693394102692678e-07, 9.34916120368263e-07, 9.017124152631861e-07, 8.693298407042724e-07, 8.379830666058832e-07, 8.077775508648088e-07, 7.785385930202322e-07, 7.503748313154734e-07, 7.231479067719913e-07, 6.973560015813125e-07, 6.724051593603554e-07, 6.485715678272022e-07, 6.255797678884253e-07, 6.031625893311466e-07, 5.811468552978188e-07, 5.599590009773911e-07, 5.394432767127723e-07, 5.195620179014641e-07, 5.001563054636441e-07, 4.81526217747502e-07, 4.6374822497432455e-07]
ndim2: 500
W_list: [1.8]
L_list: [27.545141815039884]
