R_list= [ 1  2  3  4  5  6  7  8  9 10 11 12 13 14 15 16 17 18 19 20 21 22 23 24
 25 26 27 28 29 30 31 32 33 34 35 36 37 38]
C_final_list= [5.793589304752482e-07, 4.709664595973221e-07, 3.804604876855466e-07, 3.057273792486175e-07, 2.455678952030765e-07, 1.9729464378159695e-07, 1.5826905564599853e-07, 1.2646546802323773e-07, 1.009236244060921e-07, 8.060011274208888e-08, 6.422369907361283e-08, 5.119561800947527e-08, 4.0700061771009785e-08, 3.23430680132453e-08, 2.5691314898151487e-08, 2.0419405221363533e-08, 1.6202880722932722e-08, 1.2840793210649945e-08, 1.0177832388244326e-08, 8.053893596012461e-09, 6.367330636810569e-09, 5.0566682237297805e-09, 4.007564890269963e-09, 3.182793054181206e-09, 2.5215279288945022e-09, 2.0104226910768564e-09, 1.593889968738474e-09, 1.261440316571605e-09, 1.000096905177616e-09, 7.870919575253182e-10, 6.215771273593246e-10, 4.930830018052978e-10, 3.9078544586249495e-10, 3.071819462845567e-10, 2.402463228364556e-10, 1.8847768657249602e-10, 1.4744863231072552e-10, 1.1637324693358362e-10]
W_list: [7.4]
L_list: [4.581255259762555]
