C_final_list: [1.7168282246600419e-06, 1.655560718887215e-06, 1.5958659121230678e-06, 1.5378347964957545e-06, 1.482133813041045e-06, 1.4279613291350786e-06, 1.3760238969903737e-06, 1.3252258916723098e-06, 1.277032020158401e-06, 1.2298296982601266e-06, 1.1849388891708103e-06, 1.14112527798857e-06, 1.0988079708045478e-06, 1.058553543883109e-06, 1.0194199761804997e-06, 9.819401815674757e-07, 9.457163937007571e-07, 9.106714228684367e-07, 8.763523039005578e-07, 8.435711641121611e-07, 8.119396142543015e-07, 7.811763238886679e-07, 7.521018612859018e-07, 7.237004166528759e-07, 6.965446436409896e-07, 6.70187628990209e-07, 6.44935699293483e-07, 6.206000780580929e-07, 5.972153102531169e-07, 5.744633259276814e-07, 5.525936909525673e-07, 5.315121454122095e-07, 5.112760568927575e-07, 4.917986635550893e-07, 4.7296905457801527e-07, 4.5498842352647383e-07, 4.3765422497513305e-07, 4.211908468904548e-07, 4.053310818898152e-07, 3.899416854294705e-07, 3.7508487028905405e-07, 3.6071046038020215e-07, 3.469302398107157e-07, 3.335969121968814e-07, 3.2077433148450414e-07, 3.083889209293185e-07, 2.965235358829323e-07, 2.8495772198335106e-07, 2.740035907225052e-07, 2.634192578284279e-07]
ndim2: 500
W_list: [3.1999999999999997]
L_list: [26.34855610808494]
