R_list= [ 1  2  3  4  5  6  7  8  9 10 11 12 13 14 15 16 17 18 19 20 21 22 23 24
 25 26 27 28 29 30 31 32 33 34 35 36 37 38]
C_final_list= [3.532978372641929e-05, 2.3051134553796287e-05, 1.4966751555829305e-05, 9.694596192382906e-06, 6.273277973858726e-06, 4.057683054261438e-06, 2.6271049384179444e-06, 1.7024107442729875e-06, 1.1023052283700601e-06, 7.12770150720644e-07, 4.599615188969632e-07, 2.974313868384773e-07, 1.9204522361647165e-07, 1.2356863292530967e-07, 7.961344660631636e-08, 5.136103777008921e-08, 3.312269522505542e-08, 2.1403679594771254e-08, 1.3859081110030337e-08, 9.016899232739182e-09, 5.8177070082941016e-09, 3.7566153252364094e-09, 2.4150863519733492e-09, 1.5690831877363783e-09, 1.0176540076972338e-09, 6.542241434490371e-10, 4.188667920190506e-10, 2.6946276256830317e-10, 1.720331428260308e-10, 1.1108027446357407e-10, 7.170253091331256e-11, 4.658539586529592e-11, 3.0659568711685594e-11, 1.974038496653751e-11, 1.2755155810149081e-11, 8.203403924085795e-12, 5.175503612972963e-12, 3.3192495527706885e-12]
W_list: [8.2]
L_list: [2.318226233810459]
