R_list= [ 1  2  3  4  5  6  7  8  9 10 11 12 13 14 15 16 17 18 19 20 21 22 23 24
 25 26 27 28 29 30 31 32 33 34 35 36 37 38]
C_final_list= [2.930520628278997e-05, 2.190883583569279e-05, 1.625321279942149e-05, 1.2031105601390256e-05, 8.90995335409042e-06, 6.579576989591627e-06, 4.8558501858157355e-06, 3.5782724575278837e-06, 2.6396151962473406e-06, 1.949877693848156e-06, 1.4405703613548926e-06, 1.0623483951282606e-06, 7.83873722635597e-07, 5.783839087628781e-07, 4.2624092640785124e-07, 3.1449990160121983e-07, 2.3203869732782143e-07, 1.7096173714501423e-07, 1.2582390066985987e-07, 9.261355816680776e-08, 6.807271216719653e-08, 5.008721492108021e-08, 3.6766082603734254e-08, 2.701030882410242e-08, 1.991472332010929e-08, 1.4625337422830797e-08, 1.0750711642525766e-08, 7.942764105496201e-09, 5.851920584493133e-09, 4.298167264992702e-09, 3.1589044918125064e-09, 2.3271548138809886e-09, 1.7103068177901396e-09, 1.2423769393265619e-09, 9.084420517940694e-10, 6.573469314251607e-10, 4.812677953159451e-10, 3.570530434545574e-10]
W_list: [8.35]
L_list: [3.344589337506752]
