R_list= [ 1  2  3  4  5  6  7  8  9 10 11 12 13 14 15 16 17 18 19 20 21 22 23 24
 25 26 27 28 29 30 31 32 33 34 35 36 37 38]
C_final_list= [6.938747323490175e-07, 6.504752528064607e-07, 6.061182452401648e-07, 5.631266611264114e-07, 5.223263291472436e-07, 4.843773931733876e-07, 4.490333849093377e-07, 4.1607522736698666e-07, 3.8550734260724714e-07, 3.571448691753124e-07, 3.3051742734161713e-07, 3.057453646214214e-07, 2.8283368820851673e-07, 2.6141339850197147e-07, 2.4132167725244455e-07, 2.2277513532197874e-07, 2.0561370901633713e-07, 1.8970631763602413e-07, 1.7508026496632677e-07, 1.6161863925568023e-07, 1.4915089450379163e-07, 1.3762246567237817e-07, 1.268861620290945e-07, 1.1691712271974528e-07, 1.077077734187791e-07, 9.922606716864918e-08, 9.14335901832455e-08, 8.426952535117432e-08, 7.767231250167275e-08, 7.152570610188934e-08, 6.585767968063051e-08, 6.062307349595423e-08, 5.5784631805152645e-08, 5.130911992435291e-08, 4.719815067671835e-08, 4.341305725160305e-08, 3.991470659835563e-08, 3.667526533737342e-08]
W_list: [7.6]
L_list: [12.927508232322916]
