C_final_list: [1.8324583600686713e-06, 1.7768047979194807e-06, 1.721144504686962e-06, 1.6675377743491124e-06, 1.6160661833479881e-06, 1.5664604351915807e-06, 1.51776524049605e-06, 1.4697647280645433e-06, 1.4240880512068277e-06, 1.380353320818115e-06, 1.3377652928894077e-06, 1.2961055958959699e-06, 1.2559452189691413e-06, 1.2163256309383568e-06, 1.178281500959263e-06, 1.1415648169329846e-06, 1.1056596542110576e-06, 1.0705137604780295e-06, 1.0365458169480058e-06, 1.003429265132243e-06, 9.712572341800828e-07, 9.398487785025778e-07, 9.095667255088453e-07, 8.801665722972062e-07, 8.520467000478605e-07, 8.24629595781008e-07, 7.983754200169845e-07, 7.728784071407937e-07, 7.480804807806057e-07, 7.240204969294966e-07, 7.005617436905257e-07, 6.777572306711598e-07, 6.556780558696749e-07, 6.34056358612874e-07, 6.132946919746078e-07, 5.932745294283084e-07, 5.738147458220452e-07, 5.550310413423536e-07, 5.369577607376672e-07, 5.193980617333598e-07, 5.023422338773438e-07, 4.859994484595034e-07, 4.701269206589055e-07, 4.545788115816679e-07, 4.395279959067645e-07, 4.24948225995593e-07, 4.1076990294929114e-07, 3.9688946022733475e-07, 3.836198679519983e-07, 3.70875590905523e-07]
ndim2: 500
W_list: [3.05]
L_list: [30.974428244712563]
