R_list= [ 1  2  3  4  5  6  7  8  9 10 11 12 13 14 15 16 17 18 19 20 21 22 23 24
 25 26 27 28 29 30 31 32 33 34 35 36 37 38]
C_final_list= [1.6506553103388634e-07, 1.4226103342374577e-07, 1.2108507027842224e-07, 1.0220940133639171e-07, 8.593552870907114e-08, 7.200070373267404e-08, 6.019779149652881e-08, 5.019713555000731e-08, 4.181533723583972e-08, 3.473290599142897e-08, 2.8835663983602752e-08, 2.3946018753925736e-08, 1.9902505822495836e-08, 1.6514389046099824e-08, 1.371555726743901e-08, 1.1362016555637207e-08, 9.400969731347099e-09, 7.781228030821367e-09, 6.430216539547888e-09, 5.3076179388445745e-09, 4.3615731408726964e-09, 3.583063839876343e-09, 2.943203067284808e-09, 2.416996683766853e-09, 1.9876781869466533e-09, 1.636764702630875e-09, 1.3441840588297802e-09, 1.10436837693129e-09, 9.077681352819448e-10, 7.464637903539917e-10, 6.155346149900033e-10, 5.063942472559907e-10, 4.1732062512035023e-10, 3.452269443647355e-10, 2.8462259536289595e-10, 2.34381736700733e-10, 1.932780136711541e-10, 1.5936957024362515e-10]
W_list: [9.2]
L_list: [5.748078218590543]
