C_final_list: [1.218419724106106e-06, 1.1834376787467917e-06, 1.1476858702377838e-06, 1.112371439664012e-06, 1.0778806166308833e-06, 1.0440391200790097e-06, 1.0111730504389854e-06, 9.792838224455375e-07, 9.485036684171065e-07, 9.187397228684086e-07, 8.901523065984957e-07, 8.623244725714178e-07, 8.355222436088165e-07, 8.092826504199765e-07, 7.837740595912032e-07, 7.592218169891173e-07, 7.352917992224652e-07, 7.122172384769223e-07, 6.89748819810811e-07, 6.677856344512708e-07, 6.46468843736121e-07, 6.255986333631626e-07, 6.054108604597532e-07, 5.857176096522324e-07, 5.66643434641964e-07, 5.481620660930643e-07, 5.304127381890625e-07, 5.131375458604842e-07, 4.962807355958049e-07, 4.799280090408716e-07, 4.6422385397345596e-07, 4.491005642544539e-07, 4.3456692515763243e-07, 4.2036491133113923e-07, 4.065817919012299e-07, 3.9314562574348217e-07, 3.801083416963719e-07, 3.6752091651209154e-07, 3.5528200660622186e-07, 3.4340657001807936e-07, 3.318364600728181e-07, 3.205431450491457e-07, 3.096298522088855e-07, 2.992227073975654e-07, 2.89097018283465e-07, 2.7934382176168125e-07, 2.698732665885261e-07, 2.6075313914420117e-07, 2.520070622147552e-07, 2.435280045028944e-07]
ndim2: 500
W_list: [3.6]
L_list: [30.784409774877382]
