C_final_list: [1.5321390815511969e-06, 1.5034023603096045e-06, 1.4748570012693665e-06, 1.4470240911362682e-06, 1.4200328961249213e-06, 1.3933040987929132e-06, 1.3671408314952515e-06, 1.3415257976769905e-06, 1.31682613881569e-06, 1.2920768777797696e-06, 1.267861785622453e-06, 1.2441717333826426e-06, 1.221051340659409e-06, 1.198326915801454e-06, 1.176116235740709e-06, 1.1542683831654712e-06, 1.1328982644048475e-06, 1.1119404486668816e-06, 1.091492686295626e-06, 1.0712554475046636e-06, 1.0513800174865987e-06, 1.031697297315072e-06, 1.0123936191723008e-06, 9.934345853534364e-07, 9.747454820529031e-07, 9.563840457404378e-07, 9.382754864185158e-07, 9.203294987113876e-07, 9.026482465648588e-07, 8.853620603039671e-07, 8.683954930100826e-07, 8.517247521583725e-07, 8.354142119442032e-07, 8.19271726203249e-07, 8.035273197013807e-07, 7.88030355555671e-07, 7.727264967230629e-07, 7.578747992151655e-07, 7.43309603665767e-07, 7.290575459191334e-07, 7.149386818600012e-07, 7.010138638544404e-07, 6.874406589499656e-07, 6.739774397294183e-07, 6.608595197750889e-07, 6.477238285587391e-07, 6.349789065891875e-07, 6.22457802678104e-07, 6.101550336262385e-07, 5.980402793192564e-07]
ndim2: 500
W_list: [3.2]
L_list: [52.49452480842013]
