R_list= [ 1  2  3  4  5  6  7  8  9 10 11 12 13 14 15 16 17 18 19 20 21 22 23 24
 25 26 27 28 29 30 31 32 33 34 35 36 37 38]
C_final_list= [3.029412065753157e-06, 2.275660518486115e-06, 1.6005598260275444e-06, 1.1050795264405519e-06, 7.657479416370595e-07, 5.365796146742617e-07, 3.7925010461893885e-07, 2.6944615566645277e-07, 1.916229577807031e-07, 1.360273840429736e-07, 9.64502724185645e-08, 6.827598569914558e-08, 4.7938315329835106e-08, 3.343201381382032e-08, 2.325411064868106e-08, 1.6184247188029016e-08, 1.1233320348624972e-08, 7.760408821447391e-09, 5.355548024479328e-09, 3.707323966093334e-09, 2.570259788028433e-09, 1.7832221769710993e-09, 1.2419078922709588e-09, 8.70182962342068e-10, 6.088652817610093e-10, 4.230081057856474e-10, 2.9267918588378485e-10, 2.023758596237487e-10, 1.3937250122241671e-10, 9.653880663458601e-11, 6.727043652923124e-11, 4.76038934565832e-11, 3.378251626120405e-11, 2.4139115691187893e-11, 1.742738486635155e-11, 1.2726887497568948e-11, 9.250975658070727e-12, 6.629235517383596e-12]
W_list: [4]
L_list: [2.9363052762027864]
