R_list= [ 1  2  3  4  5  6  7  8  9 10 11 12 13 14 15 16 17 18 19 20 21 22 23 24
 25 26 27 28 29 30 31 32 33 34 35 36 37 38]
C_final_list= [6.065405987856784e-07, 5.028724856629991e-07, 4.159887600645001e-07, 3.426072160919014e-07, 2.8178818336528016e-07, 2.319370984201926e-07, 1.9101390711488202e-07, 1.5706362707346159e-07, 1.2864987284383083e-07, 1.0535757196688265e-07, 8.624705700875806e-08, 7.038575989317547e-08, 5.743099038894009e-08, 4.684244807368103e-08, 3.8238070933643115e-08, 3.105373335635521e-08, 2.5191865570050263e-08, 2.0408914524839332e-08, 1.649946174000417e-08, 1.3358263715964734e-08, 1.0847188141142648e-08, 8.835606283165049e-09, 7.198546521998128e-09, 5.861039179910296e-09, 4.780291327139973e-09, 3.871860560910022e-09, 3.1303424834226596e-09, 2.54484554452797e-09, 2.0558982734667237e-09, 1.6615555792977904e-09, 1.3397528300049718e-09, 1.0812941133296772e-09, 8.69757287056332e-10, 6.971438283932818e-10, 5.595419213172328e-10, 4.4818567099487843e-10, 3.607365308677846e-10, 2.894814622447073e-10]
W_list: [7]
L_list: [5.135007158471365]
