C_final_list: [1.9178074066040442e-06, 1.6406141930143237e-06, 1.4004725796932712e-06, 1.2017103925178928e-06, 1.0240513625763206e-06, 8.726601286633232e-07, 7.427713969294972e-07, 6.300421997123079e-07, 5.336163287906784e-07, 4.5376877566418074e-07, 3.8471461961432884e-07, 3.2644898428737735e-07, 2.7709075529361697e-07, 2.3353024240380753e-07, 1.9742459578941144e-07, 1.6672553331206749e-07, 1.4021503024180363e-07, 1.1804140195916898e-07, 9.906233142637263e-08, 8.296904162592391e-08, 6.947941459801647e-08, 5.835243242066776e-08, 4.903219441218271e-08, 4.1250946547137365e-08, 3.472278462751141e-08, 2.9240791921727234e-08, 2.4527776075382082e-08, 2.0683098632020607e-08, 1.7443710106940193e-08, 1.4702869117117994e-08, 1.2427861864243516e-08, 1.0521609588166402e-08, 8.912444124327569e-09, 7.580003081288218e-09, 6.395697745496996e-09, 5.43219532834371e-09, 4.608515231864758e-09, 3.916494523168303e-09, 3.3296865700592515e-09, 2.818313448519026e-09, 2.385660783774202e-09, 2.032621627121479e-09, 1.7234390571372813e-09, 1.468037633497526e-09, 1.2487182148920004e-09, 1.0649779996502965e-09, 9.057105480637628e-10, 7.728999306552595e-10, 6.567819321901471e-10, 5.600102509545739e-10]
ndim2: 500
W_list: [3.4000000000000004]
L_list: [6.208003356324965]
