C_final_list: [2.045109521762843e-06, 1.8487048929014353e-06, 1.655995519375376e-06, 1.4837554960198684e-06, 1.3325335562210927e-06, 1.1952758715553235e-06, 1.0725305455776835e-06, 9.607910539241257e-07, 8.61383080169132e-07, 7.72371134291655e-07, 6.907083132441648e-07, 6.193765325975136e-07, 5.540825706734244e-07, 4.96188988504702e-07, 4.450009029850119e-07, 3.979704646759561e-07, 3.56551029695082e-07, 3.1900181618085605e-07, 2.847468928983608e-07, 2.5346081868975386e-07, 2.2596280114731077e-07, 2.0158454305549008e-07, 1.796543797985514e-07, 1.6037415016345205e-07, 1.4303615410081245e-07, 1.2755841962735966e-07, 1.1356387832033513e-07, 1.0103064778404886e-07, 8.992400528187645e-08, 8.006987175574652e-08, 7.115171752558535e-08, 6.326319097468848e-08, 5.6005907240096305e-08, 4.960045938154109e-08, 4.391987376882437e-08]
ndim2: 500
W_list: [2.2]
L_list: [9.118269771317749]
