C_final_list: [1.7631255455166765e-06, 1.6325664502611457e-06, 1.5087970996163848e-06, 1.3919765618683271e-06, 1.286634089657292e-06, 1.1898891811206932e-06, 1.1000178039525647e-06, 1.0181027842035378e-06, 9.415364329798124e-07, 8.711589619605735e-07, 8.057513154130779e-07, 7.460012858996023e-07, 6.888894906606294e-07, 6.365715865163462e-07, 5.886559998277414e-07, 5.437917261719485e-07, 5.026907774296231e-07, 4.6435708681361604e-07, 4.288164725200668e-07, 3.9569572708082694e-07, 3.651525017387573e-07, 3.3686278704372713e-07, 3.1087310166154263e-07, 2.867842580244265e-07, 2.6434098705551086e-07, 2.44099291500043e-07, 2.2515385794765423e-07, 2.075915061844437e-07, 1.9141156677204553e-07, 1.7652220159321705e-07, 1.6253002417151215e-07, 1.4978292519730482e-07, 1.3791072790423172e-07, 1.2687874305483466e-07, 1.166563573275717e-07]
ndim2: 500
W_list: [2.8]
L_list: [12.687823205266708]
