R_list= [ 1  2  3  4  5  6  7  8  9 10 11 12 13 14 15 16 17 18 19 20 21 22 23 24
 25 26 27 28 29 30 31 32 33 34 35 36 37 38]
C_final_list= [5.743859904005924e-07, 4.7351161983268845e-07, 3.8924916327141345e-07, 3.196997770614331e-07, 2.626755773807655e-07, 2.1545016977669178e-07, 1.7664002623789695e-07, 1.4492973287894793e-07, 1.1912037259452029e-07, 9.767537100760968e-08, 7.979577366285343e-08, 6.495303734083985e-08, 5.2795433399792497e-08, 4.305690684564038e-08, 3.5149880342701274e-08, 2.8741727508892547e-08, 2.3454983409023126e-08, 1.912514468699221e-08, 1.5553798239325305e-08, 1.264418969272222e-08, 1.0282468971329389e-08, 8.32031633712357e-09, 6.7184414676645415e-09, 5.4344218266812265e-09, 4.369987674320759e-09, 3.5141418929461253e-09, 2.825851689511515e-09, 2.2757243534910883e-09, 1.837493097631178e-09, 1.4841656139476472e-09, 1.1936980061835406e-09, 9.604979290712315e-10, 7.695630542116215e-10, 6.184906136448602e-10, 4.936457025823827e-10, 3.983566568791964e-10, 3.2043485681025165e-10, 2.596794837973967e-10]
W_list: [7]
L_list: [5.063013467179645]
