C_final_list: [1.8522463948508882e-06, 1.7351477250468053e-06, 1.622080947925265e-06, 1.5145440505172176e-06, 1.4138823281844418e-06, 1.319756517840963e-06, 1.2323984659290017e-06, 1.1524582959892385e-06, 1.0775269087799306e-06, 1.007471872374674e-06, 9.423003621834137e-07, 8.810020938174309e-07, 8.224800472932889e-07, 7.688340399151806e-07, 7.172624498530505e-07, 6.699369539292565e-07, 6.254152620842814e-07, 5.836912148704484e-07, 5.444109126614617e-07, 5.074596483284006e-07, 4.7271602017273927e-07, 4.404741562328715e-07, 4.1027792513669765e-07, 3.8224487423742425e-07, 3.563793440218307e-07, 3.32035783014036e-07, 3.088806584820234e-07, 2.875629523661212e-07, 2.6755756526807153e-07, 2.491319418525105e-07, 2.3221800295645222e-07, 2.1590622643730006e-07, 2.0083457756432534e-07, 1.868187319016077e-07, 1.7361302299163993e-07]
ndim2: 500
W_list: [3.0]
L_list: [14.587904654438345]
