R_list= [ 1  2  3  4  5  6  7  8  9 10 11 12 13 14 15 16 17 18 19 20 21 22 23 24
 25 26 27 28 29 30 31 32 33 34 35 36 37 38]
C_final_list= [6.374567991276433e-06, 5.450668900444258e-06, 4.619304276198436e-06, 3.898516500754621e-06, 3.285309264303151e-06, 2.76387850396935e-06, 2.3224584529628836e-06, 1.9501734209693497e-06, 1.6361751419261664e-06, 1.3716906464280312e-06, 1.1495108901664526e-06, 9.633709300039457e-07, 8.068174504971525e-07, 6.759535139658192e-07, 5.660817745956962e-07, 4.7483285099143643e-07, 3.981111409623929e-07, 3.3320889416192116e-07, 2.786900274760156e-07, 2.3305797137064973e-07, 1.9486283549209417e-07, 1.630540035796681e-07, 1.365224406115495e-07, 1.1422710030037506e-07, 9.554370213245773e-08, 7.991558734560563e-08, 6.674633736122465e-08, 5.574781057524451e-08, 4.6554452595188505e-08, 3.8895419789637554e-08, 3.244775051659354e-08, 2.707899335806868e-08, 2.258441214059679e-08, 1.883327167392975e-08, 1.5722267939004694e-08, 1.3157076763275311e-08, 1.1047296837129059e-08, 9.278270403449317e-09]
W_list: [8.2]
L_list: [5.83990275160775]
