R_list= [ 1  2  3  4  5  6  7  8  9 10 11 12 13 14 15 16 17 18 19 20 21 22 23 24
 25 26 27 28 29 30 31 32 33 34 35 36 37 38]
C_final_list= [2.2191510449475858e-07, 1.3550400769701687e-07, 6.955341810086436e-08, 3.215524365863473e-08, 1.3923919143929003e-08, 5.788173178813177e-09, 2.3461422574795733e-09, 9.354153064048295e-10, 3.6826816888024444e-10, 1.4366156053344652e-10, 5.561536268473963e-11, 2.1408788359577808e-11, 8.23929352568046e-12, 3.1880769788314907e-12, 1.2439471762882124e-12, 4.889691998317151e-13, 1.940172633561508e-13, 7.868386405012187e-14, 3.2931168722303186e-14, 1.4252664127796394e-14, 6.306055225352343e-15, 2.8170286262898008e-15, 1.2684223753036051e-15, 5.740321650920468e-16, 2.59380275610248e-16, 1.157440520251137e-16, 5.126388393160288e-17, 2.2551247682956018e-17, 9.852427344169504e-18, 4.33002483055517e-18, 1.9151867113687488e-18, 8.334385341584426e-19, 3.6434989580671744e-19, 1.64009196943513e-19, 7.754724831627443e-20, 3.916304167767118e-20, 2.1472603055046858e-20, 1.2742786459626054e-20]
W_list: [4]
L_list: [1.6603361746277283]
