R_list= [ 1  2  3  4  5  6  7  8  9 10 11 12 13 14 15 16 17 18 19 20 21 22 23 24
 25 26 27 28 29 30 31 32 33 34 35 36 37 38]
C_final_list= [3.341488369994407e-05, 2.128600305199214e-05, 1.3537295300510432e-05, 8.574473064078454e-06, 5.432783401913091e-06, 3.4293198414237534e-06, 2.1489792349346576e-06, 1.3493358568928822e-06, 8.504568818847588e-07, 5.342228872435062e-07, 3.354575870009072e-07, 2.1117376022679118e-07, 1.3242856129724816e-07, 8.324502123688433e-08, 5.2268262226847724e-08, 3.274156294666981e-08, 2.0629388069178382e-08, 1.2976629125397858e-08, 8.210111582584274e-09, 5.181438943342821e-09, 3.312166640859858e-09, 2.1021721765075733e-09, 1.3440434979460722e-09, 8.6238186399698e-10, 5.522021601560567e-10, 3.4399762886826487e-10, 2.1464031763138062e-10, 1.3396232121948197e-10, 8.349769753678378e-11, 5.1371950889520886e-11, 3.213710437440642e-11, 2.0439826344045525e-11, 1.2861622073878928e-11, 8.25168039603567e-12, 5.3833594012591505e-12, 3.4722431425418992e-12, 2.159051451349089e-12, 1.2880320986523268e-12]
W_list: [8.45]
L_list: [2.2027613553511967]
