R_list= [ 1  2  3  4  5  6  7  8  9 10 11 12 13 14 15 16 17 18 19 20 21 22 23 24
 25 26 27 28 29 30 31 32 33 34 35 36 37 38]
C_final_list= [5.895424332649855e-07, 5.159398950575192e-07, 4.485587255470296e-07, 3.8785808298611725e-07, 3.348155613613913e-07, 2.888449661335452e-07, 2.492957773787818e-07, 2.1507680806045256e-07, 1.8547722749744055e-07, 1.6004084621035703e-07, 1.3829598157860187e-07, 1.1958217591345758e-07, 1.0325360087516552e-07, 8.906895079085987e-08, 7.679863551080651e-08, 6.626336394582289e-08, 5.7158759607500495e-08, 4.930708413472808e-08, 4.240726841844533e-08, 3.638212108416869e-08, 3.1191467883159416e-08, 2.6729418949619078e-08, 2.2916985354522733e-08, 1.9649071131301666e-08, 1.685488432925078e-08, 1.4463554005847278e-08, 1.2421142874438174e-08, 1.0663783743849234e-08, 9.12611350937813e-09, 7.815512184091532e-09, 6.675706029360789e-09, 5.717994554289616e-09, 4.9021759520756556e-09, 4.1978332321806084e-09, 3.5952272793516357e-09, 3.070034859580866e-09, 2.619055648331927e-09, 2.233944920636397e-09]
W_list: [7]
L_list: [6.863515017599418]
