R_list= [ 1  2  3  4  5  6  7  8  9 10 11 12 13 14 15 16 17 18 19 20 21 22 23 24
 25 26 27 28 29 30]
C_final_list= [1.6463600762154324e-07, 1.1175044511539683e-07, 7.28222503547863e-08, 4.703293282579468e-08, 3.024100841597637e-08, 1.9425348572322694e-08, 1.2437103777140352e-08, 7.931119970916932e-09, 5.061826366327715e-09, 3.217164419239419e-09, 2.0336570423182587e-09, 1.2817824992387838e-09, 8.060772931099424e-10, 5.017539275058184e-10, 3.1038283384346603e-10, 1.9146868262672876e-10, 1.1755549150873083e-10, 7.18963775427524e-11, 4.3870347796715557e-11, 2.711710926574635e-11, 1.7043851448163445e-11, 1.091790008191984e-11, 7.206696414511686e-12, 4.804170575815787e-12, 3.242312299484813e-12, 2.1579139220362877e-12, 1.4081244744885173e-12, 8.997966806973375e-13, 5.736630978997225e-13, 3.5308291797863516e-13]
W_list: [6]
L_list: [2.381862613099492]
