C_list:
1.945419558607363e-06 0.21413082759401814
ndim2: 500
W_list: [3.2]
L_list: [4.670042194466051]
