C_final_list: [1.4254003143826228e-06, 1.395100469028154e-06, 1.3650222055472462e-06, 1.3358283172717999e-06, 1.307239870929832e-06, 1.2794213374404408e-06, 1.2517792943308268e-06, 1.2249091678423254e-06, 1.1985802801361746e-06, 1.1726919797715005e-06, 1.1473301361941815e-06, 1.1223462950349553e-06, 1.0979833557416082e-06, 1.0739218561502343e-06, 1.0503530700241793e-06, 1.0269675749919251e-06, 1.004332251341403e-06, 9.819859128961367e-07, 9.60107595621006e-07, 9.389615657685138e-07, 9.18363000226061e-07, 8.982099162987754e-07, 8.783559171220844e-07, 8.588312754672569e-07, 8.396933481399656e-07, 8.212646116691461e-07, 8.031340071711086e-07, 7.855630044876105e-07, 7.684864695136995e-07, 7.5150700540949e-07, 7.348106996551187e-07, 7.184537251978328e-07, 7.025251156713606e-07, 6.870432225400639e-07, 6.719095640730331e-07]
ndim2: 500
W_list: [3.2]
L_list: [45.20568474971356]
