R_list= [ 1  2  3  4  5  6  7  8  9 10 11 12 13 14 15 16 17 18 19 20 21 22 23 24
 25 26 27 28 29 30 31 32]
C_final_list= [7.572343000440862e-08, 2.908342439468631e-08, 8.619913997433877e-09, 2.2243513838333097e-09, 5.349752773629336e-10, 1.2443316071532087e-10, 2.87088867834676e-11, 6.58561227421978e-12, 1.4934694362325367e-12, 3.279665097391532e-13, 7.198759144859718e-14, 1.5950499273383996e-14, 3.4435798360111507e-15, 7.184585733806562e-16, 1.5192550293275128e-16, 3.286081404337291e-17, 7.096697970249679e-18, 1.5655261267918617e-18, 3.58064041221004e-19, 8.288171335344768e-20, 1.8652673563016717e-20, 4.21765326422648e-21, 1.1463718594045242e-21, 6.082779402683329e-22, 5.469453487208221e-22, 2.844485607452045e-22, 7.782617833425598e-23, 2.7782239705771814e-23, 1.325404790303455e-23, 9.682138676260117e-24, 8.16663987551846e-24, 7.45260819848825e-24]
W_list: [6]
L_list: [0.9811373059836124]
