R_list= [ 1  2  3  4  5  6  7  8  9 10 11 12 13 14 15 16 17 18 19 20 21 22 23 24
 25 26 27 28 29 30 31 32 33 34 35 36 37 38]
C_final_list= [2.2267748467707733e-06, 1.946232797466511e-06, 1.6845277405926363e-06, 1.4510734563930737e-06, 1.2466135272340935e-06, 1.0702655695124144e-06, 9.177713640145395e-07, 7.868549040555021e-07, 6.738335276240175e-07, 5.769469441716824e-07, 4.931777795926445e-07, 4.215263122604509e-07, 3.6007719400056854e-07, 3.0776788172498566e-07, 2.6294085859017713e-07, 2.2456413763094687e-07, 1.916179694598564e-07, 1.63331231992397e-07, 1.3913223100408698e-07, 1.1857128753232444e-07, 1.009685877686121e-07, 8.594129020157089e-08, 7.315749058528217e-08, 6.226999966754038e-08, 5.297885726124964e-08, 4.512478609191498e-08, 3.845239412975889e-08, 3.278873425962844e-08, 2.7952448825496326e-08, 2.382001817852848e-08, 2.02935443122359e-08, 1.7299944828715798e-08, 1.4728040586545774e-08, 1.2534931878212004e-08, 1.0671300523547026e-08, 9.075294549171965e-09, 7.720591312084289e-09, 6.568653902816741e-09]
W_list: [8.35]
L_list: [6.592701504393732]
