C_final_list: [2.0968698351583195e-06, 2.079908502871621e-06, 2.062856421582396e-06, 2.0465542344236963e-06, 2.0307100816339774e-06, 2.015151135435552e-06, 1.9999043444636444e-06, 1.984877772581584e-06, 1.9700824206683214e-06, 1.9555309726147793e-06, 1.9411552657949493e-06, 1.926955704371883e-06, 1.9127359647432684e-06, 1.8987901764196177e-06, 1.8850441826650936e-06, 1.871504448329469e-06, 1.8579045209619456e-06, 1.8444265034332935e-06, 1.8310544103986806e-06, 1.817647093914231e-06, 1.804441496985105e-06, 1.7913673267296125e-06, 1.7783442457272604e-06, 1.7653347523009044e-06, 1.7525413057122564e-06, 1.7398132588640686e-06, 1.7272377531320433e-06, 1.7148182610366381e-06, 1.70250689058878e-06, 1.6903190741138727e-06, 1.6783262828089155e-06, 1.6665087225438889e-06, 1.6548756759714216e-06, 1.6432291610741904e-06, 1.6317261638798054e-06]
ndim2: 500
W_list: [2.0]
L_list: [136.06221481546908]
