C_final_list: [1.8027328226974842e-06, 1.7506547494964603e-06, 1.698879717712799e-06, 1.6492962781136478e-06, 1.601862941563443e-06, 1.5555556101728478e-06, 1.5111099085834996e-06, 1.4672868340182796e-06, 1.42476340794279e-06, 1.3827591297947085e-06, 1.3422789945664453e-06, 1.3030814697508948e-06, 1.2651032689456146e-06, 1.2283103148444104e-06, 1.1929066261182892e-06, 1.158291323899115e-06, 1.1247824332803047e-06, 1.0916320105795752e-06, 1.0596858200713314e-06, 1.0288423723933811e-06, 9.98900508107095e-07, 9.695388970433123e-07, 9.409280739583592e-07, 9.131801648521229e-07, 8.863240619909731e-07, 8.6005835475457e-07, 8.343350171607549e-07, 8.096418797203333e-07, 7.854522940160254e-07, 7.616409007280436e-07, 7.384700981045056e-07, 7.161580221662185e-07, 6.943390720209127e-07, 6.733615764084445e-07, 6.527757571048922e-07, 6.327937130588553e-07, 6.133446125900233e-07, 5.94446480634227e-07, 5.760323734277095e-07, 5.58383583499905e-07, 5.413695667146846e-07, 5.249250379489092e-07, 5.089213122555552e-07, 4.935153576708661e-07, 4.785838901981597e-07, 4.6406518260607515e-07, 4.499762738855431e-07, 4.363824364332978e-07, 4.231698398453049e-07, 4.1044734457966125e-07]
ndim2: 500
W_list: [2.9499999999999997]
L_list: [33.37965687782161]
