C_final_list: [1.871358516049138e-06, 1.846038076708795e-06, 1.8284541899593625e-06, 1.8078326314061211e-06, 1.7878550852309665e-06, 1.7690131015695675e-06, 1.7500665830078242e-06, 1.7314829485998343e-06, 1.7131716862615483e-06, 1.695033560100779e-06, 1.6772516735866317e-06, 1.6596184456457928e-06, 1.6421627727231677e-06, 1.6249725561352403e-06, 1.6083358834051566e-06, 1.5917608622140936e-06, 1.5753268272293037e-06, 1.5590931591868562e-06, 1.5429654773464194e-06, 1.5269717899336224e-06, 1.511232723694693e-06, 1.49565492718352e-06, 1.4800550018679982e-06, 1.4644503406847185e-06, 1.4489776676510903e-06, 1.4336013336645499e-06, 1.4184177248902996e-06, 1.4033897327800835e-06, 1.388733843746727e-06, 1.3741120182701507e-06, 1.359657540144173e-06, 1.3453407219618551e-06, 1.3312762534714033e-06, 1.3170535937888415e-06, 1.3029474190858222e-06]
ndim2: 500
W_list: [1.2]
L_list: [94.774507288682]
