R_list= [ 1  2  3  4  5  6  7  8  9 10 11 12 13 14 15 16 17 18 19 20 21 22 23 24
 25 26 27 28 29 30 31 32 33 34 35 36 37 38]
C_final_list= [3.6099056380405347e-07, 3.152770811061135e-07, 2.7293768795471856e-07, 2.352255964896946e-07, 2.0237011634240137e-07, 1.739354736303017e-07, 1.4918963870938407e-07, 1.2759190301975902e-07, 1.0899446507001481e-07, 9.2918018469586e-08, 7.912852979617297e-08, 6.743674539447462e-08, 5.739192121777779e-08, 4.8859704840046196e-08, 4.15036258491169e-08, 3.524059789788387e-08, 2.991963648513157e-08, 2.5340055987408774e-08, 2.1451929488774042e-08, 1.8154744033164848e-08, 1.537273042342022e-08, 1.3036008561935858e-08, 1.1048536058957885e-08, 9.367716722212212e-09, 7.945715533954883e-09, 6.736853923455528e-09, 5.720060598177084e-09, 4.860079601317587e-09, 4.123931161795736e-09, 3.490991807857018e-09, 2.9487219733558796e-09, 2.487504668840412e-09, 2.1013626806590357e-09, 1.7708699395417135e-09, 1.4955115932777406e-09, 1.2632953625651758e-09, 1.0712329420203788e-09, 9.099511202598956e-10]
W_list: [7.6000000000000005]
L_list: [6.544874735352713]
