R_list= [ 1  2  3  4  5  6  7  8  9 10 11 12 13 14 15 16 17 18 19 20 21 22 23 24
 25 26 27 28 29 30 31 32 33 34 35 36 37 38]
C_final_list= [4.383296672381369e-06, 3.7165700822630315e-06, 3.1327464946712545e-06, 2.6331863243596476e-06, 2.2100830063543285e-06, 1.85549747244761e-06, 1.556743353275409e-06, 1.30783208753881e-06, 1.1010657772478433e-06, 9.249294296496246e-07, 7.749214412933096e-07, 6.48435083378317e-07, 5.423091830932246e-07, 4.5291428289718256e-07, 3.7804961067478434e-07, 3.154944311667509e-07, 2.6321364707589164e-07, 2.1997944048870148e-07, 1.836231626919819e-07, 1.531784679539164e-07, 1.2779333026629905e-07, 1.0655492811502608e-07, 8.876316201569763e-08, 7.415920537730157e-08, 6.195138461290525e-08, 5.179463478197233e-08, 4.322692882443259e-08, 3.595644487261882e-08, 2.988998620390487e-08, 2.4887750927034445e-08, 2.067637018488388e-08, 1.714307515679089e-08, 1.4216155262989603e-08, 1.1792750659418403e-08, 9.769940526481516e-09, 8.098942045456404e-09, 6.689723986122945e-09, 5.534289365425192e-09]
W_list: [7.6]
L_list: [5.750758526393356]
