C_final_list: [1.865711133799122e-06, 1.5940174061604225e-06, 1.3569859939333873e-06, 1.1575340312973251e-06, 9.877112583437165e-07, 8.3932442911467e-07, 7.153877448754842e-07, 6.100510611289123e-07, 5.219674776351885e-07, 4.463800888479702e-07, 3.8251139849927276e-07, 3.2844823066332097e-07, 2.807596613749736e-07, 2.3904284354995413e-07, 2.0321148272476703e-07, 1.73487694492726e-07, 1.4795122781661195e-07, 1.258389501192394e-07, 1.0721207102822146e-07, 9.131317019797624e-08, 7.753341900225942e-08, 6.572532530567875e-08, 5.563103605076271e-08, 4.7153903283854484e-08, 3.9728494478756093e-08, 3.354019204101523e-08, 2.8425203861338066e-08, 2.409825679009129e-08, 2.0367031353621998e-08, 1.7223603744042097e-08, 1.4521848208203654e-08, 1.2225413808772548e-08, 1.0331059412925254e-08, 8.728676512330048e-09, 7.3848211836582576e-09, 6.198650302592183e-09, 5.2083312060838455e-09, 4.389246893142189e-09, 3.6968426624955593e-09, 3.113353166434557e-09, 2.6331527858073527e-09, 2.228746986450851e-09, 1.8892646857921613e-09, 1.6041070944398318e-09, 1.364679194813361e-09, 1.1528082080814728e-09, 9.757656691393812e-10, 8.234979274778177e-10, 6.968934989108577e-10, 5.899512078991722e-10]
ndim2: 500
W_list: [3.3499999999999996]
L_list: [6.291036611132315]
