C_final_list: [2.2543473370970736e-06, 2.0864131445541606e-06, 1.9250599451149884e-06, 1.7763151680970776e-06, 1.6404864985503018e-06, 1.5160430612475187e-06, 1.4012839921458461e-06, 1.2969148791649562e-06, 1.1968561116619034e-06, 1.104665776761215e-06, 1.0208661978595023e-06, 9.432665045378278e-07, 8.710449767744383e-07, 8.047462310054765e-07, 7.42732116381451e-07, 6.833251603493326e-07, 6.286968733574963e-07, 5.781821245663261e-07, 5.326935224068572e-07, 4.894571582542587e-07, 4.4984582137625765e-07, 4.134673651031482e-07, 3.8010957187879744e-07, 3.489992827943591e-07, 3.2039486530406237e-07, 2.938915542560038e-07, 2.6973803440514464e-07, 2.4777811543072976e-07, 2.268428463752225e-07, 2.0814340211588095e-07, 1.9078099465734458e-07, 1.7467537213961347e-07, 1.5991598550586042e-07, 1.4658435488973376e-07, 1.3449321831178664e-07]
ndim2: 500
W_list: [2.0]
L_list: [12.404336122050474]
