R_list= [ 1  2  3  4  5  6  7  8  9 10 11 12 13 14 15 16 17 18 19 20 21 22 23 24
 25 26 27 28 29 30 31 32 33 34 35 36 37 38]
C_final_list= [2.5050076684382002e-06, 2.2150701664767146e-06, 1.9397677110538653e-06, 1.691961492338889e-06, 1.472555612782009e-06, 1.280632580357288e-06, 1.1123769865286103e-06, 9.658982991292869e-07, 8.381603206331315e-07, 7.262494214106988e-07, 6.288281721785075e-07, 5.439335355738616e-07, 4.7011428838450485e-07, 4.058462291283618e-07, 3.502230341842813e-07, 3.0250343750903704e-07, 2.615129934877452e-07, 2.261109905124144e-07, 1.9547912186129146e-07, 1.6888544109933826e-07, 1.459457221893417e-07, 1.26083103517334e-07, 1.0887771528552488e-07, 9.393152559079671e-08, 8.105104346025066e-08, 6.994874875831088e-08, 6.045061896522523e-08, 5.222732500028793e-08, 4.513316939096659e-08, 3.8975714876213734e-08, 3.36750823341367e-08, 2.9113592383642918e-08, 2.517547005789508e-08, 2.1729634489213063e-08, 1.8756780058217034e-08, 1.6198106912008704e-08, 1.3990520121179516e-08, 1.2088251720180882e-08]
W_list: [8.15]
L_list: [7.155059110552532]
