R_list= [ 1  2  3  4  5  6  7  8  9 10 11 12 13 14 15 16 17 18 19 20 21 22 23 24
 25 26 27 28 29 30 31 32 33 34 35 36 37 38]
C_final_list= [5.66305087806953e-07, 4.628805640001012e-07, 3.79308904945286e-07, 3.110775112493831e-07, 2.549747011350806e-07, 2.0900196608114458e-07, 1.7049823527729387e-07, 1.3916179368072814e-07, 1.1339526627820735e-07, 9.22730758359776e-08, 7.514509502224538e-08, 6.104055331000288e-08, 4.967204569504263e-08, 4.04876337266512e-08, 3.2968773835586885e-08, 2.66900266713617e-08, 2.156230854704849e-08, 1.7433296147858577e-08, 1.4083541301264137e-08, 1.137335371903367e-08, 9.162252057209607e-09, 7.361446477372762e-09, 5.902223931367773e-09, 4.7405202807918e-09, 3.821530264006054e-09, 3.0731191417166063e-09, 2.462668214283811e-09, 1.9838215516277363e-09, 1.6005925044572984e-09, 1.2890795279054247e-09, 1.035449538397219e-09, 8.349251262754773e-10, 6.713300683537515e-10, 5.391012683358378e-10, 4.3543958429013615e-10, 3.524847835627831e-10, 2.8490633001301195e-10, 2.284450203357961e-10]
W_list: [7]
L_list: [4.967366181452148]
