R_list= [ 1  2  3  4  5  6  7  8  9 10 11 12 13 14 15 16 17 18 19 20 21 22 23 24
 25 26 27 28 29 30 31 32 33 34 35 36 37 38]
C_final_list= [2.468181484070086e-06, 2.1811527463183093e-06, 1.9110326080834125e-06, 1.6661695411790644e-06, 1.4509818417391333e-06, 1.2626016373584545e-06, 1.0975537969263762e-06, 9.53871923228834e-07, 8.291196410610417e-07, 7.204613662021267e-07, 6.262939672380021e-07, 5.444331183200669e-07, 4.728354324663604e-07, 4.106251252469088e-07, 3.559749734296631e-07, 3.0824361404614735e-07, 2.667876369436687e-07, 2.3080163898229295e-07, 1.9943801688952742e-07, 1.7239849094848424e-07, 1.4901823399148467e-07, 1.286487531508684e-07, 1.1094097562177404e-07, 9.557839753548696e-08, 8.226600337625853e-08, 7.077966699647155e-08, 6.09687968721104e-08, 5.251004177455568e-08, 4.5271020778420236e-08, 3.9009848562530066e-08, 3.3609288685974734e-08, 2.8919288253553785e-08, 2.4920950215010988e-08, 2.1494505763414794e-08, 1.8528171849696006e-08, 1.596412415924249e-08, 1.3752570607942709e-08, 1.1851745893387527e-08]
W_list: [8.15]
L_list: [7.221347404362653]
