R_list= [ 1  2  3  4  5  6  7  8  9 10 11 12 13 14 15 16 17 18 19 20 21 22 23 24
 25 26 27 28 29 30 31 32 33 34 35 36 37 38]
C_final_list= [2.0646286021914386e-06, 1.7910408220271137e-06, 1.5350419918729637e-06, 1.3103035459447026e-06, 1.1171282910818953e-06, 9.524921264459391e-07, 8.106554978287006e-07, 6.888571753731351e-07, 5.846072756305867e-07, 4.95784329766986e-07, 4.205055916319372e-07, 3.560432288844122e-07, 3.0105237185278037e-07, 2.5452151194861444e-07, 2.1506506576943554e-07, 1.8160209351799247e-07, 1.5337668606847106e-07, 1.2944814496977575e-07, 1.0915748727806106e-07, 9.202747987497561e-08, 7.750369449261871e-08, 6.529801248594035e-08, 5.509410733794657e-08, 4.65166390443706e-08, 3.929245345159933e-08, 3.320742751514927e-08, 2.8061880736273667e-08, 2.371054594909288e-08, 2.0051066723741607e-08, 1.6976311798844448e-08, 1.4364065720137449e-08, 1.2126097563807885e-08, 1.0232643833915054e-08, 8.635913634381417e-09, 7.290025494586175e-09, 6.149428274453839e-09, 5.182745584005091e-09, 4.369174845824164e-09]
W_list: [8.5]
L_list: [6.25156851908245]
