C_list:
4.2180407268465454e-07 0.1255679642336412
ndim2: 500
W_list: [4.0]
L_list: [7.9638147046751895]
