R_list= [ 1  2  3  4  5  6  7  8  9 10 11 12 13 14 15 16 17 18 19 20 21 22 23 24
 25 26 27 28 29 30 31 32 33 34 35 36 37 38]
C_final_list= [1.8971396627009931e-06, 1.1999768475772076e-06, 6.505315592592342e-07, 3.222544165842418e-07, 1.511413480760365e-07, 6.876514746339571e-08, 3.076900557845714e-08, 1.3648510448214142e-08, 6.023046914054981e-09, 2.664521543270979e-09, 1.191717385166977e-09, 5.41437508838342e-10, 2.482976739138341e-10, 1.1450768075365446e-10, 5.326600462054034e-11, 2.503462269565768e-11, 1.1740725395238351e-11, 5.505668270159126e-12, 2.5887499453082665e-12, 1.2439310344021057e-12, 6.045093724835662e-13, 2.993442953833285e-13, 1.5000113172862305e-13, 7.483283930012776e-14, 3.464528396867301e-14, 1.4912912468713444e-14, 6.329132952940876e-15, 2.727081462149996e-15, 1.1702118751499055e-15, 5.057699690316681e-16, 2.1265374252938357e-16, 8.774917053042213e-17, 3.5932261671961925e-17, 1.4713118673016058e-17, 6.068992890673633e-18, 2.5787629000850098e-18, 1.1263668733160568e-18, 5.100606921382875e-19]
W_list: [4]
L_list: [1.7737017957912609]
