C_final_list: [1.9759349181449234e-06, 1.957012228393907e-06, 1.9383931650936294e-06, 1.9205829043171547e-06, 1.903188059182052e-06, 1.8863274054810203e-06, 1.86983827923639e-06, 1.853677581494566e-06, 1.837664957465626e-06, 1.821992801958202e-06, 1.8065236909006662e-06, 1.7914818206644756e-06, 1.7764990966687403e-06, 1.761573063443217e-06, 1.7466484036854875e-06, 1.7317296383208512e-06, 1.7170072451628969e-06, 1.702418249607365e-06, 1.6879959467409657e-06, 1.673616984439083e-06, 1.6595975868798162e-06, 1.6453316005031134e-06, 1.6314006794131011e-06, 1.617475114528563e-06, 1.6036982827696447e-06, 1.589877684026418e-06, 1.5763164737218082e-06, 1.5629035265963847e-06, 1.5495821074611787e-06, 1.5364093266255122e-06, 1.5233826369172926e-06, 1.5103708515439078e-06, 1.497649643470703e-06, 1.484953270412027e-06, 1.4723803440849334e-06, 1.4599839148832477e-06, 1.447601675986598e-06, 1.4354044480528302e-06, 1.423306842697281e-06, 1.4112629096544642e-06, 1.3992926846745995e-06, 1.3874251563924317e-06, 1.3755884991907992e-06, 1.3638444334308663e-06, 1.3524888430736407e-06, 1.341193078513588e-06, 1.3299280550291674e-06, 1.31879148201573e-06, 1.3077561430374404e-06, 1.2968234718903849e-06]
ndim2: 500
W_list: [2.4]
L_list: [116.90424733642634]
