C_final_list: [1.9889594867803335e-06, 1.8689680767357187e-06, 1.7547214843100453e-06, 1.6490867392698576e-06, 1.5494237761981547e-06, 1.4573385872701755e-06, 1.3698686316485672e-06, 1.287655392914015e-06, 1.2083928358449189e-06, 1.133626915751405e-06, 1.0629053914267492e-06, 9.97801980502051e-07, 9.347857300349913e-07, 8.770535892282904e-07, 8.222810612676066e-07, 7.707115513774818e-07, 7.228363049004554e-07, 6.773183514317413e-07, 6.346478419275399e-07, 5.942530872787538e-07, 5.565182607400565e-07, 5.210655942722239e-07, 4.881652366562648e-07, 4.5701242225653275e-07, 4.280002234847681e-07, 4.0069991610362293e-07, 3.753331749705128e-07, 3.512178074021132e-07, 3.2900146134374926e-07, 3.079749875854752e-07, 2.8825222597390665e-07, 2.6976075265485327e-07, 2.5200336473086927e-07, 2.3554408278224563e-07, 2.201526757727878e-07, 2.0572306677053234e-07, 1.9233505801001734e-07, 1.797139689711396e-07, 1.6783621652980276e-07, 1.56647757978253e-07, 1.461071647351654e-07, 1.3630853443428143e-07, 1.2738913586483466e-07, 1.1902416174718646e-07, 1.1106401422523659e-07, 1.0362397411712393e-07, 9.66274145798555e-08, 9.002251806720379e-08, 8.392488473368358e-08, 7.817271150390389e-08]
ndim2: 500
W_list: [3.0]
L_list: [15.573847858406836]
