C_final_list: [2.1224346826893417e-06, 2.0363902572405673e-06, 1.9480670876303236e-06, 1.863855880509975e-06, 1.7826094919254342e-06, 1.7060671969475858e-06, 1.6327214712728222e-06, 1.5623241921962827e-06, 1.4953563519354804e-06, 1.4310439930303663e-06, 1.3695247726267032e-06, 1.3092376753097789e-06, 1.2522004055053428e-06, 1.198124263883946e-06, 1.145690684185718e-06, 1.0958672807633159e-06, 1.0491684147390854e-06, 1.0037180641709417e-06, 9.602648545362978e-07, 9.179537637964742e-07, 8.770978535908766e-07, 8.380209668385454e-07, 8.003728606246782e-07, 7.647003894056465e-07, 7.304941356474259e-07, 6.971521733271873e-07, 6.65668122389112e-07, 6.361059942281788e-07, 6.07687374819344e-07, 5.802166941888252e-07, 5.538656381655977e-07, 5.284994397971193e-07, 5.041897341526351e-07, 4.812126740145464e-07, 4.590236142748369e-07]
ndim2: 500
W_list: [2.0]
L_list: [22.414612591192853]
