R_list= [ 1  2  3  4  5  6  7  8  9 10 11 12 13 14 15 16 17 18 19 20 21 22 23 24
 25 26 27 28 29 30 31 32]
C_final_list= [7.318191844125414e-08, 2.819445711244361e-08, 8.435288619846045e-09, 2.213901020408416e-09, 5.374972376672535e-10, 1.242521339204803e-10, 2.7823188907615202e-11, 6.070971287269041e-12, 1.3034105842478267e-12, 2.776651946606038e-13, 5.870159284006913e-14, 1.2244872590580742e-14, 2.5495072517007285e-15, 5.26992567541393e-16, 1.0938669612797944e-16, 2.2832904270379988e-17, 4.797698272318958e-18, 1.0182455898835862e-18, 2.207795404266903e-19, 5.0069074690077574e-20, 1.2033126502090266e-20, 3.0894934117177667e-21, 8.068783855778227e-22, 2.255659074792326e-22, 7.403164700424508e-23, 2.964871100123116e-23, 1.5690040836009583e-23, 1.1108919520048371e-23, 9.722562389771446e-24, 9.147820780675298e-24, 8.826344353994828e-24, 8.819251708251966e-24]
W_list: [6]
L_list: [0.9850102910742811]
