C_final_list: [1.9371503169275752e-06, 1.8092805794824322e-06, 1.6878700292559935e-06, 1.5735157564855125e-06, 1.4660047633056576e-06, 1.3692057978161934e-06, 1.2772180514182007e-06, 1.1934319430903975e-06, 1.1134081668759218e-06, 1.0384568138704289e-06, 9.699852706892912e-07, 9.052591034457999e-07, 8.432537183462458e-07, 7.852286074790519e-07, 7.313001634881912e-07, 6.805671334203759e-07, 6.329666186950269e-07, 5.881856600127832e-07, 5.471167728221596e-07, 5.088078145325915e-07, 4.7301094511248726e-07, 4.396061660943622e-07, 4.0865955664357064e-07, 3.800214782009273e-07, 3.5356102489959294e-07, 3.2845416817201067e-07, 3.0482521563854597e-07, 2.829120028678018e-07, 2.6251842532923763e-07, 2.4353565223356793e-07, 2.2554909513602942e-07, 2.0889179349921608e-07, 1.9380416783099253e-07, 1.7970259879411602e-07, 1.664829221644013e-07, 1.5425663028163174e-07, 1.4297227697671505e-07, 1.325466934259814e-07, 1.2288791752267068e-07, 1.138762394895949e-07, 1.0550463415460957e-07, 9.780136272213147e-08, 9.075652269238128e-08, 8.430646297069962e-08, 7.821611811373025e-08, 7.25852062952975e-08, 6.729896962674728e-08, 6.245122262074659e-08, 5.787706185716326e-08, 5.361497842440053e-08]
ndim2: 500
W_list: [3.15]
L_list: [14.08624168188788]
