R_list= [ 1  2  3  4  5  6  7  8  9 10 11 12 13 14 15 16 17 18 19 20 21 22 23 24
 25 26 27 28 29 30 31 32]
C_final_list= [7.71763838601189e-07, 7.152155296076399e-07, 6.620712098720395e-07, 6.119695077608829e-07, 5.646800513339681e-07, 5.215765433191966e-07, 4.818802769601322e-07, 4.4473547607854224e-07, 4.1057210153459786e-07, 3.788832702915408e-07, 3.4976587526606925e-07, 3.227328525492257e-07, 2.977004359107511e-07, 2.746407936299342e-07, 2.534991244214792e-07, 2.3391163550442264e-07, 2.1557034121102421e-07, 1.9879269775243235e-07, 1.8341428438796624e-07, 1.6921415821991666e-07, 1.5621210662292593e-07, 1.4401592276409706e-07, 1.327108335815696e-07, 1.2230809273475998e-07, 1.1258485449871471e-07, 1.0368189354615457e-07, 9.541464404430875e-08, 8.779996784338244e-08, 8.07805394023843e-08, 7.432804502371819e-08, 6.832344606606507e-08, 6.274153415578242e-08]
W_list: [6]
L_list: [12.48975189400509]
