R_list= [ 1  2  3  4  5  6  7  8  9 10 11 12 13 14 15 16 17 18 19 20 21 22 23 24
 25 26 27 28 29 30 31 32 33 34 35 36 37 38]
C_final_list= [6.049994180726436e-07, 5.336044996937658e-07, 4.6667401221918267e-07, 4.059826992562184e-07, 3.5187480058213084e-07, 3.04502068550607e-07, 2.634303953587752e-07, 2.2782550458227117e-07, 1.9663241193436217e-07, 1.6975565035019188e-07, 1.4664436181036943e-07, 1.2625685409628561e-07, 1.0866224583557693e-07, 9.35018261141646e-08, 8.047139230872915e-08, 6.927193780911751e-08, 5.969077696725695e-08, 5.143121096022206e-08, 4.4292020812188384e-08, 3.8129567925914865e-08, 3.280332259028563e-08, 2.821629768785657e-08, 2.4245590746218238e-08, 2.0843947484515658e-08, 1.7900262934465504e-08, 1.5362010809953996e-08, 1.317928455893396e-08, 1.1306746056908256e-08, 9.704665931989196e-09, 8.321678241542185e-09, 7.158279291246052e-09, 6.150148971601226e-09, 5.2763510189336785e-09, 4.529915448396328e-09, 3.889085223763495e-09, 3.3373279638926715e-09, 2.874281913563452e-09, 2.475278775461814e-09]
W_list: [8.2]
L_list: [6.98284189460039]
