R_list= [ 1  2  3  4  5  6  7  8  9 10 11 12 13 14 15 16 17 18 19 20 21 22 23 24
 25 26 27 28 29 30 31 32 33 34 35 36 37 38]
C_final_list= [4.454835346894662e-07, 3.9859752953366296e-07, 3.5362515400571056e-07, 3.1315493458951013e-07, 2.7664593369029823e-07, 2.4403473268906623e-07, 2.151694545009642e-07, 1.8942292649192416e-07, 1.6655418822134002e-07, 1.4654622131425357e-07, 1.2881437703193684e-07, 1.1334293418348917e-07, 9.962376545255864e-08, 8.743651898405605e-08, 7.681284826793114e-08, 6.736813564591436e-08, 5.909388862813686e-08, 5.1766133779128e-08, 4.532013434271887e-08, 3.966800715082423e-08, 3.4744418738449184e-08, 3.0388236665429166e-08, 2.655505024507751e-08, 2.319813729716163e-08, 2.026649879591858e-08, 1.770682663215598e-08, 1.5440138466744554e-08, 1.3445486391311722e-08, 1.1697048844667496e-08, 1.0167214636203247e-08, 8.823742757005065e-09, 7.647165656832189e-09, 6.627724939635875e-09, 5.740864535957422e-09, 4.968955061912512e-09, 4.292441150103744e-09, 3.712399292634917e-09, 3.2173117585242915e-09]
W_list: [7]
L_list: [7.941975305952312]
