C_final_list: [1.6181981194403026e-06, 1.5520273547413262e-06, 1.4869943755296878e-06, 1.4252003254541945e-06, 1.3661199215839999e-06, 1.3096149980064952e-06, 1.2553968783458761e-06, 1.2034270425314298e-06, 1.1534196132334852e-06, 1.1054822216289002e-06, 1.0600952176848464e-06, 1.0163204716601694e-06, 9.741084635545618e-07, 9.333058538950944e-07, 8.94256658229155e-07, 8.566688662048079e-07, 8.204534383014329e-07, 7.860455519741152e-07, 7.527859639059385e-07, 7.211443834564914e-07, 6.90337885945039e-07, 6.611291318944357e-07, 6.332274274120091e-07, 6.05951392242947e-07, 5.801597499865501e-07, 5.551648416578918e-07, 5.31543277961012e-07, 5.083268514663708e-07, 4.862563275204062e-07, 4.653029118412947e-07, 4.449070612809891e-07, 4.255140733254449e-07, 4.070080085957831e-07, 3.8928634720458556e-07, 3.722234724582702e-07, 3.5588955258841506e-07, 3.404155439467745e-07, 3.256490957288128e-07, 3.115262316301149e-07, 2.979751717280864e-07, 2.8500639291447257e-07, 2.7241846279723935e-07, 2.604010913425233e-07, 2.4876896696987076e-07, 2.375049161451607e-07, 2.2687684127800196e-07, 2.1678159721203194e-07, 2.0719676416017612e-07, 1.9796177253479779e-07, 1.8909540844902814e-07]
ndim2: 500
W_list: [3.3499999999999996]
L_list: [23.1653953772107]
