C_final_list: [2.047352953524381e-06, 2.0075381794737035e-06, 1.967006836004263e-06, 1.9276238877776363e-06, 1.8889809667706454e-06, 1.851544730610081e-06, 1.8145695927336063e-06, 1.777870514037618e-06, 1.741802925918116e-06, 1.7068510240392203e-06, 1.6729543683579603e-06, 1.6396041727944013e-06, 1.6063686654074094e-06, 1.5740137546627815e-06, 1.5420440559853677e-06, 1.5111268454799643e-06, 1.480301186114903e-06, 1.4501026096046351e-06, 1.4207991221222957e-06, 1.3919633216301548e-06, 1.3639211076079784e-06, 1.3362670790604785e-06, 1.3088455682161694e-06, 1.2820751433184021e-06, 1.2559435538960512e-06, 1.230283610697999e-06, 1.2048941151645724e-06, 1.1800094210477535e-06, 1.155276591156714e-06, 1.1306201157441157e-06, 1.1066832557923712e-06, 1.0832033891547997e-06, 1.0601138159235116e-06, 1.0372347660061822e-06, 1.0147692430539707e-06]
ndim2: 500
W_list: [2.0]
L_list: [48.76333130329959]
