C_final_list: [2.037383507163608e-06, 1.930759344580113e-06, 1.8298621105126356e-06, 1.731757067693913e-06, 1.639124992483055e-06, 1.551164869091837e-06, 1.4675274907997769e-06, 1.3892141368087483e-06, 1.3146424951701054e-06, 1.2438917880685838e-06, 1.1769111342796279e-06, 1.1142687588956717e-06, 1.0543330998534388e-06, 9.969990835845886e-07, 9.43706180393539e-07, 8.932623245563657e-07, 8.458236041903049e-07, 8.006175038924036e-07, 7.581703790396115e-07, 7.176976477062242e-07, 6.797249985900078e-07, 6.436897076011357e-07, 6.097859947970223e-07, 5.773394963336163e-07, 5.46494439300244e-07, 5.172408464279323e-07, 4.889582946089735e-07, 4.6203101368726304e-07, 4.3635110560986997e-07, 4.1235798626566047e-07, 3.895649119137109e-07, 3.680696323443357e-07, 3.4757137743980725e-07, 3.2823318487956254e-07, 3.0998790005084156e-07, 2.92876358745716e-07, 2.7660252756776056e-07, 2.6141678377780674e-07, 2.46999367852352e-07, 2.3304468801075622e-07, 2.2007683856359435e-07, 2.0774178643138798e-07, 1.9600767615902742e-07, 1.849986394860976e-07, 1.7468506472714187e-07, 1.6474055240941319e-07, 1.5531236499176783e-07, 1.464597402450897e-07, 1.3816193405300056e-07, 1.3032061030865828e-07]
ndim2: 500
W_list: [2.8]
L_list: [18.094628566795706]
