C_final_list: [1.6426246810869706e-06, 1.5788490159817665e-06, 1.5160508180175356e-06, 1.4545863389855995e-06, 1.3959576547218404e-06, 1.3402335929218486e-06, 1.286348774989754e-06, 1.2351170507091003e-06, 1.1850044944208365e-06, 1.1367384533221708e-06, 1.0908463996807003e-06, 1.0462694981594535e-06, 1.0036818412597178e-06, 9.625529397809855e-07, 9.231552332995682e-07, 8.859616829638782e-07, 8.499773118258124e-07, 8.154674040932519e-07, 7.821995162504451e-07, 7.504878030075077e-07, 7.200967401178959e-07, 6.905664850757209e-07, 6.622963990263841e-07, 6.349078227030685e-07, 6.084787062120437e-07, 5.828783056781888e-07, 5.582719729973045e-07, 5.346997808032896e-07, 5.119103185667298e-07, 4.900135202065556e-07, 4.691044802859199e-07, 4.491562491987668e-07, 4.300086761972963e-07, 4.1160078597625613e-07, 3.938190353758875e-07]
ndim2: 500
W_list: [3.2]
L_list: [24.027695807725735]
