R_list= [ 1  2  3  4  5  6  7  8  9 10 11 12 13 14 15 16 17 18 19 20 21 22 23 24
 25 26 27 28 29 30 31 32]
C_final_list= [7.665628273350061e-07, 7.110206433140022e-07, 6.585380737974029e-07, 6.089284698549871e-07, 5.631882235647907e-07, 5.207135006840384e-07, 4.812368472479501e-07, 4.4446196917465575e-07, 4.104439564305865e-07, 3.7907959953302243e-07, 3.5008179354795606e-07, 3.22835925371462e-07, 2.976617111716209e-07, 2.7461016297652914e-07, 2.530975617901515e-07, 2.3317248499325924e-07, 2.150220494674711e-07, 1.9821058791153015e-07, 1.8266844371942762e-07, 1.6818124051230094e-07, 1.5484883554871845e-07, 1.4254145209077764e-07, 1.3127823003881789e-07, 1.2084796047060564e-07, 1.1115129589093867e-07, 1.0230976953641415e-07, 9.421982638728903e-08, 8.66974118389055e-08, 7.968615114439631e-08, 7.32193795089735e-08, 6.723189928155601e-08, 6.173558646118952e-08]
W_list: [6]
L_list: [12.503417725361231]
