C_final_list: [1.9794831245431366e-06, 1.7124974311546585e-06, 1.4714590806477968e-06, 1.261638270104403e-06, 1.0858197050505268e-06, 9.344407866657157e-07, 8.049995150611862e-07, 6.944474404695663e-07, 5.999269410175628e-07, 5.173242033105495e-07, 4.46482861758941e-07, 3.85151220802543e-07, 3.315165932961993e-07, 2.8562207634626326e-07, 2.4563287881330777e-07, 2.1031672421713673e-07, 1.8048077614534868e-07, 1.5567536122573977e-07, 1.3407911742087335e-07, 1.1556628269016675e-07, 9.942383935775813e-08, 8.577822960683423e-08, 7.382525502194707e-08, 6.336114466776434e-08, 5.445760875663724e-08, 4.685209778041122e-08, 4.01771984527192e-08, 3.452117904692059e-08, 2.9547355857192843e-08, 2.5321217478448428e-08, 2.1805883077464934e-08, 1.867735268527648e-08, 1.604263564051487e-08, 1.3779437545076356e-08, 1.1868595600886675e-08, 1.017501028452644e-08, 8.741744727299282e-09, 7.45825718705067e-09, 6.362742419052928e-09, 5.4166627742446834e-09, 4.6043738086552385e-09, 3.914924456664446e-09, 3.3383242378809733e-09, 2.848093555382833e-09, 2.4463056664663725e-09, 2.1061106726303787e-09, 1.8004324660136324e-09, 1.5455836931038342e-09, 1.3171957144355863e-09, 1.1187190228628173e-09]
ndim2: 500
W_list: [3.3]
L_list: [6.6866152604464775]
