R_list= [ 1  2  3  4  5  6  7  8  9 10 11 12 13 14 15 16 17 18 19 20 21 22 23 24
 25 26 27 28 29 30 31 32 33 34 35 36 37 38]
C_final_list= [1.32795952766264e-07, 7.634453624914259e-08, 3.782847916862091e-08, 1.73480082851584e-08, 7.611300215784923e-09, 3.2529225420596616e-09, 1.3630306393122454e-09, 5.622406107357947e-10, 2.3011715565653676e-10, 9.368152381431947e-11, 3.7837979326065374e-11, 1.5080423852057035e-11, 5.8928683936302755e-12, 2.2868679544181186e-12, 9.044839252172118e-13, 3.7089741797040013e-13, 1.5013243311847393e-13, 5.767139837530847e-14, 2.1930887398312285e-14, 8.361675455487679e-15, 3.1751357099969824e-15, 1.189670884640045e-15, 4.4128347551144077e-16, 1.5990081341446375e-16, 5.662160514545253e-17, 1.9919150021540658e-17, 6.876041993899705e-18, 2.3537031732073533e-18, 8.156309614150964e-19, 2.9003435409015675e-19, 1.0316834003262132e-19, 3.747778406409235e-20, 1.4147962905550176e-20, 5.477728211501943e-21, 2.0872865404372033e-21, 7.652937882939978e-22, 2.749947424624464e-22, 9.84912445769357e-23]
W_list: [5]
L_list: [1.567159011622115]
