C_final_list: [2.2247373584451906e-06, 2.136482523092584e-06, 2.048489257009908e-06, 1.962524845395224e-06, 1.88148078457005e-06, 1.8028935016927863e-06, 1.7279403001394467e-06, 1.6558808439841415e-06, 1.5873791736333782e-06, 1.5223127661789437e-06, 1.458952651478957e-06, 1.3990379195934955e-06, 1.3408761159342043e-06, 1.284948510238211e-06, 1.231226341982674e-06, 1.1799344297954327e-06, 1.1299125645862383e-06, 1.0828142250193328e-06, 1.0372438115009647e-06, 9.939229877513716e-07, 9.51607743202684e-07, 9.11349875603189e-07, 8.725100695999997e-07, 8.355132480193087e-07, 7.997528689059886e-07, 7.654595845208688e-07, 7.322095360981754e-07, 7.011163599102481e-07, 6.713365507493841e-07, 6.425586410049659e-07, 6.157003883107302e-07, 5.893169176599843e-07, 5.640396227406183e-07, 5.395340565679727e-07, 5.15909709456143e-07, 4.932840717012544e-07, 4.7152892059406215e-07, 4.506601298033879e-07, 4.3057529589537636e-07, 4.1132896905686543e-07, 3.9292116229693596e-07, 3.7507454252253864e-07, 3.577339789445868e-07, 3.413503056748395e-07, 3.257705368869928e-07, 3.1098813371821216e-07, 2.96710646338842e-07, 2.8326304914627825e-07, 2.7051186155720705e-07, 2.583965730404561e-07]
ndim2: 500
W_list: [2.4]
L_list: [23.203778180070138]
