C_final_list: [1.7713293151270334e-06, 1.6367517402379934e-06, 1.5088692887571473e-06, 1.390496058949586e-06, 1.2819090994791435e-06, 1.1834519652023595e-06, 1.0929158347707064e-06, 1.0080465210061662e-06, 9.323217947595897e-07, 8.601193121814617e-07, 7.939238235183441e-07, 7.310286577586689e-07, 6.724879043786293e-07, 6.198760074970167e-07, 5.706941604828886e-07, 5.256141441288993e-07, 4.832753019566832e-07, 4.442983060836042e-07, 4.088159191129785e-07, 3.7635258479044803e-07, 3.467017490128188e-07, 3.1939996417640725e-07, 2.9437134408854815e-07, 2.711539876178609e-07, 2.494782616827651e-07, 2.2958227970454258e-07, 2.1111626367246713e-07, 1.940463109372723e-07, 1.785334194144875e-07, 1.6410037061964869e-07, 1.509234708293895e-07, 1.3901749196966464e-07, 1.2777162183042167e-07, 1.1752400318130424e-07, 1.0800537647871472e-07, 9.927279600341489e-08, 9.120016674112224e-08, 8.393491169238686e-08, 7.715906174391271e-08, 7.100276681383021e-08, 6.526835921235238e-08, 5.989880329780286e-08, 5.495357794645879e-08, 5.032573554310167e-08, 4.611048689188192e-08, 4.2205655430695865e-08, 3.8685471240341694e-08, 3.542146577875001e-08, 3.239424931437965e-08, 2.9657408867964276e-08]
ndim2: 500
W_list: [3.3499999999999996]
L_list: [12.263812497156426]
