C_list:
9.313861961434629e-07 0.047677180509635216
ndim2: 500
W_list: [2.8]
L_list: [20.974394654019175]
