R_list= [ 1  2  3  4  5  6  7  8  9 10 11 12 13 14 15 16 17 18 19 20 21 22 23 24
 25 26 27 28 29 30 31 32 33 34 35 36 37 38]
C_final_list= [8.333453390514254e-07, 7.551533108554651e-07, 6.797813774041919e-07, 6.10126302918169e-07, 5.46611671344108e-07, 4.891963977036205e-07, 4.3778138408169224e-07, 3.9186991765218354e-07, 3.5050771666571433e-07, 3.133052593065605e-07, 2.7996423731653483e-07, 2.500252844117854e-07, 2.2335213674273692e-07, 1.9954661791379875e-07, 1.7825393280422871e-07, 1.5909956688178923e-07, 1.4205504495198476e-07, 1.2667504036151512e-07, 1.1286867668847155e-07, 1.0047357979124912e-07, 8.934878017877276e-08, 7.93804975618012e-08, 7.048670739741982e-08, 6.257257001258461e-08, 5.54801110405758e-08, 4.919106196871081e-08, 4.358823800910541e-08, 3.862586247753556e-08, 3.423915971617533e-08, 3.036721530136256e-08, 2.692217082266105e-08, 2.387213110904017e-08, 2.116409320169663e-08, 1.879982867727887e-08, 1.6683101080374705e-08, 1.4814731966935461e-08, 1.3159006635429654e-08, 1.1680644441077865e-08]
W_list: [7.6]
L_list: [9.001415020026545]
