R_list= [ 1  2  3  4  5  6  7  8  9 10 11 12 13 14 15 16 17 18 19 20 21 22 23 24
 25 26 27 28 29 30 31 32 33 34 35 36 37 38]
C_final_list= [2.068844245649308e-07, 1.825748942334124e-07, 1.591487630217007e-07, 1.37766918416777e-07, 1.1892008879063422e-07, 1.023006563700047e-07, 8.774354852050742e-08, 7.517791487243623e-08, 6.450932326600816e-08, 5.540242768390786e-08, 4.748201355933414e-08, 4.064900702084312e-08, 3.480541183981068e-08, 2.9761975433523586e-08, 2.541471737922269e-08, 2.1666526498084926e-08, 1.8482816651697533e-08, 1.573486658599612e-08, 1.3388477901950804e-08, 1.1389636572020286e-08, 9.6789235818041e-09, 8.233232862893596e-09, 7.011675321138903e-09, 5.972054474574928e-09, 5.0911646758952765e-09, 4.33846917383681e-09, 3.687655549211396e-09, 3.1293244164989584e-09, 2.6583349292357994e-09, 2.257061821306084e-09, 1.918201277118905e-09, 1.62786186769181e-09, 1.3813519494147075e-09, 1.1724171034584983e-09, 9.95367890982533e-10, 8.423071853874995e-10, 7.105960424965253e-10, 6.001955564197635e-10]
W_list: [8.8]
L_list: [6.723224269776819]
