R_list= [ 1  2  3  4  5  6  7  8  9 10 11 12 13 14 15 16 17 18 19 20 21 22 23 24
 25 26 27 28 29 30 31 32 33 34 35 36 37 38]
C_final_list= [4.329947310908334e-07, 2.7771987089715785e-07, 1.7070542525438268e-07, 1.0471461091997718e-07, 6.390118978273724e-08, 3.869195337911613e-08, 2.333842831921709e-08, 1.40749443905001e-08, 8.408460343717921e-09, 5.005277717453318e-09, 3.010202330768028e-09, 1.8159828679710078e-09, 1.0834772820179761e-09, 6.411970787794359e-10, 3.825346917274282e-10, 2.2989599176656334e-10, 1.3988969367880948e-10, 8.553929114817454e-11, 5.2798862539774353e-11, 3.286404071333751e-11, 2.021610251187641e-11, 1.2245958036498147e-11, 7.49034997456334e-12, 4.5520933920962785e-12, 2.8108398005193612e-12, 1.7432219023046817e-12, 1.0709962480353025e-12, 6.240651772229259e-13, 3.544029210749802e-13, 1.9566407540130008e-13, 1.0959206664470324e-13, 6.424183269409295e-14, 3.7538432814916774e-14, 2.1290545861592688e-14, 1.2376256803995248e-14, 7.579327202636978e-15, 4.733012550522057e-15, 3.068724301404017e-15]
W_list: [6]
L_list: [2.1146806152562116]
