R_list= [ 1  2  3  4  5  6  7  8  9 10 11 12 13 14 15 16 17 18 19 20 21 22 23 24
 25 26 27 28 29 30]
C_final_list= [3.828039066783744e-08, 1.4463212824324896e-08, 4.190344201559194e-09, 1.0517520190299873e-09, 2.43700488989275e-10, 5.382642385617626e-11, 1.1502827413977334e-11, 2.4085863871747975e-12, 4.934892443995573e-13, 9.974411699953517e-14, 1.9908681822997543e-14, 3.94389386527334e-15, 7.806467390811947e-16, 1.553190441513311e-16, 3.0918625982311e-17, 6.135124628886571e-18, 1.2228580684199795e-18, 2.486537161511168e-19, 5.261131676802719e-20, 1.1658316090098617e-20, 2.8782082256453248e-21, 8.613908148877136e-22, 3.4378065429725455e-22, 1.9092932424904863e-22, 1.4007645427253548e-22, 1.2438512804940062e-22, 1.1762853473338776e-22, 1.130928894906671e-22, 1.1065975778099198e-22, 1.0942998021196047e-22]
W_list: [6]
L_list: [0.9662037806586475]
