C_final_list: [1.791845447973002e-06, 1.7327616342162764e-06, 1.6745476525570962e-06, 1.6189551766322136e-06, 1.565826691594122e-06, 1.513536553036278e-06, 1.4630292039831452e-06, 1.4149459422715005e-06, 1.3687194523853646e-06, 1.3238202783101938e-06, 1.2801537254208367e-06, 1.2381544232788632e-06, 1.1965777479201875e-06, 1.156665029749774e-06, 1.1176204427295062e-06, 1.0798140363680366e-06, 1.0435264503517993e-06, 1.0085495460437648e-06, 9.74115469304328e-07, 9.410015107361279e-07, 9.087013545048595e-07, 8.77366953196965e-07, 8.470487699708231e-07, 8.179372952587491e-07, 7.899800513936962e-07, 7.62958300812094e-07, 7.368439034559211e-07, 7.114581960764596e-07, 6.868945284362431e-07, 6.63192415571136e-07, 6.403183579272741e-07, 6.183720233195248e-07, 5.973216526947637e-07, 5.770967147053569e-07, 5.575238282677648e-07, 5.387341506939876e-07, 5.205187316915038e-07, 5.027015606172927e-07, 4.853400046005213e-07, 4.685064792044493e-07, 4.523367501779981e-07, 4.366161466351761e-07, 4.2136030233421384e-07, 4.064967483064635e-07, 3.9215950530898564e-07, 3.783206465111728e-07, 3.649901559392643e-07, 3.521456313675467e-07, 3.396247775301e-07, 3.2767683810145e-07]
ndim2: 500
W_list: [3.0999999999999996]
L_list: [29.07925134036618]
