C_list:
1.5659861548028435e-06 0.11580951717940477
ndim2: 500
W_list: [2.8]
L_list: [8.634868915400652]
