R_list= [ 1  2  3  4  5  6  7  8  9 10 11 12 13 14 15 16 17 18 19 20 21 22 23 24
 25 26 27 28 29 30 31 32 33 34 35 36 37 38]
C_final_list= [4.503326848683793e-06, 3.815023563632852e-06, 3.2089011694331487e-06, 2.6930978549291318e-06, 2.25932238874391e-06, 1.8939418722093267e-06, 1.5836560583119155e-06, 1.3236452624056373e-06, 1.105641129328658e-06, 9.230366738853273e-07, 7.694763029202321e-07, 6.40424387014517e-07, 5.333568042898779e-07, 4.4427591421758334e-07, 3.699041980645287e-07, 3.0788634556289137e-07, 2.5642612300702883e-07, 2.1339319252863802e-07, 1.776496387350872e-07, 1.479924503619887e-07, 1.2329904833100937e-07, 1.0275061099819412e-07, 8.550044257163606e-08, 7.110357559520285e-08, 5.912450487120214e-08, 4.926429478294672e-08, 4.103744755986739e-08, 3.416679927500763e-08, 2.850599368459744e-08, 2.3820147676357722e-08, 1.990976064857936e-08, 1.6627562135220566e-08, 1.3883038087186509e-08, 1.1577997953258203e-08, 9.650178154861286e-09, 8.032897966592738e-09, 6.711820739523337e-09, 5.603794960130269e-09]
W_list: [7.6]
L_list: [5.6617535044696545]
