R_list= [ 1  2  3  4  5  6  7  8  9 10 11 12 13 14 15 16 17 18 19 20 21 22 23 24
 25 26 27 28 29 30 31 32 33 34 35 36 37 38]
C_final_list= [4.1271169389027763e-07, 3.6689795749045964e-07, 3.2311794131494336e-07, 2.8369081663879214e-07, 2.4840297586019295e-07, 2.1686919678160656e-07, 1.891936413126343e-07, 1.64685085859589e-07, 1.434167235956784e-07, 1.247554253944575e-07, 1.0852771614932334e-07, 9.431806675253967e-08, 8.195058467006633e-08, 7.12353371460032e-08, 6.194131148327006e-08, 5.3822816764010694e-08, 4.675565263357813e-08, 4.059521284253081e-08, 3.5224523904140706e-08, 3.054184848118341e-08, 2.646984522605214e-08, 2.2914458926172674e-08, 1.9822996097114607e-08, 1.7153175354152464e-08, 1.4807875222752492e-08, 1.2769702405940666e-08, 1.0980383678574184e-08, 9.42818206795107e-09, 8.096835142116405e-09, 6.949207485694325e-09, 5.967693567840849e-09, 5.1281365898871944e-09, 4.401883468298288e-09, 3.780360285199821e-09, 3.2482577123990215e-09, 2.79380775952638e-09, 2.3991027670957807e-09, 2.0599958513859194e-09]
W_list: [7.2]
L_list: [7.3961639528270675]
