R_list= [ 1  2  3  4  5  6  7  8  9 10 11 12 13 14 15 16 17 18 19 20 21 22 23 24
 25 26 27 28 29 30 31 32 33 34 35 36 37 38]
C_final_list= [1.953006045046482e-05, 1.56954280604421e-05, 1.2485973169786355e-05, 9.899317911391165e-06, 7.837090675697417e-06, 6.191862535260382e-06, 4.8905730722800985e-06, 3.859891608379846e-06, 3.0442553252345335e-06, 2.4012762095667148e-06, 1.8952563276384233e-06, 1.493755904006707e-06, 1.1778935675360239e-06, 9.286575863616508e-07, 7.318256569415992e-07, 5.773792788708649e-07, 4.556013976204589e-07, 3.5933295409420054e-07, 2.834043115858946e-07, 2.238913883859987e-07, 1.7685254628684246e-07, 1.3939895871950652e-07, 1.0996330212431786e-07, 8.663303793249412e-08, 6.822483351444209e-08, 5.380490894847753e-08, 4.2545007135934204e-08, 3.3643290089144406e-08, 2.6592237946849653e-08, 2.098331511192e-08, 1.6525435879273417e-08, 1.304906007098258e-08, 1.0279367124689689e-08, 8.056378486104922e-09, 6.312080037846945e-09, 4.942371864846676e-09, 3.887090136805548e-09, 3.0641480997063995e-09]
W_list: [8.45]
L_list: [4.318495064622747]
