R_list= [ 1  2  3  4  5  6  7  8  9 10 11 12 13 14 15 16 17 18 19 20 21 22 23 24
 25 26 27 28 29 30 31 32 33 34 35 36 37 38]
C_final_list= [9.064100593844079e-07, 7.707301720779903e-07, 6.596338548962184e-07, 5.693849567412678e-07, 4.916264973873618e-07, 4.235173806857019e-07, 3.6477409229577313e-07, 3.1394322490367077e-07, 2.703200675084893e-07, 2.3306531386218825e-07, 2.0067618661202556e-07, 1.7229926032463847e-07, 1.4780221094094522e-07, 1.2670200930266843e-07, 1.0858397921222592e-07, 9.295188698984071e-08, 7.943283253895484e-08, 6.783394746861035e-08, 5.791927563266347e-08, 4.940535642803986e-08, 4.2109549847737556e-08, 3.5929431316199774e-08, 3.064843081171411e-08, 2.609224966123354e-08, 2.217627626427823e-08, 1.8845595221960622e-08, 1.6015751742730355e-08, 1.3616424326928013e-08, 1.1584684535906722e-08, 9.840466698578114e-09, 8.354031146792868e-09, 7.1120961345514064e-09, 6.076422071822452e-09, 5.190448503827835e-09, 4.437473064843128e-09, 3.791627126077776e-09, 3.2411774206921143e-09, 2.7649810558675048e-09]
W_list: [5]
L_list: [6.6080234657306836]
