C_list:
1.6312790410238076e-06 0.08818105841172022
ndim2: 500
W_list: [2.4]
L_list: [11.340303893053399]
