C_final_list: [1.6846661015011975e-06, 1.5445580229081387e-06, 1.414587467133646e-06, 1.2941049165503525e-06, 1.18440901367638e-06, 1.0837463892464293e-06, 9.923030655670293e-07, 9.06656260069315e-07, 8.289483449827841e-07, 7.582916518563527e-07, 6.928783227918411e-07, 6.336500964477545e-07, 5.792053251719672e-07, 5.295822072324337e-07, 4.835296479441165e-07, 4.409067600837427e-07, 4.0221010895731285e-07, 3.66545671414724e-07, 3.3383122692864983e-07, 3.042423114841381e-07, 2.76927945578526e-07, 2.522991691898842e-07, 2.2985494930083457e-07, 2.0943968644825772e-07, 1.906215552841885e-07, 1.7371994840531558e-07, 1.5801399087586411e-07, 1.4374729961615754e-07, 1.3083691076185943e-07, 1.191997602783291e-07, 1.0829567302615967e-07, 9.863361217457597e-08, 8.989107846499566e-08, 8.195964353033461e-08, 7.46247323404648e-08]
ndim2: 500
W_list: [3.0]
L_list: [11.10499011822347]
