R_list= [ 1  2  3  4  5  6  7  8  9 10 11 12 13 14 15 16 17 18 19 20 21 22 23 24
 25 26 27 28 29 30 31 32 33 34 35 36 37 38]
C_final_list= [3.7738315298229986e-05, 2.5068445132638192e-05, 1.655961613968699e-05, 1.0932727558937377e-05, 7.2041880743026535e-06, 4.738195132846524e-06, 3.1130839634565125e-06, 2.0445586696846777e-06, 1.3471088872667088e-06, 8.856075788882162e-07, 5.815385942086749e-07, 3.81524714585634e-07, 2.497787947382175e-07, 1.6375133069216385e-07, 1.0764634597816155e-07, 7.09598586573005e-08, 4.682758905332794e-08, 3.0968380024027524e-08, 2.0445398439498903e-08, 1.3610200869325721e-08, 9.032452651381607e-09, 5.932065304275435e-09, 3.888298508412252e-09, 2.541205187187432e-09, 1.6570846052313407e-09, 1.0762760958943427e-09, 6.987654872623882e-10, 4.507731739823558e-10, 2.918497866833294e-10, 1.8629091869986432e-10, 1.1901696469637345e-10, 7.577802354612733e-11, 4.84296278698715e-11, 3.196869840819831e-11, 2.110533233912057e-11, 1.375902219886035e-11, 8.913795289270887e-12, 5.671439177152965e-12]
W_list: [8.0]
L_list: [2.4166443026904436]
