C_final_list: [2.295957803548138e-06, 2.1211391509447046e-06, 1.9513828705613e-06, 1.7937448373401426e-06, 1.650790311697718e-06, 1.5174212963101865e-06, 1.3966346878133035e-06, 1.2869984694235321e-06, 1.1870311770129542e-06, 1.0935928827300827e-06, 1.009048414685612e-06, 9.289763158475055e-07, 8.557720135410253e-07, 7.884670446260862e-07, 7.261313125777252e-07, 6.685304177262667e-07, 6.157916349997503e-07, 5.664571626562601e-07, 5.211702249482254e-07, 4.792062920892489e-07, 4.403228830848254e-07, 4.046614712200309e-07, 3.7209854522037094e-07, 3.4103099542056905e-07, 3.130104829625217e-07, 2.8701915811717187e-07, 2.6306905840200656e-07, 2.4105896609736715e-07, 2.212021345276172e-07, 2.0270066161628582e-07, 1.8555722827289864e-07, 1.7000176127999343e-07, 1.5545695176746492e-07, 1.4210092192339396e-07, 1.2976148613391774e-07, 1.1863038207855976e-07, 1.083626119223501e-07, 9.902301950305685e-08, 9.057261892716707e-08, 8.260733111296478e-08, 7.546849105796223e-08, 6.888141800961544e-08, 6.298472210640431e-08, 5.754830929632878e-08, 5.263836024917325e-08, 4.8100102697504315e-08, 4.401638292883319e-08, 4.0239696730372745e-08, 3.683346751919673e-08, 3.3688571113560546e-08]
ndim2: 500
W_list: [2.0]
L_list: [12.035659807298028]
