C_final_list: [2.055351170447429e-06, 1.9547022583973936e-06, 1.8536751225432847e-06, 1.76002652783442e-06, 1.6700475580973737e-06, 1.5852629281434133e-06, 1.505775135561239e-06, 1.4305178831590256e-06, 1.3582011526234007e-06, 1.2889210120926254e-06, 1.2230442130577725e-06, 1.160262790013858e-06, 1.1003295602749526e-06, 1.0445152037804525e-06, 9.911887066668481e-07, 9.407556318033732e-07, 8.921226916940781e-07, 8.456529909721928e-07, 8.014218836928346e-07, 7.599158488318398e-07, 7.206099844732789e-07, 6.834118289842399e-07, 6.477208719266653e-07, 6.139718819665449e-07, 5.821268952730284e-07, 5.517870357591453e-07, 5.232854792536537e-07, 4.960100192574954e-07, 4.702723419253779e-07, 4.4581186581149873e-07, 4.2225579287373016e-07, 4.0029742583915907e-07, 3.791896426572756e-07, 3.5925123408800796e-07, 3.402660156444796e-07]
ndim2: 500
W_list: [2.6]
L_list: [19.015870294559296]
