R_list= [ 1  2  3  4  5  6  7  8  9 10 11 12 13 14 15 16 17 18 19 20 21 22 23 24
 25 26 27 28 29 30 31 32 33 34 35 36 37 38]
C_final_list= [1.042891487069892e-07, 6.962262011913438e-08, 4.543000485339814e-08, 2.9517471378568935e-08, 1.9088483710980653e-08, 1.236024193702402e-08, 7.998429878057949e-09, 5.148453947429367e-09, 3.3127071600870434e-09, 2.1173477129567313e-09, 1.3370130670527697e-09, 8.352613317255507e-10, 5.189316429565571e-10, 3.2243180663596583e-10, 1.9915903743218904e-10, 1.2168199110348625e-10, 7.462460382595032e-11, 4.6071493147343076e-11, 2.8397479114548904e-11, 1.7363595115071056e-11, 1.0443491295061152e-11, 6.2092237152239375e-12, 3.700688302248193e-12, 2.237196963546236e-12, 1.350450958237427e-12, 8.189291416105562e-13, 5.028001515735333e-13, 3.092252350960859e-13, 1.8475910500602893e-13, 1.1052438590292214e-13, 6.809519175611732e-14, 4.325348642269185e-14, 2.919708330988174e-14, 2.0627639590782828e-14, 1.4026816958831896e-14, 9.032015085485779e-15, 5.897828588497519e-15, 6.615828489533839e-15]
W_list: [7]
L_list: [2.36827231563103]
