R_list= [ 1  2  3  4  5  6  7  8  9 10 11 12 13 14 15 16 17 18 19 20 21 22 23 24
 25 26 27 28 29 30 31 32 33 34 35 36 37 38]
C_final_list= [3.5478351894296616e-07, 3.200207748912561e-07, 2.8685599898133114e-07, 2.563572008581021e-07, 2.2888292188672195e-07, 2.0435660144916597e-07, 1.8234580214504596e-07, 1.624550596527227e-07, 1.4482895569821614e-07, 1.2905984964300137e-07, 1.151295945114391e-07, 1.0251522878612684e-07, 9.11283656374081e-08, 8.093706919017045e-08, 7.182677833792886e-08, 6.372839025688654e-08, 5.6576902448185196e-08, 5.018609581061367e-08, 4.451326426986075e-08, 3.9480843170555895e-08, 3.4994213504753366e-08, 3.102716067161996e-08, 2.749682161833087e-08, 2.4350571313397396e-08, 2.1575530310386157e-08, 1.9089104220061505e-08, 1.6889707241765342e-08, 1.492854923615224e-08, 1.3199169275828688e-08, 1.1660759485791852e-08, 1.0283014142264648e-08, 9.068089231120858e-09, 7.993122976502612e-09, 7.034171153329108e-09, 6.18387053462996e-09, 5.434571754904421e-09, 4.765118829060472e-09, 4.180146797477722e-09]
W_list: [7]
L_list: [8.715097755696984]
