R_list= [ 1  2  3  4  5  6  7  8  9 10 11 12 13 14 15 16 17 18 19 20 21 22 23 24
 25 26 27 28 29 30 31 32 33 34 35 36 37 38]
C_final_list= [1.900555997442632e-07, 1.6371121573246607e-07, 1.3906241442380216e-07, 1.171186004203436e-07, 9.79872800577728e-08, 8.169041090633162e-08, 6.786334003632676e-08, 5.6359920860306864e-08, 4.6778139067720805e-08, 3.878713800275706e-08, 3.213955788749616e-08, 2.662804486803547e-08, 2.2018401778012502e-08, 1.8178233034998945e-08, 1.4973040524123643e-08, 1.2331368121954066e-08, 1.01477302815706e-08, 8.361670847400675e-09, 6.870075732468768e-09, 5.643652926269058e-09, 4.625403281155648e-09, 3.785319061060791e-09, 3.0925669622345804e-09, 2.523818038996521e-09, 2.058139030660043e-09, 1.6761237068677805e-09, 1.367601392789657e-09, 1.1165877681785069e-09, 9.144348087615666e-10, 7.495410357273211e-10, 6.162112476582408e-10, 5.060127669288302e-10, 4.1688329406379223e-10, 3.428674821525163e-10, 2.8119099498139735e-10, 2.3050172964661938e-10, 1.88876745204268e-10, 1.548129232489553e-10]
W_list: [9.4]
L_list: [5.641616065757397]
