C_final_list: [1.8823563480669944e-06, 1.8640671787433e-06, 1.8453110613628741e-06, 1.8273022294191144e-06, 1.8100489221210254e-06, 1.7930663699157994e-06, 1.7763167342950395e-06, 1.76001503673784e-06, 1.7439283615074744e-06, 1.7280014501319482e-06, 1.71224650246839e-06, 1.6966702484135118e-06, 1.6812752079114617e-06, 1.6662569414954984e-06, 1.6513261882511246e-06, 1.6365581800777147e-06, 1.6220300544267647e-06, 1.6072979559472892e-06, 1.592898209860457e-06, 1.578535831829475e-06, 1.5644329183010054e-06, 1.5503415589563627e-06, 1.5364232824897026e-06, 1.522885074808789e-06, 1.5093215789551544e-06, 1.4959030586203318e-06, 1.482595928100754e-06, 1.4694542235655143e-06, 1.456496605307724e-06, 1.443697299704911e-06, 1.431024571559129e-06, 1.418402965371895e-06, 1.405862370699276e-06, 1.393432277909312e-06, 1.381153791057679e-06]
ndim2: 500
W_list: [2.0]
L_list: [110.24129195789091]
