R_list= [ 1  2  3  4  5  6  7  8  9 10 11 12 13 14 15 16 17 18 19 20 21 22 23 24
 25 26 27 28 29 30 31 32]
C_final_list= [7.733972870842888e-08, 2.9829932477209364e-08, 8.916324666155539e-09, 2.330104924641956e-09, 5.648638087789462e-10, 1.3105508572372905e-10, 2.956091729051725e-11, 6.534090021610356e-12, 1.4280265564677641e-12, 3.1232217235999786e-13, 6.859032664469671e-14, 1.5217063082012106e-14, 3.4310710243125233e-15, 7.836906690907877e-16, 1.742942082335813e-16, 3.834821221751645e-17, 8.458206840151991e-18, 1.873708020652253e-18, 4.128108454132451e-19, 9.000734460552891e-20, 1.9921011094465583e-20, 4.5176626499822605e-21, 1.0837822319690789e-21, 2.9115001370320046e-22, 9.198854232723288e-23, 3.6931527038566037e-23, 2.0168955198270507e-23, 1.4472196361678668e-23, 1.2661741463805257e-23, 1.2236958819499217e-23, 1.1453750274169035e-23, 1.0334651307214315e-23]
W_list: [6]
L_list: [0.9855544605897484]
