C_final_list: [2.0104573697139974e-06, 1.8902003608762953e-06, 1.7742669633877622e-06, 1.66353312860039e-06, 1.5608311003799814e-06, 1.4655306416799462e-06, 1.3771709243973236e-06, 1.293293822443253e-06, 1.2137708930834348e-06, 1.1384309400425236e-06, 1.0672503347302635e-06, 1.0003608888902405e-06, 9.379857576917392e-07, 8.790000322304689e-07, 8.239666612453444e-07, 7.722928409426871e-07, 7.226787540784397e-07, 6.767996548219783e-07, 6.337562045489473e-07, 5.936826926978487e-07, 5.556714849777976e-07, 5.199877414002815e-07, 4.863659916455997e-07, 4.55013705070526e-07, 4.25497768962599e-07, 3.98325930321575e-07, 3.722845131447761e-07, 3.477597121608213e-07, 3.2504093708395485e-07, 3.040950917645042e-07, 2.8460659989162855e-07, 2.6629085744781946e-07, 2.489637782555677e-07, 2.3271028155952014e-07, 2.1738867473503325e-07, 2.033808409621408e-07, 1.9016337521601674e-07, 1.7762479331779304e-07, 1.659554798237959e-07, 1.5513516877503027e-07, 1.4509744552081035e-07, 1.357170960411576e-07, 1.270871944026466e-07, 1.1886701795506774e-07, 1.1124443921926331e-07, 1.0399868551188225e-07, 9.728130737633003e-08, 9.100433409297037e-08, 8.516212862790042e-08, 7.97632331351124e-08]
ndim2: 500
W_list: [3.0]
L_list: [15.423204142686972]
