C_list:
1.4450346915067598e-06 0.16290132042746475
ndim2: 500
W_list: [3.4]
L_list: [6.138685661822312]
