R_list= [ 1  2  3  4  5  6  7  8  9 10 11 12 13 14 15 16 17 18 19 20 21 22 23 24
 25 26 27 28 29 30 31 32 33 34 35 36 37 38]
C_final_list= [7.0776670225513134e-06, 6.11995813764211e-06, 5.249196347916815e-06, 4.484278746204863e-06, 3.828477963970206e-06, 3.2665287988132067e-06, 2.7854520674437916e-06, 2.3732629481027845e-06, 2.020383685891277e-06, 1.7191716919307724e-06, 1.4620149205839122e-06, 1.243782296394774e-06, 1.0584052819830775e-06, 9.005375491624174e-07, 7.657386265393085e-07, 6.506035733966456e-07, 5.524463823657955e-07, 4.688062618279059e-07, 3.9781497635774716e-07, 3.376017918081256e-07, 2.8652441401548453e-07, 2.43210949657732e-07, 2.064002298709395e-07, 1.751324680376532e-07, 1.4857638405212832e-07, 1.259215639368693e-07, 1.0660168786796305e-07, 9.025065730482192e-08, 7.636222075090087e-08, 6.459399605823954e-08, 5.458434295880486e-08, 4.615552379420333e-08, 3.9013193437297037e-08, 3.3026802020541944e-08, 2.8009770735925938e-08, 2.375636486289683e-08, 2.0164745706663157e-08, 1.711573340787232e-08]
W_list: [8.0]
L_list: [6.323912728823628]
