R_list= [ 1  2  3  4  5  6  7  8  9 10 11 12 13 14 15 16 17 18 19 20 21 22 23 24
 25 26 27 28 29 30 31 32 33 34 35 36 37 38]
C_final_list= [3.420299308418043e-07, 2.91305530471551e-07, 2.453950103193354e-07, 2.0560569073653142e-07, 1.719827946696594e-07, 1.4343460011387815e-07, 1.195230416601971e-07, 9.963791623664374e-08, 8.297787214273955e-08, 6.90106061699103e-08, 5.722047293626777e-08, 4.74178228323313e-08, 3.937541383077325e-08, 3.2702308340279336e-08, 2.7144430947897144e-08, 2.247993735439647e-08, 1.8572046373864713e-08, 1.5314607046944358e-08, 1.2611732908532992e-08, 1.0392665013352786e-08, 8.564330223072927e-09, 7.062397210833357e-09, 5.818132449154849e-09, 4.781154610532462e-09, 3.921321547466017e-09, 3.2166761730871003e-09, 2.6531530101369204e-09, 2.189879502972834e-09, 1.8072327211346187e-09, 1.4869811051001517e-09, 1.2171191687094047e-09, 9.924971726511979e-10, 8.050347908430995e-10, 6.526624341679962e-10, 5.30631701856234e-10, 4.3290367123215566e-10, 3.530833059073199e-10, 2.8833996588022683e-10]
W_list: [8.6]
L_list: [5.598453576574689]
