R_list= [ 1  2  3  4  5  6  7  8  9 10 11 12 13 14 15 16 17 18 19 20 21 22 23 24
 25 26 27 28 29 30 31 32 33 34 35 36 37 38]
C_final_list= [6.616935839214145e-06, 5.674070805206193e-06, 4.816309737763649e-06, 4.070396589618278e-06, 3.435094572607747e-06, 2.8974840941375326e-06, 2.4437474828966975e-06, 2.059220190686578e-06, 1.7348356497213802e-06, 1.4617095644863234e-06, 1.2314937076205608e-06, 1.0376923655404455e-06, 8.741295838430673e-07, 7.360253586309606e-07, 6.197723637551876e-07, 5.211408011632876e-07, 4.3848370958833696e-07, 3.687148167231404e-07, 3.1011237940995205e-07, 2.607264917035984e-07, 2.1916366382989603e-07, 1.8410200850481453e-07, 1.5479895816924985e-07, 1.3007706508061597e-07, 1.0930692106155337e-07, 9.185683017092576e-08, 7.723777161586648e-08, 6.496407079091465e-08, 5.4817852265624854e-08, 4.62049519119613e-08, 3.8913792844924325e-08, 3.2842975500253966e-08, 2.7687353411823023e-08, 2.330009204720705e-08, 1.9586870918645083e-08, 1.6483530024841196e-08, 1.3877346634203578e-08, 1.1669073747245521e-08]
W_list: [8.15]
L_list: [5.940820435629397]
