C_final_list: [2.2618470390248945e-06, 2.0746380626993136e-06, 1.894093367926403e-06, 1.7327472741142829e-06, 1.5835236790533387e-06, 1.4457444835301637e-06, 1.321066896344997e-06, 1.2063517184730562e-06, 1.1028716620392271e-06, 1.0100499001648974e-06, 9.234413242782558e-07, 8.444633931580361e-07, 7.715014446193274e-07, 7.044419811041663e-07, 6.430105303002827e-07, 5.866230090308872e-07, 5.36295448840492e-07, 4.901672262557649e-07, 4.4800067111441196e-07, 4.098660324250258e-07, 3.742200434118877e-07, 3.415969075243745e-07, 3.118125702906062e-07, 2.8426081801000625e-07, 2.584796283868963e-07, 2.3510761130856186e-07, 2.1387708047022566e-07, 1.9442357260895322e-07, 1.770186964741612e-07, 1.6084955716407809e-07, 1.4617266088853391e-07, 1.3266930725815202e-07, 1.2066796388574855e-07, 1.0989045167142624e-07, 9.983706114922768e-08]
ndim2: 500
W_list: [2.2]
L_list: [11.08064118545604]
