C_final_list: [1.937640129179034e-06, 1.6566707199009732e-06, 1.4096478415309042e-06, 1.198422998375266e-06, 1.0197464602213915e-06, 8.684179011837609e-07, 7.39556832766262e-07, 6.304003314105339e-07, 5.373090788704674e-07, 4.581567589662695e-07, 3.892918424878983e-07, 3.3071739068177443e-07, 2.808025692011789e-07, 2.3780616130733964e-07, 2.0191203429451183e-07, 1.7108607619046035e-07, 1.4493863471502315e-07, 1.2231242839103954e-07, 1.0343093419198316e-07, 8.7273849264205e-08, 7.36212916038734e-08, 6.208766409893817e-08, 5.2416799682886026e-08, 4.406621962266782e-08, 3.7173446746627324e-08, 3.1299861402337726e-08, 2.6460043763194725e-08, 2.2321656047686098e-08, 1.8732422432852395e-08, 1.5774422589298713e-08, 1.321661161426346e-08, 1.1075039705372207e-08, 9.302576767063334e-09, 7.782266697931553e-09, 6.507026517730126e-09, 5.3967538338802735e-09, 4.487027911120429e-09, 3.730298821188362e-09, 3.111956585091331e-09, 2.582487403710618e-09, 2.1599360738928587e-09, 1.8119741362124522e-09, 1.5200803433654704e-09, 1.2737382635142438e-09, 1.0722810482789881e-09, 9.038393247717665e-10, 7.548029316362203e-10, 6.356055531278446e-10, 5.270227381968178e-10, 4.390684012848362e-10]
ndim2: 500
W_list: [3.4000000000000004]
L_list: [6.198443520499829]
