C_final_list: [1.7123813415946198e-06, 1.4223125495918116e-06, 1.1767299215005265e-06, 9.761366403423394e-07, 8.11220946699369e-07, 6.744794905330692e-07, 5.595956273611998e-07, 4.657492817995401e-07, 3.85589617332081e-07, 3.191830393650673e-07, 2.6418834251690054e-07, 2.1856461694999836e-07, 1.8083004735073024e-07, 1.496765726651775e-07, 1.2363462265585215e-07, 1.0205435656483621e-07, 8.436569177832328e-08, 6.968166027983928e-08, 5.774034659741868e-08, 4.7854491851977556e-08, 3.9613677333903736e-08, 3.277758016424073e-08, 2.7021027961700925e-08, 2.2288968502600858e-08, 1.838123267118257e-08, 1.5109964841016763e-08, 1.2308551039111313e-08, 1.0039864952056728e-08, 8.185653809531496e-09, 6.64027608499095e-09, 5.397710110844416e-09, 4.3767677722794155e-09, 3.525123643953093e-09, 2.8408897771084747e-09, 2.304832978966079e-09]
ndim2: 500
W_list: [3.6]
L_list: [5.348515261503071]
