R_list= [ 1  2  3  4  5  6  7  8  9 10 11 12 13 14 15 16 17 18 19 20 21 22 23 24
 25 26 27 28 29 30 31 32 33 34 35 36 37 38]
C_final_list= [8.063288642133882e-07, 5.838184858661664e-07, 4.33174869378587e-07, 3.254778597209288e-07, 2.4429928479397976e-07, 1.8324144025930524e-07, 1.375616963057006e-07, 1.0288847405060577e-07, 7.615628770956701e-08, 5.6479236465138304e-08, 4.195393014029356e-08, 3.122912842750959e-08, 2.3122079893966056e-08, 1.7122520876586893e-08, 1.2630205251289907e-08, 9.313413198207552e-09, 6.895093032016942e-09, 5.129421803750118e-09, 3.817701852718702e-09, 2.8303280348820814e-09, 2.0791398405113974e-09, 1.5204773849104837e-09, 1.1038123933948576e-09, 7.909266114563752e-10, 5.681299840391123e-10, 4.0801634544206694e-10, 2.9558935340643767e-10, 2.1474964187429726e-10, 1.5623972435717648e-10, 1.1414277045146555e-10, 8.23531468184602e-11, 5.94142164594833e-11, 4.310588378192663e-11, 3.1495298944790866e-11, 2.324167159780513e-11, 1.7350366406460932e-11, 1.2939192099226095e-11, 9.504580800568177e-12]
W_list: [6]
L_list: [3.361545054291696]
