R_list= [ 1  2  3  4  5  6  7  8  9 10 11 12 13 14 15 16 17 18 19 20 21 22 23 24
 25 26 27 28 29 30 31 32 33 34 35 36 37 38]
C_final_list= [4.771753199231469e-07, 4.122063446294608e-07, 3.539752511599899e-07, 3.032980700732486e-07, 2.594041045391057e-07, 2.216027968552328e-07, 1.8937437885222577e-07, 1.6184848439780017e-07, 1.384461120870104e-07, 1.1815586327798207e-07, 1.0078599406949002e-07, 8.583602300652923e-08, 7.317314242770651e-08, 6.221165054706135e-08, 5.285529280607463e-08, 4.487002240975292e-08, 3.811653802680321e-08, 3.239749283968209e-08, 2.7449808980818234e-08, 2.320580644699516e-08, 1.9625121275353326e-08, 1.660219293273376e-08, 1.4037142088150255e-08, 1.1872453072742487e-08, 1.0042950172738992e-08, 8.496374565507469e-09, 7.1720939209421565e-09, 6.042318646707562e-09, 5.08901489490078e-09, 4.300813376630694e-09, 3.617480719694274e-09, 3.03420378513383e-09, 2.5429229423936663e-09, 2.1288793833505587e-09, 1.786440018406899e-09, 1.4941903006059436e-09, 1.2507455195348755e-09, 1.049489708165429e-09]
W_list: [7]
L_list: [6.392941560023856]
