C_final_list: [2.052205034270441e-06, 1.9370085596481425e-06, 1.8251071485800746e-06, 1.7200204533262246e-06, 1.6192282548633168e-06, 1.5239129660857246e-06, 1.4336299681141794e-06, 1.3492688986703114e-06, 1.2699367026280991e-06, 1.1947896685036979e-06, 1.1235949672152831e-06, 1.0574950909920041e-06, 9.940519249256717e-07, 9.347420826227209e-07, 8.793624934319403e-07, 8.276770024010229e-07, 7.788722941307592e-07, 7.328262757280618e-07, 6.896736677899083e-07, 6.490616518856713e-07, 6.107123435721295e-07, 5.746531792341419e-07, 5.406011021378134e-07, 5.084765665257414e-07, 4.780871482349386e-07, 4.496083636725344e-07, 4.2235965620829943e-07, 3.965402936283323e-07, 3.724369885565978e-07, 3.494437312946906e-07, 3.2824356607024275e-07, 3.079593584370529e-07, 2.8884249802585615e-07, 2.7058634207606775e-07, 2.5333122478283854e-07, 2.370064274861508e-07, 2.218813872109081e-07, 2.0771378878407283e-07, 1.9454807524856148e-07, 1.8228837019456004e-07, 1.7071527541414066e-07, 1.5985972637701295e-07, 1.496689897204849e-07, 1.401506214485823e-07, 1.3127839587754175e-07, 1.229078936890002e-07, 1.1510374634445429e-07, 1.0779362515483358e-07, 1.0094625347341321e-07, 9.448584541418512e-08]
ndim2: 500
W_list: [2.9499999999999997]
L_list: [16.324968100163336]
