C_final_list: [1.891628525942869e-06, 1.8314041956033437e-06, 1.771737347768999e-06, 1.714076093344712e-06, 1.658776916913689e-06, 1.605390728563e-06, 1.553969324038575e-06, 1.50411045927243e-06, 1.4558080762479888e-06, 1.4092946648921617e-06, 1.3639952594156474e-06, 1.3205883346360188e-06, 1.2782444085565437e-06, 1.2366129274122132e-06, 1.1965580267411194e-06, 1.1577131395166438e-06, 1.1200851907763844e-06, 1.0837682938846905e-06, 1.0487434168413103e-06, 1.014904415024584e-06, 9.822317714081604e-07, 9.512337129683508e-07, 9.210923813247888e-07, 8.919998002931153e-07, 8.638755753916462e-07, 8.364865574936933e-07, 8.097855560533388e-07, 7.839123679140005e-07, 7.587300364229988e-07, 7.3419823143416e-07, 7.105853657296292e-07, 6.879418476198151e-07, 6.658242716282543e-07, 6.446505346992454e-07, 6.237274433079563e-07, 6.031688020799899e-07, 5.831497546076386e-07, 5.636940333870824e-07, 5.448523796100941e-07, 5.266859270385698e-07, 5.093260273783403e-07, 4.924164499688921e-07, 4.7596016984062526e-07, 4.6016112630275654e-07, 4.4490398966744977e-07, 4.3006234047770566e-07, 4.156978890438645e-07, 4.0184174656392096e-07, 3.883270445333937e-07, 3.752905020250564e-07]
ndim2: 500
W_list: [3.05]
L_list: [30.52851751142189]
