R_list= [ 1  2  3  4  5  6  7  8  9 10 11 12 13 14 15 16 17 18 19 20 21 22 23 24
 25 26 27 28 29 30 31 32 33 34 35 36 37 38]
C_final_list= [4.225198106351902e-07, 2.68701078737008e-07, 1.6333146450122813e-07, 9.97953900384887e-08, 6.146494421179746e-08, 3.7965561449914804e-08, 2.3322048899776333e-08, 1.4193973096824878e-08, 8.563230632236548e-09, 5.140869052489937e-09, 3.0688107469537445e-09, 1.8270148314167386e-09, 1.0882166537746683e-09, 6.450885367562273e-10, 3.846932916509528e-10, 2.2979420119215341e-10, 1.3709002353890262e-10, 8.154690847358483e-11, 4.835506034244826e-11, 2.8745175246829914e-11, 1.7007787238915497e-11, 1.0133627475606344e-11, 6.053662706315488e-12, 3.648794235149956e-12, 2.2152202169665536e-12, 1.3537059401840864e-12, 8.300702529730421e-13, 5.016280190291553e-13, 2.982586297327312e-13, 1.7789465034543302e-13, 1.0606209119802966e-13, 6.18994418341246e-14, 3.540311259690172e-14, 2.092985477527716e-14, 1.2716389503126475e-14, 7.690764819891413e-15, 4.487629563690889e-15, 2.707319891153927e-15]
W_list: [6]
L_list: [2.0928237157622993]
