R_list= [ 1  2  3  4  5  6  7  8  9 10 11 12 13 14 15 16 17 18 19 20 21 22 23 24
 25 26 27 28 29 30 31 32 33 34 35 36 37 38]
C_final_list= [4.0851894145143926e-07, 3.6402096937164224e-07, 3.219631989175443e-07, 2.8329379312611176e-07, 2.489597585304387e-07, 2.182535556539372e-07, 1.9126068640165332e-07, 1.673788641138499e-07, 1.4629964455340115e-07, 1.278663394801732e-07, 1.1161193159788097e-07, 9.756748008901753e-08, 8.535240357997115e-08, 7.477604243732183e-08, 6.532137382238852e-08, 5.710288385384604e-08, 4.986248025097104e-08, 4.3528889135366175e-08, 3.794698105087705e-08, 3.305739527258253e-08, 2.8781285542475928e-08, 2.5062172941098648e-08, 2.1782900369906063e-08, 1.8940997148468573e-08, 1.6459728272800992e-08, 1.431998234400316e-08, 1.2464241069924584e-08, 1.0836023154499123e-08, 9.437716881221068e-09, 8.238647517190637e-09, 7.190562521432813e-09, 6.276320834471149e-09, 5.476878612004935e-09, 4.769805163219196e-09, 4.151491281001843e-09, 3.6053114091849245e-09, 3.1385664272159676e-09, 2.729454479682599e-09]
W_list: [7]
L_list: [7.630848759396884]
