R_list= [ 1  2  3  4  5  6  7  8  9 10 11 12 13 14 15 16 17 18 19 20 21 22 23 24
 25 26 27 28 29 30 31 32 33 34 35 36 37 38]
C_final_list= [6.141493961162705e-08, 3.4258638549854475e-08, 1.8087557600922168e-08, 9.46281206885153e-09, 4.8933580569872e-09, 2.5031039548720427e-09, 1.274051928884349e-09, 6.4401527620186e-10, 3.2354008756264526e-10, 1.6207377630148337e-10, 8.192600489410091e-11, 4.195368288446014e-11, 2.1374792460308365e-11, 1.0723545877386193e-11, 5.249621070221841e-12, 2.5546484878113654e-12, 1.2864445499888798e-12, 6.600498757163809e-13, 3.286105395669388e-13, 1.5932151771215212e-13, 7.529178679106286e-14, 3.485608683721689e-14, 1.672744600544059e-14, 8.253338211415303e-15, 4.201192062009443e-15, 2.245003545208168e-15, 1.0801000064037264e-15, 4.570921282499945e-16, 1.7677644301226133e-16, 7.544020182430324e-17, 3.8201811643886796e-17, 1.9965270688360817e-17, 1.0858258397235065e-17, 6.304657977336937e-18, 3.191137452150177e-18, 1.5327515077199897e-18, 7.484693194947268e-19, 3.0894319790899817e-19]
W_list: [7]
L_list: [1.6288521190386853]
