R_list= [ 1  2  3  4  5  6  7  8  9 10 11 12 13 14 15 16 17 18 19 20 21 22 23 24
 25 26 27 28 29 30 31 32 33 34 35 36 37 38]
C_final_list= [8.015175016496401e-07, 7.029509677628411e-07, 6.221178183411374e-07, 5.482403095623817e-07, 4.830766984700235e-07, 4.258801001861338e-07, 3.7507882802468517e-07, 3.296389679323891e-07, 2.8941293151663487e-07, 2.5419276245969695e-07, 2.234163509577014e-07, 1.959089580112104e-07, 1.7188837051753046e-07, 1.5060940990959416e-07, 1.3176701963651409e-07, 1.1546451971122348e-07, 1.0107600087631616e-07, 8.831849991538232e-08, 7.726067289899427e-08, 6.75884444300711e-08, 5.904992283455627e-08, 5.1579490779944965e-08, 4.504834075214183e-08, 3.921381160741598e-08, 3.412560912229731e-08, 2.970261484365341e-08, 2.587092878732968e-08, 2.2508628770077275e-08, 1.9580809421664784e-08, 1.7019082332200887e-08, 1.4785004950002325e-08, 1.2844268398206329e-08, 1.1167544031960687e-08, 9.727583854716964e-09, 8.48586043664762e-09, 7.3875691562697045e-09, 6.4232175258215915e-09, 5.570581562475699e-09]
W_list: [6]
L_list: [7.766606988653754]
