C_final_list: [2.154831324885715e-06, 2.1382839910668453e-06, 2.1218699714415413e-06, 2.106199218504687e-06, 2.0909582564649747e-06, 2.0760748796783196e-06, 2.061421246866482e-06, 2.0468950923146827e-06, 2.0324153321725566e-06, 2.018339866259091e-06, 2.004382688634559e-06, 1.9906295472678456e-06, 1.9770032487823715e-06, 1.9632030404441745e-06, 1.949467776645344e-06, 1.935985120221433e-06, 1.922679497633187e-06, 1.909474335229866e-06, 1.896221019898724e-06, 1.8829522607752618e-06, 1.8698697291605528e-06, 1.8568317360014972e-06, 1.843903231841623e-06, 1.8311835695540505e-06, 1.8184268629891063e-06, 1.8059096972483933e-06, 1.7934686474982038e-06, 1.7812164860151065e-06, 1.768969367715397e-06, 1.7566445570936679e-06, 1.7444475122764476e-06, 1.7323359579351324e-06, 1.7204678664932023e-06, 1.7085657542814152e-06, 1.6968609824519418e-06, 1.685286219223061e-06, 1.673744759006232e-06, 1.662247946385637e-06, 1.6508411281861177e-06, 1.6394983225803457e-06, 1.6281103455571002e-06, 1.616798775914261e-06, 1.6056786459321516e-06, 1.5947042245446824e-06, 1.5837961184032109e-06, 1.5730009761140021e-06, 1.5623226097495801e-06, 1.551817787664965e-06, 1.5413931876616368e-06, 1.5310408804718131e-06]
ndim2: 500
W_list: [2.0]
L_list: [143.8208421322793]
