C_final_list: [1.4611171054315415e-06, 1.3939706060961713e-06, 1.3275733187920347e-06, 1.2640814285835863e-06, 1.2028814520543725e-06, 1.1446759274255386e-06, 1.0892589120775096e-06, 1.0364282271541589e-06, 9.859792041106294e-07, 9.381406313296368e-07, 8.923654497895578e-07, 8.488731140826213e-07, 8.069717289593351e-07, 7.676100923033295e-07, 7.3001543821965e-07, 6.944540948257422e-07, 6.606853898898812e-07, 6.29083927244673e-07, 5.983293673135589e-07, 5.692621611329908e-07, 5.413519401397008e-07, 5.15122700337063e-07, 4.901675591503496e-07, 4.664288313164037e-07, 4.436208476647577e-07, 4.217377957859425e-07, 4.009333104024958e-07, 3.8122675636908695e-07, 3.621452117392288e-07, 3.4417157330779227e-07, 3.270922426580005e-07, 3.1081046846736395e-07, 2.9520706908160063e-07, 2.805347830425766e-07, 2.666262169172268e-07]
ndim2: 500
W_list: [3.0]
L_list: [20.054169528466957]
