C_final_list: [1.6505827381618875e-06, 1.6274588402767865e-06, 1.604228685026325e-06, 1.5815891169669814e-06, 1.559549486945393e-06, 1.5375336762426214e-06, 1.5159471689514905e-06, 1.4948811757552204e-06, 1.4742794733950117e-06, 1.4540706593166969e-06, 1.4341607877922472e-06, 1.4144464456823786e-06, 1.3951787630834594e-06, 1.3757178943614697e-06, 1.356789210088502e-06, 1.338142597155013e-06, 1.319709135788055e-06, 1.301734607911599e-06, 1.2841724919514983e-06, 1.2667084197566582e-06, 1.249618756336223e-06, 1.2327131549423323e-06, 1.2160611830207597e-06, 1.199436870875985e-06, 1.1829614293031077e-06, 1.1667510976552746e-06, 1.1508484827417283e-06, 1.1351742279023333e-06, 1.119501766580946e-06, 1.1042323251352252e-06, 1.0890839561645793e-06, 1.0740867453417336e-06, 1.0591989325471904e-06, 1.044464695857328e-06, 1.0299219072198195e-06]
ndim2: 500
W_list: [2.4]
L_list: [72.31371040610148]
