R_list= [ 1  2  3  4  5  6  7  8  9 10 11 12 13 14 15 16 17 18 19 20 21 22 23 24
 25 26 27 28 29 30]
C_final_list= [1.6879902096124133e-07, 1.1469997866882076e-07, 7.456598220415558e-08, 4.806958000269258e-08, 3.076168835765236e-08, 1.950721444671711e-08, 1.2254182135716552e-08, 7.666416569062407e-09, 4.7931442593683175e-09, 3.0055731658657784e-09, 1.8867532546894045e-09, 1.1825371952352075e-09, 7.380151643208898e-10, 4.6060398893453433e-10, 2.8680655753202805e-10, 1.7589467130017357e-10, 1.073294229246682e-10, 6.445380282333521e-11, 3.838394519352687e-11, 2.2738759333253544e-11, 1.3373468617431617e-11, 7.874686067290513e-12, 4.668048238492175e-12, 2.7905941936557732e-12, 1.7147796131335423e-12, 1.0559400320691264e-12, 6.334425542409386e-13, 3.7795310750377175e-13, 2.2749847222615995e-13, 1.3490306578009979e-13]
W_list: [6]
L_list: [2.367418832381407]
