R_list= [ 1  2  3  4  5  6  7  8  9 10 11 12 13 14 15 16 17 18 19 20 21 22 23 24
 25 26 27 28 29 30 31 32 33 34 35 36 37 38]
C_final_list= [2.2356228173901386e-06, 2.1326842129521e-06, 2.035719834433446e-06, 1.9440555103829554e-06, 1.8578153790511403e-06, 1.7749004472265377e-06, 1.6960683045792098e-06, 1.6203518261148006e-06, 1.5490495801535774e-06, 1.4809344849811928e-06, 1.4145229550031498e-06, 1.3503766103080181e-06, 1.2900206202248212e-06, 1.2317844028725271e-06, 1.1762275021182516e-06, 1.1233068886750653e-06, 1.0724462469012159e-06, 1.023874318799693e-06, 9.774536077950329e-07, 9.329699816541226e-07, 8.905318512478054e-07, 8.500619665004387e-07, 8.112690934336549e-07, 7.740099565878463e-07, 7.388465614874547e-07, 7.055648807477368e-07, 6.738507353366409e-07, 6.432002187035386e-07, 6.137577790354896e-07, 5.857741676416427e-07, 5.587283347395394e-07, 5.32840849490834e-07, 5.081979664065563e-07, 4.850927464776651e-07, 4.6281761419004924e-07, 4.4138838010566695e-07, 4.210740952645721e-07, 4.0125933983862696e-07]
W_list: [4]
L_list: [21.68575229062302]
