R_list= [ 1  2  3  4  5  6  7  8  9 10 11 12 13 14 15 16 17 18 19 20 21 22 23 24
 25 26 27 28 29 30 31 32 33 34 35 36 37 38]
C_final_list= [5.661865747298983e-07, 4.606051386739814e-07, 3.7136265604666586e-07, 2.985746178791281e-07, 2.3953099815994306e-07, 1.9198916051486952e-07, 1.5402916283120276e-07, 1.2335533649147015e-07, 9.865539710641929e-08, 7.876217596276809e-08, 6.29851424318996e-08, 5.015846542042218e-08, 4.001622000553389e-08, 3.1829927631731295e-08, 2.5284897066492518e-08, 2.00610208678882e-08, 1.5931467337660475e-08, 1.2645960476530181e-08, 1.0012254161602037e-08, 7.905184956481814e-09, 6.237188944853315e-09, 4.913976665437871e-09, 3.8724867025706634e-09, 3.0550742121800736e-09, 2.4064281990918816e-09, 1.8972518187251522e-09, 1.493985311751678e-09, 1.1754234945789527e-09, 9.239635567014778e-10, 7.257803220370076e-10, 5.737888408369115e-10, 4.5384275249748627e-10, 3.577147185945074e-10, 2.814142252272188e-10, 2.214954769057795e-10, 1.7468340785064074e-10, 1.378078915390706e-10, 1.0903364076886658e-10]
W_list: [7.4]
L_list: [4.576779053667481]
