R_list= [ 1  2  3  4  5  6  7  8  9 10 11 12 13 14 15 16 17 18 19 20 21 22 23 24
 25 26 27 28 29 30 31 32 33 34 35 36 37 38]
C_final_list= [5.616442700656527e-07, 4.3290677926822616e-07, 3.384808112947874e-07, 2.642473370250851e-07, 2.0663110174195138e-07, 1.6136941735678385e-07, 1.25848104309763e-07, 9.850435319507509e-08, 7.670140615071179e-08, 5.95584407399908e-08, 4.619423337724477e-08, 3.586519688575931e-08, 2.772671726445771e-08, 2.1318638066949158e-08, 1.641626693682061e-08, 1.2628714392460279e-08, 9.754936343827448e-09, 7.488995540930872e-09, 5.729987458804275e-09, 4.3779228425124635e-09, 3.326279605344706e-09, 2.5541469507718073e-09, 1.970794172139777e-09, 1.5197738191253854e-09, 1.1607825868361305e-09, 8.909555170623623e-10, 6.790560337207954e-10, 5.150637914542451e-10, 3.911513100673719e-10, 2.992823620077273e-10, 2.2882474393927307e-10, 1.7609954558443922e-10, 1.35874921162055e-10, 1.0539274865239336e-10, 8.204744552592514e-11, 6.357027326426733e-11, 4.916028678588143e-11, 3.816525156585626e-11]
W_list: [7]
L_list: [4.005820190209691]
