R_list= [ 1  2  3  4  5  6  7  8  9 10 11 12 13 14 15 16 17 18 19 20 21 22 23 24
 25 26 27 28 29 30 31 32 33 34 35 36 37 38]
C_final_list= [1.0016487945718947e-06, 6.169921480428975e-07, 3.7983897124394614e-07, 2.3024702074484785e-07, 1.404102300783898e-07, 8.536508723325106e-08, 5.1405229594194797e-08, 3.076550539769368e-08, 1.822744176667188e-08, 1.058666691281303e-08, 6.195965794700305e-09, 3.6075933143425448e-09, 2.1210961705661354e-09, 1.249279008837689e-09, 7.388518681282019e-10, 4.46937801211771e-10, 2.663923289718655e-10, 1.5507060026707245e-10, 9.048005693729977e-11, 5.2529944674671654e-11, 3.117059527488559e-11, 1.9208033376872534e-11, 1.1505846539797599e-11, 6.986086415310071e-12, 4.083032169955749e-12, 2.5656865556625887e-12, 1.5863168676922495e-12, 1.0481240619733625e-12, 6.455037826973071e-13, 3.7874960249232775e-13, 2.3103687780701343e-13, 1.4230019454198095e-13, 8.494566321314075e-14, 5.1141823476606254e-14, 3.40880938540455e-14, 2.0835948756849444e-14, 1.3344804110096974e-14, 9.110313404103993e-15]
W_list: [8.600000000000001]
L_list: [2.042803644535825]
