C_list:
1.8830339016406403e-06 0.2907638633001735
ndim2: 500
W_list: [3.8000000000000003]
L_list: [3.4392169255490947]
