R_list= [ 1  2  3  4  5  6  7  8  9 10 11 12 13 14 15 16 17 18 19 20 21 22 23 24
 25 26 27 28 29 30 31 32 33 34 35 36 37 38]
C_final_list= [2.0822309550671035e-06, 1.8105298523282167e-06, 1.5573741918251784e-06, 1.3332792681598205e-06, 1.1382623743915753e-06, 9.717732634236743e-07, 8.291114226701446e-07, 7.067229819058014e-07, 6.022176443847656e-07, 5.120227705973148e-07, 4.3501744868209625e-07, 3.6928583615085e-07, 3.1312058698449665e-07, 2.6556683999542903e-07, 2.2557222129378293e-07, 1.916223979511141e-07, 1.6271761490212656e-07, 1.3826289334244315e-07, 1.1744959065983418e-07, 9.964202963623527e-08, 8.442318432371625e-08, 7.145425361779173e-08, 6.03873868408729e-08, 5.096684232165353e-08, 4.296778823022863e-08, 3.619330034262883e-08, 3.047046852208701e-08, 2.5634706287697295e-08, 2.1544072756833524e-08, 1.8137655641043093e-08, 1.5280404073886828e-08, 1.2883410867644917e-08, 1.0837793246012222e-08, 9.117490747173195e-09, 7.674393519287323e-09, 6.455881662533126e-09, 5.4285091140529615e-09, 4.560608883708143e-09]
W_list: [8.45]
L_list: [6.354948953466388]
