R_list= [ 1  2  3  4  5  6  7  8  9 10 11 12 13 14 15 16 17 18 19 20 21 22 23 24
 25 26 27 28 29 30 31 32 33 34 35 36 37 38]
C_final_list= [2.253022990466498e-06, 1.9746255310681587e-06, 1.7149134069441449e-06, 1.4816153722957227e-06, 1.2775230978202642e-06, 1.0995377187437668e-06, 9.460956099073702e-07, 8.128222575768098e-07, 6.975175940922089e-07, 5.973372595633432e-07, 5.110264427999342e-07, 4.3665573149649775e-07, 3.726451833680063e-07, 3.180607937464232e-07, 2.7117817009600303e-07, 2.3125774490018441e-07, 1.9730839349409825e-07, 1.6836671938616603e-07, 1.4367851124853545e-07, 1.2269720771693193e-07, 1.0489767952534998e-07, 8.963623065674158e-08, 7.664410409603957e-08, 6.555215615368212e-08, 5.6079091498734695e-08, 4.799315711379969e-08, 4.106956444480095e-08, 3.5127823012252486e-08, 3.0044623234660947e-08, 2.5704710819032335e-08, 2.1987655846711062e-08, 1.881098123245904e-08, 1.6086522341158716e-08, 1.3762189330337006e-08, 1.1767222776229425e-08, 1.004453894632902e-08, 8.56743759468181e-09, 7.318248291225691e-09]
W_list: [8.3]
L_list: [6.683593504258446]
