C_list:
1.9950814414136978e-06 0.17817902276126318
ndim2: 500
W_list: [2.8]
L_list: [5.612332947520262]
