R_list= [ 1  2  3  4  5  6  7  8  9 10 11 12 13 14 15 16 17 18 19 20 21 22 23 24
 25 26 27 28 29 30 31 32 33 34 35 36 37 38]
C_final_list= [3.721550559997446e-05, 2.4549885730482124e-05, 1.6126649054356642e-05, 1.0566372362384742e-05, 6.912790280756602e-06, 4.524074824624784e-06, 2.9707320545577223e-06, 1.946339248179175e-06, 1.2718462977886077e-06, 8.274885715818546e-07, 5.394005412320366e-07, 3.529785572231098e-07, 2.316831236828175e-07, 1.515123104989549e-07, 9.908306651494058e-08, 6.497279828949531e-08, 4.2541234369966097e-08, 2.784919974916058e-08, 1.8167686593507403e-08, 1.1867318077848434e-08, 7.77045476295178e-09, 5.0321097667767385e-09, 3.3047691761591833e-09, 2.2109960795021136e-09, 1.4703738391251205e-09, 9.828572382411964e-10, 6.484033122122596e-10, 4.192459232599628e-10, 2.699448557732068e-10, 1.7411886033842585e-10, 1.1288266694881084e-10, 7.27514162197752e-11, 4.690129097607844e-11, 3.0383438064624826e-11, 1.9652160378536816e-11, 1.276746677645089e-11, 8.37031053021168e-12, 5.554115501646206e-12]
W_list: [8.05]
L_list: [2.3803864594756314]
