R_list= [ 1  2  3  4  5  6  7  8  9 10 11 12 13 14 15 16 17 18 19 20 21 22 23 24
 25 26 27 28 29 30 31 32 33 34 35 36 37 38]
C_final_list= [1.042062818502878e-06, 9.7119163827888e-07, 9.137339156015412e-07, 8.588328322412193e-07, 8.059666621017347e-07, 7.567234532523533e-07, 7.102521547350716e-07, 6.66712410294437e-07, 6.255023240244815e-07, 5.867842629984252e-07, 5.501884467789168e-07, 5.159716823407528e-07, 4.839530961268122e-07, 4.534303037228534e-07, 4.2484394019400854e-07, 3.982860981009521e-07, 3.734534614999163e-07, 3.499622702226329e-07, 3.277883714250454e-07, 3.069042682102153e-07, 2.8717507056794477e-07, 2.6863730016714967e-07, 2.514340474678616e-07, 2.3527311249790217e-07, 2.1995380114472244e-07, 2.056330669168267e-07, 1.9234238398945445e-07, 1.799045659235518e-07, 1.68252476311666e-07, 1.5729602666700168e-07, 1.4705979533625362e-07, 1.374572858082158e-07, 1.2850773135579834e-07, 1.201273249071838e-07, 1.1228310384969613e-07, 1.0488053342739958e-07, 9.800105115981494e-08, 9.152845046954431e-08]
W_list: [5]
L_list: [15.475255942325575]
