C_final_list: [1.2647215502115507e-06, 1.1827721497016038e-06, 1.1035246477217625e-06, 1.028669476417767e-06, 9.587613633354311e-07, 8.941770418247308e-07, 8.327462728918871e-07, 7.752289077197873e-07, 7.217725817516222e-07, 6.713101935199995e-07, 6.246885259675325e-07, 5.811566129727752e-07, 5.40485269489304e-07, 5.034701415568681e-07, 4.68841557428393e-07, 4.365000183623149e-07, 4.063450024105164e-07, 3.7797064261641535e-07, 3.517700424035527e-07, 3.27283987993175e-07, 3.04502103177542e-07, 2.8338141106645256e-07, 2.6367041715178895e-07, 2.4518348510605437e-07, 2.2798885026839168e-07, 2.1193928561632095e-07, 1.9694444822110332e-07, 1.8303521631568787e-07, 1.7018489845082612e-07, 1.582241344565955e-07, 1.4709321910595755e-07, 1.3675344190959246e-07, 1.2703491253555963e-07, 1.1798303763087858e-07, 1.0943950766420953e-07]
ndim2: 500
W_list: [3.8]
L_list: [13.997258231343196]
