R_list= [ 1  2  3  4  5  6  7  8  9 10 11 12 13 14 15 16 17 18 19 20 21 22 23 24
 25 26 27 28 29 30 31 32 33 34 35 36 37 38]
C_final_list= [5.353442895737082e-07, 4.2957068668246736e-07, 3.4218037266993915e-07, 2.710744840164499e-07, 2.1441821200054965e-07, 1.6940524417546156e-07, 1.3355718730769597e-07, 1.0568082745474643e-07, 8.370252401106913e-08, 6.60272666740194e-08, 5.2022326899456953e-08, 4.098946793627064e-08, 3.231761120234641e-08, 2.5508724540322435e-08, 2.0152276521919136e-08, 1.5909168257280088e-08, 1.2505965165894495e-08, 9.828289431447124e-09, 7.72437673959455e-09, 6.0492058916711444e-09, 4.735317607651047e-09, 3.7024715461119794e-09, 2.9052568571173426e-09, 2.287601482251814e-09, 1.7915273980112704e-09, 1.4097198937992773e-09, 1.111098492605942e-09, 8.776760553039951e-10, 6.985845609934857e-10, 5.564183808597587e-10, 4.423312072133565e-10, 3.514851889552646e-10, 2.7901947621511216e-10, 2.2064871454295942e-10, 1.74445629535293e-10, 1.3725377853852678e-10, 1.0772026966427726e-10, 8.435439793800461e-11]
W_list: [7.6000000000000005]
L_list: [4.316687737638575]
