C_final_list: [1.681191121933711e-06, 1.6191036020370982e-06, 1.5580746245010725e-06, 1.5001683489080356e-06, 1.4442374888575486e-06, 1.3906433910200582e-06, 1.3388085452631598e-06, 1.2889851348417722e-06, 1.2417932542866616e-06, 1.196412837013019e-06, 1.1517944984232667e-06, 1.1089297341153836e-06, 1.0677028019123708e-06, 1.0276458978648641e-06, 9.88660748999006e-07, 9.51067597640663e-07, 9.146270835036524e-07, 8.795818231543005e-07, 8.460316549307961e-07, 8.133102148268038e-07, 7.818562482336261e-07, 7.517078197963527e-07, 7.227296153951047e-07, 6.946987941445632e-07, 6.676395428268114e-07, 6.417475565862989e-07, 6.166319181211117e-07, 5.923635476626873e-07, 5.690382613465563e-07, 5.465640161329013e-07, 5.25187949126509e-07, 5.047134935271905e-07, 4.8481102705452e-07, 4.6559964279388715e-07, 4.471207389520934e-07, 4.2942617690387124e-07, 4.12407202859736e-07, 3.960142163234104e-07, 3.8012196484753357e-07, 3.6476515975175547e-07, 3.4988142076376243e-07, 3.3559510162398956e-07, 3.219125195891109e-07, 3.088082077681005e-07, 2.9628059011191595e-07, 2.842027761671245e-07, 2.727196236217548e-07, 2.617485449977299e-07, 2.5128145874086754e-07, 2.4131302832321333e-07]
ndim2: 500
W_list: [3.25]
L_list: [25.644236864251305]
