R_list= [ 1  2  3  4  5  6  7  8  9 10 11 12 13 14 15 16 17 18 19 20 21 22 23 24
 25 26 27 28 29 30 31 32 33 34 35 36 37 38]
C_final_list= [2.8621626691546672e-05, 2.1314274066448114e-05, 1.575141114112591e-05, 1.1623616444725368e-05, 8.569993382513064e-06, 6.304847182611823e-06, 4.640945774952733e-06, 3.4112904294827124e-06, 2.504023118269893e-06, 1.83218515633659e-06, 1.3392482638530044e-06, 9.802016758476013e-07, 7.172156586821886e-07, 5.245831722035975e-07, 3.842776842532164e-07, 2.8149288734060667e-07, 2.0585813454719898e-07, 1.5041880285659821e-07, 1.0994536699244148e-07, 8.018530736722783e-08, 5.861953150333871e-08, 4.288564871273334e-08, 3.132218975225034e-08, 2.2885738435349103e-08, 1.6691493838957873e-08, 1.2109271072372232e-08, 8.783495531160842e-09, 6.363168986870658e-09, 4.625209034760613e-09, 3.3654997376849954e-09, 2.461782859423395e-09, 1.8101175228521273e-09, 1.325493739629907e-09, 9.619386147973085e-10, 7.010979917846043e-10, 5.063851297107257e-10, 3.6764830664482436e-10, 2.7027265317326765e-10]
W_list: [8.4]
L_list: [3.3023831938220836]
