R_list= [ 1  2  3  4  5  6  7  8  9 10 11 12 13 14 15 16 17 18 19 20 21 22 23 24
 25 26 27 28 29 30 31 32 33 34 35 36 37 38]
C_final_list= [4.741269301819753e-07, 4.098060475566515e-07, 3.520963468239354e-07, 3.0181733847253783e-07, 2.583385207138098e-07, 2.208519207384046e-07, 1.8880553297643451e-07, 1.6090117955454724e-07, 1.3670536960419728e-07, 1.1635562681993135e-07, 9.914611374592916e-08, 8.435366548614128e-08, 7.166606765194017e-08, 6.089417486236027e-08, 5.175210529503535e-08, 4.397705515877295e-08, 3.732710227477904e-08, 3.1679757220638684e-08, 2.6893462012996992e-08, 2.2866473415499055e-08, 1.9430174864973736e-08, 1.64745093561677e-08, 1.3966155810503727e-08, 1.1864833102040298e-08, 1.0060143706767964e-08, 8.533976778951234e-09, 7.204456037346398e-09, 6.075330819136075e-09, 5.107141698264557e-09, 4.3027818704322384e-09, 3.6233870682282054e-09, 3.0434660519604917e-09, 2.5636885738551004e-09, 2.1655207297412946e-09, 1.827184605552614e-09, 1.5420280072105664e-09, 1.2931362327285933e-09, 1.0821863040319436e-09]
W_list: [7]
L_list: [6.3706599117745695]
