R_list= [ 1  2  3  4  5  6  7  8  9 10 11 12 13 14 15 16 17 18 19 20 21 22 23 24
 25 26 27 28 29 30 31 32 33 34 35 36 37 38]
C_final_list= [8.680238245329315e-07, 5.466018557234383e-07, 2.9380135664245844e-07, 1.4411329514982057e-07, 6.705458702727525e-08, 3.023344005613929e-08, 1.3389216990782943e-08, 5.876780241825705e-09, 2.5725173550724797e-09, 1.1267070068369406e-09, 4.959493759986603e-10, 2.2031471490373595e-10, 9.904765317832729e-11, 4.540849946114973e-11, 2.1307510426553922e-11, 1.0152978854692291e-11, 4.8388600608606535e-12, 2.3057067140363515e-12, 1.1018466704089968e-12, 5.232838871410376e-13, 2.4318725617463804e-13, 1.1000049949733877e-13, 4.889901832715638e-14, 2.1186159633270792e-14, 9.05193554464524e-15, 3.870685553551121e-15, 1.660463341117362e-15, 7.1234252624223e-16, 3.040422990835696e-16, 1.2858507698993473e-16, 5.48167629484362e-17, 2.3680936889215003e-17, 1.0488015235511584e-17, 4.8111076083721496e-18, 2.296109127478274e-18, 1.1460096014751375e-18, 5.948198216139613e-19, 3.232472583053951e-19]
W_list: [4]
L_list: [1.7570303400549188]
