C_final_list: [1.8639901191978577e-06, 1.5561778077481036e-06, 1.3019428433955877e-06, 1.0915943399026082e-06, 9.182026614419951e-07, 7.694813449063934e-07, 6.453228286775475e-07, 5.427179073383166e-07, 4.574112774429367e-07, 3.8450535975282837e-07, 3.220254187300463e-07, 2.6974448979906495e-07, 2.2516219811064174e-07, 1.8804647641522235e-07, 1.5716305905074656e-07, 1.308448468387742e-07, 1.0894408166662941e-07, 9.048101257839709e-08, 7.516901373793469e-08, 6.217109792860554e-08, 5.132024002659514e-08, 4.234714164638965e-08, 3.499001822510652e-08, 2.8977084086572216e-08, 2.3944342376543268e-08, 1.9783407944237492e-08, 1.6327443191020955e-08, 1.3569375966916934e-08, 1.1210311526036002e-08, 9.273967159450715e-09, 7.683641343680585e-09, 6.31511468688329e-09, 5.208002141915445e-09, 4.296674136159023e-09, 3.5442862304601266e-09, 2.918904342635522e-09, 2.4006684504981688e-09, 1.9819419916635134e-09, 1.6354794535410467e-09, 1.3532913265122886e-09, 1.1122766483860639e-09, 9.161624185753242e-10, 7.501847406179306e-10, 6.183097774774124e-10, 5.083035702077632e-10, 4.151494232704029e-10, 3.3991411840216754e-10, 2.7734542000905855e-10, 2.2944279350105746e-10, 1.9106212018526015e-10]
ndim2: 500
W_list: [3.6]
L_list: [5.667329482864516]
