R_list= [ 1  2  3  4  5  6  7  8  9 10 11 12 13 14 15 16 17 18 19 20 21 22 23 24
 25 26 27 28 29 30 31 32 33 34 35 36 37 38]
C_final_list= [3.806557873644527e-07, 1.9403974428774456e-07, 9.314336184179663e-08, 4.4977885038154785e-08, 2.165920193121484e-08, 1.042373600322366e-08, 4.996372916848119e-09, 2.4094954709504395e-09, 1.1694058741084632e-09, 5.646542733331637e-10, 2.683605895572095e-10, 1.2397015498382532e-10, 5.763592969273319e-11, 2.7281605851597777e-11, 1.2901029595568747e-11, 5.909581702246925e-12, 2.75713199718247e-12, 1.2864803660521054e-12, 5.794817579262785e-13, 2.536235886062631e-13, 1.0659037553694662e-13, 4.49198989450434e-14, 1.8023632273567796e-14, 7.428404904550321e-15, 3.1290209627101335e-15, 1.4375634236830253e-15, 7.314617560658879e-16, 3.0745847965351947e-16, 1.2321775064464073e-16, 4.967937406758818e-17, 2.1365006555868418e-17, 7.672469795943187e-18, 2.904896556680922e-18, 1.2571154686668502e-18, 5.672026534416736e-19, 2.273192867287321e-19, 9.569976708422599e-20, 4.0634564790515906e-20]
W_list: [7]
L_list: [1.4309722442357098]
