R_list= [ 1  2  3  4  5  6  7  8  9 10 11 12 13 14 15 16 17 18 19 20 21 22 23 24
 25 26 27 28 29 30 31 32 33 34 35 36 37 38]
C_final_list= [3.955808754292707e-07, 2.985754030843853e-07, 2.2276828659926938e-07, 1.644263886849651e-07, 1.2080097223682247e-07, 8.894703716439505e-08, 6.521108497692403e-08, 4.7670801758648934e-08, 3.485550583329513e-08, 2.5444541092811326e-08, 1.852069010546666e-08, 1.3436205673165387e-08, 9.688677451891978e-09, 7.015580618013526e-09, 5.07827191653809e-09, 3.6780110730987334e-09, 2.655787065376359e-09, 1.9237502416315785e-09, 1.3922462575355315e-09, 1.0049274846732101e-09, 7.317918393637994e-10, 5.370166431522785e-10, 3.941628806726598e-10, 2.915753223141983e-10, 2.1472121591296945e-10, 1.5804790790585244e-10, 1.1730630809510452e-10, 8.66721351060487e-11, 6.346184027459594e-11, 4.624027331140146e-11, 3.392803404205146e-11, 2.483853671608652e-11, 1.814358955910393e-11, 1.3197409061070886e-11, 9.611168538202196e-12, 7.057770705084411e-12, 5.181754814523965e-12, 3.812575994602565e-12]
W_list: [9.0]
L_list: [3.3435352715312936]
