R_list= [ 1  2  3  4  5  6  7  8  9 10 11 12 13 14 15 16 17 18 19 20 21 22 23 24
 25 26 27 28 29 30 31 32 33 34 35 36 37 38]
C_final_list= [3.715432892093131e-07, 3.13407492830451e-07, 2.611019561071489e-07, 2.1648629778472768e-07, 1.7929087526330372e-07, 1.4809399313988382e-07, 1.2209271024538263e-07, 1.0066752988908886e-07, 8.293428880442053e-08, 6.819656899565386e-08, 5.606604243946663e-08, 4.6123193518728735e-08, 3.786635167638826e-08, 3.097068501395798e-08, 2.5271742562460162e-08, 2.066600062537091e-08, 1.6890043854485174e-08, 1.3818927687531572e-08, 1.1306137568222849e-08, 9.23220331481525e-09, 7.538913775563733e-09, 6.161859202348987e-09, 5.02303823592567e-09, 4.071148860059724e-09, 3.2867049462335346e-09, 2.6518566391343033e-09, 2.1382586118654774e-09, 1.7275944605438707e-09, 1.3946147281843962e-09, 1.1264087199370699e-09, 9.081520292804889e-10, 7.329791388514669e-10, 5.923535387169144e-10, 4.779650860553422e-10, 3.849688764931567e-10, 3.0936840591352433e-10, 2.4877946937916007e-10, 2.002319719411785e-10]
W_list: [9.0]
L_list: [5.302691163564564]
