C_final_list: [1.5777984772148974e-06, 1.4483191009971435e-06, 1.3247500864239184e-06, 1.209628353241804e-06, 1.103593130387142e-06, 1.0065115594147515e-06, 9.196987976641101e-07, 8.385555041281367e-07, 7.650306470057286e-07, 6.973313033885538e-07, 6.353505281023823e-07, 5.777176934666768e-07, 5.269033947652603e-07, 4.795785967247791e-07, 4.365531192431928e-07, 3.9775774595162797e-07, 3.624277842029731e-07, 3.302841423998341e-07, 3.009311255854639e-07, 2.7383985783936315e-07, 2.49624666628186e-07, 2.2754827864227745e-07, 2.0762216867409318e-07, 1.8943801342960323e-07, 1.7273827512160335e-07, 1.5708979571898487e-07, 1.4293915339839078e-07, 1.298749979917439e-07, 1.1809793444154041e-07, 1.0741397517741848e-07, 9.773764650112776e-08, 8.904509241474194e-08, 8.100738617141301e-08, 7.368871200910824e-08, 6.707069581093758e-08]
ndim2: 500
W_list: [2.2]
L_list: [10.852440525707598]
