C_list:
1.8878237440378993e-06 0.28619909110753056
ndim2: 500
W_list: [3.8000000000000003]
L_list: [3.4940711940426135]
