C_final_list: [2.046171763078496e-06, 2.0288918109775047e-06, 2.011968487135266e-06, 1.995822146105141e-06, 1.979954123188644e-06, 1.9644622868250797e-06, 1.94921404648893e-06, 1.934138093987835e-06, 1.919285121073226e-06, 1.904571638980359e-06, 1.8901122386591183e-06, 1.8757446087231867e-06, 1.861600549862089e-06, 1.8475625121685717e-06, 1.8335700859298661e-06, 1.8197703882561888e-06, 1.8061478565996643e-06, 1.7926265574252943e-06, 1.779359144956527e-06, 1.7660536059418827e-06, 1.7528098641385521e-06, 1.7397517502221892e-06, 1.7268004381068378e-06, 1.7139608210853082e-06, 1.7011872953675019e-06, 1.6883875303395519e-06, 1.675746920251555e-06, 1.663135308002887e-06, 1.6505043634697473e-06, 1.6379180582095122e-06, 1.6256316751838182e-06, 1.613355459699389e-06, 1.6013247283395695e-06, 1.5894227574985395e-06, 1.5775786220024686e-06, 1.5658015531631959e-06, 1.5542003705037667e-06, 1.542621113312998e-06, 1.5311607206713031e-06, 1.5197458904715482e-06, 1.5083620028065857e-06, 1.497117364949366e-06, 1.4860792176841309e-06, 1.4749817606871552e-06, 1.4637726935815817e-06, 1.4527552943666745e-06, 1.4418134355895456e-06, 1.4310483885912353e-06, 1.420302593007858e-06, 1.4096530432220834e-06]
ndim2: 500
W_list: [2.2]
L_list: [132.2711435000282]
