C_final_list: [1.3672416470887225e-06, 1.3353777354953283e-06, 1.3035842811460676e-06, 1.2726809367617352e-06, 1.2425527006007413e-06, 1.2126326771805776e-06, 1.183378654170353e-06, 1.1547385552175893e-06, 1.1268164282057672e-06, 1.0994690306418791e-06, 1.0725979108108068e-06, 1.0467181786880027e-06, 1.0212935923996207e-06, 9.96552725912119e-07, 9.722100749842026e-07, 9.4839344907959e-07, 9.25265614552477e-07, 9.025593868773655e-07, 8.803796160298277e-07, 8.586498192423993e-07, 8.376729412423272e-07, 8.16909609730017e-07, 7.965319481248361e-07, 7.765977668493713e-07, 7.571625308245135e-07, 7.381781720990261e-07, 7.194946293512397e-07, 7.011621057865983e-07, 6.833317006342291e-07, 6.658109806314488e-07, 6.488164533616979e-07, 6.322994834948917e-07, 6.163446075141541e-07, 6.008201536759623e-07, 5.857343854670536e-07, 5.709774206254554e-07, 5.56545509569662e-07, 5.426001529551082e-07, 5.290029007525603e-07, 5.156368706945089e-07, 5.025324875478079e-07, 4.898137455636358e-07, 4.772860951500854e-07, 4.65083124200362e-07, 4.5300257700385355e-07, 4.4119799563423073e-07, 4.29811993288853e-07, 4.1883032060274234e-07, 4.0802058253994874e-07, 3.974288338728922e-07]
ndim2: 500
W_list: [3.4000000000000004]
L_list: [39.89577578920799]
