R_list= [ 1  2  3  4  5  6  7  8  9 10 11 12 13 14 15 16 17 18 19 20 21 22 23 24
 25 26 27 28 29 30 31 32 33 34 35 36 37 38]
C_final_list= [2.12777799221217e-07, 1.8961598562617074e-07, 1.6698513888565308e-07, 1.461616624210545e-07, 1.274802765321529e-07, 1.1102980960955575e-07, 9.655006069252133e-08, 8.398081470889916e-08, 7.293359781462836e-08, 6.32020212212556e-08, 5.477160015775567e-08, 4.738736214312406e-08, 4.095927693362501e-08, 3.5397231499497864e-08, 3.060594821316918e-08, 2.643520065424862e-08, 2.28331407655562e-08, 1.9707411041393783e-08, 1.6986824359724416e-08, 1.4654519725743264e-08, 1.2651883952720433e-08, 1.0941369837329083e-08, 9.451391750815026e-09, 8.148343148173713e-09, 7.010701457429201e-09, 6.025833212400242e-09, 5.169899875170294e-09, 4.437658385098384e-09, 3.804051796801247e-09, 3.2591109059719287e-09, 2.7857954614759054e-09, 2.380193202860552e-09, 2.0320188701014383e-09, 1.733677470240687e-09, 1.4800485706576424e-09, 1.2634285185382599e-09, 1.0779825713357562e-09, 9.191323967012703e-10]
W_list: [8.2]
L_list: [7.253299671588602]
