C_final_list: [1.9524157622106867e-06, 1.8325445008623849e-06, 1.7411322306968368e-06, 1.6411178625666153e-06, 1.5496330291014479e-06, 1.4629160396860868e-06, 1.3805186988737014e-06, 1.3016365509271578e-06, 1.228474962900385e-06, 1.1599291497930942e-06, 1.093783780001061e-06, 1.0316822037517372e-06, 9.742633128401843e-07, 9.192603643173229e-07, 8.667820474300115e-07, 8.177248849696344e-07, 7.706894395219143e-07, 7.264991503322771e-07, 6.849692876962462e-07, 6.462503994167088e-07, 6.093019777278895e-07, 5.748247716977689e-07, 5.424505448272864e-07, 5.118349914789342e-07, 4.826718869721788e-07, 4.547952525715851e-07, 4.2874174965936645e-07, 4.038380025300866e-07, 3.802107836243918e-07, 3.578179019097547e-07, 3.3666787100509704e-07, 3.165816317785091e-07, 2.9749195213289993e-07, 2.7974323253533156e-07, 2.6349140005798087e-07]
ndim2: 500
W_list: [1.4]
L_list: [17.156313915397376]
