C_final_list: [2.028661247742526e-06, 1.7954801061582826e-06, 1.5829667361065703e-06, 1.397515275491859e-06, 1.2301102212606666e-06, 1.0843540070126253e-06, 9.540584831496343e-07, 8.378449059352335e-07, 7.344100914155247e-07, 6.439501172549874e-07, 5.640456508115924e-07, 4.947967988817754e-07, 4.350031133515706e-07, 3.824954793975126e-07, 3.358626276529536e-07, 2.946462311414608e-07, 2.5810298869511034e-07, 2.263706936774055e-07, 1.986565252281307e-07, 1.7382421219462224e-07, 1.5224015494233754e-07, 1.3323526699343346e-07, 1.1675135211962948e-07, 1.0201032547921376e-07, 8.895522047910831e-08, 7.761573630001999e-08, 6.763290414229876e-08, 5.900845289498423e-08, 5.1477814180000305e-08, 4.468051577260576e-08, 3.888198945425176e-08, 3.382924495431793e-08, 2.935831085313321e-08, 2.561894890478831e-08, 2.2313809759224932e-08, 1.9491240053785093e-08, 1.6927411878132502e-08, 1.4687036315743106e-08, 1.2752686321842215e-08, 1.1039918213617352e-08, 9.531268343432187e-09, 8.221114475882841e-09, 7.097391772134328e-09, 6.139216858359321e-09, 5.284405244233876e-09, 4.560151097187566e-09, 3.931587654570106e-09, 3.4087989710836184e-09, 2.9520051035844235e-09, 2.5557434213531195e-09]
ndim2: 500
W_list: [3.0]
L_list: [7.775801652285254]
