C_final_list: [2.0558214045936964e-06, 1.8353786737079631e-06, 1.6343053989686614e-06, 1.4557575432002989e-06, 1.2968866867768628e-06, 1.1563657191271525e-06, 1.0317741420569105e-06, 9.194857153846215e-07, 8.205108373457389e-07, 7.328201549562322e-07, 6.536158304216929e-07, 5.830484583197287e-07, 5.196517571597003e-07, 4.633288474466458e-07, 4.126240605879375e-07, 3.668867308428155e-07, 3.2668363571376927e-07, 2.9013329244886107e-07, 2.577435945246064e-07, 2.2897564391279937e-07, 2.0390781289243874e-07, 1.8089761766202544e-07, 1.6055642485724578e-07, 1.4264408017087033e-07, 1.2677966764986002e-07, 1.1260346897790741e-07, 1.0009170051662525e-07, 8.887676922950219e-08, 7.891516716892013e-08, 7.002038107531346e-08, 6.219417485719917e-08, 5.5159021334792606e-08, 4.903469965039206e-08, 4.345859237955639e-08, 3.837940610283662e-08, 3.393702934800937e-08, 2.995647544385944e-08, 2.6450873827404112e-08, 2.331936545203276e-08, 2.0605899731595228e-08, 1.818764193915723e-08, 1.607469567895644e-08, 1.4234300226930398e-08, 1.261055089679805e-08, 1.1193194540967659e-08, 9.925696306432257e-09, 8.798256260244268e-09, 7.841412022302433e-09, 6.969099400358722e-09, 6.168896740712004e-09]
ndim2: 500
W_list: [2.8]
L_list: [8.678072130106766]
