C_final_list: [1.1386691497369782e-06, 1.0562649606978318e-06, 9.756215107381415e-07, 9.005300101199906e-07, 8.311412820183614e-07, 7.67088862418006e-07, 7.078485830123621e-07, 6.540660787476571e-07, 6.042724002514496e-07, 5.585453686274368e-07, 5.16546721083359e-07, 4.774822805074539e-07, 4.41831606141015e-07, 4.083009774950964e-07, 3.771717384264725e-07, 3.482282837195911e-07, 3.2137959045093327e-07, 2.966823864890377e-07, 2.7378413531993025e-07, 2.5257899320839107e-07, 2.328360437864487e-07, 2.1472842338375231e-07, 1.98317192575244e-07, 1.8288560381929246e-07, 1.6861177126201582e-07, 1.555703289997926e-07, 1.4340963843034228e-07, 1.3230422223304452e-07, 1.2211150756423746e-07, 1.1276942257420246e-07, 1.0412888667503717e-07, 9.611917411019194e-08, 8.86749432280182e-08, 8.171690378361286e-08, 7.521180050312802e-08]
ndim2: 500
W_list: [3.6]
L_list: [12.58370648322248]
