C_final_list: [1.7685302279221266e-06, 1.7441992970410502e-06, 1.719899139090615e-06, 1.6964247423697603e-06, 1.6736372752270895e-06, 1.6510933810596243e-06, 1.628774396369897e-06, 1.606752258779547e-06, 1.5851456242542757e-06, 1.5636459684330257e-06, 1.5428227865211624e-06, 1.5222031793305303e-06, 1.5015917059948188e-06, 1.4813092808514423e-06, 1.4609791502847395e-06, 1.4408646711348293e-06, 1.4212493957881773e-06, 1.4016849546338546e-06, 1.3825002034760297e-06, 1.3636430506908583e-06, 1.3452150806586254e-06, 1.3269993043736565e-06, 1.3088342948741786e-06, 1.2909902825384981e-06, 1.2732517130848806e-06, 1.2557342869110839e-06, 1.2384054713268477e-06, 1.2213633227828099e-06, 1.204729620175155e-06, 1.1883608069389081e-06, 1.172304400244275e-06, 1.156382980360561e-06, 1.1407201677920274e-06, 1.1252913780939738e-06, 1.1100650963196444e-06, 1.0950006774946456e-06, 1.080138452816233e-06, 1.0656362572598258e-06, 1.0512763055434632e-06, 1.0372053798484993e-06, 1.023267102560459e-06, 1.0092624482095716e-06, 9.954178247546336e-07, 9.819500294326784e-07, 9.685597011656703e-07, 9.552145145529862e-07, 9.420151183182771e-07, 9.290088745058518e-07, 9.16290350385722e-07, 9.037947703704023e-07]
ndim2: 500
W_list: [2.9]
L_list: [73.0405198065438]
