R_list= [ 1  2  3  4  5  6  7  8  9 10 11 12 13 14 15 16 17 18 19 20 21 22 23 24
 25 26 27 28 29 30 31 32 33 34 35 36 37 38]
C_final_list= [3.113424400916791e-07, 2.710039433888009e-07, 2.3487123976441233e-07, 2.025787950683105e-07, 1.7460976394538677e-07, 1.5062596528410993e-07, 1.2972012265767605e-07, 1.1149865469600078e-07, 9.571893773145199e-08, 8.226919221243785e-08, 7.060914713020905e-08, 6.04834251889973e-08, 5.169910439985161e-08, 4.418222541873122e-08, 3.7727742327151894e-08, 3.221193549606479e-08, 2.7483418075736005e-08, 2.3426632512331793e-08, 1.9958870518119028e-08, 1.700559185971651e-08, 1.4482034822828006e-08, 1.2314344182779657e-08, 1.0451173211880833e-08, 8.854935180348743e-09, 7.51162748333503e-09, 6.380580793892868e-09, 5.416543000066875e-09, 4.5928679107966346e-09, 3.902093444300781e-09, 3.3244476859517622e-09, 2.8286102343027915e-09, 2.4033214476609685e-09, 2.039687866724966e-09, 1.7296718155058385e-09, 1.4668079165058372e-09, 1.242129256760702e-09, 1.0479640018895843e-09, 8.85042020593555e-10]
W_list: [7]
L_list: [6.678764701334418]
