R_list= [ 1  2  3  4  5  6  7  8  9 10 11 12 13 14 15 16 17 18 19 20 21 22 23 24
 25 26 27 28 29 30 31 32 33 34 35 36 37 38]
C_final_list= [8.019756608634236e-07, 7.566698690999094e-07, 7.103514105321863e-07, 6.646766235659728e-07, 6.209303692459519e-07, 5.791597961354205e-07, 5.402267661588728e-07, 5.041152765473988e-07, 4.7057034404382595e-07, 4.3910470561597557e-07, 4.098046971636378e-07, 3.8231327773999224e-07, 3.5668672408521975e-07, 3.3266335008882987e-07, 3.1005408696229195e-07, 2.888879634920159e-07, 2.6910614834238947e-07, 2.5083089309684375e-07, 2.336445153647008e-07, 2.1765754643833616e-07, 2.027469844271426e-07, 1.888615218406383e-07, 1.7601732886853552e-07, 1.640183219791303e-07, 1.5278424114622947e-07, 1.4226632283818406e-07, 1.3243537124187942e-07, 1.23215103345715e-07, 1.1461878550982507e-07, 1.0658444076199108e-07, 9.908296455771103e-08, 9.211722535011265e-08, 8.562784138495665e-08, 7.956522226202792e-08, 7.387008746639638e-08, 6.85699595436486e-08, 6.366109783629965e-08, 5.9104525491185614e-08]
W_list: [7.4]
L_list: [14.415114861758259]
