C_final_list: [1.5385264891989429e-06, 1.5135912497433766e-06, 1.4913741786164796e-06, 1.4673555859235175e-06, 1.4446267395251477e-06, 1.4224808910030436e-06, 1.4006345116800609e-06, 1.379351221631018e-06, 1.3581428955201706e-06, 1.337542123689221e-06, 1.3170594616686322e-06, 1.2966655315243301e-06, 1.2766614418084256e-06, 1.2570493138288175e-06, 1.237823634883458e-06, 1.218903914766474e-06, 1.1999764166301075e-06, 1.1814159619165515e-06, 1.163214524035947e-06, 1.1453872962176328e-06, 1.127673803762525e-06, 1.110563506761702e-06, 1.0935372543890687e-06, 1.0768410661095274e-06, 1.0604595077416828e-06, 1.0442372995141032e-06, 1.0284153556025457e-06, 1.0125832813284172e-06, 9.97029672685744e-07, 9.817929959246544e-07, 9.667338141359717e-07, 9.519177375992701e-07, 9.37472640748186e-07, 9.23005191467986e-07, 9.088242186482083e-07]
ndim2: 500
W_list: [1.6]
L_list: [64.64251830721211]
