R_list= [ 1  2  3  4  5  6  7  8  9 10 11 12 13 14 15 16 17 18 19 20 21 22 23 24
 25 26 27 28 29 30 31 32 33 34 35 36 37 38]
C_final_list= [3.076055232900933e-07, 2.202453158537186e-07, 1.474334698826235e-07, 9.648119614441623e-08, 6.279268411390379e-08, 4.070927577311929e-08, 2.6291198447181324e-08, 1.6927443932171424e-08, 1.0859996536496699e-08, 6.923635173008101e-09, 4.390348161238639e-09, 2.7815967602822465e-09, 1.765436699602361e-09, 1.124802797500231e-09, 7.210885933306051e-10, 4.6423535296311585e-10, 2.983982359921261e-10, 1.9114442883245781e-10, 1.21446447579825e-10, 7.639823433766387e-11, 4.810968697191584e-11, 3.066420804387351e-11, 1.9658696159441848e-11, 1.2495018389388897e-11, 7.918916110502029e-12, 5.028112942004787e-12, 3.193553649810448e-12, 2.009468254262738e-12, 1.245632980874913e-12, 7.666110875797879e-13, 4.739168218270956e-13, 2.9277725767273987e-13, 1.7717729979373846e-13, 1.0585693321881631e-13, 6.322405200601365e-14, 3.829429466833829e-14, 2.365767771444119e-14, 1.4815509225055315e-14]
W_list: [5]
L_list: [2.5446715150872574]
