R_list= [ 1  2  3  4  5  6  7  8  9 10 11 12 13 14 15 16 17 18 19 20 21 22 23 24
 25 26 27 28 29 30 31 32 33 34 35 36 37 38]
C_final_list= [7.339687907878397e-07, 6.601084011336167e-07, 5.896365285980559e-07, 5.245024887482111e-07, 4.6601016912028906e-07, 4.136153638093996e-07, 3.672196119955215e-07, 3.256192891463853e-07, 2.882698976516102e-07, 2.5550873836230015e-07, 2.2649298370274796e-07, 2.0079708034855815e-07, 1.7802488308777033e-07, 1.577390242136227e-07, 1.3971607659546055e-07, 1.2360263321165134e-07, 1.0920762148459264e-07, 9.643576722079808e-08, 8.505806739565634e-08, 7.498910705077003e-08, 6.60066373427157e-08, 5.814008663151197e-08, 5.120406494480602e-08, 4.506470345582826e-08, 3.9652348432014585e-08, 3.490205601561247e-08, 3.070676933942209e-08, 2.7040506435230332e-08, 2.3808658406466926e-08, 2.091358872723384e-08, 1.839029289620253e-08, 1.6147843844639212e-08, 1.4185485309560906e-08, 1.2471732695739573e-08, 1.0983812531375613e-08, 9.679944089531933e-09, 8.534829107546907e-09, 7.523436818440037e-09]
W_list: [7.8]
L_list: [8.380856809728574]
