R_list= [ 1  2  3  4  5  6  7  8  9 10 11 12 13 14 15 16 17 18 19 20 21 22 23 24
 25 26 27 28 29 30 31 32 33 34 35 36 37 38]
C_final_list= [7.12713258057026e-07, 5.83902186241117e-07, 4.862677713277189e-07, 4.0439831933417793e-07, 3.356936550450238e-07, 2.7844573883262815e-07, 2.303273675085013e-07, 1.9016343805376392e-07, 1.565945412076906e-07, 1.292665795238089e-07, 1.0689367332073405e-07, 8.844901599282271e-08, 7.301822525503525e-08, 6.017495033016246e-08, 4.9684468059249426e-08, 4.0986850017817305e-08, 3.370687912202473e-08, 2.7715618840429e-08, 2.2767020085746814e-08, 1.8664733728833956e-08, 1.5312723570113347e-08, 1.2606108147433686e-08, 1.0368825893901152e-08, 8.526259759687591e-09, 7.008943618031341e-09, 5.755869317767057e-09, 4.722675270797922e-09, 3.8594261279250295e-09, 3.1444037453492212e-09, 2.5660786035360733e-09, 2.098495927463514e-09, 1.7209413208860361e-09, 1.410075769088003e-09, 1.1570638509709733e-09, 9.496069082892349e-10, 7.817809164182505e-10, 6.439635826117758e-10, 5.311018264880579e-10]
W_list: [6]
L_list: [5.291182709195595]
