R_list= [ 1  2  3  4  5  6  7  8  9 10 11 12 13 14 15 16 17 18 19 20 21 22 23 24
 25 26 27 28 29 30 31 32 33 34 35 36 37 38]
C_final_list= [2.1203880487522257e-06, 1.8441066123330266e-06, 1.5875466330784593e-06, 1.3594167614600287e-06, 1.1620342129379732e-06, 9.920008694630783e-07, 8.460470651118624e-07, 7.205000786179378e-07, 6.133538961685029e-07, 5.220434748504772e-07, 4.440458819714025e-07, 3.773707265121146e-07, 3.205575819062432e-07, 2.719365483898412e-07, 2.3063534056963997e-07, 1.9567328109748586e-07, 1.6602173414491311e-07, 1.4096586665245422e-07, 1.1963728718807547e-07, 1.0164066617155425e-07, 8.63027194325174e-08, 7.3298486544458e-08, 6.222480603882799e-08, 5.276999112955406e-08, 4.4697175021700626e-08, 3.7846657715541235e-08, 3.206066945228097e-08, 2.719152759718936e-08, 2.3061234145068288e-08, 1.9554324645176408e-08, 1.6554918304880505e-08, 1.4019960764111578e-08, 1.18700015320914e-08, 1.0058765055358514e-08, 8.53016484733684e-09, 7.22731093554299e-09, 6.123536819652274e-09, 5.195711640251127e-09]
W_list: [8.45]
L_list: [6.3664835566441065]
