R_list= [ 1  2  3  4  5  6  7  8  9 10 11 12 13 14 15 16 17 18 19 20 21 22 23 24
 25 26 27 28 29 30]
C_final_list= [7.163535809109399e-07, 6.750085593081608e-07, 6.350612947978365e-07, 5.9683920187266e-07, 5.610183134946115e-07, 5.268993473566721e-07, 4.947637233538309e-07, 4.643276621727443e-07, 4.35650070045748e-07, 4.0871203071519594e-07, 3.834315061562353e-07, 3.593796484145046e-07, 3.3680502666829255e-07, 3.158991146005519e-07, 2.958884283834224e-07, 2.7714068938856526e-07, 2.595450511429417e-07, 2.430069952240982e-07, 2.2761256626793802e-07, 2.1316961859589865e-07, 1.9979305009066235e-07, 1.8723374407642984e-07, 1.7542801223609862e-07, 1.6429166150534651e-07, 1.5385480568953768e-07, 1.4395003348471617e-07, 1.34620400044133e-07, 1.2589858927792112e-07, 1.1768300864643401e-07, 1.0989883128536797e-07]
W_list: [6]
L_list: [15.624338973854695]
