C_final_list: [1.6848661011271808e-06, 1.5456578186014099e-06, 1.4120023763935162e-06, 1.2922969431895189e-06, 1.1804572424947713e-06, 1.0795459251501548e-06, 9.867119504358734e-07, 9.017204369484644e-07, 8.23136012088014e-07, 7.508177644409991e-07, 6.866222545450021e-07, 6.272871411505364e-07, 5.726406145138425e-07, 5.226079014372103e-07, 4.776230301724443e-07, 4.3627606919184213e-07, 3.984188733243541e-07, 3.631039115306753e-07, 3.3093285718044655e-07, 3.018360274809252e-07, 2.752937445482143e-07, 2.5071322717339125e-07, 2.2858890219854145e-07, 2.081919397386467e-07, 1.8938980514729594e-07, 1.7228554403482412e-07, 1.5681205042403317e-07, 1.4269283949681568e-07, 1.2965932563390675e-07, 1.1787696945488373e-07, 1.0718344665172938e-07, 9.758542032463137e-08, 8.880826417787875e-08, 8.083047445541965e-08, 7.347517553844446e-08]
ndim2: 500
W_list: [3.0]
L_list: [11.030025613453743]
