R_list= [ 1  2  3  4  5  6  7  8  9 10 11 12 13 14 15 16 17 18 19 20 21 22 23 24
 25 26 27 28 29 30 31 32 33 34 35 36 37 38]
C_final_list= [9.762568106651632e-07, 6.012764488026466e-07, 3.6654285549959563e-07, 2.2590302487316557e-07, 1.375969276474573e-07, 8.343479516602305e-08, 5.0322559770283234e-08, 3.067265663798629e-08, 1.838309547014628e-08, 1.0993949743884563e-08, 6.622248924557386e-09, 3.9638188872698965e-09, 2.3472512645033395e-09, 1.3603978528176757e-09, 7.715865522583318e-10, 4.438011552422884e-10, 2.6594174796008664e-10, 1.542438257134235e-10, 8.873446543321978e-11, 5.016979059573205e-11, 2.9853895085685254e-11, 1.726305898080686e-11, 9.797763466822286e-12, 5.701142070255937e-12, 3.3502569430979458e-12, 1.992938141931409e-12, 1.1633094565497164e-12, 7.172727351087491e-13, 4.2150816753209877e-13, 2.645328424249796e-13, 1.7290822339706466e-13, 1.1247872927017269e-13, 8.036469632674786e-14, 4.958864442132849e-14, 3.367900850780786e-14, 1.6263677454909255e-14, 9.339449343434777e-15, 8.974532677766429e-15]
W_list: [8.600000000000001]
L_list: [2.0421654475875735]
