C_final_list: [1.9181427718630856e-06, 1.8733205094981239e-06, 1.8292330790782189e-06, 1.7866650045130668e-06, 1.745013257563626e-06, 1.7044288286244845e-06, 1.6652033097448994e-06, 1.626748829268084e-06, 1.5893589492900584e-06, 1.5527647638696716e-06, 1.5173403233439342e-06, 1.4824741475877436e-06, 1.4485303848810535e-06, 1.4150255175059967e-06, 1.3825136026820901e-06, 1.3500769230164155e-06, 1.3188505838599413e-06, 1.2881081130389037e-06, 1.2580025215099462e-06, 1.2283687460353915e-06, 1.1994790935914492e-06, 1.1712987334091286e-06, 1.143340472933383e-06, 1.1160514596116465e-06, 1.0893784798212152e-06, 1.0633554015002104e-06, 1.037662609251169e-06, 1.012453446133014e-06, 9.881070772443998e-07, 9.64096959374882e-07, 9.406037838370427e-07, 9.178105197743802e-07, 8.952503336552424e-07, 8.732281961036564e-07, 8.515167692983801e-07]
ndim2: 500
W_list: [2.6]
L_list: [42.225539865120695]
