C_final_list: [2.0437339219095424e-06, 1.9388123548024177e-06, 1.8350887169731603e-06, 1.736094469800764e-06, 1.6437965408580552e-06, 1.5553203706510271e-06, 1.4705235482969956e-06, 1.391648932702333e-06, 1.3184817829289679e-06, 1.248803402791868e-06, 1.1835979575320528e-06, 1.1207608613666276e-06, 1.0620682243405309e-06, 1.0060995862704343e-06, 9.529094956651643e-07, 9.030081172169708e-07, 8.553156505243964e-07, 8.106215493412621e-07, 7.680365497012625e-07, 7.266536060945706e-07, 6.878073170711428e-07, 6.503938618175563e-07, 6.153435169394658e-07, 5.819524838644232e-07, 5.509160502121258e-07, 5.215169180720007e-07, 4.933867534303353e-07, 4.6649388973073973e-07, 4.414118860133313e-07, 4.1703609856027086e-07, 3.9449424710517273e-07, 3.7284161170760673e-07, 3.520322051176939e-07, 3.323019702632291e-07, 3.136544200198875e-07, 2.959112447549137e-07, 2.792503745590126e-07, 2.6338948656640444e-07, 2.482338852213673e-07, 2.3421188352998339e-07, 2.21044907342773e-07, 2.0869759177220964e-07, 1.9687757311962076e-07, 1.8574958599685935e-07, 1.7513684518934197e-07, 1.6518231145200883e-07, 1.5589043352698937e-07, 1.4702723930406644e-07, 1.3849010155225062e-07, 1.3046599398562167e-07]
ndim2: 500
W_list: [2.8]
L_list: [18.18821899498497]
