R_list= [ 1  2  3  4  5  6  7  8  9 10 11 12 13 14 15 16 17 18 19 20 21 22 23 24
 25 26 27 28 29 30 31 32 33 34 35 36 37 38]
C_final_list= [2.014921374530938e-06, 1.9738875334337455e-06, 1.936508233715295e-06, 1.9002229371594397e-06, 1.8653904530776741e-06, 1.8312722214242624e-06, 1.798280370584486e-06, 1.765502072817479e-06, 1.733448815483863e-06, 1.7017611693426668e-06, 1.6705333146466805e-06, 1.6403624933473536e-06, 1.6102767313573313e-06, 1.5810653965192937e-06, 1.552763589876538e-06, 1.524566927462471e-06, 1.496705939279943e-06, 1.4695674701306068e-06, 1.442772336037028e-06, 1.4163706764357955e-06, 1.390700284096152e-06, 1.3652339543480846e-06, 1.3404137841808779e-06, 1.3161735268804944e-06, 1.292326474531317e-06, 1.2687289778457599e-06, 1.2454886101112522e-06, 1.2225041081967912e-06, 1.1997929033685245e-06, 1.1774237482851535e-06, 1.1555005261958264e-06, 1.1341815128883427e-06, 1.1134433470031698e-06, 1.0929151748737705e-06, 1.0728391335090379e-06, 1.0531955165532372e-06, 1.033895220912758e-06, 1.0151407276391205e-06]
W_list: [4]
L_list: [54.22482549150573]
