R_list= [ 1  2  3  4  5  6  7  8  9 10 11 12 13 14 15 16 17 18 19 20 21 22 23 24
 25 26 27 28 29 30 31 32 33 34 35 36 37 38]
C_final_list= [2.985644158847595e-07, 2.1492475599553885e-07, 1.4504143429999863e-07, 9.584861780520769e-08, 6.299551106095269e-08, 4.122142846808463e-08, 2.684954527048927e-08, 1.7390892932738724e-08, 1.1189025613872651e-08, 7.157497730774837e-09, 4.564498462276485e-09, 2.9034274794065423e-09, 1.8344610308812258e-09, 1.1551883421657554e-09, 7.266825426859383e-10, 4.543909206914859e-10, 2.838626169298222e-10, 1.7800565668065765e-10, 1.127596281540719e-10, 7.136582743866285e-11, 4.51052768218188e-11, 2.848623802801404e-11, 1.8024209345972155e-11, 1.1463258538155412e-11, 7.320128533838521e-12, 4.67031741647142e-12, 3.0142527008369896e-12, 1.9952014015222286e-12, 1.3486708646999075e-12, 9.150175262804456e-13, 6.165724530402082e-13, 4.1211646961419583e-13, 2.749574434377511e-13, 1.876096599389857e-13, 1.3492810022035902e-13, 1.0660057036877366e-13, 8.893244996275795e-14, 7.472503978528419e-14]
W_list: [5]
L_list: [2.5904743060235655]
