C_final_list: [1.5899579242339072e-06, 1.4411775533366573e-06, 1.3020600434886696e-06, 1.1743537261160607e-06, 1.0599834810920544e-06, 9.55362410609037e-07, 8.597978721658385e-07, 7.731099363593635e-07, 6.961500403499976e-07, 6.257120895807586e-07, 5.630671953001651e-07, 5.070922869845936e-07, 4.564772800369215e-07, 4.1114951769034685e-07, 3.6982924999418316e-07, 3.323459896867856e-07, 2.990725537508737e-07, 2.6880182746632317e-07, 2.417004622173792e-07, 2.1721884330638126e-07, 1.9504408044795852e-07, 1.7529173479790469e-07, 1.5731470636258174e-07, 1.4124815993578902e-07, 1.2698599275121062e-07, 1.1412062215231994e-07, 1.0244514834194312e-07, 9.197885054675208e-08, 8.263929589433303e-08, 7.413889961535724e-08, 6.65349691152677e-08, 5.9594561209219455e-08, 5.352351121276856e-08, 4.8172614326163635e-08, 4.3249212247651047e-08]
ndim2: 500
W_list: [3.2]
L_list: [9.551490272424804]
