R_list= [ 1  2  3  4  5  6  7  8  9 10 11 12 13 14 15 16 17 18 19 20 21 22 23 24
 25 26 27 28 29 30 31 32 33 34 35 36 37 38]
C_final_list= [1.9096727729148332e-07, 1.6692022567982696e-07, 1.438702016156912e-07, 1.2309507379218807e-07, 1.0492074994632639e-07, 8.908899802119663e-08, 7.561013932194656e-08, 6.400241267678337e-08, 5.404317132642368e-08, 4.5622254169916084e-08, 3.8417269762276364e-08, 3.23074174675043e-08, 2.714801082329489e-08, 2.2823552304334815e-08, 1.9171218805604616e-08, 1.6102369715901384e-08, 1.3526231147994504e-08, 1.1374010253292191e-08, 9.594490330806711e-09, 8.075146157452241e-09, 6.779007240602847e-09, 5.683755413619574e-09, 4.760082108664206e-09, 3.985576714451725e-09, 3.3368451569600654e-09, 2.790633116987965e-09, 2.3338883418500276e-09, 1.9539872287343322e-09, 1.6353716354024646e-09, 1.3683657180177217e-09, 1.1432734258210346e-09, 9.566246458317389e-10, 8.018037926392851e-10, 6.729673542844581e-10, 5.634416286328144e-10, 4.733694337185585e-10, 3.9759772414210395e-10, 3.3286027204192573e-10]
W_list: [9.0]
L_list: [6.208020326889605]
