C_final_list: [7.325650423750399e-07, 6.929941832313859e-07, 6.529176382258249e-07, 6.138732165769286e-07, 5.764472149996284e-07, 5.412465735780797e-07, 5.081561790579456e-07, 4.7677838629524417e-07, 4.4707900852710697e-07, 4.1954690176954373e-07, 3.9353793269380207e-07, 3.6918257608419614e-07, 3.460675121886422e-07, 3.24313982361006e-07, 3.038334493411196e-07, 2.8442006856250345e-07, 2.662031242566943e-07, 2.491076974549788e-07, 2.3305744261376233e-07, 2.1797286480143237e-07, 2.0393175228342845e-07, 1.9084824906802783e-07, 1.7865043446327876e-07, 1.6711964717588255e-07, 1.5636964763962855e-07, 1.4622473101314143e-07, 1.36586113538413e-07, 1.2755904466112945e-07, 1.1918901573525211e-07, 1.1139930026824311e-07, 1.0410525639700293e-07, 9.726666872667869e-08, 9.090203475545847e-08, 8.492322831431535e-08, 7.935969104020755e-08]
ndim2: 500
W_list: [3.8]
L_list: [15.516702705173612]
