R_list= [ 1  2  3  4  5  6  7  8  9 10 11 12 13 14 15 16 17 18 19 20 21 22 23 24
 25 26 27 28 29 30 31 32 33 34 35 36 37 38]
C_final_list= [1.8454493433865948e-07, 7.997916164335073e-08, 2.8235746891060083e-08, 8.971923644955435e-09, 2.6774941369544205e-09, 7.708296788660245e-10, 2.1739224846826962e-10, 6.147484350699287e-11, 1.781014337051757e-11, 5.3215924888213455e-12, 1.6700217727258012e-12, 5.396862268844652e-13, 1.5219247144098347e-13, 3.749336609899149e-14, 9.5992662454761e-15, 2.565405165306692e-15, 6.909683600571415e-16, 1.93327057298167e-16, 5.743479759196156e-17, 1.967416841379839e-17, 9.051519437455803e-18, 4.295125605151818e-18, 1.0794058644738777e-18, 2.034126707576491e-19, 4.1943702401200584e-20, 8.744422401754769e-21, 1.9901180811696674e-21, 4.2267006290108506e-22, 9.59123297017662e-23, 2.359187159913658e-23, 6.31867766174018e-24, 1.8109112574710705e-24, 5.961472369232352e-25, 2.804731766990976e-25, 2.2272667950819596e-25, 1.4940085469524663e-25, 1.4566038213482792e-25, 1.7935656373220689e-25]
W_list: [6]
L_list: [1.1101713989077733]
