C_list:
1.883383747953814e-06 0.2641396672766233
ndim2: 500
W_list: [3.6]
L_list: [3.785875897817114]
