C_final_list: [1.9275739224987864e-06, 1.805024849080295e-06, 1.6883204546950323e-06, 1.5786722260303306e-06, 1.4749179570856156e-06, 1.3810670982344696e-06, 1.2912843216850163e-06, 1.2078507960596783e-06, 1.1289256041160294e-06, 1.0551900746037154e-06, 9.857119091939534e-07, 9.209915572666895e-07, 8.607301566911256e-07, 8.032699021562636e-07, 7.496524985618025e-07, 7.001337944263114e-07, 6.543346408111453e-07, 6.118004522279876e-07, 5.715794506832152e-07, 5.347381635181603e-07, 4.995933431036163e-07, 4.6672919808364747e-07, 4.3564750100798795e-07, 4.068178573815552e-07, 3.7946520813407036e-07, 3.5413743435633747e-07, 3.307528352670488e-07, 3.0903016146576463e-07, 2.883392609866408e-07, 2.687762769084977e-07, 2.5036238028290925e-07, 2.332527283352065e-07, 2.1730102165070576e-07, 2.0279977025902959e-07, 1.8893633185265775e-07, 1.7598990296362713e-07, 1.6387967900014422e-07, 1.529070606875245e-07, 1.4251479290232177e-07, 1.3267103285903937e-07, 1.2349678594099675e-07, 1.1503718825308061e-07, 1.0714334535504065e-07, 9.981802452009524e-08, 9.2947762527016e-08, 8.649819115909612e-08, 8.045069748567484e-08, 7.48212357255899e-08, 6.95382292751518e-08, 6.453570115257077e-08]
ndim2: 500
W_list: [3.0999999999999996]
L_list: [14.719979565016168]
