C_final_list: [1.8288306536901807e-06, 1.7748809062598476e-06, 1.7210500913226256e-06, 1.6692719683030273e-06, 1.619409111683382e-06, 1.5707457120247017e-06, 1.5243422512721807e-06, 1.4787202545779682e-06, 1.4343109941759413e-06, 1.391216801017808e-06, 1.349320304206986e-06, 1.308761907027504e-06, 1.2692802495552876e-06, 1.231334102543419e-06, 1.1948550580049835e-06, 1.159400617682498e-06, 1.1248390681914022e-06, 1.0910127604278005e-06, 1.0580178350418996e-06, 1.0258413242177815e-06, 9.947541010777888e-07, 9.647800858961153e-07, 9.352448452788509e-07, 9.067185738016253e-07, 8.787568651226073e-07, 8.520143300386657e-07, 8.257373082467313e-07, 8.001269863640488e-07, 7.750966116706849e-07, 7.509752784888283e-07, 7.275240546578187e-07, 7.047148765320197e-07, 6.825189566790896e-07, 6.609457215837866e-07, 6.40091958153301e-07, 6.196758095254405e-07, 5.997544569543597e-07, 5.804997436526836e-07, 5.617488460906204e-07, 5.43565658105162e-07, 5.259307537607504e-07, 5.090822794378324e-07, 4.927816295300513e-07, 4.770472331698652e-07, 4.619168972923192e-07, 4.4724629470939347e-07, 4.3291603061030025e-07, 4.1902585382312677e-07, 4.0553470663702693e-07, 3.9237767535056476e-07]
ndim2: 500
W_list: [3.0]
L_list: [32.25177125964965]
