C_final_list: [1.4128097334009148e-06, 1.125243072604143e-06, 8.899153569130451e-07, 7.004613649300246e-07, 5.530916164099855e-07, 4.355732222984393e-07, 3.4412765575709887e-07, 2.6992582481733595e-07, 2.129489132107862e-07, 1.6750662811309027e-07, 1.3129471345953637e-07, 1.0282294196681667e-07, 8.104320192421481e-08, 6.359970340204367e-08, 4.9975207090652086e-08, 3.92416814792211e-08, 3.0796920695257966e-08, 2.4061504761524688e-08, 1.8801673405237933e-08, 1.4533156335005453e-08, 1.1270168675492462e-08, 8.758494317276796e-09, 6.733979781638357e-09, 5.1790906975854585e-09, 3.980980595262273e-09, 3.05091044263987e-09, 2.3465572358954656e-09, 1.8005985085448017e-09, 1.3874877496457676e-09, 1.0712466880776208e-09, 8.189051135779914e-10, 6.252446097581509e-10, 4.81557490115439e-10, 3.7032185454333417e-10, 2.8557864049099104e-10]
ndim2: 500
W_list: [3.0]
L_list: [4.229858852157058]
