C_final_list: [2.2832994362220093e-06, 2.09703258437755e-06, 1.91489138752444e-06, 1.7489411173207757e-06, 1.5978832814025577e-06, 1.4569784481381656e-06, 1.329655418102106e-06, 1.2127564965016949e-06, 1.1059712970071581e-06, 1.010076411185045e-06, 9.229548182119526e-07, 8.435484110252872e-07, 7.703870201065757e-07, 7.041876119941956e-07, 6.432108337915034e-07, 5.872509062168887e-07, 5.356160841175433e-07, 4.885194105015087e-07, 4.4608308593896403e-07, 4.068870306531106e-07, 3.7113951734551297e-07, 3.3782956694741457e-07, 3.078646162497499e-07, 2.8035212191061866e-07, 2.557080114478752e-07, 2.333305849614112e-07, 2.130538491869721e-07, 1.9404290790281416e-07, 1.7664408827699976e-07, 1.6079125649103196e-07, 1.4613265803498975e-07, 1.32739557891632e-07, 1.2071257674311855e-07, 1.0953896473094895e-07, 9.938149298665408e-08, 9.018742417339499e-08, 8.182146552612862e-08, 7.44064267537404e-08, 6.764997603879636e-08, 6.139179353961959e-08, 5.574753591078512e-08, 5.06695332329452e-08, 4.604623640215055e-08, 4.187962821385463e-08, 3.807913371678278e-08, 3.466441387358941e-08, 3.151634576248178e-08, 2.860838108100394e-08, 2.5998534750121582e-08, 2.3589691564628906e-08]
ndim2: 500
W_list: [2.2]
L_list: [10.963693865593891]
