C_final_list: [2.0937304297371403e-06, 2.0759992981620813e-06, 2.058599251511944e-06, 2.0418387822859214e-06, 2.0255385720149155e-06, 2.0096719484297946e-06, 1.994114911996307e-06, 1.9786804278529055e-06, 1.9634958575699588e-06, 1.948572487717795e-06, 1.9337819868620035e-06, 1.919159502704838e-06, 1.9047314937355833e-06, 1.8905085868108114e-06, 1.8766123013761587e-06, 1.8626642190700654e-06, 1.8489094791575949e-06, 1.8352538845172545e-06, 1.8215624585134979e-06, 1.8081431247569493e-06, 1.7947569147697121e-06, 1.7814167547125461e-06, 1.7682496527060528e-06, 1.7550946195228804e-06, 1.7419927111005934e-06, 1.7290497696054465e-06, 1.7163048088314478e-06, 1.70354674517593e-06, 1.6909213698199718e-06, 1.6784847815810994e-06, 1.6661473918440265e-06, 1.653898000024471e-06, 1.6417560081170381e-06, 1.6296863813529469e-06, 1.6177569228923753e-06, 1.606021674446738e-06, 1.5942126131311311e-06, 1.5824817413564897e-06, 1.5708410492560824e-06, 1.5593145121725897e-06, 1.5479953993322205e-06, 1.5366620420771533e-06, 1.52546603606232e-06, 1.5142924536504683e-06, 1.5032408680109721e-06, 1.4923884088260843e-06, 1.4816139738606908e-06, 1.4707632460915912e-06, 1.459912268217291e-06, 1.4491637472004653e-06]
ndim2: 500
W_list: [2.2]
L_list: [133.92573869196843]
