C_final_list: [2.254416723712003e-06, 2.0845225066328524e-06, 1.9188034312285354e-06, 1.7660634320957067e-06, 1.6261303317078572e-06, 1.495778255754971e-06, 1.3768223271785186e-06, 1.2660533438234705e-06, 1.1624721271442833e-06, 1.0677539369392938e-06, 9.804959157446892e-07, 8.993339745709544e-07, 8.261831757268979e-07, 7.5817272215812e-07, 6.953247446456314e-07, 6.379877481358614e-07, 5.852786989125273e-07, 5.373317105087525e-07, 4.921183997227705e-07, 4.504499235520351e-07, 4.1277348530318676e-07, 3.7741419087215223e-07, 3.4511250795184987e-07, 3.157761236866545e-07, 2.890729084533214e-07, 2.6443329782570634e-07, 2.4177443580330357e-07, 2.2152917742242365e-07, 2.030648942362968e-07, 1.858808679292992e-07, 1.7012112388655195e-07, 1.5559061130251162e-07, 1.4229742186044557e-07, 1.300370607624185e-07, 1.1894742436746481e-07, 1.0878178574126316e-07, 9.943078966873546e-08, 9.10053450312943e-08, 8.322685859339367e-08, 7.603890795242439e-08, 6.950488488436926e-08, 6.348465414214705e-08, 5.793354409539437e-08, 5.300126349119099e-08, 4.8481132908354465e-08, 4.4310109523148747e-08, 4.049066510373174e-08, 3.698236940520582e-08, 3.384215379832741e-08, 3.0898774034412214e-08]
ndim2: 500
W_list: [2.0]
L_list: [11.742370328820448]
