R_list= [ 1  2  3  4  5  6  7  8  9 10 11 12 13 14 15 16 17 18 19 20 21 22 23 24
 25 26 27 28 29 30 31 32 33 34 35 36 37 38]
C_final_list= [6.656679561994052e-07, 5.921307556132482e-07, 5.224909449383836e-07, 4.599070121186979e-07, 4.046457269997709e-07, 3.5597874370604615e-07, 3.131046668306099e-07, 2.7503504374955086e-07, 2.415535881540078e-07, 2.11896869217831e-07, 1.857363858148142e-07, 1.6275474490682593e-07, 1.42607092830733e-07, 1.247492331462087e-07, 1.089871801959295e-07, 9.519736953182008e-08, 8.307081156376894e-08, 7.262345167190086e-08, 6.346373892181699e-08, 5.539407163323024e-08, 4.8316774660762854e-08, 4.22121074624294e-08, 3.688145017848586e-08, 3.217212621634333e-08, 2.8100983300967964e-08, 2.4513414366202064e-08, 2.1375548039435502e-08, 1.8644145270166907e-08, 1.6281468096926955e-08, 1.420082490076645e-08, 1.2372131402942824e-08, 1.0759336641841084e-08, 9.337212763348943e-09, 8.092913164906739e-09, 7.007107572870726e-09, 6.05763711611678e-09, 5.243014578304606e-09, 4.5377256895284295e-09]
W_list: [8.0]
L_list: [7.733390415385649]
