R_list= [ 1  2  3  4  5  6  7  8  9 10 11 12 13 14 15 16 17 18 19 20 21 22 23 24
 25 26 27 28 29 30 31 32]
C_final_list= [7.760329882433356e-07, 7.256403972271612e-07, 6.766735676206306e-07, 6.302672364362157e-07, 5.86552818326598e-07, 5.458401980644408e-07, 5.078624090813344e-07, 4.7243930056219865e-07, 4.393660081255869e-07, 4.084410225417576e-07, 3.7971369476003923e-07, 3.529151791029086e-07, 3.277950513876344e-07, 3.042941397113152e-07, 2.821339027316779e-07, 2.6132633202616226e-07, 2.4203789539203877e-07, 2.2421826698583564e-07, 2.0772583489279173e-07, 1.924198210521942e-07, 1.7823013444803613e-07, 1.6500627878413285e-07, 1.526887694960595e-07, 1.413185412396971e-07, 1.3077610130807504e-07, 1.2104784620879366e-07, 1.1200063393151206e-07, 1.03636644031473e-07, 9.586933728779269e-08, 8.86700320373949e-08, 8.202759569647887e-08, 7.584234655712615e-08]
W_list: [6]
L_list: [13.577163602300127]
