C_final_list: [1.5896731928324017e-06, 1.5631646093825175e-06, 1.5368694244517234e-06, 1.5112041387667736e-06, 1.4860051018143352e-06, 1.4613396564207435e-06, 1.4369809542522527e-06, 1.4131316851615289e-06, 1.3895376466492827e-06, 1.3664761566189002e-06, 1.3437938094327303e-06, 1.3213244402910097e-06, 1.299428098121696e-06, 1.2778254495137043e-06, 1.2564844400262657e-06, 1.2356152524314791e-06, 1.2152363315734343e-06, 1.1950245436168452e-06, 1.1751644231321947e-06, 1.1554932188999333e-06, 1.1361991974032116e-06, 1.1173988605343084e-06, 1.0986283300780526e-06, 1.080319906418354e-06, 1.062258106886366e-06, 1.0445104486590777e-06, 1.0269834383592694e-06, 1.0098353843785129e-06, 9.929855661889188e-07, 9.764896907968216e-07, 9.602587217972378e-07, 9.442367340257211e-07, 9.286209193014549e-07, 9.129257729379133e-07, 8.977430041269126e-07, 8.827395946803469e-07, 8.680489536573197e-07, 8.536351084992637e-07, 8.393527904370162e-07, 8.253486278009387e-07, 8.115068116024098e-07, 7.978530666318883e-07, 7.843590396838394e-07, 7.709641001904785e-07, 7.578669568594597e-07, 7.449926689527077e-07, 7.323216766848965e-07, 7.198631157966942e-07, 7.075074610211508e-07, 6.952477712679257e-07]
ndim2: 500
W_list: [3.0999999999999996]
L_list: [59.441437275839995]
