C_final_list: [9.436353086215912e-07, 8.562699081850427e-07, 7.727145218001309e-07, 6.945649305875732e-07, 6.24034972572592e-07, 5.604751581318602e-07, 5.038953066638594e-07, 4.538541814247171e-07, 4.087471270956685e-07, 3.6687772824083934e-07, 3.2971192545605456e-07, 2.960227168314264e-07, 2.660548309811792e-07, 2.3862584630444067e-07, 2.141320523659484e-07, 1.9195396208239422e-07, 1.723691801564346e-07, 1.5470969843169702e-07, 1.3844271166552837e-07, 1.2393147299587206e-07, 1.1090057604858118e-07, 9.930683642811149e-08, 8.886870163339488e-08, 7.939693783575146e-08, 7.082489538356208e-08, 6.320217129482979e-08, 5.636726678200812e-08, 5.033366997802392e-08, 4.494625071433366e-08, 4.012811731422054e-08, 3.579498497148108e-08, 3.197945600885864e-08, 2.856122790788952e-08, 2.5562282254655147e-08, 2.279083856324845e-08]
ndim2: 500
W_list: [4.0]
L_list: [9.36911075427672]
