R_list= [ 1  2  3  4  5  6  7  8  9 10 11 12 13 14 15 16 17 18 19 20 21 22 23 24
 25 26 27 28 29 30 31 32 33 34 35 36 37 38]
C_final_list= [4.900628026330249e-07, 3.1947955467275806e-07, 1.7991477121408704e-07, 9.269091668032794e-08, 4.521176024834924e-08, 2.127744032431043e-08, 9.779580682689369e-09, 4.435981455329217e-09, 2.0003604261007206e-09, 9.00618970679566e-10, 4.0679034597391944e-10, 1.8460514709750106e-10, 8.383992123998562e-11, 3.790371962994587e-11, 1.707397527637491e-11, 7.640613081704979e-12, 3.4111711005075356e-12, 1.5242721491409636e-12, 6.77431831054938e-13, 2.9924139029681775e-13, 1.3079323186668914e-13, 5.664690214705279e-14, 2.437314047564152e-14, 1.036390645963915e-14, 4.370021358904023e-15, 1.8382015739159666e-15, 7.716985405277049e-16, 3.2264161319917744e-16, 1.3395017405319734e-16, 5.528462350549165e-17, 2.2688246788189435e-17, 9.304636211066776e-18, 3.816911984061581e-18, 1.5715143274406447e-18, 6.49357405977772e-19, 2.6844435791479712e-19, 1.108917518831322e-19, 4.569783643876925e-20]
W_list: [4]
L_list: [1.864574928481286]
