R_list= [ 1  2  3  4  5  6  7  8  9 10 11 12 13 14 15 16 17 18 19 20 21 22 23 24
 25 26 27 28 29 30 31 32 33 34 35 36 37 38]
C_final_list= [4.167154530592086e-07, 2.5788698273419005e-07, 1.35422204788731e-07, 6.457020563661645e-08, 2.9071523527237846e-08, 1.265577226927352e-08, 5.402969137407342e-09, 2.2789881951175284e-09, 9.522207737569306e-10, 3.9375139253498515e-10, 1.6146259459760652e-10, 6.59013902790965e-11, 2.6873204638735464e-11, 1.0967071888903694e-11, 4.4690173439720214e-12, 1.812430650233163e-12, 7.319866389590214e-13, 2.9614562675659104e-13, 1.203954138897574e-13, 4.916381853473458e-14, 2.0170965440037462e-14, 8.342031439856643e-15, 3.506682964035921e-15, 1.499475181232267e-15, 6.586006911018405e-16, 3.061273067603291e-16, 1.4877445857025076e-16, 7.02225591639771e-17, 3.324037940060277e-17, 1.6418084386633492e-17, 7.708709242095494e-18, 3.4368922258695466e-18, 1.5109404387503854e-18, 6.688756403758499e-19, 3.178233416079456e-19, 1.6650233796309797e-19, 9.791409786604831e-20, 6.430013413204102e-20]
W_list: [4]
L_list: [1.7051654364034272]
