R_list= [ 1  2  3  4  5  6  7  8  9 10 11 12 13 14 15 16 17 18 19 20 21 22 23 24
 25 26 27 28 29 30 31 32 33 34 35 36 37 38]
C_final_list= [3.6495375963625115e-07, 3.3255782995910676e-07, 3.0096945534891713e-07, 2.713493459827651e-07, 2.4427144654522183e-07, 2.1981019506308794e-07, 1.976088443486758e-07, 1.7760763057804212e-07, 1.5953685034638596e-07, 1.4334155051918431e-07, 1.2883800347129817e-07, 1.1551978326699144e-07, 1.0357353673834711e-07, 9.279675205293697e-08, 8.301009656217398e-08, 7.420258163143185e-08, 6.633253102402209e-08, 5.9185047183249095e-08, 5.275879568690822e-08, 4.703355100176789e-08, 4.189976404468517e-08, 3.731165873847735e-08, 3.321719417834191e-08, 2.960331631200372e-08, 2.6363009195086166e-08, 2.3473730754248977e-08, 2.0903565282116364e-08, 1.862440653035159e-08, 1.6584369161981363e-08, 1.4781305636953725e-08, 1.315895834068312e-08, 1.1717542547581448e-08, 1.0418788573346337e-08, 9.269194426857869e-09, 8.25826106118276e-09, 7.352501493090406e-09, 6.5473976573104635e-09, 5.819439828811679e-09]
W_list: [7]
L_list: [9.334780365372648]
