C_final_list: [1.0620803418566077e-06, 9.895496856251903e-07, 9.182147803085849e-07, 8.499924531292837e-07, 7.878450335430061e-07, 7.296919973834461e-07, 6.756981126083001e-07, 6.245178058222669e-07, 5.767843928549711e-07, 5.321648918344075e-07, 4.913078764890545e-07, 4.540286562939164e-07, 4.1958573512640204e-07, 3.8775554757110764e-07, 3.575915987374996e-07, 3.2991824676709974e-07, 3.0421646521036153e-07, 2.804907752572533e-07, 2.5873374136984567e-07, 2.383498198178373e-07, 2.1930620790786802e-07, 2.0183383706659487e-07, 1.857622272210205e-07, 1.7082201732168787e-07, 1.570491464421132e-07, 1.4429540157577587e-07, 1.3252842112618522e-07, 1.2186817498778183e-07, 1.1218206875395301e-07, 1.0314602649341721e-07, 9.482905922511737e-08, 8.717119079404179e-08, 8.009588269994873e-08, 7.362515526348369e-08, 6.77140789442681e-08]
ndim2: 500
W_list: [2.8]
L_list: [12.631181829494219]
