R_list= [ 1  2  3  4  5  6  7  8  9 10 11 12 13 14 15 16 17 18 19 20 21 22 23 24
 25 26 27 28 29 30 31 32 33 34 35 36 37 38]
C_final_list= [2.2832779361656227e-06, 2.0052705541719894e-06, 1.7442338546232618e-06, 1.5105724380998412e-06, 1.3059623186498377e-06, 1.126756444230981e-06, 9.714611121804884e-07, 8.368939167898883e-07, 7.206938348439203e-07, 6.203020412674466e-07, 5.332811900225851e-07, 4.5829598480378303e-07, 3.940607215902722e-07, 3.3855915744892624e-07, 2.90907175980357e-07, 2.497168579177416e-07, 2.142477648434286e-07, 1.8374299055555207e-07, 1.5763501141339976e-07, 1.351200478902412e-07, 1.1593914020889506e-07, 9.94061035646953e-08, 8.519271797811383e-08, 7.296604249870333e-08, 6.251891648175861e-08, 5.3542390936774535e-08, 4.5843885058784136e-08, 3.919708239942986e-08, 3.348965162141021e-08, 2.8571014257316204e-08, 2.4389607689093247e-08, 2.0795154056893467e-08, 1.772782039179769e-08, 1.5115794145847223e-08, 1.2897928593161856e-08, 1.0987843561576809e-08, 9.34432175588979e-09, 7.949387903776899e-09]
W_list: [8.3]
L_list: [6.8258475526999405]
