R_list= [ 1  2  3  4  5  6  7  8  9 10 11 12 13 14 15 16 17 18 19 20 21 22 23 24
 25 26 27 28 29 30 31 32 33 34 35 36 37 38]
C_final_list= [6.548779146739637e-06, 5.613273929061644e-06, 4.768380431654199e-06, 4.035313415843531e-06, 3.4071519322814422e-06, 2.8719141321181365e-06, 2.4194203108906317e-06, 2.0384341003659672e-06, 1.7173015813177885e-06, 1.4481858180317298e-06, 1.2204180542999465e-06, 1.028069389799067e-06, 8.654030693220667e-07, 7.279700891102629e-07, 6.112598943170887e-07, 5.128441562365302e-07, 4.301912799873614e-07, 3.6066959391678105e-07, 3.0235601571857755e-07, 2.533808549984736e-07, 2.1244461396531897e-07, 1.781592347738286e-07, 1.494293208647856e-07, 1.2529279208249346e-07, 1.0526520125974045e-07, 8.845562340061145e-08, 7.420621471399973e-08, 6.23490788109099e-08, 5.2303823872950775e-08, 4.383525163251602e-08, 3.676186699949958e-08, 3.080711489991246e-08, 2.5846812469084477e-08, 2.164715872653993e-08, 1.8136219754954833e-08, 1.5222650833698516e-08, 1.2769505641334294e-08, 1.0721368667683915e-08]
W_list: [8.15]
L_list: [5.939169579527628]
