R_list= [ 1  2  3  4  5  6  7  8  9 10 11 12 13 14 15 16 17 18 19 20 21 22 23 24
 25 26 27 28 29 30 31 32 33 34 35 36 37 38]
C_final_list= [8.987923361812123e-07, 8.526149470770004e-07, 8.054065879410996e-07, 7.591553718523014e-07, 7.144480496901591e-07, 6.723326761162829e-07, 6.326378849830007e-07, 5.954912285394652e-07, 5.601914038517163e-07, 5.265131988732152e-07, 4.947090847715696e-07, 4.6478651656954885e-07, 4.365367522004052e-07, 4.099289514740739e-07, 3.8472230370605507e-07, 3.608653798701733e-07, 3.384655595532225e-07, 3.174475338213211e-07, 2.977003912564257e-07, 2.792393775375313e-07, 2.6202702930224364e-07, 2.458165007923274e-07, 2.3072768059339193e-07, 2.165133021622572e-07, 2.031315541525282e-07, 1.9052250497729078e-07, 1.7860530997211336e-07, 1.6736819410678296e-07, 1.5676054959281074e-07, 1.4683630253595762e-07, 1.3755710505699404e-07, 1.288011193850604e-07, 1.2054246722321496e-07, 1.1278241797261931e-07, 1.0554132593990194e-07, 9.874878283289228e-08, 9.242161170655772e-08, 8.650052052910429e-08]
W_list: [7.2]
L_list: [16.056915097687938]
