R_list= [ 1  2  3  4  5  6  7  8  9 10 11 12 13 14 15 16 17 18 19 20 21 22 23 24
 25 26 27 28 29 30 31 32 33 34 35 36 37 38]
C_final_list= [4.106173233606516e-06, 3.4335103746591597e-06, 2.8609183285443428e-06, 2.3747994124797257e-06, 1.965930634379849e-06, 1.6251089146134296e-06, 1.343418235452892e-06, 1.1097608762947098e-06, 9.150653494395732e-07, 7.543250753240139e-07, 6.21779598868017e-07, 5.12545771146692e-07, 4.2285494490291287e-07, 3.486878235157298e-07, 2.872865479897449e-07, 2.3710733904909296e-07, 1.9603867555662046e-07, 1.619785656653108e-07, 1.337957899432026e-07, 1.1025619866290262e-07, 9.081829030123905e-08, 7.473889017658841e-08, 6.148756068815472e-08, 5.0572763656385597e-08, 4.1453994619515106e-08, 3.395248139124547e-08, 2.7838411388267214e-08, 2.2801671299430834e-08, 1.868748907752163e-08, 1.5317810684537555e-08, 1.2568205824948204e-08, 1.0319055833630087e-08, 8.432468443047192e-09, 6.880838298927206e-09, 5.625384660643463e-09, 4.627588815670852e-09, 3.800855596675586e-09, 3.114014120546685e-09]
W_list: [7.8]
L_list: [5.317934793264641]
