C_final_list: [1.8887943172883025e-06, 1.8324914652888396e-06, 1.777215383291798e-06, 1.7242671491847937e-06, 1.6729835664323258e-06, 1.6230248142547348e-06, 1.575609904746387e-06, 1.5289234850450317e-06, 1.4832630235315365e-06, 1.4393916977287067e-06, 1.3970878071686505e-06, 1.3559178508926575e-06, 1.3158441415728925e-06, 1.27659746058293e-06, 1.2383754847373488e-06, 1.2007459104572168e-06, 1.1644639909967408e-06, 1.1287487423270952e-06, 1.093819630893538e-06, 1.0602894635643783e-06, 1.027977372182249e-06, 9.962711518948488e-07, 9.65657995575892e-07, 9.354389059672754e-07, 9.063528325073427e-07, 8.780087427194207e-07, 8.503620662619706e-07, 8.233114849746665e-07, 7.972773032724711e-07, 7.720863611219503e-07, 7.474892514237021e-07, 7.237635076125058e-07, 7.003876470403736e-07, 6.776315222025196e-07, 6.558705062823106e-07, 6.349309780629643e-07, 6.145232273118622e-07, 5.947916106041729e-07, 5.757280714368278e-07, 5.574226717304583e-07, 5.394493574892825e-07, 5.220702271207161e-07, 5.052080950654645e-07, 4.890037928557811e-07, 4.7318184342263405e-07, 4.5789613382827974e-07, 4.430128534035968e-07, 4.285689263320173e-07, 4.1465931733256794e-07, 4.0111048501606264e-07]
ndim2: 500
W_list: [3.0]
L_list: [32.05963232715548]
