C_final_list: [8.446360134651888e-07, 8.074321606512548e-07, 7.693891887764573e-07, 7.322989099681346e-07, 6.965117286573685e-07, 6.618420750655651e-07, 6.287662539987949e-07, 5.973081215555504e-07, 5.669914013298145e-07, 5.380441752626574e-07, 5.103412930794773e-07, 4.83679474573929e-07, 4.5839186280806276e-07, 4.345342256685052e-07, 4.1200781411353366e-07, 3.906599267264364e-07, 3.7024922521476554e-07, 3.508381369777567e-07, 3.32320694300141e-07, 3.149828591151016e-07, 2.9840565548151075e-07, 2.8284403824856414e-07, 2.680960799001806e-07, 2.541844783426577e-07, 2.4094988883685067e-07, 2.2829472421711334e-07, 2.1629678807135378e-07, 2.049806531476191e-07, 1.9410760348696578e-07, 1.838155159382692e-07, 1.741426101186998e-07, 1.6504429539177163e-07, 1.563250317133208e-07, 1.479639572577325e-07, 1.399906377671827e-07]
ndim2: 500
W_list: [3.6]
L_list: [19.021809543814513]
