R_list= [ 1  2  3  4  5  6  7  8  9 10 11 12 13 14 15 16 17 18 19 20 21 22 23 24
 25 26 27 28 29 30 31 32 33 34 35 36 37 38]
C_final_list= [3.485874489210702e-05, 2.250082604358041e-05, 1.4454647323174581e-05, 9.257420867428552e-06, 5.916455597150796e-06, 3.7644532460757325e-06, 2.4002140137653995e-06, 1.5297663288475513e-06, 9.739499497437065e-07, 6.191260830987252e-07, 3.9343160882890433e-07, 2.504413058471954e-07, 1.5875248040720798e-07, 1.0052622043125292e-07, 6.379237243114901e-08, 4.048835096829255e-08, 2.5663469737150265e-08, 1.6268082907728668e-08, 1.0293670788753e-08, 6.449236353874069e-09, 4.047072753889891e-09, 2.5569914916660217e-09, 1.614259083881718e-09, 1.0282430802332137e-09, 6.617864137209501e-10, 4.3006148736956e-10, 2.7263010501875784e-10, 1.7351395566554546e-10, 1.0919533099695434e-10, 6.957017381950585e-11, 4.39230228446934e-11, 2.8093268367023236e-11, 1.83539025646047e-11, 1.2264581771625642e-11, 8.367664604989504e-12, 5.831440948653762e-12, 4.173581419819056e-12, 3.011031281194765e-12]
W_list: [8.3]
L_list: [2.2585180874546387]
