R_list= [ 1  2  3  4  5  6  7  8  9 10 11 12 13 14 15 16 17 18 19 20 21 22 23 24
 25 26 27 28 29 30 31 32 33 34 35 36 37 38]
C_final_list= [3.083033398830427e-05, 2.3328608243156895e-05, 1.755193264329271e-05, 1.3165678119831708e-05, 9.856770429192482e-06, 7.3628380306815195e-06, 5.4963428585764225e-06, 4.097860523877582e-06, 3.056017150534481e-06, 2.28306869033134e-06, 1.7029149018435747e-06, 1.2695873142452478e-06, 9.457043177548601e-07, 7.060060598118854e-07, 5.294609749057871e-07, 3.96912781183095e-07, 2.9772533076673714e-07, 2.2250318712190414e-07, 1.6600422290839635e-07, 1.2383495220710547e-07, 9.272379086918286e-08, 6.949537717312256e-08, 5.1785250220665116e-08, 3.84610415814174e-08, 2.8583454131219625e-08, 2.1274926465636467e-08, 1.5840340562193006e-08, 1.1873478481971122e-08, 8.879857744109113e-09, 6.646580592795691e-09, 5.0018648684384264e-09, 3.739432751393705e-09, 2.783043221428656e-09, 2.087510207259586e-09, 1.5617440696277697e-09, 1.1726716833991305e-09, 8.733369238786068e-10, 6.458437504323769e-10]
W_list: [8.2]
L_list: [3.4864076918233255]
