R_list= [ 1  2  3  4  5  6  7  8  9 10 11 12 13 14 15 16 17 18 19 20 21 22 23 24
 25 26 27 28 29 30 31 32 33 34 35 36 37 38]
C_final_list= [2.3471282550584278e-05, 1.939893007889015e-05, 1.588151585472924e-05, 1.2978602386731485e-05, 1.0598161474205972e-05, 8.635530331336322e-06, 7.038155404123745e-06, 5.735142393341098e-06, 4.6699163157063306e-06, 3.7977507329726516e-06, 3.087155422189723e-06, 2.5088809807453207e-06, 2.0389278984619216e-06, 1.6582704764644876e-06, 1.3481192401421077e-06, 1.0972300570493178e-06, 8.91856993812078e-07, 7.247321246419981e-07, 5.884579927975778e-07, 4.784380911348136e-07, 3.8996275130297464e-07, 3.178720570467812e-07, 2.5901565114334254e-07, 2.108227542960022e-07, 1.7198692228079698e-07, 1.3984081364033817e-07, 1.1364011435381098e-07, 9.220224079182389e-08, 7.485478219870715e-08, 6.0830222817663e-08, 4.933222483416173e-08, 3.996358012844147e-08, 3.227820246881687e-08, 2.603253176083431e-08, 2.101503744106284e-08, 1.6991059606677894e-08, 1.3707134160431358e-08, 1.1071850019406421e-08]
W_list: [8.0]
L_list: [4.947673395677397]
