R_list= [ 1  2  3  4  5  6  7  8  9 10 11 12 13 14 15 16 17 18 19 20 21 22 23 24
 25 26 27 28 29 30 31 32 33 34 35 36 37 38]
C_final_list= [8.640741826223227e-07, 5.061392327953026e-07, 2.9669730191828595e-07, 1.7274121820943823e-07, 1.0023445566113484e-07, 5.8684846675421084e-08, 3.408520062781968e-08, 1.979176867870286e-08, 1.1351813453094204e-08, 6.606224963912634e-09, 3.78498088434732e-09, 2.202678474905195e-09, 1.2764791380227257e-09, 7.298565640330205e-10, 4.176817783126773e-10, 2.387721497985918e-10, 1.366392890724892e-10, 7.683968041834994e-11, 4.124236853994436e-11, 2.3344318202217738e-11, 1.3478244887194399e-11, 7.485429649718125e-12, 4.032791495704853e-12, 2.191379092150572e-12, 1.1910052583124142e-12, 6.726506505326297e-13, 3.920058272055418e-13, 2.115723728132111e-13, 1.1026093779148063e-13, 6.12296897335008e-14, 3.5335682871649565e-14, 2.0381192299475575e-14, 1.1043999846497537e-14, 5.746155298210176e-15, 2.709548206045975e-15, 1.3802514961030264e-15, 7.164715932707393e-16, 3.7937128748096257e-16]
W_list: [8.8]
L_list: [1.8642551108368322]
