C_final_list: [2.3387322187046157e-06, 2.161863368378167e-06, 1.991835828295052e-06, 1.835129982235477e-06, 1.6889529273243438e-06, 1.5490971674991867e-06, 1.4238723329211249e-06, 1.304571558101446e-06, 1.197292278649147e-06, 1.1008302703169411e-06, 1.0113877567070485e-06, 9.297473979172067e-07, 8.541250575980401e-07, 7.838132516021187e-07, 7.184999077533387e-07, 6.588881019066689e-07, 6.043196743692228e-07, 5.542734808928607e-07, 5.077091143303523e-07, 4.6564172257276006e-07, 4.2699131968361547e-07, 3.9142283820246535e-07, 3.587825664526501e-07, 3.2864590830474604e-07, 3.0131738577422543e-07, 2.760035078628248e-07, 2.5259966999808485e-07, 2.3139363310518898e-07, 2.1228374242029723e-07, 1.9484448061656326e-07, 1.7860217976498864e-07, 1.6374836933684254e-07, 1.4974748688309536e-07, 1.3685061561707093e-07, 1.2532649641267656e-07, 1.1482773225715916e-07, 1.0508787058083918e-07, 9.614708742438303e-08, 8.808588253967355e-08, 8.068666845379263e-08, 7.380583298591032e-08, 6.73812571767314e-08, 6.16327257603521e-08, 5.6422049984708676e-08, 5.1600419568144745e-08, 4.722373401344311e-08, 4.31593251364475e-08, 3.943013823822952e-08, 3.6022726531513025e-08, 3.293954983646184e-08]
ndim2: 500
W_list: [2.0]
L_list: [11.728780345786658]
