R_list= [ 1  2  3  4  5  6  7  8  9 10 11 12 13 14 15 16 17 18 19 20 21 22 23 24
 25 26 27 28 29 30 31 32 33 34 35 36 37 38]
C_final_list= [9.902341443784698e-07, 8.524531096080279e-07, 7.417801896368234e-07, 6.418439179721137e-07, 5.551728167717902e-07, 4.790907498352622e-07, 4.131024418953368e-07, 3.570947885943127e-07, 3.0784611203367107e-07, 2.654772258958272e-07, 2.2868496383328278e-07, 1.9640284492250414e-07, 1.689778925847673e-07, 1.449105055367382e-07, 1.2419792617530994e-07, 1.0643341025640194e-07, 9.117664428877631e-08, 7.805305642616072e-08, 6.679161160073147e-08, 5.706961193983321e-08, 4.878288090756679e-08, 4.1667425417966474e-08, 3.5699664265585865e-08, 3.055561459944895e-08, 2.6121318688539892e-08, 2.2325433403464066e-08, 1.9028338049720707e-08, 1.6205657360454103e-08, 1.3807507653474666e-08, 1.1782869519249616e-08, 1.0040873582477229e-08, 8.565612619725799e-09, 7.32977834845424e-09, 6.2576958195141695e-09, 5.349814671188041e-09, 4.5669140847040015e-09, 3.903470907830603e-09, 3.3164950090210257e-09]
W_list: [6]
L_list: [6.781600666195878]
