C_final_list: [1.6818452567567718e-06, 1.657053829280772e-06, 1.6324619309901307e-06, 1.6089653725924832e-06, 1.585888408678234e-06, 1.5633349369139623e-06, 1.5410967334500429e-06, 1.5192018292288255e-06, 1.4979072103918758e-06, 1.4769132614960514e-06, 1.4559715474587892e-06, 1.43554598754287e-06, 1.4155685807345044e-06, 1.3959136639567296e-06, 1.376531482390339e-06, 1.357416898435589e-06, 1.3388335339820697e-06, 1.320222524409994e-06, 1.3018880246090607e-06, 1.2839804362831293e-06, 1.266218102561257e-06, 1.2486072691591766e-06, 1.2312154777266235e-06, 1.2138743388370801e-06, 1.1968268085606335e-06, 1.1799285640540318e-06, 1.1632356688364759e-06, 1.1464344017810359e-06, 1.1300023980742655e-06, 1.1138238711836684e-06, 1.0978234758355173e-06, 1.0821295501893576e-06, 1.0665591129620897e-06, 1.0510901422734737e-06, 1.0358808706771276e-06, 1.021028973243672e-06, 1.006583631082577e-06, 9.921351184565399e-07, 9.780811227965004e-07, 9.640426325787398e-07, 9.50165650952627e-07, 9.36375956727883e-07, 9.22988386117041e-07, 9.096902630347979e-07, 8.965389917016542e-07, 8.833434937179662e-07, 8.704479817115504e-07, 8.578271834889316e-07, 8.453790473176662e-07, 8.331445706472862e-07]
ndim2: 500
W_list: [2.9499999999999997]
L_list: [70.22847565583805]
