C_final_list: [1.6550469771508204e-06, 1.3028252362580036e-06, 1.0205827217155073e-06, 7.96716108704864e-07, 6.265488688542383e-07, 4.915321612166842e-07, 3.8693313404995596e-07, 3.047530748138106e-07, 2.3900051448821213e-07, 1.8696599890862233e-07, 1.460614474862131e-07, 1.1426130787792134e-07, 8.919853649093859e-08, 6.933102833991257e-08, 5.402113655626589e-08, 4.215253171578693e-08, 3.297100921532027e-08, 2.601950997195315e-08, 2.0375101212981552e-08, 1.5998787498901193e-08, 1.2524571598877091e-08, 9.816007638711736e-09, 7.698782667519435e-09, 6.040800666087535e-09, 4.727108873008518e-09, 3.680453806605453e-09, 2.858035128197068e-09, 2.2040389118698584e-09, 1.7025959922940258e-09, 1.3162092058119785e-09, 1.0230664524584446e-09, 7.973767383310267e-10, 6.216845972803681e-10, 4.850916271657237e-10, 3.731233026698206e-10, 2.88387940148485e-10, 2.238307862516689e-10, 1.7306698324215027e-10, 1.3436959554172002e-10, 1.0438784953644198e-10, 8.188905575451748e-11, 6.297460450992229e-11, 4.858309008553621e-11, 3.803854668244815e-11, 2.8848719429183084e-11, 2.2084759162047642e-11, 1.713108601732248e-11, 1.3274999648724822e-11, 1.0279116684032166e-11, 7.974996915356668e-12]
ndim2: 500
W_list: [4.2]
L_list: [4.118561757278776]
