R_list= [ 1  2  3  4  5  6  7  8  9 10 11 12 13 14 15 16 17 18 19 20 21 22 23 24
 25 26 27 28 29 30 31 32 33 34 35 36 37 38]
C_final_list= [9.401063721972328e-07, 8.314179663524147e-07, 7.318807828567491e-07, 6.446701602571392e-07, 5.665447996642217e-07, 4.976750190939856e-07, 4.376113026902608e-07, 3.846258621065416e-07, 3.381656316920391e-07, 2.9680833016284886e-07, 2.609148998618801e-07, 2.2883243476646149e-07, 2.0063266566041907e-07, 1.7571742596564455e-07, 1.5380109419396852e-07, 1.3482632464567924e-07, 1.180750226888187e-07, 1.0324502461539797e-07, 9.007718825681138e-08, 7.858454489383432e-08, 6.849747255264846e-08, 5.981562551429329e-08, 5.215491053020956e-08, 4.553779662435031e-08, 3.9712727572034584e-08, 3.457894192388419e-08, 3.014465492485674e-08, 2.6182497276779568e-08, 2.278893504308271e-08, 1.981446248958785e-08, 1.7224862288180192e-08, 1.49991355160369e-08, 1.3044223019303344e-08, 1.1337486214233638e-08, 9.878895775476974e-09, 8.594177157902234e-09, 7.465413705616626e-09, 6.48309814362567e-09]
W_list: [6]
L_list: [7.722516391317825]
