R_list= [ 1  2  3  4  5  6  7  8  9 10 11 12 13 14 15 16 17 18 19 20 21 22 23 24
 25 26 27 28 29 30 31 32 33 34 35 36 37 38]
C_final_list= [8.582753229032064e-07, 7.783233333400606e-07, 7.053478559283971e-07, 6.377999226115998e-07, 5.769076370223988e-07, 5.210769291503301e-07, 4.7060930495880823e-07, 4.2498877356923795e-07, 3.8423433936173485e-07, 3.4735716816425404e-07, 3.1355933827462814e-07, 2.8299372473872235e-07, 2.552274010430443e-07, 2.3008365902954e-07, 2.0724151902264582e-07, 1.864613654654127e-07, 1.679022628134182e-07, 1.512278162845315e-07, 1.3639484660725597e-07, 1.2291781882765256e-07, 1.1074731921017857e-07, 9.970291963442219e-08, 8.977108003188427e-08, 8.069274955747625e-08, 7.252885575675116e-08, 6.516258278500525e-08, 5.8502679152791116e-08, 5.250243107100477e-08, 4.7199610831969506e-08, 4.239211931546798e-08, 3.807410062480154e-08, 3.4162810747756324e-08, 3.0676392441115187e-08, 2.7543326616808865e-08, 2.4726020179669647e-08, 2.2213644857196484e-08, 1.99528280675624e-08, 1.7904299698433718e-08]
W_list: [6]
L_list: [9.792420964068244]
