R_list= [ 1  2  3  4  5  6  7  8  9 10 11 12 13 14 15 16 17 18 19 20 21 22 23 24
 25 26 27 28 29 30 31 32 33 34 35 36 37 38]
C_final_list= [1.5195354752065483e-07, 7.377360449737459e-08, 2.8926973628412334e-08, 1.0095415437826556e-08, 3.2767345017964422e-09, 1.018529920495613e-09, 3.1157630955750457e-10, 9.456253815310747e-11, 2.831007044631613e-11, 8.363941094911861e-12, 2.4444843066628043e-12, 7.094967004340959e-13, 2.060409456803072e-13, 6.059748619152305e-14, 1.8382463992002715e-14, 5.798496598416687e-15, 1.9716531747600406e-15, 6.774102603290296e-16, 2.0361429940041225e-16, 5.559084336593278e-17, 1.543780861513527e-17, 4.4203832251443434e-18, 1.3010475442679102e-18, 3.944464975769767e-19, 1.2502384663903052e-19, 4.2998793892107935e-20, 1.6572445598368395e-20, 7.445969249388822e-21, 4.036879814286523e-21, 2.6256230599414495e-21, 1.980088607352591e-21, 1.6588999467087993e-21, 1.4995567065655179e-21, 1.428458442258379e-21, 1.413757823656211e-21, 1.4179798082347003e-21, 1.4096692408586602e-21, 1.3880096610975948e-21]
W_list: [5]
L_list: [1.2416875324959393]
