C_final_list: [9.212703180671263e-07, 8.874033124334596e-07, 8.513402529997731e-07, 8.159729268611022e-07, 7.817210673991805e-07, 7.487465078665166e-07, 7.169993663484355e-07, 6.869192126614313e-07, 6.578452069333589e-07, 6.298499479102378e-07, 6.032125906537018e-07, 5.77453555061313e-07, 5.524146981885193e-07, 5.287298338123066e-07, 5.059266539054471e-07, 4.839210386908368e-07, 4.6288282195688316e-07, 4.428961680327565e-07, 4.2351065123579713e-07, 4.0517850070865544e-07, 3.874565901185732e-07, 3.705563001157348e-07, 3.541642480600011e-07, 3.3835968636455837e-07, 3.233284360393082e-07, 3.0894689631100015e-07, 2.951654388324222e-07, 2.8194561995500725e-07, 2.6933775538424576e-07, 2.573911724384373e-07, 2.459590009622115e-07, 2.3492401395426082e-07, 2.2441116111382343e-07, 2.142881337595688e-07, 2.0463723349264615e-07]
ndim2: 500
W_list: [2.6]
L_list: [22.75369114407881]
