R_list= [ 1  2  3  4  5  6  7  8  9 10 11 12 13 14 15 16 17 18 19 20 21 22 23 24
 25 26 27 28 29 30 31 32 33 34 35 36 37 38]
C_final_list= [1.217738663926804e-06, 8.227389057024382e-07, 5.522936652997592e-07, 3.715012144346274e-07, 2.5222312698848165e-07, 1.6914877916547466e-07, 1.1359015429457106e-07, 7.693309720791284e-08, 5.160709229550581e-08, 3.437717145618193e-08, 2.279753145093135e-08, 1.5162667710700527e-08, 1.0184383511558322e-08, 6.72561320546636e-09, 4.463593728835796e-09, 2.9714365920082627e-09, 1.9969779230743322e-09, 1.3484264731551e-09, 9.030940337106064e-10, 5.965331290791764e-10, 4.0076714032326346e-10, 2.6779475322670664e-10, 1.7792341392663868e-10, 1.2155976370087475e-10, 8.032027419365998e-11, 5.4632852266352475e-11, 3.762076113150665e-11, 2.5048078869316617e-11, 1.6147209476314305e-11, 1.0833101801727791e-11, 7.281901566026216e-12, 4.688514751050992e-12, 3.1791300699487025e-12, 2.1347818916422505e-12, 1.379278205483428e-12, 9.480052552786957e-13, 6.130861291388869e-13, 3.573399014928516e-13]
W_list: [7.4]
L_list: [2.5318150284166343]
