R_list= [ 1  2  3  4  5  6  7  8  9 10 11 12 13 14 15 16 17 18 19 20 21 22 23 24
 25 26 27 28 29 30 31 32 33 34 35 36 37 38]
C_final_list= [4.739844840596474e-07, 4.2829158544980886e-07, 3.843274668734705e-07, 3.4375595426771174e-07, 3.070742488513626e-07, 2.736425084382565e-07, 2.4350581074061536e-07, 2.166841998114184e-07, 1.9260989506979919e-07, 1.7132547954219577e-07, 1.52287766368907e-07, 1.3532204399264632e-07, 1.2004283679223703e-07, 1.0657087469458101e-07, 9.453224315351405e-08, 8.375398724970709e-08, 7.433545269493462e-08, 6.600979929377877e-08, 5.853387129992392e-08, 5.194170818795518e-08, 4.60809573377347e-08, 4.087063283209589e-08, 3.6237128998620203e-08, 3.210101790072626e-08, 2.842595334498614e-08, 2.5166040475157642e-08, 2.2294635391639035e-08, 1.972916207656394e-08, 1.743212042904557e-08, 1.5396235606746386e-08, 1.3623629978110116e-08, 1.2067405006892856e-08, 1.0679796344316474e-08, 9.454779884779913e-09, 8.363583093323396e-09, 7.3963799411985196e-09, 6.535322046471486e-09, 5.784269575469819e-09]
W_list: [6.800000000000001]
L_list: [8.649276245396198]
