C_final_list: [1.669686408460746e-06, 1.347341896970227e-06, 1.0897743798775325e-06, 8.781357308251745e-07, 7.052771491368874e-07, 5.668901421629327e-07, 4.557920686357779e-07, 3.6542255534536355e-07, 2.9206466614193855e-07, 2.3388565442261046e-07, 1.8685964968760397e-07, 1.4977876050386929e-07, 1.2047120477657867e-07, 9.659203019487606e-08, 7.695380639500529e-08, 6.143486686200769e-08, 4.914806457908838e-08, 3.924139929119656e-08, 3.09928450047763e-08, 2.4666860904321098e-08, 1.951122585209508e-08, 1.5480410469900298e-08, 1.225761193079406e-08, 9.708609757276968e-09, 7.713804192423078e-09, 6.179111450038522e-09, 4.908092023919552e-09, 3.892724992966419e-09, 3.0930715041691305e-09, 2.4732305111333335e-09, 1.976900067331982e-09, 1.5812144799446383e-09, 1.2660039033810935e-09, 1.009104846554905e-09, 8.026418678164753e-10, 6.374463731737049e-10, 5.05604719107191e-10, 4.0053207520755993e-10, 3.231923876962972e-10, 2.587739178069186e-10, 2.0862060917516887e-10, 1.652435752199103e-10, 1.315062619155964e-10, 1.0503306754485653e-10, 8.32900359360001e-11, 6.629927777304107e-11, 5.297497565879322e-11, 4.310439474095065e-11, 3.449567640536752e-11, 2.7739771243098368e-11]
ndim2: 500
W_list: [4.0]
L_list: [4.59679623232832]
