R_list= [ 1  2  3  4  5  6  7  8  9 10 11 12 13 14 15 16 17 18 19 20 21 22 23 24
 25 26 27 28 29 30 31 32 33 34 35 36 37 38]
C_final_list= [6.356250911076152e-07, 5.089874602313612e-07, 4.041587799652956e-07, 3.1908355092470114e-07, 2.51651209172759e-07, 1.9903142987392582e-07, 1.5811370269160268e-07, 1.2529436275834902e-07, 9.883468912782138e-08, 7.780156103866047e-08, 6.110211203564326e-08, 4.795767402929768e-08, 3.770071262358529e-08, 2.9743365380658285e-08, 2.3457627121616326e-08, 1.8466205235413323e-08, 1.4508437522287896e-08, 1.1357146136904372e-08, 8.883551366889955e-09, 6.9190610133950545e-09, 5.381237378900513e-09, 4.190301429427831e-09, 3.2645106664511998e-09, 2.5362547349463655e-09, 1.978361319409338e-09, 1.54198371374759e-09, 1.1898644320010487e-09, 9.250282770236336e-10, 7.233392292346493e-10, 5.658054888987787e-10, 4.4194017595687486e-10, 3.4519276577036833e-10, 2.694194988419853e-10, 2.1183640667846204e-10, 1.6450585278515285e-10, 1.2748685435575177e-10, 9.856610826564581e-11, 7.611873131860692e-11]
W_list: [8.2]
L_list: [4.291114302616678]
