C_final_list: [1.81471658120426e-06, 1.534447568444007e-06, 1.297827746228277e-06, 1.0934497451038893e-06, 9.242483566948258e-07, 7.821995557936302e-07, 6.605514059115485e-07, 5.558821962070597e-07, 4.697600912388912e-07, 3.9697838695750057e-07, 3.3414634750339676e-07, 2.806681269504125e-07, 2.3607300541872911e-07, 1.9874230195729914e-07, 1.6649669864653006e-07, 1.3971279907594896e-07, 1.1701108979925116e-07, 9.77464280082846e-08, 8.176309315271757e-08, 6.855726452174352e-08, 5.729489691404069e-08, 4.790211647385276e-08, 4.0198372556413025e-08, 3.3645058675848144e-08, 2.818774922195296e-08, 2.361726483778646e-08, 1.976539804699489e-08, 1.6525797763887885e-08, 1.3759594327081273e-08, 1.1540250914199134e-08, 9.664741503835565e-09, 8.099098898821741e-09, 6.800151946202997e-09, 5.670393814576855e-09, 4.734522569337988e-09]
ndim2: 500
W_list: [3.0]
L_list: [5.889909757041226]
