R_list= [ 1  2  3  4  5  6  7  8  9 10 11 12 13 14 15 16 17 18 19 20 21 22 23 24
 25 26 27 28 29 30 31 32 33 34 35 36 37 38]
C_final_list= [2.081494354089005e-07, 1.2591065709247058e-07, 6.411765948484779e-08, 2.9529236347132404e-08, 1.2802032786981176e-08, 5.3452613883365e-09, 2.1846883378644937e-09, 8.8136261413114e-10, 3.5283413872545726e-10, 1.4040633671960243e-10, 5.565116464306351e-11, 2.1967868994783257e-11, 8.674416785173611e-12, 3.4401730516154292e-12, 1.3748931160800557e-12, 5.528687418430055e-13, 2.237394336495633e-13, 9.07225353219304e-14, 3.6687571440884605e-14, 1.4790105255969267e-14, 5.975350744364181e-15, 2.402265255359806e-15, 9.534599627875107e-16, 3.7582710742462243e-16, 1.4939092250278986e-16, 6.029634236205132e-17, 2.448406750862488e-17, 1.0045428237070058e-17, 4.211435824260235e-18, 1.8603787631094875e-18, 9.16379096255109e-19, 5.705479916478774e-19, 6.137821160274013e-19, 1.3883527139893126e-18, 4.7765588463216855e-18, 1.8321489144951875e-17, 6.758675582025808e-17, 2.3275609042646e-16]
W_list: [4]
L_list: [1.6433232917058427]
