C_final_list: [1.0748404369640211e-06, 9.852564237648044e-07, 8.984929900095547e-07, 8.178088598496715e-07, 7.442747077585283e-07, 6.773740111937578e-07, 6.159021754043781e-07, 5.598693842228437e-07, 5.084851831551515e-07, 4.6090507878924725e-07, 4.169794407786338e-07, 3.7723521237066496e-07, 3.415147228444938e-07, 3.0845935971745533e-07, 2.7880140789371987e-07, 2.5183194672255226e-07, 2.2736365534539993e-07, 2.0524155894444842e-07, 1.8533702733456574e-07, 1.6742262568522852e-07, 1.5129788235464113e-07, 1.368741353867961e-07, 1.2361390235515446e-07, 1.1167089903732672e-07, 1.0085656253601066e-07, 9.119052882382772e-08, 8.245288673533069e-08, 7.4451202799088e-08, 6.720856004141219e-08, 6.068153269024241e-08, 5.4657959920275935e-08, 4.9246526192415126e-08, 4.4366593793659405e-08, 3.997053267185292e-08, 3.597656723975428e-08, 3.2327453983272973e-08, 2.9079534932489813e-08, 2.6162768633462804e-08, 2.3509306562826683e-08, 2.1167112551846918e-08, 1.9088858097508958e-08, 1.7179023850285288e-08, 1.5469982983006435e-08, 1.3925375426062626e-08, 1.2533836093890805e-08, 1.1284298406085097e-08, 1.015744560562051e-08, 9.132329598586371e-09, 8.210110475083116e-09, 7.374269010123043e-09]
ndim2: 500
W_list: [4.2]
L_list: [10.257173761309396]
