C_final_list: [1.5538310574892693e-06, 1.500094135141327e-06, 1.450071265396652e-06, 1.399463016514717e-06, 1.3511156926319605e-06, 1.3047388290113133e-06, 1.2594926798087396e-06, 1.216221366553725e-06, 1.1742628476907547e-06, 1.1335104832490896e-06, 1.0942963212099593e-06, 1.0561617060950423e-06, 1.0188132333175841e-06, 9.830026086257842e-07, 9.490093758774252e-07, 9.159571968618478e-07, 8.841373357059108e-07, 8.53357378942346e-07, 8.235321680292046e-07, 7.949280846682354e-07, 7.671034099916541e-07, 7.40373460504251e-07, 7.147345307593294e-07, 6.899083305224353e-07, 6.655151388750158e-07, 6.421977018241383e-07, 6.193681538683678e-07, 5.973372113555287e-07, 5.761529749552568e-07, 5.558838840492612e-07, 5.362320464898577e-07, 5.171780374451992e-07, 4.986600078336495e-07, 4.808511550960332e-07, 4.635553164904604e-07]
ndim2: 500
W_list: [1.8]
L_list: [28.21273880014247]
