C_final_list: [1.7814343896405707e-06, 1.7588439211623828e-06, 1.7367315660569515e-06, 1.7154243592108954e-06, 1.6947205665504455e-06, 1.674158867426644e-06, 1.6540730119364134e-06, 1.634274716210569e-06, 1.6148687011946082e-06, 1.5954926488427334e-06, 1.5765986766220135e-06, 1.5579844345165908e-06, 1.5394638058010998e-06, 1.5214494301100826e-06, 1.5034895962162956e-06, 1.4856626058328771e-06, 1.4681047352117276e-06, 1.4507435555347171e-06, 1.4334881984906283e-06, 1.4163303091250024e-06, 1.399489003420207e-06, 1.382990905653678e-06, 1.3666061801989451e-06, 1.3506040067910004e-06, 1.3346160947768118e-06, 1.318702740754711e-06, 1.3031067095320146e-06, 1.2875397727597738e-06, 1.2722077212983208e-06, 1.2569842477603837e-06, 1.2419508183896091e-06, 1.2271150412732146e-06, 1.2125407141522054e-06, 1.1981991505518652e-06, 1.1839059169851752e-06, 1.1698770299656743e-06, 1.1558379652143717e-06, 1.1419414233133808e-06, 1.12844419928515e-06, 1.1151348564407794e-06, 1.1021356837118653e-06, 1.0891325110701404e-06, 1.0760830299446816e-06, 1.0632632734213378e-06, 1.0506865471165244e-06, 1.0382204900338013e-06, 1.0258441842627447e-06, 1.0136354811028546e-06, 1.0016170779618575e-06, 9.896382481016616e-07]
ndim2: 500
W_list: [2.8]
L_list: [83.60295087146982]
