C_final_list: [1.6442510151046905e-06, 1.586580301270535e-06, 1.5316552690573002e-06, 1.4763769319738128e-06, 1.4240794735586458e-06, 1.3731851197075016e-06, 1.323107127826675e-06, 1.274756753645248e-06, 1.2285202592748972e-06, 1.1833564220869253e-06, 1.1409406707344082e-06, 1.1000213933340108e-06, 1.060766642935518e-06, 1.0230063236383252e-06, 9.872599838163643e-07, 9.52167118715061e-07, 9.183222051476564e-07, 8.863660651272714e-07, 8.553094076065491e-07, 8.247158376023804e-07, 7.950534764286862e-07, 7.66930277584353e-07, 7.403345608843898e-07, 7.139582433510651e-07, 6.887825871107064e-07, 6.637329582967671e-07, 6.397320657017019e-07, 6.167240643211621e-07, 5.944065540770056e-07, 5.728424707873019e-07, 5.516756978051457e-07, 5.313454081985112e-07, 5.116337313241106e-07, 4.927023072509868e-07, 4.743963679862092e-07]
ndim2: 500
W_list: [1.8]
L_list: [27.461216351402317]
