R_list= [ 1  2  3  4  5  6  7  8  9 10 11 12 13 14 15 16 17 18 19 20 21 22 23 24
 25 26 27 28 29 30 31 32 33 34 35 36 37 38]
C_final_list= [9.522383545663016e-07, 8.419295424228742e-07, 7.417830413804899e-07, 6.528017202644455e-07, 5.753115088672075e-07, 5.066884382299878e-07, 4.4571548539589714e-07, 3.928195904632034e-07, 3.468186137621323e-07, 3.056036762874655e-07, 2.695408390654671e-07, 2.3717883602801913e-07, 2.0857304963246777e-07, 1.8353287447746956e-07, 1.6141307640305274e-07, 1.418072035975151e-07, 1.2454238233002726e-07, 1.0955190228140274e-07, 9.640328245275581e-08, 8.464656136752115e-08, 7.418431546948458e-08, 6.503555942644029e-08, 5.685725717236196e-08, 4.976662429261477e-08, 4.345969200325779e-08, 3.7924610386713685e-08, 3.315251342220442e-08, 2.8927948416997234e-08, 2.522514706377541e-08, 2.1995628158253072e-08, 1.91898387684109e-08, 1.6723061831564938e-08, 1.4586051551946925e-08, 1.2682890317580572e-08, 1.1023834211821157e-08, 9.570569892385806e-09, 8.313181937737354e-09, 7.240332723316448e-09]
W_list: [6]
L_list: [7.864581233041341]
