R_list= [ 1  2  3  4  5  6  7  8  9 10 11 12 13 14 15 16 17 18 19 20 21 22 23 24
 25 26 27 28 29 30 31 32 33 34 35 36 37 38]
C_final_list= [8.303569074414758e-07, 7.065976007871027e-07, 5.987716799244835e-07, 5.061733940041523e-07, 4.2717612401151156e-07, 3.606005435987317e-07, 3.045512138501189e-07, 2.5669636038512533e-07, 2.1623719736645968e-07, 1.8189763468458296e-07, 1.5268653427372304e-07, 1.281031855864035e-07, 1.0738838208658467e-07, 8.992270138525284e-08, 7.520176804222816e-08, 6.295911628289807e-08, 5.277844165328992e-08, 4.424504615299261e-08, 3.704371715557014e-08, 3.101571076191887e-08, 2.594582035380416e-08, 2.1670984667380215e-08, 1.811005866363869e-08, 1.512285112189032e-08, 1.2607199151602398e-08, 1.0503151992915408e-08, 8.758832102972667e-09, 7.310652542328535e-09, 6.10361054080312e-09, 5.093411084502987e-09, 4.250300550995482e-09, 3.5477587590158255e-09, 2.9672760383683782e-09, 2.4760112013674528e-09, 2.056196276534308e-09, 1.7126883861732756e-09, 1.4244963358265601e-09, 1.184362879182177e-09]
W_list: [7.0]
L_list: [5.892363943128469]
