C_final_list: [1.231297923077808e-06, 1.1519790637023465e-06, 1.0734532572980164e-06, 9.998809259806567e-07, 9.315142494769738e-07, 8.666933376735709e-07, 8.065580287226777e-07, 7.509722659166424e-07, 6.98556794266598e-07, 6.506250740003763e-07, 6.053795806875043e-07, 5.625567011150708e-07, 5.22861404235425e-07, 4.861601688835766e-07, 4.5188927455648844e-07, 4.1996747653351077e-07, 3.904159816546006e-07, 3.6296932947001845e-07, 3.371264216239499e-07, 3.1303529359603673e-07, 2.906505143813628e-07, 2.696356563401423e-07, 2.5031764775145033e-07, 2.3232650485956344e-07, 2.156522898588813e-07, 2.0023325514188833e-07, 1.8602197152911228e-07, 1.7283300479073237e-07, 1.6053246348531032e-07, 1.4913219879569644e-07, 1.3852604198687443e-07, 1.2860677593591064e-07, 1.1939845153801155e-07, 1.1089117854500965e-07, 1.0290516225585256e-07]
ndim2: 500
W_list: [3.8]
L_list: [13.80990338863636]
