R_list= [ 1  2  3  4  5  6  7  8  9 10 11 12 13 14 15 16 17 18 19 20 21 22 23 24
 25 26 27 28 29 30 31 32 33 34 35 36 37 38]
C_final_list= [3.859489004907893e-07, 3.507596936771651e-07, 3.157360033034455e-07, 2.8284884058545615e-07, 2.525650323097247e-07, 2.2498418050956948e-07, 1.999626037330167e-07, 1.7758662583881488e-07, 1.5766764062189474e-07, 1.4000497859041835e-07, 1.2443116639718408e-07, 1.1052931359766836e-07, 9.80710832830334e-08, 8.698399981165085e-08, 7.700444089743771e-08, 6.812419584236678e-08, 6.020847132834971e-08, 5.30660661770867e-08, 4.67884833216234e-08, 4.12955713646114e-08, 3.647127984513106e-08, 3.219406462783949e-08, 2.841264291850876e-08, 2.5084731083884647e-08, 2.214859512766942e-08, 1.951972008459207e-08, 1.7200594228509358e-08, 1.5176166554633345e-08, 1.3393800717472572e-08, 1.1825401153884064e-08, 1.043685337816477e-08, 9.210306794610403e-09, 8.118258060759918e-09, 7.158272927961313e-09, 6.307419668664003e-09, 5.559245563003319e-09, 4.893043803362212e-09, 4.3042458085459865e-09]
W_list: [8.4]
L_list: [8.606283577352784]
