C_final_list: [1.4600314011114239e-06, 1.4288587612746214e-06, 1.398304423261126e-06, 1.368579196444019e-06, 1.339528091866766e-06, 1.3110660226485643e-06, 1.2834787968767846e-06, 1.2564092859125942e-06, 1.229684313307347e-06, 1.2032941177544661e-06, 1.1773721969852728e-06, 1.152219105521056e-06, 1.1275430330884645e-06, 1.1032053291768224e-06, 1.0793694063649424e-06, 1.0562310304160715e-06, 1.0338974904054338e-06, 1.0120772807020503e-06, 9.905016606704145e-07, 9.693360163610886e-07, 9.486054898879829e-07, 9.281937538138339e-07, 9.083435202252848e-07, 8.89003634120353e-07, 8.699956490818895e-07, 8.514299634286067e-07, 8.331042087864843e-07, 8.151442402893508e-07, 7.975752195534665e-07, 7.802718552536814e-07, 7.633175950096953e-07, 7.467332914420005e-07, 7.305861959232861e-07, 7.146882072450149e-07, 6.992171542812701e-07, 6.839236724608796e-07, 6.691029046434293e-07, 6.545663867159593e-07, 6.400916755016487e-07, 6.259507156036611e-07, 6.121248806959596e-07, 5.985624193672776e-07, 5.852809938033325e-07, 5.721345108487526e-07, 5.593341556690936e-07, 5.467853060766748e-07, 5.345760509796543e-07, 5.224716245677046e-07, 5.106656516170797e-07, 4.991347827993628e-07]
ndim2: 500
W_list: [3.3]
L_list: [45.98161768187396]
