C_final_list: [1.5969238930856919e-06, 1.5716418609933949e-06, 1.5489843905798542e-06, 1.5246408861005507e-06, 1.5011706460393857e-06, 1.4782456161008356e-06, 1.4556974728518554e-06, 1.4339032246634106e-06, 1.412374273633357e-06, 1.3910334856384504e-06, 1.3702086783652552e-06, 1.349671209586543e-06, 1.3294658254372773e-06, 1.3092376255484662e-06, 1.289646768517577e-06, 1.2702502326002694e-06, 1.2510773245521199e-06, 1.2321006967802895e-06, 1.213237929030627e-06, 1.1944967549647312e-06, 1.1761478418077065e-06, 1.1579875870339577e-06, 1.1401296511238993e-06, 1.1228457657717071e-06, 1.1055426016521085e-06, 1.0883094858902867e-06, 1.0715327553355222e-06, 1.0549969136183791e-06, 1.0386642320721439e-06, 1.0226487760125379e-06, 1.006719709324908e-06, 9.910189282245528e-07, 9.755742721053104e-07, 9.603064880529327e-07, 9.452360416325604e-07]
ndim2: 500
W_list: [1.6]
L_list: [65.1172952050109]
