R_list= [ 1  2  3  4  5  6  7  8  9 10 11 12 13 14 15 16 17 18 19 20 21 22 23 24
 25 26 27 28 29 30 31 32 33 34 35 36 37 38]
C_final_list= [7.798270989336565e-07, 6.582750564979123e-07, 5.524382067856268e-07, 4.6286767320929574e-07, 3.878917348196089e-07, 3.246796961768726e-07, 2.7155244993413224e-07, 2.2642556788290726e-07, 1.887761398574116e-07, 1.5712575126822092e-07, 1.3055124661141105e-07, 1.0833336386284438e-07, 9.004897950945317e-08, 7.489502362695179e-08, 6.203097015465139e-08, 5.129763133347223e-08, 4.241243993267198e-08, 3.501625779536734e-08, 2.8946873140287556e-08, 2.4014499675709164e-08, 1.9898891630481464e-08, 1.649287978987555e-08, 1.368147611914971e-08, 1.132368780827878e-08, 9.360925091375666e-09, 7.731679794133746e-09, 6.373429307454369e-09, 5.2498059666055086e-09, 4.324186043212587e-09, 3.57725007773059e-09, 2.9572129000198172e-09, 2.4410018543408932e-09, 2.01195486268077e-09, 1.6635213161425602e-09, 1.3764969763479922e-09, 1.1425707622560261e-09, 9.475424808906608e-10, 7.858750302590073e-10]
W_list: [7.2]
L_list: [5.5978439263443915]
