R_list= [ 1  2  3  4  5  6  7  8  9 10 11 12 13 14 15 16 17 18 19 20 21 22 23 24
 25 26 27 28 29 30 31 32 33 34 35 36 37 38]
C_final_list= [3.411501237990841e-07, 2.910049117374382e-07, 2.451519626180791e-07, 2.0536554268740318e-07, 1.7120900124172559e-07, 1.424100164859075e-07, 1.1818329882214184e-07, 9.775474937635611e-08, 8.07698529906095e-08, 6.677229161350485e-08, 5.51671627311809e-08, 4.5631173624493416e-08, 3.7740367607593614e-08, 3.1160679823203314e-08, 2.5684863211961463e-08, 2.1143845356897942e-08, 1.7427821706549153e-08, 1.4355359141510274e-08, 1.1834359353589552e-08, 9.739335234864653e-09, 8.013176150871985e-09, 6.596552323698319e-09, 5.432524786894006e-09, 4.465701158112636e-09, 3.666980203805655e-09, 3.0237887276174252e-09, 2.4920621179647193e-09, 2.05307116612802e-09, 1.6958093240650228e-09, 1.3995366863773921e-09, 1.1543195251985885e-09, 9.530431930476905e-10, 7.856340847044968e-10, 6.487847664968424e-10, 5.355960139583845e-10, 4.4147205741986966e-10, 3.641667330506224e-10, 2.9956183474051603e-10]
W_list: [8.6]
L_list: [5.5175574500512266]
