C_list:
1.218962326610541e-06 0.02626053392013127
ndim2: 500
W_list: [2.2]
L_list: [38.07995690572773]
