C_final_list: [2.1175932339758457e-06, 2.0765849828724885e-06, 2.035302326480803e-06, 1.995375740208199e-06, 1.9573953326620677e-06, 1.9196025444630675e-06, 1.8827500651684075e-06, 1.8466275419568648e-06, 1.8114351236921299e-06, 1.7773517189349386e-06, 1.7435914690829959e-06, 1.710672726716349e-06, 1.6783051079542005e-06, 1.6467265159396194e-06, 1.6157606162897483e-06, 1.5852453181958179e-06, 1.5555726668784265e-06, 1.5264122556983668e-06, 1.4983795676863042e-06, 1.4704803230864736e-06, 1.4429038762807682e-06, 1.4160732961954185e-06, 1.3892878310446363e-06, 1.3630702763281972e-06, 1.3372585579119985e-06, 1.3118354467665103e-06, 1.2866610117884193e-06, 1.2621672141914125e-06, 1.2382539616460575e-06, 1.2147131120562147e-06, 1.1914708053764649e-06, 1.1684433266311248e-06, 1.1461841270296274e-06, 1.1239513740296588e-06, 1.1023617065970903e-06, 1.0810132585777878e-06, 1.0603390417935292e-06, 1.0400725994595567e-06, 1.0201507519736391e-06, 1.000715027757397e-06, 9.816251294949369e-07, 9.626830499546423e-07, 9.441368551529437e-07, 9.259422582210026e-07, 9.080857937863806e-07, 8.904899816631194e-07, 8.731777484909201e-07, 8.561558860111237e-07, 8.393497291405747e-07, 8.229364417059995e-07]
ndim2: 500
W_list: [2.4]
L_list: [52.15311082469884]
