C_final_list: [1.65153801001848e-06, 1.5915010315652464e-06, 1.5322073716652708e-06, 1.4744033391847037e-06, 1.4182631458837868e-06, 1.3641969258936286e-06, 1.3114080249814596e-06, 1.2602820768491067e-06, 1.2117245672617063e-06, 1.1643850441428417e-06, 1.1187639588604994e-06, 1.0745264250526252e-06, 1.0315067605731893e-06, 9.910211731723146e-07, 9.524458265438985e-07, 9.155338889409382e-07, 8.798090884584955e-07, 8.451781009265001e-07, 8.119737051912805e-07, 7.801095937225418e-07, 7.495450743185679e-07, 7.199478666053738e-07, 6.913186967230272e-07, 6.64078692760722e-07, 6.379137798105133e-07, 6.124545619035377e-07, 5.88128479179123e-07, 5.644245855073848e-07, 5.416887419071515e-07, 5.198493486059022e-07, 4.986756379357313e-07, 4.783243494833888e-07, 4.5878830581442566e-07, 4.3993023035404006e-07, 4.2201900125004613e-07, 4.048181787820188e-07, 3.883661071647052e-07, 3.7267312556504877e-07, 3.574733720228738e-07, 3.4284834872732085e-07, 3.2867833076322833e-07, 3.149629482885679e-07, 3.0170624999230865e-07, 2.8893585023178006e-07, 2.7665955759980433e-07, 2.6495607147102893e-07, 2.5367359236562995e-07, 2.4283078102692706e-07, 2.325383115829829e-07, 2.2273800925462578e-07]
ndim2: 500
W_list: [3.25]
L_list: [24.843842638491452]
