C_list:
1.5427569117458385e-06 0.030523483976437272
ndim2: 500
W_list: [1.7999999999999998]
L_list: [32.761659867266594]
