R_list= [ 1  2  3  4  5  6  7  8  9 10 11 12 13 14 15 16 17 18 19 20 21 22 23 24
 25 26 27 28 29 30 31 32 33 34 35 36 37 38]
C_final_list= [2.314478620214861e-06, 2.0307937015401546e-06, 1.7650893285600928e-06, 1.5261051223552901e-06, 1.3166201900836674e-06, 1.1345417715955054e-06, 9.754191306880374e-07, 8.382574853029804e-07, 7.204493736145213e-07, 6.181156548307181e-07, 5.297835762640307e-07, 4.537483008642183e-07, 3.883303267668949e-07, 3.322359591613547e-07, 2.8435233047356173e-07, 2.4315785854927374e-07, 2.0795941183938506e-07, 1.778090382993477e-07, 1.5194286865362324e-07, 1.2973860521400734e-07, 1.1083291028516211e-07, 9.469700424347886e-08, 8.094745303023868e-08, 6.911607068754461e-08, 5.896882348883774e-08, 5.030481293996101e-08, 4.297656595946122e-08, 3.6673544690734777e-08, 3.130676851343499e-08, 2.6738970727341904e-08, 2.2826697664767414e-08, 1.9465186364783453e-08, 1.660654602460435e-08, 1.4166494961535623e-08, 1.2077762399279831e-08, 1.0297040760296425e-08, 8.789743945531453e-09, 7.498116810915528e-09]
W_list: [8.3]
L_list: [6.72745217811939]
