C_final_list: [1.0614797658250297e-06, 1.0285799444347118e-06, 9.95533552971656e-07, 9.628802823584105e-07, 9.311290394232e-07, 9.004357060133012e-07, 8.704125545109657e-07, 8.412674243939267e-07, 8.129954077413003e-07, 7.854963902639082e-07, 7.587794602413922e-07, 7.327923837612174e-07, 7.078336002246766e-07, 6.836685172044452e-07, 6.604081104197307e-07, 6.379677942250393e-07, 6.161253424064292e-07, 5.951268818631858e-07, 5.749038752609523e-07, 5.552442945474242e-07, 5.363081389743551e-07, 5.178799123220787e-07, 5.000410452791764e-07, 4.827388056099004e-07, 4.6602247311660527e-07, 4.50016889833225e-07, 4.342618956135901e-07, 4.190746031981972e-07, 4.0427782837764575e-07, 3.8996096475922716e-07, 3.760567423456008e-07, 3.6260397552027416e-07, 3.4957980396050096e-07, 3.370599895422467e-07, 3.250558002436279e-07]
ndim2: 500
W_list: [3.2]
L_list: [28.901354255056233]
