C_final_list: [1.7335937211249403e-06, 1.6736019020296138e-06, 1.6154480055279874e-06, 1.5590256054754066e-06, 1.5046473304608333e-06, 1.4522994812734447e-06, 1.4014418112533478e-06, 1.352766888691668e-06, 1.3059054001623165e-06, 1.26048112715188e-06, 1.2160595445389843e-06, 1.1728390662332723e-06, 1.1309917784257487e-06, 1.0909459780560271e-06, 1.052718695512595e-06, 1.015638038467422e-06, 9.796998761348948e-07, 9.455320173090749e-07, 9.12264191205525e-07, 8.796544116222232e-07, 8.481553117776774e-07, 8.179778643743706e-07, 7.884340352455461e-07, 7.600175279928531e-07, 7.321838500916229e-07, 7.055763143993517e-07, 6.798752300313492e-07, 6.554316484026093e-07, 6.318280396132513e-07, 6.09061363881074e-07, 5.871541795904344e-07, 5.660108764833352e-07, 5.454519782817358e-07, 5.255565777946824e-07, 5.062571071479283e-07, 4.875480420513906e-07, 4.6948481292786576e-07, 4.522818430697009e-07, 4.357578362395226e-07, 4.1978012747007624e-07, 4.045207925636507e-07, 3.8964483537597437e-07, 3.753696625178112e-07, 3.6144963209262103e-07, 3.480399067378079e-07, 3.3512764563689677e-07, 3.2267987997945867e-07, 3.1064405130358975e-07, 2.9909793953522563e-07, 2.8789358137945005e-07]
ndim2: 500
W_list: [3.15]
L_list: [27.566482108602212]
