R_list= [ 1  2  3  4  5  6  7  8  9 10 11 12 13 14 15 16 17 18 19 20 21 22 23 24
 25 26 27 28 29 30 31 32 33 34 35 36 37 38]
C_final_list= [1.3824376843940653e-06, 1.3118774796362232e-06, 1.243757054863481e-06, 1.1794170819307796e-06, 1.1180114753358536e-06, 1.0590135836834677e-06, 1.0035823005721028e-06, 9.506854278279991e-07, 9.00659734615983e-07, 8.536328137544365e-07, 8.093447737281822e-07, 7.667494265686846e-07, 7.263777148636619e-07, 6.877265655152945e-07, 6.510290099021287e-07, 6.164109251394366e-07, 5.835619276228345e-07, 5.525406788413279e-07, 5.228522664050453e-07, 4.951421339022674e-07, 4.687857641400306e-07, 4.4378900287412547e-07, 4.201064656035435e-07, 3.975947333969246e-07, 3.760656809601455e-07, 3.557726925359382e-07, 3.364094999344078e-07, 3.18280602445424e-07, 3.0100220707793743e-07, 2.846038839605371e-07, 2.692221238275089e-07, 2.5468532202405715e-07, 2.406347409384071e-07, 2.2745358721339823e-07, 2.1495007166592086e-07, 2.0307448810707794e-07, 1.9180383074779465e-07, 1.8112898256142156e-07]
W_list: [5]
L_list: [18.384224053335018]
