R_list= [ 1  2  3  4  5  6  7  8  9 10 11 12 13 14 15 16 17 18 19 20 21 22 23 24
 25 26 27 28 29 30 31 32 33 34 35 36 37 38]
C_final_list= [4.101874286948886e-06, 3.4251972963529326e-06, 2.838783703780879e-06, 2.348202422382854e-06, 1.942095758815859e-06, 1.6047233254443618e-06, 1.3266687199698553e-06, 1.0974143134037887e-06, 9.078856796648946e-07, 7.500501597745196e-07, 6.188443712119459e-07, 5.103475271509184e-07, 4.2042882528807425e-07, 3.466736984157787e-07, 2.8537508925330923e-07, 2.3477036733005442e-07, 1.928135012384497e-07, 1.5851154076136733e-07, 1.3016430085625756e-07, 1.0687943001573964e-07, 8.76947097190265e-08, 7.19204163392735e-08, 5.898364275374943e-08, 4.8415663875383726e-08, 3.978850384698717e-08, 3.2766408027305286e-08, 2.7000107035402074e-08, 2.2221218048199967e-08, 1.8261516754899357e-08, 1.5004148751241952e-08, 1.2320699651174639e-08, 1.009992283715362e-08, 8.26698484544448e-09, 6.757362960801904e-09, 5.508877784696812e-09, 4.498804781060612e-09, 3.686326865954972e-09, 3.022428937096968e-09]
W_list: [7.8]
L_list: [5.283830940708984]
