R_list= [ 1  2  3  4  5  6  7  8  9 10 11 12 13 14 15 16 17 18 19 20 21 22 23 24
 25 26 27 28 29 30 31 32 33 34 35 36 37 38]
C_final_list= [1.3431312530197887e-06, 1.2773823997395934e-06, 1.2179281497970863e-06, 1.1593946839518562e-06, 1.1057365422422233e-06, 1.0540562318458157e-06, 1.0051592248260134e-06, 9.586985564481603e-07, 9.142726312783685e-07, 8.719557457067411e-07, 8.312854422310586e-07, 7.921320854280202e-07, 7.545720513080662e-07, 7.18743378315992e-07, 6.846670927459421e-07, 6.524247241669415e-07, 6.212129190357629e-07, 5.912343236755985e-07, 5.630160074696927e-07, 5.359140841871817e-07, 5.103272984674263e-07, 4.858811800484838e-07, 4.6261329269255125e-07, 4.4048474900320656e-07, 4.1927897186230146e-07, 3.993241432923355e-07, 3.803337498893292e-07, 3.6211617642544545e-07, 3.447287712229991e-07, 3.281354364690097e-07, 3.12167481321409e-07, 2.969285341923878e-07, 2.8261217793867013e-07, 2.688579268469016e-07, 2.5566496661472804e-07, 2.4305183349339015e-07, 2.3114457047838023e-07, 2.1974753963953442e-07]
W_list: [5]
L_list: [20.622611017111637]
