R_list= [ 1  2  3  4  5  6  7  8  9 10 11 12 13 14 15 16 17 18 19 20 21 22 23 24
 25 26 27 28 29 30 31 32 33 34 35 36 37 38]
C_final_list= [3.530727133424654e-05, 2.2861403906555226e-05, 1.4730936116486593e-05, 9.452877251687495e-06, 6.056737491019369e-06, 3.883837918979856e-06, 2.4803320868595935e-06, 1.5882837028530237e-06, 1.016151410165759e-06, 6.498297618109256e-07, 4.1545869260703623e-07, 2.663500728475145e-07, 1.7059301209236025e-07, 1.0860278861336035e-07, 6.912088066990473e-08, 4.395790492638248e-08, 2.7969364840373323e-08, 1.8013551427677428e-08, 1.1616081383343852e-08, 7.500950772389842e-09, 4.810482802238879e-09, 3.0883624955476435e-09, 1.9587012039549046e-09, 1.2382297988347508e-09, 7.895012398304933e-10, 5.101686169596554e-10, 3.310601418303544e-10, 2.1585902733744255e-10, 1.3907945675808378e-10, 8.750550658803023e-11, 5.539168712512151e-11, 3.493735354356656e-11, 2.199250264863209e-11, 1.3773166948052998e-11, 8.740696365135652e-12, 5.67595267789731e-12, 3.785841944056051e-12, 2.55648284532708e-12]
W_list: [8.3]
L_list: [2.274097756460512]
