R_list= [ 1  2  3  4  5  6  7  8  9 10 11 12 13 14 15 16 17 18 19 20 21 22 23 24
 25 26 27 28 29 30 31 32 33 34 35 36 37 38]
C_final_list= [1.5911382996787524e-07, 6.269145302103371e-08, 1.94434159304874e-08, 5.3291221649644105e-09, 1.3657484474161294e-09, 3.383428159090531e-10, 8.271653725487041e-11, 1.9928804488771046e-11, 4.719151426887825e-12, 1.1119019169114078e-12, 2.61553474517247e-13, 6.23551278655706e-14, 1.5025731345396366e-14, 3.490704393202515e-15, 8.100733926883556e-16, 1.9208010468246498e-16, 4.5556394128565834e-17, 1.0550547506366371e-17, 2.4206739669468183e-18, 5.529152866950986e-19, 1.2628793591157986e-19, 3.011111203514493e-20, 8.013925233657035e-21, 2.5983920952753063e-21, 1.0839735431466168e-21, 5.877525333219006e-22, 4.0837499953159017e-22, 3.458339843101435e-22, 3.3488566000827344e-22, 3.439689561283255e-22, 3.4274282646895884e-22, 3.244647014782303e-22, 3.018541585769512e-22, 2.8506610426686452e-22, 2.7716574560667155e-22, 2.760612364688089e-22, 2.746122099704252e-22, 2.67222153583569e-22]
W_list: [6]
L_list: [1.0074177831747209]
