R_list= [ 1  2  3  4  5  6  7  8  9 10 11 12 13 14 15 16 17 18 19 20 21 22 23 24
 25 26 27 28 29 30 31 32 33 34 35 36 37 38]
C_final_list= [3.521473756194143e-05, 2.282036936164869e-05, 1.4714497132024308e-05, 9.468286410326702e-06, 6.094926908697254e-06, 3.923790106175891e-06, 2.5232456994291917e-06, 1.615584856937763e-06, 1.0379941374640354e-06, 6.661627600104575e-07, 4.279592860837029e-07, 2.7507205583996433e-07, 1.7676108655639442e-07, 1.1310347169622907e-07, 7.217928253065382e-08, 4.6125840559571353e-08, 2.956942218245192e-08, 1.8982994577608416e-08, 1.21794309010452e-08, 7.821151907847945e-09, 5.007860641443059e-09, 3.2102539958300913e-09, 2.0617560831708567e-09, 1.3346805654287208e-09, 8.578469913543016e-10, 5.588303801192137e-10, 3.5991645724082154e-10, 2.3065451531804177e-10, 1.4574556426554466e-10, 9.201794568370442e-11, 5.795656420724758e-11, 3.621898791896853e-11, 2.3215895814288648e-11, 1.4752429921513027e-11, 9.429579925648817e-12, 6.150535315049472e-12, 4.021638657051787e-12, 2.6434812515670374e-12]
W_list: [8.25]
L_list: [2.283515693733838]
