C_final_list: [1.549711688292268e-06, 1.3700005371491404e-06, 1.2048730143469411e-06, 1.0607673741114351e-06, 9.35313049857901e-07, 8.244227244006662e-07, 7.258295780363183e-07, 6.39730109197757e-07, 5.625979602581121e-07, 4.946038171926703e-07, 4.3474997227900636e-07, 3.8249772263398747e-07, 3.361131510038758e-07, 2.944431001756544e-07, 2.585118772473026e-07, 2.2636437177608353e-07, 1.982061014907813e-07, 1.7318931986594e-07, 1.515955701687142e-07, 1.3269421108152801e-07, 1.1607890943861263e-07, 1.0141368618421561e-07, 8.869476435582354e-08, 7.760617464141158e-08, 6.775826082830929e-08, 5.9352440428358977e-08, 5.184677024040064e-08, 4.5273389804545456e-08, 3.953766133781828e-08, 3.463127407557648e-08, 3.0274619008167064e-08, 2.6499979290949225e-08, 2.3183907606528756e-08, 2.030389722004852e-08, 1.7726091920045174e-08, 1.5488933384033332e-08, 1.3502558234139805e-08, 1.1767052794137438e-08, 1.0254002295737728e-08, 8.928467558253325e-09, 7.790537991152898e-09, 6.770184588158801e-09, 5.873613518011373e-09, 5.112265737966937e-09, 4.440434953678805e-09, 3.8526974043772695e-09, 3.340824194487087e-09, 2.8925667662440677e-09, 2.50942631052711e-09, 2.1811510821839834e-09]
ndim2: 500
W_list: [4.0]
L_list: [7.8013721278017565]
