C_final_list: [1.2828082800420446e-06, 1.2047984119015587e-06, 1.1274542222957394e-06, 1.0552537763985806e-06, 9.866482126160572e-07, 9.227008449301287e-07, 8.624452066879755e-07, 8.067660499156201e-07, 7.542018418539196e-07, 7.043935094789714e-07, 6.575617746812679e-07, 6.13316242059758e-07, 5.717626916972804e-07, 5.334056871593569e-07, 4.977166387125554e-07, 4.644562325281188e-07, 4.333686367755237e-07, 4.0411970042285634e-07, 3.7679962081000764e-07, 3.5109564096834344e-07, 3.2707403836071693e-07, 3.043664826410987e-07, 2.837505801454594e-07, 2.642522300783859e-07, 2.4592479181618944e-07, 2.2886635898799986e-07, 2.1271388999693645e-07, 1.9758449619905423e-07, 1.8357933639504556e-07, 1.708242206001215e-07, 1.5882792854572022e-07, 1.4769893624383986e-07, 1.3743698284148563e-07, 1.2799738687055654e-07, 1.1913708295140375e-07]
ndim2: 500
W_list: [3.4000000000000004]
L_list: [14.544656751093337]
