R_list= [ 1  2  3  4  5  6  7  8  9 10 11 12 13 14 15 16 17 18 19 20 21 22 23 24
 25 26 27 28 29 30 31 32 33 34 35 36 37 38]
C_final_list= [7.456850965008896e-07, 4.5844276900252067e-07, 2.716189725120463e-07, 1.6249413629021036e-07, 9.822133393254849e-08, 5.9519167781849416e-08, 3.576856159799776e-08, 2.1316462538614115e-08, 1.266171478383006e-08, 7.545908866053837e-09, 4.49185545962418e-09, 2.6529072588811235e-09, 1.564636918604228e-09, 9.075142583588649e-10, 5.221152811614425e-10, 2.994357312046301e-10, 1.689627487069315e-10, 9.459770732576713e-11, 5.264740398972867e-11, 2.927565085419815e-11, 1.6370605891867307e-11, 9.02862985847948e-12, 4.898339214607907e-12, 2.7065360320888337e-12, 1.5459146179254415e-12, 8.884258697528065e-13, 5.085310642411837e-13, 2.9077846165756675e-13, 1.6673177459532006e-13, 9.561763169213857e-14, 5.750495175086842e-14, 3.886506293539513e-14, 2.996542669227391e-14, 2.0913828682214466e-14, 1.325346444175119e-14, 7.254069415203978e-15, 4.072988019143552e-15, 2.697910782496291e-15]
W_list: [6]
L_list: [1.9830212225419475]
