C_final_list: [2.0165662726880554e-06, 1.9980593285063764e-06, 1.9798666933810328e-06, 1.9624983600800737e-06, 1.9457610985404195e-06, 1.9293302887213947e-06, 1.913304946829978e-06, 1.8974370346796015e-06, 1.8819745759046332e-06, 1.866413876221167e-06, 1.8511098926231507e-06, 1.8359715674707872e-06, 1.8209429356988534e-06, 1.8062768991974249e-06, 1.7920203624070225e-06, 1.7777820262361386e-06, 1.7637184102537175e-06, 1.7498201781484246e-06, 1.7359208248550649e-06, 1.7222535783518274e-06, 1.7087727227695678e-06, 1.6952794578697114e-06, 1.6817891872213613e-06, 1.6684718821681545e-06, 1.6551548416289745e-06, 1.6419106197985022e-06, 1.6288007979401602e-06, 1.6158006472824969e-06, 1.602971855993615e-06, 1.5903621787038156e-06, 1.5777654514211061e-06, 1.5653221405098405e-06, 1.5527910008855301e-06, 1.5404363087335419e-06, 1.5281374756051988e-06]
ndim2: 500
W_list: [2.2]
L_list: [123.56946108200823]
