C_list:
1.4631152240889069e-06 0.1642878359694847
ndim2: 500
W_list: [3.4]
L_list: [6.086877912164738]
