R_list= [ 1  2  3  4  5  6  7  8  9 10 11 12 13 14 15 16 17 18 19 20 21 22 23 24
 25 26 27 28 29 30 31 32 33 34 35 36 37 38]
C_final_list= [1.0301610700412622e-07, 6.852445861995345e-08, 4.45647532442628e-08, 2.8813358030285388e-08, 1.8616664234719556e-08, 1.1945709641739406e-08, 7.655533704562789e-09, 4.888712879545088e-09, 3.1176846919379923e-09, 1.986412055286581e-09, 1.259710135810485e-09, 7.89495792790939e-10, 4.94339808710916e-10, 3.099466702805975e-10, 1.94774962846989e-10, 1.224150085407624e-10, 7.68051596153449e-11, 4.815132890301816e-11, 3.0209887483829086e-11, 1.8953521439000484e-11, 1.1920212181892445e-11, 7.522482001757854e-12, 4.7352575247268886e-12, 3.049569982807561e-12, 1.9896953771075743e-12, 1.3069135564739664e-12, 8.55864830264184e-13, 5.721656892175127e-13, 3.725478432082062e-13, 2.466443442820555e-13, 1.601695741788239e-13, 1.1312628290670035e-13, 8.731778181355164e-14, 7.855901048140859e-14, 6.286431658995007e-14, 4.109931585993842e-14, 2.7225805995657477e-14, 1.8608897315979396e-14]
W_list: [7]
L_list: [2.3467429251908003]
