R_list= [ 1  2  3  4  5  6  7  8  9 10 11 12 13 14 15 16 17 18 19 20 21 22 23 24
 25 26 27 28 29 30 31 32 33 34 35 36 37 38]
C_final_list= [5.178084955456261e-06, 4.484281663865643e-06, 3.86267309457055e-06, 3.321980427770769e-06, 2.8545971441076032e-06, 2.450341846091102e-06, 2.1030314357982136e-06, 1.8023036888480345e-06, 1.5448190092456989e-06, 1.3230795495709622e-06, 1.133504869006264e-06, 9.70489354978444e-07, 8.31513765692059e-07, 7.120794230039695e-07, 6.104965216638708e-07, 5.226137481992739e-07, 4.475017992142318e-07, 3.828640029337691e-07, 3.2701536051931556e-07, 2.7913974870480106e-07, 2.3823547468712804e-07, 2.0311950007520021e-07, 1.734112955163264e-07, 1.4784523851224275e-07, 1.259544447321811e-07, 1.0709528596715458e-07, 9.110697023905466e-08, 7.748907365460003e-08, 6.592363610424852e-08, 5.609121798181508e-08, 4.7761779386018345e-08, 4.0604584848913154e-08, 3.453542509418165e-08, 2.942383575782193e-08, 2.5031974441470588e-08, 2.1290604561411212e-08, 1.8107893553144167e-08, 1.538076497052942e-08]
W_list: [7.2]
L_list: [6.564210854319228]
