C_final_list: [1.698087326441772e-06, 1.6717376316408446e-06, 1.6456132975834859e-06, 1.6201801267586705e-06, 1.5955887752709638e-06, 1.5715285615326525e-06, 1.5477483325892211e-06, 1.5242888227821029e-06, 1.500945585326888e-06, 1.4784649431169055e-06, 1.4566118852550331e-06, 1.43495058605389e-06, 1.4136495415361106e-06, 1.3924343285488594e-06, 1.3717393830471172e-06, 1.3512852346591457e-06, 1.331179565448779e-06, 1.31135225885032e-06, 1.2914920402358897e-06, 1.272047588382796e-06, 1.2529145981771471e-06, 1.233758867898091e-06, 1.2149404837332182e-06, 1.1963935824666132e-06, 1.178063258451148e-06, 1.1600754168837295e-06, 1.1423794935091156e-06, 1.1250943145337434e-06, 1.1078674511450912e-06, 1.0907135377938463e-06, 1.0738975790602296e-06, 1.0575000913543614e-06, 1.0411453992401086e-06, 1.0249829882738869e-06, 1.0087359214108312e-06, 9.926342769393607e-07, 9.769620389363164e-07, 9.616579676109383e-07, 9.46706198920225e-07, 9.321319446989093e-07, 9.176992573508316e-07, 9.032914566317486e-07, 8.891196358765173e-07, 8.7516742976363e-07, 8.615007498071329e-07, 8.480279639580051e-07, 8.348475060063656e-07, 8.218069269693798e-07, 8.089151734386104e-07, 7.961938598458273e-07]
ndim2: 500
W_list: [3.0]
L_list: [65.08256716603834]
