R_list= [ 1  2  3  4  5  6  7  8  9 10 11 12 13 14 15 16 17 18 19 20 21 22 23 24
 25 26 27 28 29 30 31 32 33 34 35 36 37 38]
C_final_list= [2.6879714654026477e-07, 2.0935603682465525e-07, 1.632946253199894e-07, 1.2675297863022806e-07, 9.770170285264328e-08, 7.496228717448667e-08, 5.7535503202069494e-08, 4.423903950136383e-08, 3.401120909016061e-08, 2.6168824814574583e-08, 2.0102643483113014e-08, 1.5421779356957852e-08, 1.1829918560535494e-08, 9.071596421281344e-09, 6.942109546729906e-09, 5.278603581401896e-09, 4.017729148575262e-09, 3.0609004949042947e-09, 2.3269364348934738e-09, 1.7626639449122761e-09, 1.3349860511262585e-09, 1.0107984633676825e-09, 7.607624681810424e-10, 5.757918384040557e-10, 4.359931133890968e-10, 3.3051426446669774e-10, 2.4982973839776546e-10, 1.8892799868760134e-10, 1.4268492833991193e-10, 1.0843762807057637e-10, 8.19518809940011e-11, 6.229616900300645e-11, 4.750319945631234e-11, 3.6279740039845376e-11, 2.7491010365196856e-11, 2.0688739793006716e-11, 1.553089233752389e-11, 1.1760331026721067e-11]
W_list: [7]
L_list: [3.8998467109005572]
