R_list= [ 1  2  3  4  5  6  7  8  9 10 11 12 13 14 15 16 17 18 19 20 21 22 23 24
 25 26 27 28 29 30 31 32 33 34 35 36 37 38]
C_final_list= [4.533786829660761e-07, 3.7192261477242037e-07, 3.0646218580648637e-07, 2.511654444658583e-07, 2.0544410533027417e-07, 1.6824558488761687e-07, 1.3770291218931443e-07, 1.1270901129015169e-07, 9.216049161576709e-08, 7.533297901774158e-08, 6.14386035805762e-08, 5.001620204409676e-08, 4.0490678430288765e-08, 3.276793591690709e-08, 2.6513512830964284e-08, 2.1401897874351062e-08, 1.7235732421800058e-08, 1.3879283688056831e-08, 1.1148256450389943e-08, 8.973164188948336e-09, 7.225948794691729e-09, 5.8260849937574525e-09, 4.705594283569078e-09, 3.796679044997187e-09, 3.0684956466800264e-09, 2.4850428674491554e-09, 2.0017166892312605e-09, 1.6101537664228766e-09, 1.2950297914014616e-09, 1.0382232624016984e-09, 8.303315140204511e-10, 6.644104074357942e-10, 5.344878195401185e-10, 4.277867046954975e-10, 3.4165998335071174e-10, 2.7310804463459186e-10, 2.1940228269492754e-10, 1.74971563302311e-10]
W_list: [7]
L_list: [5.001811373050391]
