R_list= [ 1  2  3  4  5  6  7  8  9 10 11 12 13 14 15 16 17 18 19 20 21 22 23 24
 25 26 27 28 29 30 31 32 33 34 35 36 37 38]
C_final_list= [9.38336607284955e-07, 7.11435023541621e-07, 5.317150516232317e-07, 4.033274047094676e-07, 3.090241569701401e-07, 2.3759984895001814e-07, 1.820092611897986e-07, 1.3886964879996864e-07, 1.0578229268189132e-07, 8.048392530067706e-08, 6.120416639798954e-08, 4.6655938709771765e-08, 3.554443218523873e-08, 2.6962500721691623e-08, 2.0365534817869125e-08, 1.5339573806779662e-08, 1.1526106755850503e-08, 8.657331991324096e-09, 6.509843827710418e-09, 4.896987085940254e-09, 3.6806144206136667e-09, 2.785367470639604e-09, 2.1307734666233115e-09, 1.6334791616185187e-09, 1.24563218237067e-09, 9.48749711012135e-10, 7.226559628641121e-10, 5.500919119806538e-10, 4.19184820733269e-10, 3.18790662894221e-10, 2.409327589914561e-10, 1.8288990550755538e-10, 1.3946328623944974e-10, 1.071045349004218e-10, 8.302013560692294e-11, 6.39102997739095e-11, 4.877327473985399e-11, 3.6807169204714226e-11]
W_list: [5]
L_list: [3.6287764979966317]
