C_final_list: [2.180719130172107e-06, 1.9915435425580356e-06, 1.810520903272736e-06, 1.646990934684124e-06, 1.4991036196380158e-06, 1.361735788002571e-06, 1.2348704401481833e-06, 1.1215808441838802e-06, 1.0181120586363544e-06, 9.258990292000342e-07, 8.41569559152986e-07, 7.64728606024503e-07, 6.962707897981046e-07, 6.321151639365781e-07, 5.750684861092522e-07, 5.232788151657163e-07, 4.773318479425436e-07, 4.3405713942643356e-07, 3.934645216781852e-07, 3.569560592249368e-07, 3.2364838170528476e-07, 2.9325978483987047e-07, 2.659843747469797e-07, 2.408131399808187e-07, 2.1842179249984776e-07, 1.9782991311478138e-07, 1.7887096227242285e-07, 1.619837146797921e-07, 1.4686110738358093e-07, 1.3297408425202774e-07, 1.2052193653984017e-07, 1.0948066637841527e-07, 9.93485180140701e-08, 8.997082072256866e-08, 8.134473193908017e-08, 7.34533150205195e-08, 6.630289075952226e-08, 5.997373948101533e-08, 5.417650484763985e-08, 4.9076592373006316e-08, 4.440702908492036e-08, 4.0126605672924785e-08, 3.622992618333319e-08, 3.272259527813022e-08, 2.9527206760911216e-08, 2.65728175188512e-08, 2.3952858305842736e-08, 2.1564719443417567e-08, 1.9426414208171053e-08, 1.7500968172228303e-08]
ndim2: 500
W_list: [2.4]
L_list: [10.444948236630871]
