C_list:
1.5397011994106656e-06 0.1310290859639662
ndim2: 500
W_list: [3.0]
L_list: [7.631893275016862]
