C_final_list: [2.0958124027343943e-06, 2.0401893450227028e-06, 2.0057724967751716e-06, 1.9643718232541558e-06, 1.9227188389405375e-06, 1.8839166707744433e-06, 1.8462126461831731e-06, 1.8084013247959076e-06, 1.7707733596400108e-06, 1.7342761109549183e-06, 1.698101506666011e-06, 1.6629290135205626e-06, 1.629037575264463e-06, 1.5955420633179042e-06, 1.5626263978878326e-06, 1.5301209695085407e-06, 1.4980295538354166e-06, 1.466535479557187e-06, 1.4358590883753725e-06, 1.4057082286047478e-06, 1.3762098283955823e-06, 1.3474171217484211e-06, 1.3195375094127717e-06, 1.292240844901833e-06, 1.2652356975860744e-06, 1.2385759648152914e-06, 1.2119874446644637e-06, 1.1862759043135447e-06, 1.1610296111088562e-06, 1.1362704727084345e-06, 1.1120176090071902e-06, 1.0881466770516976e-06, 1.0644635842999655e-06, 1.0415477420598914e-06, 1.0191789203445039e-06]
ndim2: 500
W_list: [1.0]
L_list: [47.54474123741115]
