C_final_list: [1.7954723399386793e-06, 1.6712844284504877e-06, 1.5524374071046336e-06, 1.44132350911082e-06, 1.3377767502076923e-06, 1.239615445696047e-06, 1.1490796676769443e-06, 1.0667692463486364e-06, 9.885956267415491e-07, 9.144535328231859e-07, 8.465863334857023e-07, 7.837286961677817e-07, 7.258672406558034e-07, 6.719177296503104e-07, 6.225393650074725e-07, 5.768265518937032e-07, 5.338265764465504e-07, 4.941294765510426e-07, 4.5810355342203854e-07, 4.243234900691197e-07, 3.9301407049549775e-07, 3.635522491352169e-07, 3.360787587460737e-07, 3.1072849692454597e-07, 2.874349751036215e-07, 2.658751512241868e-07, 2.456407997842203e-07, 2.267312444251985e-07, 2.0970644570698032e-07, 1.9398253105541956e-07, 1.7957577326543465e-07, 1.662731515995532e-07, 1.5363399119627871e-07, 1.4182937116539143e-07, 1.3088481216525396e-07, 1.2101716973868868e-07, 1.1177478772799009e-07, 1.0320671002996035e-07, 9.527089225043146e-08, 8.807279666440384e-08, 8.142921461578511e-08, 7.523827176269439e-08, 6.956767898658055e-08, 6.425338923958702e-08, 5.9369369500246074e-08, 5.482056641603647e-08, 5.053660885338046e-08, 4.6579452142084054e-08, 4.2927726010249626e-08, 3.9612058904967185e-08]
ndim2: 500
W_list: [3.25]
L_list: [13.083447386729246]
