C_final_list: [1.6237358225448077e-06, 1.5546697716252586e-06, 1.4859578494619562e-06, 1.4202691876444728e-06, 1.357625924991621e-06, 1.2983209120735813e-06, 1.2409404220314407e-06, 1.1869471647094183e-06, 1.136108317647247e-06, 1.0865267603637547e-06, 1.0399547254705126e-06, 9.951087907802869e-07, 9.523127517802738e-07, 9.113813677768089e-07, 8.724963219645086e-07, 8.34961530459516e-07, 7.990112782543615e-07, 7.645563053199238e-07, 7.311425575576539e-07, 6.992927965939779e-07, 6.691074745645403e-07, 6.400730491688627e-07, 6.121029867236797e-07, 5.85253432447074e-07, 5.597950570890452e-07, 5.351913948468058e-07, 5.11526325062039e-07, 4.888556610253263e-07, 4.67293891055737e-07, 4.466690238072315e-07, 4.267952766369625e-07, 4.074682666229344e-07, 3.8920232817248666e-07, 3.717512302132251e-07, 3.548600878929489e-07, 3.389620795106515e-07, 3.236756001661689e-07, 3.0897320636396495e-07, 2.947860974420041e-07, 2.8140061024858025e-07, 2.6862992008786476e-07, 2.5640250855547456e-07, 2.4476855225535293e-07, 2.3372244334664567e-07, 2.231118209239133e-07, 2.1311295536328121e-07, 2.0346546021766984e-07, 1.9429082515324285e-07, 1.8541350674116251e-07, 1.7690001937802704e-07]
ndim2: 500
W_list: [3.4000000000000004]
L_list: [22.3851298256489]
