R_list= [ 1  2  3  4  5  6  7  8  9 10 11 12 13 14 15 16 17 18 19 20 21 22 23 24
 25 26 27 28 29 30 31 32 33 34 35 36 37 38]
C_final_list= [3.718593439646438e-07, 2.771786564442105e-07, 2.0809501301812895e-07, 1.5611384550999617e-07, 1.1685475950492454e-07, 8.694789363522627e-08, 6.475134679279959e-08, 4.8290475427383537e-08, 3.582774059827539e-08, 2.6635898080809876e-08, 1.983002310357518e-08, 1.474903756912821e-08, 1.0981767758059575e-08, 8.171185115431296e-09, 6.0257425408413945e-09, 4.4300659361420175e-09, 3.2504397667249353e-09, 2.36339564715227e-09, 1.7245694042670852e-09, 1.2631831744648995e-09, 9.181678245777939e-10, 6.692441192616577e-10, 4.843931907228497e-10, 3.52474135014302e-10, 2.569997321802273e-10, 1.8895606898577744e-10, 1.379253741697231e-10, 1.0197502725726342e-10, 7.452785130681562e-11, 5.3825174688965016e-11, 3.8763581371893576e-11, 2.7872529547897356e-11, 2.0071877729176754e-11, 1.461919510171237e-11, 1.0626517056071697e-11, 7.661028291289166e-12, 5.5808181342471706e-12, 4.0757305291978684e-12]
W_list: [7]
L_list: [3.4365595765809234]
