R_list= [ 1  2  3  4  5  6  7  8  9 10 11 12 13 14 15 16 17 18 19 20 21 22 23 24
 25 26 27 28 29 30 31 32 33 34 35 36 37 38]
C_final_list= [6.440206511063596e-07, 5.354030355169988e-07, 4.4078709767463265e-07, 3.627228474998967e-07, 2.9856366160801236e-07, 2.4582640697844864e-07, 2.0201973303710273e-07, 1.6593515481758517e-07, 1.3654577390629334e-07, 1.1263735643448535e-07, 9.281598477942328e-08, 7.64176081498303e-08, 6.290628889349328e-08, 5.162767719421952e-08, 4.22858063345336e-08, 3.46905354825062e-08, 2.8498790506995738e-08, 2.3414794292179372e-08, 1.9143883926883258e-08, 1.5642090825604884e-08, 1.2802302989778357e-08, 1.0468973410742767e-08, 8.56135185466393e-09, 6.998883604400033e-09, 5.715243822804935e-09, 4.663851458105215e-09, 3.796395499872949e-09, 3.0833101860016806e-09, 2.5045689143009815e-09, 2.0377232422365883e-09, 1.6618068188322106e-09, 1.3519218537571391e-09, 1.1042752441094078e-09, 9.035789310807801e-10, 7.401576957895142e-10, 6.053058386256139e-10, 4.949405798901991e-10, 4.047301509438992e-10]
W_list: [7]
L_list: [5.155675629108913]
