C_final_list: [2.1231176658398947e-06, 2.0420352421962726e-06, 1.9611235554407444e-06, 1.8844538700899177e-06, 1.812580518116338e-06, 1.7425667167385094e-06, 1.674965760273749e-06, 1.6105273994544288e-06, 1.548367659917983e-06, 1.4881252799166841e-06, 1.4295431212276578e-06, 1.3734964395756952e-06, 1.3195475635312846e-06, 1.2683550460003432e-06, 1.2185066454433005e-06, 1.171028926148036e-06, 1.1256723376369654e-06, 1.082350797421816e-06, 1.0403988449928216e-06, 9.995061440637625e-07, 9.602634504975627e-07, 9.224353789598865e-07, 8.857775321386503e-07, 8.508210518593153e-07, 8.165231510367357e-07, 7.835572723040916e-07, 7.518687286205699e-07, 7.219550042598531e-07, 6.927290675545697e-07, 6.645746779650741e-07, 6.377889412150839e-07, 6.117462346817429e-07, 5.865095231544756e-07, 5.623095024440739e-07, 5.389432799202655e-07]
ndim2: 500
W_list: [2.2]
L_list: [25.02812924071531]
