R_list= [ 1  2  3  4  5  6  7  8  9 10 11 12 13 14 15 16 17 18 19 20 21 22 23 24
 25 26 27 28 29 30 31 32 33 34 35 36 37 38]
C_final_list= [8.865735208582461e-07, 5.102902165561277e-07, 2.947383673017274e-07, 1.7081960262255064e-07, 9.90618056961221e-08, 5.661710215393805e-08, 3.2660658838651286e-08, 1.883376772074941e-08, 1.0577186050867082e-08, 5.867917070728841e-09, 3.2885460711853575e-09, 1.8616416352591302e-09, 1.0668191085372386e-09, 6.15980045095181e-10, 3.471152963522769e-10, 1.9039115956075598e-10, 1.0585223404087786e-10, 5.929227635687149e-11, 3.273220057436543e-11, 1.878153854083075e-11, 1.100536554629899e-11, 6.476423010948634e-12, 3.682288259193023e-12, 2.1687621106191025e-12, 1.1818573018101984e-12, 6.79603197553733e-13, 4.156223980204459e-13, 2.2777755618232736e-13, 1.2126994520596027e-13, 6.583762237579574e-14, 3.468300875909218e-14, 1.9927890077484848e-14, 1.2594978357300597e-14, 7.981492142222165e-15, 4.277295920349633e-15, 2.6731616255223154e-15, 1.8627492643744943e-15, 9.579431354148454e-16]
W_list: [9.200000000000001]
L_list: [1.8179864184845218]
