C_list:
1.450340890868819e-06 0.1807858761842707
ndim2: 500
W_list: [3.6]
L_list: [5.531405556154863]
