R_list= [ 1  2  3  4  5  6  7  8  9 10 11 12 13 14 15 16 17 18 19 20 21 22 23 24
 25 26 27 28 29 30 31 32 33 34 35 36 37 38]
C_final_list= [3.367126996223587e-07, 2.802227130850635e-07, 2.3001827501493232e-07, 1.874913907454662e-07, 1.5204357443002293e-07, 1.22901357870057e-07, 9.914065048726215e-08, 8.000373165028199e-08, 6.46201332846837e-08, 5.213244344680646e-08, 4.201945885770021e-08, 3.384422906709735e-08, 2.7166238851328972e-08, 2.1764899489433707e-08, 1.740586841707001e-08, 1.3931672008581865e-08, 1.1139402387787807e-08, 8.905985857427253e-09, 7.099344152743289e-09, 5.670761059516896e-09, 4.51364684049232e-09, 3.5984673136285077e-09, 2.8548983315523388e-09, 2.2688359029677943e-09, 1.7947784267803102e-09, 1.4150711076911318e-09, 1.1162021040248863e-09, 8.826267705950452e-10, 6.989092320927166e-10, 5.568668526137184e-10, 4.4361732036992367e-10, 3.5349260571585033e-10, 2.817062599505785e-10, 2.245447985390657e-10, 1.784130431416336e-10, 1.415380201222941e-10, 1.1213910221679105e-10, 8.874572870193853e-11]
W_list: [9.2]
L_list: [4.845016559738158]
