C_final_list: [6.809117524618921e-07, 6.466243392689419e-07, 6.114626588897174e-07, 5.767415368546581e-07, 5.439672688922712e-07, 5.126748785787005e-07, 4.833149654907314e-07, 4.554258771313691e-07, 4.2877362754104173e-07, 4.034025861387191e-07, 3.796035267429677e-07, 3.5707547022135215e-07, 3.3605648672640594e-07, 3.159028509613127e-07, 2.9713126224441177e-07, 2.7931356296847834e-07, 2.6262022243888267e-07, 2.4704899520289625e-07, 2.3221867047024997e-07, 2.18443047030011e-07, 2.0523277501468909e-07, 1.927775449302173e-07, 1.809475636034709e-07, 1.698518290488933e-07, 1.5926775069113647e-07, 1.4917639642601283e-07, 1.3963974631470125e-07, 1.306853355374293e-07, 1.223063708480149e-07, 1.1448653192722949e-07, 1.0715454817298424e-07, 1.0028670145883721e-07, 9.376430552039343e-08, 8.770992885604354e-08, 8.191075016783761e-08]
ndim2: 500
W_list: [3.0]
L_list: [16.430772413813383]
