C_final_list: [1.682876435725353e-06, 1.6226157718852067e-06, 1.5643466387388152e-06, 1.5077583161286706e-06, 1.4537556005437003e-06, 1.402051847960634e-06, 1.3513849231068927e-06, 1.3027981388945236e-06, 1.25654098849558e-06, 1.2112050444519876e-06, 1.1674354596400304e-06, 1.125851303649842e-06, 1.0858682020792146e-06, 1.046688390511948e-06, 1.0091972041277654e-06, 9.72405239218571e-07, 9.372293548397698e-07, 9.03100679437216e-07, 8.699523683142262e-07, 8.382084691836398e-07, 8.075560270860763e-07, 7.784435654128231e-07, 7.500805761578945e-07, 7.225446071805327e-07, 6.959659841741765e-07, 6.704147265707857e-07, 6.458705699972823e-07, 6.221349949627871e-07, 5.9915320978245e-07, 5.769740978082123e-07, 5.557774828288652e-07, 5.35145320626314e-07, 5.151551084142315e-07, 4.959298791770263e-07, 4.770972139918104e-07, 4.5896625377242417e-07, 4.415420959455012e-07, 4.246717734197355e-07, 4.0852509564262845e-07, 3.929711516402284e-07, 3.780439969906935e-07, 3.636010365254509e-07, 3.4975044180548485e-07, 3.362273914860521e-07, 3.2307515790036485e-07, 3.105550332483429e-07, 2.9837554530633226e-07, 2.8677985934206546e-07, 2.7549850373983184e-07, 2.647043103962537e-07]
ndim2: 500
W_list: [3.2]
L_list: [26.90544204986708]
