R_list= [ 1  2  3  4  5  6  7  8  9 10 11 12 13 14 15 16 17 18 19 20 21 22 23 24
 25 26 27 28 29 30 31 32 33 34 35 36 37 38]
C_final_list= [2.0240978920074067e-06, 1.988722885743536e-06, 1.9544234212763695e-06, 1.9219947631309345e-06, 1.8899764168625238e-06, 1.8580460673052463e-06, 1.8268178936888928e-06, 1.7962138210738643e-06, 1.7660989772461117e-06, 1.7364792441247113e-06, 1.7075041455378236e-06, 1.67902197583789e-06, 1.6510472641488557e-06, 1.6235272259509395e-06, 1.5963104304629537e-06, 1.5698469667095198e-06, 1.5439056033540126e-06, 1.5183843287825486e-06, 1.4931628151424054e-06, 1.4681440014361235e-06, 1.4436950584102506e-06, 1.4199406065938697e-06, 1.3963609307333017e-06, 1.3731441218371003e-06, 1.3501013114440375e-06, 1.3273196919818287e-06, 1.3050817066241349e-06, 1.2833264433156472e-06, 1.2619837923808417e-06, 1.2408780264511939e-06, 1.2201541182590102e-06, 1.1997460746878367e-06, 1.179648039940748e-06, 1.1597766656512665e-06, 1.1401389656613691e-06, 1.1206708077839057e-06, 1.1016578429179124e-06, 1.0830061438887993e-06]
W_list: [4]
L_list: [59.37087720699544]
