R_list= [ 1  2  3  4  5  6  7  8  9 10 11 12 13 14 15 16 17 18 19 20 21 22 23 24
 25 26 27 28 29 30 31 32 33 34 35 36 37 38]
C_final_list= [4.437626013297648e-07, 3.900250395569832e-07, 3.3977014371936885e-07, 2.945696798562893e-07, 2.548920297212291e-07, 2.2027064136686598e-07, 1.9014643253095995e-07, 1.6392847582218456e-07, 1.4122635367818173e-07, 1.2154832194476459e-07, 1.0465808169818399e-07, 9.020650747349296e-08, 7.76655313151952e-08, 6.684809931780192e-08, 5.753609020208422e-08, 4.954341717604853e-08, 4.2621197029535855e-08, 3.669280376379377e-08, 3.1540215012749615e-08, 2.703941606649978e-08, 2.32322184466822e-08, 1.996128707200112e-08, 1.7135980847222152e-08, 1.4683905459906474e-08, 1.2576871621536486e-08, 1.0786430865906168e-08, 9.249200032414647e-09, 7.920517611994938e-09, 6.787704217552349e-09, 5.820161334970506e-09, 4.989281344778467e-09, 4.274576190086376e-09, 3.654439541892175e-09, 3.120904857493112e-09, 2.6699180542442795e-09, 2.2833229287353533e-09, 1.9528929571743194e-09, 1.6673519366952747e-09]
W_list: [8.0]
L_list: [6.881329031822179]
