R_list= [ 1  2  3  4  5  6  7  8  9 10 11 12 13 14 15 16 17 18 19 20 21 22 23 24
 25 26 27 28 29 30 31 32]
C_final_list= [7.844939930420041e-07, 7.341862833740633e-07, 6.842320314774422e-07, 6.369768383172735e-07, 5.925137099117308e-07, 5.511215541248108e-07, 5.119882571436726e-07, 4.762019924137796e-07, 4.429292496925139e-07, 4.119359097108453e-07, 3.8290911498594555e-07, 3.5562687921206266e-07, 3.3041935800369647e-07, 3.069003478757434e-07, 2.8485942582059716e-07, 2.6421305213397855e-07, 2.4513428159392065e-07, 2.2734301491490959e-07, 2.1085544173727537e-07, 1.9551560923974312e-07, 1.8131881913077041e-07, 1.6805185171241547e-07, 1.5574362327581047e-07, 1.4433313508350928e-07, 1.3373548650015195e-07, 1.2385538469272912e-07, 1.1462288205927403e-07, 1.0602186441235127e-07, 9.808506702580654e-08, 9.069498604715936e-08, 8.384815481960089e-08, 7.758394109792282e-08]
W_list: [6]
L_list: [13.610916106080259]
