R_list= [ 1  2  3  4  5  6  7  8  9 10 11 12 13 14 15 16 17 18 19 20 21 22 23 24
 25 26 27 28 29 30 31 32 33 34 35 36 37 38]
C_final_list= [5.8102658311506765e-06, 4.914206605161291e-06, 4.114857099377287e-06, 3.428092798321946e-06, 2.84940329216918e-06, 2.365556653638285e-06, 1.9620116029896788e-06, 1.6255523459018158e-06, 1.3453035373124142e-06, 1.1133920733023755e-06, 9.212534991136441e-07, 7.620688736813832e-07, 6.300895749997069e-07, 5.218207650900357e-07, 4.3207154056666806e-07, 3.5722106575448567e-07, 2.953692241528884e-07, 2.440471828755618e-07, 2.015374867906978e-07, 1.6639591893631938e-07, 1.374348919173207e-07, 1.1374256999258367e-07, 9.406254945048875e-08, 7.777649357720268e-08, 6.427659497177617e-08, 5.311994524528817e-08, 4.382315281131436e-08, 3.6133751247009056e-08, 2.983485402677065e-08, 2.4636009808142772e-08, 2.0326194350746257e-08, 1.674222317791266e-08, 1.375259613382187e-08, 1.1330395715507047e-08, 9.324558290152892e-09, 7.66503455602264e-09, 6.3087590884486235e-09, 5.18130333544247e-09]
W_list: [8.4]
L_list: [5.446086533297052]
