C_final_list: [1.6298272674503807e-06, 1.5643302772732175e-06, 1.4995082222735704e-06, 1.436651551531884e-06, 1.3762746443497774e-06, 1.3184344887887472e-06, 1.2622363650690288e-06, 1.209461336367699e-06, 1.1586502806099966e-06, 1.1098394778657836e-06, 1.0629809626933e-06, 1.0191090869557613e-06, 9.76957174997506e-07, 9.363838271056672e-07, 8.975441196469829e-07, 8.595299597718129e-07, 8.231844112361579e-07, 7.884636099856279e-07, 7.549007393440907e-07, 7.224277173547756e-07, 6.915547239782834e-07, 6.612903822323651e-07, 6.325673676529654e-07, 6.051849049472746e-07, 5.792112916527766e-07, 5.53848955746165e-07, 5.296999283587164e-07, 5.065007408855819e-07, 4.842751847484411e-07, 4.62773128746386e-07, 4.4231577478965343e-07, 4.2259281625402685e-07, 4.0362471071404327e-07, 3.8560336746417866e-07, 3.6833767268745025e-07, 3.519141870490141e-07, 3.361200345167433e-07, 3.210601792326422e-07, 3.067765521601965e-07, 2.9313504912389093e-07, 2.8015549025391617e-07, 2.6782153581503536e-07, 2.560233992639125e-07, 2.447239591365373e-07, 2.3383063922072314e-07, 2.2345577049571137e-07, 2.135463861967327e-07, 2.041121806741108e-07, 1.9507490930982645e-07, 1.8639569702495402e-07]
ndim2: 500
W_list: [3.3499999999999996]
L_list: [22.90755135170851]
