R_list= [ 1  2  3  4  5  6  7  8  9 10 11 12 13 14 15 16 17 18 19 20 21 22 23 24
 25 26 27 28 29 30 31 32 33 34 35 36 37 38]
C_final_list= [8.792581046979106e-07, 8.043543501995778e-07, 7.33960577504411e-07, 6.676814097341611e-07, 6.069688108883761e-07, 5.522226647413487e-07, 5.028279621706236e-07, 4.575968833578561e-07, 4.162988818527475e-07, 3.7902291612549593e-07, 3.451696425492489e-07, 3.1430655701207643e-07, 2.859935361954396e-07, 2.603703338319056e-07, 2.3663151512086317e-07, 2.1455646780124222e-07, 1.9464191296969528e-07, 1.7651656998352465e-07, 1.599267302578958e-07, 1.4465584706787367e-07, 1.308569262563202e-07, 1.1832263587124427e-07, 1.0699505232236777e-07, 9.671152570631855e-08, 8.732086718687054e-08, 7.893624958962551e-08, 7.130721620590331e-08, 6.452052675589215e-08, 5.836958291210207e-08, 5.284951743559592e-08, 4.785064437068082e-08, 4.3329215804541046e-08, 3.9188595395698735e-08, 3.54950821369811e-08, 3.2134464910183784e-08, 2.905631451264651e-08, 2.6281001010161255e-08, 2.375151500697565e-08]
W_list: [6]
L_list: [10.516764087551982]
