R_list= [ 1  2  3  4  5  6  7  8  9 10 11 12 13 14 15 16 17 18 19 20 21 22 23 24
 25 26 27 28 29 30 31 32 33 34 35 36 37 38]
C_final_list= [7.058672023016533e-06, 6.101784456108057e-06, 5.231107103911436e-06, 4.4718177158347816e-06, 3.817368904960966e-06, 3.255711213048368e-06, 2.7741339815835834e-06, 2.362325773517555e-06, 2.0110394768858236e-06, 1.7104541002731162e-06, 1.4547509352064275e-06, 1.2369442917275126e-06, 1.0509312426473646e-06, 8.925254715889123e-07, 7.573093083881073e-07, 6.426118629685279e-07, 5.45592587406274e-07, 4.6285577097433116e-07, 3.9259927404098154e-07, 3.327672468532232e-07, 2.8182125711722706e-07, 2.3884558068092603e-07, 2.0262957596269493e-07, 1.718561866484209e-07, 1.457082503873456e-07, 1.236911280865016e-07, 1.0496843940841923e-07, 8.913938683733401e-08, 7.576383403117078e-08, 6.43843484316007e-08, 5.468071954418374e-08, 4.6424853942346895e-08, 3.943256826592772e-08, 3.3470558850223046e-08, 2.8358055716034805e-08, 2.407297904090896e-08, 2.0465005376528307e-08, 1.7386002277259283e-08]
W_list: [8.0]
L_list: [6.310440598469326]
