R_list= [ 1  2  3  4  5  6  7  8  9 10 11 12 13 14 15 16 17 18 19 20 21 22 23 24
 25 26 27 28 29 30 31 32 33 34 35 36 37 38]
C_final_list= [4.555058834841373e-07, 3.447943849862577e-07, 2.561032728694261e-07, 1.897561371413195e-07, 1.4039582856450936e-07, 1.0345588229885844e-07, 7.611035620099069e-08, 5.596164525216664e-08, 4.090842844072072e-08, 2.9729979486565264e-08, 2.1600042242708495e-08, 1.5738645766132627e-08, 1.149701673062161e-08, 8.379310368819895e-09, 6.089138111918789e-09, 4.43981759658852e-09, 3.238555044874329e-09, 2.370396069927039e-09, 1.7285197378993986e-09, 1.256642199738828e-09, 9.126691558437279e-10, 6.552676050022013e-10, 4.699401240333557e-10, 3.368043292251043e-10, 2.4001085652648615e-10, 1.7130116209157577e-10, 1.2327340568029647e-10, 8.902701263237254e-11, 6.490422850379319e-11, 4.766525182241652e-11, 3.541156763897885e-11, 2.584520106531025e-11, 1.8718128530434737e-11, 1.3646622927669578e-11, 1.0142245903985717e-11, 7.393845458162075e-12, 5.253261088709185e-12, 3.7637859186059316e-12]
W_list: [9.2]
L_list: [3.3622956231312697]
