R_list= [ 1  2  3  4  5  6  7  8  9 10 11 12 13 14 15 16 17 18 19 20 21 22 23 24
 25 26 27 28 29 30 31 32 33 34 35 36 37 38]
C_final_list= [4.017552763971473e-07, 1.6158491241306504e-07, 5.156531324746533e-08, 1.4728189895648882e-08, 3.9821993664424484e-09, 1.0493709680555724e-09, 2.738846950899024e-10, 7.03555371962049e-11, 1.7679946742929312e-11, 4.37321133869431e-12, 1.0747836904336533e-12, 2.6445806171785045e-13, 6.651446314375e-14, 1.72903922425192e-14, 4.6370782147429035e-15, 1.2598949250447601e-15, 3.5275648692787994e-16, 1.0328279525207721e-16, 2.814428518867537e-17, 6.799676702613386e-18, 1.7661359240962123e-18, 5.045916708357797e-19, 1.3251864639245163e-19, 3.6372006896685773e-20, 1.27551293354224e-20, 5.2347738593063644e-21, 2.438526407930942e-21, 1.373829006540273e-21, 9.405475365774466e-22, 7.666350085559416e-22, 6.872372029619865e-22, 6.37101511066079e-22, 5.977798836182813e-22, 5.725813550556814e-22, 5.591354688879483e-22, 5.552311937986554e-22, 5.578397135435155e-22, 5.696673638508501e-22]
W_list: [6]
L_list: [1.0283358203599238]
