R_list= [ 1  2  3  4  5  6  7  8  9 10 11 12 13 14 15 16 17 18 19 20 21 22 23 24
 25 26 27 28 29 30 31 32 33 34 35 36 37 38]
C_final_list= [3.7708011849118196e-07, 3.169703217553772e-07, 2.627429378523305e-07, 2.1601329795540108e-07, 1.7751358500306206e-07, 1.454463561366018e-07, 1.1935896467431735e-07, 9.781681003008016e-08, 8.003500775592716e-08, 6.54618364657649e-08, 5.348350821217431e-08, 4.375079033177318e-08, 3.582304448262604e-08, 2.937300694726958e-08, 2.409615878422135e-08, 1.974414867739453e-08, 1.6164334771537174e-08, 1.3221688991808779e-08, 1.0802328248037814e-08, 8.798179951165189e-09, 7.168771103922144e-09, 5.831801099463748e-09, 4.730015824913968e-09, 3.827096097872654e-09, 3.0990114750417595e-09, 2.508967159172722e-09, 2.0296672032018946e-09, 1.6413651643953146e-09, 1.328553914889718e-09, 1.073095543200652e-09, 8.629558476326135e-10, 6.941990948184307e-10, 5.562180146341168e-10, 4.439603382864153e-10, 3.557057374974363e-10, 2.840100972002853e-10, 2.2756510342284151e-10, 1.8273640637556033e-10]
W_list: [9.0]
L_list: [5.14820182958626]
