R_list= [ 1  2  3  4  5  6  7  8  9 10 11 12 13 14 15 16 17 18 19 20 21 22 23 24
 25 26 27 28 29 30 31 32 33 34 35 36 37 38]
C_final_list= [2.133242119813393e-06, 1.8592362938664183e-06, 1.6025622773738613e-06, 1.3745744261059006e-06, 1.1767167283724588e-06, 1.0055601854680804e-06, 8.58144862555675e-07, 7.314755542803924e-07, 6.22963747629081e-07, 5.302596020100976e-07, 4.5117362795566737e-07, 3.8384248763905115e-07, 3.2636042401420794e-07, 2.773848550886981e-07, 2.3574229187620046e-07, 2.0026552852280436e-07, 1.6995535235509736e-07, 1.4430831270677042e-07, 1.2254798597816785e-07, 1.0402612445396464e-07, 8.824778773854334e-08, 7.486414300533431e-08, 6.349397953026871e-08, 5.3857010971267786e-08, 4.558235391873138e-08, 3.859982763516411e-08, 3.266608801238816e-08, 2.7660958417414563e-08, 2.3440362546118305e-08, 1.98476690668576e-08, 1.6812532650621283e-08, 1.4231362638657364e-08, 1.203732862892426e-08, 1.0185736910913311e-08, 8.632893180572738e-09, 7.303076700514283e-09, 6.178386647774423e-09, 5.2289276994861225e-09]
W_list: [8.4]
L_list: [6.408569895326907]
