R_list= [ 1  2  3  4  5  6  7  8  9 10 11 12 13 14 15 16 17 18 19 20 21 22 23 24
 25 26 27 28 29 30 31 32 33 34 35 36 37 38]
C_final_list= [6.028830808103012e-07, 4.942095097593641e-07, 4.0403394088345017e-07, 3.302298297821635e-07, 2.6956023778104934e-07, 2.1974248260534132e-07, 1.7811430442178878e-07, 1.4446444461924616e-07, 1.1713486482762837e-07, 9.498616544438804e-08, 7.694078762829075e-08, 6.214024897146792e-08, 5.032686609629313e-08, 4.08221529258886e-08, 3.304170268359463e-08, 2.6592935965507523e-08, 2.13604497461529e-08, 1.7171797925466734e-08, 1.375176033761011e-08, 1.0994980583990464e-08, 8.75956608209939e-09, 6.9620285386113754e-09, 5.538804995270083e-09, 4.4051381401076525e-09, 3.5075521164650324e-09, 2.80238736478868e-09, 2.245838747671529e-09, 1.7916019704270888e-09, 1.4267730677508195e-09, 1.1333580330816095e-09, 9.031556977212177e-10, 7.211905770276326e-10, 5.787136079437034e-10, 4.613961305414925e-10, 3.6691883810285337e-10, 2.928376449149016e-10, 2.329589214042021e-10, 1.8503186885678173e-10]
W_list: [7]
L_list: [4.881427481540629]
