R_list= [ 1  2  3  4  5  6  7  8  9 10 11 12 13 14 15 16 17 18 19 20 21 22 23 24
 25 26 27 28 29 30 31 32 33 34 35 36 37 38]
C_final_list= [6.384422671379855e-06, 5.453727190393781e-06, 4.617032763506696e-06, 3.892711382765063e-06, 3.275823955174254e-06, 2.7526532199982323e-06, 2.311784827177467e-06, 1.941751296952889e-06, 1.630383587531266e-06, 1.3681205880013525e-06, 1.1460191121771226e-06, 9.587756055272928e-07, 8.031823160787414e-07, 6.723723796467339e-07, 5.628064698058706e-07, 4.707153074880714e-07, 3.936216156132016e-07, 3.28667551878219e-07, 2.7440666308388474e-07, 2.291533250721453e-07, 1.9159330340910765e-07, 1.602173276710767e-07, 1.3394193491344046e-07, 1.1203489449458633e-07, 9.375395074736104e-08, 7.842047120093294e-08, 6.559780872231829e-08, 5.492133372235138e-08, 4.591503810637064e-08, 3.851613447968244e-08, 3.234911362194888e-08, 2.7157900196487436e-08, 2.2812026093689574e-08, 1.918844918949589e-08, 1.6091463367541585e-08, 1.3508065646632744e-08, 1.1321547038800829e-08, 9.49700548288956e-09]
W_list: [8.2]
L_list: [5.8160490143904875]
