C_final_list: [1.7875430146649935e-06, 1.6512385928325762e-06, 1.5223665955270695e-06, 1.4021166902572721e-06, 1.2926165132228849e-06, 1.1914390594802722e-06, 1.0979591524511964e-06, 1.0145752322867322e-06, 9.372239119929062e-07, 8.660345592205459e-07, 8.004444673036446e-07, 7.401509881805289e-07, 6.835368762788428e-07, 6.3148575622064e-07, 5.828793286348907e-07, 5.376913813595012e-07, 4.956093020209134e-07, 4.575951741682339e-07, 4.220088767810565e-07, 3.895284431541347e-07, 3.599788801150744e-07, 3.3182605941942385e-07, 3.058796808056266e-07, 2.817187691792299e-07, 2.5925166118139924e-07, 2.383829736208612e-07, 2.191201354863039e-07, 2.0136987106498065e-07, 1.8499191725122297e-07, 1.7007559228955988e-07, 1.5657329624629748e-07, 1.4400464169640107e-07, 1.3240614684138769e-07, 1.2167432534054896e-07, 1.1165411174583907e-07]
ndim2: 500
W_list: [3.2]
L_list: [12.4337357130703]
