R_list= [ 1  2  3  4  5  6  7  8  9 10 11 12 13 14 15 16 17 18 19 20 21 22 23 24
 25 26 27 28 29 30 31 32 33 34 35 36 37 38]
C_final_list= [3.3469508808855353e-05, 2.1239176925028228e-05, 1.3432120548325785e-05, 8.475985050606746e-06, 5.3406508868840655e-06, 3.3571728891789074e-06, 2.1111232481931875e-06, 1.328567184188357e-06, 8.339549888517888e-07, 5.249792472189818e-07, 3.2913118134855017e-07, 2.0710070850187408e-07, 1.3042735885897834e-07, 8.16961326671048e-08, 5.104490604264709e-08, 3.190639882669995e-08, 1.995321849696557e-08, 1.2546567436293606e-08, 7.87872853625167e-09, 4.938361736163331e-09, 3.092577132669452e-09, 1.969946245623799e-09, 1.2529357844891316e-09, 7.870440222842273e-10, 4.918523214678584e-10, 3.089079235759482e-10, 1.9418183316257262e-10, 1.2208687995862905e-10, 7.77701361507811e-11, 4.9141876349627985e-11, 3.1015689264408954e-11, 2.0053195782648886e-11, 1.3194722419156413e-11, 8.688193279206302e-12, 5.744275339126574e-12, 3.881967953702456e-12, 2.4739602347187072e-12, 1.5916948093962291e-12]
W_list: [8.5]
L_list: [2.182459179160742]
