R_list= [ 1  2  3  4  5  6  7  8  9 10 11 12 13 14 15 16 17 18 19 20 21 22 23 24
 25 26 27 28 29 30 31 32 33 34 35 36 37 38]
C_final_list= [1.1694204198235035e-06, 8.043308274769537e-07, 5.594316150032795e-07, 3.888924694618274e-07, 2.700140382291661e-07, 1.882356631473871e-07, 1.31220719409794e-07, 9.043946813814485e-08, 6.231477815494247e-08, 4.30546697343066e-08, 2.993782540480625e-08, 2.063589086748731e-08, 1.4235508054652645e-08, 9.814494562608486e-09, 6.711459632420037e-09, 4.624448198986906e-09, 3.141668192709725e-09, 2.162632825072021e-09, 1.4612558488840408e-09, 1.0048573948651934e-09, 7.070644181720319e-10, 4.861737196625254e-10, 3.3748881102797303e-10, 2.2881104628813105e-10, 1.5821073569003953e-10, 1.0860807870304088e-10, 7.496451526478459e-11, 4.988457906159538e-11, 3.3000804590197084e-11, 2.297735548830264e-11, 1.583500718691853e-11, 1.0727842489126918e-11, 7.525149407487689e-12, 5.100269656552852e-12, 3.3378960795355843e-12, 2.1965284466572133e-12, 1.4257987311607769e-12, 9.102929402503592e-13]
W_list: [6.4]
L_list: [2.7280367223069395]
