R_list= [ 1  2  3  4  5  6  7  8  9 10 11 12 13 14 15 16 17 18 19 20 21 22 23 24
 25 26 27 28 29 30 31 32 33 34 35 36 37 38]
C_final_list= [8.054804527820047e-07, 5.80527534219027e-07, 4.279436536563962e-07, 3.202615057621683e-07, 2.4032921270938213e-07, 1.8044154652389082e-07, 1.3507697463470352e-07, 1.008301130135904e-07, 7.558733070349603e-08, 5.643255764030462e-08, 4.1899326458572125e-08, 3.1184116786535664e-08, 2.3250531318235232e-08, 1.725244637641487e-08, 1.2777495782809678e-08, 9.446363580044616e-09, 6.958757844449642e-09, 5.129698732175907e-09, 3.78673505503496e-09, 2.7863638409871383e-09, 2.0428191901099196e-09, 1.4969921969106124e-09, 1.0968262935442243e-09, 8.010500551139039e-10, 5.809289481812013e-10, 4.2343723752748684e-10, 3.092950289436144e-10, 2.2409103054214137e-10, 1.6189464369551132e-10, 1.1656006478187192e-10, 8.38945892392064e-11, 6.028398567453936e-11, 4.374441398965428e-11, 3.1603250889401767e-11, 2.2805649424883692e-11, 1.6582757123381583e-11, 1.2081149474126364e-11, 8.639640125331286e-12]
W_list: [6]
L_list: [3.3285873555982697]
