C_final_list: [7.432038435869632e-07, 7.043131026050269e-07, 6.655737479017447e-07, 6.274299342505875e-07, 5.902025128078795e-07, 5.548754814653594e-07, 5.211236714960811e-07, 4.893436988890045e-07, 4.5932625550722307e-07, 4.310322921267608e-07, 4.042191867794942e-07, 3.7888952145538824e-07, 3.547952281618759e-07, 3.321723409723984e-07, 3.1077880512265433e-07, 2.9096573903250983e-07, 2.721478132822516e-07, 2.544155044276693e-07, 2.379026023572083e-07, 2.2255393168000105e-07, 2.0806440346630583e-07, 1.945348947785066e-07, 1.81963541810564e-07, 1.7013524989122531e-07, 1.5899283881740857e-07, 1.4853138106055206e-07, 1.386903247221261e-07, 1.2948615063752346e-07, 1.2089511930638328e-07, 1.1288427028415186e-07, 1.0528169464057887e-07, 9.824943642038482e-08, 9.164222666523057e-08, 8.545487401402591e-08, 7.970529906317318e-08, 7.426522278365798e-08, 6.921187439558283e-08, 6.4499893963679e-08, 6.004302015536994e-08, 5.593653488481644e-08, 5.210251949750196e-08, 4.853296908901474e-08, 4.523278678761018e-08, 4.2146798969287425e-08, 3.926806304893898e-08, 3.6586768505330513e-08, 3.406920241650873e-08, 3.168350007117996e-08, 2.9469156438599865e-08, 2.7434879584443702e-08]
ndim2: 500
W_list: [4.2]
L_list: [15.411758667033281]
