R_list= [ 1  2  3  4  5  6  7  8  9 10 11 12 13 14 15 16 17 18 19 20 21 22 23 24
 25 26 27 28 29 30 31 32 33 34 35 36 37 38]
C_final_list= [7.973850914306926e-07, 5.314389269378527e-07, 3.578351181148371e-07, 2.4562787348476577e-07, 1.687037650706465e-07, 1.1603725181880148e-07, 8.01149695456525e-08, 5.526805082827121e-08, 3.822505620269807e-08, 2.6234163973466648e-08, 1.7871155040174215e-08, 1.220478473955336e-08, 8.299648862482001e-09, 5.644364910894164e-09, 3.835661079746849e-09, 2.595499475759171e-09, 1.748391368142324e-09, 1.172466837697111e-09, 7.931387185183343e-10, 5.404565668737524e-10, 3.6744660852525857e-10, 2.49621217977692e-10, 1.6848384000805117e-10, 1.133146742067731e-10, 7.641442478545142e-11, 5.207265663430476e-11, 3.5553435415449487e-11, 2.3959712232302097e-11, 1.6301354002180927e-11, 1.0963421253481464e-11, 7.47580576496278e-12, 5.139325026934096e-12, 3.5126531642847038e-12, 2.3547243190986124e-12, 1.558885629034231e-12, 1.0290866745716942e-12, 6.814642433995147e-13, 4.4577104525898234e-13]
W_list: [6]
L_list: [2.5678571721421357]
