C_final_list: [1.5470924161132102e-06, 1.4871121169512542e-06, 1.4282050243490108e-06, 1.3715734761956026e-06, 1.316224194475556e-06, 1.263125757110645e-06, 1.2123541555209372e-06, 1.1634583824051369e-06, 1.1160738491556018e-06, 1.070400672818984e-06, 1.0272446498197421e-06, 9.84996128646785e-07, 9.448102986428157e-07, 9.06321309017947e-07, 8.690463232844868e-07, 8.328879913545394e-07, 7.983007168058702e-07, 7.65408032988074e-07, 7.336087933344444e-07, 7.026879431225594e-07, 6.73012702617243e-07, 6.444978326976839e-07, 6.172914210747075e-07, 5.913962146205724e-07, 5.667544022335969e-07, 5.429059431804156e-07, 5.199707850848607e-07, 4.981443436275665e-07, 4.770287763215892e-07, 4.5710162235311543e-07, 4.3804844602358787e-07, 4.1976145264822184e-07, 4.021835351152022e-07, 3.8522242628456825e-07, 3.6873789956695733e-07]
ndim2: 500
W_list: [2.8]
L_list: [23.81898924006062]
