C_final_list: [1.379628957038595e-06, 1.212847215271882e-06, 1.0643409363392047e-06, 9.342053570170768e-07, 8.215728440460094e-07, 7.219281016364258e-07, 6.351177810999069e-07, 5.586902429052494e-07, 4.911096865717241e-07, 4.303412816406374e-07, 3.7666551740192427e-07, 3.2921309526951463e-07, 2.8637327119419336e-07, 2.493859669214087e-07, 2.1749571935846695e-07, 1.8957643064027472e-07, 1.6503497577241896e-07, 1.4370843034456615e-07, 1.2520375488150605e-07, 1.0894697984019606e-07, 9.493364436478909e-08, 8.253412496722931e-08, 7.193943149657416e-08, 6.278990794450533e-08, 5.465260968848744e-08, 4.740108114724484e-08, 4.1139247662776194e-08, 3.5702770606072963e-08, 3.101299239906247e-08, 2.6943721734496395e-08, 2.3313025745997385e-08, 2.020588634408414e-08, 1.7548500859879906e-08, 1.519044798110352e-08, 1.3135003785823656e-08]
ndim2: 500
W_list: [4.0]
L_list: [7.604972889198323]
