R_list= [ 1  2  3  4  5  6  7  8  9 10 11 12 13 14 15 16 17 18 19 20 21 22 23 24
 25 26 27 28 29 30 31 32 33 34 35 36 37 38]
C_final_list= [3.125565011938918e-07, 2.571029017358105e-07, 2.0846219805451182e-07, 1.6757139089158084e-07, 1.3459210331933774e-07, 1.0784991086300752e-07, 8.64420386946966e-08, 6.916964067071896e-08, 5.527054001852485e-08, 4.4050353307755244e-08, 3.514583530172859e-08, 2.7975361792625778e-08, 2.2258166751445133e-08, 1.76901982245945e-08, 1.4000653136354948e-08, 1.1029409372644512e-08, 8.652128996418679e-09, 6.769614953205038e-09, 5.262865101735487e-09, 4.085557722337843e-09, 3.1765616759083487e-09, 2.466180529422742e-09, 1.911541856022732e-09, 1.4829580180313177e-09, 1.1519223949658524e-09, 8.946141647179559e-10, 6.977693974081535e-10, 5.450956036529806e-10, 4.253919726877259e-10, 3.307407600457539e-10, 2.5643949142587233e-10, 1.9891194106399185e-10, 1.536017444713093e-10, 1.1822629188195703e-10, 9.129280209333698e-11, 7.067267136991503e-11, 5.446170609177886e-11, 4.189630949816776e-11]
W_list: [9.4]
L_list: [4.615752233234059]
