C_final_list: [1.5785370966528344e-06, 1.4154828149501704e-06, 1.2677773198934274e-06, 1.1353579855919527e-06, 1.0166668437943253e-06, 9.091883934843336e-07, 8.125327200965567e-07, 7.252862039952967e-07, 6.479896544578718e-07, 5.770595609406121e-07, 5.150954590024553e-07, 4.6021533929614814e-07, 4.0947966743819354e-07, 3.641850076380756e-07, 3.2469193771734274e-07, 2.891777601335835e-07, 2.573472263395972e-07, 2.2880217560798179e-07, 2.0311599394454995e-07, 1.8026065816795052e-07, 1.603627169346168e-07, 1.4289074371408618e-07, 1.2721336135312716e-07, 1.1328819289379582e-07, 1.0068209268447178e-07, 8.960923610602587e-08, 7.979686206110425e-08, 7.109295173566725e-08, 6.322162927477978e-08, 5.6073049656579734e-08, 4.9715158977280723e-08, 4.4070755376039916e-08, 3.8958330024589284e-08, 3.4471357881956886e-08, 3.052968458132275e-08, 2.710291212934686e-08, 2.4097452722982996e-08, 2.1461181485330193e-08, 1.9099781900923902e-08, 1.7009886689820878e-08, 1.513658045993622e-08, 1.3432304912125689e-08, 1.1941453326737232e-08, 1.0577090681544888e-08, 9.37628625606658e-09, 8.310226409356816e-09, 7.364815408774425e-09, 6.509173481361231e-09, 5.729049925284148e-09, 5.0429563114746215e-09]
ndim2: 500
W_list: [3.8]
L_list: [8.825447121959092]
