C_final_list: [1.653275017933951e-06, 1.3268410935413727e-06, 1.0647177391786888e-06, 8.557332183508103e-07, 6.854798343281583e-07, 5.496542148725709e-07, 4.4155090572028276e-07, 3.545531067280809e-07, 2.816463485177117e-07, 2.2354815246193408e-07, 1.7751533164285517e-07, 1.417354946186958e-07, 1.1294278381241746e-07, 8.980384752218943e-08, 7.126835092699382e-08, 5.68224809496835e-08, 4.496734456235944e-08, 3.561465216235804e-08, 2.816864993743475e-08, 2.2435932760861868e-08, 1.782025426484155e-08, 1.409502963141754e-08, 1.1098953084681999e-08, 8.74214046469458e-09, 6.885859468134513e-09, 5.46118467642036e-09, 4.312677109571042e-09, 3.3831356782213393e-09, 2.6653247825967307e-09, 2.1106889991909925e-09, 1.669135571440866e-09, 1.3180586446226335e-09, 1.0341269276775914e-09, 8.160720869356522e-10, 6.475631433797808e-10, 5.081841065970341e-10, 3.988360615307756e-10, 3.12532471493137e-10, 2.4579687057646505e-10, 1.9276578047820528e-10, 1.5213955993679788e-10, 1.2100357732076757e-10, 9.574087065175391e-11, 7.590309623361458e-11, 5.932621405855632e-11, 4.673824245580812e-11, 3.6119854846855705e-11, 2.8323927710010615e-11, 2.24025247365363e-11, 1.8050981349098817e-11]
ndim2: 500
W_list: [4.0]
L_list: [4.514578827453348]
