C_final_list: [1.6750472748655984e-06, 1.3594575161929314e-06, 1.091835907598671e-06, 8.743838831627476e-07, 6.978236269325867e-07, 5.579278296756823e-07, 4.45528439783124e-07, 3.5567772269138706e-07, 2.82466200952473e-07, 2.2430754069304527e-07, 1.7853959111637434e-07, 1.417788372182595e-07, 1.12478075046832e-07, 8.85138359567829e-08, 7.012789685877633e-08, 5.529516082950812e-08, 4.387275709498832e-08, 3.4749774306996654e-08, 2.7371445450755528e-08, 2.150843053216834e-08, 1.692271153703655e-08, 1.3294754606765607e-08, 1.0479358106051472e-08, 8.279624043471792e-09, 6.538384495155073e-09, 5.147370931326698e-09, 4.0527991243135915e-09, 3.1852019664199404e-09, 2.5022044777804598e-09, 1.964412760503074e-09, 1.5589083973047216e-09, 1.2300605987514738e-09, 9.80179603658447e-10, 7.739640396032183e-10, 6.131142660378825e-10, 4.826706987887711e-10, 3.824402910609166e-10, 3.0602960498705656e-10, 2.4313346177226716e-10, 1.950240817253506e-10, 1.5431933841418113e-10, 1.2187735465877763e-10, 9.630680771264837e-11, 7.676280521128139e-11, 6.081418092113162e-11, 4.8971607131332174e-11, 3.975397595662478e-11, 3.168255964673515e-11, 2.5076540043926242e-11, 1.9575725054254062e-11]
ndim2: 500
W_list: [4.0]
L_list: [4.4969710559610165]
