R_list= [ 1  2  3  4  5  6  7  8  9 10 11 12 13 14 15 16 17 18 19 20 21 22 23 24
 25 26 27 28 29 30 31 32 33 34 35 36 37 38]
C_final_list= [2.7804026212145024e-05, 2.05540741935641e-05, 1.5063985836993061e-05, 1.1015009504013523e-05, 8.050955030300284e-06, 5.866088380234008e-06, 4.272367049168498e-06, 3.115019587934686e-06, 2.2645939661243e-06, 1.643038888301405e-06, 1.1912073708357077e-06, 8.641321838595423e-07, 6.261362524327914e-07, 4.5581013319112045e-07, 3.3286622655227767e-07, 2.428966749062351e-07, 1.7744184793779516e-07, 1.2935015078601197e-07, 9.420401651475286e-08, 6.876741919153417e-08, 4.996459731581196e-08, 3.629730429469007e-08, 2.6302977443926937e-08, 1.9016396684771667e-08, 1.3750540080331224e-08, 9.928302514883492e-09, 7.16969736735105e-09, 5.155504498410964e-09, 3.71704850628778e-09, 2.6910113651701957e-09, 1.931116428531418e-09, 1.394047393629717e-09, 1.0062053939342595e-09, 7.290446137331158e-10, 5.324673789398695e-10, 3.89775728361999e-10, 2.8586612004400466e-10, 2.0762077596210904e-10]
W_list: [8.5]
L_list: [3.213058295319676]
