C_final_list: [1.23665310739864e-06, 1.1482281112678656e-06, 1.0641397973312146e-06, 9.867475729230052e-07, 9.132258067446901e-07, 8.460384936312167e-07, 7.835069828022271e-07, 7.249112389147558e-07, 6.708247788207669e-07, 6.203581932315752e-07, 5.733809349076471e-07, 5.300781018664372e-07, 4.907060528046608e-07, 4.53298841934859e-07, 4.189733770566978e-07, 3.8726501976727604e-07, 3.574754051848734e-07, 3.297980351063473e-07, 3.0434977000231146e-07, 2.806160238578838e-07, 2.5873466671209014e-07, 2.3848111734528396e-07, 2.1965713543487363e-07, 2.0209480240260943e-07, 1.8598057038729026e-07, 1.7113395046163177e-07, 1.5754894850019106e-07, 1.4506314804152258e-07, 1.334435266348784e-07, 1.226934841889576e-07, 1.129085453010186e-07, 1.0370336249916905e-07, 9.520721658565346e-08, 8.742044450711976e-08, 8.028221198059554e-08, 7.375879348970693e-08, 6.773743947698678e-08, 6.225559970994274e-08, 5.718477827947293e-08, 5.255632241332648e-08, 4.8298715623189634e-08, 4.4447905664635005e-08, 4.08918467437327e-08, 3.766928945697282e-08, 3.468316983282075e-08, 3.19169537990091e-08, 2.9339348194806517e-08, 2.6974770767096517e-08, 2.4775800981238156e-08, 2.2738808421520478e-08]
ndim2: 500
W_list: [4.0]
L_list: [12.69524079176627]
