C_list:
1.3730391157748708e-06 0.18129571000089217
ndim2: 500
W_list: [3.6]
L_list: [5.515850319872869]
