R_list= [ 1  2  3  4  5  6  7  8  9 10 11 12 13 14 15 16 17 18 19 20 21 22 23 24
 25 26 27 28 29 30 31 32 33 34 35 36 37 38]
C_final_list= [1.3193219880228823e-06, 1.244241764303457e-06, 1.1797474118926832e-06, 1.1158517818176378e-06, 1.0566407830057691e-06, 1.0000662085325512e-06, 9.46162579618251e-07, 8.954452981016557e-07, 8.475237320452186e-07, 8.02062174643051e-07, 7.588815512131132e-07, 7.17508634967146e-07, 6.784388221276058e-07, 6.413515689109619e-07, 6.062487044861217e-07, 5.73196349239272e-07, 5.419374035761916e-07, 5.121306640107099e-07, 4.836283564611324e-07, 4.569934530264541e-07, 4.316871223680844e-07, 4.078726412700429e-07, 3.8543105561643817e-07, 3.6427720263155056e-07, 3.4429985301083967e-07, 3.254530232450754e-07, 3.075535167987483e-07, 2.9072305994156974e-07, 2.747344262804438e-07, 2.595819547135871e-07, 2.4520505810459166e-07, 2.3158950470475327e-07, 2.1860482227583652e-07, 2.063360237998463e-07, 1.948194756376121e-07, 1.8387741573327655e-07, 1.73459537925512e-07, 1.636347046200359e-07]
W_list: [5]
L_list: [17.8812557255669]
