R_list= [ 1  2  3  4  5  6  7  8  9 10 11 12 13 14 15 16 17 18 19 20 21 22 23 24
 25 26 27 28 29 30 31 32 33 34 35 36 37 38]
C_final_list= [2.7066262694862146e-06, 2.4090430292729617e-06, 2.124609541978799e-06, 1.8665207411918015e-06, 1.6362300938252169e-06, 1.433297313690366e-06, 1.2547315489711844e-06, 1.0979477511120023e-06, 9.60880976822085e-07, 8.407769596035308e-07, 7.356227054648503e-07, 6.432514777056135e-07, 5.622297800977296e-07, 4.913773341489286e-07, 4.292121699695677e-07, 3.7503944502000385e-07, 3.278549212436773e-07, 2.866143733892754e-07, 2.5041200416390516e-07, 2.186866286309477e-07, 1.9098132824586302e-07, 1.6674434478048197e-07, 1.45609384474174e-07, 1.2709838387308475e-07, 1.108588298721894e-07, 9.675384423298423e-08, 8.434355434262153e-08, 7.347572179369668e-08, 6.400593771609032e-08, 5.5769235834541415e-08, 4.8606519248105084e-08, 4.239169980735447e-08, 3.6914316931462965e-08, 3.213331464761627e-08, 2.7974769138693704e-08, 2.4352905553878543e-08, 2.120462427582114e-08, 1.8444593002914634e-08]
W_list: [8.0]
L_list: [7.601441799000698]
