R_list= [ 1  2  3  4  5  6  7  8  9 10 11 12 13 14 15 16 17 18 19 20 21 22 23 24
 25 26 27 28 29 30 31 32]
C_final_list= [7.795196090214611e-07, 7.286787522851352e-07, 6.786164432973503e-07, 6.311860773720791e-07, 5.871188198236722e-07, 5.454599227510042e-07, 5.067092856223233e-07, 4.7069507788434976e-07, 4.372825139552372e-07, 4.0612558399259086e-07, 3.7742215881803434e-07, 3.5049197590745565e-07, 3.252586071194164e-07, 3.020447954955897e-07, 2.80483347205548e-07, 2.604592911218517e-07, 2.417386979043879e-07, 2.2427196953481968e-07, 2.0792805579791125e-07, 1.9269666476356404e-07, 1.7859463837127604e-07, 1.6548958669245866e-07, 1.5317247042786318e-07, 1.4176503255511586e-07, 1.3119680317146743e-07, 1.2140050879780319e-07, 1.1227511469486316e-07, 1.0380280471557947e-07, 9.593400033824854e-08, 8.866094356333332e-08, 8.189167441701297e-08, 7.564536604334617e-08]
W_list: [6]
L_list: [13.514557075293412]
