C_final_list: [1.779704780665117e-06, 1.7571443191755326e-06, 1.734931002515525e-06, 1.7132888267629186e-06, 1.6923028298833172e-06, 1.671866942351528e-06, 1.6516502699030065e-06, 1.6317707836038627e-06, 1.6120607496228526e-06, 1.5927143051962198e-06, 1.5736651580161492e-06, 1.554927473046114e-06, 1.5365608913601844e-06, 1.5183277926956884e-06, 1.5001927251386945e-06, 1.4822941503366396e-06, 1.464666017610013e-06, 1.447258774503814e-06, 1.429915357536176e-06, 1.4128420467456724e-06, 1.39596078103799e-06, 1.379341153053724e-06, 1.3627378516265906e-06, 1.3466469627618554e-06, 1.3306508541463286e-06, 1.3148600391124134e-06, 1.2990489257971337e-06, 1.2835137673252174e-06, 1.2681536912921565e-06, 1.253006318014695e-06, 1.238027876944338e-06, 1.2232067302817772e-06, 1.208649876220289e-06, 1.1942817369064476e-06, 1.18010519643783e-06, 1.1662071079527738e-06, 1.1523081386992181e-06, 1.1385595935929407e-06, 1.1249320187668246e-06, 1.1112944679624897e-06, 1.0978063657251392e-06, 1.0846304714628913e-06, 1.071663963169971e-06, 1.058900085929129e-06, 1.0462019765461662e-06, 1.0336970900654862e-06, 1.0212891961738188e-06, 1.0091483179542962e-06, 9.972671570652382e-07, 9.855113939191346e-07]
ndim2: 500
W_list: [2.8]
L_list: [83.12773795609725]
