R_list= [ 1  2  3  4  5  6  7  8  9 10 11 12 13 14 15 16 17 18 19 20 21 22 23 24
 25 26 27 28 29 30 31 32 33 34 35 36 37 38]
C_final_list= [3.3808352486704412e-06, 2.7624542591283505e-06, 2.2337750414618016e-06, 1.7991772448821536e-06, 1.4452724240575924e-06, 1.16155088239685e-06, 9.341470738460728e-07, 7.521873345127408e-07, 6.050409619623181e-07, 4.858005054050803e-07, 3.8990573441810066e-07, 3.1159838221551665e-07, 2.4895565979448747e-07, 1.9881097573894446e-07, 1.584485572106671e-07, 1.2636228154588022e-07, 1.0078020732410819e-07, 8.029053224010346e-08, 6.397629401714477e-08, 5.1050904185697595e-08, 4.071788188473988e-08, 3.2543419015023016e-08, 2.600517370028219e-08, 2.0776709215234557e-08, 1.6642647196146783e-08, 1.336677429822878e-08, 1.0703932468761565e-08, 8.563095402412417e-09, 6.8232499909744665e-09, 5.412479595526767e-09, 4.3061816062946135e-09, 3.4193656673924073e-09, 2.716912210118605e-09, 2.158036012242087e-09, 1.7230909101599869e-09, 1.3776014435616218e-09, 1.1036577157707786e-09, 8.873460463108271e-10]
W_list: [8.2]
L_list: [4.64058990207367]
