R_list= [ 1  2  3  4  5  6  7  8  9 10 11 12 13 14 15 16 17 18 19 20 21 22 23 24
 25 26 27 28 29 30 31 32 33 34 35 36 37 38]
C_final_list= [1.31304434583368e-06, 1.2495809880750015e-06, 1.192242464901531e-06, 1.1365399941322621e-06, 1.083526584638226e-06, 1.0318877438046975e-06, 9.828790646079967e-07, 9.363707071245883e-07, 8.919096770803956e-07, 8.500058263023704e-07, 8.099258332617718e-07, 7.719658551297616e-07, 7.356833634864837e-07, 7.009996645223777e-07, 6.679052265466333e-07, 6.360723440214552e-07, 6.057883167105843e-07, 5.765484248079787e-07, 5.48599798787877e-07, 5.219736026942328e-07, 4.965937209315779e-07, 4.724797626676559e-07, 4.494449700119022e-07, 4.273991393635729e-07, 4.065299619568404e-07, 3.866780483367122e-07, 3.67757456338312e-07, 3.4968011748023173e-07, 3.323225026200617e-07, 3.15987112056236e-07, 3.0054784389660697e-07, 2.861160101370795e-07, 2.72190114549357e-07, 2.589300023035559e-07, 2.4643241956809e-07, 2.3438881322010506e-07, 2.229188480990008e-07, 2.1193227264907783e-07]
W_list: [5]
L_list: [20.442650813343924]
