R_list= [ 1  2  3  4  5  6  7  8  9 10 11 12 13 14 15 16 17 18 19 20 21 22 23 24
 25 26 27 28 29 30 31 32 33 34 35 36 37 38]
C_final_list= [5.933341105024295e-07, 5.370059019037834e-07, 4.824169955964479e-07, 4.324147474667151e-07, 3.86789429985666e-07, 3.4567228053299766e-07, 3.086789586095354e-07, 2.754533140456945e-07, 2.458081928164673e-07, 2.1939315887166745e-07, 1.958040014681124e-07, 1.7443968163216708e-07, 1.553750788663721e-07, 1.38546090099741e-07, 1.2342682903980806e-07, 1.0988852447171247e-07, 9.782009924004421e-08, 8.707967149009568e-08, 7.749195387570609e-08, 6.894388534104489e-08, 6.128582042099673e-08, 5.4403811879482116e-08, 4.826258042714882e-08, 4.274106405905474e-08, 3.7852127877128145e-08, 3.350149235275346e-08, 2.9701955160974068e-08, 2.631520815389198e-08, 2.3335304930727946e-08, 2.066545504971345e-08, 1.8310948170796525e-08, 1.6224150728963256e-08, 1.4357960879652809e-08, 1.2697973322656547e-08, 1.1223743834719437e-08, 9.913262954351585e-09, 8.752677846509154e-09, 7.706111200055901e-09]
W_list: [7.2]
L_list: [8.855670867139484]
