C_final_list: [1.6880475306240655e-06, 1.392084060970898e-06, 1.1396444047524863e-06, 9.337454569939203e-07, 7.624472605697835e-07, 6.184371516688548e-07, 5.040061576872869e-07, 4.1032633629818555e-07, 3.3577313337909016e-07, 2.726502585931442e-07, 2.217193674047499e-07, 1.8110384040210298e-07, 1.4753814045739783e-07, 1.2084042043459149e-07, 9.812420124019902e-08, 7.986977636060279e-08, 6.500758938198554e-08, 5.271136443921929e-08, 4.292727437317815e-08, 3.494841185537976e-08, 2.8565913545509796e-08, 2.3286523809610326e-08, 1.8964713397722056e-08, 1.53851380785421e-08, 1.2493836857840474e-08, 1.015741935753562e-08, 8.201173875010582e-09, 6.551240136412149e-09, 5.2777404612842285e-09, 4.2469457781299865e-09, 3.4523551884591426e-09, 2.775897777609494e-09, 2.234469138336984e-09, 1.7962699470998645e-09, 1.4448168131276283e-09]
ndim2: 500
W_list: [3.4000000000000004]
L_list: [4.947401307165465]
