C_final_list: [2.0127512706825354e-06, 1.957672581109002e-06, 1.9194339694922643e-06, 1.8745460541326259e-06, 1.8307898707272134e-06, 1.7894434693585567e-06, 1.7486863017085802e-06, 1.7086082640213776e-06, 1.6702352456569117e-06, 1.6319207383666764e-06, 1.594497113791931e-06, 1.557721745150401e-06, 1.521688564749029e-06, 1.4860298860536956e-06, 1.4510860736568388e-06, 1.4166436495099826e-06, 1.3832477134975248e-06, 1.3504417782000566e-06, 1.3187943977290193e-06, 1.2876723475985384e-06, 1.2575176864612815e-06, 1.227755504514241e-06, 1.1986343816950822e-06, 1.1704993538880443e-06, 1.142943778320534e-06, 1.1158387951093712e-06, 1.0892429520922138e-06, 1.0627500996283633e-06, 1.0366983483630632e-06, 1.0115776378267288e-06, 9.869633260633144e-07, 9.625025261166919e-07, 9.388443283216367e-07, 9.158298285849038e-07, 8.935550913616216e-07]
ndim2: 500
W_list: [1.2]
L_list: [42.22645660907868]
