R_list= [ 1  2  3  4  5  6  7  8  9 10 11 12 13 14 15 16 17 18 19 20 21 22 23 24
 25 26 27 28 29 30 31 32 33 34 35 36 37 38]
C_final_list= [7.732713007813397e-07, 6.747456756937307e-07, 5.917440026155202e-07, 5.227640414332084e-07, 4.6225654796858427e-07, 4.0769304252119006e-07, 3.589422313831382e-07, 3.156725913369354e-07, 2.773318844740798e-07, 2.4358519055100197e-07, 2.1396557668239613e-07, 1.880002466926994e-07, 1.6511964482120902e-07, 1.4485805865042785e-07, 1.2696010297150454e-07, 1.1114413906574207e-07, 9.733945718507586e-08, 8.528602578993105e-08, 7.477231623124273e-08, 6.555593282945114e-08, 5.7432654555171166e-08, 5.024843258309928e-08, 4.3911146864289525e-08, 3.8384036652811296e-08, 3.353845621106025e-08, 2.9299714976166487e-08, 2.5590566881496066e-08, 2.2317813962112847e-08, 1.9438009979450317e-08, 1.6908992608944837e-08, 1.4698855232506838e-08, 1.2794421075478158e-08, 1.115168050814545e-08, 9.716110561877732e-09, 8.458896276202626e-09, 7.357254915994941e-09, 6.401594154193741e-09, 5.575770357053663e-09]
W_list: [5]
L_list: [7.7669540115653]
