R_list= [ 1  2  3  4  5  6  7  8  9 10 11 12 13 14 15 16 17 18 19 20 21 22 23 24
 25 26 27 28 29 30 31 32 33 34 35 36 37 38]
C_final_list= [2.702122067793465e-07, 1.7552747761645477e-07, 9.852859302152295e-08, 5.0611960313032074e-08, 2.4573818206183986e-08, 1.1524354334008963e-08, 5.29115005366002e-09, 2.395128634782546e-09, 1.0715769253323543e-09, 4.759455260407944e-10, 2.1032932794241475e-10, 9.246615058517019e-11, 4.078188858656322e-11, 1.8068339483989208e-11, 7.999567905707788e-12, 3.529889088754121e-12, 1.5389447100480353e-12, 6.560120574633647e-13, 2.7667050887205335e-13, 1.1797048479342023e-13, 5.111639652839234e-14, 2.2496169846589643e-14, 9.881102991516446e-15, 4.2608907380022385e-15, 1.83953505584464e-15, 8.108523792040424e-16, 3.548838180900233e-16, 1.498631100296299e-16, 6.210149719643435e-17, 2.5837745586039488e-17, 1.0737279262403553e-17, 4.517699451233212e-18, 1.9980394884643595e-18, 9.942034091788965e-19, 6.237398014295112e-19, 5.011783563246382e-19, 4.362898155859094e-19, 3.50833532625064e-19]
W_list: [4]
L_list: [1.85511967844485]
