C_final_list: [1.8131273731918775e-06, 1.6754090339284507e-06, 1.5415384134169027e-06, 1.4202107322227603e-06, 1.3091677342430417e-06, 1.2078224697007459e-06, 1.1132153761751385e-06, 1.0261192966606668e-06, 9.442699938415029e-07, 8.693214549929172e-07, 8.000752910770277e-07, 7.369605754103584e-07, 6.789421633082042e-07, 6.252902412259659e-07, 5.759346365829298e-07, 5.309268270573291e-07, 4.89904794852119e-07, 4.515647085470325e-07, 4.1594909345306284e-07, 3.8284827254122234e-07, 3.530749703975849e-07, 3.250657183219995e-07, 2.9931407946904325e-07, 2.756586820740398e-07, 2.5388612956359057e-07, 2.337492253297712e-07, 2.1491836450739075e-07, 1.9774231843835256e-07, 1.8173547478601643e-07, 1.6722239984137954e-07, 1.5391104457755646e-07, 1.4159658690005867e-07, 1.3023379965653588e-07, 1.19634978206144e-07, 1.0990767315870359e-07, 1.0090554859056133e-07, 9.256322808928417e-08, 8.48154541300751e-08, 7.766090771365798e-08, 7.113399750791891e-08, 6.513083028073042e-08, 5.959727277225833e-08, 5.4493536362526425e-08, 4.978423070056501e-08, 4.550213090200633e-08, 4.162431784324965e-08, 3.808475582256169e-08, 3.4822644851004485e-08, 3.1868529438106164e-08, 2.9196020772823036e-08]
ndim2: 500
W_list: [3.3499999999999996]
L_list: [12.177487388017935]
