R_list= [ 1  2  3  4  5  6  7  8  9 10 11 12 13 14 15 16 17 18 19 20 21 22 23 24
 25 26 27 28 29 30 31 32 33 34 35 36 37 38]
C_final_list= [5.814379077168172e-06, 4.91853029735328e-06, 4.1184138460867725e-06, 3.4352910392088806e-06, 2.859433839633002e-06, 2.376999819191217e-06, 1.97176402558379e-06, 1.6369897684280001e-06, 1.35903456896207e-06, 1.1293059641323228e-06, 9.376873175156438e-07, 7.791753473408206e-07, 6.472695520273236e-07, 5.375541164164326e-07, 4.4690318099572625e-07, 3.7098070568971227e-07, 3.078511759087503e-07, 2.553962199909546e-07, 2.1180337845761916e-07, 1.7550817323208833e-07, 1.4551159427847783e-07, 1.204957541355193e-07, 9.968208657114751e-08, 8.23234723609693e-08, 6.793884784548039e-08, 5.606643763175482e-08, 4.6291912906534266e-08, 3.8286956025395295e-08, 3.172814236416986e-08, 2.6282870711321662e-08, 2.1785977272989597e-08, 1.8054858274799782e-08, 1.4989583900217822e-08, 1.2443783164613082e-08, 1.033205331683601e-08, 8.577932568036109e-09, 7.119904955961997e-09, 5.914829716743287e-09]
W_list: [8.4]
L_list: [5.49090108715719]
