R_list= [ 1  2  3  4  5  6  7  8  9 10 11 12 13 14 15 16 17 18 19 20 21 22 23 24
 25 26 27 28 29 30 31 32 33 34 35 36 37 38]
C_final_list= [6.409156387994877e-06, 5.471363598393959e-06, 4.625043709946815e-06, 3.891928872077423e-06, 3.2683487099460313e-06, 2.743384798628256e-06, 2.300053470867399e-06, 1.9255182662375623e-06, 1.6104886048475382e-06, 1.347917733414932e-06, 1.1282010316166007e-06, 9.435334874337786e-07, 7.887920161424497e-07, 6.589213392750464e-07, 5.505335630716036e-07, 4.602585406196282e-07, 3.847846116239111e-07, 3.2211169121175226e-07, 2.697739177640352e-07, 2.2597142820738053e-07, 1.891637283222903e-07, 1.581919644227015e-07, 1.3220863132177453e-07, 1.1040786014181818e-07, 9.210749064460425e-08, 7.680459509937161e-08, 6.394708293737858e-08, 5.334309151471182e-08, 4.44522568331647e-08, 3.702007897697057e-08, 3.083097150734027e-08, 2.5683492537122687e-08, 2.137756749966168e-08, 1.775664851309181e-08, 1.4759314550447399e-08, 1.2301233582629702e-08, 1.0262604314252562e-08, 8.565368377542332e-09]
W_list: [8.2]
L_list: [5.759322844838247]
