R_list= [ 1  2  3  4  5  6  7  8  9 10 11 12 13 14 15 16 17 18 19 20 21 22 23 24
 25 26 27 28 29 30 31 32 33 34 35 36 37 38]
C_final_list= [2.224875419824505e-06, 1.9714623976080493e-06, 1.8014694858074185e-06, 1.6577305093903656e-06, 1.5271310555690963e-06, 1.4058239394387322e-06, 1.2919650297052305e-06, 1.1894537041404647e-06, 1.09498817376972e-06, 1.0053550686251423e-06, 9.224058890173917e-07, 8.473479583366992e-07, 7.786489451319904e-07, 7.154063004249663e-07, 6.57600449976325e-07, 6.043358586386365e-07, 5.556000263107638e-07, 5.11046389478884e-07, 4.698027914376908e-07, 4.313110403003173e-07, 3.9560858637030643e-07, 3.6315830921565685e-07, 3.3326329387587234e-07, 3.0591761696853946e-07, 2.806870547270319e-07, 2.570931810643616e-07, 2.3501260381042673e-07, 2.1508402796581432e-07, 1.9685311416831501e-07, 1.7990539119282778e-07, 1.6427907346132674e-07, 1.499512695758257e-07, 1.3679737272284535e-07, 1.2481967520581076e-07, 1.1382418109605271e-07, 1.0378121097372277e-07, 9.470776436731534e-08, 8.640945545452446e-08]
W_list: [4]
L_list: [11.678603225330868]
