R_list= [ 1  2  3  4  5  6  7  8  9 10 11 12 13 14 15 16 17 18 19 20 21 22 23 24
 25 26 27 28 29 30 31 32 33 34 35 36 37 38]
C_final_list= [1.0153479558609053e-06, 6.748203019918843e-07, 4.4694747197814677e-07, 2.925616664065291e-07, 1.938695466263743e-07, 1.2742899205130774e-07, 8.334316911964315e-08, 5.4018193229587373e-08, 3.558918107565774e-08, 2.3150796728440236e-08, 1.5071651810955318e-08, 9.806279424745412e-09, 6.36746082302043e-09, 4.146301912545577e-09, 2.672963752282145e-09, 1.7064562482554217e-09, 1.0878197317245875e-09, 6.970100908922398e-10, 4.3933046143048185e-10, 2.7799443635880173e-10, 1.795073874129733e-10, 1.170904647220435e-10, 7.863994367406775e-11, 5.11786750670869e-11, 3.285927052414778e-11, 2.1441633815032617e-11, 1.3647086000650581e-11, 8.772559210522403e-12, 5.695621624821721e-12, 3.5977831693864295e-12, 2.2398388189327825e-12, 1.4378233442914001e-12, 8.89653533286864e-13, 5.823474407490857e-13, 3.4485356412578025e-13, 2.329705940822296e-13, 1.4863814516790382e-13, 9.00440502409706e-14]
W_list: [7.0]
L_list: [2.4137646128531927]
