R_list= [ 1  2  3  4  5  6  7  8  9 10 11 12 13 14 15 16 17 18 19 20 21 22 23 24
 25 26 27 28 29 30 31 32 33 34 35 36 37 38]
C_final_list= [2.6718347968353754e-07, 2.400283566300103e-07, 2.1340359556352851e-07, 1.8869070198263867e-07, 1.6618233126069226e-07, 1.4607663353012185e-07, 1.2826220109954302e-07, 1.1242905472171858e-07, 9.84459676511881e-08, 8.604669563915347e-08, 7.522785068623863e-08, 6.570573849995432e-08, 5.737230638952598e-08, 5.011692885870308e-08, 4.381358057125453e-08, 3.830437790480203e-08, 3.347172793684501e-08, 2.925179259628522e-08, 2.551570960624301e-08, 2.222087881338195e-08, 1.9346418089748905e-08, 1.685396991278972e-08, 1.4661308422889115e-08, 1.273432730088744e-08, 1.1059093354397716e-08, 9.591350278169056e-09, 8.31836400935689e-09, 7.209564315709599e-09, 6.238028110818575e-09, 5.404392392744955e-09, 4.672162463249907e-09, 4.037317298847234e-09, 3.4895209157092e-09, 3.0198176704465127e-09, 2.6176321015034806e-09, 2.2700609430418392e-09, 1.967867023925704e-09, 1.7073520622314915e-09]
W_list: [8.4]
L_list: [7.749487661612486]
