C_list:
1.1210902127936487e-06 0.09670969961500031
ndim2: 500
W_list: [3.2]
L_list: [10.340224444714265]
