C_final_list: [1.4718999884303285e-06, 1.3975243226688383e-06, 1.325391881782542e-06, 1.2572018861921e-06, 1.1917707767285003e-06, 1.1291683608816492e-06, 1.0700328376039463e-06, 1.0126983777713442e-06, 9.587742679922648e-07, 9.076879412057488e-07, 8.591341731193513e-07, 8.129397507666847e-07, 7.691583766408785e-07, 7.280874180646563e-07, 6.896223974412654e-07, 6.534750358756777e-07, 6.194525010909795e-07, 5.875082366431284e-07, 5.568554714031413e-07, 5.276368620123731e-07, 5.001242277670383e-07, 4.7380934238576917e-07, 4.488089541446465e-07, 4.248737490405743e-07, 4.0174548631629935e-07, 3.7974271275970917e-07, 3.589439274167524e-07, 3.3925353708279926e-07, 3.208097434650679e-07, 3.031642410843903e-07, 2.864847959971863e-07, 2.70530402000183e-07, 2.5544184811617803e-07, 2.411121386019567e-07, 2.2761322317472106e-07, 2.1495768265238244e-07, 2.030068264951225e-07, 1.915232525942352e-07, 1.807972558581964e-07, 1.7069278594135313e-07, 1.6110535936663312e-07, 1.5197371368925244e-07, 1.4337022051310863e-07, 1.3521195393245402e-07, 1.2738777955066308e-07, 1.1993777254599748e-07, 1.1297475110397887e-07, 1.0637089980758268e-07, 1.001216980740669e-07, 9.427764911002083e-08]
ndim2: 500
W_list: [3.6]
L_list: [18.267677248140853]
