C_final_list: [1.5734523547046929e-06, 1.4117210676798738e-06, 1.2665397845941032e-06, 1.1352252594069898e-06, 1.01804299425812e-06, 9.143917884488748e-07, 8.205573917219309e-07, 7.361380319786386e-07, 6.603000844330128e-07, 5.911571306032678e-07, 5.293303274877206e-07, 4.7385353209361845e-07, 4.2428955689652283e-07, 3.7963870911676175e-07, 3.402505289164857e-07, 3.0473616250724236e-07, 2.728013529037769e-07, 2.4330516569025383e-07, 2.169478032354604e-07, 1.9309874825182098e-07, 1.7166888448556857e-07, 1.5244473327611037e-07, 1.3545686713673223e-07, 1.201120723872378e-07, 1.0673217866487629e-07, 9.483901449595729e-08, 8.417202162548988e-08, 7.477813184686815e-08, 6.645178011737051e-08, 5.894378520664802e-08, 5.220732410219143e-08, 4.621290422551425e-08, 4.093075596035473e-08, 3.625557775822549e-08, 3.211845856990814e-08, 2.8431833341902886e-08, 2.520552229508157e-08, 2.2301349061075077e-08, 1.969113868188516e-08, 1.7386197783459208e-08, 1.5310552979609257e-08, 1.3483852317059946e-08, 1.186397688166043e-08, 1.0402093712820416e-08, 9.148157953191635e-09, 8.07081214482029e-09, 7.113222623308532e-09, 6.283618956545424e-09, 5.547499267633297e-09, 4.897842052970082e-09]
ndim2: 500
W_list: [3.8]
L_list: [9.073484496127184]
