R_list= [ 1  2  3  4  5  6  7  8  9 10 11 12 13 14 15 16 17 18 19 20 21 22 23 24
 25 26 27 28 29 30 31 32 33 34 35 36 37 38]
C_final_list= [2.605238388921705e-06, 2.3151697947786806e-06, 2.0379863951566982e-06, 1.7869085438546236e-06, 1.5636074343979084e-06, 1.367233132629464e-06, 1.1954645655387245e-06, 1.0441862357005969e-06, 9.128936303712148e-07, 7.969714049467364e-07, 6.958320227682428e-07, 6.076571918960881e-07, 5.296043694486601e-07, 4.609606702298117e-07, 4.009251179008277e-07, 3.4886847195092523e-07, 3.033733225393183e-07, 2.637290093228535e-07, 2.29110257133531e-07, 1.9899387217522036e-07, 1.728488228896367e-07, 1.5002571924435276e-07, 1.3023207765354107e-07, 1.1304739733315326e-07, 9.808205129608165e-08, 8.509221952533786e-08, 7.382669747066027e-08, 6.405412611509201e-08, 5.559890176403839e-08, 4.824379440067776e-08, 4.188101726134122e-08, 3.637366225646695e-08, 3.157021809289032e-08, 2.7430781403613997e-08, 2.38701253323873e-08, 2.0790786514886403e-08, 1.811830463390193e-08, 1.5796425694022895e-08]
W_list: [8.05]
L_list: [7.47969911490742]
