R_list= [ 1  2  3  4  5  6  7  8  9 10 11 12 13 14 15 16 17 18 19 20 21 22 23 24
 25 26 27 28 29 30 31 32 33 34 35 36 37 38]
C_final_list= [3.6929552461922166e-07, 3.127723461630828e-07, 2.6508949659655215e-07, 2.238381264759074e-07, 1.8886223486378097e-07, 1.590984679585625e-07, 1.3375581117454787e-07, 1.1265178516995515e-07, 9.472586154284107e-08, 7.96902288284048e-08, 6.69613610504757e-08, 5.6174815321444824e-08, 4.713644878771171e-08, 3.937585815977799e-08, 3.281430254028479e-08, 2.74120613383148e-08, 2.292397825770688e-08, 1.915645018914659e-08, 1.5963602293089704e-08, 1.3282169146096227e-08, 1.1034118012307444e-08, 9.15613619368601e-09, 7.591839458195006e-09, 6.2879026508946994e-09, 5.195549320065998e-09, 4.2885357589487505e-09, 3.5425030620448245e-09, 2.9113560457065717e-09, 2.397470318873336e-09, 1.9766024372813287e-09, 1.6348315710354682e-09, 1.3531106321400114e-09, 1.1190768547991024e-09, 9.253066739959069e-10, 7.642920087589369e-10, 6.308114759780071e-10, 5.229550585412782e-10, 4.348512668833358e-10]
W_list: [7]
L_list: [5.840580010158358]
