R_list= [ 1  2  3  4  5  6  7  8  9 10 11 12 13 14 15 16 17 18 19 20 21 22 23 24
 25 26 27 28 29 30 31 32 33 34 35 36 37 38]
C_final_list= [3.146096562216849e-07, 2.8937194952387784e-07, 2.641937432568943e-07, 2.401937314700969e-07, 2.179854210389984e-07, 1.9744233268285535e-07, 1.7856330175344122e-07, 1.612918280511679e-07, 1.457177223627081e-07, 1.3154903773896693e-07, 1.1861154072083739e-07, 1.068445330122698e-07, 9.613380144684326e-08, 8.642777954241554e-08, 7.772285080847268e-08, 6.978207201679274e-08, 6.266053852899632e-08, 5.626281241866969e-08, 5.053952113546771e-08, 4.538648572040956e-08, 4.076987009897943e-08, 3.665658393752597e-08, 3.2952984269657795e-08, 2.9609168297087884e-08, 2.659316603193273e-08, 2.3882718963422533e-08, 2.143736129256839e-08, 1.9215171264068704e-08, 1.7215520751129163e-08, 1.5439643570786065e-08, 1.3835872319840752e-08, 1.2387315682139496e-08, 1.1085431941011252e-08, 9.921321289931599e-09, 8.871894436231005e-09, 7.932704971396218e-09, 7.094531980790402e-09, 6.347578644159445e-09]
W_list: [7.2]
L_list: [9.874171239098178]
