C_final_list: [1.919721598251881e-06, 1.8013863512903446e-06, 1.6864078241049758e-06, 1.5767331286111323e-06, 1.474860153161948e-06, 1.3804692754295732e-06, 1.2918911031842696e-06, 1.2094377477223483e-06, 1.1332911521718606e-06, 1.063103082438975e-06, 9.963271852407477e-07, 9.341196964186778e-07, 8.754485505963452e-07, 8.192916156874943e-07, 7.670647292754594e-07, 7.175484965170404e-07, 6.718808837410396e-07, 6.289195460814936e-07, 5.884079207504019e-07, 5.50279400244504e-07, 5.142671209051112e-07, 4.805088868261213e-07, 4.4857241069756573e-07, 4.191248039354742e-07, 3.9160388374571864e-07, 3.6615930965626405e-07, 3.420724213608826e-07, 3.194522384319954e-07, 2.9812264664303543e-07, 2.7824747442328665e-07, 2.5935703486797123e-07, 2.417610798604292e-07, 2.2520845061899326e-07, 2.1009197817137943e-07, 1.9608000601379977e-07, 1.8303597442551178e-07, 1.7079670244965723e-07, 1.596277408357077e-07, 1.4916370814596768e-07, 1.3926473597511276e-07, 1.3001679746515957e-07, 1.2124565207670204e-07, 1.1318818774427349e-07, 1.0561277803958047e-07, 9.864864303343647e-08, 9.216793207711294e-08, 8.60429744059959e-08, 8.045066278119173e-08, 7.51028366621812e-08, 7.009975722374262e-08]
ndim2: 500
W_list: [3.05]
L_list: [15.06229550615544]
