R_list= [ 1  2  3  4  5  6  7  8  9 10 11 12 13 14 15 16 17 18 19 20 21 22 23 24
 25 26 27 28 29 30 31 32 33 34 35 36 37 38]
C_final_list= [9.850808161295708e-07, 8.4731696186334e-07, 7.320166756083685e-07, 6.308378115158512e-07, 5.43496264844454e-07, 4.6738329341442535e-07, 4.0233182054423584e-07, 3.4648277726560717e-07, 2.9847234031379195e-07, 2.571192674676836e-07, 2.214439039931147e-07, 1.9109297959335307e-07, 1.6496017802837833e-07, 1.420818076986931e-07, 1.223166186845022e-07, 1.0508059655246769e-07, 9.005764495674303e-08, 7.691489225008213e-08, 6.584945052086518e-08, 5.643030637124863e-08, 4.854129120048671e-08, 4.175865116345816e-08, 3.59227528658476e-08, 3.094379235708074e-08, 2.6518484051637145e-08, 2.2733084355091964e-08, 1.9450608940589213e-08, 1.6663332625159547e-08, 1.4263125793659956e-08, 1.2208188414144346e-08, 1.043937102392607e-08, 8.9148511681788e-09, 7.60425355213067e-09, 6.5063427501798544e-09, 5.561738205843828e-09, 4.757671371793127e-09, 4.068014040142091e-09, 3.4845524399457213e-09]
W_list: [6]
L_list: [6.694331386328963]
