C_list:
1.965119699325275e-06 0.06348754574787273
ndim2: 500
W_list: [1.4]
L_list: [15.751120762665597]
