R_list= [ 1  2  3  4  5  6  7  8  9 10 11 12 13 14 15 16 17 18 19 20 21 22 23 24
 25 26 27 28 29 30 31 32 33 34 35 36 37 38]
C_final_list= [5.263124519979813e-07, 4.2890187588375543e-07, 3.4452668780912904e-07, 2.7782423343559176e-07, 2.2424044585098907e-07, 1.8055808950433467e-07, 1.4501874259599925e-07, 1.1631872775051667e-07, 9.316197822009422e-08, 7.444232420111574e-08, 5.934251885527185e-08, 4.715151298007178e-08, 3.74191914713174e-08, 2.976891563930867e-08, 2.3744443516915365e-08, 1.891356528373363e-08, 1.500638636588637e-08, 1.186154762078265e-08, 9.377870594070347e-09, 7.414252844872391e-09, 5.868951458170793e-09, 4.661662273866055e-09, 3.7040089745623793e-09, 2.9394861380946456e-09, 2.3286652136681985e-09, 1.8428159364721348e-09, 1.4543662710015595e-09, 1.1487642198448801e-09, 9.088946424494581e-10, 7.185350087337656e-10, 5.669540779662119e-10, 4.483554933730569e-10, 3.5573363185823903e-10, 2.822953896168123e-10, 2.227496326487639e-10, 1.7457164120668414e-10, 1.3626147745259505e-10, 1.0622316193891575e-10]
W_list: [5]
L_list: [4.6087677729281555]
