R_list= [ 1  2  3  4  5  6  7  8  9 10 11 12 13 14 15 16 17 18 19 20 21 22 23 24
 25 26 27 28 29 30 31 32 33 34 35 36 37 38]
C_final_list= [4.294327326371022e-07, 2.671102358180391e-07, 1.4071657141254095e-07, 6.726996791212794e-08, 3.042281996129999e-08, 1.3315224788848923e-08, 5.713048161292e-09, 2.421168483149702e-09, 1.0172498911661492e-09, 4.245129955611557e-10, 1.7648478308530406e-10, 7.350004851315211e-11, 3.088415909035208e-11, 1.3217797124441729e-11, 5.836545727944611e-12, 2.715785156935759e-12, 1.378055526288998e-12, 8.266779050368399e-13, 5.670817964615057e-13, 3.53336218923923e-13, 2.375401855344457e-13, 1.4757401787988566e-13, 7.29482992995229e-14, 3.190276537249391e-14, 1.4097721417427728e-14, 6.502429646659721e-15, 3.4956421382460184e-15, 2.1093888948489185e-15, 1.104127687915001e-15, 4.3075325868582213e-16, 1.644772696497476e-16, 6.046280298394133e-17, 2.238564503766765e-17, 8.45873560638981e-18, 3.209900455659933e-18, 1.188221012472945e-18, 4.356729864394832e-19, 1.67412687315228e-19]
W_list: [4]
L_list: [1.7150345824348379]
