C_list:
8.335801460775336e-07 0.05771920818334549
ndim2: 500
W_list: [3.0]
L_list: [17.32525499697592]
