R_list= [ 1  2  3  4  5  6  7  8  9 10 11 12 13 14 15 16 17 18 19 20 21 22 23 24
 25 26 27 28 29 30 31 32 33 34 35 36 37 38]
C_final_list= [3.2099530341631064e-07, 2.930489484360473e-07, 2.6532254340022223e-07, 2.391158530724688e-07, 2.1483904673520137e-07, 1.9269109874070104e-07, 1.727014988285341e-07, 1.545757501457818e-07, 1.3823151059333765e-07, 1.2359682134808343e-07, 1.1052629032403097e-07, 9.887321925236537e-08, 8.839162306779585e-08, 7.893735236478308e-08, 7.041958769694185e-08, 6.279548654796767e-08, 5.5959701928109446e-08, 4.9837204183463085e-08, 4.4377401190849804e-08, 3.951844644264833e-08, 3.5161592229243594e-08, 3.126135749709532e-08, 2.7750491894377948e-08, 2.4628575920371725e-08, 2.183132874981288e-08, 1.9336531145778608e-08, 1.7131346604263935e-08, 1.5176961619127852e-08, 1.3440822383975102e-08, 1.1902330540303954e-08, 1.0532749420882186e-08, 9.321199386824588e-09, 8.250217361071096e-09, 7.299103077033468e-09, 6.460197491431463e-09, 5.7161952555428876e-09, 5.059820508967932e-09, 4.478748488813341e-09]
W_list: [8.0]
L_list: [9.120008904266214]
