R_list= [ 1  2  3  4  5  6  7  8  9 10 11 12 13 14 15 16 17 18 19 20 21 22 23 24
 25 26 27 28 29 30 31 32 33 34 35 36 37 38]
C_final_list= [1.2145065724638025e-06, 8.222128456154591e-07, 5.552250807256041e-07, 3.745385461438251e-07, 2.5321737176097893e-07, 1.704584816055355e-07, 1.1541506543127825e-07, 7.754846008154324e-08, 5.17714264869664e-08, 3.4931302205357845e-08, 2.3498639040421344e-08, 1.572289233220674e-08, 1.050681097109934e-08, 7.062362843801098e-09, 4.722574077345371e-09, 3.2046141408532624e-09, 2.1425810142600108e-09, 1.4359545065657792e-09, 9.63589406523969e-10, 6.392621634592215e-10, 4.2469351775406875e-10, 2.814753845992857e-10, 1.884509794860379e-10, 1.2448713196619147e-10, 8.148944237515644e-11, 5.206903922666e-11, 3.367484397733266e-11, 2.1674596355550356e-11, 1.4169838689457653e-11, 9.284276212198089e-12, 5.998947159229728e-12, 3.920151691745475e-12, 2.4692557392362597e-12, 1.5885896881444771e-12, 1.0638121749275273e-12, 6.852307017853956e-13, 4.4333096967339155e-13, 2.8587552075558495e-13]
W_list: [7.2]
L_list: [2.5491750915080162]
