R_list= [ 1  2  3  4  5  6  7  8  9 10 11 12 13 14 15 16 17 18 19 20 21 22 23 24
 25 26 27 28 29 30 31 32 33 34 35 36 37 38]
C_final_list= [1.617974037536696e-07, 6.332120493865505e-08, 1.94596585408232e-08, 5.279881970936071e-09, 1.34946546478358e-09, 3.3370407690255186e-10, 8.181315759324396e-11, 2.0319489112118083e-11, 5.0395735197961604e-12, 1.2552903165321191e-12, 3.105513533614261e-13, 7.84791164618662e-14, 1.9728711131355293e-14, 4.79684932121543e-15, 1.1416473053918284e-15, 2.7122502880964915e-16, 6.213202399044345e-17, 1.390231076266357e-17, 3.1072891881301984e-18, 6.995725369057894e-19, 1.6295163263870627e-19, 4.100470701493273e-20, 1.1786958241881342e-20, 4.035274204571138e-21, 1.6764470074854624e-21, 8.856942805448807e-22, 5.886033558730987e-22, 4.422219542662358e-22, 3.6617782855608837e-22, 3.361598620547196e-22, 3.2334665344148617e-22, 3.191885224863143e-22, 3.1502874919596167e-22, 3.143335500163356e-22, 3.1707057200078373e-22, 3.1683951618190095e-22, 3.199277989451366e-22, 3.2057156081740245e-22]
W_list: [6]
L_list: [1.0009442182213033]
