R_list= [ 1  2  3  4  5  6  7  8  9 10 11 12 13 14 15 16 17 18 19 20 21 22 23 24
 25 26 27 28 29 30 31 32 33 34 35 36 37 38]
C_final_list= [4.14637114575692e-07, 3.7937781149349987e-07, 3.4426448917092084e-07, 3.1112243780698724e-07, 2.8064533371316757e-07, 2.5291845044315976e-07, 2.2805902292153817e-07, 2.0546779655390142e-07, 1.8496402848405112e-07, 1.664236272789314e-07, 1.498270438275363e-07, 1.3489251743671966e-07, 1.21460711089793e-07, 1.0920595659910543e-07, 9.795251477381752e-08, 8.773240553398954e-08, 7.847483805227163e-08, 7.006761883648991e-08, 6.258041743063461e-08, 5.591159707866564e-08, 4.996503497241488e-08, 4.463248883998502e-08, 3.9889275282322314e-08, 3.568972722699219e-08, 3.194570658861845e-08, 2.858516641396113e-08, 2.55722529619675e-08, 2.286823520088951e-08, 2.0447034482542992e-08, 1.8277790327492345e-08, 1.6330900296048157e-08, 1.4587952042923228e-08, 1.3031299046356524e-08, 1.163383048840128e-08, 1.0378652585325298e-08, 9.25883717644005e-09, 8.259054860205849e-09, 7.367297099291785e-09]
W_list: [7]
L_list: [9.547980873685795]
