C_final_list: [2.0184036004745514e-06, 1.748182424156461e-06, 1.510728540832462e-06, 1.303977523207787e-06, 1.1292211156330758e-06, 9.755328666323315e-07, 8.449630041906592e-07, 7.295418996631062e-07, 6.336283941818971e-07, 5.490957632087786e-07, 4.748627537527523e-07, 4.119380727811561e-07, 3.563672976016274e-07, 3.080250366361826e-07, 2.656428267071564e-07, 2.2871167368183743e-07, 1.9703439219680965e-07, 1.7006574118022325e-07, 1.465570626209275e-07, 1.2601715202241287e-07, 1.0855545264464073e-07, 9.348539657697093e-08, 8.037258799437921e-08, 6.944787737161653e-08, 5.968937907764172e-08, 5.1320111752302885e-08, 4.405132335861766e-08, 3.779863559100043e-08, 3.227827687704096e-08, 2.755482877116426e-08, 2.3504231286273016e-08, 2.0093695834506058e-08, 1.7211894839711295e-08, 1.4716690710165245e-08, 1.2539103391612563e-08, 1.0659929615552115e-08, 9.083967173925707e-09, 7.754262143792487e-09, 6.60864489198329e-09, 5.628699301229074e-09, 4.807725102711206e-09, 4.104870047179661e-09, 3.4843162960930724e-09, 2.965423120093702e-09, 2.524176024747487e-09, 2.1530465801677657e-09, 1.8287666775622338e-09, 1.5531173405538587e-09, 1.3251934758741174e-09, 1.135484581574729e-09]
ndim2: 500
W_list: [3.1999999999999997]
L_list: [6.884790269719166]
