C_final_list: [1.4452269691303768e-06, 1.2546021598250473e-06, 1.083387897571058e-06, 9.358265764107168e-07, 8.070493134891079e-07, 6.961856876160268e-07, 6.005285881493573e-07, 5.182277816588419e-07, 4.481097647498459e-07, 3.8672949341840535e-07, 3.3260046873071675e-07, 2.853610078119339e-07, 2.4431879557363313e-07, 2.0948694284128284e-07, 1.797459313416354e-07, 1.5371795546981203e-07, 1.3150080584115286e-07, 1.1259537946441563e-07, 9.634604510987669e-08, 8.22176798730191e-08, 7.031482763429926e-08, 6.010685896477259e-08, 5.150778405904743e-08, 4.4037615279662724e-08, 3.76607598482502e-08, 3.21533265118986e-08, 2.7465887285694316e-08, 2.3478441896718396e-08, 2.007968619931506e-08, 1.7234087485352203e-08, 1.4744513461576084e-08, 1.2659203322188823e-08, 1.0839011521294952e-08, 9.310101695823318e-09, 7.979866349244634e-09, 6.821028470285896e-09, 5.811681945525228e-09, 4.953467715020856e-09, 4.235453909077624e-09, 3.6132145764421517e-09, 3.07762933429713e-09, 2.622075381169721e-09, 2.238148807258494e-09, 1.9155903269980818e-09, 1.6324406111441645e-09, 1.3940221973861053e-09, 1.191875725185857e-09, 1.0118307477490445e-09, 8.619011316164673e-10, 7.321503820985985e-10]
ndim2: 500
W_list: [4.2]
L_list: [6.741843212083247]
