R_list= [ 1  2  3  4  5  6  7  8  9 10 11 12 13 14 15 16 17 18 19 20 21 22 23 24
 25 26 27 28 29 30 31 32 33 34 35 36 37 38]
C_final_list= [2.641937077171417e-07, 2.4046234738031315e-07, 2.1706210424496846e-07, 1.9499302172791166e-07, 1.7470638407290113e-07, 1.563272488337838e-07, 1.3960506741797038e-07, 1.2445327025974994e-07, 1.1075143655282842e-07, 9.842022536535043e-08, 8.743964043895873e-08, 7.765446428330808e-08, 6.89434615439635e-08, 6.111337190070636e-08, 5.408878998290553e-08, 4.792566133268649e-08, 4.246720276962614e-08, 3.759365611575935e-08, 3.322871759404311e-08, 2.9351981969073902e-08, 2.5918489029440034e-08, 2.2908892279129764e-08, 2.0242767901758538e-08, 1.788855591133826e-08, 1.580236724542304e-08, 1.3938737753247208e-08, 1.2304692144953348e-08, 1.0867690248957997e-08, 9.603637955785553e-09, 8.486013190018582e-09, 7.503356902476838e-09, 6.64397163098277e-09, 5.88899048877251e-09, 5.218037826372526e-09, 4.625366718447554e-09, 4.092036564650019e-09, 3.614231328454609e-09, 3.1929063248013087e-09]
W_list: [7.6000000000000005]
L_list: [8.768783294200682]
