R_list= [ 1  2  3  4  5  6  7  8  9 10 11 12 13 14 15 16 17 18 19 20 21 22 23 24
 25 26 27 28 29 30 31 32 33 34 35 36 37 38]
C_final_list= [3.262018208779666e-05, 2.506021780032932e-05, 1.9082956103016655e-05, 1.449235921231615e-05, 1.1016451445481396e-05, 8.356717792439108e-06, 6.337204143051136e-06, 4.795486742207521e-06, 3.6301025811966918e-06, 2.7487025821989895e-06, 2.081012704442235e-06, 1.5756621069068887e-06, 1.1904553417164723e-06, 9.009705635161852e-07, 6.837260994509172e-07, 5.186167579055087e-07, 3.9312101520693967e-07, 2.9851823517111877e-07, 2.2661070890673677e-07, 1.7264470436751993e-07, 1.3152609527480069e-07, 1.0024510862850877e-07, 7.64798945624609e-08, 5.808606542968345e-08, 4.415520423952401e-08, 3.354100199625687e-08, 2.538565025472431e-08, 1.925931333201559e-08, 1.468847810079781e-08, 1.120716854703624e-08, 8.549743363076135e-09, 6.562140831604572e-09, 5.056038699973285e-09, 3.884585335086171e-09, 2.980141995230152e-09, 2.2680712955177734e-09, 1.7257746157276914e-09, 1.3216002744853344e-09]
W_list: [8.0]
L_list: [3.6617804491242345]
