C_final_list: [1.7976375253145959e-06, 1.7396726196639575e-06, 1.6822181505392287e-06, 1.6259195136554283e-06, 1.5729551525974843e-06, 1.5216679610323799e-06, 1.4719802970392859e-06, 1.4244649662202176e-06, 1.378501915928492e-06, 1.334085481304648e-06, 1.2910179874115842e-06, 1.2499532310452055e-06, 1.209769385034533e-06, 1.1703921566022548e-06, 1.1322493757398854e-06, 1.0946934200952973e-06, 1.0582346992622796e-06, 1.0228059047386375e-06, 9.88704114717572e-07, 9.559653021171304e-07, 9.239993245248454e-07, 8.929303014913995e-07, 8.630164698558711e-07, 8.342794746889007e-07, 8.061029403317309e-07, 7.789565821371886e-07, 7.524251962024878e-07, 7.264795225418758e-07, 7.016361319108192e-07, 6.774804556210863e-07, 6.541492949559489e-07, 6.313367560791112e-07, 6.093405177532245e-07, 5.88043125082639e-07, 5.673434041428871e-07, 5.475537310564652e-07, 5.282172520301522e-07, 5.09489419539471e-07, 4.915408145905197e-07, 4.741534191778089e-07, 4.5723639787718255e-07, 4.4102671136567747e-07, 4.2546502980627984e-07, 4.10564072462341e-07, 3.96255496479303e-07, 3.8218701783411304e-07, 3.686306250311706e-07, 3.55338733104196e-07, 3.4246096897890245e-07, 3.2995235633615184e-07]
ndim2: 500
W_list: [3.0999999999999996]
L_list: [29.41599857420281]
