R_list= [ 1  2  3  4  5  6  7  8  9 10 11 12 13 14 15 16 17 18 19 20 21 22 23 24
 25 26 27 28 29 30 31 32 33 34 35 36 37 38]
C_final_list= [9.71363406297279e-07, 8.473102996812832e-07, 7.416896245818714e-07, 6.480424621225657e-07, 5.676400187307528e-07, 4.963100439881389e-07, 4.339331690303338e-07, 3.7864661636751857e-07, 3.2987824297076097e-07, 2.8752823622149783e-07, 2.5047694094065827e-07, 2.179331429548031e-07, 1.895121282523644e-07, 1.6426296837011254e-07, 1.425579237238955e-07, 1.2361888889838745e-07, 1.0725617006773516e-07, 9.298673632380366e-08, 8.032953477148222e-08, 6.951382302270096e-08, 6.020940159553913e-08, 5.212304224566774e-08, 4.511551832848355e-08, 3.8969290857215716e-08, 3.3686652412294807e-08, 2.9106814659605925e-08, 2.5185261840286456e-08, 2.1770137522127364e-08, 1.879040715546603e-08, 1.6226402782338452e-08, 1.404882074864551e-08, 1.2155960349579698e-08, 1.049916817285899e-08, 9.059503637965286e-09, 7.810037136850501e-09, 6.753506282894711e-09, 5.842173398175363e-09, 5.047687185875867e-09]
W_list: [6]
L_list: [7.3196980489985135]
