C_final_list: [1.4463685876386195e-06, 1.4181171976429792e-06, 1.389594555072767e-06, 1.36203551106733e-06, 1.3350043368993592e-06, 1.3086299629469607e-06, 1.282667474422368e-06, 1.2572260015035384e-06, 1.2325103286226012e-06, 1.2084238733590848e-06, 1.1848529461772735e-06, 1.161721690943553e-06, 1.1393533870368068e-06, 1.11738691454981e-06, 1.095709608602231e-06, 1.0746899195945104e-06, 1.053968512734188e-06, 1.033479370292382e-06, 1.0134155345727276e-06, 9.936379516225532e-07, 9.744456239954892e-07, 9.555644081476241e-07, 9.369396694007912e-07, 9.188592032105614e-07, 9.010529986944511e-07, 8.836152102581964e-07, 8.666524256657619e-07, 8.497747528849617e-07, 8.333827722215864e-07, 8.171721246521078e-07, 8.012609669212092e-07, 7.857126514993775e-07, 7.70421314510245e-07, 7.554641573089697e-07, 7.406963431988526e-07, 7.262862112485887e-07, 7.120823911864454e-07, 6.981822923708805e-07, 6.845545736008844e-07, 6.710575949284738e-07, 6.579214696547776e-07, 6.449186944009631e-07, 6.319969409038197e-07, 6.193785184943393e-07, 6.068563045240067e-07, 5.945104372751931e-07, 5.824871596665955e-07, 5.707427698640884e-07, 5.59245081464243e-07, 5.480213788099096e-07]
ndim2: 500
W_list: [3.25]
L_list: [50.800121640305505]
