R_list= [ 1  2  3  4  5  6  7  8  9 10 11 12 13 14 15 16 17 18 19 20 21 22 23 24
 25 26 27 28 29 30 31 32 33 34 35 36 37 38]
C_final_list= [1.3836068441989213e-06, 1.120642070226976e-06, 9.346121021442624e-07, 7.859909108523293e-07, 6.599297191624893e-07, 5.542629728463573e-07, 4.650797073603572e-07, 3.9047351830156584e-07, 3.2775411747239563e-07, 2.747272424401921e-07, 2.3044595877790405e-07, 1.933427333553293e-07, 1.6209621445553292e-07, 1.3533826304563739e-07, 1.1269109785870107e-07, 9.374279789997523e-08, 7.790543453586312e-08, 6.460703581528069e-08, 5.362489841646132e-08, 4.4582789109175624e-08, 3.710237802523765e-08, 3.079966592364626e-08, 2.5506842461678263e-08, 2.108137480857355e-08, 1.7442441826012766e-08, 1.4440274251758236e-08, 1.19250551473375e-08, 9.85868014412438e-09, 8.17254716410496e-09, 6.765084195873773e-09, 5.591075024820995e-09, 4.628503265508668e-09, 3.82303080998271e-09, 3.159716806862107e-09, 2.618404519545193e-09, 2.1693421005854906e-09, 1.78786105784105e-09, 1.471155912414287e-09]
W_list: [5]
L_list: [5.571324937634707]
