R_list= [ 1  2  3  4  5  6  7  8  9 10 11 12 13 14 15 16 17 18 19 20 21 22 23 24
 25 26 27 28 29 30 31 32 33 34 35 36 37 38]
C_final_list= [2.084395488777777e-06, 1.919163563970331e-06, 1.8099970259070937e-06, 1.7115488289342874e-06, 1.6133674958782633e-06, 1.5231216233754497e-06, 1.4397772121400686e-06, 1.360327170539246e-06, 1.2846237406435857e-06, 1.2142002512269427e-06, 1.1476032379788025e-06, 1.0840458190986897e-06, 1.0244592638601542e-06, 9.681864877794242e-07, 9.150571743716037e-07, 8.64398320987081e-07, 8.157214476232412e-07, 7.692818212523921e-07, 7.255090916192621e-07, 6.841649943544555e-07, 6.455971346746702e-07, 6.093456048263962e-07, 5.751614723638966e-07, 5.425760539909228e-07, 5.119291067393539e-07, 4.828526446374377e-07, 4.553375302047286e-07, 4.296514549115118e-07, 4.0537746960941127e-07, 3.821540292614646e-07, 3.6003931119483995e-07, 3.3912634458030796e-07, 3.193752080811627e-07, 3.006736600670281e-07, 2.8304691220991955e-07, 2.6642756750523414e-07, 2.50774495629658e-07, 2.3613861957523489e-07]
W_list: [4]
L_list: [17.28598075254144]
