C_final_list: [1.2268855482552315e-06, 1.191480388267074e-06, 1.1558980592501016e-06, 1.1207541402794857e-06, 1.0866649473241067e-06, 1.0535652515883514e-06, 1.0209147156970153e-06, 9.895318106450315e-07, 9.58925378241019e-07, 9.294279852293232e-07, 9.007409838904724e-07, 8.727215359773009e-07, 8.454011335442753e-07, 8.186724443319044e-07, 7.928524839840136e-07, 7.677727003666863e-07, 7.432428039182109e-07, 7.195670952919829e-07, 6.964998620761911e-07, 6.740478064101537e-07, 6.526455818984855e-07, 6.319520012933142e-07, 6.116070862675588e-07, 5.920742473739147e-07, 5.732945158695444e-07, 5.547190652794788e-07, 5.368150509426754e-07, 5.194663977856065e-07, 5.026519988982469e-07, 4.862010811230573e-07, 4.7032769317485534e-07, 4.5498690530345143e-07, 4.4019007273949213e-07, 4.2578936934294987e-07, 4.119103040976964e-07, 3.9846744984191375e-07, 3.852667085332118e-07, 3.7247607430569743e-07, 3.6020546659961276e-07, 3.4826740282456617e-07, 3.367692437237487e-07, 3.256039845314311e-07, 3.1491300512335727e-07, 3.0451431933875814e-07, 2.94408787006912e-07, 2.846136696326481e-07, 2.7515549629819176e-07, 2.6605416413635425e-07, 2.5726909713851475e-07, 2.487033532426918e-07]
ndim2: 500
W_list: [3.6]
L_list: [30.962999587998997]
