R_list= [ 1  2  3  4  5  6  7  8  9 10 11 12 13 14 15 16 17 18 19 20 21 22 23 24
 25 26 27 28 29 30 31 32 33 34 35 36 37 38]
C_final_list= [8.38868699211214e-07, 7.683993137376675e-07, 7.003566023776728e-07, 6.374343837800148e-07, 5.801877812855968e-07, 5.278340377326415e-07, 4.809920313963986e-07, 4.3833012814330577e-07, 3.9911765189248716e-07, 3.6358447936189215e-07, 3.312858100245898e-07, 3.0195252789174817e-07, 2.7488714847965244e-07, 2.5020127091451813e-07, 2.2773748411806647e-07, 2.0712887415100884e-07, 1.8806156079415024e-07, 1.707583916532138e-07, 1.5500549937417272e-07, 1.4059015410120913e-07, 1.273795494234179e-07, 1.1529019188369457e-07, 1.0441309395897676e-07, 9.450776395100114e-08, 8.548755617052959e-08, 7.728355978488245e-08, 6.982038918251478e-08, 6.315166958354912e-08, 5.711141004707259e-08, 5.16157341601534e-08, 4.6633742330925095e-08, 4.209851782174836e-08, 3.805028711453249e-08, 3.4408804093851116e-08, 3.1099733164994797e-08, 2.813772999327821e-08, 2.5445354811581006e-08, 2.3006532721245605e-08]
W_list: [6]
L_list: [10.602205102424495]
