R_list= [ 1  2  3  4  5  6  7  8  9 10 11 12 13 14 15 16 17 18 19 20 21 22 23 24
 25 26 27 28 29 30 31 32 33 34 35 36 37 38]
C_final_list= [2.271801510159183e-05, 1.866019971732446e-05, 1.5201917971804116e-05, 1.236274348362195e-05, 1.004394112304935e-05, 8.14903648641247e-06, 6.599331670749407e-06, 5.34562800193276e-06, 4.327974066544768e-06, 3.5018198850455434e-06, 2.832219071326491e-06, 2.2907918294662155e-06, 1.8529498457449498e-06, 1.4981154783073513e-06, 1.2113104561809158e-06, 9.78709749633655e-07, 7.905189880222464e-07, 6.380612079579107e-07, 5.140627300791099e-07, 4.1484154010566233e-07, 3.3506439689162187e-07, 2.7082027951063703e-07, 2.1908007283523155e-07, 1.7725424053630945e-07, 1.4333521683379744e-07, 1.1573565408766902e-07, 9.340374662847469e-08, 7.552586925763058e-08, 6.115745222947075e-08, 4.95393161614782e-08, 4.000915139836995e-08, 3.231393868147549e-08, 2.6120249199720243e-08, 2.1117372377366746e-08, 1.706305184328545e-08, 1.378604705961631e-08, 1.1135179830215746e-08, 8.97468653599583e-09]
W_list: [8.1]
L_list: [4.823956596404168]
