R_list= [ 1  2  3  4  5  6  7  8  9 10 11 12 13 14 15 16 17 18 19 20 21 22 23 24
 25 26 27 28 29 30 31 32 33 34 35 36 37 38]
C_final_list= [3.83929740909773e-07, 1.5326867238017665e-07, 4.873801825006775e-08, 1.383429382861509e-08, 3.7136970518593713e-09, 9.750225235097762e-10, 2.5077581210814267e-10, 6.299054779337846e-11, 1.558431529449192e-11, 3.820801685298806e-12, 9.479140561291196e-13, 2.638789377963359e-13, 9.184363945930197e-14, 3.64188764409505e-14, 1.1586488046691032e-14, 2.8616036883874523e-15, 6.161853185006765e-16, 1.4780704118648252e-16, 4.349306431704646e-17, 1.2819400492975041e-17, 3.333120493467131e-18, 7.471579414825203e-19, 1.7156309347791933e-19, 4.1536502256383e-20, 1.19839839173363e-20, 4.413545065141747e-21, 2.165876538307368e-21, 1.3370082622278507e-21, 9.728347610311539e-22, 8.132440750210161e-22, 7.429710631162055e-22, 6.950205654909096e-22, 6.744095655350018e-22, 6.483543680760007e-22, 6.112482678025696e-22, 5.837838346260187e-22, 5.74169789900203e-22, 5.738069396806178e-22]
W_list: [6]
L_list: [1.0220990793457063]
