R_list= [ 1  2  3  4  5  6  7  8  9 10 11 12 13 14 15 16 17 18 19 20 21 22 23 24
 25 26 27 28 29 30 31 32 33 34 35 36 37 38]
C_final_list= [2.043569631531556e-06, 1.7716662351104075e-06, 1.5195969579439705e-06, 1.297452798634839e-06, 1.1055968409533443e-06, 9.410930081307062e-07, 7.998966591591741e-07, 6.790024433114777e-07, 5.761830222304101e-07, 4.884368060047815e-07, 4.1448340256297944e-07, 3.51223648149713e-07, 2.9745357570729073e-07, 2.516964748358418e-07, 2.1268591463996702e-07, 1.7963175059037362e-07, 1.5163933439705405e-07, 1.2797439011285816e-07, 1.0804743512870494e-07, 9.116953365517494e-08, 7.702812603880098e-08, 6.5183815721892e-08, 5.514427361740674e-08, 4.662685371117208e-08, 3.941975091886031e-08, 3.3298622621564573e-08, 2.8101626803189962e-08, 2.3711551487047667e-08, 1.9995398599050747e-08, 1.686756104149194e-08, 1.4210317812729299e-08, 1.1964378646349053e-08, 1.0085349763743348e-08, 8.499325815419462e-09, 7.176714386497956e-09, 6.06339471759321e-09, 5.120377686589351e-09, 4.319912542611872e-09]
W_list: [8.5]
L_list: [6.241830744002955]
