C_final_list: [1.9357833566105307e-06, 1.8316018745796458e-06, 1.7300781894947493e-06, 1.6348333182010803e-06, 1.545947127913569e-06, 1.4620965254637132e-06, 1.3826061209733409e-06, 1.3076727266796706e-06, 1.2366365264152144e-06, 1.1685073622670387e-06, 1.10313610285981e-06, 1.040754124491788e-06, 9.826783975646908e-07, 9.28073729605254e-07, 8.769183864245167e-07, 8.286924768072081e-07, 7.823538342381625e-07, 7.38458744087316e-07, 6.969118449759119e-07, 6.574752979753224e-07, 6.200525485558258e-07, 5.845298432084194e-07, 5.513160786046984e-07, 5.195428759270595e-07, 4.891965715194578e-07, 4.6045466405171814e-07, 4.335151801885385e-07, 4.0806337196283105e-07, 3.8425688846448276e-07, 3.619512962942601e-07, 3.40831849289212e-07, 3.211268232580396e-07, 3.024315292951574e-07, 2.8468239838174303e-07, 2.6811061158027546e-07, 2.521777180501914e-07, 2.3693976910626165e-07, 2.2252309415945984e-07, 2.088960174138826e-07, 1.962829879866757e-07, 1.8444029501398244e-07, 1.733406269121189e-07, 1.6284147415338927e-07, 1.530615016246287e-07, 1.4372156508487186e-07, 1.3492946994038112e-07, 1.2669013130573485e-07, 1.1909917694084855e-07, 1.1201560542481757e-07, 1.0528014383186304e-07]
ndim2: 500
W_list: [2.9]
L_list: [17.311517452183832]
