C_final_list: [8.848360578425638e-07, 8.461048067188679e-07, 8.069043063319242e-07, 7.687559547642437e-07, 7.319992100242601e-07, 6.96706801505166e-07, 6.625603622834871e-07, 6.296209648729462e-07, 5.980209320409571e-07, 5.675826026110454e-07, 5.386607317635608e-07, 5.110970750662996e-07, 4.851417050659815e-07, 4.607080415430364e-07, 4.3749966606266657e-07, 4.154350184865949e-07, 3.942990739102006e-07, 3.7416001097865207e-07, 3.5511669995382057e-07, 3.369168083844579e-07, 3.1958190940429856e-07, 3.03220199533038e-07, 2.87728055600452e-07, 2.731182768882372e-07, 2.591103133230496e-07, 2.4578880170376084e-07, 2.3303219689369288e-07, 2.2087755115015114e-07, 2.0926032220567044e-07, 1.9829460528048963e-07, 1.879039097303165e-07, 1.7803200853842363e-07, 1.6871053052094482e-07, 1.5981222395802197e-07, 1.5138134751675922e-07, 1.434401321770963e-07, 1.3594797151993396e-07, 1.287586199553918e-07, 1.2192203307121423e-07, 1.154526198115205e-07, 1.0926840746662352e-07, 1.034312158903738e-07, 9.790124873380538e-08, 9.266717176610945e-08, 8.774661189901753e-08, 8.302976316200974e-08, 7.855121520996012e-08, 7.428849824507119e-08, 7.023548746367871e-08, 6.638675211349942e-08]
ndim2: 500
W_list: [4.0]
L_list: [19.26294092762046]
