R_list= [ 1  2  3  4  5  6  7  8  9 10 11 12 13 14 15 16 17 18 19 20 21 22 23 24
 25 26 27 28 29 30 31 32 33 34 35 36 37 38]
C_final_list= [3.0049546332295135e-07, 1.285637826623137e-07, 4.822000868264241e-08, 1.7247149788222285e-08, 6.03196181126756e-09, 2.0803132765652553e-09, 7.097779944033638e-10, 2.3775555923551046e-10, 7.917756660922972e-11, 2.6230242321205913e-11, 8.71714632914722e-12, 2.8548592091423452e-12, 9.264679657792772e-13, 3.0817392287362534e-13, 1.0229664100911462e-13, 3.500314922299382e-14, 1.2607852324708463e-14, 5.092296536182604e-15, 2.296731269672781e-15, 7.894697347341076e-16, 1.981695079024988e-16, 5.647090207196117e-17, 1.706065469147685e-17, 4.9728317005603265e-18, 1.3082127534320929e-18, 3.4088473807949723e-19, 8.816127383395626e-20, 2.4075415637794027e-20, 7.726945093302556e-21, 2.9536843478041254e-21, 1.4311970087547776e-21, 7.19998900187839e-22, 2.6884361309730244e-22, 9.915756434372822e-23, 3.278301752910303e-23, 7.89809263683012e-24, 2.1764019085640685e-24, 5.383959336984471e-25]
W_list: [7]
L_list: [1.1219291977290007]
