C_final_list: [1.7509627771549073e-06, 1.4127388604153945e-06, 1.1377701149468754e-06, 9.129925524056486e-07, 7.319053514605772e-07, 5.858992855513196e-07, 4.679427382072528e-07, 3.7456915064788855e-07, 2.986440805312928e-07, 2.381308876580011e-07, 1.9087280145304654e-07, 1.534195878708794e-07, 1.2256446004608448e-07, 9.79938993006158e-08, 7.82459080126125e-08, 6.235037953900179e-08, 4.9636687034817725e-08, 3.9229687466359e-08, 3.104599359206631e-08, 2.453096392844819e-08, 1.9409577615788546e-08, 1.546123252289643e-08, 1.228874658844981e-08, 9.691352858402992e-09, 7.626101983989606e-09, 6.061350604942854e-09, 4.812707790000266e-09, 3.847935938198206e-09, 3.0550320522026697e-09, 2.4131167428991204e-09, 1.904912928219225e-09, 1.4978203671725992e-09, 1.168705005502404e-09, 9.214644956290006e-10, 7.278538193596664e-10, 5.737369790985352e-10, 4.5932413228947517e-10, 3.65516303549188e-10, 2.89224233074253e-10, 2.297157410867245e-10, 1.840424330127732e-10, 1.4720103263372348e-10, 1.167675013454952e-10, 9.057424670269838e-11, 7.094229073286307e-11, 5.5587852341664806e-11, 4.279364575120486e-11, 3.3230071441815544e-11, 2.6059902797311935e-11, 2.052851983939485e-11]
ndim2: 500
W_list: [4.0]
L_list: [4.535279045517857]
