C_final_list: [2.1037497276356342e-06, 1.8373104397107888e-06, 1.68748736808126e-06, 1.5053005723406093e-06, 1.346657476653117e-06, 1.2024608440528237e-06, 1.0752822707908846e-06, 9.629136035236303e-07, 8.614196247834461e-07, 7.720135321398521e-07, 6.910739225610096e-07, 6.205760393004738e-07, 5.571944093108693e-07, 4.985851302019187e-07, 4.460052817012132e-07, 3.9947981990283945e-07, 3.5746214672840723e-07, 3.1961892890126204e-07, 2.8522572196902704e-07, 2.55068337917803e-07, 2.2850462361489296e-07, 2.0473346257194306e-07, 1.8284730740661584e-07, 1.63603030700228e-07, 1.4590798877370715e-07, 1.2993321808643315e-07, 1.1600402941202749e-07, 1.0364555073680468e-07, 9.25520039254638e-08, 8.241871784642941e-08, 7.367574121342533e-08, 6.579047044820427e-08, 5.8900210223190024e-08, 5.251018632238205e-08, 4.6896406681059226e-08]
ndim2: 500
W_list: [1.2]
L_list: [9.044714327485353]
