R_list= [ 1  2  3  4  5  6  7  8  9 10 11 12 13 14 15 16 17 18 19 20 21 22 23 24
 25 26 27 28 29 30 31 32 33 34 35 36 37 38]
C_final_list= [2.092477342281206e-07, 1.679178302187939e-07, 1.342605686725409e-07, 1.0680603555871673e-07, 8.451661386412227e-08, 6.668155523805743e-08, 5.25902438830104e-08, 4.137326452611489e-08, 3.2440094834458215e-08, 2.549981785698021e-08, 2.005026116287614e-08, 1.5784683751240274e-08, 1.2404225117578153e-08, 9.743460341279919e-09, 7.655407014391706e-09, 6.008423494683649e-09, 4.709597803394211e-09, 3.6930016952347205e-09, 2.897258885482187e-09, 2.266629546002841e-09, 1.7736511075399665e-09, 1.3848309766298407e-09, 1.0772132388703002e-09, 8.343494574343012e-10, 6.438415246483217e-10, 4.948530850053624e-10, 3.7845670963504676e-10, 2.9032277854129363e-10, 2.23636542468585e-10, 1.7300036716909873e-10, 1.3404941378012162e-10, 1.044647051190399e-10, 8.186337263069529e-11, 6.41350883911822e-11, 5.021939950262269e-11, 3.89978922339847e-11, 3.032729324112859e-11, 2.3570400262814936e-11]
W_list: [7]
L_list: [4.321050084235079]
