R_list= [ 1  2  3  4  5  6  7  8  9 10 11 12 13 14 15 16 17 18 19 20 21 22 23 24
 25 26 27 28 29 30 31 32 33 34 35 36 37 38]
C_final_list= [1.3232963842852988e-06, 1.2716063493258067e-06, 1.2214077691368451e-06, 1.173304552013912e-06, 1.1270893842785324e-06, 1.0820982823353775e-06, 1.0386052296922217e-06, 9.967086903027479e-07, 9.564477915344527e-07, 9.178471933024528e-07, 8.807656007112073e-07, 8.455275833102174e-07, 8.108093082961329e-07, 7.77506627316621e-07, 7.456158552624997e-07, 7.148151309730757e-07, 6.85145018751253e-07, 6.569741905660308e-07, 6.299054099795312e-07, 6.036795804270836e-07, 5.78591651063089e-07, 5.544987905682645e-07, 5.313705026250682e-07, 5.093094094285343e-07, 4.879710003153501e-07, 4.675342767833794e-07, 4.480495261420899e-07, 4.294211682053911e-07, 4.116296459485028e-07, 3.94499512995344e-07, 3.7805268471403953e-07, 3.622314044480419e-07, 3.4686920929356423e-07, 3.320016289519572e-07, 3.178449230491759e-07, 3.042746601176676e-07, 2.9129870359604335e-07, 2.7878968833583946e-07]
W_list: [5]
L_list: [23.934777578430463]
