R_list= [ 1  2  3  4  5  6  7  8  9 10 11 12 13 14 15 16 17 18 19 20 21 22 23 24
 25 26 27 28 29 30 31 32 33 34 35 36 37 38]
C_final_list= [5.375697342800141e-07, 3.955667010936863e-07, 2.947799165424681e-07, 2.2026620524867487e-07, 1.645703249748609e-07, 1.2239393310981467e-07, 9.085220667809946e-08, 6.76131891425595e-08, 5.023797604855286e-08, 3.741526851590521e-08, 2.7870535202551904e-08, 2.05781357631289e-08, 1.5099684194092393e-08, 1.1073261777210382e-08, 8.070571658030198e-09, 5.856353965512214e-09, 4.26663094286235e-09, 3.1190113229861994e-09, 2.2913529240467633e-09, 1.687929026734411e-09, 1.2423913390876145e-09, 9.199219875028666e-10, 6.739728826337164e-10, 4.911880879227156e-10, 3.570938032168941e-10, 2.574584590000197e-10, 1.866948080192055e-10, 1.3517636668884763e-10, 9.724119450430259e-11, 7.104766067475745e-11, 5.230681294284773e-11, 3.813905741453318e-11, 2.7890374018139256e-11, 2.0355007498268286e-11, 1.4836713682362464e-11, 1.0759909190808703e-11, 7.795955646146592e-12, 5.695370891416843e-12]
W_list: [7]
L_list: [3.3720831169226093]
