R_list= [ 1  2  3  4  5  6  7  8  9 10 11 12 13 14 15 16 17 18 19 20 21 22 23 24
 25 26 27 28 29 30 31 32 33 34 35 36 37 38]
C_final_list= [2.7811921560415346e-05, 2.0580529721652593e-05, 1.5106123668419639e-05, 1.1037398401079608e-05, 8.046996052298875e-06, 5.861999102693348e-06, 4.260501042576477e-06, 3.0946970760220895e-06, 2.252742484047573e-06, 1.6380331348540715e-06, 1.1898191926676102e-06, 8.639411862470209e-07, 6.268503473291862e-07, 4.549941875866327e-07, 3.291957621926169e-07, 2.385007640350372e-07, 1.7277141731113416e-07, 1.2587432712596013e-07, 9.139991046104577e-08, 6.671469785812597e-08, 4.8711549075252794e-08, 3.556491411474718e-08, 2.6081163255495984e-08, 1.9096854870187276e-08, 1.392546736350199e-08, 1.0192177665594638e-08, 7.465494993528488e-09, 5.469554073639591e-09, 3.9684297738675935e-09, 2.873428218214749e-09, 2.0918068449179473e-09, 1.5353570235384807e-09, 1.119020128791438e-09, 8.172461267604148e-10, 5.987076721040963e-10, 4.356953001951328e-10, 3.1439207738809196e-10, 2.2966911180704438e-10]
W_list: [8.5]
L_list: [3.211853531074249]
