R_list= [ 1  2  3  4  5  6  7  8  9 10 11 12 13 14 15 16 17 18 19 20 21 22 23 24
 25 26 27 28 29 30 31 32 33 34 35 36 37 38]
C_final_list= [3.5161836137608306e-07, 3.189802874065143e-07, 2.878364879908011e-07, 2.586611386228071e-07, 2.322861386820407e-07, 2.0841440092464882e-07, 1.8718823315803395e-07, 1.6808007907979707e-07, 1.5068175834559955e-07, 1.3502328820366758e-07, 1.2082047503302795e-07, 1.0802393948607258e-07, 9.657617802407678e-08, 8.619781087581298e-08, 7.694803175604108e-08, 6.863252426339704e-08, 6.115482912481713e-08, 5.449808282873459e-08, 4.8523195051067434e-08, 4.325884502139338e-08, 3.85620137868394e-08, 3.436164976510508e-08, 3.058836722014236e-08, 2.722574943313779e-08, 2.4203685282926923e-08, 2.1500795358619634e-08, 1.9080448371122695e-08, 1.6941118640381883e-08, 1.504490361375709e-08, 1.3353356920068714e-08, 1.1856836251103717e-08, 1.0527857519537896e-08, 9.346204366761174e-09, 8.302363323803729e-09, 7.368939117681638e-09, 6.540866404481605e-09, 5.807072790891489e-09, 5.15939100766837e-09]
W_list: [7]
L_list: [9.13615116819493]
