R_list= [ 1  2  3  4  5  6  7  8  9 10 11 12 13 14 15 16 17 18 19 20 21 22 23 24
 25 26 27 28 29 30 31 32 33 34 35 36 37 38]
C_final_list= [2.0459691692274205e-07, 1.235433596898421e-07, 6.27172443240426e-08, 2.878534678813092e-08, 1.243330446521865e-08, 5.171237504861268e-09, 2.1025948239819278e-09, 8.435731988420347e-10, 3.3500374215780185e-10, 1.317518966522326e-10, 5.1206194276276564e-11, 1.9720509541731987e-11, 7.541607039267337e-12, 2.877911936842911e-12, 1.101614877378255e-12, 4.2377229086528807e-13, 1.6440049096841215e-13, 6.422947239178767e-14, 2.5093979216413583e-14, 9.78215251325968e-15, 3.800964031173579e-15, 1.4693614577868578e-15, 5.682412616104548e-16, 2.2151785062130785e-16, 8.758832030884156e-17, 3.51505861611155e-17, 1.4308950049841452e-17, 5.846353635532707e-18, 2.3984120327395597e-18, 1.0038377356787137e-18, 4.478691683278792e-19, 2.360090418616394e-19, 1.2982319764134256e-19, 6.17299562122988e-20, 2.692927709561528e-20, 1.1759362414600547e-20, 5.398379393822628e-21, 2.6658679242818983e-21]
W_list: [4]
L_list: [1.6380080499189855]
