R_list= [ 1  2  3  4  5  6  7  8  9 10 11 12 13 14 15 16 17 18 19 20 21 22 23 24
 25 26 27 28 29 30 31 32 33 34 35 36 37 38]
C_final_list= [8.06235729021552e-07, 5.851636400443721e-07, 4.33596688659347e-07, 3.2544948629325666e-07, 2.441008077440839e-07, 1.8230082585658442e-07, 1.35997038730626e-07, 1.0139798107125151e-07, 7.541828429934292e-08, 5.6128043525644376e-08, 4.1900332256002174e-08, 3.1373179869935044e-08, 2.3428025544299806e-08, 1.7450295490440982e-08, 1.28947873038987e-08, 9.55548029716252e-09, 7.093764678748924e-09, 5.269409088653928e-09, 3.910728253099274e-09, 2.897242432996699e-09, 2.143376017852106e-09, 1.5792450364873067e-09, 1.1503992359518862e-09, 8.424652888407903e-10, 6.212115173154499e-10, 4.5908271960450473e-10, 3.366426987701876e-10, 2.4558919700766667e-10, 1.7866179906793484e-10, 1.2959202747799948e-10, 9.418956973390003e-11, 6.898528190091754e-11, 5.0471237222768985e-11, 3.717405226101295e-11, 2.738575297039048e-11, 2.0307457467784364e-11, 1.5172530805765276e-11, 1.1050200001795637e-11]
W_list: [6]
L_list: [3.3532253728192596]
