R_list= [ 1  2  3  4  5  6  7  8  9 10 11 12 13 14 15 16 17 18 19 20 21 22 23 24
 25 26 27 28 29 30 31 32 33 34 35 36 37 38]
C_final_list= [7.215940859990182e-06, 6.262404749366252e-06, 5.387321480572583e-06, 4.620728188706643e-06, 3.959493490226504e-06, 3.3871766312932203e-06, 2.8957620939796253e-06, 2.4742915285482407e-06, 2.1159376878798423e-06, 1.8085909994919053e-06, 1.543730550481004e-06, 1.3171287610695061e-06, 1.122787325367194e-06, 9.573981950261787e-07, 8.1681415300421e-07, 6.96518138625653e-07, 5.934044101835376e-07, 5.054421648711332e-07, 4.3067881968706944e-07, 3.670206109208839e-07, 3.1252870236248077e-07, 2.659083202037795e-07, 2.2602596748531738e-07, 1.922513406375405e-07, 1.6336270887180422e-07, 1.3874330368203604e-07, 1.1791816462098134e-07, 1.0016370322071245e-07, 8.510692813175237e-08, 7.228555415184249e-08, 6.14913352472537e-08, 5.227717379852746e-08, 4.4514473485512575e-08, 3.788695472317048e-08, 3.2223343154718744e-08, 2.7396543006388925e-08, 2.3337645370357602e-08, 1.9886060360094434e-08]
W_list: [7.95]
L_list: [6.455962735324263]
