R_list= [ 1  2  3  4  5  6  7  8  9 10 11 12 13 14 15 16 17 18 19 20 21 22 23 24
 25 26 27 28 29 30 31 32 33 34 35 36 37 38]
C_final_list= [1.881971181579737e-06, 1.1872248824304478e-06, 6.410947428924374e-07, 3.169280864421395e-07, 1.486266048543008e-07, 6.743262711377743e-08, 3.004770812481531e-08, 1.3316840724003612e-08, 5.915386488282585e-09, 2.6361206341743818e-09, 1.1821139717291304e-09, 5.368326455149074e-10, 2.4748474974448104e-10, 1.1565389848069378e-10, 5.4476123274168575e-11, 2.582353562812208e-11, 1.2165909441011927e-11, 5.584793825636685e-12, 2.5232497184000447e-12, 1.1376516022383338e-12, 5.123661084489711e-13, 2.303312803440098e-13, 1.0249741193433054e-13, 4.436422698773272e-14, 1.885800750312959e-14, 7.965218619833114e-15, 3.3689317092526353e-15, 1.4487592993807898e-15, 6.358397720330928e-16, 2.8215612281340595e-16, 1.26942135777271e-16, 5.751789853003054e-17, 2.617347091197298e-17, 1.2045946510660125e-17, 5.580071249652086e-18, 2.620460761013371e-18, 1.2618354846943043e-18, 6.252162058390689e-19]
W_list: [4]
L_list: [1.7664970013928076]
