C_final_list: [1.9446468158957044e-06, 1.6805569045956518e-06, 1.445646473570547e-06, 1.2439136126086278e-06, 1.0700133109840864e-06, 9.221071769333541e-07, 7.9237343481861e-07, 6.821849551961657e-07, 5.87610016023953e-07, 5.05968525117882e-07, 4.3449078181689117e-07, 3.7265533144867754e-07, 3.187796284404329e-07, 2.731559269637438e-07, 2.3312319944193787e-07, 1.9924831150521466e-07, 1.7015519544222806e-07, 1.4562282475909007e-07, 1.2487953169920223e-07, 1.0673538295066982e-07, 9.140085270095697e-08, 7.79007433400285e-08, 6.641365723048808e-08, 5.675570567876077e-08, 4.828629931048132e-08, 4.105381200473783e-08, 3.488637823107554e-08, 2.9521290760135162e-08, 2.5037644239279315e-08, 2.1148858918340648e-08, 1.790521490132859e-08, 1.5025902120503956e-08, 1.2669595158114671e-08, 1.0663450093719254e-08, 9.013462697048659e-09]
ndim2: 500
W_list: [3.2]
L_list: [6.624739229556208]
