R_list= [ 1  2  3  4  5  6  7  8  9 10 11 12 13 14 15 16 17 18 19 20 21 22 23 24
 25 26 27 28 29 30 31 32 33 34 35 36 37 38]
C_final_list= [4.409916228925344e-07, 3.9455020311197404e-07, 3.498918893630512e-07, 3.091407248505377e-07, 2.7280688614806734e-07, 2.4071739922473366e-07, 2.1210651869081319e-07, 1.8675223791836603e-07, 1.6425628399478642e-07, 1.4467957983809085e-07, 1.2748752657223e-07, 1.1224820221966393e-07, 9.873698444197474e-08, 8.678169010501646e-08, 7.626519968482259e-08, 6.688738394714059e-08, 5.85772760109873e-08, 5.126025973004978e-08, 4.473770846258791e-08, 3.8994258978653875e-08, 3.403703801638099e-08, 2.9696862822697823e-08, 2.5898183527019033e-08, 2.255447040504246e-08, 1.967853327705124e-08, 1.714816063836553e-08, 1.4941416646843445e-08, 1.302010690169905e-08, 1.1358401172055392e-08, 9.911603246536255e-09, 8.641574836156163e-09, 7.534307642113109e-09, 6.561497814474816e-09, 5.713103221031975e-09, 4.978691457362317e-09, 4.34396456788108e-09, 3.794178792721886e-09, 3.3117615922078737e-09]
W_list: [7.0]
L_list: [7.928966237346401]
