R_list= [ 1  2  3  4  5  6  7  8  9 10 11 12 13 14 15 16 17 18 19 20 21 22 23 24
 25 26 27 28 29 30 31 32 33 34 35 36 37 38]
C_final_list= [3.915605697686035e-07, 3.404281019606321e-07, 2.9512772883637784e-07, 2.5493802725983135e-07, 2.195151725173605e-07, 1.8867546848444164e-07, 1.6222934921430506e-07, 1.3930895105956386e-07, 1.1950984170496434e-07, 1.025447310619425e-07, 8.813996996823045e-08, 7.575681094225902e-08, 6.497957333937189e-08, 5.5771343411611224e-08, 4.776902168662599e-08, 4.084262850616133e-08, 3.48959649923253e-08, 2.978807351571429e-08, 2.5444981597685682e-08, 2.17853172886542e-08, 1.8641950836439053e-08, 1.592805350157673e-08, 1.3612415193502379e-08, 1.161166037644205e-08, 9.88472678944306e-09, 8.401247095937969e-09, 7.14536391932084e-09, 6.057888797777713e-09, 5.1300908076233175e-09, 4.3553052191089546e-09, 3.701560077344874e-09, 3.146773976297048e-09, 2.669777534640449e-09, 2.2729342389104553e-09, 1.9344631080657543e-09, 1.6497540847685198e-09, 1.4072233275107004e-09, 1.2003736701130771e-09]
W_list: [7]
L_list: [6.673914675992108]
