R_list= [ 1  2  3  4  5  6  7  8  9 10 11 12 13 14 15 16 17 18 19 20 21 22 23 24
 25 26 27 28 29 30 31 32 33 34 35 36 37 38]
C_final_list= [1.125838711575655e-06, 7.351474800191997e-07, 4.830151036423925e-07, 3.1915324418660375e-07, 2.088291613268089e-07, 1.352203932860807e-07, 8.831448342722421e-08, 5.711461325317815e-08, 3.674902186794575e-08, 2.364679992765138e-08, 1.532411260745553e-08, 9.912313829191548e-09, 6.319067278860906e-09, 4.07960887773385e-09, 2.620012454248464e-09, 1.6713083213774735e-09, 1.0307664818699352e-09, 6.414302982556668e-10, 4.023526352438363e-10, 2.585262211881936e-10, 1.6230685075853906e-10, 9.841478407708691e-11, 6.06311813820555e-11, 3.62733285264378e-11, 2.160374556561961e-11, 1.3024187183401754e-11, 8.309274186733252e-12, 5.240627321845735e-12, 3.4875508613213202e-12, 2.3785444229181167e-12, 1.4721415936450237e-12, 9.413763560122887e-13, 7.044364824053494e-13, 3.8529289623004285e-13, 1.9962933579745154e-13, 1.1680107016191055e-13, 6.331095015595981e-14, 3.672982291630934e-14]
W_list: [7.800000000000001]
L_list: [2.36461367972178]
