R_list= [ 1  2  3  4  5  6  7  8  9 10 11 12 13 14 15 16 17 18 19 20 21 22 23 24
 25 26 27 28 29 30 31 32 33 34 35 36 37 38]
C_final_list= [4.765304598370223e-07, 3.7374738996176025e-07, 2.906019572723009e-07, 2.254337764351484e-07, 1.7428289183646433e-07, 1.3458568535085823e-07, 1.0400545055848406e-07, 8.032735017910733e-08, 6.176047882088506e-08, 4.7318895057290494e-08, 3.6209355184119e-08, 2.762507161093905e-08, 2.1245794654648625e-08, 1.6238282873019574e-08, 1.2419266138728268e-08, 9.475710631299865e-09, 7.231675386528855e-09, 5.505243084389736e-09, 4.1919972505080266e-09, 3.1893065211913496e-09, 2.4215553818341553e-09, 1.8445177015062041e-09, 1.3997947192988167e-09, 1.0682543842055394e-09, 8.180419827774382e-10, 6.218410623691133e-10, 4.731407933169056e-10, 3.597475624843649e-10, 2.747915557299131e-10, 2.1078260251982145e-10, 1.5982847296065223e-10, 1.2165005979275108e-10, 9.232168858542863e-11, 6.980142169206824e-11, 5.3260091816125027e-11, 4.064352140724415e-11, 3.066615709277735e-11, 2.288172906269386e-11]
W_list: [8.2]
L_list: [3.930000648352461]
