R_list= [ 1  2  3  4  5  6  7  8  9 10 11 12 13 14 15 16 17 18 19 20 21 22 23 24
 25 26 27 28 29 30 31 32 33 34 35 36 37 38]
C_final_list= [2.1099950675010985e-06, 2.044208562880202e-06, 1.9903555703675606e-06, 1.937461657142725e-06, 1.8885146013001912e-06, 1.839790127851413e-06, 1.7920041543578547e-06, 1.745515491076325e-06, 1.7005906379836228e-06, 1.6569287465740553e-06, 1.6140968873133905e-06, 1.5718858312425941e-06, 1.5309358300299303e-06, 1.4913842701728107e-06, 1.4526561343815504e-06, 1.4149050174177963e-06, 1.3781521915846229e-06, 1.3423392205560623e-06, 1.307551604334181e-06, 1.2733209504247526e-06, 1.2397655265105492e-06, 1.2066245560439538e-06, 1.174258845435238e-06, 1.1426006465041408e-06, 1.1119759584421842e-06, 1.0819851127731994e-06, 1.052567698620197e-06, 1.0241529069787912e-06, 9.961035291804672e-07, 9.686285579495742e-07, 9.418477856683179e-07, 9.15778023399286e-07, 8.902446792470686e-07, 8.657110951526895e-07, 8.418960714450869e-07, 8.185197183641462e-07, 7.95841317457339e-07, 7.737854516925499e-07]
W_list: [4]
L_list: [37.3981837699354]
