C_list:
1.917354030272543e-06 0.21828735623036263
ndim2: 500
W_list: [3.2]
L_list: [4.581117373306229]
