C_list:
7.368735067741479e-07 0.06934663632395678
ndim2: 500
W_list: [3.2]
L_list: [14.42031009735559]
