C_final_list: [1.9637811937115323e-06, 1.8490035501259927e-06, 1.7398850225243716e-06, 1.6352675388773836e-06, 1.537062010468803e-06, 1.4461477940240036e-06, 1.359909072960389e-06, 1.2793720355424734e-06, 1.2036991087595098e-06, 1.1328352179278106e-06, 1.0649101412198747e-06, 1.0012025354307449e-06, 9.410873012155247e-07, 8.842576473068162e-07, 8.29965328477163e-07, 7.790000779776965e-07, 7.307690997026752e-07, 6.852268929842529e-07, 6.425836446632239e-07, 6.023291662523746e-07, 5.64810230902879e-07, 5.29886952921142e-07, 4.973933286197433e-07, 4.666343663451078e-07, 4.3800122236405795e-07, 4.1108438325950757e-07, 3.857345782855572e-07, 3.6181227642398926e-07, 3.3951674379352477e-07, 3.1867720556409987e-07, 2.9893417423412006e-07, 2.802115618995195e-07, 2.6286305113371634e-07, 2.466258685011943e-07, 2.3139023694060027e-07, 2.169826631935308e-07, 2.0353661582547946e-07, 1.9075334770292557e-07, 1.7865736486881507e-07, 1.6723705624778493e-07, 1.5665316772297038e-07, 1.4677500153656903e-07, 1.3744684607310953e-07, 1.2860063990130475e-07, 1.2049439983200633e-07, 1.1277128276348478e-07, 1.0563081199769797e-07, 9.889130462884294e-08, 9.258911789689846e-08, 8.669942416875198e-08]
ndim2: 500
W_list: [2.9499999999999997]
L_list: [15.974947342507015]
