C_final_list: [1.8245338567501765e-06, 1.7696013089305547e-06, 1.7153883676542448e-06, 1.6625975449462734e-06, 1.6115690392340703e-06, 1.5614303937302392e-06, 1.5127383567590734e-06, 1.465404922829787e-06, 1.420236891462174e-06, 1.3768000604850008e-06, 1.3341276393803786e-06, 1.2930636858987592e-06, 1.2536415988070065e-06, 1.2154296560733597e-06, 1.1784573804856559e-06, 1.1423460293209197e-06, 1.107484125998767e-06, 1.073663610694319e-06, 1.0409399866086385e-06, 1.0090421007600347e-06, 9.783134013043453e-07, 9.482824483569228e-07, 9.187618286885913e-07, 8.902041575115725e-07, 8.624790732404278e-07, 8.356708574221689e-07, 8.097801293293991e-07, 7.847408921204151e-07, 7.602179699461948e-07, 7.368456994122865e-07, 7.138460714528493e-07, 6.916859378319189e-07, 6.703361621281821e-07, 6.494719013667885e-07, 6.292818493261098e-07, 6.097681960261934e-07, 5.90969629660201e-07, 5.727991407212358e-07, 5.549992904210123e-07, 5.374932970026871e-07, 5.205721073691709e-07, 5.042112703863006e-07, 4.883371621910958e-07, 4.728324181901902e-07, 4.579418792803211e-07, 4.4350777583755884e-07, 4.293901048246338e-07, 4.156781677498571e-07, 4.026141719922978e-07, 3.899466965419561e-07]
ndim2: 500
W_list: [3.0]
L_list: [31.90364188085448]
