R_list= [ 1  2  3  4  5  6  7  8  9 10 11 12 13 14 15 16 17 18 19 20 21 22 23 24
 25 26 27 28 29 30 31 32 33 34 35 36 37 38]
C_final_list= [5.561213089396941e-07, 5.257403975964397e-07, 4.946569601370857e-07, 4.6450525245992815e-07, 4.3545771932663834e-07, 4.0780788925502274e-07, 3.816037870819991e-07, 3.568921318301744e-07, 3.338765341118525e-07, 3.123581979889748e-07, 2.921008037252191e-07, 2.730467331111018e-07, 2.551347856983437e-07, 2.3829356744334085e-07, 2.2260307295158807e-07, 2.0787210847618362e-07, 1.9413041788753196e-07, 1.8121791672541692e-07, 1.6913999308743942e-07, 1.5783588094174187e-07, 1.4725475260356855e-07, 1.3738802647172792e-07, 1.281358991852798e-07, 1.1950125072143102e-07, 1.1140992409063744e-07, 1.0391061359045442e-07, 9.688594862841776e-08, 9.032799376585731e-08, 8.419511698166128e-08, 7.844507533650382e-08, 7.309807278098091e-08, 6.807158041342544e-08, 6.339242979163434e-08, 5.9090871993393595e-08, 5.507686143935336e-08, 5.136539295234649e-08, 4.791702376857462e-08, 4.4664221959738506e-08]
W_list: [6.8]
L_list: [14.891664021321196]
