R_list= [ 1  2  3  4  5  6  7  8  9 10 11 12 13 14 15 16 17 18 19 20 21 22 23 24
 25 26 27 28 29 30 31 32 33 34 35 36 37 38]
C_final_list= [6.527016265603444e-06, 5.597225228623833e-06, 4.7569244866301885e-06, 4.029108945774396e-06, 3.4058138439307448e-06, 2.871559196853428e-06, 2.420475757849917e-06, 2.0374478788212514e-06, 1.714187791116461e-06, 1.4433980803572527e-06, 1.216246359741637e-06, 1.0238384522051029e-06, 8.612883857209695e-07, 7.240939080084733e-07, 6.085048212731204e-07, 5.11240605006833e-07, 4.299586418407301e-07, 3.612470151467753e-07, 3.0309559524655855e-07, 2.5416435435845424e-07, 2.130587304206655e-07, 1.7838383931240795e-07, 1.4916261875586164e-07, 1.2485322750128253e-07, 1.0463450732897125e-07, 8.768392544076288e-08, 7.347023965124629e-08, 6.166918685526445e-08, 5.184711053922184e-08, 4.357347510940483e-08, 3.664267029072291e-08, 3.0761151649621806e-08, 2.5845381832522598e-08, 2.1737772712059742e-08, 1.8277353599645258e-08, 1.5319097743411136e-08, 1.2843617705560422e-08, 1.076341531384235e-08]
W_list: [8.15]
L_list: [5.945843442787838]
