R_list= [ 1  2  3  4  5  6  7  8  9 10 11 12 13 14 15 16 17 18 19 20 21 22 23 24
 25 26 27 28 29 30 31 32 33 34 35 36 37 38]
C_final_list= [1.924290382869513e-06, 1.8567481341175704e-06, 1.8092031617377677e-06, 1.7604285675962416e-06, 1.7133716283558154e-06, 1.668607996277242e-06, 1.6246553141094373e-06, 1.5814846094168302e-06, 1.5393709153667958e-06, 1.4986897270709412e-06, 1.459236491600023e-06, 1.4201570876255659e-06, 1.3821557394283786e-06, 1.3459340880063293e-06, 1.3106393568680566e-06, 1.2762946127627332e-06, 1.2427073975779962e-06, 1.2096257467352822e-06, 1.1773362060392178e-06, 1.145874347652684e-06, 1.1150710947918419e-06, 1.0852961055170596e-06, 1.0565125351163845e-06, 1.0285403821279351e-06, 1.0010676288482477e-06, 9.74592073426469e-07, 9.487451593646858e-07, 9.234713523747354e-07, 8.990567919285465e-07, 8.751661380959695e-07, 8.518318511572531e-07, 8.290440438398623e-07, 8.067057303831484e-07, 7.84907407272596e-07, 7.635494457282338e-07, 7.428106771509618e-07, 7.225454287488144e-07, 7.026305966511609e-07]
W_list: [4]
L_list: [37.07641199002341]
