C_final_list: [1.567154021037382e-06, 1.4869028857616422e-06, 1.4085008824236052e-06, 1.3334044347602303e-06, 1.2626555311780137e-06, 1.1953993395116617e-06, 1.1316321733114636e-06, 1.0710498881799084e-06, 1.0136308907335466e-06, 9.594423010965907e-07, 9.069093120395205e-07, 8.569184996097502e-07, 8.100748763844386e-07, 7.659485980045431e-07, 7.240737520999905e-07, 6.837120279588251e-07, 6.4578363268048e-07, 6.102781430571714e-07, 5.761616712662832e-07, 5.441841128738939e-07, 5.135533787156177e-07, 4.853123889772564e-07, 4.5830921617647724e-07, 4.329575507000367e-07, 4.087799563264043e-07, 3.859244123264057e-07, 3.642051812265663e-07, 3.439687847629932e-07, 3.2499198453209095e-07, 3.071449282572351e-07, 2.900573324602926e-07, 2.737851611020058e-07, 2.5837990334186237e-07, 2.439563297138312e-07, 2.304079396799906e-07, 2.1736801148611685e-07, 2.0499841422430373e-07, 1.9335623920245106e-07, 1.8229359121421554e-07, 1.718279646725381e-07, 1.619999459984558e-07, 1.5274636480392734e-07, 1.439463932331564e-07, 1.356457813277798e-07, 1.2785145986336263e-07, 1.2044231560532235e-07, 1.133961443271891e-07, 1.0680111690594717e-07, 1.005983064374687e-07, 9.473908544132503e-08]
ndim2: 500
W_list: [3.6]
L_list: [17.760861984237852]
