R_list= [ 1  2  3  4  5  6  7  8  9 10 11 12 13 14 15 16 17 18 19 20 21 22 23 24
 25 26 27 28 29 30 31 32 33 34 35 36 37 38]
C_final_list= [3.4479118976615902e-06, 2.8108555586338182e-06, 2.275956257388717e-06, 1.8349563038793905e-06, 1.4742160514297776e-06, 1.1816452413955165e-06, 9.463776951739929e-07, 7.587537105377676e-07, 6.085855918603419e-07, 4.876704098226023e-07, 3.9070310168988266e-07, 3.1282525592691723e-07, 2.5021720636578965e-07, 2.001484974230219e-07, 1.59859106152825e-07, 1.2764494569677787e-07, 1.0188412783523781e-07, 8.160951045600863e-08, 6.524906709756375e-08, 5.211259023913185e-08, 4.154105244471108e-08, 3.3006034897845443e-08, 2.6216824018526886e-08, 2.0779917207457567e-08, 1.6512481599594484e-08, 1.3102481191046491e-08, 1.0359121261187547e-08, 8.197612817033082e-09, 6.5033907807615475e-09, 5.1557503196943e-09, 4.091324913907986e-09, 3.251366082321181e-09, 2.5772598695377246e-09, 2.0515060884441757e-09, 1.6352012184279403e-09, 1.3064780311972169e-09, 1.0496228452405955e-09, 8.457841976678501e-10]
W_list: [8.2]
L_list: [4.620233141439921]
