R_list= [ 1  2  3  4  5  6  7  8  9 10 11 12 13 14 15 16 17 18 19 20 21 22 23 24
 25 26 27 28 29 30 31 32 33 34 35 36 37 38]
C_final_list= [5.438261874014904e-07, 4.7459690899596705e-07, 4.102820279549905e-07, 3.5408448765855263e-07, 3.046914244237401e-07, 2.6155830117669356e-07, 2.246267393251508e-07, 1.9301970145768376e-07, 1.6591289707607725e-07, 1.4245400185124544e-07, 1.2222220058779367e-07, 1.045606842754627e-07, 8.928609107532578e-08, 7.610786125002375e-08, 6.486753348677608e-08, 5.515315839630613e-08, 4.682776884163535e-08, 3.963489477512342e-08, 3.351049640566196e-08, 2.836285378210064e-08, 2.4034212490148976e-08, 2.037554406365194e-08, 1.7295460797359476e-08, 1.4692589865506083e-08, 1.2477534598082109e-08, 1.0598041753517952e-08, 8.986623077152365e-09, 7.609557901463605e-09, 6.438130332656815e-09, 5.446714421551768e-09, 4.609636130223733e-09, 3.906598851814407e-09, 3.3138769791035946e-09, 2.8089931579098385e-09, 2.3825840842763644e-09, 2.0215224477182986e-09, 1.7198001115140735e-09, 1.4648198820124996e-09]
W_list: [8.4]
L_list: [6.618820117088881]
