R_list= [ 1  2  3  4  5  6  7  8  9 10 11 12 13 14 15 16 17 18 19 20 21 22 23 24
 25 26 27 28 29 30 31 32 33 34 35 36 37 38]
C_final_list= [1.984442668635231e-06, 1.9096294180869497e-06, 1.8527930229149167e-06, 1.7942645946300318e-06, 1.7411921604688106e-06, 1.690444052508043e-06, 1.6405961481766125e-06, 1.5931309435079262e-06, 1.5476648869548987e-06, 1.5035431529206256e-06, 1.4595130856391873e-06, 1.4167899025082699e-06, 1.3751260969144392e-06, 1.3348493280929666e-06, 1.2956211700008244e-06, 1.2573619626940979e-06, 1.2202478447138757e-06, 1.183827716630578e-06, 1.148456515662716e-06, 1.1137456844596796e-06, 1.0799562781192686e-06, 1.0472858880908046e-06, 1.0156251175607934e-06, 9.846462671604243e-07, 9.54424960295204e-07, 9.250802821839766e-07, 8.966977314519941e-07, 8.689590933540591e-07, 8.423060306572744e-07, 8.165620088257623e-07, 7.913972449234112e-07, 7.669733415215863e-07, 7.432430335691335e-07, 7.20049005991368e-07, 6.97530121698219e-07, 6.758283719580979e-07, 6.547890729964431e-07, 6.345304939807568e-07]
W_list: [4]
L_list: [32.9327274257163]
