R_list= [ 1  2  3  4  5  6  7  8  9 10 11 12 13 14 15 16 17 18 19 20 21 22 23 24
 25 26 27 28 29 30 31 32 33 34 35 36 37 38]
C_final_list= [9.563307095758858e-07, 6.148354180588913e-07, 3.964007786936106e-07, 2.5652689907083256e-07, 1.6635936294856536e-07, 1.075311904652327e-07, 6.907880307312882e-08, 4.500637934748524e-08, 2.882438093565461e-08, 1.83710991839211e-08, 1.1691167013602678e-08, 7.3801089987400134e-09, 4.692849122929846e-09, 3.004093986981349e-09, 1.920713055215529e-09, 1.2490812587809383e-09, 7.841255289691046e-10, 4.93865651122519e-10, 3.093801263991003e-10, 1.9358279447931287e-10, 1.199227582268453e-10, 7.453190318136168e-11, 4.535175422405993e-11, 2.7240237536910934e-11, 1.681711860057326e-11, 1.0486661601564644e-11, 6.510274022984747e-12, 4.147835642907894e-12, 2.5432965226895435e-12, 1.5310976803111973e-12, 9.084529824274804e-13, 5.30309221955379e-13, 3.059474373243349e-13, 1.807436147775321e-13, 1.1584168928840351e-13, 7.708099884998413e-14, 4.4819397810141804e-14, 2.7091892010594643e-14]
W_list: [7.4]
L_list: [2.2800461177056253]
