C_final_list: [1.6038869071877737e-06, 1.2905896654284435e-06, 1.038252443682896e-06, 8.339986610614432e-07, 6.733072115334078e-07, 5.389126500402688e-07, 4.3386190019884205e-07, 3.48647066274939e-07, 2.805450189270164e-07, 2.2430545919323013e-07, 1.7939462882711708e-07, 1.4291409846467586e-07, 1.1407355980562747e-07, 9.075080135748849e-08, 7.244845804543503e-08, 5.7634631662287495e-08, 4.607956646798681e-08, 3.677231410422522e-08, 2.925650037766058e-08, 2.3254010861349618e-08, 1.8459131652423943e-08, 1.4765903998332494e-08, 1.1610123628083681e-08, 9.232328601697279e-09, 7.30598642674793e-09, 5.765883669826773e-09, 4.580029586361307e-09, 3.6501855835548967e-09, 2.9146621015564394e-09, 2.311663216073907e-09, 1.8607317852517082e-09, 1.4756672096259881e-09, 1.179081394322921e-09, 9.2877663164314e-10, 7.325919517513907e-10, 5.765621171262462e-10, 4.483010833162119e-10, 3.505362585288748e-10, 2.753725713600291e-10, 2.1613932005175562e-10, 1.6875443586229285e-10, 1.3309450859543003e-10, 1.0519884807205796e-10, 8.286715613226747e-11, 6.608660863486568e-11, 5.154229609850968e-11, 4.019063162111874e-11, 3.125766615214523e-11, 2.4922119854249075e-11, 2.0505159203905264e-11]
ndim2: 500
W_list: [4.0]
L_list: [4.572048095430477]
