R_list= [ 1  2  3  4  5  6  7  8  9 10 11 12 13 14 15 16 17 18 19 20 21 22 23 24
 25 26 27 28 29 30 31 32 33 34 35 36 37 38]
C_final_list= [7.477057225585031e-07, 6.257685455596663e-07, 5.202180629884722e-07, 4.307849071468984e-07, 3.5665391615622593e-07, 2.9484594375752033e-07, 2.43914373972554e-07, 2.0208921528256293e-07, 1.6728780003214146e-07, 1.385453899461957e-07, 1.1486532891745324e-07, 9.488233047607625e-08, 7.831125238785232e-08, 6.44486469033366e-08, 5.291056160885163e-08, 4.3471353762749195e-08, 3.561036455786048e-08, 2.9235845215875556e-08, 2.3940920751918182e-08, 1.9518930280039778e-08, 1.5962833898105624e-08, 1.302633325718734e-08, 1.0683876979233132e-08, 8.729256282749023e-09, 7.104010730858275e-09, 5.768944351549241e-09, 4.71084179280638e-09, 3.836199452966572e-09, 3.1283830322394517e-09, 2.54522939682109e-09, 2.0772198198372365e-09, 1.69105072468262e-09, 1.368551266834216e-09, 1.1060368049947306e-09, 8.899859416597594e-10, 7.158902470134953e-10, 5.76307291821769e-10, 4.6311463080741173e-10]
W_list: [7.4]
L_list: [5.322465573302189]
