C_final_list: [1.0753823070896036e-06, 9.872873100400752e-07, 9.037565424993093e-07, 8.254569705031848e-07, 7.532686184496485e-07, 6.868390316209621e-07, 6.270029802376372e-07, 5.719622191676469e-07, 5.21527244446792e-07, 4.7508298737048027e-07, 4.3261881222940765e-07, 3.9356218968577866e-07, 3.575160442687377e-07, 3.2470039749265755e-07, 2.9486786357920793e-07, 2.6749865807476647e-07, 2.4242178550630133e-07, 2.1956401421389577e-07, 1.989446220177391e-07, 1.800996993370198e-07, 1.6323574473694462e-07, 1.4778652273568963e-07, 1.3366566747813285e-07, 1.2078777761270633e-07, 1.0921566938967926e-07, 9.881907913721772e-08, 8.938021140591871e-08, 8.086236587165784e-08, 7.325630708420293e-08, 6.641606663259445e-08, 6.017496165162937e-08, 5.448844053631018e-08, 4.926074252373115e-08, 4.4583265940809425e-08, 4.036126634607615e-08, 3.64954391002272e-08, 3.296785259025043e-08, 2.9762747088037807e-08, 2.682723461244448e-08, 2.4143790200587368e-08, 2.1755190336495878e-08, 1.9608733896071498e-08, 1.7686582635881567e-08, 1.5967717493289043e-08, 1.4381579712195413e-08, 1.295484602046642e-08, 1.1675637683980857e-08, 1.051696092219622e-08, 9.465676349098774e-09, 8.522506991744504e-09]
ndim2: 500
W_list: [4.2]
L_list: [10.639937249135999]
