C_final_list: [2.3401749887336605e-06, 2.262369254811747e-06, 2.186269829884501e-06, 2.1134434476288857e-06, 2.041240229626129e-06, 1.97314441131568e-06, 1.9066777230875462e-06, 1.8416686617555212e-06, 1.778903287650677e-06, 1.718880760145221e-06, 1.6609962966653736e-06, 1.6053565273000323e-06, 1.55126559119918e-06, 1.4988299517620396e-06, 1.4484532241272406e-06, 1.3991266147586091e-06, 1.352169422163503e-06, 1.3052171895910139e-06, 1.260159591247051e-06, 1.2164680127715332e-06, 1.1746442980162737e-06, 1.1344840608941567e-06, 1.0950940081780033e-06, 1.0566011924676825e-06, 1.019541914028816e-06, 9.840994876711493e-07, 9.496687343941634e-07, 9.165150549970787e-07, 8.846045680954484e-07, 8.536372316673543e-07, 8.240372354627483e-07, 7.951511235792606e-07, 7.671374734491288e-07, 7.398209792297484e-07, 7.134331784873109e-07, 6.879723272842997e-07, 6.6325562634816e-07, 6.391212531579623e-07, 6.15664297900885e-07, 5.930204798862951e-07, 5.711866563507928e-07, 5.500150587791979e-07, 5.293979677252356e-07, 5.096405858051092e-07, 4.905745497657987e-07, 4.723029993459726e-07, 4.54529748639972e-07, 4.375034703875799e-07, 4.211000751674826e-07, 4.052185357974922e-07]
ndim2: 500
W_list: [2.0]
L_list: [28.47951716578246]
