R_list= [ 1  2  3  4  5  6  7  8  9 10 11 12 13 14 15 16 17 18 19 20 21 22 23 24
 25 26 27 28 29 30 31 32 33 34 35 36 37 38]
C_final_list= [3.635964502898132e-05, 2.3825457383434153e-05, 1.549654216849981e-05, 1.0075278985586653e-05, 6.5277935677232895e-06, 4.229173074046079e-06, 2.7374877213190344e-06, 1.7690531886903485e-06, 1.1410998237552663e-06, 7.346786729543651e-07, 4.7440970384598427e-07, 3.0618973061819883e-07, 1.9827217471383526e-07, 1.2790680744844632e-07, 8.263878200665292e-08, 5.3279069426569454e-08, 3.438112541563638e-08, 2.2202308059721542e-08, 1.438834895829862e-08, 9.346305624791208e-09, 6.013561542653661e-09, 3.890298317843388e-09, 2.499696172559078e-09, 1.5813171385062249e-09, 1.0114194262987782e-09, 6.384588211250233e-10, 4.0488352063232924e-10, 2.561966112339487e-10, 1.6053004515299818e-10, 1.0305960425714191e-10, 6.600080043936365e-11, 4.208340419980711e-11, 2.6367258782209545e-11, 1.6405913510741685e-11, 1.0160523242895068e-11, 6.491690377782694e-12, 4.180558356428772e-12, 2.7728111986347045e-12]
W_list: [8.15]
L_list: [2.3328437878162904]
