C_final_list: [1.8122283216371504e-06, 1.7561718787513185e-06, 1.7001464513935856e-06, 1.6464583756449808e-06, 1.5943627707997297e-06, 1.5428766815079666e-06, 1.4934649911843113e-06, 1.4449558986468e-06, 1.398555520205546e-06, 1.3534220491811902e-06, 1.3097880553098283e-06, 1.267810053299955e-06, 1.2276308223990164e-06, 1.188677197955877e-06, 1.150420566021144e-06, 1.1139578711111333e-06, 1.0789008641919014e-06, 1.0447165357858175e-06, 1.0118447313802286e-06, 9.801767517891486e-07, 9.496165106028644e-07, 9.192975729956555e-07, 8.900581693931932e-07, 8.618323955601316e-07, 8.344766673556732e-07, 8.080605475875827e-07, 7.828390968071955e-07, 7.582642159970358e-07, 7.344467585695083e-07, 7.111584374137e-07, 6.884416880693376e-07, 6.662088255011931e-07, 6.448743014986731e-07, 6.240408288882073e-07, 6.041365196638694e-07, 5.846585057660872e-07, 5.657909408965795e-07, 5.474690524908942e-07, 5.295880850416155e-07, 5.122261844005108e-07, 4.953851851198941e-07, 4.790094555479416e-07, 4.63188998941292e-07, 4.4801069863519714e-07, 4.332375762020474e-07, 4.189694409457302e-07, 4.0498296209071195e-07, 3.9133910572798304e-07, 3.782192509426456e-07, 3.655442461906372e-07]
ndim2: 500
W_list: [3.05]
L_list: [30.847029153207362]
