R_list= [ 1  2  3  4  5  6  7  8  9 10 11 12 13 14 15 16 17 18 19 20 21 22 23 24
 25 26 27 28 29 30 31 32 33 34 35 36 37 38]
C_final_list= [2.118298043981036e-06, 2.0105256091746824e-06, 1.935650961868533e-06, 1.855209916418332e-06, 1.7799235099895356e-06, 1.7086126326764425e-06, 1.6400346262728062e-06, 1.5752789859211406e-06, 1.5127434415631957e-06, 1.4515534218440454e-06, 1.3929378088036051e-06, 1.3370462314404664e-06, 1.283313754383831e-06, 1.2319482844884678e-06, 1.183448884951664e-06, 1.13678151301116e-06, 1.091432834085253e-06, 1.047769562947299e-06, 1.0055821597746005e-06, 9.647676255808239e-07, 9.257680983183388e-07, 8.88461189625013e-07, 8.524110452181291e-07, 8.17406171548529e-07, 7.835428168983696e-07, 7.51227479868189e-07, 7.206406541911199e-07, 6.915094673405646e-07, 6.63288054450071e-07, 6.360926829660619e-07, 6.100570940071997e-07, 5.852953656621994e-07, 5.614819126875333e-07, 5.385239712756779e-07, 5.16126376681549e-07, 4.944361332521319e-07, 4.7378023731391773e-07, 4.542132406091265e-07]
W_list: [4]
L_list: [24.274832672249584]
