R_list= [ 1  2  3  4  5  6  7  8  9 10 11 12 13 14 15 16 17 18 19 20 21 22 23 24
 25 26 27 28 29 30 31 32 33 34 35 36 37 38]
C_final_list= [1.7153902237735991e-06, 1.5390042650132145e-06, 1.3934560013176169e-06, 1.2772662966358693e-06, 1.1737898168069255e-06, 1.0777689491934183e-06, 9.89102244344221e-07, 9.082559804855183e-07, 8.341448308134472e-07, 7.657691394315174e-07, 7.017128651903796e-07, 6.424504674578059e-07, 5.879400429094415e-07, 5.386504024915232e-07, 4.942675668550092e-07, 4.5362480027350567e-07, 4.159950360941874e-07, 3.811808587406416e-07, 3.4907246643664854e-07, 3.1952221867028676e-07, 2.9239113707923033e-07, 2.672701663174283e-07, 2.4427960820295235e-07, 2.2324942604940346e-07, 2.0396077750185767e-07, 1.8630799623478312e-07, 1.700075504409433e-07, 1.549837104804177e-07, 1.4117983400260852e-07, 1.2859194913350345e-07, 1.1714731469760151e-07, 1.0672463388803883e-07, 9.723515957954315e-08, 8.858456802131797e-08, 8.068819070527296e-08, 7.346524591691977e-08, 6.6900434357995e-08, 6.097137928871041e-08]
W_list: [4]
L_list: [11.35483772727045]
