R_list= [ 1  2  3  4  5  6  7  8  9 10 11 12 13 14 15 16 17 18 19 20 21 22 23 24
 25 26 27 28 29 30]
C_final_list= [3.8718308866098225e-07, 3.2364380150180225e-07, 2.7188912345630144e-07, 2.2803371290324187e-07, 1.9070328237127527e-07, 1.5928171347106538e-07, 1.3295941145132803e-07, 1.1121346692508731e-07, 9.301194572535957e-08, 7.778452372836712e-08, 6.494364195658768e-08, 5.404164924008881e-08, 4.485786536593368e-08, 3.718493442950096e-08, 3.074712835303906e-08, 2.5513020148551677e-08, 2.115275850437726e-08, 1.7522025786204194e-08, 1.4501157258222134e-08, 1.198598745605414e-08, 9.894974555310368e-09, 8.145876608608513e-09, 6.700651162510553e-09, 5.525305887742821e-09, 4.550167572361917e-09, 3.745962285890907e-09, 3.078452753260283e-09, 2.521886894111748e-09, 2.0679081182861116e-09, 1.6976986286105214e-09]
W_list: [6]
L_list: [5.58359274767418]
