C_final_list: [9.774252138308799e-07, 9.386030100558229e-07, 8.99636267860044e-07, 8.616390731006351e-07, 8.244680659392011e-07, 7.880457071284657e-07, 7.535191580146604e-07, 7.207241254640544e-07, 6.893197836775365e-07, 6.592687013209469e-07, 6.304437892502319e-07, 6.027000818902077e-07, 5.76179742006689e-07, 5.509606378794075e-07, 5.267279424962195e-07, 5.037521316893059e-07, 4.816029129561226e-07, 4.6017439458074943e-07, 4.397856234567449e-07, 4.2019591463431054e-07, 4.016492591437563e-07, 3.839270382302388e-07, 3.6696407003312925e-07, 3.5056755617995874e-07, 3.349760461132041e-07, 3.2015516839021773e-07, 3.058512566757803e-07, 2.9228184967092887e-07, 2.792772031321801e-07, 2.668768827224655e-07, 2.550119466674995e-07, 2.4355160208131196e-07, 2.3261365585586995e-07, 2.2225089080735482e-07, 2.122097236780742e-07]
ndim2: 500
W_list: [3.8]
L_list: [22.30608911497321]
