R_list= [ 1  2  3  4  5  6  7  8  9 10 11 12 13 14 15 16 17 18 19 20 21 22 23 24
 25 26 27 28 29 30 31 32 33 34 35 36 37 38]
C_final_list= [4.776634646741636e-07, 4.4720883695912675e-07, 4.161732043642157e-07, 3.8612849575977603e-07, 3.578338702115427e-07, 3.31211900069223e-07, 3.062289911054205e-07, 2.829534914098902e-07, 2.612199352952211e-07, 2.411916620429019e-07, 2.2252963453058333e-07, 2.0537090149460062e-07, 1.8960020577260443e-07, 1.7497589037216612e-07, 1.614144813394401e-07, 1.489041853147589e-07, 1.372972653276202e-07, 1.264904815056005e-07, 1.1642320393118317e-07, 1.0713153183186931e-07, 9.861454074237551e-08, 9.073118493442202e-08, 8.348874119604772e-08, 7.68558129838527e-08, 7.074340319351567e-08, 6.509510301857452e-08, 5.984495105226005e-08, 5.4955675441362794e-08, 5.049420304668186e-08, 4.637152308801966e-08, 4.258788016967898e-08, 3.91087163068334e-08, 3.591970805024838e-08, 3.2977283766256536e-08, 3.0271033629319864e-08, 2.77848120182699e-08, 2.5503352846638193e-08, 2.3408275089768504e-08]
W_list: [7.2]
L_list: [12.598943559950225]
