R_list= [ 1  2  3  4  5  6  7  8  9 10 11 12 13 14 15 16 17 18 19 20 21 22 23 24
 25 26 27 28 29 30 31 32 33 34 35 36 37 38]
C_final_list= [9.481462153342141e-07, 7.964397212082676e-07, 6.754404724490205e-07, 5.729929465738368e-07, 4.861009477471919e-07, 4.109612127796557e-07, 3.4732863484523776e-07, 2.931865434964328e-07, 2.4680929153740846e-07, 2.081564993432948e-07, 1.7556547927506033e-07, 1.4811405970213182e-07, 1.247653670339419e-07, 1.0477226362026948e-07, 8.817944541455112e-08, 7.418165364138993e-08, 6.250325575780746e-08, 5.2605770009948886e-08, 4.421800324728854e-08, 3.7198715839425076e-08, 3.1295842766840706e-08, 2.6347602654709528e-08, 2.210386226660455e-08, 1.8532457474852762e-08, 1.5538030889230705e-08, 1.3014432598076662e-08, 1.0878556041632857e-08, 9.092705878329459e-09, 7.602707411885081e-09, 6.3372143678980895e-09, 5.264115784262322e-09, 4.368209619915913e-09, 3.633819444843923e-09, 3.014650271902281e-09, 2.507452409515814e-09, 2.0780679042332517e-09, 1.7196675556807859e-09, 1.4279651685448656e-09]
W_list: [6]
L_list: [5.93734496729465]
