R_list= [ 1  2  3  4  5  6  7  8  9 10 11 12 13 14 15 16 17 18 19 20 21 22 23 24
 25 26 27 28 29 30 31 32 33 34 35 36 37 38]
C_final_list= [8.433301632226987e-07, 7.18532480682319e-07, 6.094014618612348e-07, 5.1833690664161e-07, 4.390923434426116e-07, 3.7045468949478874e-07, 3.1261003992068254e-07, 2.636704558315723e-07, 2.2237520041377746e-07, 1.879818225802733e-07, 1.5871211047894067e-07, 1.3361124031164922e-07, 1.1234323568169171e-07, 9.44868365362014e-08, 7.946224802230268e-08, 6.677743429206263e-08, 5.6064850211154016e-08, 4.7093673761147184e-08, 3.9583814480423634e-08, 3.3128464248682083e-08, 2.7709060123812106e-08, 2.3175393405977744e-08, 1.944201737845003e-08, 1.6281637938447132e-08, 1.3619590663025697e-08, 1.1384517492621986e-08, 9.504779096464124e-09, 7.924803719753326e-09, 6.595953839633065e-09, 5.491356799023582e-09, 4.5853246096230655e-09, 3.840431884385522e-09, 3.2230575683421224e-09, 2.6991323963483693e-09, 2.2549529064302904e-09, 1.884131042714171e-09, 1.5746583104683277e-09, 1.3158087601578915e-09]
W_list: [7.0]
L_list: [5.9714881739089805]
