R_list= [ 1  2  3  4  5  6  7  8  9 10 11 12 13 14 15 16 17 18 19 20 21 22 23 24
 25 26 27 28 29 30 31 32 33 34 35 36 37 38]
C_final_list= [2.6081719891615108e-06, 2.3176714310688037e-06, 2.0414550402851543e-06, 1.7916588534161639e-06, 1.5685619298893253e-06, 1.371560396661052e-06, 1.1989214425659806e-06, 1.0476624926091614e-06, 9.142723430308963e-07, 7.97660914209002e-07, 6.954180753643322e-07, 6.0583931568534e-07, 5.275717472100763e-07, 4.5891435147607315e-07, 3.994028032843412e-07, 3.4754213271086547e-07, 3.021284853263609e-07, 2.6260796975067933e-07, 2.2821514190771875e-07, 1.9821448536135978e-07, 1.7216167927793235e-07, 1.495367478100742e-07, 1.298706012723794e-07, 1.1265469038689347e-07, 9.765149432273852e-08, 8.469835762899337e-08, 7.347943703820296e-08, 6.376606775243747e-08, 5.529899946176735e-08, 4.79276399378609e-08, 4.156163647663079e-08, 3.6047358736728e-08, 3.126317521731704e-08, 2.7119428794268426e-08, 2.3495695947604577e-08, 2.0327268183480522e-08, 1.759221360341089e-08, 1.5224917907816484e-08]
W_list: [8.05]
L_list: [7.470691028587309]
