R_list= [ 1  2  3  4  5  6  7  8  9 10 11 12 13 14 15 16 17 18 19 20 21 22 23 24
 25 26 27 28 29 30 31 32 33 34 35 36 37 38]
C_final_list= [4.294929356775518e-07, 3.667492554090709e-07, 3.0911018534711376e-07, 2.587122932401285e-07, 2.156289993302511e-07, 1.7926904380696978e-07, 1.4869131927256545e-07, 1.2330033548446478e-07, 1.0222529702065287e-07, 8.462927188430851e-08, 7.000528211704186e-08, 5.7920030319539204e-08, 4.793782827324488e-08, 3.963903171431804e-08, 3.2794001914023644e-08, 2.7148612931655518e-08, 2.242944706075855e-08, 1.8464386379553184e-08, 1.5173515515065378e-08, 1.2486433628760022e-08, 1.0295051930556555e-08, 8.500765045104207e-09, 7.045859657570233e-09, 5.840726431506576e-09, 4.854566366838335e-09, 4.034285270189783e-09, 3.346880021392236e-09, 2.7734864395434083e-09, 2.2951903593691443e-09, 1.8963656283205693e-09, 1.5650985253733714e-09, 1.2892171401155074e-09, 1.0605811525879713e-09, 8.741590044703057e-10, 7.203372233031991e-10, 5.930866646675413e-10, 4.886298423830043e-10, 4.021420692386147e-10]
W_list: [8.8]
L_list: [5.533435436639359]
