R_list= [ 1  2  3  4  5  6  7  8  9 10 11 12 13 14 15 16 17 18 19 20 21 22 23 24
 25 26 27 28 29 30 31 32 33 34 35 36 37 38]
C_final_list= [2.1338972938588082e-07, 1.8997841007033003e-07, 1.6718721657856735e-07, 1.4626888246226992e-07, 1.2748529037284244e-07, 1.106741389278894e-07, 9.585109455953379e-08, 8.306431666644623e-08, 7.192237161107957e-08, 6.21712534310161e-08, 5.3743546720276454e-08, 4.639313838824283e-08, 4.005122664583763e-08, 3.455208531778076e-08, 2.977429348911634e-08, 2.5685111023960253e-08, 2.212946588762896e-08, 1.9084402280815486e-08, 1.6467207053928385e-08, 1.4204405404099732e-08, 1.2250405859384874e-08, 1.0559034934104028e-08, 9.093054212135788e-09, 7.821358990333347e-09, 6.721680761706056e-09, 5.7792671956824935e-09, 4.96808090813491e-09, 4.276226669932172e-09, 3.6818073553364545e-09, 3.1731890307385465e-09, 2.7329432787041736e-09, 2.355983862434079e-09, 2.029187453072539e-09, 1.7466182161326064e-09, 1.5026874051891388e-09, 1.2944414630637064e-09, 1.1177780453994864e-09, 9.634096059004226e-10]
W_list: [8.2]
L_list: [7.155494371013716]
