C_final_list: [1.8888350367831743e-06, 1.6393659430336858e-06, 1.449906962257063e-06, 1.2678031078371126e-06, 1.1093993841782875e-06, 9.75284636877311e-07, 8.549636903606855e-07, 7.497954776991685e-07, 6.542387712672889e-07, 5.723511442055675e-07, 5.006860525998923e-07, 4.356932034153513e-07, 3.809756461718332e-07, 3.3188330181031914e-07, 2.8973762509194073e-07, 2.531530809520607e-07, 2.2169509000148062e-07, 1.9368572125843346e-07, 1.6899598911105645e-07, 1.48114856286514e-07, 1.2943124073404496e-07, 1.1272414200054347e-07, 9.836584668042483e-08, 8.547224891067223e-08, 7.425008239249144e-08, 6.448669855508632e-08, 5.588793176073322e-08, 4.857755497083489e-08, 4.233608256661627e-08, 3.673558678435729e-08, 3.189431847863175e-08, 2.7702404382813568e-08, 2.410269707197039e-08, 2.093570604395415e-08, 1.821085018597728e-08]
ndim2: 500
W_list: [1.6]
L_list: [7.507982627868716]
