R_list= [ 1  2  3  4  5  6  7  8  9 10 11 12 13 14 15 16 17 18 19 20 21 22 23 24
 25 26 27 28 29 30 31 32 33 34 35 36 37 38]
C_final_list= [2.1067346439244624e-06, 1.943365515363748e-06, 1.8368091661120654e-06, 1.7380560822712511e-06, 1.6378526533663052e-06, 1.5449473742535323e-06, 1.4583804105431747e-06, 1.3775737393650628e-06, 1.3023435369642328e-06, 1.231110228076801e-06, 1.1631432724127697e-06, 1.0996308075318334e-06, 1.0407143435328666e-06, 9.843376030333839e-07, 9.302645418690079e-07, 8.794737310974707e-07, 8.311675215727632e-07, 7.848964200283524e-07, 7.40771046159736e-07, 6.993541080346288e-07, 6.602991850212341e-07, 6.233460459830265e-07, 5.884286030829062e-07, 5.554916764943884e-07, 5.239713253208543e-07, 4.939714861959243e-07, 4.6580847011577174e-07, 4.3896138871124564e-07, 4.1322286321428854e-07, 3.8906680309278073e-07, 3.663889646351558e-07, 3.451099252169476e-07, 3.249019666557195e-07, 3.0546694226576714e-07, 2.8735357651195925e-07, 2.703423244464555e-07, 2.5425828412984165e-07, 2.3911875502470014e-07]
W_list: [4]
L_list: [17.379456672778336]
