R_list= [ 1  2  3  4  5  6  7  8  9 10 11 12 13 14 15 16 17 18 19 20 21 22 23 24
 25 26 27 28 29 30 31 32 33 34 35 36 37 38]
C_final_list= [5.802152163536482e-07, 5.077165281887448e-07, 4.408353681570405e-07, 3.820511011724577e-07, 3.305714458261531e-07, 2.86317479913442e-07, 2.476893803812685e-07, 2.145086724053572e-07, 1.8588511271998288e-07, 1.6086514926196118e-07, 1.389700560221891e-07, 1.2006647485434328e-07, 1.0354868125050481e-07, 8.932112839006478e-08, 7.694180750365953e-08, 6.617014373800617e-08, 5.6685749812717384e-08, 4.852189443753041e-08, 4.147211855910842e-08, 3.5439866047270065e-08, 3.028451683359445e-08, 2.590251513334165e-08, 2.219548706570567e-08, 1.9022294262646283e-08, 1.6302528834592143e-08, 1.396469384311944e-08, 1.195519131626617e-08, 1.0211616807467204e-08, 8.74283987638327e-09, 7.483136991292194e-09, 6.4123248557307056e-09, 5.494377792133315e-09, 4.706252711465555e-09, 4.029987437045045e-09, 3.44311761684106e-09, 2.936054083688048e-09, 2.5048897180426293e-09, 2.1367384232526832e-09]
W_list: [7]
L_list: [6.925203431621989]
