R_list= [ 1  2  3  4  5  6  7  8  9 10 11 12 13 14 15 16 17 18 19 20 21 22 23 24
 25 26 27 28 29 30 31 32 33 34 35 36 37 38]
C_final_list= [4.704184268790733e-07, 3.9496540302824923e-07, 3.3193922560861074e-07, 2.773489879043279e-07, 2.3157156141278737e-07, 1.9317094357718388e-07, 1.6129548797273487e-07, 1.3452618453184566e-07, 1.119280499195481e-07, 9.312715013808076e-08, 7.750034846064556e-08, 6.442828187023131e-08, 5.34709242215989e-08, 4.438917413925691e-08, 3.685974656004257e-08, 3.059312718601209e-08, 2.5322739326653955e-08, 2.092807353790445e-08, 1.7322122046965565e-08, 1.428534012920067e-08, 1.178911615494033e-08, 9.742815597902037e-09, 8.06662608548704e-09, 6.688947114330684e-09, 5.528887716595826e-09, 4.590833644610944e-09, 3.813437285294164e-09, 3.1705814052723753e-09, 2.630876640348652e-09, 2.1857875470016674e-09, 1.8087301050445763e-09, 1.4957983984755568e-09, 1.2375729637292911e-09, 1.0199554886502617e-09, 8.436720585852902e-10, 7.017540843934923e-10, 5.829317384449296e-10, 4.849818204092464e-10]
W_list: [7]
L_list: [5.547145005419907]
