R_list= [ 1  2  3  4  5  6  7  8  9 10 11 12 13 14 15 16 17 18 19 20 21 22 23 24
 25 26 27 28 29 30 31 32 33 34 35 36 37 38]
C_final_list= [4.090528851210939e-07, 3.6347850488871803e-07, 3.2121260854216603e-07, 2.8259023080006394e-07, 2.479855972834842e-07, 2.1731743575787588e-07, 1.9023647420751212e-07, 1.6647332717465505e-07, 1.4550259947984274e-07, 1.274743328155099e-07, 1.1169338702428303e-07, 9.779144685781604e-08, 8.560869147901238e-08, 7.490871484411498e-08, 6.552938102827929e-08, 5.738986960830562e-08, 5.023262235401031e-08, 4.39182719054056e-08, 3.833614684698814e-08, 3.3415523876662024e-08, 2.9080682944429178e-08, 2.528789466975123e-08, 2.1976345421079542e-08, 1.9107056125159645e-08, 1.6631533711251977e-08, 1.4460019351106532e-08, 1.2589509471025658e-08, 1.0964068393309512e-08, 9.542148539272376e-09, 8.311242539935324e-09, 7.243593358157442e-09, 6.312762192003259e-09, 5.492470409261079e-09, 4.769814347421654e-09, 4.148340106826107e-09, 3.6113322320767076e-09, 3.132121015718796e-09, 2.718503454356831e-09]
W_list: [7]
L_list: [7.631559612009192]
