R_list= [ 1  2  3  4  5  6  7  8  9 10 11 12 13 14 15 16 17 18 19 20 21 22 23 24
 25 26 27 28 29 30 31 32 33 34 35 36 37 38]
C_final_list= [1.884465579576881e-07, 1.6644199248238982e-07, 1.451009206855022e-07, 1.2547039079910974e-07, 1.0815056458156576e-07, 9.281724230193546e-08, 7.962100306876663e-08, 6.830986340614955e-08, 5.8621593604675255e-08, 5.018920244087616e-08, 4.290070360941871e-08, 3.663643290987566e-08, 3.1216485539264484e-08, 2.6594108428668278e-08, 2.2667189751115655e-08, 1.9323217102025287e-08, 1.6456705222734323e-08, 1.4037930062140583e-08, 1.196501346932926e-08, 1.0201340332063818e-08, 8.690320256699196e-09, 7.411683847307931e-09, 6.322206717986128e-09, 5.384962062313002e-09, 4.575628668161201e-09, 3.889303310053971e-09, 3.304831416414124e-09, 2.808348097332017e-09, 2.3882457395493218e-09, 2.0306836278606732e-09, 1.7246807994244921e-09, 1.4639817085822558e-09, 1.2428503830549827e-09, 1.0540247677225286e-09, 8.918058114584747e-10, 7.549599507412688e-10, 6.400463028639715e-10, 5.415460321842656e-10]
W_list: [8.4]
L_list: [6.683714463293265]
