R_list= [ 1  2  3  4  5  6  7  8  9 10 11 12 13 14 15 16 17 18 19 20 21 22 23 24
 25 26 27 28 29 30 31 32 33 34 35 36 37 38]
C_final_list= [5.468929874129946e-07, 5.162147817407527e-07, 4.850977977954293e-07, 4.546094874261282e-07, 4.254746248662237e-07, 3.9768543932260815e-07, 3.714646604690922e-07, 3.4703991417441697e-07, 3.2420759126522355e-07, 3.0277294360943797e-07, 2.8249600882268135e-07, 2.6337403783069134e-07, 2.4563766617060056e-07, 2.2898278353214912e-07, 2.1338249343074178e-07, 1.9902849098876552e-07, 1.85730136934857e-07, 1.7339678284991538e-07, 1.6184662378626573e-07, 1.5101433084763538e-07, 1.4089196782145917e-07, 1.314642154691623e-07, 1.2270775240257913e-07, 1.1449670028777995e-07, 1.069158192703401e-07, 9.98142983130769e-08, 9.313714886457658e-08, 8.683809909862856e-08, 8.096452146769854e-08, 7.543212851713397e-08, 7.027448145934616e-08, 6.542204233060574e-08, 6.092363831632357e-08, 5.674571792241568e-08, 5.2868368877808115e-08, 4.925223064710861e-08, 4.5892210060234696e-08, 4.278520704083363e-08]
W_list: [6.8]
L_list: [14.633205467870967]
