C_final_list: [1.753034142956514e-06, 1.699492067872097e-06, 1.6511889501620369e-06, 1.6002334228210793e-06, 1.5508567647148953e-06, 1.5025917094967928e-06, 1.4567508180240846e-06, 1.4118986292749327e-06, 1.369318711386123e-06, 1.327358463322238e-06, 1.286758161841946e-06, 1.2479492782605526e-06, 1.2097559355676995e-06, 1.172696527955467e-06, 1.1367626621543063e-06, 1.102120705748098e-06, 1.0684652801449494e-06, 1.0357460736955155e-06, 1.0042552680780291e-06, 9.734298634340416e-07, 9.430133632762124e-07, 9.140452202326131e-07, 8.855648461625366e-07, 8.583764739072262e-07, 8.311799347075198e-07, 8.048378261562954e-07, 7.794733621975743e-07, 7.551716508025496e-07, 7.314016811745144e-07, 7.083063946657952e-07, 6.863510818932007e-07, 6.65395279186061e-07, 6.443268270239399e-07, 6.243411390537833e-07, 6.048918850681994e-07]
ndim2: 500
W_list: [1.6]
L_list: [32.04020798837258]
