C_final_list: [2.0679453980239857e-06, 2.0506737468280145e-06, 2.0338706720539353e-06, 2.017771885561232e-06, 2.002007705854746e-06, 1.9866642073003878e-06, 1.9713034730684393e-06, 1.956445740433267e-06, 1.941664194077939e-06, 1.9269586764739572e-06, 1.9123929249433997e-06, 1.8977593220229234e-06, 1.8832707318105663e-06, 1.8687528732200516e-06, 1.854331276295222e-06, 1.840009793706062e-06, 1.8258120297252068e-06, 1.8116607338815272e-06, 1.7977092132233666e-06, 1.783809405917979e-06, 1.770088326868339e-06, 1.7563462323252547e-06, 1.7428281882653488e-06, 1.729414914344941e-06, 1.7162229844237245e-06, 1.7031743224791717e-06, 1.6903201063633452e-06, 1.6773327115746606e-06, 1.6645455767644452e-06, 1.6519512559575838e-06, 1.6395471194008662e-06, 1.6272291098251487e-06, 1.6147833537948848e-06, 1.6023307160120246e-06, 1.590059371196971e-06, 1.5777557517292016e-06, 1.5656170352839461e-06, 1.5535225996164557e-06, 1.541590579346821e-06, 1.5297489591944696e-06, 1.5179079697088418e-06, 1.5062762135809868e-06, 1.4947095422353072e-06, 1.4833574355599395e-06, 1.4720434265137012e-06, 1.460782862005045e-06, 1.4496390636910819e-06, 1.4386002462815674e-06, 1.4275962404443162e-06, 1.4164787846642754e-06]
ndim2: 500
W_list: [2.2]
L_list: [129.90558267975285]
