C_list:
1.495169714855231e-06 0.036716338785085297
ndim2: 500
W_list: [2.0]
L_list: [27.235831052038726]
