C_list:
4.1589620543831997e-07 0.12400272367643034
ndim2: 500
W_list: [4.0]
L_list: [8.06433899475769]
