R_list= [ 1  2  3  4  5  6  7  8  9 10 11 12 13 14 15 16 17 18 19 20 21 22 23 24
 25 26 27 28 29 30 31 32 33 34 35 36 37 38]
C_final_list= [2.119725625163252e-05, 1.7257994212878983e-05, 1.3921673460875635e-05, 1.1196845196322671e-05, 8.98890615304359e-06, 7.199798450510623e-06, 5.765733785873201e-06, 4.617029580917238e-06, 3.6923950878894406e-06, 2.9538742989714955e-06, 2.360935113340407e-06, 1.888802490543518e-06, 1.5105367129683795e-06, 1.2080800151250449e-06, 9.663291298708169e-07, 7.736414162202203e-07, 6.190228151799854e-07, 4.947595013110625e-07, 3.9568744312893097e-07, 3.164254433267048e-07, 2.52458524586766e-07, 2.0199118569101086e-07, 1.6147038828798155e-07, 1.2916761362604362e-07, 1.0315858197098173e-07, 8.245217745780026e-08, 6.592634759603318e-08, 5.276471710796911e-08, 4.2061862319930404e-08, 3.3544030220260716e-08, 2.6845379072569844e-08, 2.151103678233061e-08, 1.721020671887923e-08, 1.3798771802246942e-08, 1.107234964634113e-08, 8.859272297073479e-09, 7.1010219516299434e-09, 5.7174535755735185e-09]
W_list: [8.25]
L_list: [4.586080645242846]
