R_list= [ 1  2  3  4  5  6  7  8  9 10 11 12 13 14 15 16 17 18 19 20 21 22 23 24
 25 26 27 28 29 30]
C_final_list= [7.418020934103548e-07, 7.038415527793194e-07, 6.652979608625434e-07, 6.280496492648482e-07, 5.92450941196975e-07, 5.588459270700135e-07, 5.268206033154169e-07, 4.967952513550342e-07, 4.6828736995819914e-07, 4.4161090581030507e-07, 4.1630856852437263e-07, 3.922145130765088e-07, 3.693595102043685e-07, 3.477831823224486e-07, 3.274259491959738e-07, 3.081064023474322e-07, 2.8977503918559153e-07, 2.7231749502504683e-07, 2.558279811109002e-07, 2.4020564778153135e-07, 2.2555111813192748e-07, 2.118636727236889e-07, 1.9896170353418904e-07, 1.8668978791971995e-07, 1.7512906077483306e-07, 1.643514872297674e-07, 1.541576305900214e-07, 1.4463049805880698e-07, 1.356551161749456e-07, 1.2718664794944193e-07]
W_list: [6]
L_list: [16.70466456524146]
