R_list= [ 1  2  3  4  5  6  7  8  9 10 11 12 13 14 15 16 17 18 19 20 21 22 23 24
 25 26 27 28 29 30 31 32 33 34 35 36 37 38]
C_final_list= [2.039985590311604e-06, 1.992478648080244e-06, 1.947130016680196e-06, 1.9029101288635807e-06, 1.8597642409800608e-06, 1.817977945785418e-06, 1.7771669956546162e-06, 1.7366715870783044e-06, 1.6972092343407392e-06, 1.6588357600179033e-06, 1.6212213125326993e-06, 1.5843529786435042e-06, 1.5485380296611847e-06, 1.51309740251206e-06, 1.4788670892292468e-06, 1.4457979867615674e-06, 1.4131963520648486e-06, 1.381540216833532e-06, 1.3503174559722074e-06, 1.3196454196327073e-06, 1.2895670016285638e-06, 1.2602302229753605e-06, 1.2314144156518173e-06, 1.2036953473493058e-06, 1.1766600610561479e-06, 1.149919561453824e-06, 1.1239886315397992e-06, 1.098767039474998e-06, 1.074137064470982e-06, 1.0499503519149276e-06, 1.0263278698919945e-06, 1.003068047122793e-06, 9.80388615160618e-07, 9.58332681601745e-07, 9.368706395245143e-07, 9.15916205472778e-07, 8.955881755928998e-07, 8.758812486217474e-07]
W_list: [4]
L_list: [43.71139589463607]
