R_list= [ 1  2  3  4  5  6  7  8  9 10 11 12 13 14 15 16 17 18 19 20 21 22 23 24
 25 26 27 28 29 30 31 32 33 34 35 36 37 38]
C_final_list= [7.965044687068073e-07, 4.019761709964451e-07, 1.6720310820236055e-07, 6.26664392894151e-08, 2.2128482420953365e-08, 7.541183475364151e-09, 2.5288817318401465e-09, 8.381265713823764e-10, 2.757468032163841e-10, 8.96510294503561e-11, 2.8885486025840827e-11, 9.291925182931135e-12, 3.002983981553272e-12, 9.655553706505823e-13, 3.0433624567794566e-13, 9.583453761908466e-14, 3.040530735205469e-14, 9.937819348425561e-15, 3.3602968900435127e-15, 1.129575943040888e-15, 3.7121902689627905e-16, 1.2144517574321163e-16, 3.9597713428180376e-17, 1.2854245872298337e-17, 4.19874580204556e-18, 1.3852057916932348e-18, 4.634679659097899e-19, 1.6609309283334787e-19, 6.775581117812745e-20, 3.156800157358364e-20, 1.6613261935331534e-20, 1.0047247766321629e-20, 6.904842166545039e-21, 5.312692870330275e-21, 4.524730531608194e-21, 4.174602838149388e-21, 4.0169895778770625e-21, 3.910270487719581e-21]
W_list: [5]
L_list: [1.3056102470350426]
