C_final_list: [2.148813709761021e-06, 2.0262913287867817e-06, 1.9533785207889424e-06, 1.8657527189768911e-06, 1.7801422783645176e-06, 1.7032764719510492e-06, 1.6280362884838399e-06, 1.5553455028467111e-06, 1.4866560037150672e-06, 1.4194057562228925e-06, 1.3554534938375768e-06, 1.2952361930074636e-06, 1.2365772947525754e-06, 1.180210264048411e-06, 1.1276125378010076e-06, 1.076886599153506e-06, 1.028341213829137e-06, 9.81962418561989e-07, 9.379574421113617e-07, 8.957659230682675e-07, 8.558212589649643e-07, 8.177848406340405e-07, 7.804960798692766e-07, 7.450889350126952e-07, 7.116479931852596e-07, 6.794410815639091e-07, 6.485268755165801e-07, 6.191290874683095e-07, 5.91295820083011e-07, 5.646149819482531e-07, 5.387892670034801e-07, 5.143023046853815e-07, 4.910230282855585e-07, 4.6862863077733663e-07, 4.4727377872403995e-07]
ndim2: 500
W_list: [1.0]
L_list: [21.798750039484325]
