C_final_list: [1.5875640926931542e-06, 1.2637144614953054e-06, 1.0030926313903213e-06, 7.98040906377566e-07, 6.328145659895003e-07, 5.044603949592199e-07, 4.037307282113948e-07, 3.2059230134909925e-07, 2.541377627146917e-07, 2.0129183813451476e-07, 1.6030722909929658e-07, 1.2811673607650698e-07, 1.0304454210256875e-07, 8.236005105698512e-08, 6.561066478673252e-08, 5.218016595458194e-08, 4.130619913848987e-08, 3.263374392386406e-08, 2.5668372382587026e-08, 2.0199319035936895e-08, 1.58627626389598e-08, 1.2385409247713974e-08, 9.668096053759173e-09, 7.542178924513084e-09, 5.862652340864967e-09, 4.585176642141622e-09, 3.5852858048779242e-09, 2.7749440326537305e-09, 2.1789878481531756e-09, 1.7175246879558776e-09, 1.342784282354469e-09, 1.0400162974755853e-09, 8.025981703807658e-10, 6.31637405215006e-10, 4.975905290290772e-10]
ndim2: 500
W_list: [4.0]
L_list: [4.3672906381153025]
