C_final_list: [2.1754300549230875e-06, 1.971790129310292e-06, 1.7784281451906554e-06, 1.6040843516629324e-06, 1.450431753919903e-06, 1.3089608727400608e-06, 1.1797270997658377e-06, 1.0617055308337575e-06, 9.5528731692108e-07, 8.600136078557989e-07, 7.747030464057466e-07, 6.977869446308802e-07, 6.294287730801283e-07, 5.660916966696399e-07, 5.094467611368323e-07, 4.5781161191649194e-07, 4.120815983814793e-07, 3.7031780700912306e-07, 3.330210606867456e-07, 2.99706071350216e-07, 2.689216880943086e-07, 2.4133003896228955e-07, 2.1664782881321e-07, 1.941800498585244e-07, 1.742924827279735e-07, 1.5613122762683592e-07, 1.4002879863310384e-07, 1.254823630397234e-07, 1.12498684269638e-07, 1.0089543255037577e-07, 9.056534057373699e-08, 8.109007349115638e-08, 7.269672048044029e-08, 6.5089633686031e-08, 5.8400662144758426e-08, 5.2188129225575424e-08, 4.6732783052120994e-08, 4.1772522031351203e-08, 3.733177304978976e-08, 3.341365495404098e-08, 2.984249778310635e-08, 2.669389059681545e-08, 2.3889661930202972e-08, 2.136853090581223e-08, 1.9109871558199165e-08, 1.7102082425339715e-08, 1.529578876987436e-08, 1.3659618393574384e-08, 1.2177755985580262e-08, 1.0873768211962182e-08]
ndim2: 500
W_list: [2.6]
L_list: [9.580124699526602]
