R_list= [ 1  2  3  4  5  6  7  8  9 10 11 12 13 14 15 16 17 18 19 20 21 22 23 24
 25 26 27 28 29 30 31 32 33 34 35 36 37 38]
C_final_list= [3.3135782831048017e-07, 2.768328569123173e-07, 2.2877533906718757e-07, 1.870388042754373e-07, 1.5238936152462348e-07, 1.238280447959483e-07, 1.003427310062756e-07, 8.12955976031831e-08, 6.59148340593601e-08, 5.3462355631019975e-08, 4.3407704815879074e-08, 3.523876986277523e-08, 2.861072376120917e-08, 2.3148412494389714e-08, 1.862731092766205e-08, 1.4957643768610117e-08, 1.2020017559236558e-08, 9.652995609508619e-09, 7.725825689486997e-09, 6.1597140628773386e-09, 4.903065060276436e-09, 3.898976684393357e-09, 3.096863903910259e-09, 2.4618921931806485e-09, 1.958002048561213e-09, 1.5529905974092815e-09, 1.232128095915512e-09, 9.784728548249452e-10, 7.773913106791814e-10, 6.199607385265864e-10, 4.94430975623221e-10, 3.9345984165016046e-10, 3.123223976679063e-10, 2.485762315126511e-10, 1.9694185975849007e-10, 1.560089803731568e-10, 1.239091731314897e-10, 9.878356295295164e-11]
W_list: [9.2]
L_list: [4.956340687877549]
