R_list= [ 1  2  3  4  5  6  7  8  9 10 11 12 13 14 15 16 17 18 19 20 21 22 23 24
 25 26 27 28 29 30 31 32 33 34 35 36 37 38]
C_final_list= [6.041048040618282e-07, 5.027673781804019e-07, 4.150726871569185e-07, 3.411683119360258e-07, 2.80353890930791e-07, 2.2998253140751308e-07, 1.8885796038287408e-07, 1.549805443062346e-07, 1.2701908832253636e-07, 1.0338833618881569e-07, 8.418916448785086e-08, 6.858005042374481e-08, 5.5895326150237833e-08, 4.554433994182495e-08, 3.6975857993352486e-08, 3.001843964331155e-08, 2.4343362864261595e-08, 1.9698880682701264e-08, 1.600135283639572e-08, 1.3027227421659012e-08, 1.058423620947329e-08, 8.614357824911322e-09, 7.0191582833672415e-09, 5.704953649393781e-09, 4.63842423305095e-09, 3.760565494475737e-09, 3.060707123133161e-09, 2.4930626068086023e-09, 2.0200589089261343e-09, 1.635403308949803e-09, 1.3181649079894532e-09, 1.0601662101568921e-09, 8.574494644063954e-10, 6.937640017325925e-10, 5.627998945001235e-10, 4.5669540313886274e-10, 3.7243312550519734e-10, 3.0331863274676545e-10]
W_list: [7]
L_list: [5.095946652085518]
