R_list= [ 1  2  3  4  5  6  7  8  9 10 11 12 13 14 15 16 17 18 19 20 21 22 23 24
 25 26 27 28 29 30 31 32 33 34 35 36 37 38]
C_final_list= [5.938154882118892e-07, 5.447847566347096e-07, 4.97594549712813e-07, 4.539700463744952e-07, 4.136538016497381e-07, 3.7652700658791576e-07, 3.429749834852142e-07, 3.128247264046742e-07, 2.85182295481109e-07, 2.5979109275095423e-07, 2.367004291106295e-07, 2.1604229032246067e-07, 1.9695893267534406e-07, 1.7961461078509943e-07, 1.6378650333420676e-07, 1.4931491612151418e-07, 1.360617296169684e-07, 1.239271457691764e-07, 1.1268701301693854e-07, 1.0237614511458172e-07, 9.298396539997687e-08, 8.440936636105668e-08, 7.660590257481889e-08, 6.947620280512862e-08, 6.300627115809025e-08, 5.717951927713782e-08, 5.185085512638236e-08, 4.7040159398047415e-08, 4.2648271500205615e-08, 3.8655588262409814e-08, 3.506734859335227e-08, 3.182002929969849e-08, 2.88370737577221e-08, 2.6163112014511766e-08, 2.3718867877074545e-08, 2.149866399234859e-08, 1.9481993541909372e-08, 1.7655817941623327e-08]
W_list: [6.4]
L_list: [10.757517971496638]
