C_final_list: [1.5397839104244689e-06, 1.4004023373867858e-06, 1.271498870535792e-06, 1.1524360205290464e-06, 1.0424516583332579e-06, 9.416556374703172e-07, 8.506806217487793e-07, 7.686146948827951e-07, 6.950528654808485e-07, 6.277654526965683e-07, 5.681712059856463e-07, 5.140093583174114e-07, 4.642954821618411e-07, 4.1897224144098195e-07, 3.775933533424101e-07, 3.410600749720953e-07, 3.0723947006015085e-07, 2.7636187718122095e-07, 2.4858685748336116e-07, 2.235305331468901e-07, 2.0053243721500993e-07, 1.799978855840341e-07, 1.6164767237470884e-07, 1.4516621341392258e-07, 1.30412747951783e-07, 1.1708958964082424e-07, 1.0499939966181116e-07, 9.440612976497693e-08, 8.491515341349201e-08, 7.620439657491421e-08, 6.834491056479252e-08, 6.130843088504992e-08, 5.501323945630591e-08, 4.936429666474424e-08, 4.43415120662078e-08]
ndim2: 500
W_list: [3.2]
L_list: [9.86024794650737]
