R_list= [ 1  2  3  4  5  6  7  8  9 10 11 12 13 14 15 16 17 18 19 20 21 22 23 24
 25 26 27 28 29 30 31 32]
C_final_list= [7.587115334549149e-07, 6.965658620079689e-07, 6.397775682873362e-07, 5.85428748127648e-07, 5.35443960099642e-07, 4.890782044810493e-07, 4.4662295654955004e-07, 4.077941674554176e-07, 3.7255343338773875e-07, 3.4030941543826507e-07, 3.109125776557466e-07, 2.839255097872766e-07, 2.5913240795686307e-07, 2.3641734579022687e-07, 2.1541431275551852e-07, 1.9612393259965524e-07, 1.7850172593374223e-07, 1.624224361559345e-07, 1.4793339441186448e-07, 1.3466938759405944e-07, 1.2258304903020808e-07, 1.1157266137203585e-07, 1.0152968515139408e-07, 9.250083766093314e-08, 8.42895998413001e-08, 7.668837066734265e-08, 6.963989125368806e-08, 6.321627887436132e-08, 5.733608809885008e-08, 5.200921790765052e-08, 4.7160115267801636e-08, 4.277336489249308e-08]
W_list: [6]
L_list: [11.003512105526307]
