R_list= [ 1  2  3  4  5  6  7  8  9 10 11 12 13 14 15 16 17 18 19 20 21 22 23 24
 25 26 27 28 29 30 31 32 33 34 35 36 37 38]
C_final_list= [9.215790446221342e-07, 8.424227509663312e-07, 7.661976833806412e-07, 6.949619800778839e-07, 6.297841967829139e-07, 5.706105901633036e-07, 5.167309674931359e-07, 4.6764722757707617e-07, 4.233339083330765e-07, 3.832971055315509e-07, 3.473065149774192e-07, 3.143384166730958e-07, 2.844822160421773e-07, 2.572485861326418e-07, 2.3261127230099673e-07, 2.1001216938721708e-07, 1.8975317731017743e-07, 1.714043902393199e-07, 1.547571612020546e-07, 1.3980645177043922e-07, 1.2636291874724304e-07, 1.1404581845544791e-07, 1.0296977066815378e-07, 9.293322885344885e-08, 8.387197965909488e-08, 7.562085706792839e-08, 6.815221271606724e-08, 6.140142795821105e-08, 5.5332706844174173e-08, 4.985611349201216e-08, 4.489558021530537e-08, 4.040945826725634e-08, 3.636646230051293e-08, 3.270854176327378e-08, 2.940463147435274e-08, 2.6439526188506635e-08, 2.3761400878912444e-08, 2.1309963306844185e-08]
W_list: [7.4]
L_list: [10.073868747972911]
