C_final_list: [1.99378199237327e-06, 1.8813201660522102e-06, 1.7685933308463429e-06, 1.6635875100583934e-06, 1.564075908691304e-06, 1.4703735660675928e-06, 1.38213195647533e-06, 1.3003160510847282e-06, 1.2230369538398114e-06, 1.1509105034768217e-06, 1.0827632159206936e-06, 1.0196526396535975e-06, 9.596227204997004e-07, 9.029120157963403e-07, 8.494237644355405e-07, 7.980516004358261e-07, 7.501796981709756e-07, 7.048691862735512e-07, 6.622469538915587e-07, 6.230129573047975e-07, 5.860810625387408e-07, 5.512659491361358e-07, 5.186028510100887e-07, 4.877974825431339e-07, 4.5870029945909686e-07, 4.3089360157022184e-07, 4.0454906048624216e-07, 3.7998852421016036e-07, 3.5694782941825597e-07, 3.350748378849735e-07, 3.1426101625138735e-07, 2.9462001032234793e-07, 2.7602984849263007e-07, 2.585653173475125e-07, 2.4193079056760266e-07, 2.2609506034299574e-07, 2.1155285612132423e-07, 1.9800724699248574e-07, 1.8520297941802174e-07, 1.733922193966467e-07, 1.621144435825937e-07, 1.5181883979908013e-07, 1.4207845057337968e-07, 1.3298232554646858e-07, 1.2440824244620765e-07, 1.1636571062917011e-07, 1.0884206404858861e-07, 1.0177487515184915e-07, 9.520254008258205e-08, 8.907205287694725e-08]
ndim2: 500
W_list: [2.9499999999999997]
L_list: [16.197444068589157]
