C_final_list: [7.460753971877936e-07, 7.058557577284914e-07, 6.657496337299338e-07, 6.26890017913962e-07, 5.897670928217871e-07, 5.54347416854034e-07, 5.200382120910698e-07, 4.872391002053145e-07, 4.569628723722129e-07, 4.284569374912648e-07, 4.0184450062575535e-07, 3.767353249419707e-07, 3.531559627335121e-07, 3.3072684366573707e-07, 3.0952497864070153e-07, 2.896527766069184e-07, 2.7078371566114227e-07, 2.530977516372289e-07, 2.3664592987452678e-07, 2.2119088970596345e-07, 2.067116195331228e-07, 1.932489677789039e-07, 1.8056028728270064e-07, 1.6883941533755215e-07, 1.5781925376433864e-07, 1.4757495276357557e-07, 1.3794445760978315e-07, 1.2888688737561583e-07, 1.2040723084593542e-07, 1.1252822099034591e-07, 1.0507380884261328e-07, 9.812155947095337e-08, 9.155255869026582e-08, 8.542757613281462e-08, 7.964168996883139e-08, 7.425849484431489e-08, 6.923424471082816e-08, 6.449571864171054e-08, 6.003950075604495e-08, 5.5866552996336404e-08, 5.202268957070931e-08, 4.841007161472561e-08, 4.5049682616802504e-08, 4.1919398645701243e-08, 3.9038087918713765e-08, 3.6356340082046755e-08, 3.385842844507857e-08, 3.1543825630824884e-08, 2.938566937403548e-08, 2.735026380262323e-08]
ndim2: 500
W_list: [4.2]
L_list: [15.339118571772001]
