R_list= [ 1  2  3  4  5  6  7  8  9 10 11 12 13 14 15 16 17 18 19 20 21 22 23 24
 25 26 27 28 29 30 31 32 33 34 35 36 37 38]
C_final_list= [2.938648542009602e-06, 2.3291532312113795e-06, 1.8275462830263907e-06, 1.4292457096481017e-06, 1.1150152024702835e-06, 8.714026382662014e-07, 6.808318537767939e-07, 5.308354479647162e-07, 4.137712634244001e-07, 3.2223215907844816e-07, 2.4969283480026595e-07, 1.9355421392521016e-07, 1.5020238109094925e-07, 1.1629133768248597e-07, 9.009880710605257e-08, 6.980591312497948e-08, 5.4085585266778124e-08, 4.1902172471818047e-08, 3.2593630810814965e-08, 2.5400592208110052e-08, 1.9714755172946482e-08, 1.534361912377666e-08, 1.1972042444305046e-08, 9.344987658031717e-09, 7.277204995695782e-09, 5.647102673587501e-09, 4.358481013931964e-09, 3.3589367201779078e-09, 2.596598483149411e-09, 2.000776909966458e-09, 1.5443577506373713e-09, 1.1826712971275723e-09, 9.017420595641442e-10, 6.934015368009282e-10, 5.356816058333283e-10, 4.116209671726249e-10, 3.160934708582564e-10, 2.4068826215017073e-10]
W_list: [8.6]
L_list: [4.088617796839694]
