R_list= [ 1  2  3  4  5  6  7  8  9 10 11 12 13 14 15 16 17 18 19 20 21 22 23 24
 25 26 27 28 29 30 31 32 33 34 35 36 37 38]
C_final_list= [2.8661833736316055e-05, 2.1359440831386023e-05, 1.579885104806828e-05, 1.1631849328791924e-05, 8.547871311245818e-06, 6.275193891211076e-06, 4.5968848187690015e-06, 3.365477394744257e-06, 2.4599075113844926e-06, 1.7974150676193529e-06, 1.3171845106655472e-06, 9.645433145566273e-07, 7.055125602174125e-07, 5.158201037396975e-07, 3.774756483290987e-07, 2.7484812272810885e-07, 2.001857360981941e-07, 1.459386203074118e-07, 1.064897848342001e-07, 7.752657855240979e-08, 5.62990744223241e-08, 4.089646742007611e-08, 2.9780463696272178e-08, 2.1840175719979913e-08, 1.6096862437523693e-08, 1.1892385454783403e-08, 8.780293869759662e-09, 6.440929246716716e-09, 4.698872526044844e-09, 3.4505182846929124e-09, 2.5321344756648615e-09, 1.8699324108242422e-09, 1.382556001742172e-09, 1.022096450705419e-09, 7.472286217621258e-10, 5.434436148607649e-10, 3.9570778750707285e-10, 2.874504094571133e-10]
W_list: [8.4]
L_list: [3.2891206773761255]
