R_list= [ 1  2  3  4  5  6  7  8  9 10 11 12 13 14 15 16 17 18 19 20 21 22 23 24
 25 26 27 28 29 30 31 32 33 34 35 36 37 38]
C_final_list= [7.860974442918255e-07, 6.76033770562366e-07, 5.798616395728884e-07, 4.973828742958749e-07, 4.2623132572550073e-07, 3.6453562670660677e-07, 3.115881883418919e-07, 2.6597229876968874e-07, 2.2715508945061483e-07, 1.9373185276175134e-07, 1.6498036108932378e-07, 1.405195102868175e-07, 1.195826753653208e-07, 1.0161993025143457e-07, 8.643010264874549e-08, 7.351056079135143e-08, 6.238438686754031e-08, 5.284238235596137e-08, 4.4712639564758806e-08, 3.797109975538813e-08, 3.225125195853728e-08, 2.742650120159906e-08, 2.327556238943441e-08, 1.9788708601299434e-08, 1.6784946386909285e-08, 1.4220878925499634e-08, 1.202138865016914e-08, 1.0164494696348593e-08, 8.592616935322568e-09, 7.291800288812274e-09, 6.186680002780563e-09, 5.2479945506605385e-09, 4.4453295689488014e-09, 3.780465234560576e-09, 3.222330638076362e-09, 2.7289665769500436e-09, 2.316728171076416e-09, 1.9663954037584998e-09]
W_list: [6.4]
L_list: [6.383376499436228]
