R_list= [ 1  2  3  4  5  6  7  8  9 10 11 12 13 14 15 16 17 18 19 20 21 22 23 24
 25 26 27 28 29 30 31 32 33 34 35 36 37 38]
C_final_list= [3.111143119489025e-07, 1.3222532037738767e-07, 4.879845464753116e-08, 1.7181163358488225e-08, 5.960165659514837e-09, 2.0526736191968694e-09, 6.961429487657584e-10, 2.3390527335208516e-10, 7.744274671946393e-11, 2.5178092971997702e-11, 8.165547136054626e-12, 2.659967363494153e-12, 8.320880396610437e-13, 2.5130186109987354e-13, 7.722316597629697e-14, 2.432323075900411e-14, 7.598758054316297e-15, 2.354714871070285e-15, 6.976149995624341e-16, 2.0383387632953608e-16, 5.854169813385249e-17, 1.7022083294823265e-17, 4.628429435455796e-18, 1.2110471152878645e-18, 3.222180066070196e-19, 9.266405803544762e-20, 2.6717641575446093e-20, 7.63512810930278e-21, 2.0951604458354135e-21, 5.462897394487658e-22, 1.4153172778645174e-22, 4.2041703569073885e-23, 1.2656769107683735e-23, 3.896735011386108e-24, 1.280186014378858e-24, 4.533342271705348e-25, 1.8606936036526473e-25, 9.214452236084326e-26]
W_list: [7]
L_list: [1.1114127337819162]
