R_list= [ 1  2  3  4  5  6  7  8  9 10 11 12 13 14 15 16 17 18 19 20 21 22 23 24
 25 26 27 28 29 30 31 32 33 34 35 36 37 38]
C_final_list= [5.843613830063093e-07, 4.83369041722572e-07, 3.969877601248378e-07, 3.25832307663134e-07, 2.6681433565329845e-07, 2.1824623663126315e-07, 1.7807976363052048e-07, 1.452002837107938e-07, 1.184777530454916e-07, 9.669335249075947e-08, 7.872693850723879e-08, 6.401282722358147e-08, 5.2027192442668446e-08, 4.2323146578605614e-08, 3.438344685167281e-08, 2.7970604031045735e-08, 2.2746229490518935e-08, 1.8456204658439158e-08, 1.4942652092551695e-08, 1.2081351315296012e-08, 9.759271244195362e-09, 7.88815601428278e-09, 6.387870191506813e-09, 5.177991162121634e-09, 4.2177054433407855e-09, 3.4440023053272863e-09, 2.8124359646909037e-09, 2.292094536589578e-09, 1.8629501506330737e-09, 1.511521499320783e-09, 1.2322867613624975e-09, 1.0066890717295614e-09, 8.175754905320964e-10, 6.655344692482024e-10, 5.388480646614951e-10, 4.321402443382517e-10, 3.475956249175486e-10, 2.7925713395690207e-10]
W_list: [7]
L_list: [5.005830574616363]
