R_list= [ 1  2  3  4  5  6  7  8  9 10 11 12 13 14 15 16 17 18 19 20 21 22 23 24
 25 26 27 28 29 30 31 32 33 34 35 36 37 38]
C_final_list= [4.4343815186967654e-07, 3.9639675111010163e-07, 3.513957628894507e-07, 3.1053898068116323e-07, 2.735771137437824e-07, 2.407776089216692e-07, 2.1169364594216062e-07, 1.8596902400518649e-07, 1.6338518852599507e-07, 1.4359837719920887e-07, 1.2634186409817654e-07, 1.1096894159727965e-07, 9.736266749364407e-08, 8.52997905614231e-08, 7.456606947957305e-08, 6.520108947369248e-08, 5.697216384199173e-08, 4.974823162405392e-08, 4.345280764106176e-08, 3.791232519884843e-08, 3.30561947770494e-08, 2.8867949705246687e-08, 2.522045569399088e-08, 2.202778041397862e-08, 1.9236114988210692e-08, 1.6789988488468882e-08, 1.465781182814962e-08, 1.2803398614890064e-08, 1.121376200001251e-08, 9.815632568525206e-09, 8.580123400688068e-09, 7.494274381200204e-09, 6.539709917201963e-09, 5.69777973264716e-09, 4.9567241732972135e-09, 4.312458025699062e-09, 3.762883150427994e-09, 3.276653843809079e-09]
W_list: [7.0]
L_list: [7.833204987575749]
