C_final_list: [1.7689317517835582e-06, 1.7463629039877598e-06, 1.7242666710654427e-06, 1.7029311449624066e-06, 1.682241689764506e-06, 1.6618565016814897e-06, 1.6420425781492402e-06, 1.6226552804551357e-06, 1.60348986635727e-06, 1.5846326662847333e-06, 1.5660444609022087e-06, 1.5479757751592201e-06, 1.5299708973215703e-06, 1.5121627045880466e-06, 1.4948846660207315e-06, 1.4775743806244825e-06, 1.4605327346814113e-06, 1.4438816638078656e-06, 1.4273343820380225e-06, 1.4110776560807739e-06, 1.3952341173432885e-06, 1.3792706374113706e-06, 1.3635261923526479e-06, 1.3479162723229275e-06, 1.332393532963924e-06, 1.3170010195865301e-06, 1.3017318572178872e-06, 1.286532605678099e-06, 1.2714254311972518e-06, 1.2564697579179608e-06, 1.2416754800811617e-06, 1.2270416661405389e-06, 1.2125031429736093e-06, 1.1979997400792847e-06, 1.183745896700243e-06, 1.1695260598882519e-06, 1.1554447922382365e-06, 1.1414403322329165e-06, 1.1275406735803711e-06, 1.1139007168839874e-06, 1.1004145756328388e-06, 1.0870858821940988e-06, 1.0738236425162077e-06, 1.0607867195642297e-06, 1.047812649388173e-06, 1.0350798860349013e-06, 1.0224777968842597e-06, 1.0101434048884636e-06, 9.97943922842558e-07, 9.860402224222243e-07]
ndim2: 500
W_list: [2.8]
L_list: [84.74557558884365]
