R_list= [ 1  2  3  4  5  6  7  8  9 10 11 12 13 14 15 16 17 18 19 20 21 22 23 24
 25 26 27 28 29 30 31 32 33 34 35 36 37 38]
C_final_list= [8.594673388622913e-07, 7.863343161398392e-07, 7.17125640690296e-07, 6.536192204235699e-07, 5.959724951653563e-07, 5.432297668698417e-07, 4.945669705443498e-07, 4.504890260995615e-07, 4.0993654134378704e-07, 3.731944117517081e-07, 3.391616141553914e-07, 3.08405534156646e-07, 2.804035404496451e-07, 2.5498449911371125e-07, 2.3202098781573785e-07, 2.11115088729357e-07, 1.9187349522564024e-07, 1.7425108627885612e-07, 1.5812204991689774e-07, 1.4345308444998257e-07, 1.300717564118903e-07, 1.1788710713906904e-07, 1.0679246173970837e-07, 9.664463895827498e-08, 8.742067413459162e-08, 7.911240708503995e-08, 7.161256406790867e-08, 6.485946633920514e-08, 5.873144717308407e-08, 5.311256743149384e-08, 4.806628474590433e-08, 4.359171002757464e-08, 3.954400906439908e-08, 3.584881260994782e-08, 3.2520418769115826e-08, 2.9475263443182595e-08, 2.670986333725298e-08, 2.419523338585831e-08]
W_list: [6]
L_list: [10.59461843673641]
