R_list= [ 1  2  3  4  5  6  7  8  9 10 11 12 13 14 15 16 17 18 19 20 21 22 23 24
 25 26 27 28 29 30 31 32]
C_final_list= [7.698981392578508e-07, 7.127950863211106e-07, 6.594164155708569e-07, 6.09117049360802e-07, 5.616550825690872e-07, 5.182294747224983e-07, 4.780103384100968e-07, 4.4103495161109085e-07, 4.0685597565188883e-07, 3.756021629989749e-07, 3.467454995863759e-07, 3.2008367052193563e-07, 2.953059226749788e-07, 2.725984198599316e-07, 2.5146387471453526e-07, 2.3180721047990944e-07, 2.1350142765288375e-07, 1.9655878073905293e-07, 1.8086646036456955e-07, 1.6650212911129267e-07, 1.5318552206156624e-07, 1.40949770937944e-07, 1.2963783300581413e-07, 1.1927658824399692e-07, 1.0966661190454642e-07, 1.0089042624051892e-07, 9.276969525065445e-08, 8.520618437357411e-08, 7.823825721004267e-08, 7.186718059366978e-08, 6.604165937751493e-08, 6.069783299470322e-08]
W_list: [6]
L_list: [12.378899367803887]
