R_list= [ 1  2  3  4  5  6  7  8  9 10 11 12 13 14 15 16 17 18 19 20 21 22 23 24
 25 26 27 28 29 30 31 32]
C_final_list= [7.622841983033101e-07, 6.987360486167368e-07, 6.409173703234303e-07, 5.863032855573275e-07, 5.36028859136426e-07, 4.896858265167297e-07, 4.478633587627709e-07, 4.0926688757215243e-07, 3.7399300457952223e-07, 3.418337027021722e-07, 3.123463670982672e-07, 2.852921080647395e-07, 2.6059968178131203e-07, 2.377750202675727e-07, 2.168183582773396e-07, 1.9757925485691726e-07, 1.8024508995900969e-07, 1.6451577271556725e-07, 1.4990459006621128e-07, 1.364966652188876e-07, 1.243486935596306e-07, 1.133270953420244e-07, 1.0313053447313403e-07, 9.377155350177183e-08, 8.532420424340076e-08, 7.747918507981966e-08, 7.037307607008606e-08, 6.39331309388977e-08, 5.803565535332465e-08, 5.269140422831903e-08, 4.785194841158062e-08, 4.3448673439077196e-08]
W_list: [6]
L_list: [11.045394090009417]
