R_list= [ 1  2  3  4  5  6  7  8  9 10 11 12 13 14 15 16 17 18 19 20 21 22 23 24
 25 26 27 28 29 30 31 32]
C_final_list= [1.4879342089398413e-07, 8.13414758499928e-08, 3.980120751131015e-08, 1.8735094558402112e-08, 8.70096097546192e-09, 3.980066782747007e-09, 1.8023304499711435e-09, 8.103734908850845e-10, 3.608487628344226e-10, 1.5968776708957743e-10, 7.101909244848867e-11, 3.19402204756165e-11, 1.4462033551437049e-11, 6.58584882401827e-12, 2.9799779667861107e-12, 1.3281181630232706e-12, 5.751291288190709e-13, 2.413595527931933e-13, 1.002964077155438e-13, 4.276480089514412e-14, 1.8591659000914313e-14, 8.010185008498291e-15, 3.3921646687767053e-15, 1.4176359877196234e-15, 5.83500327973056e-16, 2.4848970369703004e-16, 1.1807419080416234e-16, 5.905074858596513e-17, 3.225502854474212e-17, 2.3646175895739495e-17, 1.1366012833975387e-17, 3.1962739603397785e-18]
W_list: [6]
L_list: [1.5128090371407974]
