R_list= [ 1  2  3  4  5  6  7  8  9 10 11 12 13 14 15 16 17 18 19 20 21 22 23 24
 25 26 27 28 29 30 31 32 33 34 35 36 37 38]
C_final_list= [9.122298315376215e-07, 5.520509932593696e-07, 3.291756269555592e-07, 1.9481013099263445e-07, 1.1697746970570736e-07, 6.995265571941143e-08, 4.212519006582195e-08, 2.53547967876728e-08, 1.5193041504123258e-08, 8.959062262718584e-09, 5.269158713481921e-09, 3.111203837635045e-09, 1.8338674970332423e-09, 1.0690092548085523e-09, 6.302911859867606e-10, 3.659439388213653e-10, 2.1576882230516843e-10, 1.2814131669132356e-10, 7.230293103332117e-11, 4.220854487843682e-11, 2.5352984729350532e-11, 1.5565491883838632e-11, 9.46535433129874e-12, 5.988663504234739e-12, 3.665532486705091e-12, 2.2027193623323168e-12, 1.3868238771303208e-12, 7.45368002729883e-13, 3.7667964102392397e-13, 2.2593310345399236e-13, 1.328173944837428e-13, 8.63338292431062e-14, 4.932102309761383e-14, 2.7611519983694794e-14, 1.4688518052973682e-14, 8.47128828930016e-15, 4.910695831135527e-15, 3.1054821746042767e-15]
W_list: [8.8]
L_list: [1.955670359565162]
