R_list= [ 1  2  3  4  5  6  7  8  9 10 11 12 13 14 15 16 17 18 19 20 21 22 23 24
 25 26 27 28 29 30 31 32 33 34 35 36 37 38]
C_final_list= [6.868942503696344e-06, 5.928188947448538e-06, 5.071080680504202e-06, 4.3197326991464194e-06, 3.670725874373624e-06, 3.116267952025151e-06, 2.642931557544769e-06, 2.241966365364945e-06, 1.8995551832966338e-06, 1.6077710340682493e-06, 1.3597616189204713e-06, 1.1486801901301318e-06, 9.697248508010172e-07, 8.186911401566179e-07, 6.921389750335568e-07, 5.852873402185984e-07, 4.946625095361674e-07, 4.181780753953548e-07, 3.533547950573009e-07, 2.9854626732771905e-07, 2.5224264613912945e-07, 2.1276056293413764e-07, 1.7955676492860896e-07, 1.511938255084462e-07, 1.2741797473248524e-07, 1.0742876434101109e-07, 9.067618426678133e-08, 7.660751246269972e-08, 6.483585436919114e-08, 5.4843795904405065e-08, 4.643767349353701e-08, 3.934323065745874e-08, 3.323753466144551e-08, 2.8150508302974838e-08, 2.3830571752695754e-08, 2.0138643273752262e-08, 1.7009398393936662e-08, 1.4349338746915193e-08]
W_list: [8.05]
L_list: [6.157164150764309]
