R_list= [ 1  2  3  4  5  6  7  8  9 10 11 12 13 14 15 16 17 18 19 20 21 22 23 24
 25 26 27 28 29 30 31 32 33 34 35 36 37 38]
C_final_list= [8.793487765571794e-07, 8.058301471220068e-07, 7.359582768558596e-07, 6.720321672728633e-07, 6.129128512473995e-07, 5.589008161198834e-07, 5.094264690651578e-07, 4.637156806302771e-07, 4.2205048044511533e-07, 3.8402995482252243e-07, 3.493237700185685e-07, 3.174647755787989e-07, 2.882199012883199e-07, 2.615656199617268e-07, 2.371311784650911e-07, 2.1502552023660686e-07, 1.9495266620287185e-07, 1.7662099904994734e-07, 1.600186166258549e-07, 1.4492853296776247e-07, 1.311769235129064e-07, 1.1864201398939567e-07, 1.074155573717008e-07, 9.722024674214394e-08, 8.802632533812535e-08, 7.959941863825689e-08, 7.195383123506315e-08, 6.506573899314982e-08, 5.881533207283188e-08, 5.316678757087924e-08, 4.801611420267294e-08, 4.34217379902908e-08, 3.927431643593706e-08, 3.551015530574697e-08, 3.20544004681169e-08, 2.8942824176166852e-08, 2.6162541199673198e-08, 2.3639125629189124e-08]
W_list: [6]
L_list: [10.555753460183231]
