R_list= [ 1  2  3  4  5  6  7  8  9 10 11 12 13 14 15 16 17 18 19 20 21 22 23 24
 25 26 27 28 29 30 31 32 33 34 35 36 37 38]
C_final_list= [6.668610571299286e-07, 5.472188379982404e-07, 4.469544252953779e-07, 3.635625930582294e-07, 2.9542053906445844e-07, 2.395913704851003e-07, 1.9472845048726683e-07, 1.5780535007505223e-07, 1.2794137814541164e-07, 1.0348076766777134e-07, 8.370670758648166e-08, 6.767287164908552e-08, 5.4673925758173774e-08, 4.405772491765545e-08, 3.545577470325344e-08, 2.856465742207145e-08, 2.3012922210518237e-08, 1.8515607992828046e-08, 1.492717035372729e-08, 1.2014567301807818e-08, 9.638088145480536e-09, 7.763498525064527e-09, 6.2621994730782315e-09, 5.052324701053103e-09, 4.0795305584506956e-09, 3.290597014445907e-09, 2.656978680041717e-09, 2.151130344974875e-09, 1.73997617046656e-09, 1.4043495214395082e-09, 1.1352699860614756e-09, 9.164110690336304e-10, 7.393800206563317e-10, 5.94279345787117e-10, 4.773136045313532e-10, 3.819312650941366e-10, 3.064112038945874e-10, 2.4498316874986387e-10]
W_list: [7.8]
L_list: [4.836833994682622]
