C_list:
1.4192575276213161e-06 0.16093160296113979
ndim2: 500
W_list: [3.4]
L_list: [6.213819918524457]
