R_list= [ 1  2  3  4  5  6  7  8  9 10 11 12 13 14 15 16 17 18 19 20 21 22 23 24
 25 26 27 28 29 30 31 32 33 34 35 36 37 38]
C_final_list= [4.066341521830029e-07, 3.608396800659879e-07, 3.173354278970329e-07, 2.780229229446067e-07, 2.4342482334222277e-07, 2.129394883927897e-07, 1.861479792947704e-07, 1.623877872905281e-07, 1.414127041048174e-07, 1.232091364669304e-07, 1.0732892185111514e-07, 9.345800204766179e-08, 8.1261820430748e-08, 7.066894102014159e-08, 6.154976461089645e-08, 5.357495981839044e-08, 4.655369421670776e-08, 4.040947819663071e-08, 3.511496758886484e-08, 3.048024227930355e-08, 2.645605298672939e-08, 2.2971342707084368e-08, 1.9912387504922343e-08, 1.7243891769054327e-08, 1.4931843509383294e-08, 1.2891634614525781e-08, 1.1100868668393487e-08, 9.56148419740802e-09, 8.228314995970837e-09, 7.086583911321333e-09, 6.100406308494198e-09, 5.250031762000983e-09, 4.511613806241476e-09, 3.886282346292758e-09, 3.353330558319905e-09, 2.8984786277018267e-09, 2.503533205040235e-09, 2.162697773089423e-09]
W_list: [7.2]
L_list: [7.4236914698466725]
