C_final_list: [2.0686329661521817e-06, 1.8263602756057516e-06, 1.6073925966560157e-06, 1.4123872708168885e-06, 1.2401428466933829e-06, 1.090850918870866e-06, 9.59741420765799e-07, 8.455337170854474e-07, 7.459525103019123e-07, 6.584737263912908e-07, 5.814426804894759e-07, 5.127558159417851e-07, 4.526318059514887e-07, 3.98776258824986e-07, 3.501813749453056e-07, 3.0789313603957114e-07, 2.7141700801072585e-07, 2.387491352356085e-07, 2.0935917499869026e-07, 1.8373743667579552e-07, 1.610678631826413e-07, 1.4125529061404586e-07, 1.23707273870398e-07, 1.0839878581829279e-07, 9.506827839621101e-08, 8.354376846473608e-08, 7.334530567290585e-08, 6.429208899467609e-08, 5.6259240264232654e-08, 4.9220259280788854e-08, 4.296571112952857e-08, 3.7603678237749655e-08, 3.277524051231863e-08, 2.8606221836644286e-08, 2.499525267908727e-08, 2.1834572932387967e-08, 1.9025525310431254e-08, 1.6564502808203537e-08, 1.4462356835273073e-08, 1.2617635067002518e-08, 1.094412817086254e-08, 9.469835689794186e-09, 8.178223778126773e-09, 7.075304304731062e-09, 6.114390177975001e-09, 5.298014235441016e-09, 4.591550744346258e-09, 3.980875765961876e-09, 3.4520679804186123e-09, 2.996623660445393e-09]
ndim2: 500
W_list: [3.0]
L_list: [7.843775964596265]
