R_list= [ 1  2  3  4  5  6  7  8  9 10 11 12 13 14 15 16 17 18 19 20 21 22 23 24
 25 26 27 28 29 30 31 32 33 34 35 36 37 38]
C_final_list= [9.72723147782414e-07, 8.380884969360998e-07, 7.248462622550981e-07, 6.247354223727056e-07, 5.383304656178009e-07, 4.6298748631330884e-07, 3.9932182855662883e-07, 3.4389307163841923e-07, 2.9570424250230855e-07, 2.5428122363781275e-07, 2.183812692710338e-07, 1.8725448533310564e-07, 1.6054550219612323e-07, 1.374393758733885e-07, 1.1787919622467046e-07, 1.0100936079959674e-07, 8.643291030452102e-08, 7.382837341442278e-08, 6.31870133044779e-08, 5.414018004720244e-08, 4.629679102699915e-08, 3.955027441218167e-08, 3.3837550659825647e-08, 2.8846831970082697e-08, 2.4623328315895988e-08, 2.0980892024839966e-08, 1.786764508273797e-08, 1.5234754349224767e-08, 1.298362244681952e-08, 1.1084425398775583e-08, 9.468969774622245e-09, 8.082336770127511e-09, 6.887134912377629e-09, 5.877605204113776e-09, 5.017303356835112e-09, 4.270957686965886e-09, 3.6293033286460232e-09, 3.0897954543793394e-09]
W_list: [6]
L_list: [6.662713205421605]
