C_final_list: [1.7957953547348607e-06, 1.7424892676542832e-06, 1.6889353983010435e-06, 1.6372572791096953e-06, 1.5873323746236908e-06, 1.5381119447016972e-06, 1.4901105431437486e-06, 1.4439118878496942e-06, 1.399431219028648e-06, 1.3559846345789457e-06, 1.3146330652030946e-06, 1.2748381386469563e-06, 1.236103312549638e-06, 1.1981005773491833e-06, 1.1611306444037827e-06, 1.1253125697974752e-06, 1.0913014640246839e-06, 1.0580789778828624e-06, 1.0260966639993029e-06, 9.946690871384437e-07, 9.637435282242178e-07, 9.34093410345009e-07, 9.053994469459528e-07, 8.775224524040435e-07, 8.507834957741118e-07, 8.249114556481761e-07, 7.999425559171914e-07, 7.754222665613416e-07, 7.512722734635867e-07, 7.279767709557892e-07, 7.052200014045458e-07, 6.828375070173033e-07, 6.613746156529717e-07, 6.407091025799803e-07, 6.20477598513392e-07, 6.008552493338862e-07, 5.81735515606354e-07, 5.63125474870592e-07, 5.451252614757282e-07, 5.277463479827376e-07, 5.110246002674303e-07, 4.948602137520691e-07, 4.792385467556433e-07, 4.641566722233531e-07, 4.4959033709570323e-07, 4.3542700680216246e-07, 4.2159952736690894e-07, 4.0807763261449956e-07, 3.950281576862982e-07, 3.8242923617585367e-07]
ndim2: 500
W_list: [3.0]
L_list: [31.90370547584881]
