R_list= [ 1  2  3  4  5  6  7  8  9 10 11 12 13 14 15 16 17 18 19 20 21 22 23 24
 25 26 27 28 29 30 31 32 33 34 35 36 37 38]
C_final_list= [2.5174118066707722e-06, 2.2254919142956855e-06, 1.9481976506027215e-06, 1.6981271604226554e-06, 1.4775363777041482e-06, 1.284795367704705e-06, 1.1157923395354013e-06, 9.687519104702424e-07, 8.404456312595818e-07, 7.283959440249486e-07, 6.306485028593576e-07, 5.457257855556779e-07, 4.721699135347303e-07, 4.0855692678156865e-07, 3.530911637548521e-07, 3.0492723465274613e-07, 2.6331711275017474e-07, 2.2729734870079183e-07, 1.962355271488971e-07, 1.693075996575482e-07, 1.4615541872731308e-07, 1.2615127221561632e-07, 1.0897983826070672e-07, 9.41312599003543e-08, 8.125468289823885e-08, 7.024656505784564e-08, 6.076959864170912e-08, 5.259487913543926e-08, 4.552629733163007e-08, 3.94261379912027e-08, 3.414206838164327e-08, 2.9576122976187233e-08, 2.5594155907674895e-08, 2.2133676094488237e-08, 1.9159159156662288e-08, 1.659301755787699e-08, 1.4371459848700829e-08, 1.2462591983270866e-08]
W_list: [8.15]
L_list: [7.150255049261136]
