R_list= [ 1  2  3  4  5  6  7  8  9 10 11 12 13 14 15 16 17 18 19 20 21 22 23 24
 25 26 27 28 29 30 31 32 33 34 35 36 37 38]
C_final_list= [1.237093838335984e-06, 1.1827833191867838e-06, 1.1360654186929794e-06, 1.089189400257828e-06, 1.0442995198670453e-06, 1.001215624879593e-06, 9.595472225148015e-07, 9.196556149853878e-07, 8.812844577541566e-07, 8.444567119515373e-07, 8.090032644085723e-07, 7.75256473721659e-07, 7.431841240229868e-07, 7.119459512267171e-07, 6.820963115529527e-07, 6.536099695478165e-07, 6.263321232057053e-07, 5.999952770120967e-07, 5.748238958547782e-07, 5.506666294384857e-07, 5.276878186583906e-07, 5.054875124331636e-07, 4.838660721355798e-07, 4.6333902445967094e-07, 4.435526820685426e-07, 4.2457564377634723e-07, 4.066464641953946e-07, 3.8935812373767174e-07, 3.726847024977729e-07, 3.567470634553196e-07, 3.4160802247753385e-07, 3.272262234230039e-07, 3.133216982388063e-07, 2.99893386618325e-07, 2.870998088296537e-07, 2.7487106104614843e-07, 2.6305044984632795e-07, 2.516421342336623e-07]
W_list: [5]
L_list: [23.361388720182546]
