R_list= [ 1  2  3  4  5  6  7  8  9 10 11 12 13 14 15 16 17 18 19 20 21 22 23 24
 25 26 27 28 29 30 31 32 33 34 35 36 37 38]
C_final_list= [4.2197464243372715e-07, 3.6017400616287194e-07, 3.0361165506028214e-07, 2.5422495292861347e-07, 2.1196007046682793e-07, 1.7629767722114252e-07, 1.4643734758874281e-07, 1.2167598121584217e-07, 1.009833153919348e-07, 8.368004234614409e-08, 6.934008144903202e-08, 5.7586904684881844e-08, 4.787531281556866e-08, 3.985900234801774e-08, 3.3209495587074174e-08, 2.7616106137084872e-08, 2.291445813608019e-08, 1.8967011783295502e-08, 1.568369987337872e-08, 1.2974384138882542e-08, 1.0731744359889695e-08, 8.866111701733813e-09, 7.329400278569501e-09, 6.045520425308934e-09, 4.9778370090190225e-09, 4.084959585804709e-09, 3.353653845835777e-09, 2.749241127041563e-09, 2.252494641271643e-09, 1.8455437842866012e-09, 1.5092417657183455e-09, 1.2344449169906614e-09, 1.011088825665073e-09, 8.290823977893062e-10, 6.79564766126481e-10, 5.574865297900246e-10, 4.5772418390762355e-10, 3.7431110844134363e-10]
W_list: [8.8]
L_list: [5.56425220468068]
