R_list= [ 1  2  3  4  5  6  7  8  9 10 11 12 13 14 15 16 17 18 19 20 21 22 23 24
 25 26 27 28 29 30]
C_final_list= [7.454622608560088e-07, 7.071045050235017e-07, 6.687530511613433e-07, 6.315179126056891e-07, 5.957688044617818e-07, 5.613867423269836e-07, 5.291262670844676e-07, 4.987474180539521e-07, 4.699498218096476e-07, 4.4272985272908667e-07, 4.1706668661066857e-07, 3.927467563271114e-07, 3.697657662058835e-07, 3.4800891908463474e-07, 3.276599454692255e-07, 3.0827949074276373e-07, 2.9000110560866767e-07, 2.728802410672048e-07, 2.5665928952837686e-07, 2.41371875134192e-07, 2.2694699539161976e-07, 2.133760178883536e-07, 2.006506292499268e-07, 1.8864471967490843e-07, 1.7735599104840834e-07, 1.6672448680414597e-07, 1.5674680998412694e-07, 1.4729059587879494e-07, 1.3851042678561795e-07, 1.3022737979552915e-07]
W_list: [6]
L_list: [16.726398213651247]
