C_final_list: [1.8340481512383494e-06, 1.8105938824196738e-06, 1.7873577854999986e-06, 1.764637457182805e-06, 1.742693014250488e-06, 1.7211217692321137e-06, 1.6998362897506747e-06, 1.6788982475463814e-06, 1.658398527258748e-06, 1.6381213386971318e-06, 1.6183151970231395e-06, 1.5987417505168367e-06, 1.5793918802809732e-06, 1.560353026111383e-06, 1.5415520891034938e-06, 1.5228773502053151e-06, 1.5043225029536655e-06, 1.4860110446190298e-06, 1.4676498243148545e-06, 1.44963811404594e-06, 1.4318112253986113e-06, 1.4142111330151102e-06, 1.396904122468511e-06, 1.3797479276730829e-06, 1.3628975529372135e-06, 1.3460846495423309e-06, 1.3295591188102805e-06, 1.3132873867592428e-06, 1.2972983899746141e-06, 1.2815145846588208e-06, 1.2659618038694836e-06, 1.250671023373113e-06, 1.2355244750855402e-06, 1.2205161636041194e-06, 1.2054718224925054e-06, 1.1906702710738155e-06, 1.176042710316795e-06, 1.1616558028241946e-06, 1.147456647066181e-06, 1.1332054663541954e-06, 1.119034709382617e-06, 1.1051023427301249e-06, 1.0912198955700982e-06, 1.0775750731445385e-06, 1.0640933262343842e-06, 1.0507389767831632e-06, 1.0374921280283526e-06, 1.024345064045344e-06, 1.0115359766754571e-06, 9.988564223295712e-07]
ndim2: 500
W_list: [2.8]
L_list: [81.09897045406407]
