C_final_list: [1.6310856124016211e-06, 1.5643756807549498e-06, 1.4980984137375105e-06, 1.4354099269136272e-06, 1.3753676735651469e-06, 1.3184325924075787e-06, 1.2641325932071543e-06, 1.2116618000813868e-06, 1.1614588670597391e-06, 1.1131866885207459e-06, 1.0672328572407706e-06, 1.0230733152577016e-06, 9.80478028447776e-07, 9.39371593078844e-07, 8.998720958887298e-07, 8.613376298382086e-07, 8.247237776095985e-07, 7.894828552819235e-07, 7.559025852850451e-07, 7.235215856570618e-07, 6.924071561946421e-07, 6.625193551440154e-07, 6.342579526171058e-07, 6.071707069928083e-07, 5.808877589375177e-07, 5.555298100984507e-07, 5.315184795599034e-07, 5.083994884234633e-07, 4.859189496762379e-07, 4.6452187278507894e-07, 4.438406222638548e-07, 4.2414430457280823e-07, 4.0509701425573477e-07, 3.869913341803581e-07, 3.69544479004213e-07, 3.5301793000093304e-07, 3.370208587040036e-07, 3.2187405887595707e-07, 3.074054254824628e-07, 2.934907468929978e-07, 2.804758825453885e-07, 2.679218381985818e-07, 2.559743218693253e-07, 2.444128451979871e-07, 2.3338079095128274e-07, 2.2275044467828445e-07, 2.126353470847497e-07, 2.029725799512243e-07, 1.9377324854400998e-07, 1.850026276830305e-07]
ndim2: 500
W_list: [3.3499999999999996]
L_list: [22.94391522432981]
