R_list= [ 1  2  3  4  5  6  7  8  9 10 11 12 13 14 15 16 17 18 19 20 21 22 23 24
 25 26 27 28 29 30 31 32 33 34 35 36 37 38]
C_final_list= [5.241718901886367e-07, 4.772466835961908e-07, 4.320673782695691e-07, 3.904822205121622e-07, 3.5283957555219996e-07, 3.1837491570814077e-07, 2.871806316436203e-07, 2.586826894352769e-07, 2.3296511081023953e-07, 2.0982125039961552e-07, 1.8885121278439587e-07, 1.699548006102505e-07, 1.5304568453624335e-07, 1.3764088517574463e-07, 1.2374832474241227e-07, 1.1110978902512673e-07, 9.975135172432154e-08, 8.94498282220108e-08, 8.018348836951563e-08, 7.198736613724113e-08, 6.463754530365838e-08, 5.7965537393125235e-08, 5.2035722657000074e-08, 4.676750435161933e-08, 4.199114031107185e-08, 3.773061822058438e-08, 3.3893684864161255e-08, 3.0476382097198676e-08, 2.7401587083085574e-08, 2.4627965451040425e-08, 2.211625686746291e-08, 1.9850219049981696e-08, 1.7819081308738922e-08, 1.5989348148853276e-08, 1.4347203663114281e-08, 1.2874341374461783e-08, 1.15437630775177e-08, 1.0348069342410194e-08]
W_list: [6.6000000000000005]
L_list: [9.616559548607839]
