R_list= [ 1  2  3  4  5  6  7  8  9 10 11 12 13 14 15 16 17 18 19 20 21 22 23 24
 25 26 27 28 29 30 31 32 33 34 35 36 37 38]
C_final_list= [1.5330417744632992e-07, 6.005471533989918e-08, 1.8418354867403372e-08, 4.994425650339781e-09, 1.269504419338559e-09, 3.11397990002347e-10, 7.60639664270293e-11, 1.8991575879909918e-11, 4.8613366800886286e-12, 1.2174292761022151e-12, 2.859411110134843e-13, 6.625107590259527e-14, 1.5636446540375876e-14, 3.742611281874443e-15, 9.169637641980516e-16, 2.322201345055349e-16, 6.14449492118768e-17, 1.835703311353919e-17, 5.553845808310585e-18, 1.502093387743902e-18, 3.8719587582590977e-19, 9.826981665100703e-20, 2.4080363215352593e-20, 6.6214506519371075e-21, 2.1800758985554313e-21, 9.369101153288924e-22, 5.535304364141445e-22, 4.077625889184587e-22, 3.4491607509012724e-22, 3.116141631006952e-22, 2.9247418725177936e-22, 2.769949621577454e-22, 2.7147681491104812e-22, 2.745407607716118e-22, 2.8500314502128424e-22, 2.9856989729408342e-22, 3.011439937636554e-22, 2.906517762234536e-22]
W_list: [6]
L_list: [1.0012620998466206]
