R_list= [ 1  2  3  4  5  6  7  8  9 10 11 12 13 14 15 16 17 18 19 20 21 22 23 24
 25 26 27 28 29 30 31 32 33 34 35 36 37 38]
C_final_list= [2.078656867984778e-07, 1.6717188228438793e-07, 1.3479914834189002e-07, 1.0831336474391421e-07, 8.674345696869249e-08, 6.935204452318648e-08, 5.521993551763374e-08, 4.39129865366085e-08, 3.47560571590677e-08, 2.746155420646838e-08, 2.168552081960521e-08, 1.7145479611185437e-08, 1.3543968006417203e-08, 1.0685662347149692e-08, 8.435959316649535e-09, 6.657891446236674e-09, 5.25924640071424e-09, 4.154169664524627e-09, 3.277484761472719e-09, 2.5761661468221216e-09, 2.018016018043592e-09, 1.577166786936122e-09, 1.227602718016785e-09, 9.558764886777817e-10, 7.464452551761272e-10, 5.846329771786935e-10, 4.601492819325824e-10, 3.610768519673748e-10, 2.8234001210770286e-10, 2.209125799977114e-10, 1.7357785664953053e-10, 1.3624966506597947e-10, 1.0620734459656288e-10, 8.238696153459019e-11, 6.428552580402078e-11, 5.032875220489559e-11, 3.960433209164543e-11, 3.101254998770554e-11]
W_list: [7]
L_list: [4.484963856210207]
