R_list= [ 1  2  3  4  5  6  7  8  9 10 11 12 13 14 15 16 17 18 19 20 21 22 23 24
 25 26 27 28 29 30 31 32 33 34 35 36 37 38]
C_final_list= [1.463948172613146e-07, 7.093812820631826e-08, 2.7587464401864336e-08, 9.507569788149321e-09, 3.057157565525279e-09, 9.443350608343632e-10, 2.8526397208423433e-10, 8.569569844209601e-11, 2.5865179453364775e-11, 7.836498164433384e-12, 2.378824978160762e-12, 7.331450397072664e-13, 2.292130512714902e-13, 7.216320518316592e-14, 2.3162053812841086e-14, 7.3279892381934e-15, 2.1713912418173073e-15, 6.236844660395332e-16, 1.8172957281213202e-16, 5.45339498112136e-17, 1.6298471938493093e-17, 4.762137289430811e-18, 1.4146556452591875e-18, 4.446980923721549e-19, 1.5365738606895471e-19, 5.722535210501149e-20, 2.3135693727834607e-20, 1.0581711947212247e-20, 5.594797226667656e-21, 3.416919974229975e-21, 2.3656995636487414e-21, 1.8249970404246194e-21, 1.5434782537269038e-21, 1.3834767477171438e-21, 1.2991227252347036e-21, 1.2479334800212126e-21, 1.2082868677383672e-21, 1.1782714184734563e-21]
W_list: [5]
L_list: [1.2363388195050493]
