R_list= [ 1  2  3  4  5  6  7  8  9 10 11 12 13 14 15 16 17 18 19 20 21 22 23 24
 25 26 27 28 29 30 31 32 33 34 35 36 37 38]
C_final_list= [1.8962728749845854e-06, 1.7848418826707223e-06, 1.7119387727789968e-06, 1.643684594640194e-06, 1.5733387534202136e-06, 1.5081450439401507e-06, 1.44619092396002e-06, 1.3868356322512783e-06, 1.3298474340447734e-06, 1.2751942692896244e-06, 1.2228947731414818e-06, 1.1717801138597398e-06, 1.1223922063089302e-06, 1.0753919598253892e-06, 1.0308036327505887e-06, 9.880349537211121e-07, 9.463928934668029e-07, 9.063873177704949e-07, 8.682305707719233e-07, 8.320393025650361e-07, 7.973136469545098e-07, 7.63674185678146e-07, 7.313181975237197e-07, 7.002755989794725e-07, 6.704296243653889e-07, 6.419881866251591e-07, 6.147936069150623e-07, 5.886130149559422e-07, 5.633397472133811e-07, 5.391237058452682e-07, 5.16273067957555e-07, 4.943993138449836e-07, 4.7333861026988086e-07, 4.5333793847576776e-07, 4.340281124850007e-07, 4.156312353970694e-07, 3.980854151637096e-07, 3.811711174572936e-07]
W_list: [4]
L_list: [23.32289316695012]
