C_final_list: [1.7948827480442707e-06, 1.7449336720807245e-06, 1.6958181835452543e-06, 1.6485672610476485e-06, 1.6032255395998033e-06, 1.559269839771849e-06, 1.5153123705368225e-06, 1.473613964639082e-06, 1.432636387198648e-06, 1.3926481601900187e-06, 1.353616784088773e-06, 1.3157621248072186e-06, 1.278287415030629e-06, 1.2420211280735116e-06, 1.2072592343407408e-06, 1.173231301295612e-06, 1.140372425456611e-06, 1.1084794840828946e-06, 1.0775804341544474e-06, 1.0475750812337532e-06, 1.0184375459977802e-06, 9.901991083346646e-07, 9.624976246983606e-07, 9.355895914066394e-07, 9.094253488234295e-07, 8.83787372655491e-07, 8.591819050664587e-07, 8.350902660760546e-07, 8.115723279943626e-07, 7.888750739234848e-07, 7.66407583029368e-07, 7.445364526391937e-07, 7.231326921590123e-07, 7.022206775223893e-07, 6.81862117772412e-07]
ndim2: 500
W_list: [2.4]
L_list: [35.232180524706806]
