R_list= [ 1  2  3  4  5  6  7  8  9 10 11 12 13 14 15 16 17 18 19 20 21 22 23 24
 25 26 27 28 29 30 31 32 33 34 35 36 37 38]
C_final_list= [1.5153108250908213e-06, 1.3261702067131139e-06, 1.1840580192940734e-06, 1.0553154727682596e-06, 9.414186688877256e-07, 8.400309340931384e-07, 7.486556757571776e-07, 6.669320864407871e-07, 5.94398571009826e-07, 5.299195956473525e-07, 4.723588249229804e-07, 4.209716277162074e-07, 3.75004367025172e-07, 3.344957183219924e-07, 2.981483755771799e-07, 2.6587400968834124e-07, 2.3723721799727204e-07, 2.1140486242324916e-07, 1.880639661387397e-07, 1.6729019012547712e-07, 1.4889616172088561e-07, 1.3253937708988723e-07, 1.1777907850126747e-07, 1.0460882057607236e-07, 9.284501779116444e-08, 8.228075421836408e-08, 7.285892717323865e-08, 6.460199560791353e-08, 5.729384937797084e-08, 5.073824922019016e-08, 4.482598764042558e-08, 3.951840247993825e-08, 3.4892289500173665e-08, 3.0939661878772554e-08, 2.7376403478473483e-08, 2.419644757129405e-08, 2.1419049421822594e-08, 1.8939235313608907e-08]
W_list: [5]
L_list: [8.633519989512234]
