C_final_list: [1.4219438647944942e-06, 1.2342450696257169e-06, 1.067905342690834e-06, 9.283569557476492e-07, 8.056140436308092e-07, 6.98870214320793e-07, 6.065056000734096e-07, 5.255435951485769e-07, 4.5461542179389337e-07, 3.9266967486531246e-07, 3.389029572338172e-07, 2.921339508339752e-07, 2.5178680376683084e-07, 2.16991546123964e-07, 1.867076463604289e-07, 1.5989337858120988e-07, 1.3675880480068525e-07, 1.1673159201086875e-07, 9.993691619693282e-08, 8.548658656628082e-08, 7.32809779124128e-08, 6.305209187215606e-08, 5.4304255869319806e-08, 4.6752714179110335e-08, 4.0165989759584747e-08, 3.4496576919545974e-08, 2.9694360772778118e-08, 2.5533235613818747e-08, 2.197305939673917e-08, 1.8865815194352705e-08, 1.6170972793330374e-08, 1.3783501909580394e-08, 1.1729286889325073e-08, 9.994357416084317e-09, 8.527904920012202e-09, 7.257773756777963e-09, 6.179995259519685e-09, 5.286213268203531e-09, 4.499710880355416e-09, 3.825204436134977e-09, 3.258870342832421e-09, 2.7707032615928144e-09, 2.3502352906608994e-09, 1.9944541505552937e-09, 1.6903263196868605e-09, 1.4338871639816747e-09, 1.2132342187796544e-09, 1.0289894233720064e-09, 8.703051109405714e-10, 7.392928946891461e-10]
ndim2: 500
W_list: [4.2]
L_list: [6.917296342523128]
