R_list= [ 1  2  3  4  5  6  7  8  9 10 11 12 13 14 15 16 17 18 19 20 21 22 23 24
 25 26 27 28 29 30 31 32 33 34 35 36 37 38]
C_final_list= [1.4758135735473113e-07, 1.2732403269923522e-07, 1.0804458412895297e-07, 9.07640769403822e-08, 7.594025940974207e-08, 6.338776987670206e-08, 5.2771457556529584e-08, 4.3823662148912416e-08, 3.641167556386748e-08, 3.014424987500439e-08, 2.496031372153396e-08, 2.069265980189089e-08, 1.7122066872905754e-08, 1.416587060313703e-08, 1.1699315009004254e-08, 9.643020189700446e-09, 7.955762891541932e-09, 6.565361372642725e-09, 5.4170956715134545e-09, 4.475754867188688e-09, 3.6944405425010578e-09, 3.0423760610142027e-09, 2.5001950782774143e-09, 2.052714511667418e-09, 1.6849781358970033e-09, 1.3844097125378901e-09, 1.1365741623017106e-09, 9.334205548103039e-10, 7.661381198056658e-10, 6.307115228304664e-10, 5.170416241054113e-10, 4.2330811071245233e-10, 3.457000410238057e-10, 2.8248132691113846e-10, 2.3137931807797078e-10, 1.893844478355332e-10, 1.5559418343573974e-10, 1.2822637359360257e-10]
W_list: [9.0]
L_list: [5.646129157910345]
