C_list:
1.8767744555269144e-06 0.28735654511934394
ndim2: 500
W_list: [3.8000000000000003]
L_list: [3.4799972959887984]
