R_list= [ 1  2  3  4  5  6  7  8  9 10 11 12 13 14 15 16 17 18 19 20 21 22 23 24
 25 26 27 28 29 30 31 32 33 34 35 36 37 38]
C_final_list= [2.0383687275806237e-05, 1.6482438353317765e-05, 1.3204380440881054e-05, 1.0544764427924566e-05, 8.41066266918574e-06, 6.706019377584652e-06, 5.3366011221973395e-06, 4.244693378596112e-06, 3.3679034337807277e-06, 2.67155964532764e-06, 2.1193702813642484e-06, 1.6819264064262069e-06, 1.3341673655970864e-06, 1.058511110552448e-06, 8.394906410342081e-07, 6.654372086580731e-07, 5.270367234885754e-07, 4.1797378257613575e-07, 3.309181734580966e-07, 2.6231854745473795e-07, 2.080216115362225e-07, 1.6496240592682788e-07, 1.3091067119882693e-07, 1.0385570920122824e-07, 8.251346957778121e-08, 6.540276824073924e-08, 5.195828501495043e-08, 4.130871865757186e-08, 3.2840930965376645e-08, 2.6126027434438183e-08, 2.077219575237214e-08, 1.6497109957991938e-08, 1.3064924165740602e-08, 1.0344095592550182e-08, 8.190239304919166e-09, 6.4998475400173615e-09, 5.151622005282703e-09, 4.087178106837215e-09]
W_list: [8.35]
L_list: [4.452046921080614]
