R_list= [ 1  2  3  4  5  6  7  8  9 10 11 12 13 14 15 16 17 18 19 20 21 22 23 24
 25 26 27 28 29 30 31 32]
C_final_list= [7.33139504767104e-07, 6.611878390450732e-07, 5.989326263121771e-07, 5.411234425534043e-07, 4.882800337667693e-07, 4.405898282314414e-07, 3.9740591406779785e-07, 3.5852195804981636e-07, 3.2322236005580056e-07, 2.911508389005284e-07, 2.62015151202762e-07, 2.3582763453195245e-07, 2.1240033382149108e-07, 1.912211358477398e-07, 1.723888943386662e-07, 1.5539804122165064e-07, 1.39820279036143e-07, 1.256865086918853e-07, 1.1305194144647535e-07, 1.0167963573195661e-07, 9.140281568968585e-08, 8.219755776030175e-08, 7.388859574809562e-08, 6.636075569101179e-08, 5.953190416247699e-08, 5.343308843092481e-08, 4.786271578164145e-08, 4.2868389509587944e-08, 3.8371925376810515e-08, 3.430861811075704e-08, 3.063911003678957e-08, 2.7346431036190628e-08]
W_list: [6]
L_list: [9.641305621688359]
