R_list= [ 1  2  3  4  5  6  7  8  9 10 11 12 13 14 15 16 17 18 19 20 21 22 23 24
 25 26 27 28 29 30 31 32 33 34 35 36 37 38]
C_final_list= [5.949136077414584e-07, 4.5985284057119234e-07, 3.5863085581291267e-07, 2.8032164311766414e-07, 2.1936618177731462e-07, 1.7206309694283923e-07, 1.347044853283239e-07, 1.0498901001181337e-07, 8.17681609053681e-08, 6.385767239294523e-08, 4.993537534527541e-08, 3.9035432248500737e-08, 3.041167887019376e-08, 2.3549684950790858e-08, 1.813992156879276e-08, 1.394948191812221e-08, 1.0761104155790536e-08, 8.314610152662872e-09, 6.436403332366516e-09, 4.9692148780049825e-09, 3.824361122196754e-09, 2.9458570541343983e-09, 2.268348411049538e-09, 1.7434026246083372e-09, 1.3332226844931738e-09, 1.0219005516596865e-09, 7.811746915724614e-10, 5.929129111548578e-10, 4.501898970113354e-10, 3.431791739328865e-10, 2.6326388805485583e-10, 2.023788715124155e-10, 1.5546583469890963e-10, 1.1869268699453579e-10, 9.018367985857831e-11, 6.861970181173035e-11, 5.267747467775812e-11, 4.0947243319488853e-11]
W_list: [6]
L_list: [4.026540619289166]
