R_list= [ 1  2  3  4  5  6  7  8  9 10 11 12 13 14 15 16 17 18 19 20 21 22 23 24
 25 26 27 28 29 30 31 32 33 34 35 36 37 38]
C_final_list= [9.908371023656474e-07, 6.518139911015332e-07, 4.3472059298204274e-07, 2.8796368887908005e-07, 1.905834351166028e-07, 1.253925515116489e-07, 8.247843301459549e-08, 5.419996408635019e-08, 3.555496979712121e-08, 2.3615049125288848e-08, 1.5534835185265958e-08, 1.026107421414073e-08, 6.783591522176545e-09, 4.467446598715418e-09, 2.9173301778004207e-09, 1.9296385224836367e-09, 1.2873613182143713e-09, 8.348398445537352e-10, 5.39385260972176e-10, 3.4677003498536e-10, 2.254019053749599e-10, 1.4731339907453172e-10, 9.587501558807644e-11, 6.156746121310669e-11, 3.9807628522241284e-11, 2.5465428757162537e-11, 1.6017663730275278e-11, 1.0250900446041438e-11, 6.540597670170493e-12, 4.315007822442207e-12, 2.879644478583225e-12, 1.8268386997028588e-12, 1.1947481076560031e-12, 8.139458993514055e-13, 5.802528507238512e-13, 3.592996966717501e-13, 2.1209039782715134e-13, 1.263173647824089e-13]
W_list: [7.0]
L_list: [2.420860682789892]
