R_list= [ 1  2  3  4  5  6  7  8  9 10 11 12 13 14 15 16 17 18 19 20 21 22 23 24
 25 26 27 28 29 30 31 32 33 34 35 36 37 38]
C_final_list= [1.3523161892301741e-06, 1.3019683279117282e-06, 1.2522129264460881e-06, 1.2049074212092119e-06, 1.158650925463193e-06, 1.1141240451138166e-06, 1.0708296876217865e-06, 1.029484789497104e-06, 9.89813038900689e-07, 9.515588453319182e-07, 9.145554970524662e-07, 8.789360162392328e-07, 8.448299651793861e-07, 8.120606852243635e-07, 7.808593903440647e-07, 7.508236661671036e-07, 7.218272718007558e-07, 6.935359741408527e-07, 6.664972264217051e-07, 6.40379451066962e-07, 6.154269108594534e-07, 5.913482107033799e-07, 5.681076800016532e-07, 5.457061306122587e-07, 5.240703220009205e-07, 5.03354835289863e-07, 4.833708842749006e-07, 4.6420125385000617e-07, 4.4566823786426054e-07, 4.2789156405086513e-07, 4.108952385000419e-07, 3.9445196988785886e-07, 3.7853535219839785e-07, 3.6322962863817763e-07, 3.48521876586831e-07, 3.343802948532962e-07, 3.2077679377298893e-07, 3.077531123918144e-07]
W_list: [5]
L_list: [25.177703025616903]
