C_final_list: [2.239964214756125e-06, 2.1511641533620877e-06, 2.0602284662942422e-06, 1.973576078333108e-06, 1.8902020430661211e-06, 1.8108300689376611e-06, 1.7347710058530122e-06, 1.6620952872814694e-06, 1.592924060070056e-06, 1.5276667201152767e-06, 1.4636996290495704e-06, 1.4032532559460207e-06, 1.34525587544021e-06, 1.288990062222875e-06, 1.2353024115790394e-06, 1.1838967096306237e-06, 1.1341754404333646e-06, 1.0866749567456072e-06, 1.0402894037332082e-06, 9.963682217568141e-07, 9.54707422811736e-07, 9.14914502250069e-07, 8.762518694192185e-07, 8.393681520271993e-07, 8.03502594600595e-07, 7.690221585728305e-07, 7.36043138426347e-07, 7.045533771721769e-07, 6.743793486280172e-07, 6.457501368626204e-07, 6.179757098551453e-07, 5.917861225103182e-07, 5.66435318337445e-07, 5.424498587214175e-07, 5.191463429071542e-07, 4.96704430046281e-07, 4.7515449502592605e-07, 4.5471287846593163e-07, 4.3502494321794107e-07, 4.159984557652581e-07, 3.9772299580362643e-07, 3.8006950848572157e-07, 3.6306063443774376e-07, 3.4677333382072203e-07, 3.3134595311779777e-07, 3.1642773522114333e-07, 3.021647002876978e-07, 2.886364408998781e-07, 2.7551687994499615e-07, 2.627035696253126e-07]
ndim2: 500
W_list: [2.4]
L_list: [23.221606754810185]
