R_list= [ 1  2  3  4  5  6  7  8  9 10 11 12 13 14 15 16 17 18 19 20 21 22 23 24
 25 26 27 28 29 30 31 32 33 34 35 36 37 38]
C_final_list= [3.230607179605711e-07, 2.778726329966809e-07, 2.3565413402670616e-07, 1.9894663961247656e-07, 1.6766059923002321e-07, 1.4110598803675927e-07, 1.1867581645978197e-07, 9.974427861278643e-08, 8.35752621714413e-08, 6.982561575044242e-08, 5.836042995383338e-08, 4.8803614744323056e-08, 4.077173995196512e-08, 3.399211254976778e-08, 2.8281642188585695e-08, 2.3483831889922023e-08, 1.9504988335604795e-08, 1.617149421208617e-08, 1.3424731376959028e-08, 1.1170495541411796e-08, 9.306084159854588e-09, 7.744758302861817e-09, 6.454488569483055e-09, 5.371926859316524e-09, 4.466416050194536e-09, 3.7160022345958107e-09, 3.0916963877596895e-09, 2.5723658639975394e-09, 2.1355149838863105e-09, 1.776708942313749e-09, 1.4749747372066553e-09, 1.225916445473755e-09, 1.0190446379445464e-09, 8.460695867179158e-10, 7.024040041913096e-10, 5.818705349986513e-10, 4.802370179508125e-10, 3.959058468393289e-10]
W_list: [8.0]
L_list: [5.836190230138529]
