C_final_list: [1.77770548117372e-06, 1.6395885147148865e-06, 1.5079415774765038e-06, 1.3891498905877309e-06, 1.2788276915767804e-06, 1.1770676621613542e-06, 1.083423150605498e-06, 9.959050102441348e-07, 9.15529476670463e-07, 8.41185233345577e-07, 7.726288594865865e-07, 7.101894688883167e-07, 6.5260711949326e-07, 6.003759470881275e-07, 5.527799351247395e-07, 5.088338506924276e-07, 4.680925723442311e-07, 4.305565314243977e-07, 3.964685153664165e-07, 3.640012183097174e-07, 3.342290408529901e-07, 3.0700607114117036e-07, 2.818106151727127e-07, 2.583117222644538e-07, 2.3695708452912926e-07, 2.1727786776243573e-07, 1.992562901770054e-07, 1.827172020274611e-07, 1.6728641862868671e-07, 1.5313036047523843e-07, 1.401280390188164e-07, 1.2798644631087922e-07, 1.170085204921301e-07, 1.0710759867885802e-07, 9.801466939313022e-08, 8.956739384578684e-08, 8.190236943516317e-08, 7.481437327946971e-08, 6.831342520365445e-08, 6.233657299290918e-08, 5.6901106298790086e-08, 5.192638574055782e-08, 4.7370568199526144e-08, 4.31096811153614e-08, 3.921717289093423e-08, 3.570756668823156e-08, 3.2482886568227894e-08, 2.9573502561201538e-08, 2.6925875139575196e-08, 2.455365597385339e-08]
ndim2: 500
W_list: [3.4000000000000004]
L_list: [11.89584312919703]
