R_list= [ 1  2  3  4  5  6  7  8  9 10 11 12 13 14 15 16 17 18 19 20 21 22 23 24
 25 26 27 28 29 30 31 32 33 34 35 36 37 38]
C_final_list= [3.074094137515308e-05, 2.3209728164705908e-05, 1.7410683334093924e-05, 1.3051617292134627e-05, 9.75090714597146e-06, 7.28285335515931e-06, 5.438966202479524e-06, 4.0601438877655305e-06, 3.0261300157470223e-06, 2.2539660577519704e-06, 1.6751135172722545e-06, 1.2456000514458727e-06, 9.259451682646228e-07, 6.886369275307051e-07, 5.119719693009251e-07, 3.8039898347660856e-07, 2.833524430232236e-07, 2.1124097470220748e-07, 1.5787209776653724e-07, 1.1832487882620522e-07, 8.859960297697845e-08, 6.616358213700014e-08, 4.9271352904030355e-08, 3.6739370867540794e-08, 2.7360638236407865e-08, 2.0384165433155585e-08, 1.5154284357103137e-08, 1.1236771283833342e-08, 8.312192626997437e-09, 6.143979192975171e-09, 4.5668210328656895e-09, 3.3920514229097846e-09, 2.5195369354172943e-09, 1.8818745332937e-09, 1.4052151849002863e-09, 1.0579634627498234e-09, 7.929430804776877e-10, 5.94252578116695e-10]
W_list: [8.2]
L_list: [3.467876816695068]
