R_list= [ 1  2  3  4  5  6  7  8  9 10 11 12 13 14 15 16 17 18 19 20 21 22 23 24
 25 26 27 28 29 30 31 32 33 34 35 36 37 38]
C_final_list= [1.4710290930727639e-06, 1.3612190976225037e-06, 1.260716691316712e-06, 1.169110145448248e-06, 1.0840346753387636e-06, 1.0043311279298516e-06, 9.289605621811635e-07, 8.589720291586015e-07, 7.929246281222571e-07, 7.314749415805989e-07, 6.754132606543449e-07, 6.239919584554723e-07, 5.766164019192768e-07, 5.329379265276535e-07, 4.919528468460565e-07, 4.5457943075085975e-07, 4.193987871143956e-07, 3.867104935863305e-07, 3.5664156607609735e-07, 3.288654154903867e-07, 3.033777989473944e-07, 2.7950483299799903e-07, 2.5713141447836865e-07, 2.3658705661191168e-07, 2.174213862246686e-07, 1.9980744004788393e-07, 1.8342198878669177e-07, 1.6846120002076086e-07, 1.5467188660196107e-07, 1.4233911314053193e-07, 1.3088375410741598e-07, 1.2042580113421982e-07, 1.1076144038607346e-07, 1.0188775725363619e-07, 9.364825519553388e-08, 8.60003644873467e-08, 7.902086271735447e-08, 7.254596773956006e-08]
W_list: [5]
L_list: [12.614049573010757]
