C_final_list: [2.0524620911665886e-06, 2.035990195881719e-06, 2.019808163813555e-06, 2.0043176241691677e-06, 1.9892005680279355e-06, 1.9744137223984796e-06, 1.9596614766951376e-06, 1.94521841282387e-06, 1.930950237533259e-06, 1.917004034618549e-06, 1.9031583435000493e-06, 1.8894378437457922e-06, 1.8757897948121415e-06, 1.8621623295196892e-06, 1.8488382602371687e-06, 1.8355869016964757e-06, 1.8225686725029557e-06, 1.8097437651981458e-06, 1.796916896026319e-06, 1.7841581701861813e-06, 1.771403655484354e-06, 1.758845279779096e-06, 1.7464439249781126e-06, 1.734229317673242e-06, 1.7220771531096482e-06, 1.7100457563785243e-06, 1.6980745845799675e-06, 1.686242007081465e-06, 1.6745483047904536e-06, 1.6629270567690768e-06, 1.6514796836757812e-06, 1.6399022051629611e-06, 1.6285345604261903e-06, 1.6172439612729317e-06, 1.6059938669541235e-06]
ndim2: 500
W_list: [2.0]
L_list: [139.2043964132638]
