R_list= [ 1  2  3  4  5  6  7  8  9 10 11 12 13 14 15 16 17 18 19 20 21 22 23 24
 25 26 27 28 29 30 31 32 33 34 35 36 37 38]
C_final_list= [1.0323003956159752e-06, 6.785831347778024e-07, 3.868320229693085e-07, 2.0272543274791012e-07, 1.0074950844390952e-07, 4.8278672576771355e-08, 2.2576640310898694e-08, 1.0386107638671234e-08, 4.727395532645775e-09, 2.1330177603213126e-09, 9.561048326602549e-10, 4.2632641409376446e-10, 1.8943068194968413e-10, 8.443310635235805e-11, 3.805500111011211e-11, 1.7421564638033126e-11, 8.083530155465614e-12, 3.775767118162735e-12, 1.7526626900878425e-12, 8.01892871563895e-13, 3.598159479526246e-13, 1.5787730420994717e-13, 6.822209296719158e-14, 2.940098875462533e-14, 1.2736740828716283e-14, 5.568965578003513e-15, 2.4650583001753198e-15, 1.113091436514448e-15, 5.02046491093125e-16, 2.2500003941059903e-16, 9.956325079296005e-17, 4.380756907622327e-17, 1.915070743279645e-17, 8.37679064187673e-18, 3.701465329421086e-18, 1.639098092065046e-18, 7.194927467214416e-19, 3.128148875478132e-19]
W_list: [4]
L_list: [1.897151413429611]
