C_final_list: [1.7571224550522091e-06, 1.6909745952324718e-06, 1.626154373428005e-06, 1.5631152870733827e-06, 1.5025235513543708e-06, 1.4450824765265499e-06, 1.3893478303023421e-06, 1.3354575600798432e-06, 1.2842095139691135e-06, 1.235362971861925e-06, 1.1877902488709526e-06, 1.1430168457150245e-06, 1.1000410159321774e-06, 1.0583172278222848e-06, 1.0182947214130136e-06, 9.794309268198424e-07, 9.419527917025585e-07, 9.062576713170353e-07, 8.71455950128224e-07, 8.385351014596361e-07, 8.069099761450645e-07, 7.764663020583325e-07, 7.468047533030417e-07, 7.182131782352345e-07, 6.905270968503983e-07, 6.639444618641591e-07, 6.381160759562083e-07, 6.13034997160187e-07, 5.890428821747182e-07, 5.656905903144758e-07, 5.433831845950245e-07, 5.22001339390412e-07, 5.014106170326687e-07, 4.813699727222693e-07, 4.6213590912675183e-07, 4.4390866903258033e-07, 4.2622600944056825e-07, 4.092569115363716e-07, 3.927851644740424e-07, 3.770355908106492e-07, 3.6209505621250707e-07, 3.476714882848415e-07, 3.338153093397549e-07, 3.2053606663276565e-07, 3.077529933789493e-07, 2.9546939258716255e-07, 2.8351006656954305e-07, 2.7212589589914504e-07, 2.6101812972854736e-07, 2.5033687262687155e-07]
ndim2: 500
W_list: [3.25]
L_list: [25.463283365375062]
