R_list= [ 1  2  3  4  5  6  7  8  9 10 11 12 13 14 15 16 17 18 19 20 21 22 23 24
 25 26 27 28 29 30 31 32 33 34 35 36 37 38]
C_final_list= [3.093171209588588e-07, 2.6918800673732536e-07, 2.3366531130648475e-07, 2.021826868779942e-07, 1.7476935421459229e-07, 1.5088576391205036e-07, 1.3001239670883576e-07, 1.1179262216118266e-07, 9.623968903252497e-08, 8.271875748977085e-08, 7.11396013164518e-08, 6.111993472995422e-08, 5.253934741248305e-08, 4.51079516924329e-08, 3.8699311678712953e-08, 3.3189921005478655e-08, 2.843380618884196e-08, 2.4279188762116977e-08, 2.069342770608331e-08, 1.7623186082271342e-08, 1.4974834206867412e-08, 1.2740228309998534e-08, 1.084744880154819e-08, 9.223334971381743e-09, 7.850100756874186e-09, 6.6711835417611574e-09, 5.671117115128987e-09, 4.815381709267933e-09, 4.084653503473903e-09, 3.466407815101072e-09, 2.9436986963759977e-09, 2.4948308411145876e-09, 2.115873724184689e-09, 1.7923936627584755e-09, 1.5185748607189554e-09, 1.284848298266526e-09, 1.0883983439771817e-09, 9.274031819878085e-10]
W_list: [7]
L_list: [6.75960615745748]
