R_list= [ 1  2  3  4  5  6  7  8  9 10 11 12 13 14 15 16 17 18 19 20 21 22 23 24
 25 26 27 28 29 30 31 32 33 34 35 36 37 38]
C_final_list= [4.0446059957432234e-07, 3.6021183533813397e-07, 3.1827737750265426e-07, 2.804677961395459e-07, 2.4612799396156754e-07, 2.1592368628097236e-07, 1.8907876144722376e-07, 1.6552580572218704e-07, 1.4496036729296024e-07, 1.2711004558105998e-07, 1.1154926792505317e-07, 9.786137224176801e-08, 8.580351181025723e-08, 7.514293284948697e-08, 6.581480586094958e-08, 5.761854732458899e-08, 5.0425308577519784e-08, 4.417765565908462e-08, 3.8635084666389204e-08, 3.374729218701467e-08, 2.947714103604578e-08, 2.5683823334564852e-08, 2.236121812744156e-08, 1.948070356337585e-08, 1.6930784603081313e-08, 1.469574669154412e-08, 1.2749069580627277e-08, 1.1064506803640927e-08, 9.604819404178246e-09, 8.337834847013808e-09, 7.2402139824704615e-09, 6.29038833713444e-09, 5.4699063365462956e-09, 4.7509141871500335e-09, 4.124356577759995e-09, 3.5813716768108077e-09, 3.111615505193384e-09, 2.698955183279457e-09]
W_list: [7]
L_list: [7.686609283559043]
