R_list= [ 1  2  3  4  5  6  7  8  9 10 11 12 13 14 15 16 17 18 19 20 21 22 23 24
 25 26 27 28 29 30 31 32 33 34 35 36 37 38]
C_final_list= [5.167681782368288e-06, 4.47432989080001e-06, 3.852366033705922e-06, 3.313497201949807e-06, 2.850727099915456e-06, 2.4498706181632118e-06, 2.1052038359577145e-06, 1.8088756055500247e-06, 1.5555951090229852e-06, 1.3373008851350046e-06, 1.149437340438155e-06, 9.869850836938433e-07, 8.476792979742387e-07, 7.278635903768176e-07, 6.25608188613075e-07, 5.372210141348588e-07, 4.613338662259162e-07, 3.9660131598336284e-07, 3.408666446501811e-07, 2.9249566254615477e-07, 2.509028709022183e-07, 2.150492810704629e-07, 1.843077507394112e-07, 1.5790986341288004e-07, 1.3529928477756722e-07, 1.1589087977774627e-07, 9.91273440536695e-08, 8.472862954192077e-08, 7.237396671571775e-08, 6.188459132870462e-08, 5.278252314984376e-08, 4.505969332126668e-08, 3.848473066793972e-08, 3.286396638734833e-08, 2.8082713606132626e-08, 2.3950813532918025e-08, 2.0456156635461416e-08, 1.7474433971763393e-08]
W_list: [7.2]
L_list: [6.634647144740224]
