R_list= [ 1  2  3  4  5  6  7  8  9 10 11 12 13 14 15 16 17 18 19 20 21 22 23 24
 25 26 27 28 29 30 31 32 33 34 35 36 37 38]
C_final_list= [8.903796061708306e-07, 5.594226729226448e-07, 3.003357909353777e-07, 1.4733385260253216e-07, 6.83668567840754e-08, 3.070482502401407e-08, 1.3580427733062315e-08, 5.974142825593013e-09, 2.6310599539365875e-09, 1.1629131737364837e-09, 5.150428285610299e-10, 2.2742553797261446e-10, 9.969258683717166e-11, 4.33835944832077e-11, 1.8716825840634844e-11, 7.966315622771436e-12, 3.3674568070118764e-12, 1.4236679089184803e-12, 6.044216039312775e-13, 2.567252810550174e-13, 1.0933560533479237e-13, 4.67234171015616e-14, 2.0122428895929858e-14, 8.762811424458414e-15, 3.836651522034653e-15, 1.6754152781920868e-15, 7.289411061953243e-16, 3.1724555238583476e-16, 1.3868289189841627e-16, 6.092297452313545e-17, 2.680707370212183e-17, 1.1960190516053062e-17, 5.376481021794665e-18, 2.407999017073259e-18, 1.0751653596416855e-18, 4.806876266174115e-19, 2.1713556879712296e-19, 1.0099983017654853e-19]
W_list: [4]
L_list: [1.7529161328180252]
