R_list= [ 1  2  3  4  5  6  7  8  9 10 11 12 13 14 15 16 17 18 19 20 21 22 23 24
 25 26 27 28 29 30 31 32 33 34 35 36 37 38]
C_final_list= [3.334802011941901e-07, 2.8381879915148056e-07, 2.3877256309413267e-07, 1.9998574445600723e-07, 1.6722468561682177e-07, 1.3953321382168195e-07, 1.1613749064359376e-07, 9.665757262945998e-08, 8.036608655824114e-08, 6.679167331104488e-08, 5.549509192601305e-08, 4.5993368408768107e-08, 3.8066067790678194e-08, 3.1501520718952505e-08, 2.6090893844042832e-08, 2.163022158773326e-08, 1.7910359675655072e-08, 1.4784590176360253e-08, 1.2197850009868691e-08, 1.0034078509184781e-08, 8.262216155297644e-09, 6.801618080528818e-09, 5.593669291576645e-09, 4.60713659018546e-09, 3.783573924231899e-09, 3.111814160667268e-09, 2.5584274197029093e-09, 2.09998606687357e-09, 1.7167478288880322e-09, 1.4042925932014147e-09, 1.1465123176232551e-09, 9.332224225431526e-10, 7.598202694126576e-10, 6.190569212497317e-10, 5.034606337052992e-10, 4.1001475256823303e-10, 3.336365665496018e-10, 2.719701621870645e-10]
W_list: [8.6]
L_list: [5.578346817375587]
