R_list= [ 1  2  3  4  5  6  7  8  9 10 11 12 13 14 15 16 17 18 19 20 21 22 23 24
 25 26 27 28 29 30 31 32]
C_final_list= [7.850151455237711e-07, 7.315842510494395e-07, 6.796265140732437e-07, 6.31086949393061e-07, 5.861649301399019e-07, 5.448647140021939e-07, 5.060927045601898e-07, 4.7050349202303914e-07, 4.3718613868458154e-07, 4.0593125471646836e-07, 3.769469125763194e-07, 3.5002034117610686e-07, 3.2465045104839155e-07, 3.011306765240788e-07, 2.7891498992296516e-07, 2.5825674968048837e-07, 2.3907349352116815e-07, 2.2137443975755007e-07, 2.04949404789834e-07, 1.8954854177219034e-07, 1.7520311165870128e-07, 1.6201479714833298e-07, 1.4979067525929884e-07, 1.3836969874568525e-07, 1.278207242815261e-07, 1.1806527246560394e-07, 1.0899479524700868e-07, 1.0063713788568016e-07, 9.293469491644257e-08, 8.592768692919363e-08, 7.937744424700195e-08, 7.332104121854709e-08]
W_list: [6]
L_list: [13.330546368264926]
