R_list= [ 1  2  3  4  5  6  7  8  9 10 11 12 13 14 15 16 17 18 19 20 21 22 23 24
 25 26 27 28 29 30 31 32]
C_final_list= [2.5605280204251763e-07, 1.69482461560448e-07, 1.0693787908567349e-07, 6.692931328353799e-08, 4.172524767886652e-08, 2.5875891555772467e-08, 1.6032285041484453e-08, 9.958379225253049e-09, 6.191543609385319e-09, 3.85319406960562e-09, 2.3877775342366447e-09, 1.4685248205291234e-09, 8.946676997625969e-10, 5.454055170191531e-10, 3.3128820347534723e-10, 2.016130405843929e-10, 1.218415314692278e-10, 7.404191935090105e-11, 4.535208103293423e-11, 2.8063861909396152e-11, 1.7396273602130355e-11, 1.0863403108599895e-11, 6.803347270106767e-12, 4.260834921823694e-12, 2.6617811953074006e-12, 1.7179999986046943e-12, 1.1540068516724367e-12, 7.96022681101419e-13, 5.522549047648616e-13, 3.789023469777812e-13, 2.591595461804172e-13, 1.813054050353278e-13]
W_list: [6]
L_list: [2.2338194851537234]
