C_final_list: [1.8668143682419447e-06, 1.7323275747602343e-06, 1.6037382525886068e-06, 1.4841356435426812e-06, 1.371623770448407e-06, 1.26613103514241e-06, 1.168900983519666e-06, 1.0791690061194323e-06, 9.952920657329848e-07, 9.183053406649934e-07, 8.456286481290646e-07, 7.793363611368386e-07, 7.187035686500092e-07, 6.623691003056923e-07, 6.108185621457106e-07, 5.633558380691259e-07, 5.187851131404699e-07, 4.785723005403966e-07, 4.413622801504861e-07, 4.0693202945083504e-07, 3.7519560599987297e-07, 3.461480960782475e-07, 3.1885309053726396e-07, 2.937824606208911e-07, 2.706035909001341e-07, 2.4948590507560247e-07, 2.2968587783124747e-07, 2.1145234989707454e-07, 1.9465693627699036e-07, 1.7924021403168924e-07, 1.650871958370068e-07, 1.519971535895726e-07, 1.397945021304359e-07, 1.2865437154237534e-07, 1.1833950434778477e-07]
ndim2: 500
W_list: [3.2]
L_list: [12.436633368074189]
