R_list= [ 1  2  3  4  5  6  7  8  9 10 11 12 13 14 15 16 17 18 19 20 21 22 23 24
 25 26 27 28 29 30 31 32 33 34 35 36 37 38]
C_final_list= [1.9233266623243938e-07, 1.655125941282209e-07, 1.4038890173215435e-07, 1.184880513390183e-07, 9.953713540223268e-08, 8.346530376376302e-08, 6.991341099260526e-08, 5.835805337022714e-08, 4.8632637579780284e-08, 4.0535569396172025e-08, 3.374440649826209e-08, 2.8059614384442705e-08, 2.3335829592114616e-08, 1.9392336684122082e-08, 1.6119432691955706e-08, 1.3410275177000642e-08, 1.1136666672165998e-08, 9.239323514148552e-09, 7.662541724315065e-09, 6.335659777367948e-09, 5.2338673435539095e-09, 4.327795883829989e-09, 3.584749133271238e-09, 2.965104984815489e-09, 2.452093301921391e-09, 2.0265313772910418e-09, 1.6745273171652622e-09, 1.3822875501615703e-09, 1.138971381983632e-09, 9.379170244638011e-10, 7.713259866762595e-10, 6.34103212390179e-10, 5.182904249818131e-10, 4.215593367448617e-10, 3.420842031632878e-10, 2.771089351511936e-10, 2.2430633662380112e-10, 1.8196458357437103e-10]
W_list: [9.4]
L_list: [5.752858986370873]
