C_final_list: [1.6398088704472702e-06, 1.4932786982098225e-06, 1.3532176585808921e-06, 1.2264570246450664e-06, 1.1113536921257266e-06, 1.0075349809854423e-06, 9.130433987861643e-07, 8.273163255671939e-07, 7.496640231638874e-07, 6.785875789165306e-07, 6.151824797830049e-07, 5.571917967814968e-07, 5.048780365556143e-07, 4.564792198092658e-07, 4.130375066088993e-07, 3.730263245103718e-07, 3.370429522696251e-07, 3.0425410507550934e-07, 2.750404397639216e-07, 2.4919096516011467e-07, 2.258385909932869e-07, 2.0485296127216974e-07, 1.8529597193061635e-07, 1.6762628121272243e-07, 1.5162702690250873e-07, 1.3691352686225776e-07, 1.2374351516402035e-07, 1.1179545821988746e-07, 1.008082432487214e-07, 9.095550770575809e-08, 8.205035425200843e-08, 7.40681896364305e-08, 6.680566318882956e-08, 6.032287050790677e-08, 5.4446034155025705e-08, 4.922748022017135e-08, 4.454775026754057e-08, 4.034284818191972e-08, 3.6530777887821385e-08, 3.312605269881612e-08, 3.0081735962772696e-08, 2.728108097304759e-08, 2.4707301333564788e-08, 2.2330846635799438e-08, 2.0207243120713684e-08, 1.8257373621346235e-08, 1.648967289562942e-08, 1.4889082300484614e-08, 1.3452241074683048e-08, 1.2136894768875339e-08]
ndim2: 500
W_list: [3.6]
L_list: [10.09831251912488]
