C_final_list: [1.942024306476714e-06, 1.6870712642995105e-06, 1.4646961061892013e-06, 1.2716785965100929e-06, 1.1038744703567098e-06, 9.59411407014291e-07, 8.30533655427003e-07, 7.210087380443962e-07, 6.239147060289065e-07, 5.394683394791078e-07, 4.64989205457863e-07, 4.0234980745596857e-07, 3.473955278144324e-07, 2.995325746570884e-07, 2.593691840567915e-07, 2.2406222860717581e-07, 1.9348951229771654e-07, 1.6707248820631094e-07, 1.434623239334178e-07, 1.2377011904098984e-07, 1.0602499977925483e-07, 9.060867057047679e-08, 7.781216848600389e-08, 6.663771400860581e-08, 5.697092667227608e-08, 4.875120589507639e-08, 4.1511091726994746e-08, 3.5363866162957686e-08, 3.023158899132715e-08, 2.576578782465254e-08, 2.199338262409474e-08, 1.876270747378815e-08, 1.6004563730976705e-08, 1.3593889237710127e-08, 1.1549394160099775e-08, 9.831399416987288e-09, 8.339304458645604e-09, 7.052168072975701e-09, 5.9945507977425364e-09, 5.0788409609973415e-09, 4.299675812507047e-09, 3.6473040488498033e-09, 3.0814436905041994e-09, 2.6161688947088463e-09, 2.2171627684184455e-09, 1.8909060245744197e-09, 1.6012392570778906e-09, 1.3600749425746103e-09, 1.145310464798997e-09, 9.701483893790393e-10]
ndim2: 500
W_list: [3.1999999999999997]
L_list: [6.969099653452748]
