R_list= [ 1  2  3  4  5  6  7  8  9 10 11 12 13 14 15 16 17 18 19 20 21 22 23 24
 25 26 27 28 29 30 31 32 33 34 35 36 37 38]
C_final_list= [4.304510747089721e-07, 3.28721932750209e-07, 2.497804263752093e-07, 1.8968443439854928e-07, 1.4328917744318287e-07, 1.0824948770205213e-07, 8.145432951679077e-08, 6.123902820140753e-08, 4.603152019467153e-08, 3.459716480760711e-08, 2.5941542897416093e-08, 1.934564424038687e-08, 1.435613179588268e-08, 1.06324803842486e-08, 7.900923371357665e-09, 5.870024799460372e-09, 4.350991587225891e-09, 3.2154878497898235e-09, 2.3698318367271774e-09, 1.7350550259503206e-09, 1.2797935907737363e-09, 9.490455698871962e-10, 7.028988185616965e-10, 5.184425363957982e-10, 3.8308776149914163e-10, 2.8111854532760327e-10, 2.076103652029731e-10, 1.532779319640644e-10, 1.1327865601424364e-10, 8.33246807187973e-11, 6.143642202881093e-11, 4.517427906100366e-11, 3.313786481037627e-11, 2.445855607148785e-11, 1.80900779812464e-11, 1.3326240021271599e-11, 9.870608299044793e-12, 7.314993404164792e-12]
W_list: [8.600000000000001]
L_list: [3.604195063970779]
