R_list= [ 1  2  3  4  5  6  7  8  9 10 11 12 13 14 15 16 17 18 19 20 21 22 23 24
 25 26 27 28 29 30 31 32 33 34 35 36 37 38]
C_final_list= [1.0637610788730093e-06, 8.640419140982524e-07, 7.08772037001038e-07, 5.896397503396779e-07, 4.90392471981656e-07, 4.067713302962438e-07, 3.3708728131265425e-07, 2.7896215246427356e-07, 2.3094139372430502e-07, 1.9088966554133136e-07, 1.574014598431391e-07, 1.2985656744131548e-07, 1.0754678147240208e-07, 8.919011409765404e-08, 7.376690102200491e-08, 6.083520559349065e-08, 4.99744075949819e-08, 4.095542593806798e-08, 3.352129864759234e-08, 2.748008102306381e-08, 2.2585822149100133e-08, 1.8574264982873533e-08, 1.523496937832615e-08, 1.2461489838422689e-08, 1.0179888326228261e-08, 8.30380221048384e-09, 6.768331548943922e-09, 5.519044801262037e-09, 4.505641146467854e-09, 3.6839627905200666e-09, 3.0176507351533244e-09, 2.4813638931336165e-09, 2.0441892896481857e-09, 1.6834536045754785e-09, 1.3907967209271728e-09, 1.146463578878962e-09, 9.453221008353987e-10, 7.778986319823554e-10]
W_list: [5]
L_list: [5.235687675992053]
