R_list= [ 1  2  3  4  5  6  7  8  9 10 11 12 13 14 15 16 17 18 19 20 21 22 23 24
 25 26 27 28 29 30 31 32 33 34 35 36 37 38]
C_final_list= [9.208845946507748e-07, 5.510647784670883e-07, 3.2792786794830155e-07, 1.9254954144296153e-07, 1.1230959900667276e-07, 6.543533391369365e-08, 3.776278752272375e-08, 2.1712297968864166e-08, 1.2699370279568661e-08, 7.4438694950124096e-09, 4.337813222177535e-09, 2.55570953852493e-09, 1.4811220239068051e-09, 8.517397217076885e-10, 4.965395832110357e-10, 2.891775685325385e-10, 1.670259912483959e-10, 9.781044819721672e-11, 5.805401565298083e-11, 3.429190494748948e-11, 1.999034196283848e-11, 1.1938093363983075e-11, 6.707500988915849e-12, 4.186600764608479e-12, 2.1067614338449957e-12, 1.138386545980899e-12, 6.438621466341253e-13, 2.810914380733129e-13, 1.4247047667594685e-13, 7.640211444944144e-14, 4.3475952718205926e-14, 2.3776160801818186e-14, 1.3465436858056128e-14, 7.312991374243116e-15, 4.191619551703157e-15, 2.361044193636895e-15, 1.1584806590684577e-15, 5.780717700155468e-16]
W_list: [9.0]
L_list: [1.9173175658702082]
