R_list= [ 1  2  3  4  5  6  7  8  9 10 11 12 13 14 15 16 17 18 19 20 21 22 23 24
 25 26 27 28 29 30 31 32 33 34 35 36 37 38]
C_final_list= [1.173759738708613e-06, 9.295650980678857e-07, 6.942365979788666e-07, 5.075891812452821e-07, 3.6986469568957565e-07, 2.701836666446467e-07, 1.9846073867574618e-07, 1.463875736535151e-07, 1.081457284288788e-07, 7.988569542549448e-08, 5.887771213789194e-08, 4.332368740748228e-08, 3.18077814506946e-08, 2.333067987782954e-08, 1.7115983880772665e-08, 1.2558581729525199e-08, 9.226221882685014e-09, 6.774292986768655e-09, 4.960515530541072e-09, 3.618326729563964e-09, 2.6276864202416768e-09, 1.9053530450461634e-09, 1.3841142658377195e-09, 1.0082628503713975e-09, 7.323150223897266e-10, 5.294079682745394e-10, 3.794772720672755e-10, 2.7034407910361135e-10, 1.918467308843802e-10, 1.35740477506436e-10, 9.59821460547965e-11, 6.8093054517024e-11, 4.83643237810434e-11, 3.429362586218237e-11, 2.4129548434467375e-11, 1.6818325763972167e-11, 1.1730614362182059e-11, 8.23847053295279e-12]
W_list: [4]
L_list: [3.4245040713824593]
