C_final_list: [2.1398432625162207e-06, 2.045197884133313e-06, 1.952138230963192e-06, 1.863305207306627e-06, 1.7771690853847826e-06, 1.6959321864866844e-06, 1.618657748555256e-06, 1.5450067499715454e-06, 1.4755699313417494e-06, 1.4090710556136825e-06, 1.3461267915057924e-06, 1.2859896769220403e-06, 1.228939062761938e-06, 1.17458950974415e-06, 1.1227201006851335e-06, 1.0728658390269973e-06, 1.0250616732587666e-06, 9.790644576997477e-07, 9.351059563702248e-07, 8.922822926159159e-07, 8.513230734302134e-07, 8.127290577852752e-07, 7.760858641734786e-07, 7.412144803473432e-07, 7.077431004227664e-07, 6.75493527806156e-07, 6.447938141451652e-07, 6.156428825015501e-07, 5.873508627720509e-07, 5.600538825714915e-07, 5.342627915286014e-07, 5.094531892415855e-07, 4.857740606384933e-07, 4.629692033887481e-07, 4.410132416492362e-07]
ndim2: 500
W_list: [2.4]
L_list: [21.665594880914956]
