C_list:
1.5222349310834012e-06 0.14554003984246305
ndim2: 500
W_list: [3.2]
L_list: [6.870961428088314]
