R_list= [ 1  2  3  4  5  6  7  8  9 10 11 12 13 14 15 16 17 18 19 20 21 22 23 24
 25 26 27 28 29 30 31 32 33 34 35 36 37 38]
C_final_list= [2.7314245622521733e-06, 2.440249264564747e-06, 2.1621360960474153e-06, 1.9076252436155934e-06, 1.6790961452163452e-06, 1.4752986611694803e-06, 1.2958312258933513e-06, 1.1384675476551867e-06, 9.996619446026067e-07, 8.773314104160149e-07, 7.696997670577754e-07, 6.754134912645564e-07, 5.924423813007059e-07, 5.192133320732137e-07, 4.5482106043216936e-07, 3.9815811026847195e-07, 3.4841529412821593e-07, 3.0497583162485196e-07, 2.667276449423174e-07, 2.33196889202878e-07, 2.0387714515237592e-07, 1.7817077692581426e-07, 1.5578468597326869e-07, 1.3621944470998165e-07, 1.1912088141814437e-07, 1.0422938399576529e-07, 9.119155315277186e-08, 7.980120665998095e-08, 6.988801777484858e-08, 6.121799422991176e-08, 5.3654749015649274e-08, 4.704734896349975e-08, 4.1226609871485406e-08, 3.6099777879409065e-08, 3.1572456366669194e-08, 2.7610409396535763e-08, 2.4135837262572117e-08, 2.1102649175723206e-08]
W_list: [7.95]
L_list: [7.796561068590355]
