C_list:
1.7350681211995447e-06 0.04393775799356483
ndim2: 500
W_list: [1.5999999999999999]
L_list: [22.75946806722503]
