R_list= [ 1  2  3  4  5  6  7  8  9 10 11 12 13 14 15 16 17 18 19 20 21 22 23 24
 25 26 27 28 29 30 31 32 33 34 35 36 37 38]
C_final_list= [9.302043515732414e-07, 7.773827517373618e-07, 6.608165988718699e-07, 5.585739882811845e-07, 4.721996003853532e-07, 4.0020207193974625e-07, 3.3909487097585706e-07, 2.861092997151061e-07, 2.4123263426847257e-07, 2.0376912208016616e-07, 1.7173302955376366e-07, 1.4511345727619362e-07, 1.2286697379078611e-07, 1.0372833911356095e-07, 8.763497144491958e-08, 7.371350230599285e-08, 6.195928536357185e-08, 5.194902231564005e-08, 4.3705059054208715e-08, 3.6735850205679754e-08, 3.085932884246456e-08, 2.5807493312484337e-08, 2.151062882433036e-08, 1.7920263997945256e-08, 1.4939492433222472e-08, 1.2463177550116096e-08, 1.0417132576102162e-08, 8.741901039336451e-09, 7.360578829955627e-09, 6.160662325663939e-09, 5.141164242021653e-09, 4.296352094867787e-09, 3.5916815523458973e-09, 2.987978228614957e-09, 2.492729225885687e-09, 2.0713179371676593e-09, 1.7143707049571236e-09, 1.4202969899292035e-09]
W_list: [6]
L_list: [5.931466197799663]
