R_list= [ 1  2  3  4  5  6  7  8  9 10 11 12 13 14 15 16 17 18 19 20 21 22 23 24
 25 26 27 28 29 30 31 32 33 34 35 36 37 38]
C_final_list= [4.456378514752584e-06, 3.7732755643710896e-06, 3.1750582256020234e-06, 2.6696406629387587e-06, 2.2429715816990327e-06, 1.8877958206439841e-06, 1.5879816637450766e-06, 1.335466652068989e-06, 1.1217846806253724e-06, 9.405405103814756e-07, 7.875704268999094e-07, 6.579595069843339e-07, 5.493679265882102e-07, 4.5845863590499225e-07, 3.821718412506922e-07, 3.187078923235631e-07, 2.664310789972955e-07, 2.229100449319453e-07, 1.8657763979173962e-07, 1.556347589969971e-07, 1.297827232931713e-07, 1.0791105594889024e-07, 8.966708272368023e-08, 7.472815225455532e-08, 6.241184727683276e-08, 5.20122227000797e-08, 4.338932609956367e-08, 3.626402195448648e-08, 3.029813161678604e-08, 2.527133111570397e-08, 2.101232210937983e-08, 1.7464710937840366e-08, 1.4491842048509378e-08, 1.2051998539387067e-08, 1.0010523752571933e-08, 8.316818849710598e-09, 6.8841711331415866e-09, 5.722790197752467e-09]
W_list: [7.6]
L_list: [5.753165668077741]
