R_list= [ 1  2  3  4  5  6  7  8  9 10 11 12 13 14 15 16 17 18 19 20 21 22 23 24
 25 26 27 28 29 30 31 32 33 34 35 36 37 38]
C_final_list= [4.5929700405457383e-07, 4.2079516785877325e-07, 3.8249717130459013e-07, 3.4611502119013647e-07, 3.1223905484864697e-07, 2.8111256841415655e-07, 2.5308739615897864e-07, 2.2769749760540998e-07, 2.047313849274862e-07, 1.8388584299110035e-07, 1.6506446002483046e-07, 1.4799426213946278e-07, 1.3260691551546974e-07, 1.1888831821345533e-07, 1.0643543583120787e-07, 9.524162974013477e-08, 8.516868984757614e-08, 7.608737570297804e-08, 6.793260855801669e-08, 6.064551071760497e-08, 5.411518361449868e-08, 4.8231838921624845e-08, 4.299337938123628e-08, 3.828551977502307e-08, 3.407447832802777e-08, 3.034471978233215e-08, 2.702120406713925e-08, 2.4077742715369682e-08, 2.1461197335222817e-08, 1.912579786481382e-08, 1.70334445944835e-08, 1.5173612493194886e-08, 1.352567230878941e-08, 1.2055859160200948e-08, 1.0750420855583861e-08, 9.57791506451472e-09, 8.533157761724434e-09, 7.604051869125434e-09]
W_list: [8.2]
L_list: [9.442280425027786]
