R_list= [ 1  2  3  4  5  6  7  8  9 10 11 12 13 14 15 16 17 18 19 20 21 22 23 24
 25 26 27 28 29 30 31 32 33 34 35 36 37 38]
C_final_list= [2.170117299834557e-06, 1.628242421481828e-06, 1.2041300951956238e-06, 8.862042507716702e-07, 6.479890346039437e-07, 4.7341431539296716e-07, 3.4675141986411217e-07, 2.519646782117888e-07, 1.8343314444011172e-07, 1.3309255096780367e-07, 9.639516839132226e-08, 6.959136377685337e-08, 5.021196566627425e-08, 3.6339825084663994e-08, 2.622734165983476e-08, 1.8963150693312227e-08, 1.3662530937400256e-08, 9.810785510407848e-09, 7.095432578143619e-09, 5.153340298999149e-09, 3.763808738927442e-09, 2.75198873464032e-09, 2.0053362489822937e-09, 1.4544616399135355e-09, 1.0499578082393206e-09, 7.572047429944971e-10, 5.454008805497448e-10, 3.9192635984759877e-10, 2.8308461011875106e-10, 2.0536872461763314e-10, 1.5053007478995144e-10, 1.1079590084515321e-10, 8.083792977579128e-11, 5.815111177004977e-11, 4.140712836676978e-11, 2.906591692466833e-11, 2.0050551587626635e-11, 1.4009158263233356e-11]
W_list: [9.4]
L_list: [3.283810025371664]
