R_list= [ 1  2  3  4  5  6  7  8  9 10 11 12 13 14 15 16 17 18 19 20 21 22 23 24
 25 26 27 28 29 30 31 32 33 34 35 36 37 38]
C_final_list= [3.754090636830692e-07, 1.922769083966426e-07, 9.394117189431446e-08, 4.551348021045814e-08, 2.1789496715180186e-08, 1.0381142824601825e-08, 4.9340366858515776e-09, 2.3442150456823733e-09, 1.1262675301598657e-09, 5.486501175574898e-10, 2.631306187621834e-10, 1.2365036345468512e-10, 5.716098452147025e-11, 2.662979869761828e-11, 1.2832978353795917e-11, 6.098836127914123e-12, 2.9836771160521874e-12, 1.4976961781719293e-12, 7.280090699529874e-13, 3.3056168802329465e-13, 1.569606089209813e-13, 7.865984914963718e-14, 3.4672697544511176e-14, 1.5430086141324454e-14, 7.66906554347157e-15, 3.613496180013715e-15, 1.825648149669488e-15, 1.2404234688766237e-15, 7.331450957790152e-16, 3.6367438702979724e-16, 1.747050647497856e-16, 9.331707844706257e-17, 5.1332507202902274e-17, 2.0055369573449286e-17, 7.523884808985761e-18, 2.651692811039533e-18, 1.1118410999353904e-18, 5.718393342631858e-19]
W_list: [7]
L_list: [1.4461829972239035]
