R_list= [ 1  2  3  4  5  6  7  8  9 10 11 12 13 14 15 16 17 18 19 20 21 22 23 24
 25 26 27 28 29 30 31 32 33 34 35 36 37 38]
C_final_list= [1.89051189542142e-07, 1.6712448891519406e-07, 1.4598674443485871e-07, 1.2672710447110837e-07, 1.0936978880770983e-07, 9.424351938035008e-08, 8.115162855128338e-08, 6.988521964350854e-08, 6.001617630363752e-08, 5.143556934944261e-08, 4.409046378020149e-08, 3.7783078371724406e-08, 3.231777255351777e-08, 2.7615647685569655e-08, 2.3580539638904683e-08, 2.0159564545133937e-08, 1.7233987254442027e-08, 1.4716591552104071e-08, 1.2568787123831768e-08, 1.0726726627323077e-08, 9.137951657952252e-09, 7.775640852048687e-09, 6.617672924717451e-09, 5.62756037332426e-09, 4.782471065927419e-09, 4.061039081368261e-09, 3.452307683920996e-09, 2.932704616464841e-09, 2.4974690857454697e-09, 2.120960649413063e-09, 1.7989801393855404e-09, 1.524487926664808e-09, 1.2935783376196009e-09, 1.0972595025521707e-09, 9.309250985029922e-10, 7.899480822831084e-10, 6.696324588731403e-10, 5.679312371439781e-10]
W_list: [8.4]
L_list: [6.792427209123834]
