R_list= [ 1  2  3  4  5  6  7  8  9 10 11 12 13 14 15 16 17 18 19 20 21 22 23 24
 25 26 27 28 29 30 31 32 33 34 35 36 37 38]
C_final_list= [2.1057916582989314e-07, 1.2775606412918705e-07, 6.518189399121381e-08, 3.011323180352167e-08, 1.308920534171227e-08, 5.4741617653640545e-09, 2.241418496338167e-09, 9.103944398289652e-10, 3.693323924890142e-10, 1.4957115863984172e-10, 6.052075446153942e-11, 2.4504872521357834e-11, 9.926406569400394e-12, 4.023659175081988e-12, 1.6283295787885451e-12, 6.58293914155885e-13, 2.681274826406057e-13, 1.1176300875902226e-13, 4.848156572305358e-14, 2.2590652170187884e-14, 1.2063531186758597e-14, 8.055935459044919e-15, 7.134896063897647e-15, 6.6749100681023e-15, 5.022564996526919e-15, 2.5412001682438595e-15, 9.011575854579192e-16, 2.750503310489774e-16, 8.94852959830019e-17, 3.1167588786365637e-17, 1.1379838615343945e-17, 4.224352800316125e-18, 1.6407500753871842e-18, 6.329866458699723e-19, 2.4738450297692613e-19, 1.0553569428541023e-19, 5.2684921255250097e-20, 3.108035886530412e-20]
W_list: [4]
L_list: [1.6490785710248863]
