C_final_list: [1.831175670976896e-06, 1.8076679365025697e-06, 1.7849118205677958e-06, 1.762910978071427e-06, 1.7414257089474115e-06, 1.7208578728552788e-06, 1.7007270313401676e-06, 1.6809204278776724e-06, 1.6611884855187384e-06, 1.6416014802402456e-06, 1.6224233236958513e-06, 1.6034026496049746e-06, 1.5848168186470392e-06, 1.5665234042238244e-06, 1.548489872816628e-06, 1.530822173154731e-06, 1.5131420277537673e-06, 1.495673916468632e-06, 1.4784438963985736e-06, 1.46112566756062e-06, 1.4440258015106128e-06, 1.427194240676973e-06, 1.4105787384155754e-06, 1.3941307486199776e-06, 1.377890232679266e-06, 1.3617432896776626e-06, 1.3457351963685528e-06, 1.329841314798893e-06, 1.3141465850084485e-06, 1.298710826675176e-06, 1.2832921342700977e-06, 1.268125417159119e-06, 1.2529380749775516e-06, 1.237992911120887e-06, 1.2231571265212479e-06, 1.2086315172854938e-06, 1.1941461221522296e-06, 1.1799579616140466e-06, 1.1658203730835304e-06, 1.1518654421004032e-06, 1.138102766329019e-06, 1.12432154349484e-06, 1.1107368887196644e-06, 1.0972730077243399e-06, 1.0839336710575398e-06, 1.0709110116343085e-06, 1.057907458746048e-06, 1.0449807305403515e-06, 1.0321607938239346e-06, 1.0194751568664101e-06]
ndim2: 500
W_list: [2.8]
L_list: [84.42645529657123]
