R_list= [ 1  2  3  4  5  6  7  8  9 10 11 12 13 14 15 16 17 18 19 20 21 22 23 24
 25 26 27 28 29 30 31 32 33 34 35 36 37 38]
C_final_list= [2.8568349545227982e-05, 2.1161247329351216e-05, 1.5588257870519853e-05, 1.1455516803281723e-05, 8.393411620627697e-06, 6.148710677247793e-06, 4.502335435446383e-06, 3.2906947074450905e-06, 2.4044999915272167e-06, 1.7552154952362325e-06, 1.2804079738401528e-06, 9.348511224945113e-07, 6.824413633478822e-07, 4.985787791473552e-07, 3.6397409587547147e-07, 2.6556536171606304e-07, 1.9389818389470694e-07, 1.4212742555755395e-07, 1.0396456896054913e-07, 7.588978332110363e-08, 5.530657840678858e-08, 4.0268635478596056e-08, 2.9265153487838654e-08, 2.125285801377597e-08, 1.5281578281388715e-08, 1.1024366168598096e-08, 7.933071240589046e-09, 5.694884715757068e-09, 4.080558187050185e-09, 2.930695224164108e-09, 2.1129039955038664e-09, 1.5156336720780935e-09, 1.086530532062196e-09, 7.795665603438263e-10, 5.640772022249671e-10, 4.074859249359318e-10, 2.923470560238114e-10, 2.062183838977163e-10]
W_list: [8.45]
L_list: [3.2544337653393174]
