R_list= [ 1  2  3  4  5  6  7  8  9 10 11 12 13 14 15 16 17 18 19 20 21 22 23 24
 25 26 27 28 29 30 31 32 33 34 35 36 37 38]
C_final_list= [1.5235018926087223e-07, 1.1372038638719225e-07, 8.456440853985454e-08, 6.262459798205862e-08, 4.594944461438494e-08, 3.351893467542903e-08, 2.4421008836381343e-08, 1.7710680262437035e-08, 1.2783295209612701e-08, 9.193999378322682e-09, 6.6109729878392655e-09, 4.7663172303590055e-09, 3.4464640019683298e-09, 2.4914010005152386e-09, 1.797699558331393e-09, 1.2962285472059813e-09, 9.312025705737885e-10, 6.685885482876803e-10, 4.795922058761852e-10, 3.417729758866408e-10, 2.4423889453697114e-10, 1.7507792177837627e-10, 1.2551820083667845e-10, 8.929486297660805e-11, 6.33166368887353e-11, 4.5109982516931495e-11, 3.204477421796048e-11, 2.2859045941860397e-11, 1.6134350425453592e-11, 1.1494929874585518e-11, 8.191383677031542e-12, 5.8029604222444126e-12, 4.155458787875513e-12, 3.0041523307496517e-12, 2.2183974012624974e-12, 1.6259862099328794e-12, 1.2002781220567653e-12, 8.707503037136889e-13]
W_list: [7]
L_list: [3.293273622715458]
