R_list= [ 1  2  3  4  5  6  7  8  9 10 11 12 13 14 15 16 17 18 19 20 21 22 23 24
 25 26 27 28 29 30 31 32 33 34 35 36 37 38]
C_final_list= [1.3337188348527802e-06, 1.2838971939040321e-06, 1.2343417278079265e-06, 1.1871155212144405e-06, 1.140774952372406e-06, 1.0956667873613371e-06, 1.0523102810158126e-06, 1.0107667386588747e-06, 9.708768474829903e-07, 9.323659108820245e-07, 8.954455632414613e-07, 8.594742895461166e-07, 8.252941057335565e-07, 7.924018610130224e-07, 7.605225855366137e-07, 7.299388642817298e-07, 7.009085641150114e-07, 6.730492274345171e-07, 6.462136113628886e-07, 6.201886871734185e-07, 5.951633156918594e-07, 5.710176511014481e-07, 5.480913262729674e-07, 5.260078420841009e-07, 5.047090657307488e-07, 4.841916312129637e-07, 4.6453389994628684e-07, 4.454978695733641e-07, 4.2720764760350744e-07, 4.0981069555403633e-07, 3.9308738938048274e-07, 3.769984901520829e-07, 3.615938662704219e-07, 3.4669649085194513e-07, 3.3249970970941614e-07, 3.1891733024874393e-07, 3.059091869343887e-07, 2.933976961967202e-07]
W_list: [5]
L_list: [24.540589756418075]
