C_final_list: [2.2087540830230295e-06, 2.120273640546132e-06, 2.0340466293495713e-06, 1.951356154876375e-06, 1.8715302199338644e-06, 1.7952613414757245e-06, 1.7210068613463206e-06, 1.6500565866185144e-06, 1.5822330863018635e-06, 1.517478405007963e-06, 1.4556069170556762e-06, 1.3957726870918253e-06, 1.338369909209118e-06, 1.2835145696537996e-06, 1.231609278810749e-06, 1.1817878533944583e-06, 1.1336943171825852e-06, 1.0871571428602068e-06, 1.0423306819367513e-06, 9.996157315367617e-07, 9.58260260967759e-07, 9.180771654977372e-07, 8.794874481446301e-07, 8.427517374053139e-07, 8.074710346978355e-07, 7.73404893281329e-07, 7.409851305304535e-07, 7.095214410086722e-07, 6.797167027416405e-07, 6.51027188209636e-07, 6.235979788210781e-07, 5.97251483437841e-07, 5.718131082792484e-07, 5.476314371556321e-07, 5.24393155501018e-07, 5.01994014060333e-07, 4.804139475378697e-07, 4.5961005218276864e-07, 4.398157233730982e-07, 4.2093459649740575e-07, 4.030846368934194e-07, 3.858527139667746e-07, 3.6926824298463175e-07, 3.531539736129984e-07, 3.3788510111811534e-07, 3.2314565633780674e-07, 3.09044310674379e-07, 2.957840533613575e-07, 2.8301850358506786e-07, 2.705207809424242e-07]
ndim2: 500
W_list: [2.4]
L_list: [23.63533363960164]
