R_list= [ 1  2  3  4  5  6  7  8  9 10 11 12 13 14 15 16 17 18 19 20 21 22 23 24
 25 26 27 28 29 30 31 32 33 34 35 36 37 38]
C_final_list= [3.4725370617377785e-07, 2.594878901440566e-07, 1.9539446699881194e-07, 1.477915957906575e-07, 1.1086012787944335e-07, 8.29114920774753e-08, 6.204954208843165e-08, 4.6253079975530134e-08, 3.4371340696299305e-08, 2.5455182950992137e-08, 1.8781456936229564e-08, 1.3841827972838817e-08, 1.017496838615822e-08, 7.438616931760112e-09, 5.412808707459876e-09, 3.953057236290343e-09, 2.8866430292323387e-09, 2.109012233840217e-09, 1.5403411233205502e-09, 1.1242693243160962e-09, 8.212647281982706e-10, 6.000877764735721e-10, 4.3853774134528915e-10, 3.201033175501058e-10, 2.314602489087725e-10, 1.673150772001237e-10, 1.2116752184375195e-10, 8.870431538712534e-11, 6.517509684278024e-11, 4.788188143125036e-11, 3.4757570431699556e-11, 2.546289988249344e-11, 1.881577040976563e-11, 1.401451183119577e-11, 1.0513523507670752e-11, 7.946707171887457e-12, 5.968720064587192e-12, 4.445160899999177e-12]
W_list: [7]
L_list: [3.4770127014836123]
