R_list= [ 1  2  3  4  5  6  7  8  9 10 11 12 13 14 15 16 17 18 19 20 21 22 23 24
 25 26 27 28 29 30 31 32 33 34 35 36 37 38]
C_final_list= [2.1016695465107236e-06, 2.0327660298873955e-06, 1.9680421519444555e-06, 1.9072639266727967e-06, 1.8484541104927038e-06, 1.7912131788025752e-06, 1.735206460009622e-06, 1.6806154855065945e-06, 1.628194777607014e-06, 1.5771090318748749e-06, 1.5282106314850769e-06, 1.4802408085888129e-06, 1.4339301452249894e-06, 1.3886553758266529e-06, 1.3450177952647913e-06, 1.3027852775797078e-06, 1.26221584092018e-06, 1.2228593459553187e-06, 1.1842737685591836e-06, 1.1466870895932227e-06, 1.1102603602347069e-06, 1.074941132141468e-06, 1.0408622085241033e-06, 1.0077669892405674e-06, 9.752499281078225e-07, 9.440436206488273e-07, 9.135283479055937e-07, 8.842144397584854e-07, 8.560224637425691e-07, 8.285026060987795e-07, 8.015691252083555e-07, 7.75477211349385e-07, 7.503182397198034e-07, 7.26213847283067e-07, 7.027884348184489e-07, 6.797871651178132e-07, 6.575541144793629e-07, 6.359005697449123e-07]
W_list: [4]
L_list: [31.174484236609914]
