C_final_list: [1.4635231753807614e-06, 1.3971560686375334e-06, 1.3306904376294513e-06, 1.2676536043833944e-06, 1.2072662653171139e-06, 1.1495692755011964e-06, 1.094943363852402e-06, 1.0420143322647105e-06, 9.9240749966522e-07, 9.446029924126599e-07, 8.992527382233238e-07, 8.56339312107746e-07, 8.153445461688288e-07, 7.765564229289653e-07, 7.395850656224236e-07, 7.041010494201577e-07, 6.703918362807369e-07, 6.379641365597918e-07, 6.074076187972963e-07, 5.783130328777264e-07, 5.505351649251086e-07, 5.238455246512924e-07, 4.985341326844439e-07, 4.7420957929227736e-07, 4.5103238801723825e-07, 4.2899978137272726e-07, 4.08036124982903e-07, 3.880432859450372e-07, 3.690832210028509e-07, 3.509302767504605e-07, 3.3357999835589687e-07, 3.174123715596765e-07, 3.0188539226928964e-07, 2.8705503810086477e-07, 2.7281626003149625e-07]
ndim2: 500
W_list: [3.0]
L_list: [20.336101201902512]
