R_list= [ 1  2  3  4  5  6  7  8  9 10 11 12 13 14 15 16 17 18 19 20 21 22 23 24
 25 26 27 28 29 30 31 32 33 34 35 36 37 38]
C_final_list= [6.562229521814617e-07, 5.841464558036745e-07, 5.152447148928077e-07, 4.5225100075455465e-07, 3.961152723457795e-07, 3.4661869278585666e-07, 3.036680086713267e-07, 2.659844627733358e-07, 2.330542138490257e-07, 2.041577678381577e-07, 1.7889416969783515e-07, 1.5662957997182488e-07, 1.37107774827581e-07, 1.1993425353872234e-07, 1.050262310360252e-07, 9.202845866961618e-08, 8.066457984105126e-08, 7.062516199071331e-08, 6.178575051092286e-08, 5.389593617425736e-08, 4.6931656456368e-08, 4.0916371469272713e-08, 3.568716516164363e-08, 3.1170709088668367e-08, 2.7230738145044804e-08, 2.3777906438145e-08, 2.072118218320674e-08, 1.8060526920639548e-08, 1.572420901919753e-08, 1.3671752388948826e-08, 1.1884940205668893e-08, 1.0344511580562403e-08, 9.007538687068828e-09, 7.833771142638756e-09, 6.815641333512383e-09, 5.939963638145346e-09, 5.1727364083560096e-09, 4.509779453899344e-09]
W_list: [8.0]
L_list: [7.62415610811666]
