R_list= [ 1  2  3  4  5  6  7  8  9 10 11 12 13 14 15 16 17 18 19 20 21 22 23 24
 25 26 27 28 29 30 31 32 33 34 35 36 37 38]
C_final_list= [7.419277820751734e-07, 6.666126365012653e-07, 5.957727404765029e-07, 5.314371800902788e-07, 4.7329358194246687e-07, 4.2153698420981733e-07, 3.7509954944527116e-07, 3.335400827405168e-07, 2.965929958939481e-07, 2.639283952879489e-07, 2.3478497949254386e-07, 2.0865768469524563e-07, 1.8542733326875747e-07, 1.6452694999636745e-07, 1.4588934700596195e-07, 1.2919736312875267e-07, 1.1438850973211662e-07, 1.0126393843155631e-07, 8.954702466315419e-08, 7.917074372108628e-08, 7.003571945986044e-08, 6.196824728470241e-08, 5.4803700808169814e-08, 4.842639356720423e-08, 4.272649159404379e-08, 3.770145715118374e-08, 3.3252831955387105e-08, 2.927192705749894e-08, 2.577254011654518e-08, 2.2718011693225825e-08, 1.998908282339459e-08, 1.757227713608864e-08, 1.5423968983000098e-08, 1.3531272408238692e-08, 1.188303571340353e-08, 1.042302532596261e-08, 9.13895585548287e-09, 8.015074125197653e-09]
W_list: [7.8]
L_list: [8.553336836833372]
