C_final_list: [1.4714816801182007e-06, 1.413489385660432e-06, 1.3562479463962453e-06, 1.2988878400388372e-06, 1.2457170371417506e-06, 1.1937243609614154e-06, 1.145152255453663e-06, 1.0982611614998885e-06, 1.0521457237932057e-06, 1.008789708985575e-06, 9.669076427139092e-07, 9.273855654140949e-07, 8.885855270463411e-07, 8.514781783251016e-07, 8.159462887702039e-07, 7.822316526834521e-07, 7.496839057797467e-07, 7.182287664664091e-07, 6.877734045810339e-07, 6.585713264845382e-07, 6.307058856108936e-07, 6.042666258304668e-07, 5.790354117437076e-07, 5.550048809256894e-07, 5.317845510463806e-07, 5.093520295826371e-07, 4.8768560698952e-07, 4.667312986285322e-07, 4.465312751226863e-07, 4.273771955989139e-07, 4.0907965049062404e-07, 3.912959340110779e-07, 3.743040191645649e-07, 3.5826566776700363e-07, 3.428068797483037e-07]
ndim2: 500
W_list: [2.0]
L_list: [23.47817998136181]
