R_list= [ 1  2  3  4  5  6  7  8  9 10 11 12 13 14 15 16 17 18 19 20 21 22 23 24
 25 26 27 28 29 30 31 32 33 34 35 36 37 38]
C_final_list= [2.127964919316027e-06, 1.9969538341445425e-06, 1.9124972644758594e-06, 1.8260595359208578e-06, 1.7426834324061704e-06, 1.666125243952216e-06, 1.5925143695746432e-06, 1.5217594139114943e-06, 1.4545032086009307e-06, 1.3905965943606726e-06, 1.3301509671331084e-06, 1.2717670213635306e-06, 1.215547297409707e-06, 1.16154430567928e-06, 1.1097701230225909e-06, 1.0604727263917682e-06, 1.013366813012425e-06, 9.681471445699208e-07, 9.242148068277856e-07, 8.826451939966688e-07, 8.435706878528865e-07, 8.055808458604695e-07, 7.692989916131579e-07, 7.342401451745209e-07, 7.00449314819046e-07, 6.683011613356832e-07, 6.374699484098899e-07, 6.080516810097438e-07, 5.799533945931188e-07, 5.532687130404322e-07, 5.276106608942672e-07, 5.032452943881612e-07, 4.79971562825415e-07, 4.5780688024643847e-07, 4.3660958140088635e-07, 4.16542416705119e-07, 3.972384834757468e-07, 3.7853013173824823e-07]
W_list: [4]
L_list: [21.772022782122914]
