R_list= [ 1  2  3  4  5  6  7  8  9 10 11 12 13 14 15 16 17 18 19 20 21 22 23 24
 25 26 27 28 29 30 31 32 33 34 35 36 37 38]
C_final_list= [3.7193206156183544e-06, 3.0768843717660836e-06, 2.528225642667203e-06, 2.0646995796966462e-06, 1.6813909276204482e-06, 1.3652438221233564e-06, 1.106107184543871e-06, 8.94762542020367e-07, 7.248344839149581e-07, 5.886575247661232e-07, 4.777659720823712e-07, 3.8803400440686924e-07, 3.158762781015029e-07, 2.567216377799119e-07, 2.084684010478636e-07, 1.687414523166137e-07, 1.3659324447693693e-07, 1.1017495575847137e-07, 8.887992805335947e-08, 7.16909347951785e-08, 5.778354007950447e-08, 4.661029580831083e-08, 3.7715496999818365e-08, 3.0531120393930634e-08, 2.4725472343949097e-08, 2.0091605672734083e-08, 1.632520523627136e-08, 1.3234925150667287e-08, 1.0731742988188528e-08, 8.681403806766114e-09, 7.016268341407361e-09, 5.677681017841277e-09, 4.5853300858066465e-09, 3.696524837509883e-09, 2.9748665498154653e-09, 2.407135150251605e-09, 1.9430976156135966e-09, 1.5673790759665659e-09]
W_list: [8.0]
L_list: [4.9077223593768995]
