R_list= [ 1  2  3  4  5  6  7  8  9 10 11 12 13 14 15 16 17 18 19 20 21 22 23 24
 25 26 27 28 29 30 31 32 33 34 35 36 37 38]
C_final_list= [1.0093018951537126e-06, 8.20064695628337e-07, 6.720482793440465e-07, 5.572487497509059e-07, 4.637395834291506e-07, 3.86994883694964e-07, 3.2321381961365433e-07, 2.6966620820893954e-07, 2.247230981525094e-07, 1.8695571728498352e-07, 1.555002081892562e-07, 1.2900351269182322e-07, 1.0675115811002065e-07, 8.830816917318797e-08, 7.299411319979288e-08, 6.029866500103231e-08, 4.978646774680196e-08, 4.1172446535008684e-08, 3.4119473352857e-08, 2.8292747995429655e-08, 2.3417360715424716e-08, 1.933107462237932e-08, 1.5945805177412282e-08, 1.309804679745511e-08, 1.0751837722271221e-08, 8.815299743956662e-09, 7.20870118056788e-09, 5.90589984417818e-09, 4.856003972728843e-09, 3.981799469028183e-09, 3.2668187269091884e-09, 2.67901829870375e-09, 2.189271353415842e-09, 1.784988606197626e-09, 1.4529601754931923e-09, 1.185850086738765e-09, 9.712221371287445e-10, 7.965626552008959e-10]
W_list: [5]
L_list: [5.310739854328159]
