R_list= [ 1  2  3  4  5  6  7  8  9 10 11 12 13 14 15 16 17 18 19 20 21 22 23 24
 25 26 27 28 29 30 31 32 33 34 35 36 37 38]
C_final_list= [4.771775311480081e-07, 4.2220719727606436e-07, 3.6964312711091884e-07, 3.2258686627011245e-07, 2.812739511732206e-07, 2.449536887351189e-07, 2.1335951858246247e-07, 1.8642297514150407e-07, 1.6287992144610308e-07, 1.4211571549083598e-07, 1.23718806173842e-07, 1.0761596241338008e-07, 9.36135231083235e-08, 8.147740422726588e-08, 7.094027588276028e-08, 6.171631478790345e-08, 5.354774896309758e-08, 4.645420467171925e-08, 4.0273871760034824e-08, 3.4876067932118564e-08, 3.0191504119799745e-08, 2.60731087481654e-08, 2.2522052723140487e-08, 1.9468190681206876e-08, 1.6831889803383023e-08, 1.4549680229467507e-08, 1.255744161310757e-08, 1.0831664848014175e-08, 9.34592525834366e-09, 8.046517822466974e-09, 6.9310619259702056e-09, 5.967530802220547e-09, 5.1350893178691606e-09, 4.423552270288694e-09, 3.812300063746001e-09, 3.281077773149665e-09, 2.8224904684568347e-09, 2.42558036397355e-09]
W_list: [7.8]
L_list: [7.3258360662407975]
