R_list= [ 1  2  3  4  5  6  7  8  9 10 11 12 13 14 15 16 17 18 19 20 21 22 23 24
 25 26 27 28 29 30 31 32 33 34 35 36 37 38]
C_final_list= [2.9012447636133845e-06, 2.3021347962163174e-06, 1.8051187852305255e-06, 1.4107781906345602e-06, 1.1004470325167035e-06, 8.587507652691388e-07, 6.70010887480434e-07, 5.219899025538865e-07, 4.054524932331566e-07, 3.1374717094661233e-07, 2.429484485133687e-07, 1.8756681861429956e-07, 1.4460229428293703e-07, 1.1147377550695938e-07, 8.593045662207467e-08, 6.637125596603285e-08, 5.128619286737202e-08, 3.9679523563820856e-08, 3.0822315984690096e-08, 2.3919780097064154e-08, 1.8495798073975742e-08, 1.426660503019993e-08, 1.1028192945559071e-08, 8.535740677041688e-09, 6.6088437952119855e-09, 5.116804075509022e-09, 3.927534263364476e-09, 3.0210140259864742e-09, 2.3217790466063368e-09, 1.7882611939038102e-09, 1.3793143637551235e-09, 1.0687699351453158e-09, 8.253895858807532e-10, 6.381222576909716e-10, 4.92519057064011e-10, 3.7876480657602773e-10, 2.9324347007259674e-10, 2.273898066283355e-10]
W_list: [8.6]
L_list: [4.074699115192481]
