R_list= [ 1  2  3  4  5  6  7  8  9 10 11 12 13 14 15 16 17 18 19 20 21 22 23 24
 25 26 27 28 29 30 31 32 33 34 35 36 37 38]
C_final_list= [2.000502288162873e-05, 1.6122474539218436e-05, 1.2855052887497614e-05, 1.0210841682455351e-05, 8.095014850013397e-06, 6.401397803857173e-06, 5.065397713089506e-06, 4.003035633308316e-06, 3.1649090187172987e-06, 2.5039115139511354e-06, 1.9803378857451218e-06, 1.5664308381881053e-06, 1.2391194147203118e-06, 9.791862771161464e-07, 7.727809435870365e-07, 6.098400598990713e-07, 4.806670327208815e-07, 3.785024737558591e-07, 2.9805370496641413e-07, 2.348233567090481e-07, 1.8497943480366257e-07, 1.4583401364366653e-07, 1.1500681343000934e-07, 9.064536507833766e-08, 7.154771874227454e-08, 5.648008800679853e-08, 4.455356612677544e-08, 3.5127596519293545e-08, 2.7662875088161238e-08, 2.182683894375536e-08, 1.7261578109438808e-08, 1.3610261877230037e-08, 1.0753435928916493e-08, 8.49115082644125e-09, 6.733037176855664e-09, 5.319132168274593e-09, 4.210957943247476e-09, 3.3393360162903417e-09]
W_list: [8.4]
L_list: [4.353998068161189]
