R_list= [ 1  2  3  4  5  6  7  8  9 10 11 12 13 14 15 16 17 18 19 20 21 22 23 24
 25 26 27 28 29 30 31 32 33 34 35 36 37 38]
C_final_list= [4.7663049554960274e-06, 4.0850167218519845e-06, 3.4762631780117675e-06, 2.9523451937266137e-06, 2.5026134644890973e-06, 2.121263609462306e-06, 1.7990427620378981e-06, 1.5271043753236621e-06, 1.2968317353676564e-06, 1.0983120065177845e-06, 9.294345521540948e-07, 7.867852571408939e-07, 6.654963421750419e-07, 5.625432046415737e-07, 4.754446859240293e-07, 4.0184485633479336e-07, 3.3936959486839666e-07, 2.8656388119505754e-07, 2.418750866832773e-07, 2.0406330698930552e-07, 1.7239462143754776e-07, 1.4578341426223181e-07, 1.2332389008924336e-07, 1.0411785969526694e-07, 8.787876244671431e-08, 7.412796429961746e-08, 6.263138539733955e-08, 5.301386856383035e-08, 4.487906102831259e-08, 3.799329476187312e-08, 3.21922690178666e-08, 2.7313488844354488e-08, 2.3160677822104458e-08, 1.9651534024790652e-08, 1.6657078706482077e-08, 1.4071334123814627e-08, 1.1890046505381153e-08, 1.005143091206483e-08]
W_list: [7.4]
L_list: [6.0994261425117715]
