C_final_list: [2.0062822163054947e-06, 1.7436515593142052e-06, 1.5042274783454064e-06, 1.3008760999132444e-06, 1.1235508059641487e-06, 9.721706902824452e-07, 8.405087535661285e-07, 7.264708254690861e-07, 6.257956832099506e-07, 5.40523499083742e-07, 4.659807937002588e-07, 4.00748516733793e-07, 3.44956889912765e-07, 2.973104891667337e-07, 2.5639795712330253e-07, 2.21448187875356e-07, 1.9072422628886363e-07, 1.636086615912444e-07, 1.4074443960712244e-07, 1.2130903300512207e-07, 1.0407110671642636e-07, 8.924971513761769e-08, 7.68216752371882e-08, 6.620493904167977e-08, 5.6877689648581014e-08, 4.893994252146636e-08, 4.212064636665176e-08, 3.624099641296736e-08, 3.110282733485121e-08, 2.665570485535704e-08, 2.283219591785042e-08, 1.9631159096272954e-08, 1.6795277537088575e-08, 1.4452359348078149e-08, 1.2429503674529979e-08, 1.0761437060508384e-08, 9.30492936983621e-09, 8.064591197242865e-09, 6.9549290856392485e-09, 5.984377161557871e-09, 5.1218233555282e-09, 4.388769757865895e-09, 3.774751871960399e-09, 3.253527107178828e-09, 2.8071120663802545e-09, 2.4132957612281234e-09, 2.0756382341504807e-09, 1.7853064258123584e-09, 1.531607754369997e-09, 1.3146968540551078e-09]
ndim2: 500
W_list: [3.1999999999999997]
L_list: [6.819421077561017]
