C_final_list: [1.9964477452503613e-06, 1.8821222415333415e-06, 1.7724207907096355e-06, 1.6687007382606824e-06, 1.57051583285474e-06, 1.4799902797033664e-06, 1.3927429261925938e-06, 1.310653700299714e-06, 1.2339345039862035e-06, 1.161231498384121e-06, 1.0936391524231107e-06, 1.030278388923794e-06, 9.707703080838994e-07, 9.146409969407722e-07, 8.611393485477891e-07, 8.110089096163657e-07, 7.630963473990919e-07, 7.177863538549165e-07, 6.74505975472212e-07, 6.345372315686434e-07, 5.962442444149598e-07, 5.602376397006168e-07, 5.265000746626731e-07, 4.945292317629965e-07, 4.6417729143779023e-07, 4.357224236460921e-07, 4.0885883114762616e-07, 3.835895342771246e-07, 3.601174861159532e-07, 3.3783119689476934e-07, 3.1697858875812523e-07, 2.9721130430629417e-07, 2.7872924658644387e-07, 2.613998131204934e-07, 2.4510950964719894e-07, 2.2970453504135872e-07, 2.1543992033198406e-07, 2.0194924853816787e-07, 1.8927020043983455e-07, 1.7750227877200486e-07, 1.663118407705246e-07, 1.5589453280063196e-07, 1.4622578192826627e-07, 1.3707674981502026e-07, 1.2842351511018242e-07, 1.2030143264601267e-07, 1.1269581153404838e-07, 1.0560700865744116e-07, 9.887326424734893e-08, 9.260526714258848e-08]
ndim2: 500
W_list: [2.9499999999999997]
L_list: [16.35685398001465]
