R_list= [ 1  2  3  4  5  6  7  8  9 10 11 12 13 14 15 16 17 18 19 20 21 22 23 24
 25 26 27 28 29 30 31 32 33 34 35 36 37 38]
C_final_list= [2.2829370700236256e-06, 2.0042372898333147e-06, 1.7417488305654397e-06, 1.5071438310941816e-06, 1.2999993326621165e-06, 1.1199825261390868e-06, 9.640919752754517e-07, 8.281779606913579e-07, 7.110305381499856e-07, 6.096142036307626e-07, 5.22097635896647e-07, 4.473572718501731e-07, 3.8298829965243e-07, 3.278208316769862e-07, 2.80579590710276e-07, 2.401224253773033e-07, 2.0536802945144674e-07, 1.7565578414068e-07, 1.5025590622650717e-07, 1.284536390341732e-07, 1.0977568423504709e-07, 9.386037306182686e-08, 8.02865800712077e-08, 6.866303499497684e-08, 5.868607113412606e-08, 5.011027251696223e-08, 4.2714046193708517e-08, 3.642458447431666e-08, 3.105927881799546e-08, 2.6461464405441267e-08, 2.2566785008667976e-08, 1.9249080462602175e-08, 1.641824885936445e-08, 1.4005339663227176e-08, 1.1949985698605306e-08, 1.0204926260719698e-08, 8.71578582615307e-09, 7.455508830564065e-09]
W_list: [8.3]
L_list: [6.730903277270872]
