R_list= [ 1  2  3  4  5  6  7  8  9 10 11 12 13 14 15 16 17 18 19 20 21 22 23 24
 25 26 27 28 29 30 31 32]
C_final_list= [2.5168205373109073e-07, 1.6685262774257988e-07, 1.056571437094119e-07, 6.651352983625245e-08, 4.183320051710586e-08, 2.623173453600619e-08, 1.6390282047208637e-08, 1.0227719957173024e-08, 6.376361008753775e-09, 3.9643884991360294e-09, 2.472333522389521e-09, 1.5436062311301733e-09, 9.599333255639892e-10, 5.89999213990445e-10, 3.585988281924479e-10, 2.172552741560843e-10, 1.3183042083553698e-10, 8.031632903370516e-11, 4.9151945535861745e-11, 3.043963957490617e-11, 1.8892193156475073e-11, 1.1623609192328007e-11, 7.185901384130932e-12, 4.467074832289741e-12, 2.809495963147729e-12, 1.7608028782468412e-12, 1.0785590265906534e-12, 6.415090320941372e-13, 3.810933416697842e-13, 2.29282033708874e-13, 1.4167867782651957e-13, 9.884927788158128e-14]
W_list: [6]
L_list: [2.2538441694105615]
