R_list= [ 1  2  3  4  5  6  7  8  9 10 11 12 13 14 15 16 17 18 19 20 21 22 23 24
 25 26 27 28 29 30 31 32 33 34 35 36 37 38]
C_final_list= [1.9177607751043382e-05, 1.5348566382256826e-05, 1.215806821986713e-05, 9.59798819746215e-06, 7.563015267391248e-06, 5.953344221848612e-06, 4.683090965633342e-06, 3.674297164626798e-06, 2.884142101739182e-06, 2.2609162031269468e-06, 1.7740588120219345e-06, 1.3917966539488548e-06, 1.091163636654448e-06, 8.555170996810708e-07, 6.701035309863448e-07, 5.249745705881618e-07, 4.110767961809347e-07, 3.219457713301121e-07, 2.522866627411061e-07, 1.9787757099069997e-07, 1.550488597941671e-07, 1.2147082146945827e-07, 9.528300953432224e-08, 7.480213982352077e-08, 5.876120710714239e-08, 4.608006577036161e-08, 3.6099447579320685e-08, 2.8220784521268e-08, 2.211079130015011e-08, 1.733389809374206e-08, 1.3609271927083657e-08, 1.0712442174244728e-08, 8.401863479901517e-09, 6.59623888025076e-09, 5.178002059324227e-09, 4.074397071903209e-09, 3.2150533245373668e-09, 2.5234694672414193e-09]
W_list: [8.5]
L_list: [4.238422948945563]
