C_final_list: [2.16654763955539e-06, 2.1286987547954647e-06, 2.0913407471101993e-06, 2.055519264259465e-06, 2.0205236048056715e-06, 1.9860833959574606e-06, 1.9523224056427784e-06, 1.9195747235152706e-06, 1.8871096260535957e-06, 1.8551510810678579e-06, 1.8237715715150186e-06, 1.792810072133012e-06, 1.762712398613045e-06, 1.7332356790441704e-06, 1.7041667007718802e-06, 1.6756971109630527e-06, 1.647491029921591e-06, 1.6192258002546226e-06, 1.5917838557418007e-06, 1.5645346676682456e-06, 1.5376210004202595e-06, 1.5113888755306954e-06, 1.4852651523482339e-06, 1.4594818866397508e-06, 1.434270811993752e-06, 1.4093054735793115e-06, 1.384802852881435e-06, 1.3607364308900603e-06, 1.3367523017175908e-06, 1.3132699670140707e-06, 1.2904599464516464e-06, 1.2679665486270284e-06, 1.2459019893979758e-06, 1.2239793306995948e-06, 1.2022985134705335e-06, 1.1810273559741421e-06, 1.1600345489615316e-06, 1.1392866810700677e-06, 1.1191956791656368e-06, 1.0991483171281227e-06, 1.079549033479811e-06, 1.0602994854863114e-06, 1.0415385357483943e-06, 1.023091695789618e-06, 1.0047925075665576e-06, 9.869316927453712e-07, 9.693390285552357e-07, 9.521773377551326e-07, 9.352101428232627e-07, 9.185360321967218e-07]
ndim2: 500
W_list: [2.2]
L_list: [57.48103130862775]
