R_list= [ 1  2  3  4  5  6  7  8  9 10 11 12 13 14 15 16 17 18 19 20 21 22 23 24
 25 26 27 28 29 30 31 32 33 34 35 36 37 38]
C_final_list= [7.406328012600593e-07, 6.480041033849369e-07, 5.695623241498006e-07, 5.030396755895122e-07, 4.445479722555787e-07, 3.924782503341561e-07, 3.466514800753945e-07, 3.060696182555677e-07, 2.700575970955642e-07, 2.379263378585613e-07, 2.0926612942197292e-07, 1.8403045357688827e-07, 1.6195235236280234e-07, 1.4224917685163405e-07, 1.2478996306648768e-07, 1.0934709700516654e-07, 9.571491075513489e-08, 8.388634968588494e-08, 7.361258908784304e-08, 6.458783123331854e-08, 5.663507443224494e-08, 4.963865803008466e-08, 4.341410945515032e-08, 3.800258034395071e-08, 3.331173806164626e-08, 2.9151377947792147e-08, 2.5466338068650068e-08, 2.2229064424967862e-08, 1.9401867585112157e-08, 1.69433828803092e-08, 1.4823581411539492e-08, 1.2972436826264442e-08, 1.1351056280068413e-08, 9.930483156382348e-09, 8.677146445192359e-09, 7.57403449471027e-09, 6.613383535996121e-09, 5.771188380978738e-09]
W_list: [5]
L_list: [7.8703539568272545]
