C_final_list: [1.6520319697053754e-06, 1.6256182221308647e-06, 1.5995638618661725e-06, 1.5744608463863095e-06, 1.549919750222831e-06, 1.5259911312023638e-06, 1.5026201501928781e-06, 1.4793920848116321e-06, 1.4563923500137373e-06, 1.4336570056419232e-06, 1.411356439914755e-06, 1.3891472656778845e-06, 1.3670525386008293e-06, 1.3455231527700745e-06, 1.324241894743575e-06, 1.303114957827944e-06, 1.2824265631680957e-06, 1.262011262568064e-06, 1.2420254146167003e-06, 1.2222220640639814e-06, 1.2030084323320116e-06, 1.1839808978482926e-06, 1.1654150112924386e-06, 1.1471105896352355e-06, 1.1292362771778988e-06, 1.1115942862757523e-06, 1.0941266617676567e-06, 1.0769803098186943e-06, 1.0601502935839238e-06, 1.0437179938862724e-06, 1.0275433677045518e-06, 1.01162943269374e-06, 9.961458750795279e-07, 9.806507972632376e-07, 9.653652846574053e-07, 9.502130953169602e-07, 9.352417472868003e-07, 9.204444690446645e-07, 9.057993433219395e-07, 8.913433963952786e-07, 8.770226799311742e-07, 8.629723692674924e-07, 8.491845808156459e-07, 8.355945339998746e-07, 8.221084420741218e-07, 8.088364104364175e-07, 7.95828532948181e-07, 7.829059966924845e-07, 7.700643402390724e-07, 7.57492788789622e-07]
ndim2: 500
W_list: [3.05]
L_list: [63.09458647307861]
