R_list= [ 1  2  3  4  5  6  7  8  9 10 11 12 13 14 15 16 17 18 19 20 21 22 23 24
 25 26 27 28 29 30 31 32 33 34 35 36 37 38]
C_final_list= [6.339523267121235e-07, 5.779718343769057e-07, 5.242238798413528e-07, 4.736622288171322e-07, 4.2728144238339913e-07, 3.8472411081554174e-07, 3.465442950784246e-07, 3.118752725551124e-07, 2.8031230360012405e-07, 2.5167603719034287e-07, 2.262069771348096e-07, 2.0294121524724355e-07, 1.822628020373292e-07, 1.6394518094355936e-07, 1.4754111815196342e-07, 1.3261213737517693e-07, 1.1907706676883223e-07, 1.0700928363171052e-07, 9.610310140083155e-08, 8.63555489533035e-08, 7.748092170320168e-08, 6.960395039543747e-08, 6.2459946523805e-08, 5.6041012835394565e-08, 5.02830076215457e-08, 4.506308074124277e-08, 4.038893447788941e-08, 3.6179818472554876e-08, 3.24258561581398e-08, 2.9010226873539036e-08, 2.5948148632496068e-08, 2.3176280660881008e-08, 2.0685973055732106e-08, 1.8460256542533344e-08, 1.6453728593501533e-08, 1.46704013804233e-08, 1.3038453186799626e-08, 1.1589658202086887e-08]
W_list: [7.0]
L_list: [9.532962147962522]
