R_list= [ 1  2  3  4  5  6  7  8  9 10 11 12 13 14 15 16 17 18 19 20 21 22 23 24
 25 26 27 28 29 30 31 32 33 34 35 36 37 38]
C_final_list= [7.23078280991688e-06, 6.276984571903556e-06, 5.398531139505855e-06, 4.6266028354344094e-06, 3.960337140966624e-06, 3.3862653315647976e-06, 2.8926994699923448e-06, 2.471066879135639e-06, 2.1103201374050224e-06, 1.801001622440738e-06, 1.5351417205168329e-06, 1.3075575479986985e-06, 1.1139277769401594e-06, 9.486118612070054e-07, 8.080588862314733e-07, 6.880610803699435e-07, 5.854480659090211e-07, 4.979232868129758e-07, 4.237665825159113e-07, 3.6076854697619646e-07, 3.0710110188942405e-07, 2.616199988980974e-07, 2.2298091983128708e-07, 1.9000922223825634e-07, 1.6178706011711988e-07, 1.3769533641894876e-07, 1.1715550791664348e-07, 9.957997633517839e-08, 8.454321769827752e-08, 7.180708546463828e-08, 6.102471694482141e-08, 5.1890322951087094e-08, 4.4110275364527466e-08, 3.750687432887483e-08, 3.1932139729609894e-08, 2.7186325847870084e-08, 2.313086128064338e-08, 1.972931325400416e-08]
W_list: [7.95]
L_list: [6.42522122870749]
