R_list= [ 1  2  3  4  5  6  7  8  9 10 11 12 13 14 15 16 17 18 19 20 21 22 23 24
 25 26 27 28 29 30 31 32 33 34 35 36 37 38]
C_final_list= [1.1596981714385692e-06, 1.060226860056605e-06, 9.821833353950054e-07, 9.081520841412492e-07, 8.383378175243243e-07, 7.742323355914308e-07, 7.155188611127545e-07, 6.615874794116623e-07, 6.118411387739458e-07, 5.659370285322062e-07, 5.234596381062683e-07, 4.840611584392939e-07, 4.4737774820576925e-07, 4.1344220863503907e-07, 3.8208414399487396e-07, 3.5291979941557763e-07, 3.257920453129228e-07, 3.007950642411622e-07, 2.7805673302587405e-07, 2.565866285352276e-07, 2.3659066682746591e-07, 2.1810987876660605e-07, 2.0110848441962315e-07, 1.8527422770869375e-07, 1.706737520777595e-07, 1.5718597361170178e-07, 1.4490225953126817e-07, 1.3355361242145776e-07, 1.229608086996844e-07, 1.1313961530559613e-07, 1.0411366607261048e-07, 9.584578109697827e-08, 8.828617524965867e-08, 8.13220042137816e-08, 7.491763060179603e-08, 6.897729501228138e-08, 6.354407545155924e-08, 5.852106849247051e-08]
W_list: [5]
L_list: [12.591615146921121]
