R_list= [ 1  2  3  4  5  6  7  8  9 10 11 12 13 14 15 16 17 18 19 20 21 22 23 24
 25 26 27 28 29 30 31 32 33 34 35 36 37 38]
C_final_list= [2.356572866697976e-05, 1.9480555284858137e-05, 1.5967692438873667e-05, 1.3046242338764355e-05, 1.0644994996724073e-05, 8.68174315815902e-06, 7.078912268308995e-06, 5.764514702332489e-06, 4.692856973515392e-06, 3.8200791121736135e-06, 3.1114746348401905e-06, 2.5307962089451285e-06, 2.057078508132802e-06, 1.6716964109654565e-06, 1.3583091723237136e-06, 1.1040546085229637e-06, 8.974861399022542e-07, 7.300579490569647e-07, 5.934426818381596e-07, 4.821255021286707e-07, 3.9115404569890215e-07, 3.177132220042711e-07, 2.5750986634370064e-07, 2.089550737994148e-07, 1.696350731392872e-07, 1.3764287019990768e-07, 1.1173791068917115e-07, 9.074477504644618e-08, 7.36882657276768e-08, 5.991949951391821e-08, 4.8728883782370695e-08, 3.964608796442475e-08, 3.2257374366881974e-08, 2.62335246485967e-08, 2.1368506064101805e-08, 1.742373646759367e-08, 1.4183684068768567e-08, 1.1552148077372664e-08]
W_list: [8.0]
L_list: [4.953323482923108]
