R_list= [ 1  2  3  4  5  6  7  8  9 10 11 12 13 14 15 16 17 18 19 20 21 22 23 24
 25 26 27 28 29 30 31 32 33 34 35 36 37 38]
C_final_list= [8.229301629366537e-07, 7.218618386050726e-07, 6.372453484180007e-07, 5.601651741990964e-07, 4.921577379201657e-07, 4.3264068088780167e-07, 3.7913442973759614e-07, 3.320648349199112e-07, 2.911827981730077e-07, 2.549463120942516e-07, 2.2317033346513723e-07, 1.9543130654054723e-07, 1.7103492821176562e-07, 1.4972350033728252e-07, 1.3084962549618772e-07, 1.143967328538999e-07, 1.0007179263090415e-07, 8.749707129447221e-08, 7.643218936185794e-08, 6.671488447225353e-08, 5.812783427888677e-08, 5.070680557374731e-08, 4.423667252796122e-08, 3.864366565924086e-08, 3.378410439990383e-08, 2.9476746210754865e-08, 2.571818446203338e-08, 2.2438899160193003e-08, 1.9531236888934764e-08, 1.7001551778465876e-08, 1.4818913272405896e-08, 1.2906750526649067e-08, 1.1253100064332922e-08, 9.809537970648659e-09, 8.55524985239489e-09, 7.457503315975626e-09, 6.5011021857137075e-09, 5.650904614021196e-09]
W_list: [6]
L_list: [7.626028545589079]
