C_final_list: [1.233411232122532e-06, 1.1561351548592907e-06, 1.0804470271465465e-06, 1.0086173435048239e-06, 9.419013420997585e-07, 8.783529186522192e-07, 8.182608552865527e-07, 7.632839828416187e-07, 7.112784864742194e-07, 6.631639453184424e-07, 6.183245567612776e-07, 5.762404723776396e-07, 5.37160079840562e-07, 5.008956088665998e-07, 4.6695205663023955e-07, 4.3516607811856954e-07, 4.057863816552704e-07, 3.78575356943804e-07, 3.5287637785309914e-07, 3.2868646979317125e-07, 3.0629809886791476e-07, 2.853754706715532e-07, 2.6587932177725434e-07, 2.477846936892947e-07, 2.3076566434628466e-07, 2.148270466458753e-07, 1.9996759287341626e-07, 1.8616629339064305e-07, 1.7314592644766586e-07, 1.611958213823425e-07, 1.4984328093364626e-07, 1.3928131219449942e-07, 1.2941594265276764e-07, 1.2038909926614092e-07, 1.1199357618058236e-07]
ndim2: 500
W_list: [3.4000000000000004]
L_list: [14.289711430781875]
