R_list= [ 1  2  3  4  5  6  7  8  9 10 11 12 13 14 15 16 17 18 19 20 21 22 23 24
 25 26 27 28 29 30 31 32 33 34 35 36 37 38]
C_final_list= [4.0765947146188413e-07, 3.720038840171162e-07, 3.3660571324263085e-07, 3.0341498667711424e-07, 2.7279884735687177e-07, 2.45124780918119e-07, 2.2002095353421243e-07, 1.9769222731580665e-07, 1.7754577686889312e-07, 1.593534015861146e-07, 1.4304190848081203e-07, 1.283816054501634e-07, 1.1523781975135383e-07, 1.0348571749054121e-07, 9.28725467603822e-08, 8.325166650183572e-08, 7.463523050609114e-08, 6.68841694212322e-08, 5.988902448652161e-08, 5.356976115031129e-08, 4.79162279614696e-08, 4.2815075421167874e-08, 3.820849405289922e-08, 3.4077825254920835e-08, 3.0384966855336345e-08, 2.70950988684487e-08, 2.416402244059169e-08, 2.1537205360789305e-08, 1.9197781839912584e-08, 1.7098504229999416e-08, 1.5225136263189597e-08, 1.3533482449933377e-08, 1.2042467929559195e-08, 1.0712680552962952e-08, 9.529922112752154e-09, 8.468658180323542e-09, 7.519714076376955e-09, 6.67293467151483e-09]
W_list: [7]
L_list: [9.358294112693885]
