R_list= [ 1  2  3  4  5  6  7  8  9 10 11 12 13 14 15 16 17 18 19 20 21 22 23 24
 25 26 27 28 29 30 31 32 33 34 35 36 37 38]
C_final_list= [8.468701215691078e-07, 6.552485116362695e-07, 5.183271852479275e-07, 4.0806159460273226e-07, 3.2058883133511846e-07, 2.5242244340461663e-07, 1.9863690063453834e-07, 1.5620270352876193e-07, 1.2249674365212906e-07, 9.606346829284022e-08, 7.53160672531789e-08, 5.901530058368379e-08, 4.6163390360909006e-08, 3.616238864499748e-08, 2.8391245096887074e-08, 2.2246475655481292e-08, 1.7445083919236737e-08, 1.3713666213925249e-08, 1.0767720640108204e-08, 8.432981273064327e-09, 6.5806081644382626e-09, 5.125687742210793e-09, 3.975424076286552e-09, 3.0835694752813868e-09, 2.3902553416616746e-09, 1.8542001360416881e-09, 1.4438174513622586e-09, 1.1242345571974575e-09, 8.822879173420189e-10, 6.910122729785739e-10, 5.417547001700125e-10, 4.2949040108450865e-10, 3.38471243667205e-10, 2.6655369204438425e-10, 2.1171035584538318e-10, 1.6795122092515755e-10, 1.316717108523497e-10, 1.0393680839459386e-10]
W_list: [6]
L_list: [4.13611960762842]
