R_list= [ 1  2  3  4  5  6  7  8  9 10 11 12 13 14 15 16 17 18 19 20 21 22 23 24
 25 26 27 28 29 30 31 32 33 34 35 36 37 38]
C_final_list= [4.768161532775791e-07, 4.1240323792461656e-07, 3.5381086837783624e-07, 3.035427445000953e-07, 2.59299400174306e-07, 2.2112167743317708e-07, 1.8826636632993808e-07, 1.6008468424223137e-07, 1.3593681215422433e-07, 1.1542582307002605e-07, 9.79658355843348e-08, 8.30533982753074e-08, 7.045612350853738e-08, 5.983039718713512e-08, 5.075868841897974e-08, 4.3057993773251205e-08, 3.646339440423916e-08, 3.088593342294843e-08, 2.6171825360165945e-08, 2.2200151014274946e-08, 1.883347244207988e-08, 1.5927870426847127e-08, 1.3478329171430058e-08, 1.1370392737949309e-08, 9.579826290279355e-09, 8.070555366684279e-09, 6.793447705768229e-09, 5.715477557993706e-09, 4.804480000897752e-09, 4.033169901066039e-09, 3.3896174729885405e-09, 2.848742387774885e-09, 2.39404235935081e-09, 2.0153215373877163e-09, 1.6994514555182127e-09, 1.4289711987578014e-09, 1.2005350499470879e-09, 1.0052293092232092e-09]
W_list: [7]
L_list: [6.305059969041845]
