R_list= [ 1  2  3  4  5  6  7  8  9 10 11 12 13 14 15 16 17 18 19 20 21 22 23 24
 25 26 27 28 29 30 31 32 33 34 35 36 37 38]
C_final_list= [3.7863795421677248e-06, 3.135180920657646e-06, 2.581199695592699e-06, 2.116517133979505e-06, 1.734287534431265e-06, 1.4164199460533921e-06, 1.1551083911715502e-06, 9.409966091751657e-07, 7.66394071551209e-07, 6.223757183493918e-07, 5.041349833253082e-07, 4.089772770303535e-07, 3.3171291173096537e-07, 2.6910702578141507e-07, 2.181175891785343e-07, 1.7680786617328165e-07, 1.4321326103984106e-07, 1.1604588655306315e-07, 9.409879922335567e-08, 7.652505600174199e-08, 6.205919449374664e-08, 5.0317894853869867e-08, 4.078872154195849e-08, 3.304500550060272e-08, 2.6825715931373255e-08, 2.172576799009254e-08, 1.7519305922049283e-08, 1.4127268549150547e-08, 1.1374335116376114e-08, 9.181881479047677e-09, 7.395215646396725e-09, 5.946664899266351e-09, 4.7825462802870476e-09, 3.857994070159037e-09, 3.0879267930631463e-09, 2.469213098961596e-09, 1.9709182991039433e-09, 1.573545720576465e-09]
W_list: [8.0]
L_list: [4.9946638612016905]
