R_list= [ 1  2  3  4  5  6  7  8  9 10 11 12 13 14 15 16 17 18 19 20 21 22 23 24
 25 26 27 28 29 30 31 32 33 34 35 36 37 38]
C_final_list= [4.678355387101173e-07, 2.996692074221492e-07, 1.9579084097473546e-07, 1.28642518347999e-07, 8.425074241999472e-08, 5.532370837849015e-08, 3.6303272524082636e-08, 2.381037656076698e-08, 1.5695909353352732e-08, 1.0293314251068158e-08, 6.7040431442218784e-09, 4.347496466737578e-09, 2.8038430521193164e-09, 1.8108170050880041e-09, 1.1772495527255886e-09, 7.670964724322231e-10, 5.004326708948506e-10, 3.2559522018665005e-10, 2.1180391250437898e-10, 1.3871507257904125e-10, 8.948389044444849e-11, 5.695195223133894e-11, 3.6546121650809766e-11, 2.3560100627035924e-11, 1.5291619732942446e-11, 9.867196910997993e-12, 6.426589553811501e-12, 4.403069301244402e-12, 3.148628050338421e-12, 2.1145327694269993e-12, 1.319826940824188e-12, 8.07839015783414e-13, 4.968028899348074e-13, 3.1446339557774745e-13, 2.009135736758457e-13, 1.2680827699662016e-13, 7.669868689036527e-14, 4.4884079850410974e-14]
W_list: [7]
L_list: [2.323087885252061]
