R_list= [ 1  2  3  4  5  6  7  8  9 10 11 12 13 14 15 16 17 18 19 20 21 22 23 24
 25 26 27 28 29 30 31 32]
C_final_list= [8.930456367457195e-08, 3.8612971469870355e-08, 1.3559309507970752e-08, 4.316003910736673e-09, 1.2990398041805555e-09, 3.74923549286123e-10, 1.0598646585963645e-10, 2.964731680791381e-11, 8.143384808340076e-12, 2.1711962586926893e-12, 5.789688461988733e-13, 1.642377358108653e-13, 6.294112713551802e-14, 4.512938129270365e-14, 1.9637010733263075e-14, 3.7319568224900534e-15, 6.381209329451177e-16, 1.316137832439345e-16, 3.1110990707222826e-17, 7.257058985872923e-18, 1.7153462067926617e-18, 3.9486431223605477e-19, 9.263449298188537e-20, 2.2062861935279055e-20, 5.155005630583185e-21, 1.122723742677091e-21, 2.4163230365603234e-22, 5.458006440930503e-23, 1.2575043250033917e-23, 3.0089429181290656e-24, 7.50211555295221e-25, 2.0605591063048494e-25]
W_list: [6]
L_list: [1.1072213263894057]
