C_final_list: [1.5401637012233956e-06, 1.5110114273211111e-06, 1.481875660935463e-06, 1.45361498389627e-06, 1.4258701432538384e-06, 1.3987943140428177e-06, 1.3721315543405198e-06, 1.345947504841144e-06, 1.3202703094183577e-06, 1.2946404192194502e-06, 1.2696657249946812e-06, 1.2450672527780558e-06, 1.220795814758287e-06, 1.1970215541193427e-06, 1.1732430674383477e-06, 1.1499770863755703e-06, 1.1270866668800853e-06, 1.104698865826111e-06, 1.0830617622138551e-06, 1.0617497238589988e-06, 1.0410000765865715e-06, 1.020552289873242e-06, 1.0006099443087944e-06, 9.811140553444e-07, 9.619889375502185e-07, 9.432217630382781e-07, 9.248449751173614e-07, 9.070316529920154e-07, 8.894564276366161e-07, 8.723264181603321e-07, 8.555232649821582e-07, 8.390358663497039e-07, 8.229887896787647e-07, 8.072741803232397e-07, 7.91959887946926e-07, 7.771382070796845e-07, 7.624471438404856e-07, 7.479096488823864e-07, 7.337319710983798e-07, 7.197204771208756e-07, 7.059459817579996e-07, 6.924594131359933e-07, 6.791767232137706e-07, 6.661641871383185e-07, 6.534545263725416e-07, 6.409703637030663e-07, 6.286371523233547e-07, 6.164157028590082e-07, 6.043196283732531e-07, 5.923314047515986e-07]
ndim2: 500
W_list: [3.2]
L_list: [51.113059910794874]
