C_final_list: [9.714628950461827e-07, 9.338754257959609e-07, 8.957702387924835e-07, 8.58719046854546e-07, 8.2262166895703e-07, 7.873928208356842e-07, 7.534979166186395e-07, 7.206378358318509e-07, 6.890879774761453e-07, 6.589880740582832e-07, 6.298034324329727e-07, 6.020462046257747e-07, 5.756137611961279e-07, 5.50235187901229e-07, 5.259600721113918e-07, 5.028693845857515e-07, 4.808539273025982e-07, 4.5958128385196764e-07, 4.3930035540468893e-07, 4.198163056586581e-07, 4.0113892745867186e-07, 3.832255476934073e-07, 3.661489299853423e-07, 3.4972871511862786e-07, 3.339091776882029e-07, 3.187189789046497e-07, 3.0409627462585386e-07, 2.9028824394180494e-07, 2.770755812461757e-07, 2.644709687792622e-07, 2.523725550694055e-07, 2.408812811476869e-07, 2.2974820199609093e-07, 2.1905604399048594e-07, 2.088788009634567e-07]
ndim2: 500
W_list: [3.8]
L_list: [22.28788671797225]
