R_list= [ 1  2  3  4  5  6  7  8  9 10 11 12 13 14 15 16 17 18 19 20 21 22 23 24
 25 26 27 28 29 30 31 32 33 34 35 36 37 38]
C_final_list= [2.2092581141147887e-05, 1.809517934647869e-05, 1.4678156566823802e-05, 1.186161020499507e-05, 9.570900991718999e-06, 7.720128853558547e-06, 6.227932616023628e-06, 5.0242135726327326e-06, 4.056107593431805e-06, 3.2764958635827263e-06, 2.6466363105054428e-06, 2.135750008682597e-06, 1.7246354817898826e-06, 1.3913205672343548e-06, 1.1216630634837885e-06, 9.033444898895542e-07, 7.275329002428217e-07, 5.856488396984214e-07, 4.712617240147277e-07, 3.7876183762587246e-07, 3.0463817578744995e-07, 2.4490979142842474e-07, 1.9690041869692876e-07, 1.5857189598151585e-07, 1.2754157636206925e-07, 1.0250500094708553e-07, 8.243488600694807e-08, 6.625866428560532e-08, 5.3258311348808667e-08, 4.278785988702982e-08, 3.445236288681884e-08, 2.7684646119787322e-08, 2.2277534106806523e-08, 1.7940501894864945e-08, 1.4464917432694574e-08, 1.1672185298468108e-08, 9.419595114391185e-09, 7.620428079725671e-09]
W_list: [8.15]
L_list: [4.723005015922963]
