R_list= [ 1  2  3  4  5  6  7  8  9 10 11 12 13 14 15 16 17 18 19 20 21 22 23 24
 25 26 27 28 29 30 31 32 33 34 35 36 37 38]
C_final_list= [2.1871398028991483e-06, 2.084934070812706e-06, 1.98829140760494e-06, 1.8972187948787997e-06, 1.8119021967888368e-06, 1.7306453127799853e-06, 1.6543371605912924e-06, 1.5828059741391849e-06, 1.5124180401326048e-06, 1.445509734920049e-06, 1.3814062306569852e-06, 1.3198785047043954e-06, 1.26105103375978e-06, 1.2045089750218506e-06, 1.1507804461513115e-06, 1.0988648625659658e-06, 1.0490609471706597e-06, 1.0014886409561608e-06, 9.553725724453913e-07, 9.115191122561599e-07, 8.691141103740626e-07, 8.29056800481512e-07, 7.909868620126869e-07, 7.53961029335178e-07, 7.191273917708818e-07, 6.856388495990931e-07, 6.535871243835872e-07, 6.231433659919011e-07, 5.940688692852095e-07, 5.66052751653602e-07, 5.393331248211914e-07, 5.139472803581922e-07, 4.895767725362194e-07, 4.6644967903326187e-07, 4.443847020204335e-07, 4.235045390371546e-07, 4.038741933778369e-07, 3.850107241561381e-07]
W_list: [4]
L_list: [21.566671298199733]
