R_list= [ 1  2  3  4  5  6  7  8  9 10 11 12 13 14 15 16 17 18 19 20 21 22 23 24
 25 26 27 28 29 30 31 32 33 34 35 36 37 38]
C_final_list= [2.1392881470178075e-06, 1.5963620653227693e-06, 1.1727336165349341e-06, 8.597736503186853e-07, 6.27111851233246e-07, 4.582258828886588e-07, 3.3463325352060976e-07, 2.4319175702990054e-07, 1.7631882914789028e-07, 1.276372763166285e-07, 9.208147471590002e-08, 6.630551943057967e-08, 4.7536374516472334e-08, 3.4065386027029084e-08, 2.447183387712424e-08, 1.7492470104112945e-08, 1.2533978740074808e-08, 9.030645228177902e-09, 6.527394428851922e-09, 4.744450443453364e-09, 3.4483374477562773e-09, 2.4923183395900513e-09, 1.794869249628552e-09, 1.2931140829177118e-09, 9.384686922718771e-10, 6.794076110656542e-10, 4.879219180992451e-10, 3.5126634291328964e-10, 2.5200124492769477e-10, 1.8067362045236086e-10, 1.277904334709655e-10, 9.06397073359498e-11, 6.332128951811534e-11, 4.3694838520845764e-11, 3.045142618475201e-11, 2.1407635472146595e-11, 1.4865487100891334e-11, 1.0225805157745874e-11]
W_list: [9.4]
L_list: [3.2417376603242514]
