C_final_list: [1.667177343894094e-06, 1.5283812525180217e-06, 1.3962584080059716e-06, 1.2764083290059794e-06, 1.1656933542815905e-06, 1.065472768995179e-06, 9.720983962945981e-07, 8.871213225230225e-07, 8.077789548293714e-07, 7.355775458309685e-07, 6.702886101965681e-07, 6.10813695315688e-07, 5.560002759973098e-07, 5.056670137867057e-07, 4.5937047047848963e-07, 4.180945025649118e-07, 3.804867196103061e-07, 3.459642001388554e-07, 3.14536260601035e-07, 2.866058930717863e-07, 2.6111652336858886e-07, 2.3790028221046137e-07, 2.1643662818268044e-07, 1.9712147268516556e-07, 1.7935115260796986e-07, 1.6325864125693814e-07, 1.484548036292869e-07, 1.348688096384447e-07, 1.2237476974503313e-07, 1.1105837860774584e-07, 1.0088741633356878e-07, 9.160809833880846e-08, 8.317689337834193e-08, 7.554135690612354e-08, 6.84942159108078e-08]
ndim2: 500
W_list: [3.0]
L_list: [10.80934989562257]
