C_final_list: [1.1725576449519438e-06, 1.0088144184355064e-06, 8.661377486452765e-07, 7.425201030675697e-07, 6.365295980484626e-07, 5.465912593315932e-07, 4.6924035979613184e-07, 4.021948432226404e-07, 3.4414955523182487e-07, 2.947436555973053e-07, 2.510567012088009e-07, 2.1359179557339622e-07, 1.816090968713657e-07, 1.5435881661255152e-07, 1.3127171720505857e-07, 1.1186114303073029e-07, 9.502896646540615e-08, 8.053277310360679e-08, 6.832710150736368e-08, 5.804399338019502e-08, 4.930882978676788e-08, 4.1976940814010335e-08, 3.586595420537545e-08, 3.0494078931732027e-08, 2.586813961752494e-08, 2.190518213637239e-08, 1.855125895013139e-08, 1.5808332526314657e-08, 1.3481855717479883e-08, 1.147697093671475e-08, 9.750965576190446e-09, 8.278983839593656e-09, 7.013195884244722e-09, 5.9263184462161386e-09, 5.00286675760729e-09]
ndim2: 500
W_list: [3.2]
L_list: [6.44859176793529]
