R_list= [ 1  2  3  4  5  6  7  8  9 10 11 12 13 14 15 16 17 18 19 20 21 22 23 24
 25 26 27 28 29 30 31 32 33 34 35 36 37 38]
C_final_list= [8.851155089771309e-07, 5.622175261224794e-07, 3.0633357531755293e-07, 1.521921984913631e-07, 7.154212401173202e-08, 3.251561091276205e-08, 1.4458875004903992e-08, 6.34003766147627e-09, 2.7589481061822136e-09, 1.1974668517746925e-09, 5.208472602307462e-10, 2.2746274590343086e-10, 1.0004704190300886e-10, 4.424481909444778e-11, 1.9654035324385767e-11, 8.876103857521549e-12, 4.1030141502654635e-12, 1.9517335604633426e-12, 9.608846158288364e-13, 4.898390649845156e-13, 2.5437335909223896e-13, 1.329584118206511e-13, 7.210350939017102e-14, 4.065388988172146e-14, 2.4570859122495255e-14, 1.515981000346183e-14, 9.282545813610927e-15, 4.964300171406122e-15, 2.4947317753116043e-15, 1.1485455577261884e-15, 5.152275417447563e-16, 2.1874261796337628e-16, 9.194905135455384e-17, 3.798469311640704e-17, 1.572181860022026e-17, 6.587809860183147e-18, 2.8707878397219833e-18, 1.3095674416488739e-18]
W_list: [4]
L_list: [1.784025876799177]
