R_list= [ 1  2  3  4  5  6  7  8  9 10 11 12 13 14 15 16 17 18 19 20 21 22 23 24
 25 26 27 28 29 30 31 32 33 34 35 36 37 38]
C_final_list= [1.548378628135364e-07, 1.1545010041616913e-07, 8.583334317359748e-08, 6.351679727772399e-08, 4.661779035042916e-08, 3.40987510976392e-08, 2.490278404089312e-08, 1.819733003429531e-08, 1.3282924063972482e-08, 9.70156912458174e-09, 7.060930757140543e-09, 5.132322141322471e-09, 3.7342830418239985e-09, 2.7119756905587953e-09, 1.9616778338332946e-09, 1.416366228451859e-09, 1.0240154795653092e-09, 7.387439321449057e-10, 5.320436423069722e-10, 3.8146054920206866e-10, 2.745217243568508e-10, 1.9724915991553617e-10, 1.418058558303953e-10, 1.0256731558642257e-10, 7.446739912667513e-11, 5.426131265014238e-11, 4.0036996181063673e-11, 2.945295808633583e-11, 2.1902126335416284e-11, 1.6505288851563797e-11, 1.2439980229707622e-11, 9.220049596579364e-12, 6.721784193066036e-12, 4.8511404934579074e-12, 3.4654530968134972e-12, 2.48950406821063e-12, 1.7895060768278083e-12, 1.2857410332440868e-12]
W_list: [7]
L_list: [3.302800581613117]
