R_list= [ 1  2  3  4  5  6  7  8  9 10 11 12 13 14 15 16 17 18 19 20 21 22 23 24
 25 26 27 28 29 30 31 32 33 34 35 36 37 38]
C_final_list= [1.4896989597182255e-06, 9.938865022218638e-07, 6.216582684239202e-07, 3.86272197434251e-07, 2.4234120229637503e-07, 1.5351342164859263e-07, 9.778560823825431e-08, 6.252531437924964e-08, 3.9934933554442146e-08, 2.540491466300317e-08, 1.6067916671031136e-08, 1.0032039316162991e-08, 6.194557467311013e-09, 3.792109079445486e-09, 2.3077120546196266e-09, 1.4058968819308484e-09, 8.591510139426261e-10, 5.287917119758929e-10, 3.2825324351304163e-10, 2.0338902826589148e-10, 1.2548582285161075e-10, 7.779897268497761e-11, 4.796061366174098e-11, 2.921860961432647e-11, 1.736167614224132e-11, 1.008300383653234e-11, 5.857243524036037e-12, 3.4458647475020716e-12, 2.0369302291069344e-12, 1.2005534737022725e-12, 6.835469832633494e-13, 3.9149755108526934e-13, 2.2803881255416213e-13, 1.2989756729887955e-13, 7.407440968855564e-14, 4.2819966323345964e-14, 2.5397623634422573e-14, 1.556395946589346e-14]
W_list: [5]
L_list: [2.2421819043131435]
