C_final_list: [2.045669415735252e-06, 1.947271072884504e-06, 1.8486345295694695e-06, 1.7540112428421737e-06, 1.665210246669786e-06, 1.5798798070593633e-06, 1.4985108984357117e-06, 1.4224602169287892e-06, 1.350103247392064e-06, 1.282822655453432e-06, 1.2178776507523074e-06, 1.1554855296016946e-06, 1.0953333215795691e-06, 1.0387003731433858e-06, 9.852494672673724e-07, 9.348176101513557e-07, 8.868577067234557e-07, 8.409065012761092e-07, 7.971700664273664e-07, 7.552620793446632e-07, 7.157922669198924e-07, 6.785057506526138e-07, 6.437924117536536e-07, 6.105253222612567e-07, 5.788782659422236e-07, 5.484263461559459e-07, 5.194599816943278e-07, 4.92187785529878e-07, 4.6644992028699226e-07, 4.4190601788963687e-07, 4.1826011328539994e-07, 3.9610989358101415e-07, 3.7521987964994196e-07, 3.554525472924856e-07, 3.369353198256705e-07]
ndim2: 500
W_list: [2.2]
L_list: [18.961212238404098]
