C_final_list: [1.4656483895900913e-06, 1.435282335602536e-06, 1.4043057555391088e-06, 1.3739906747502026e-06, 1.3445932852779637e-06, 1.3158759953725673e-06, 1.2878673544747727e-06, 1.260193406225734e-06, 1.2331438640114851e-06, 1.2065522710207049e-06, 1.18063146511526e-06, 1.1551543077128614e-06, 1.130247618663085e-06, 1.1059032174508015e-06, 1.0818228457157946e-06, 1.0582770073298827e-06, 1.03521557492075e-06, 1.0125526173650255e-06, 9.901077975184793e-07, 9.68150072544551e-07, 9.467278612016318e-07, 9.256963697621442e-07, 9.049804707196823e-07, 8.846405159820241e-07, 8.649792292177536e-07, 8.459137974143902e-07, 8.270918168429093e-07, 8.086061771254322e-07, 7.904540825010133e-07, 7.727268921001112e-07, 7.553159261607332e-07, 7.382820456721027e-07, 7.215195925009403e-07, 7.049749167246307e-07, 6.889408919719021e-07, 6.733147043846436e-07, 6.580185114047175e-07, 6.432449828764712e-07, 6.287623907017863e-07, 6.14630141177505e-07, 6.007998223760015e-07, 5.872402331564609e-07, 5.738383347625423e-07, 5.607325131773385e-07, 5.479760472143885e-07, 5.354004434878719e-07, 5.230021104892122e-07, 5.109090924424055e-07, 4.99023299261342e-07, 4.874974577846321e-07]
ndim2: 500
W_list: [3.3]
L_list: [44.77349627524304]
