R_list= [ 1  2  3  4  5  6  7  8  9 10 11 12 13 14 15 16 17 18 19 20 21 22 23 24
 25 26 27 28 29 30 31 32 33 34 35 36 37 38]
C_final_list= [2.7827870720137447e-05, 2.056149101125946e-05, 1.507626657084116e-05, 1.1029254488064596e-05, 8.075970413826686e-06, 5.900742022419503e-06, 4.305237061317465e-06, 3.1373305477191873e-06, 2.2884443798345355e-06, 1.6655063423883177e-06, 1.2126638850128292e-06, 8.83420198067066e-07, 6.429548009488365e-07, 4.685759680996443e-07, 3.4057182040955003e-07, 2.477099489877524e-07, 1.8005955717309552e-07, 1.3104960220300287e-07, 9.517059750167388e-08, 6.943654696837506e-08, 5.078165387216844e-08, 3.705347599262294e-08, 2.7048475730974893e-08, 1.9680895473389958e-08, 1.4313178668299303e-08, 1.0413820703390108e-08, 7.5354463499318e-09, 5.454635271109408e-09, 3.948776262055257e-09, 2.871716311804789e-09, 2.0882226176114557e-09, 1.5191351391677643e-09, 1.104136952471617e-09, 8.000249833450749e-10, 5.816954495837879e-10, 4.232714859625262e-10, 3.0625847962356994e-10, 2.160613461915309e-10]
W_list: [8.5]
L_list: [3.2214697671241255]
