R_list= [ 1  2  3  4  5  6  7  8  9 10 11 12 13 14 15 16 17 18 19 20 21 22 23 24
 25 26 27 28 29 30 31 32 33 34 35 36 37 38]
C_final_list= [1.1898642888295808e-06, 9.427256898242269e-07, 7.030737121894599e-07, 5.123708449617542e-07, 3.716439770874962e-07, 2.7030291161890077e-07, 1.9731615736749695e-07, 1.4459914240235944e-07, 1.0634619685674962e-07, 7.825538691703307e-08, 5.75397973799993e-08, 4.2242376893615414e-08, 3.096723684106208e-08, 2.2640089066422198e-08, 1.649206167395268e-08, 1.195998105393222e-08, 8.643435784790574e-09, 6.226568523248934e-09, 4.4869540203602775e-09, 3.2309024153077366e-09, 2.324027236135388e-09, 1.6721284517313854e-09, 1.2088387756295169e-09, 8.775766937250958e-10, 6.393197890794626e-10, 4.662563549042344e-10, 3.4106666950926693e-10, 2.506430576970832e-10, 1.8477534027359061e-10, 1.3591089364502308e-10, 9.992594117775379e-11, 7.340401375901471e-11, 5.3712170078161595e-11, 3.9305230731221675e-11, 2.8832485786988477e-11, 2.115651965524293e-11, 1.5466971311327165e-11, 1.1319395825842917e-11]
W_list: [4]
L_list: [3.395313214592828]
