C_final_list: [1.9163866043261243e-06, 1.8632593667099034e-06, 1.8111811438890657e-06, 1.7614065152443756e-06, 1.7140504313691066e-06, 1.6680406855281818e-06, 1.6233615850364227e-06, 1.5801832121096732e-06, 1.5377093260621755e-06, 1.4955366921479248e-06, 1.4539786159010309e-06, 1.4135802825391989e-06, 1.3742722076363763e-06, 1.3365129155625821e-06, 1.2999820019251985e-06, 1.264297030162513e-06, 1.2291202086558062e-06, 1.19483153579453e-06, 1.1616092968817885e-06, 1.1289252250134568e-06, 1.097376709255348e-06, 1.0665304537939588e-06, 1.0368287463058414e-06, 1.0074905336429469e-06, 9.787058380012939e-07, 9.51014241128434e-07, 9.239266562691983e-07, 8.97567358486779e-07, 8.719992085571702e-07, 8.472882204278433e-07, 8.230646908059226e-07, 7.996687310709562e-07, 7.769044824272945e-07, 7.550953518749817e-07, 7.336720879089138e-07, 7.127207830013497e-07, 6.923862159158376e-07, 6.72636784631962e-07, 6.533199717632929e-07, 6.346196814059135e-07, 6.16109974009579e-07, 5.981589121488212e-07, 5.805878913424724e-07, 5.637459532204999e-07, 5.472501634375686e-07, 5.310614051213676e-07, 5.154151106355846e-07, 5.00427152904368e-07, 4.85665366491714e-07, 4.7131560435518516e-07]
ndim2: 500
W_list: [2.9]
L_list: [35.27326697177808]
