C_final_list: [1.866002483530941e-06, 1.5989306778518552e-06, 1.371196854533266e-06, 1.1692679151275324e-06, 1.0005429289232046e-06, 8.582049717248109e-07, 7.338312337625308e-07, 6.292529181264649e-07, 5.399751678686015e-07, 4.6070059415105067e-07, 3.950086630016556e-07, 3.389261085722943e-07, 2.9061761824706154e-07, 2.482880603643873e-07, 2.1142708071896033e-07, 1.8109549349986727e-07, 1.5502009257074105e-07, 1.3264950709633933e-07, 1.1327309936197965e-07, 9.667048908968732e-08, 8.246257135033465e-08, 7.013770378063076e-08, 5.982580946418905e-08, 5.088016071658703e-08, 4.3221170067613e-08, 3.676903145715592e-08, 3.122351052624527e-08, 2.633790324953536e-08, 2.2267356219796653e-08, 1.8852575751504075e-08, 1.5931040137706598e-08, 1.3489087813691584e-08, 1.1424539495082585e-08, 9.707117260852589e-09, 8.237910005888606e-09, 6.9915341639676314e-09, 5.939840750100475e-09, 5.034885335835448e-09, 4.247199325396102e-09, 3.5906261124051623e-09, 3.023487717329222e-09, 2.546568354184065e-09, 2.153139810282308e-09, 1.8137428395526033e-09, 1.5228024688110362e-09, 1.276834046948876e-09, 1.0701406931160427e-09, 8.980988529991923e-10, 7.533200826516584e-10, 6.329394975193115e-10]
ndim2: 500
W_list: [3.3499999999999996]
L_list: [6.429798124644271]
