R_list= [ 1  2  3  4  5  6  7  8  9 10 11 12 13 14 15 16 17 18 19 20 21 22 23 24
 25 26 27 28 29 30 31 32 33 34 35 36 37 38]
C_final_list= [2.141615276485055e-07, 1.2978050266997043e-07, 6.626312883689787e-08, 3.053097227114043e-08, 1.3226149209154684e-08, 5.5270816237120504e-09, 2.2616587267232553e-09, 9.127979068202235e-10, 3.6576982132743855e-10, 1.4647582357967005e-10, 5.887373999371634e-11, 2.3904958431111823e-11, 9.854185655935749e-12, 4.1376284974525026e-12, 1.7851763319404324e-12, 8.08941044916607e-13, 3.7702721561891865e-13, 1.691468789313348e-13, 7.211148206236461e-14, 2.9494768444440904e-14, 1.1696198572377887e-14, 4.6527477436801585e-15, 1.8858363018777065e-15, 7.633305551585012e-16, 3.080099242485903e-16, 1.2543573454098777e-16, 5.095349400897741e-17, 2.0678700492834966e-17, 8.52915776820858e-18, 3.581263333417215e-18, 1.534994832873938e-18, 6.771847634020647e-19, 3.0973942737523903e-19, 1.485361594225294e-19, 7.693634480438309e-20, 4.40893878801258e-20, 2.8287166908964954e-20, 2.0275688908762944e-20]
W_list: [4]
L_list: [1.647244943803377]
