C_final_list: [1.9625477428262404e-06, 1.84815693400475e-06, 1.7359086948952018e-06, 1.6294242035191211e-06, 1.53137418327138e-06, 1.437739070828111e-06, 1.3501978219283556e-06, 1.2675411491308533e-06, 1.1905641938323817e-06, 1.1184595543426744e-06, 1.0513631796985853e-06, 9.879628869099505e-07, 9.273047591763825e-07, 8.7009826534405e-07, 8.164293399476049e-07, 7.661105031517067e-07, 7.187836527781736e-07, 6.747013401761551e-07, 6.331913419057283e-07, 5.935380481629925e-07, 5.566335090564433e-07, 5.218000292896818e-07, 4.898333088295911e-07, 4.5977764261549705e-07, 4.314728299803142e-07, 4.040515144434238e-07, 3.787026038089644e-07, 3.5485995519191886e-07, 3.3223607316672945e-07, 3.110406594923226e-07, 2.916073284151871e-07, 2.7327050413217725e-07, 2.560201267829525e-07, 2.397610004518245e-07, 2.2427514882718765e-07, 2.101171528873556e-07, 1.9660902652161673e-07, 1.841313226182087e-07, 1.7246903818590762e-07, 1.6150100505885535e-07, 1.510454301060771e-07, 1.411005257573485e-07, 1.3167785638836008e-07, 1.230917597172671e-07, 1.1495788754746032e-07, 1.0732686076784367e-07, 1.0016437625981481e-07, 9.352596144958737e-08, 8.731030055574328e-08, 8.150194540234104e-08]
ndim2: 500
W_list: [3.0]
L_list: [15.758884577553225]
