R_list= [ 1  2  3  4  5  6  7  8  9 10 11 12 13 14 15 16 17 18 19 20 21 22 23 24
 25 26 27 28 29 30 31 32 33 34 35 36 37 38]
C_final_list= [5.421915011655511e-07, 4.883999541863127e-07, 4.3676526542272565e-07, 3.893910460887487e-07, 3.460911949652101e-07, 3.073229741374434e-07, 2.726405953152301e-07, 2.416812614641378e-07, 2.1403608164837254e-07, 1.8956285180374089e-07, 1.6799218286336706e-07, 1.4891807774096145e-07, 1.3226708030279477e-07, 1.1730903113018985e-07, 1.0396280732062938e-07, 9.199382573991029e-08, 8.136377907865047e-08, 7.200351678075002e-08, 6.366838464384086e-08, 5.6264234284862205e-08, 4.970897017086167e-08, 4.3902864976763087e-08, 3.8758900664042693e-08, 3.418585155101617e-08, 3.011718148893155e-08, 2.655174728402552e-08, 2.3397979482411328e-08, 2.0619790204555437e-08, 1.81632003148021e-08, 1.5962767621949592e-08, 1.402196738119254e-08, 1.2326929549341027e-08, 1.0823401685494057e-08, 9.504750292945767e-09, 8.34554327185342e-09, 7.318605031863288e-09, 6.42091924939199e-09, 5.634717832941325e-09]
W_list: [7.4]
L_list: [8.423344372571501]
