R_list= [ 1  2  3  4  5  6  7  8  9 10 11 12 13 14 15 16 17 18 19 20 21 22 23 24
 25 26 27 28 29 30 31 32 33 34 35 36 37 38]
C_final_list= [6.554302405443659e-07, 6.017426379631097e-07, 5.488384476927456e-07, 4.991861679841676e-07, 4.530812873730901e-07, 4.1082161343716397e-07, 3.724579591922735e-07, 3.3816192613363e-07, 3.0714803651797607e-07, 2.7908217282144e-07, 2.53515966557263e-07, 2.3002020501649072e-07, 2.0858448430373762e-07, 1.8899548712997765e-07, 1.712413939221521e-07, 1.5514978902098867e-07, 1.4046322074316046e-07, 1.2721726688389556e-07, 1.1516341309601473e-07, 1.0431983609859154e-07, 9.437709072261827e-08, 8.527826673418995e-08, 7.700906295792105e-08, 6.950901738428785e-08, 6.2763007600203e-08, 5.6687906865792134e-08, 5.123283954924669e-08, 4.6260901140579595e-08, 4.176175707207109e-08, 3.7678945011180585e-08, 3.403492612288481e-08, 3.07213690526073e-08, 2.7727709263242072e-08, 2.501342556902921e-08, 2.25877705711194e-08, 2.0375692277050935e-08, 1.8374286935808407e-08, 1.6582427703747176e-08]
W_list: [6.8]
L_list: [10.30967655455369]
