R_list= [ 1  2  3  4  5  6  7  8  9 10 11 12 13 14 15 16 17 18 19 20 21 22 23 24
 25 26 27 28 29 30 31 32 33 34 35 36 37 38]
C_final_list= [3.217178680060544e-05, 2.4488305543728366e-05, 1.8503757915188142e-05, 1.397333550927112e-05, 1.0534285715727713e-05, 7.927018425129502e-06, 5.957064245811828e-06, 4.47088958866953e-06, 3.353243427003513e-06, 2.5142947362028324e-06, 1.8885163236482212e-06, 1.4169935932300121e-06, 1.063713286812795e-06, 8.013520626672713e-07, 6.040654254175336e-07, 4.550806596223852e-07, 3.4196089766754735e-07, 2.566335047222463e-07, 1.9291679185975463e-07, 1.4553258432034962e-07, 1.095955862935275e-07, 8.246310706277796e-08, 6.200618532679422e-08, 4.654746023909218e-08, 3.471342271275939e-08, 2.5880385107570525e-08, 1.931805939078273e-08, 1.4466646222670565e-08, 1.0842797501182757e-08, 8.116906495837512e-09, 6.094665896559001e-09, 4.5966463750805954e-09, 3.4649244305419064e-09, 2.609722930216142e-09, 1.9740899771441296e-09, 1.4978606109562297e-09, 1.1308012730517482e-09, 8.533865052815936e-10]
W_list: [8.1]
L_list: [3.560192651400997]
