C_final_list: [1.4952448813911223e-06, 1.4669299813296418e-06, 1.438429981387556e-06, 1.4109950229987582e-06, 1.3841778883053434e-06, 1.3577274344142283e-06, 1.3318781413221691e-06, 1.3065458424731873e-06, 1.2817378592666427e-06, 1.2575113703080637e-06, 1.2339180358372737e-06, 1.2107027639151444e-06, 1.1879165790391177e-06, 1.1654423249961327e-06, 1.143338744022249e-06, 1.121504949214101e-06, 1.1001109545536461e-06, 1.0790559484843034e-06, 1.0587000510285067e-06, 1.0383928903309598e-06, 1.0186008526310669e-06, 9.98983060300462e-07, 9.798131175775555e-07, 9.612319097438646e-07, 9.431977290893467e-07, 9.254209724799422e-07, 9.079450217673048e-07, 8.909185011259785e-07, 8.74317438726265e-07, 8.578634210282155e-07, 8.416917828490442e-07, 8.257033512265031e-07, 8.100427638332357e-07, 7.944608348084821e-07, 7.792908708758391e-07, 7.645230958142242e-07, 7.499087438518198e-07, 7.356851257116489e-07, 7.217684385998352e-07, 7.080281913044442e-07, 6.946068057684871e-07, 6.813921953016084e-07, 6.684527355270922e-07, 6.557813267820992e-07, 6.434133122940234e-07, 6.314326244821875e-07, 6.194062091963751e-07, 6.075396037293881e-07, 5.959745241509112e-07, 5.846203554110021e-07]
ndim2: 500
W_list: [3.2]
L_list: [52.20389032400892]
