R_list= [ 1  2  3  4  5  6  7  8  9 10 11 12 13 14 15 16 17 18 19 20 21 22 23 24
 25 26 27 28 29 30 31 32 33 34 35 36 37 38]
C_final_list= [8.469376904729754e-07, 7.652392549694124e-07, 6.917734290005356e-07, 6.243493507206946e-07, 5.626227537567203e-07, 5.067338060608049e-07, 4.5535842965959693e-07, 4.0973022043502364e-07, 3.6911634411676845e-07, 3.3235310754806433e-07, 2.9920848902707124e-07, 2.6932900040512084e-07, 2.42278349823876e-07, 2.1789231144597623e-07, 1.9609863796989208e-07, 1.7639109660734865e-07, 1.5859352169248068e-07, 1.4276294652190314e-07, 1.2849095416396078e-07, 1.1553963857274995e-07, 1.0372745469039186e-07, 9.300534184629224e-08, 8.33682009191416e-08, 7.478077543086692e-08, 6.715698742092651e-08, 6.028437729166476e-08, 5.408351338083101e-08, 4.8501080740741626e-08, 4.3512208928899283e-08, 3.8959635404202315e-08, 3.488020561495045e-08, 3.1206631481106344e-08, 2.791971082475565e-08, 2.4988337040903985e-08, 2.2342478480492518e-08, 2.0010713812578285e-08, 1.7949842314703784e-08, 1.6074964481503365e-08]
W_list: [6]
L_list: [9.527622730962046]
