R_list= [ 1  2  3  4  5  6  7  8  9 10 11 12 13 14 15 16 17 18 19 20 21 22 23 24
 25 26 27 28 29 30 31 32 33 34 35 36 37 38]
C_final_list= [2.2246530084895159e-07, 1.9419123108673568e-07, 1.6721489480405483e-07, 1.430679457658682e-07, 1.217152782538728e-07, 1.0326009652592772e-07, 8.753607412924837e-08, 7.403987726551709e-08, 6.25240887821074e-08, 5.281264361294527e-08, 4.4594385880600726e-08, 3.760472355926206e-08, 3.164299462427704e-08, 2.659149131402229e-08, 2.2275530529958832e-08, 1.8649080017940594e-08, 1.559776143728476e-08, 1.3036948822723225e-08, 1.0885941455150952e-08, 9.080098844818491e-09, 7.577543043470017e-09, 6.333745386329874e-09, 5.284400851455477e-09, 4.41446272620841e-09, 3.6807439073214354e-09, 3.067941779460602e-09, 2.5563548411870263e-09, 2.131327369418385e-09, 1.775475695546768e-09, 1.4775046416179168e-09, 1.2284609353886248e-09, 1.0201688524721997e-09, 8.468290069541477e-10, 7.021284998658977e-10, 5.81831268885894e-10, 4.811504919191824e-10, 3.977647350874664e-10, 3.2849450101527053e-10]
W_list: [9.2]
L_list: [6.182492252202083]
