R_list= [ 1  2  3  4  5  6  7  8  9 10 11 12 13 14 15 16 17 18 19 20 21 22 23 24
 25 26 27 28 29 30 31 32 33 34 35 36 37 38]
C_final_list= [5.641896751026936e-06, 4.75557505986154e-06, 3.966113355340342e-06, 3.293347721728956e-06, 2.7257748533986874e-06, 2.252219350453611e-06, 1.8612120418824269e-06, 1.5375667904161038e-06, 1.2690964904549099e-06, 1.0474882708404379e-06, 8.633506526030503e-07, 7.118192304842013e-07, 5.867727383259457e-07, 4.833528225839277e-07, 3.9834750202846974e-07, 3.2807156099908097e-07, 2.6994841576989257e-07, 2.2181560560280746e-07, 1.8245878209689084e-07, 1.4997177686979357e-07, 1.2323513127817272e-07, 1.0138558559402989e-07, 8.339309347136766e-08, 6.856506644026445e-08, 5.632920181955318e-08, 4.6348539797963093e-08, 3.8043116810163326e-08, 3.125619045386844e-08, 2.5649758866683192e-08, 2.1080199344761208e-08, 1.7322825468531986e-08, 1.4197477456275297e-08, 1.1634751986407649e-08, 9.537809408886796e-09, 7.814021670759438e-09, 6.408325116150965e-09, 5.246927439481608e-09, 4.291778784249112e-09]
W_list: [8.45]
L_list: [5.341752398183343]
