C_final_list: [1.474087539026107e-06, 1.3989647928483571e-06, 1.3251062814637845e-06, 1.2553076029727616e-06, 1.1890693458472877e-06, 1.1260977050432306e-06, 1.0667729192762632e-06, 1.0104885837052446e-06, 9.57167442536778e-07, 9.067721632342064e-07, 8.593391597301346e-07, 8.143600073505946e-07, 7.717673622516521e-07, 7.305256512192784e-07, 6.913484343454424e-07, 6.544719092074665e-07, 6.19256797681692e-07, 5.859106975347807e-07, 5.54324466098647e-07, 5.243115316254457e-07, 4.956010679494034e-07, 4.6834559284637595e-07, 4.4284408952161747e-07, 4.1836967770906886e-07, 3.9544286079836937e-07, 3.736452775729772e-07, 3.529339837332759e-07, 3.334810013954242e-07, 3.148523052158436e-07, 2.9711547011027626e-07, 2.803749977984727e-07, 2.6436878306001505e-07, 2.495088800951246e-07, 2.353562718273791e-07, 2.2214048932047968e-07, 2.0972345085035614e-07, 1.98150753839619e-07, 1.868943140995015e-07, 1.7642378854513364e-07, 1.6663934477387415e-07, 1.5743674860753824e-07, 1.487388170841774e-07, 1.404955402072471e-07, 1.3269344742223406e-07, 1.2512614133406592e-07, 1.180132013934323e-07, 1.1133500281275455e-07, 1.0505698463592613e-07, 9.912008563176261e-08, 9.351018037123053e-08]
ndim2: 500
W_list: [3.6]
L_list: [18.10242785030927]
