C_final_list: [1.92684496327665e-06, 1.9062815272476977e-06, 1.8860979052268909e-06, 1.8667159863033276e-06, 1.847993952292755e-06, 1.8295594916060592e-06, 1.8114943550222032e-06, 1.7937271125200301e-06, 1.7761996113068993e-06, 1.758807840691255e-06, 1.7416077719658193e-06, 1.7247884884020833e-06, 1.7081776686592437e-06, 1.6914804640570679e-06, 1.6749439589453642e-06, 1.6582445067527162e-06, 1.641682923161751e-06, 1.6255392182799619e-06, 1.6094468637901196e-06, 1.5934655118312949e-06, 1.5776485460854888e-06, 1.5619111704956205e-06, 1.546314281248868e-06, 1.5309441188075995e-06, 1.51562479970279e-06, 1.500433398708364e-06, 1.4853753941692646e-06, 1.4706463738813659e-06, 1.4559783632913216e-06, 1.441221566105168e-06, 1.4265934317197934e-06, 1.4120906544516684e-06, 1.39774495375813e-06, 1.3834571899211714e-06, 1.3692009645031779e-06, 1.3550672445631536e-06, 1.3409490371031714e-06, 1.3271304470562555e-06, 1.313473100490682e-06, 1.299920184424241e-06, 1.2865375126001766e-06, 1.2732423399683752e-06, 1.2602149610506138e-06, 1.2472663978173397e-06, 1.2342673409507128e-06, 1.2216334151001058e-06, 1.2089772416231125e-06, 1.1964165470140166e-06, 1.1839240595410914e-06, 1.1716212192167086e-06]
ndim2: 500
W_list: [2.6]
L_list: [99.21198071836363]
