R_list= [ 1  2  3  4  5  6  7  8  9 10 11 12 13 14 15 16 17 18 19 20 21 22 23 24
 25 26 27 28 29 30 31 32 33 34 35 36 37 38]
C_final_list= [5.872037978178736e-07, 5.581612524321847e-07, 5.288687211466394e-07, 5.003752498454578e-07, 4.728436703336458e-07, 4.4674009214945844e-07, 4.219678864448537e-07, 3.984772089212671e-07, 3.7632679869618005e-07, 3.555031641924125e-07, 3.3584572013145503e-07, 3.171739729869938e-07, 2.993716831973318e-07, 2.8259956674726487e-07, 2.666653312728362e-07, 2.515936032131438e-07, 2.3737563978062015e-07, 2.2386354356784028e-07, 2.112052554634707e-07, 1.99177799113557e-07, 1.8780668651560252e-07, 1.7708098341316858e-07, 1.6689371904340078e-07, 1.5727222920744252e-07, 1.4828245036328568e-07, 1.3972763331859271e-07, 1.3161334609564925e-07, 1.23956405506067e-07, 1.1674995181137163e-07, 1.099360092912172e-07, 1.0352059016196038e-07, 9.744719579377963e-08, 9.168117128642698e-08, 8.625069570338585e-08, 8.109303559736789e-08, 7.619554881144579e-08, 7.156507445471858e-08, 6.72347398429112e-08]
W_list: [6.2]
L_list: [17.339951939587298]
