C_final_list: [1.8523886514065596e-06, 1.7273252317232707e-06, 1.6087756553600774e-06, 1.4971913969517114e-06, 1.3930541671199781e-06, 1.2957690869343917e-06, 1.203454830378852e-06, 1.1173829822328576e-06, 1.038225209858378e-06, 9.649319636778117e-07, 8.957369749954728e-07, 8.331774379820561e-07, 7.742982066184932e-07, 7.195836523822728e-07, 6.679911728148689e-07, 6.191663663022747e-07, 5.747214621972477e-07, 5.329553042588979e-07, 4.94197402387315e-07, 4.581343126467313e-07, 4.244893293711974e-07, 3.929536501077447e-07, 3.6389034369279284e-07, 3.3659104828136975e-07, 3.1095943277263945e-07, 2.873886529530744e-07, 2.652013801768736e-07, 2.448107043348312e-07, 2.2623807014959103e-07, 2.0894076709698124e-07, 1.9287716193162334e-07, 1.7786111022896593e-07, 1.6379197765954094e-07, 1.5104557851595227e-07, 1.3929057049045214e-07, 1.286663898500432e-07, 1.186028379887758e-07, 1.0959320236790392e-07, 1.012088494827289e-07, 9.335613104595695e-08, 8.614973456402602e-08, 7.954785885256303e-08, 7.339952492655477e-08, 6.777897422700542e-08, 6.251831475792883e-08, 5.763714391281573e-08, 5.3158325897675664e-08, 4.907642754535881e-08, 4.527005969288857e-08, 4.171930477252437e-08]
ndim2: 500
W_list: [3.1999999999999997]
L_list: [13.422108110251955]
