C_final_list: [2.1989935527836558e-06, 2.1629229470042686e-06, 2.1263946587991997e-06, 2.0906547765105152e-06, 2.056012629572846e-06, 2.022154145036996e-06, 1.9885441355448355e-06, 1.955746084890525e-06, 1.9238311598941874e-06, 1.8928182993786363e-06, 1.8622712194188335e-06, 1.8321947349956442e-06, 1.8024004624524313e-06, 1.7733027997143746e-06, 1.7447137337668157e-06, 1.7166622766302723e-06, 1.6891371725697048e-06, 1.661983396271713e-06, 1.6354092169032683e-06, 1.6091047534182833e-06, 1.582743213664908e-06, 1.5571286562750302e-06, 1.531568166538682e-06, 1.5065724470289965e-06, 1.4818598570753808e-06, 1.4575383935683604e-06, 1.4336232853068953e-06, 1.4100883579145974e-06, 1.3868333574269887e-06, 1.3639848052164745e-06, 1.3415734605012973e-06, 1.319471916044855e-06, 1.2976019120743987e-06, 1.276137716658131e-06, 1.2550357311087137e-06]
ndim2: 500
W_list: [2.0]
L_list: [60.88698991020443]
