C_final_list: [1.8697534901172867e-06, 1.7511350077141442e-06, 1.652061459377475e-06, 1.5473905316374739e-06, 1.4520844520548926e-06, 1.3623032394751407e-06, 1.2791002161664783e-06, 1.2001998554496843e-06, 1.124893586143688e-06, 1.0552779707493017e-06, 9.884763187278393e-07, 9.260235153649344e-07, 8.693659606096096e-07, 8.143973638881147e-07, 7.630572926202838e-07, 7.155929584806283e-07, 6.698994944387437e-07, 6.278868904993316e-07, 5.879580305157862e-07, 5.507989072633826e-07, 5.155583897422244e-07, 4.825622839582537e-07, 4.51401643724975e-07, 4.2208810456553393e-07, 3.94491048464364e-07, 3.6941572840441397e-07, 3.4510757817993055e-07, 3.2287180926437934e-07, 3.0238992577676504e-07, 2.8304232366167533e-07, 2.6491401588837643e-07, 2.480006866187894e-07, 2.322899402360931e-07, 2.1737007259963314e-07, 2.0312532599459122e-07]
ndim2: 500
W_list: [1.6]
L_list: [15.464130629180588]
