C_final_list: [1.541854895047828e-06, 1.4153381597797017e-06, 1.2936151855404042e-06, 1.1832555261786655e-06, 1.0818661433194859e-06, 9.854107893570549e-07, 8.986495538099142e-07, 8.196328358784616e-07, 7.477173851699401e-07, 6.823266841617561e-07, 6.23721688070302e-07, 5.704475398599795e-07, 5.204309577755288e-07, 4.760619739645878e-07, 4.353924761413479e-07, 3.9784974917968927e-07, 3.6386721589978774e-07, 3.323529199351625e-07, 3.0320189858673985e-07, 2.7645813848983846e-07, 2.517985450692597e-07, 2.2977636864689308e-07, 2.0962485001955528e-07, 1.909673128617741e-07, 1.742317771545486e-07, 1.5894537040576723e-07, 1.4491099175235072e-07, 1.3185063659697263e-07, 1.1990524929962948e-07, 1.0907243915132577e-07, 9.909278417667044e-08, 9.006176310374122e-08, 8.158183839181285e-08, 7.395799721909187e-08, 6.716668384161483e-08]
ndim2: 500
W_list: [2.2]
L_list: [11.005323753026525]
