R_list= [ 1  2  3  4  5  6  7  8  9 10 11 12 13 14 15 16 17 18 19 20 21 22 23 24
 25 26 27 28 29 30 31 32 33 34 35 36 37 38]
C_final_list= [2.3393194138844675e-07, 1.923893714861787e-07, 1.558848694976593e-07, 1.2579307443770377e-07, 1.0120041002770193e-07, 8.09968088047132e-08, 6.486991941830429e-08, 5.188940436932689e-08, 4.144663572640724e-08, 3.300572508241579e-08, 2.6245477233421436e-08, 2.083232351390222e-08, 1.6547166897826108e-08, 1.315389638821973e-08, 1.040888991541469e-08, 8.26422704083635e-09, 6.558749892957649e-09, 5.208496274663285e-09, 4.13840269011924e-09, 3.296580045457171e-09, 2.6082796680290168e-09, 2.066040648759223e-09, 1.6377351701330257e-09, 1.2920669820970177e-09, 1.0198721599933919e-09, 8.027823204975817e-10, 6.338256537728023e-10, 5.000892573080921e-10, 3.941660241644122e-10, 3.1024479592447475e-10, 2.4265427712839197e-10, 1.8959588247172615e-10, 1.477918755560737e-10, 1.1543254586627977e-10, 8.972881920323032e-11, 7.010478386930447e-11, 5.468852963572568e-11, 4.226915811490861e-11]
W_list: [9.0]
L_list: [4.6247701682448135]
