C_list:
9.385401836500505e-07 0.04759676591850492
ndim2: 500
W_list: [2.8]
L_list: [21.009830829939116]
