C_final_list: [2.0122679046034168e-06, 1.8946604457888196e-06, 1.7823864048052875e-06, 1.6766102978492443e-06, 1.5748355562761183e-06, 1.479885605406173e-06, 1.3904558529535634e-06, 1.3056306760517202e-06, 1.2265246994165409e-06, 1.1529814805818589e-06, 1.0820690151370274e-06, 1.0163779663826669e-06, 9.546888321241643e-07, 8.960244547555096e-07, 8.416523293891631e-07, 7.90642218884032e-07, 7.423719576058918e-07, 6.965109880459845e-07, 6.533957727294601e-07, 6.129001233081476e-07, 5.746387144533244e-07, 5.385071332406277e-07, 5.043567777083811e-07, 4.7203850414030895e-07, 4.4143559458152954e-07, 4.1287632079987647e-07, 3.8601119550214945e-07, 3.614943829943828e-07, 3.3815828797309955e-07, 3.163111335649329e-07, 2.96060303032564e-07, 2.7725924316942156e-07, 2.5969065269085553e-07, 2.4330507102222253e-07, 2.2782289214681235e-07, 2.131191648755456e-07, 1.9931630327365792e-07, 1.866398429220508e-07, 1.745377892607086e-07, 1.631747237096111e-07, 1.524986811331628e-07, 1.424559950747759e-07, 1.3319208446798685e-07, 1.2444100756806346e-07, 1.1628106715376553e-07, 1.0864696132924816e-07, 1.0134868326548349e-07, 9.455079407998411e-08, 8.81524230415887e-08, 8.223886638964438e-08]
ndim2: 500
W_list: [3.0]
L_list: [15.746243894121713]
