C_final_list: [1.3810936577885917e-06, 1.3518140952535743e-06, 1.322225148286767e-06, 1.2932406824133486e-06, 1.2648406953433718e-06, 1.237476328776983e-06, 1.2105151897216935e-06, 1.1841333200103287e-06, 1.1583979038186983e-06, 1.1330498823405791e-06, 1.1084621949482959e-06, 1.0845170302823683e-06, 1.0610553865716893e-06, 1.0377951711250295e-06, 1.0151260928325961e-06, 9.92614957448394e-07, 9.705755145620773e-07, 9.489979277732328e-07, 9.280003745163732e-07, 9.07412473785819e-07, 8.874117259865167e-07, 8.678251624783463e-07, 8.486142256974175e-07, 8.297768163267202e-07, 8.113505554357042e-07, 7.932934143069217e-07, 7.755018329072279e-07, 7.582002615589576e-07, 7.411357505558184e-07, 7.245811334864994e-07, 7.083116448261591e-07, 6.925731414539475e-07, 6.770124578443353e-07, 6.61984224417965e-07, 6.472237468314372e-07]
ndim2: 500
W_list: [2.8]
L_list: [44.93880488652737]
