R_list= [ 1  2  3  4  5  6  7  8  9 10 11 12 13 14 15 16 17 18 19 20 21 22 23 24
 25 26 27 28 29 30 31 32 33 34 35 36 37 38]
C_final_list= [5.666245338114143e-06, 4.773569106362954e-06, 3.977855053814841e-06, 3.303841622964989e-06, 2.7382258713132237e-06, 2.268690433895435e-06, 1.8781953139926736e-06, 1.5551939499195973e-06, 1.286708805196693e-06, 1.0620356081184543e-06, 8.756808361734148e-07, 7.215984303158724e-07, 5.943342589817385e-07, 4.89748726539784e-07, 4.0320287443079334e-07, 3.315167365168062e-07, 2.724641920997264e-07, 2.2382301340256943e-07, 1.8400630911269053e-07, 1.5136130906770415e-07, 1.2428784767498632e-07, 1.0200592459272615e-07, 8.366355111100911e-08, 6.871438087595265e-08, 5.646549815127902e-08, 4.644297679032091e-08, 3.821677724908705e-08, 3.1486924844632454e-08, 2.5922051935597215e-08, 2.13444672607774e-08, 1.7584279311358922e-08, 1.4495001459145044e-08, 1.1965513344392934e-08, 9.885143240021129e-09, 8.169042693242696e-09, 6.74594585760862e-09, 5.5760925603097594e-09, 4.6144111379117045e-09]
W_list: [8.45]
L_list: [5.362872351127797]
