C_final_list: [1.3855642987137333e-06, 1.3014262862989497e-06, 1.220473262362598e-06, 1.144391786877628e-06, 1.0729856502267047e-06, 1.0060574025447775e-06, 9.428159417816866e-07, 8.834787784798095e-07, 8.281356225707765e-07, 7.761612290420452e-07, 7.279615260838104e-07, 6.825722058680989e-07, 6.400444106620232e-07, 6.003434890660041e-07, 5.629712934143099e-07, 5.277029868299978e-07, 4.94674401498305e-07, 4.6306382038963834e-07, 4.333657559257224e-07, 4.06023562963883e-07, 3.80228072286067e-07, 3.561817106604222e-07, 3.3358693880663686e-07, 3.1225618386625434e-07, 2.922079437444614e-07, 2.732463163898925e-07, 2.5534957226277985e-07, 2.388127862519889e-07, 2.2324085492294503e-07, 2.0839562027165954e-07, 1.9457487961932322e-07, 1.81599445520226e-07, 1.6944008504946625e-07, 1.5811721841914892e-07, 1.475803410892206e-07, 1.3778903300107137e-07, 1.28631346538717e-07, 1.200596176153837e-07, 1.1205319223360197e-07, 1.0456228768881842e-07, 9.752494062853728e-08, 9.101073716417012e-08, 8.489804097939996e-08, 7.916868986601986e-08, 7.390801010948739e-08, 6.899766176712192e-08, 6.444507647688446e-08, 6.016549273611422e-08, 5.619288459918443e-08, 5.244052963408364e-08]
ndim2: 500
W_list: [3.8]
L_list: [15.326545888532372]
