R_list= [ 1  2  3  4  5  6  7  8  9 10 11 12 13 14 15 16 17 18 19 20 21 22 23 24
 25 26 27 28 29 30 31 32 33 34 35 36 37 38]
C_final_list= [5.566156573938142e-07, 4.582632889509284e-07, 3.7578072392786474e-07, 3.080239451554177e-07, 2.5167857850706666e-07, 2.0631660691224997e-07, 1.6935072676951033e-07, 1.3845682418643844e-07, 1.1306454112322121e-07, 9.1985068256608e-08, 7.513536524745118e-08, 6.12151299962719e-08, 4.989963726916504e-08, 4.053202661535563e-08, 3.290426320131048e-08, 2.6699487853771038e-08, 2.1658489241772603e-08, 1.7519938903158976e-08, 1.4206455532642082e-08, 1.1519245984840702e-08, 9.313553451639567e-09, 7.510382346020847e-09, 6.055984606949846e-09, 4.8699577710235394e-09, 3.90157698275243e-09, 3.129073230940011e-09, 2.5145474117160424e-09, 2.0325593729134564e-09, 1.6411264716256658e-09, 1.328535006702124e-09, 1.0803348167518721e-09, 8.746559989053449e-10, 7.050394733703778e-10, 5.692261870184804e-10, 4.627049779053215e-10, 3.772156939776328e-10, 3.0718981592659113e-10, 2.4917969804247064e-10]
W_list: [7]
L_list: [5.000127856415574]
