C_final_list: [1.1890689301925521e-06, 1.0258542341531779e-06, 8.808090083399993e-07, 7.583430141435128e-07, 6.528106514719843e-07, 5.597096216219682e-07, 4.783118026964768e-07, 4.08588779872422e-07, 3.4785619283784497e-07, 2.97232617874177e-07, 2.541319336122656e-07, 2.1682818898361593e-07, 1.8424604985718102e-07, 1.562431780914506e-07, 1.3251950308748444e-07, 1.1209434963187952e-07, 9.478794230227262e-08, 8.022172080145478e-08, 6.790428804266359e-08, 5.7419089480526004e-08, 4.8598054217198796e-08, 4.0916469083477586e-08, 3.4462045780130975e-08, 2.913507786577153e-08, 2.463597280852878e-08, 2.0897958293212614e-08, 1.7721098729054958e-08, 1.505142389149169e-08, 1.276651832687322e-08, 1.0798330870588481e-08, 9.13997429691136e-09, 7.708176194564505e-09, 6.513465442313101e-09, 5.503755748520502e-09, 4.645375925276677e-09]
ndim2: 500
W_list: [3.2]
L_list: [6.438924962041838]
