R_list= [ 1  2  3  4  5  6  7  8  9 10 11 12 13 14 15 16 17 18 19 20 21 22 23 24
 25 26 27 28 29 30 31 32 33 34 35 36 37 38]
C_final_list= [4.6419526441146993e-07, 3.5938565528351697e-07, 2.758137288571331e-07, 2.1119704505035133e-07, 1.6161742927407845e-07, 1.235685931332753e-07, 9.441196191520106e-08, 7.203103118117132e-08, 5.514861404971144e-08, 4.220935368329611e-08, 3.231391149495319e-08, 2.4639920873912064e-08, 1.8679310160406915e-08, 1.4134265438272632e-08, 1.0726607669399492e-08, 8.110377515158863e-09, 6.157403435381548e-09, 4.661732573718512e-09, 3.5155243383410266e-09, 2.62289450814913e-09, 1.9556689560905323e-09, 1.4590477539743507e-09, 1.0943362486690664e-09, 8.295066964343444e-10, 6.290571874239154e-10, 4.801087842015459e-10, 3.653254790774464e-10, 2.761496614636401e-10, 2.0775708305831527e-10, 1.5462298385408345e-10, 1.1634573901297608e-10, 8.740103556710731e-11, 6.582480017738416e-11, 4.9694100728262465e-11, 3.741447457191866e-11, 2.824403239089809e-11, 2.1449338115834256e-11, 1.6298345340045564e-11]
W_list: [8.4]
L_list: [3.767788848219534]
