R_list= [ 1  2  3  4  5  6  7  8  9 10 11 12 13 14 15 16 17 18 19 20 21 22 23 24
 25 26 27 28 29 30 31 32 33 34 35 36 37 38]
C_final_list= [5.087980351932375e-07, 4.817035568780343e-07, 4.54354635641088e-07, 4.2764773077527895e-07, 4.022552955491382e-07, 3.7786569954230183e-07, 3.54809148873669e-07, 3.3313281053701073e-07, 3.127262421560588e-07, 2.936303195856783e-07, 2.756348439836269e-07, 2.5866859430939864e-07, 2.426462691959576e-07, 2.2747160607571497e-07, 2.1322516351917202e-07, 1.9983082666774748e-07, 1.8730141097738493e-07, 1.7551420406308677e-07, 1.644433137074387e-07, 1.5405102467807369e-07, 1.4429736100181045e-07, 1.3511749767290927e-07, 1.2654531130202348e-07, 1.1848790025082012e-07, 1.1091216580277162e-07, 1.0383663348862878e-07, 9.721456099957136e-08, 9.098081187570523e-08, 8.512301635251672e-08, 7.962301435233366e-08, 7.444861407743314e-08, 6.959658569140919e-08, 6.50225253183827e-08, 6.076765149818352e-08, 5.675966560763037e-08, 5.302070080386717e-08, 4.950296237716344e-08, 4.6188894925214714e-08]
W_list: [6.4]
L_list: [15.696887807427693]
