R_list= [ 1  2  3  4  5  6  7  8  9 10 11 12 13 14 15 16 17 18 19 20 21 22 23 24
 25 26 27 28 29 30 31 32 33 34 35 36 37 38]
C_final_list= [3.6210596115532446e-05, 2.3651590332215482e-05, 1.539374319416081e-05, 1.0020173662791752e-05, 6.528897530188869e-06, 4.23846929100802e-06, 2.752903724312133e-06, 1.7890723223709627e-06, 1.1626213743094342e-06, 7.511706792861603e-07, 4.862717694525979e-07, 3.1466697345933636e-07, 2.0436813842653823e-07, 1.3189185846891288e-07, 8.52922382205806e-08, 5.5312520854769805e-08, 3.5713651215215755e-08, 2.313318341622667e-08, 1.4945185729423725e-08, 9.616882732457328e-09, 6.231346738405755e-09, 4.008182915091663e-09, 2.549220668030411e-09, 1.624740609506671e-09, 1.0397435966262352e-09, 6.565004985837063e-10, 4.1504795871204405e-10, 2.645071142613791e-10, 1.6827164276581235e-10, 1.0650600237290253e-10, 6.74066832205184e-11, 4.2874351543255146e-11, 2.7341781945358853e-11, 1.7422969419030464e-11, 1.0642942904479975e-11, 6.732704785120168e-12, 4.332830959575958e-12, 2.8269556185290442e-12]
W_list: [8.15]
L_list: [2.334139730726529]
