R_list= [ 1  2  3  4  5  6  7  8  9 10 11 12 13 14 15 16 17 18 19 20 21 22 23 24
 25 26 27 28 29 30 31 32 33 34 35 36 37 38]
C_final_list= [4.171743889339797e-07, 3.8190527216634924e-07, 3.465764093514285e-07, 3.136945228831198e-07, 2.831414121068268e-07, 2.5541350430564743e-07, 2.303200459299194e-07, 2.0763087028139418e-07, 1.8708095587267047e-07, 1.6850801865274993e-07, 1.5180676896673364e-07, 1.367332758291618e-07, 1.2304050041704846e-07, 1.1083915396815965e-07, 9.980599026617869e-08, 8.966104874070538e-08, 8.052529257278997e-08, 7.230086507950517e-08, 6.494320009488671e-08, 5.8319708352972355e-08, 5.2338266558106105e-08, 4.6950722887224845e-08, 4.212492601172077e-08, 3.7814092264261806e-08, 3.392611001736747e-08, 3.0450573887857724e-08, 2.7344418405140095e-08, 2.453698004457387e-08, 2.198649261853156e-08, 1.96881109518716e-08, 1.7609147304395593e-08, 1.576821705301915e-08, 1.4121724585060224e-08, 1.2645168975173553e-08, 1.1321762245305639e-08, 1.014191886195098e-08, 9.101188476904691e-09, 8.171030122407706e-09]
W_list: [7]
L_list: [9.670925647390472]
