C_final_list: [1.4339705124144462e-06, 1.4080069028680217e-06, 1.3828679908007164e-06, 1.3566425210251017e-06, 1.3316894858820992e-06, 1.3073764455913708e-06, 1.2831439735448082e-06, 1.2593508703066594e-06, 1.2365377685939913e-06, 1.2139380364114724e-06, 1.1919483991094465e-06, 1.1706246245882712e-06, 1.1495789244193416e-06, 1.1290542954544891e-06, 1.1089945969060527e-06, 1.089308650948138e-06, 1.069860401981718e-06, 1.05064123636146e-06, 1.0317766146536546e-06, 1.0131908023126074e-06, 9.947616886370248e-07, 9.76516965468141e-07, 9.585957742026136e-07, 9.409413160118424e-07, 9.236929226960091e-07, 9.06905788502088e-07, 8.904393133950932e-07, 8.74119705488943e-07, 8.578765378695866e-07, 8.420796301153009e-07, 8.26606655788778e-07, 8.111880550040857e-07, 7.961026459103947e-07, 7.812369042943343e-07, 7.668655877238564e-07]
ndim2: 500
W_list: [1.8]
L_list: [54.549766193234504]
