R_list= [ 1  2  3  4  5  6  7  8  9 10 11 12 13 14 15 16 17 18 19 20 21 22 23 24
 25 26 27 28 29 30 31 32 33 34 35 36 37 38]
C_final_list= [5.819300193977419e-07, 4.517906819112618e-07, 3.547264383723447e-07, 2.7793423748857646e-07, 2.1695288061901346e-07, 1.6866032811769957e-07, 1.306659279037769e-07, 1.0123550366757245e-07, 7.837565009599594e-08, 6.044740129646698e-08, 4.6562887106085264e-08, 3.594520092126713e-08, 2.7640600855816074e-08, 2.121043064057831e-08, 1.6272325126846932e-08, 1.2468772888239046e-08, 9.582376319109826e-09, 7.335575814883212e-09, 5.609216503128796e-09, 4.297404208427307e-09, 3.2743773860057737e-09, 2.5096751276828016e-09, 1.917091448818416e-09, 1.470627816053597e-09, 1.1303090359723383e-09, 8.709218850117553e-10, 6.730219908045385e-10, 5.177220392139092e-10, 3.993705327003386e-10, 3.0738538203097786e-10, 2.363568556683496e-10, 1.8183114786323822e-10, 1.4092719875909403e-10, 1.0882547692739309e-10, 8.411771302741984e-11, 6.497459738890077e-11, 5.074926080592829e-11, 3.892806993051974e-11]
W_list: [7]
L_list: [4.0076802044326545]
