C_final_list: [2.0333389984179933e-06, 2.015143893976299e-06, 1.997125002829277e-06, 1.979922905834599e-06, 1.9631064232040316e-06, 1.9467345998198743e-06, 1.9308024408976353e-06, 1.9152074007352056e-06, 1.8994813372875151e-06, 1.8839087779376092e-06, 1.8685131088386968e-06, 1.8533141559634584e-06, 1.8382287681234938e-06, 1.8233458356605018e-06, 1.8085910337824066e-06, 1.7939192670716643e-06, 1.7794466784693731e-06, 1.7650318678495644e-06, 1.7506123527675962e-06, 1.7362973088420272e-06, 1.722285325925144e-06, 1.7082560603945895e-06, 1.6943225745207565e-06, 1.6805606019940175e-06, 1.666833754673035e-06, 1.6532425625001312e-06, 1.6396514025633939e-06, 1.6262919784310027e-06, 1.6130131641824877e-06, 1.5997975930375578e-06, 1.5865246164385669e-06, 1.5733772539474396e-06, 1.5602893313640667e-06, 1.5472927036841425e-06, 1.5342367064378782e-06]
ndim2: 500
W_list: [2.2]
L_list: [121.69951933281158]
