C_final_list: [1.4304548751691669e-06, 1.144290102060374e-06, 9.092271148882935e-07, 7.159455270779291e-07, 5.647934733873128e-07, 4.4391650440676274e-07, 3.4981878798905436e-07, 2.7458754674392656e-07, 2.151758309018458e-07, 1.693669536220106e-07, 1.326251105077246e-07, 1.0351608478943782e-07, 8.103730158749621e-08, 6.40576534233483e-08, 5.02883442785733e-08, 3.965598185516993e-08, 3.092721032458217e-08, 2.4244553469186815e-08, 1.9106343935861907e-08, 1.4875856598368773e-08, 1.1648301871916937e-08, 9.019695317558068e-09, 6.969964571485889e-09, 5.400054106079905e-09, 4.166463527024444e-09, 3.229234162092825e-09, 2.4852673084729645e-09, 1.9144997566392356e-09, 1.4884719819814823e-09, 1.1466246873781126e-09, 9.014090558869639e-10, 7.051497441546403e-10, 5.478980782099956e-10, 4.29755773718929e-10, 3.3616327981954785e-10]
ndim2: 500
W_list: [3.0]
L_list: [4.242045463059985]
