C_final_list: [1.2555186585374443e-06, 1.0706443581953567e-06, 9.102614170587198e-07, 7.706769922104493e-07, 6.55309844449823e-07, 5.569828050065197e-07, 4.717889449153821e-07, 4.009178754572761e-07, 3.402886291528245e-07, 2.879273431377786e-07, 2.4339755745720123e-07, 2.0659326537735597e-07, 1.7485919259203802e-07, 1.4782696921831897e-07, 1.2487433848538e-07, 1.0512302158957914e-07, 8.856911743004391e-08, 7.467749174503955e-08, 6.287061772705447e-08, 5.296330970780812e-08, 4.480112835543639e-08, 3.779513904814662e-08, 3.188801395818485e-08, 2.70131993493681e-08, 2.2977180414929067e-08, 1.9488284260592558e-08, 1.6458268911983748e-08, 1.3898460989864066e-08, 1.1711939151500084e-08, 9.89741205542656e-09, 8.348679454337047e-09, 7.0243168374980566e-09, 5.89127636400239e-09, 4.952539755831759e-09, 4.172231188848546e-09]
ndim2: 500
W_list: [4.0]
L_list: [6.085984313724894]
