R_list= [ 1  2  3  4  5  6  7  8  9 10 11 12 13 14 15 16 17 18 19 20 21 22 23 24
 25 26 27 28 29 30 31 32 33 34 35 36 37 38]
C_final_list= [1.406991230829274e-06, 1.0104718356496913e-06, 7.262175868810521e-07, 5.388396769810525e-07, 4.0759637083021366e-07, 3.0912318289159086e-07, 2.3310630060265417e-07, 1.755836379238112e-07, 1.3259588320292636e-07, 1.0049485898698366e-07, 7.616043819233325e-08, 5.755143238694404e-08, 4.3351514874400814e-08, 3.249969678470437e-08, 2.4192593383828017e-08, 1.797467788376631e-08, 1.3400863175399061e-08, 9.945125597750407e-09, 7.350178152348635e-09, 5.424919565708507e-09, 3.988864789435858e-09, 2.9433279469076115e-09, 2.1953618437277693e-09, 1.6455441951448297e-09, 1.2333730638951489e-09, 9.188080217418628e-10, 6.811585011829229e-10, 5.024656772389411e-10, 3.7323019770537257e-10, 2.787836482260718e-10, 2.0775053242843021e-10, 1.5346560557239865e-10, 1.1305640458489741e-10, 8.35359899641327e-11, 6.187327729112134e-11, 4.64943664239169e-11, 3.485690049720714e-11, 2.601396328014997e-11]
W_list: [5]
L_list: [3.278946744546189]
