R_list= [ 1  2  3  4  5  6  7  8  9 10 11 12 13 14 15 16 17 18 19 20 21 22 23 24
 25 26 27 28 29 30 31 32 33 34 35 36 37 38]
C_final_list= [1.2359863483189536e-06, 8.546731426699443e-07, 5.883014854975449e-07, 4.051408394422036e-07, 2.7971519139363415e-07, 1.942741630565198e-07, 1.3374742082512915e-07, 9.114870809252214e-08, 6.208904506819117e-08, 4.214555066355714e-08, 2.8423036255401577e-08, 1.9138420664821057e-08, 1.2858218531192546e-08, 8.654305650788118e-09, 5.902381274320844e-09, 3.996436484388329e-09, 2.7436562059955482e-09, 1.8651246946905838e-09, 1.2718484968056326e-09, 8.602200898013471e-10, 5.788908455313567e-10, 3.9503612205522944e-10, 2.690886031041285e-10, 1.8085849326625958e-10, 1.2249932857938694e-10, 8.22002490735122e-11, 5.6316704732869624e-11, 3.8217396492734024e-11, 2.614418838215255e-11, 1.6794524949146405e-11, 1.0666946790911678e-11, 7.065990693693365e-12, 4.681317319295766e-12, 2.9334198795593216e-12, 1.8620974401301937e-12, 1.204572050687944e-12, 7.616435874845123e-13, 4.838450767739798e-13]
W_list: [7.0]
L_list: [2.690282954352819]
