C_final_list: [1.6442674211247423e-06, 1.4850802029468987e-06, 1.3388217714954697e-06, 1.2093899100283996e-06, 1.0939030919547945e-06, 9.87745711800575e-07, 8.92988352222854e-07, 8.067495712682925e-07, 7.265928042253133e-07, 6.545734621238726e-07, 5.899711727508833e-07, 5.315616188455089e-07, 4.782676218591475e-07, 4.302431856211152e-07, 3.8646844382232696e-07, 3.467852896945624e-07, 3.1170300336520366e-07, 2.802925805113942e-07, 2.517807547859673e-07, 2.262048067204241e-07, 2.0338736494804146e-07, 1.8280473963171993e-07, 1.6431385668668472e-07, 1.4758991296852853e-07, 1.324007795006249e-07, 1.1885987893057462e-07, 1.0659501875335302e-07, 9.566845239518775e-08, 8.596079857249896e-08, 7.705072194586163e-08, 6.906647989881559e-08, 6.202080339422452e-08, 5.5796560068656373e-08, 5.0145981527586186e-08, 4.501816288619719e-08]
ndim2: 500
W_list: [3.6]
L_list: [9.636405003235023]
