R_list= [ 1  2  3  4  5  6  7  8  9 10 11 12 13 14 15 16 17 18 19 20 21 22 23 24
 25 26 27 28 29 30 31 32 33 34 35 36 37 38]
C_final_list= [4.3233893113020803e-07, 3.692563498182586e-07, 3.113412136256525e-07, 2.6091967923658814e-07, 2.1818187827878858e-07, 1.8220567546823695e-07, 1.5211675525021176e-07, 1.2688514517722363e-07, 1.0574894886336994e-07, 8.812175953281509e-08, 7.332435924649202e-08, 6.099646702988835e-08, 5.0678294800455585e-08, 4.2050865737124054e-08, 3.4833270574170784e-08, 2.883571785773216e-08, 2.3865640453405396e-08, 1.9719172080701615e-08, 1.6298475812306334e-08, 1.3451957460128204e-08, 1.1102517278618486e-08, 9.143234069439574e-09, 7.520496990049666e-09, 6.19709844640498e-09, 5.115093954171057e-09, 4.213902612465975e-09, 3.4701378015473248e-09, 2.8523269839721002e-09, 2.3479377504427395e-09, 1.929032985027186e-09, 1.5858062057374663e-09, 1.300373168145653e-09, 1.0652828013643541e-09, 8.71468885754397e-10, 7.144092897773845e-10, 5.850746446141976e-10, 4.800563599482066e-10, 3.9433519779456906e-10]
W_list: [8.8]
L_list: [5.6315241818678885]
