C_final_list: [1.769753007901494e-06, 1.7118781942655967e-06, 1.6557913373321353e-06, 1.6005739617741867e-06, 1.5475506001310597e-06, 1.495778091532501e-06, 1.4459388107432042e-06, 1.397948314599698e-06, 1.35048926785322e-06, 1.3047884652837232e-06, 1.260422026459859e-06, 1.2177515507436174e-06, 1.17647319630912e-06, 1.1364701182437236e-06, 1.098514549052404e-06, 1.0612328125210639e-06, 1.0249150646323236e-06, 9.90059538304071e-07, 9.567073766143976e-07, 9.24319419030431e-07, 8.930504882054286e-07, 8.626175162661615e-07, 8.328421324329593e-07, 8.038847384312536e-07, 7.757424103872234e-07, 7.48549897847642e-07, 7.223824589855482e-07, 6.969649286904681e-07, 6.724399996532312e-07, 6.486473655512913e-07, 6.256662782828404e-07, 6.03358328382503e-07, 5.818172781866515e-07, 5.608524989386714e-07, 5.405111840136703e-07, 5.210783684064543e-07, 5.023456675402639e-07, 4.842452209227466e-07, 4.670289886878572e-07, 4.5044539944832125e-07, 4.3443748933982466e-07, 4.189502866424265e-07, 4.037581463752166e-07, 3.891580268004296e-07, 3.7496728051089307e-07, 3.6133862557857943e-07, 3.4825827746058694e-07, 3.355471602081909e-07, 3.2340608837375493e-07, 3.11848389526819e-07]
ndim2: 500
W_list: [3.0999999999999996]
L_list: [28.594229296499837]
