R_list= [ 1  2  3  4  5  6  7  8  9 10 11 12 13 14 15 16 17 18 19 20 21 22 23 24
 25 26 27 28 29 30 31 32 33 34 35 36 37 38]
C_final_list= [3.5391735713542186e-05, 2.298454840677378e-05, 1.4867880217941241e-05, 9.593643135706159e-06, 6.171592233265874e-06, 3.9506330157366814e-06, 2.539680097618314e-06, 1.6320838570618834e-06, 1.0484569466069845e-06, 6.73453048374224e-07, 4.327887171946531e-07, 2.78481305862361e-07, 1.7891829014731082e-07, 1.1451837433555045e-07, 7.344154013877369e-08, 4.7388763746378635e-08, 3.061346243390204e-08, 1.9662271478859735e-08, 1.2655441180396031e-08, 8.154938769328124e-09, 5.220401845699079e-09, 3.3466260114743277e-09, 2.136585906650777e-09, 1.3647759962754382e-09, 8.740165436769139e-10, 5.56745990138853e-10, 3.51874736675907e-10, 2.227171302391754e-10, 1.42131260850468e-10, 9.083791106600149e-11, 5.852924259806949e-11, 3.836114939075964e-11, 2.5526017509834928e-11, 1.691736567041852e-11, 1.1149617032722936e-11, 7.171897716499837e-12, 4.636722627290701e-12, 3.09989577862732e-12]
W_list: [8.25]
L_list: [2.292972253325707]
