R_list= [ 1  2  3  4  5  6  7  8  9 10 11 12 13 14 15 16 17 18 19 20 21 22 23 24
 25 26 27 28 29 30 31 32 33 34 35 36 37 38]
C_final_list= [3.166603651474877e-05, 2.4111976593278756e-05, 1.825904257788041e-05, 1.3776832369630105e-05, 1.0379367298849755e-05, 7.829442311032545e-06, 5.903651796557667e-06, 4.4552479681950375e-06, 3.352356153792731e-06, 2.5231657689191952e-06, 1.8933616782902046e-06, 1.418935689662578e-06, 1.0649510552964937e-06, 8.004035167094439e-07, 5.994122744463212e-07, 4.487078659062442e-07, 3.3564383145595326e-07, 2.5102533240735757e-07, 1.8831057794390667e-07, 1.414140464752296e-07, 1.0602792489049069e-07, 7.955987267977306e-08, 5.9587010454025184e-08, 4.4640558235057454e-08, 3.3518454276222125e-08, 2.515690584829544e-08, 1.8890866462642365e-08, 1.419569135571435e-08, 1.0660939979334493e-08, 8.00296617133069e-09, 6.0066348899235e-09, 4.4846974715016365e-09, 3.3550368987492093e-09, 2.5208941553054956e-09, 1.902308991625322e-09, 1.4392169292489337e-09, 1.0883075447790103e-09, 8.236406887652804e-10]
W_list: [8.1]
L_list: [3.573949339204935]
