R_list= [ 1  2  3  4  5  6  7  8  9 10 11 12 13 14 15 16 17 18 19 20 21 22 23 24
 25 26 27 28 29 30 31 32 33 34 35 36 37 38]
C_final_list= [2.6967879779857863e-06, 2.104747242523651e-06, 1.62545623284107e-06, 1.2493258460889857e-06, 9.589738752561377e-07, 7.355319503866308e-07, 5.638006131815683e-07, 4.315435833756946e-07, 3.305901180021724e-07, 2.5288165071667164e-07, 1.93149309747063e-07, 1.4753257601876313e-07, 1.1209573429898615e-07, 8.506899392392375e-08, 6.453281139792019e-08, 4.9022167774581406e-08, 3.718700515811654e-08, 2.820639445507267e-08, 2.1438057701174593e-08, 1.6287473847979176e-08, 1.2391040164946125e-08, 9.410460876730303e-09, 7.153179576148854e-09, 5.4604783952409934e-09, 4.177426669711647e-09, 3.177076951032129e-09, 2.4130013059595537e-09, 1.833563522595773e-09, 1.391260140819865e-09, 1.07439809590147e-09, 8.316470952890261e-10, 6.421552245674949e-10, 4.933706960393768e-10, 3.7575913484874075e-10, 2.857958232701349e-10, 2.1636034489165103e-10, 1.6335800562352952e-10, 1.2345691326442258e-10]
W_list: [8.8]
L_list: [3.8303304086049517]
