C_list:
2.0022170613335146e-06 0.0784499975094558
ndim2: 500
W_list: [1.5999999999999999]
L_list: [12.746972998685782]
