R_list= [ 1  2  3  4  5  6  7  8  9 10 11 12 13 14 15 16 17 18 19 20 21 22 23 24
 25 26 27 28 29 30 31 32 33 34 35 36 37 38]
C_final_list= [3.088985849076431e-05, 2.3320552778811643e-05, 1.748723835265453e-05, 1.3075524982241926e-05, 9.768885174773442e-06, 7.298773949423362e-06, 5.4474071288528675e-06, 4.070683169118572e-06, 3.0408862249861488e-06, 2.267384656166914e-06, 1.689102273020366e-06, 1.2582293469500724e-06, 9.373517910627555e-07, 6.980904775895448e-07, 5.217910905863735e-07, 3.897965824987692e-07, 2.91513316388992e-07, 2.1776665517652017e-07, 1.6281852975988e-07, 1.2196291223970206e-07, 9.148495085740724e-08, 6.858664569596282e-08, 5.117807209152874e-08, 3.825670787237697e-08, 2.8636502490903054e-08, 2.1396341903583833e-08, 1.5945175713287716e-08, 1.1874412944136035e-08, 8.849506143284083e-09, 6.6125253174648105e-09, 4.980310720092758e-09, 3.74961443729489e-09, 2.814940118984088e-09, 2.1062853107591307e-09, 1.5711618307555371e-09, 1.1704618150036996e-09, 8.669879198624774e-10, 6.38499454184629e-10]
W_list: [8.2]
L_list: [3.4633451648592395]
