C_final_list: [1.8098900057294934e-06, 1.7530852673259565e-06, 1.6962745358920646e-06, 1.64087831370788e-06, 1.587054130964881e-06, 1.5347729451354362e-06, 1.4848927356411954e-06, 1.4366870270915554e-06, 1.3905751648573077e-06, 1.3454570352559128e-06, 1.3013251518182523e-06, 1.2586636822462082e-06, 1.217649135541564e-06, 1.1784738446216216e-06, 1.1402514633981412e-06, 1.1036146069352385e-06, 1.0676536781265555e-06, 1.0327770869716554e-06, 9.98494008059211e-07, 9.65581830162531e-07, 9.341786533973514e-07, 9.036301938865202e-07, 8.741339335108173e-07, 8.455464141226623e-07, 8.181520148533413e-07, 7.915972588660109e-07, 7.658574168782221e-07, 7.407391198297298e-07, 7.161481844234546e-07, 6.926405465896642e-07, 6.697067576614974e-07, 6.474046423061924e-07, 6.25838977514637e-07, 6.048392003143103e-07, 5.843595115373292e-07, 5.647982923013947e-07, 5.457154923348241e-07, 5.27475115079268e-07, 5.097039063920442e-07, 4.925322687591698e-07, 4.757560129647401e-07, 4.5953889382856726e-07, 4.437294653597792e-07, 4.2838793300276303e-07, 4.135109204118021e-07, 3.99238748191908e-07, 3.8552511515112577e-07, 3.7230223831990643e-07, 3.5946867225341916e-07, 3.471554557641371e-07]
ndim2: 500
W_list: [3.05]
L_list: [29.98014091187489]
