R_list= [ 1  2  3  4  5  6  7  8  9 10 11 12 13 14 15 16 17 18 19 20 21 22 23 24
 25 26 27 28 29 30 31 32 33 34 35 36 37 38]
C_final_list= [1.9782402504134915e-06, 1.9326032496543158e-06, 1.8947884179377043e-06, 1.8554169424260035e-06, 1.818145591203821e-06, 1.7815469278934733e-06, 1.7464416649682203e-06, 1.7120829741783747e-06, 1.6780903078335134e-06, 1.6449527732968461e-06, 1.6127304370152028e-06, 1.5812274167204694e-06, 1.5499480504288731e-06, 1.5195299798880251e-06, 1.48924530360373e-06, 1.45987012550094e-06, 1.4314063880552764e-06, 1.4033893667368314e-06, 1.375698035920809e-06, 1.3486239086187751e-06, 1.3221520554354718e-06, 1.2961093240142597e-06, 1.2702321675015395e-06, 1.2451033811853654e-06, 1.2204886883273292e-06, 1.1962599478653724e-06, 1.1723739234231683e-06, 1.1490142438109877e-06, 1.1261706884885653e-06, 1.1036638119437752e-06, 1.0815648824338476e-06, 1.0597729675425018e-06, 1.0384798006127677e-06, 1.0175097101184962e-06, 9.971316119989536e-07, 9.769660417257667e-07, 9.573374738259905e-07, 9.38162273471159e-07]
W_list: [4]
L_list: [49.936399369888754]
