R_list= [ 1  2  3  4  5  6  7  8  9 10 11 12 13 14 15 16 17 18 19 20 21 22 23 24
 25 26 27 28 29 30 31 32 33 34 35 36 37 38]
C_final_list= [5.452055813788634e-07, 5.035868773680926e-07, 4.6144996053962273e-07, 4.214861164680166e-07, 3.839833432130201e-07, 3.4937200451931863e-07, 3.1723972017423954e-07, 2.879753318200036e-07, 2.611002267253017e-07, 2.3676772963597152e-07, 2.148793354080949e-07, 1.949044180062372e-07, 1.7669833938185246e-07, 1.6025111743374958e-07, 1.452261537244691e-07, 1.3164155454299042e-07, 1.192858737386972e-07, 1.079847473502831e-07, 9.765368125200251e-08, 8.823076029381168e-08, 7.966714411007447e-08, 7.194867924720596e-08, 6.499719184184054e-08, 5.870773083517325e-08, 5.300713413631863e-08, 4.7851858775493847e-08, 4.317099613764347e-08, 3.888871563690853e-08, 3.501146903027525e-08, 3.1507102435276327e-08, 2.837229797146699e-08, 2.5573218585480416e-08, 2.3036229146154108e-08, 2.0766633051103892e-08, 1.8722936008993714e-08, 1.6868778864353162e-08, 1.519896463717258e-08, 1.3700916866732461e-08]
W_list: [8.0]
L_list: [10.407383816222675]
