R_list= [ 1  2  3  4  5  6  7  8  9 10 11 12 13 14 15 16 17 18 19 20 21 22 23 24
 25 26 27 28 29 30 31 32 33 34 35 36 37 38]
C_final_list= [4.065816483097363e-07, 1.6477892599795991e-07, 5.2914505536294376e-08, 1.5103648417564715e-08, 4.03509522300814e-09, 1.0478306067922986e-09, 2.6813571397418143e-10, 6.825187507261384e-11, 1.7470792627834047e-11, 4.4420571764935034e-12, 1.1222501237954173e-12, 2.84894163618194e-13, 7.321213240276849e-14, 1.8865034109510432e-14, 4.86472852335424e-15, 1.272195688384038e-15, 3.308308136810349e-16, 8.519740905050025e-17, 2.1097818103653342e-17, 4.938378001117954e-18, 1.144092583843563e-18, 2.721281999458463e-19, 6.810636234712105e-20, 1.8142367878354166e-20, 5.131175523748287e-21, 1.599070620220012e-21, 5.7490254913797e-22, 2.6454423216930373e-22, 1.5841367923544457e-22, 1.162805404491363e-22, 9.895118238999065e-23, 9.271395260620053e-23, 9.11081880147493e-23, 8.635978740717932e-23, 7.900082080853347e-23, 7.306513298028577e-23, 6.829862767437513e-23, 6.505459751833122e-23]
W_list: [6]
L_list: [1.0349503962539364]
