C_final_list: [1.9073092868393442e-06, 1.633343285097048e-06, 1.394830497895024e-06, 1.189946914150912e-06, 1.0138632613548509e-06, 8.632975700112463e-07, 7.342877606861026e-07, 6.228729442618091e-07, 5.292688100578255e-07, 4.501260782746458e-07, 3.8298290113786784e-07, 3.252710343260225e-07, 2.7511148317558094e-07, 2.3269494801635253e-07, 1.9556520037523594e-07, 1.6443243587568735e-07, 1.382129966861191e-07, 1.1613528619882435e-07, 9.743023489752774e-08, 8.16720943996936e-08, 6.836179612663561e-08, 5.753676604155157e-08, 4.837843914967567e-08, 4.057844576968892e-08, 3.402273381978887e-08, 2.8382516418814916e-08, 2.3773265774046324e-08, 1.995380235571943e-08, 1.670828174486665e-08, 1.3967304696766491e-08, 1.1786937468844798e-08, 9.916335321680206e-09, 8.332673712444937e-09, 7.010819036121697e-09, 5.886175773173651e-09, 4.93345293572264e-09, 4.141753482997413e-09, 3.465925434698285e-09, 2.893968300894597e-09, 2.4462137634524188e-09, 2.0553530413082062e-09, 1.7234287009976862e-09, 1.4462585730086802e-09, 1.208041741202492e-09, 1.0073706778319488e-09, 8.405750324298353e-10, 7.017256987131884e-10, 5.874135352761005e-10, 4.927146564291714e-10, 4.164477358836661e-10]
ndim2: 500
W_list: [3.4000000000000004]
L_list: [6.187680845365437]
