C_final_list: [1.4426062565276018e-06, 1.161788882940494e-06, 9.28688866900558e-07, 7.398599323800021e-07, 5.902147257803836e-07, 4.723164850512217e-07, 3.800002715024096e-07, 3.050641620946027e-07, 2.4520031833291633e-07, 1.9562122816759395e-07, 1.5732846996849676e-07, 1.2500826953627151e-07, 9.981952835320939e-08, 7.959446454863226e-08, 6.310534332397821e-08, 5.029241436130973e-08, 3.976281105813647e-08, 3.157645450509233e-08, 2.4964182264171368e-08, 1.986520338911348e-08, 1.5809421158530744e-08, 1.2466706832050973e-08, 9.916199793805345e-09, 7.835556116170386e-09, 6.240003117024479e-09, 4.934398718960535e-09, 3.9398167221611425e-09, 3.1221508082395844e-09, 2.448025397670993e-09, 1.9234544757768146e-09, 1.4978054421453417e-09, 1.1863789639241423e-09, 9.316501275487854e-10, 7.355534111697501e-10, 5.817587960393629e-10]
ndim2: 500
W_list: [2.8]
L_list: [4.488615403079043]
