R_list= [ 1  2  3  4  5  6  7  8  9 10 11 12 13 14 15 16 17 18 19 20 21 22 23 24
 25 26 27 28 29 30 31 32 33 34 35 36 37 38]
C_final_list= [7.036887324976861e-06, 6.08925638072364e-06, 5.226292375305463e-06, 4.469837087151185e-06, 3.814856172226715e-06, 3.252469171560773e-06, 2.770387486555322e-06, 2.3580499428168314e-06, 2.004890665567096e-06, 1.7048076478401585e-06, 1.448979338354905e-06, 1.2313279196103837e-06, 1.045957894781067e-06, 8.891177867013805e-07, 7.549946991965785e-07, 6.412474361718195e-07, 5.443487308514703e-07, 4.617991777356982e-07, 3.916539722167714e-07, 3.3221135075899505e-07, 2.8213155721576855e-07, 2.3933727694788555e-07, 2.0289270098515606e-07, 1.7198168054313565e-07, 1.458408156860315e-07, 1.237586827801448e-07, 1.049278394093789e-07, 8.89430826116483e-08, 7.528709266224917e-08, 6.37016909625088e-08, 5.3886051835589714e-08, 4.5563531774195714e-08, 3.853916270116504e-08, 3.2579370957281415e-08, 2.7542923304303342e-08, 2.330375774058699e-08, 1.9729113196553146e-08, 1.671358414259353e-08]
W_list: [8.0]
L_list: [6.311608871380099]
