R_list= [ 1  2  3  4  5  6  7  8  9 10 11 12 13 14 15 16 17 18 19 20 21 22 23 24
 25 26 27 28 29 30 31 32 33 34 35 36 37 38]
C_final_list= [2.354486031034688e-06, 2.070600209012072e-06, 1.8043419322112484e-06, 1.5655581890840343e-06, 1.3557280807016433e-06, 1.1724823710632902e-06, 1.0125641389048514e-06, 8.733520668755974e-07, 7.533176261973076e-07, 6.487972914196233e-07, 5.584383016104682e-07, 4.800876920148797e-07, 4.128672734836522e-07, 3.5479829189723714e-07, 3.0466838242657463e-07, 2.6168180367050326e-07, 2.2471318938514623e-07, 1.9324364281702358e-07, 1.6610970160753644e-07, 1.4272246757328624e-07, 1.2247161519188107e-07, 1.0511727895521245e-07, 9.012523991682128e-08, 7.728457927627287e-08, 6.619125828408766e-08, 5.670157084708675e-08, 4.859591283311372e-08, 4.16406130508952e-08, 3.566102178332638e-08, 3.0532741708164125e-08, 2.614272607258916e-08, 2.2377369057780383e-08, 1.9124592340123158e-08, 1.632525002264233e-08, 1.3946301395392349e-08, 1.1912640679632147e-08, 1.0173258579538304e-08, 8.694892491327173e-09]
W_list: [8.25]
L_list: [6.890338766982507]
