C_final_list: [1.7578015428363832e-06, 1.620775755835273e-06, 1.4907075378735016e-06, 1.3716639759092725e-06, 1.259000913004682e-06, 1.1558442748893095e-06, 1.060667445315955e-06, 9.744914936492797e-07, 8.944538290116109e-07, 8.216736600589664e-07, 7.549603937429625e-07, 6.936755428830129e-07, 6.371505250522538e-07, 5.861609455655512e-07, 5.389504734350662e-07, 4.952229505287785e-07, 4.555869426926042e-07, 4.191685946329532e-07, 3.8537378184744023e-07, 3.5367084082086423e-07, 3.2459448587236684e-07, 2.971705775758462e-07, 2.726238976653434e-07, 2.500172103636921e-07, 2.289961154225831e-07, 2.0988743321982508e-07, 1.923881824754636e-07, 1.7596052428145475e-07, 1.6091768163229545e-07, 1.4718306583751825e-07, 1.347520685027059e-07, 1.2316215315109313e-07, 1.1244717297935297e-07, 1.026451053122412e-07, 9.369812338882826e-08, 8.562141582133567e-08, 7.818582389974237e-08, 7.13920946724853e-08, 6.530679238671275e-08, 5.973382843658596e-08, 5.454642083088309e-08, 4.986850915292718e-08, 4.549928407685764e-08, 4.154862709854961e-08, 3.798830611925064e-08, 3.471054226277645e-08, 3.165990554737011e-08, 2.886907892442404e-08, 2.6313129205780795e-08, 2.4057426546045373e-08]
ndim2: 500
W_list: [3.4000000000000004]
L_list: [11.75324727021267]
