R_list= [ 1  2  3  4  5  6  7  8  9 10 11 12 13 14 15 16 17 18 19 20 21 22 23 24
 25 26 27 28 29 30 31 32 33 34 35 36 37 38]
C_final_list= [4.852275327326144e-07, 3.1397464317841347e-07, 2.0641979568553578e-07, 1.359374734929211e-07, 8.937366860377953e-08, 5.8454302164180064e-08, 3.8256831715231814e-08, 2.4925256035151026e-08, 1.6128553274344566e-08, 1.0320365357617454e-08, 6.563670494552715e-09, 4.156689930915126e-09, 2.6417049432347532e-09, 1.6887071170441915e-09, 1.0784921467300782e-09, 6.88074677043807e-10, 4.454557019723962e-10, 2.8867047621326436e-10, 1.8604636725094237e-10, 1.1842879283939468e-10, 7.535403918735848e-11, 4.84487869952517e-11, 3.106262107364233e-11, 1.9264586801809055e-11, 1.1973829216450091e-11, 7.633931443372726e-12, 4.961974096902401e-12, 3.137304691518458e-12, 1.8656420572885825e-12, 1.1084188289813669e-12, 6.625539631684938e-13, 4.0753201189165787e-13, 2.505595134922812e-13, 1.502445532491662e-13, 9.68586774877566e-14, 5.898563884875998e-14, 3.4386942943567864e-14, 1.9771647683597348e-14]
W_list: [7]
L_list: [2.352221247484993]
