R_list= [ 1  2  3  4  5  6  7  8  9 10 11 12 13 14 15 16 17 18 19 20 21 22 23 24
 25 26 27 28 29 30 31 32 33 34 35 36 37 38]
C_final_list= [3.1953493369626024e-07, 2.939411743361607e-07, 2.6799427666732036e-07, 2.430583999810769e-07, 2.1986754331897035e-07, 1.985519330379051e-07, 1.790942360215205e-07, 1.6150707391390481e-07, 1.4561470341064973e-07, 1.3113655221827757e-07, 1.1807691025825223e-07, 1.0626211963934698e-07, 9.559218612306616e-08, 8.596589742510976e-08, 7.728584837068355e-08, 6.952328386515558e-08, 6.258939771910174e-08, 5.6258362159280234e-08, 5.053125675202805e-08, 4.537211088496545e-08, 4.070955343612335e-08, 3.648375060640087e-08, 3.267607288707832e-08, 2.9239464701745906e-08, 2.6164678634202793e-08, 2.3409546213291635e-08, 2.0931398218915e-08, 1.8711829980660098e-08, 1.672134197345159e-08, 1.4935158864592964e-08, 1.3346927187177483e-08, 1.1925164416265225e-08, 1.0658916083678146e-08, 9.530053865414188e-09, 8.518485569564893e-09, 7.617984911998479e-09, 6.80993096244708e-09, 6.086601572378987e-09]
W_list: [7.2]
L_list: [9.73331229126086]
