R_list= [ 1  2  3  4  5  6  7  8  9 10 11 12 13 14 15 16 17 18 19 20 21 22 23 24
 25 26 27 28 29 30 31 32 33 34 35 36 37 38]
C_final_list= [6.0954411256086255e-06, 5.180897951609707e-06, 4.362304297076034e-06, 3.660826829247638e-06, 3.063360910576399e-06, 2.5600478441016422e-06, 2.1382672811965516e-06, 1.7860641915576926e-06, 1.490488010132118e-06, 1.244098260585794e-06, 1.038409871486399e-06, 8.659907856466846e-07, 7.22233184547605e-07, 6.029143649670559e-07, 5.031583583580761e-07, 4.1941080191517343e-07, 3.492178884124564e-07, 2.9074540554595814e-07, 2.419133877400019e-07, 2.0110875942344842e-07, 1.6701605239032437e-07, 1.38771799492476e-07, 1.1523537776586282e-07, 9.565925572919159e-08, 7.939631604449438e-08, 6.599102959875861e-08, 5.4844700234058136e-08, 4.55376047586631e-08, 3.775423826784449e-08, 3.12735483592572e-08, 2.5943395496848387e-08, 2.1535552575591023e-08, 1.7903295483861976e-08, 1.489408642380552e-08, 1.2396178192212982e-08, 1.0296183000894952e-08, 8.54334779419666e-09, 7.099456890463251e-09]
W_list: [8.3]
L_list: [5.653431424796764]
