C_final_list: [1.4235640989305496e-06, 1.1101595507785471e-06, 8.5617244842313e-07, 6.570208467706133e-07, 5.06644148959406e-07, 3.9178704898210387e-07, 3.009795001354207e-07, 2.3153093499135215e-07, 1.7780475915931146e-07, 1.3591663949957704e-07, 1.0413599998798508e-07, 8.002443289600529e-08, 6.116844865998407e-08, 4.691512592377835e-08, 3.586220654651651e-08, 2.7486142513849832e-08, 2.1047772219256226e-08, 1.607936535969009e-08, 1.2206679526729824e-08, 9.309665591352481e-09, 7.0895387771126846e-09, 5.431745495560484e-09, 4.170475233548823e-09, 3.124509845123433e-09, 2.3418183215824995e-09, 1.7815026370174236e-09, 1.3488554071435217e-09, 1.0071746235272173e-09, 7.622497153059797e-10, 5.767738050073204e-10, 4.346266788906639e-10, 3.2776301179274464e-10, 2.4727937706883424e-10, 1.8442244857940899e-10, 1.3645605998172108e-10]
ndim2: 500
W_list: [4.0]
L_list: [3.8520208539763576]
