R_list= [ 1  2  3  4  5  6  7  8  9 10 11 12 13 14 15 16 17 18 19 20 21 22 23 24
 25 26 27 28 29 30 31 32 33 34 35 36 37 38]
C_final_list= [8.250814528172746e-08, 3.9688324321760045e-08, 1.5323591711450095e-08, 5.243752838569267e-09, 1.6766903780659423e-09, 5.143965356599666e-10, 1.5285852877883747e-10, 4.453452364986227e-11, 1.2917970013626072e-11, 3.7564169122633925e-12, 1.0893308772971994e-12, 3.0978352864541337e-13, 8.590251596315984e-14, 2.352270783298507e-14, 6.401866043046173e-15, 1.7363252318907722e-15, 4.70786075992374e-16, 1.286897748359551e-16, 3.544974349791488e-17, 9.821876500615848e-18, 2.742211487715318e-18, 7.98954660829837e-19, 2.7597891927006215e-19, 1.3455955113688257e-19, 4.319784180710843e-20, 1.3722813907962122e-20, 4.2110283714464026e-21, 1.3832812141618836e-21, 4.984321582823774e-22, 1.70517381405643e-22, 6.412216241746395e-23, 2.9893330049967375e-23, 1.8540541392026595e-23, 1.4066450745149322e-23, 1.2098574006854159e-23, 1.1205639632021744e-23, 1.0730438533015975e-23, 1.0408064402229051e-23]
W_list: [5]
L_list: [1.2269801387650203]
