R_list= [ 1  2  3  4  5  6  7  8  9 10 11 12 13 14 15 16 17 18 19 20 21 22 23 24
 25 26 27 28 29 30 31 32 33 34 35 36 37 38]
C_final_list= [3.243145123042978e-05, 2.48566021384977e-05, 1.893282138978526e-05, 1.4396652770036744e-05, 1.0921947588357447e-05, 8.282814256463678e-06, 6.285023627193101e-06, 4.765845525523305e-06, 3.6082675914217103e-06, 2.7360779385585917e-06, 2.072999542436057e-06, 1.5686983091054783e-06, 1.1871486091462265e-06, 8.988106354115152e-07, 6.803219936899634e-07, 5.156667734393058e-07, 3.901964675358283e-07, 2.959499966068302e-07, 2.2438598874314583e-07, 1.70271114054809e-07, 1.2940493241831432e-07, 9.813574866027456e-08, 7.436524557313216e-08, 5.6317995541046004e-08, 4.267728013402178e-08, 3.236429790838083e-08, 2.4545394351309246e-08, 1.8567747475342075e-08, 1.4103697477672704e-08, 1.0695700045000719e-08, 8.131666244750025e-09, 6.1929253441471535e-09, 4.70652119139114e-09, 3.563719595688862e-09, 2.7037082947322957e-09, 2.0648125388861618e-09, 1.5754425239381603e-09, 1.2057526843549027e-09]
W_list: [8.0]
L_list: [3.658318607590906]
