R_list= [ 1  2  3  4  5  6  7  8  9 10 11 12 13 14 15 16 17 18 19 20 21 22 23 24
 25 26 27 28 29 30 31 32 33 34 35 36 37 38]
C_final_list= [3.652970361362234e-07, 3.353467112175735e-07, 3.057582008349439e-07, 2.777354383086959e-07, 2.5181230626687703e-07, 2.2805347364732286e-07, 2.0623407378616526e-07, 1.864155590937888e-07, 1.6818519918819013e-07, 1.5175328524093733e-07, 1.3703615893882173e-07, 1.2371251860073066e-07, 1.1161211647790178e-07, 1.0052481456503446e-07, 9.045763787709409e-08, 8.136106883832143e-08, 7.313476497529227e-08, 6.566614455375215e-08, 5.8904878339123614e-08, 5.278736743415323e-08, 4.729790682720955e-08, 4.236764729582985e-08, 3.7954106619953536e-08, 3.39912331126056e-08, 3.046731444297572e-08, 2.7318898385105953e-08, 2.4481308840140135e-08, 2.1916532363074605e-08, 1.961786945071574e-08, 1.755562335796214e-08, 1.5702423157014994e-08, 1.4045903502261922e-08, 1.256527181876274e-08, 1.1231637545228813e-08, 1.0045569390970565e-08, 8.987638889078102e-09, 8.044321389288037e-09, 7.199255104266044e-09]
W_list: [7.8]
L_list: [9.862434460306728]
