C_final_list: [2.2167609034708604e-06, 2.181004801527424e-06, 2.145141311535503e-06, 2.110414480885666e-06, 2.076139407517444e-06, 2.0426659992064016e-06, 2.009520732243039e-06, 1.977278568558985e-06, 1.945617649626347e-06, 1.9145937035072457e-06, 1.884115333352757e-06, 1.8537417899599776e-06, 1.8240452889116114e-06, 1.7950097793766003e-06, 1.7665012484789266e-06, 1.7384982440779403e-06, 1.7104955460200428e-06, 1.6830647326708622e-06, 1.6561267557857119e-06, 1.6296506113166767e-06, 1.6035792947093391e-06, 1.5777963323928437e-06, 1.5524650163039217e-06, 1.5274297393473466e-06, 1.5029135777283321e-06, 1.4789283932652464e-06, 1.4548936347533058e-06, 1.4314868267722891e-06, 1.4084239155240374e-06, 1.3858423851446947e-06, 1.3633663320331374e-06, 1.3413470970908234e-06, 1.3195342859010455e-06, 1.2981074633294935e-06, 1.2766204304647852e-06]
ndim2: 500
W_list: [2.0]
L_list: [61.796722890992164]
