C_final_list: [1.9230306001433807e-06, 1.6645073052325182e-06, 1.4374135084378287e-06, 1.2429433800261475e-06, 1.0715773415447596e-06, 9.246469997363962e-07, 7.977450321621187e-07, 6.914319776860534e-07, 5.987988201531135e-07, 5.171616847399602e-07, 4.461164093066739e-07, 3.834887590886271e-07, 3.297796127397344e-07, 2.833811147272789e-07, 2.4380076622084634e-07, 2.0976140547887734e-07, 1.8108921167115014e-07, 1.5568365411008664e-07, 1.3388246957661322e-07, 1.1495883604863591e-07, 9.905733718569759e-08, 8.50968719318618e-08, 7.289416299598148e-08, 6.249615161839148e-08, 5.339971474698894e-08, 4.5810914996865914e-08, 3.921319459127949e-08, 3.3383717852195205e-08, 2.8521578203465437e-08, 2.4381717553645555e-08, 2.0766870328068303e-08, 1.769271224189373e-08, 1.509578655023516e-08, 1.2868421283872862e-08, 1.0936750994034094e-08, 9.302014189321843e-09, 7.888079314745068e-09, 6.708033740176823e-09, 5.70880703706579e-09, 4.855036118877986e-09, 4.124373411914992e-09, 3.5214440032196502e-09, 3.012452989172122e-09, 2.577758499894048e-09, 2.1987325254184226e-09, 1.877358859996501e-09, 1.602612556488159e-09, 1.365913880714553e-09, 1.1711610899277534e-09, 9.970436375812887e-10]
ndim2: 500
W_list: [3.25]
L_list: [6.797188464430954]
