R_list= [ 1  2  3  4  5  6  7  8  9 10 11 12 13 14 15 16 17 18 19 20 21 22 23 24
 25 26 27 28 29 30 31 32 33 34 35 36 37 38]
C_final_list= [1.669694245419106e-07, 1.444290219003708e-07, 1.2305077661984668e-07, 1.0390144178206664e-07, 8.717149644537548e-08, 7.294172872101894e-08, 6.106975859981266e-08, 5.1080248680693065e-08, 4.2701808896470514e-08, 3.56502376085542e-08, 2.975111141493492e-08, 2.4773319261809866e-08, 2.0600332237172067e-08, 1.7123610868697237e-08, 1.4214841343614419e-08, 1.1785461402636962e-08, 9.775880621602107e-09, 8.090701299225433e-09, 6.680706148802207e-09, 5.515904523048666e-09, 4.5536706646951455e-09, 3.761920014983981e-09, 3.103730523142568e-09, 2.560534097829919e-09, 2.1097477633546298e-09, 1.7368598176378633e-09, 1.429795027112761e-09, 1.1756629899161038e-09, 9.651078537862269e-10, 7.902932803525551e-10, 6.466771289515939e-10, 5.289321047687237e-10, 4.3285476680504317e-10, 3.538455663428883e-10, 2.8989213149712054e-10, 2.3777331998165313e-10, 1.9526143375754475e-10, 1.600560005274137e-10]
W_list: [9.2]
L_list: [5.78635088877842]
