C_final_list: [1.6428990617972455e-06, 1.5793385399122282e-06, 1.5167246950853072e-06, 1.455828777812679e-06, 1.3965654425551171e-06, 1.339858312239888e-06, 1.2853154816165417e-06, 1.2329209302424913e-06, 1.1828722065029177e-06, 1.134773384691361e-06, 1.088741048711797e-06, 1.0445820722534624e-06, 1.002089382533667e-06, 9.613473646656183e-07, 9.221859116833084e-07, 8.848809163674378e-07, 8.491079006678214e-07, 8.151153432467394e-07, 7.819719067750696e-07, 7.501949713816745e-07, 7.196681276799614e-07, 6.900852797182997e-07, 6.6221901983692e-07, 6.349628075156144e-07, 6.085920039200543e-07, 5.832459636752766e-07, 5.590609620987914e-07, 5.357579817108007e-07, 5.131663942406881e-07, 4.91449300984278e-07, 4.7057293871225595e-07, 4.50635727589785e-07, 4.317198832883087e-07, 4.133893827766223e-07, 3.957152300978037e-07]
ndim2: 500
W_list: [3.2]
L_list: [24.046590754423114]
