R_list= [ 1  2  3  4  5  6  7  8  9 10 11 12 13 14 15 16 17 18 19 20 21 22 23 24
 25 26 27 28 29 30 31 32 33 34 35 36 37 38]
C_final_list= [9.695871626209203e-07, 8.581630407717407e-07, 7.582068050026167e-07, 6.696506663638664e-07, 5.919360508053541e-07, 5.210521000570007e-07, 4.5957245674705155e-07, 4.0440234755262e-07, 3.5519893242319205e-07, 3.124513633698831e-07, 2.74199452516717e-07, 2.4074847097344853e-07, 2.1077891332815514e-07, 1.846948179599717e-07, 1.6194554782353986e-07, 1.4173991895290647e-07, 1.2401254920919378e-07, 1.0853402531448602e-07, 9.480661650445074e-08, 8.269211106510453e-08, 7.214033846962207e-08, 6.295401544063624e-08, 5.488267224265388e-08, 4.796239313355762e-08, 4.1835543437754305e-08, 3.652892724139652e-08, 3.180659274060668e-08, 2.7671515237703315e-08, 2.4049011209604433e-08, 2.090369772310228e-08, 1.8136668325694533e-08, 1.5742376782912855e-08, 1.365769369731135e-08, 1.1849552884618434e-08, 1.0284474407233941e-08, 8.91969776827642e-09, 7.742486114903687e-09, 6.73129954822274e-09]
W_list: [6]
L_list: [7.82275536171383]
