C_final_list: [1.8317313487681017e-06, 1.7767805718182493e-06, 1.7229070398152456e-06, 1.671016898884629e-06, 1.6208379924372246e-06, 1.5723615950639587e-06, 1.5254569286506232e-06, 1.4795429728101764e-06, 1.434803145584676e-06, 1.3921203653943017e-06, 1.3501475117084472e-06, 1.3091409115613837e-06, 1.2700251364634901e-06, 1.232053734841901e-06, 1.1950985083847093e-06, 1.1586264909247867e-06, 1.1232309212471923e-06, 1.0888606378711367e-06, 1.0555368407906753e-06, 1.022638965775478e-06, 9.910951742235807e-07, 9.605201103595238e-07, 9.312460962892332e-07, 9.02518983767015e-07, 8.746343359018181e-07, 8.477004727658741e-07, 8.215795116942386e-07, 7.961577953298124e-07, 7.712046018390235e-07, 7.467527524782115e-07, 7.234070153234876e-07, 7.007005115810417e-07, 6.786070644157755e-07, 6.569779138634832e-07, 6.359981253950482e-07, 6.151488516589526e-07, 5.95194842099394e-07, 5.760766207122957e-07, 5.574647636551491e-07, 5.394393797875186e-07, 5.220029591599315e-07, 5.048474335407806e-07, 4.884665744706184e-07, 4.7244508097510467e-07, 4.5695938092530494e-07, 4.419998791538017e-07, 4.274075492829673e-07, 4.132557447960975e-07, 3.994811565083173e-07, 3.861397581624879e-07]
ndim2: 500
W_list: [3.0]
L_list: [31.973921283518223]
