R_list= [ 1  2  3  4  5  6  7  8  9 10 11 12 13 14 15 16 17 18 19 20 21 22 23 24
 25 26 27 28 29 30 31 32 33 34 35 36 37 38]
C_final_list= [4.4156068137276763e-07, 3.9387646779739806e-07, 3.4858670810251327e-07, 3.079035901821986e-07, 2.714632750970083e-07, 2.391972931915323e-07, 2.105683339932895e-07, 1.8528750565508402e-07, 1.6290463547436843e-07, 1.43167947795032e-07, 1.2569852465793648e-07, 1.102178831152116e-07, 9.65279132813598e-08, 8.461781005533209e-08, 7.409161429829181e-08, 6.485664095765098e-08, 5.6675431300629415e-08, 4.942743087166446e-08, 4.31567291629555e-08, 3.769004414110901e-08, 3.287966441892855e-08, 2.872760143655798e-08, 2.5121783326193713e-08, 2.1940751668536845e-08, 1.9152592690149924e-08, 1.672270901476764e-08, 1.4612786035167421e-08, 1.2773305434666889e-08, 1.114639364787616e-08, 9.724028904967447e-09, 8.478830779810224e-09, 7.402627365899186e-09, 6.471644138344429e-09, 5.656302364277923e-09, 4.949648558389762e-09, 4.334539402548974e-09, 3.788825403701244e-09, 3.308373485463474e-09]
W_list: [7]
L_list: [7.83382827502809]
