C_final_list: [1.7875780278976636e-06, 1.658146484350192e-06, 1.5373254624191355e-06, 1.4240661414465777e-06, 1.3188777769324372e-06, 1.2212203460194339e-06, 1.1322641823279682e-06, 1.0488876670319756e-06, 9.713897766832658e-07, 8.972445364324251e-07, 8.29388135552823e-07, 7.661701377833317e-07, 7.078806179855996e-07, 6.540933484215603e-07, 6.044102557243726e-07, 5.587082560806606e-07, 5.154802212593784e-07, 4.756194587652864e-07, 4.390671655457364e-07, 4.0537410440822466e-07, 3.748747436301676e-07, 3.461741909626747e-07, 3.198649551293258e-07, 2.9558050427728696e-07, 2.733198543687343e-07, 2.5322078095904417e-07, 2.3424300446324253e-07, 2.1642941056008433e-07, 2.001029986154753e-07, 1.8499777798918036e-07, 1.7078734756410427e-07, 1.5786682090071845e-07, 1.4574371989521872e-07, 1.3437377668324768e-07, 1.2384210607240802e-07, 1.140994572908905e-07, 1.0522921562591457e-07, 9.711153232080303e-08, 8.954752770142542e-08, 8.260722987391805e-08, 7.630139044595332e-08, 7.041857968525087e-08, 6.504447636457369e-08, 6.014719934882676e-08, 5.5549782106397735e-08, 5.1309134154107245e-08, 4.734474290772467e-08, 4.368519656266229e-08, 4.034030685856906e-08, 3.722477696751889e-08]
ndim2: 500
W_list: [3.25]
L_list: [12.803133884896436]
