R_list= [ 1  2  3  4  5  6  7  8  9 10 11 12 13 14 15 16 17 18 19 20 21 22 23 24
 25 26 27 28 29 30 31 32 33 34 35 36 37 38]
C_final_list= [4.0321075762200114e-07, 2.496453848325784e-07, 1.3123954918985657e-07, 6.252732948749853e-08, 2.799625674982006e-08, 1.2030299734540365e-08, 5.043420280361182e-09, 2.0872328757083914e-09, 8.602302567403439e-10, 3.5380257452236524e-10, 1.45320747749404e-10, 5.979436470609017e-11, 2.472645752742579e-11, 1.0296462025532926e-11, 4.3386340232419435e-12, 1.8598020476093775e-12, 8.20585170195342e-13, 3.786326278240038e-13, 1.8394282805279493e-13, 9.10901682592515e-14, 4.7247980378504876e-14, 2.844917698018013e-14, 2.1606923743855325e-14, 1.969559342803637e-14, 1.6761215275748515e-14, 1.1442205847885862e-14, 6.408438820535789e-15, 3.146164735507103e-15, 1.3942823796169824e-15, 5.954931215242378e-16, 2.4127220510909505e-16, 9.620997177345639e-17, 3.7895802933163086e-17, 1.502962242084129e-17, 5.752293517066531e-18, 2.2521577536139433e-18, 9.629926895200265e-19, 4.616351770094637e-19]
W_list: [4]
L_list: [1.7052328235731185]
