C_list:
3.644077685746e-07 0.1431114254800728
ndim2: 500
W_list: [4.2]
L_list: [6.987562290330499]
