C_final_list: [2.045580788286108e-06, 2.0293544620933386e-06, 2.013399213385498e-06, 1.9981075072161893e-06, 1.9833426581277763e-06, 1.9688925911424733e-06, 1.9545430736863465e-06, 1.9404441647491085e-06, 1.9265156984712515e-06, 1.9128530577948894e-06, 1.8992554678220034e-06, 1.8857667826810814e-06, 1.8723877466779716e-06, 1.859006376462569e-06, 1.8458095429685733e-06, 1.8327273159025682e-06, 1.819776479961381e-06, 1.806762951142779e-06, 1.7938149656596327e-06, 1.7811284903566042e-06, 1.7686444490169244e-06, 1.7562564349006162e-06, 1.7438782020730344e-06, 1.7315607144369274e-06, 1.7193963007579074e-06, 1.7072786331945641e-06, 1.6952579707766103e-06, 1.6833676087468576e-06, 1.6716559061273746e-06, 1.660074794339728e-06, 1.6485491558591346e-06, 1.63706682121974e-06, 1.6256887212406158e-06, 1.6143251966301462e-06, 1.603040193281335e-06]
ndim2: 500
W_list: [2.0]
L_list: [140.13303636228343]
