R_list= [ 1  2  3  4  5  6  7  8  9 10 11 12 13 14 15 16 17 18 19 20 21 22 23 24
 25 26 27 28 29 30 31 32 33 34 35 36 37 38]
C_final_list= [3.4223519375796454e-05, 2.1899331374991058e-05, 1.3966446889430006e-05, 8.881678605156778e-06, 5.650213010550548e-06, 3.579037156936841e-06, 2.2694046571767403e-06, 1.4338938163120558e-06, 9.033980862394946e-07, 5.702861229852211e-07, 3.6065637065079147e-07, 2.287254756016717e-07, 1.4515989536820742e-07, 9.169229115413867e-08, 5.780458320340073e-08, 3.660027739090665e-08, 2.3263494090651074e-08, 1.4857635579790627e-08, 9.424159449620634e-09, 5.931970470781692e-09, 3.7732497738671066e-09, 2.4141692223406415e-09, 1.540645670479691e-09, 9.762417817105857e-10, 6.142168528556477e-10, 3.858265531172187e-10, 2.4140440763777515e-10, 1.5114025317962774e-10, 9.498726409624479e-11, 6.079566308693276e-11, 3.884914881975961e-11, 2.491272192446937e-11, 1.5384436166424598e-11, 9.436484102848563e-12, 5.871433891595918e-12, 3.630124764472856e-12, 2.244119448404177e-12, 1.3675567059399193e-12]
W_list: [8.4]
L_list: [2.222133496964698]
