R_list= [ 1  2  3  4  5  6  7  8  9 10 11 12 13 14 15 16 17 18 19 20 21 22 23 24
 25 26 27 28 29 30 31 32 33 34 35 36 37 38]
C_final_list= [9.30285133515295e-07, 8.523286617025676e-07, 7.758724961575778e-07, 7.045455351564889e-07, 6.387725098315673e-07, 5.787798854413924e-07, 5.236373171322533e-07, 4.736517772218915e-07, 4.2856422804469613e-07, 3.8750614046529545e-07, 3.4985487503067723e-07, 3.1623558762806303e-07, 2.8574192240270996e-07, 2.5819310020715655e-07, 2.332718893083841e-07, 2.1078194403103767e-07, 1.9039169067144317e-07, 1.7189547782102396e-07, 1.5508047958382521e-07, 1.399681037782337e-07, 1.2628954426893054e-07, 1.1396315435000853e-07, 1.0284523796846753e-07, 9.26804457469641e-08, 8.348287728777785e-08, 7.516411721422468e-08, 6.763031314240551e-08, 6.07901922555817e-08, 5.464285295237424e-08, 4.9068273011108676e-08, 4.405257661592509e-08, 3.958746530731891e-08, 3.559713290950036e-08, 3.1976472794781264e-08, 2.8718484933237752e-08, 2.5780282182487932e-08, 2.3139134942269384e-08, 2.076675741116197e-08]
W_list: [7.4]
L_list: [10.0231738333639]
