R_list= [ 1  2  3  4  5  6  7  8  9 10 11 12 13 14 15 16 17 18 19 20 21 22 23 24
 25 26 27 28 29 30 31 32 33 34 35 36 37 38]
C_final_list= [6.660201288549341e-07, 5.928547915167558e-07, 5.229255076545046e-07, 4.598646703661608e-07, 4.040210926476549e-07, 3.547169740076799e-07, 3.1141582116028293e-07, 2.7331130918198814e-07, 2.3942239123203917e-07, 2.0934724447018774e-07, 1.8288940842222384e-07, 1.5968768394989328e-07, 1.3936102734186003e-07, 1.2153248247898597e-07, 1.0595091548809878e-07, 9.222166803688597e-08, 8.027574192368687e-08, 6.990293431515728e-08, 6.090235366363293e-08, 5.3106870756115844e-08, 4.628473677441367e-08, 4.034030809404291e-08, 3.518059766575086e-08, 3.0621723746899176e-08, 2.6673632846402758e-08, 2.323980047473533e-08, 2.025036605103945e-08, 1.7651155733831127e-08, 1.5386019300863203e-08, 1.3405626302423554e-08, 1.1687518882371615e-08, 1.0189919551549894e-08, 8.869081772761933e-09, 7.716529827824092e-09, 6.711095105601505e-09, 5.828169286169566e-09, 5.061863012477159e-09, 4.3996858674357394e-09]
W_list: [8.0]
L_list: [7.627394941901463]
