R_list= [ 1  2  3  4  5  6  7  8  9 10 11 12 13 14 15 16 17 18 19 20 21 22 23 24
 25 26 27 28 29 30 31 32 33 34 35 36 37 38]
C_final_list= [1.3117514340688307e-07, 7.549791770374749e-08, 3.7162011133350864e-08, 1.6892362399287073e-08, 7.368703761060639e-09, 3.1442574284372866e-09, 1.3220559053668349e-09, 5.489162694611361e-10, 2.2635417425940194e-10, 9.270891125527085e-11, 3.767244551560959e-11, 1.5319457783688175e-11, 6.2705167859377826e-12, 2.5771245675007616e-12, 1.0491721447122365e-12, 4.1529610288701895e-13, 1.6149986137564704e-13, 6.219934272446447e-14, 2.3743017684139826e-14, 9.032637413160576e-15, 3.452512010625704e-15, 1.3014892971114035e-15, 4.947974422499462e-16, 1.9093828458595143e-16, 7.541031336819082e-17, 3.0130905224223605e-17, 1.201493142536025e-17, 4.727779678349772e-18, 1.835574208646627e-18, 6.895492463121392e-19, 2.5259349443811804e-19, 9.448823559405291e-20, 3.7658330685400344e-20, 1.803053159085648e-20, 7.810733185298905e-21, 2.6058312132315023e-21, 8.397160312634969e-22, 2.728598371033613e-22]
W_list: [5]
L_list: [1.5622159213659161]
