R_list= [ 1  2  3  4  5  6  7  8  9 10 11 12 13 14 15 16 17 18 19 20 21 22 23 24
 25 26 27 28 29 30 31 32 33 34 35 36 37 38]
C_final_list= [1.1072614465782356e-06, 7.661442790500267e-07, 5.31286924718058e-07, 3.696709245584494e-07, 2.579979293806852e-07, 1.817292920162335e-07, 1.270019041860905e-07, 8.833439287693512e-08, 6.125947268243269e-08, 4.2426403481358936e-08, 2.934579408604442e-08, 2.030854300201807e-08, 1.3827664156276674e-08, 9.405921497994626e-09, 6.449920803821063e-09, 4.493865673559017e-09, 3.0680346037357177e-09, 2.1165998896219615e-09, 1.4419543182897038e-09, 9.831654930435288e-10, 6.785516587650676e-10, 4.744514689747091e-10, 3.3043022008357674e-10, 2.2525404319519804e-10, 1.5528422847016896e-10, 1.0672986518105333e-10, 7.394082639398606e-11, 5.1803742928375e-11, 3.4958151887565987e-11, 2.4189744684263003e-11, 1.6767331429438904e-11, 1.1315148666827893e-11, 7.867320647284824e-12, 5.2367815811078616e-12, 3.567817299739309e-12, 2.4504151689373885e-12, 1.6716473969193827e-12, 1.082386621101953e-12]
W_list: [6.4]
L_list: [2.749037662880605]
