C_final_list: [2.0045008439771404e-06, 1.8797352968226309e-06, 1.7851103561996858e-06, 1.6837518766741643e-06, 1.5897277367135831e-06, 1.5002905943297758e-06, 1.4173822183605108e-06, 1.336942686547912e-06, 1.2627564907600864e-06, 1.1917319434994321e-06, 1.1254994709092867e-06, 1.062929146022033e-06, 1.0026248236532296e-06, 9.458086767483017e-07, 8.92117657608537e-07, 8.415638465701993e-07, 7.940073678994047e-07, 7.50123801271772e-07, 7.079920697405148e-07, 6.675330908095294e-07, 6.298297029220063e-07, 5.942169891761584e-07, 5.601080104733151e-07, 5.2837411541317e-07, 4.980517643779993e-07, 4.700360696402802e-07, 4.4346651735749725e-07, 4.178925363973416e-07, 3.9408026701181675e-07, 3.714043359682122e-07, 3.4959035328483183e-07, 3.290212932751946e-07, 3.097137122548817e-07, 2.9127010527649553e-07, 2.743527458156235e-07]
ndim2: 500
W_list: [1.4]
L_list: [17.263323173279936]
