C_final_list: [1.5677115055541823e-06, 1.5402461989171427e-06, 1.5127591760718736e-06, 1.4861058434546402e-06, 1.4599540792904827e-06, 1.4343756336904534e-06, 1.4091043535846806e-06, 1.384295562757222e-06, 1.3602589130496434e-06, 1.336395306006486e-06, 1.3131707633675487e-06, 1.290465251447461e-06, 1.2678809523462672e-06, 1.2457106105017604e-06, 1.2235322688053794e-06, 1.20179312173535e-06, 1.1804031628288956e-06, 1.1596125648931381e-06, 1.1392234019295978e-06, 1.1191903648937574e-06, 1.0995532593174501e-06, 1.08027899880608e-06, 1.0613876919721876e-06, 1.042936114565263e-06, 1.0247718959513691e-06, 1.0066549782089935e-06, 9.888696764211946e-07, 9.713611744977285e-07, 9.540670046139698e-07, 9.370161742320002e-07, 9.202769577391799e-07, 9.038532940974913e-07, 8.876142392146776e-07, 8.716462578329412e-07, 8.558679731153141e-07]
ndim2: 500
W_list: [3.0]
L_list: [56.342709302959946]
