R_list= [ 1  2  3  4  5  6  7  8  9 10 11 12 13 14 15 16 17 18 19 20 21 22 23 24
 25 26 27 28 29 30 31 32]
C_final_list= [5.778141473067906e-07, 4.921284905989548e-07, 4.223302645364033e-07, 3.627524021978884e-07, 3.1147495607856755e-07, 2.677213459968789e-07, 2.298731314703741e-07, 1.9727295210687412e-07, 1.689380981031252e-07, 1.4430197926347023e-07, 1.2324696132341752e-07, 1.0539960792496596e-07, 9.010680176092022e-08, 7.702558865788676e-08, 6.585799700871034e-08, 5.632139534949329e-08, 4.8052353931333374e-08, 4.0955519782606955e-08, 3.485246507153921e-08, 2.96776313677549e-08, 2.519644463537548e-08, 2.137324748612413e-08, 1.811508209300183e-08, 1.529338407867541e-08, 1.2887689419886123e-08, 1.0871623807390669e-08, 9.187136044396845e-09, 7.77495967881786e-09, 6.579301347615072e-09, 5.571433937485327e-09, 4.718517715203507e-09, 3.992968336161033e-09]
W_list: [6]
L_list: [6.470956348311187]
