R_list= [ 1  2  3  4  5  6  7  8  9 10 11 12 13 14 15 16 17 18 19 20 21 22 23 24
 25 26 27 28 29 30 31 32 33 34 35 36 37 38]
C_final_list= [3.650400049580554e-05, 2.401810281246774e-05, 1.5759740838811216e-05, 1.031097273826789e-05, 6.722387083950983e-06, 4.373160805938391e-06, 2.850511193601555e-06, 1.8544769840146259e-06, 1.2029139491035915e-06, 7.807999312599225e-07, 5.060016879805029e-07, 3.2772213085577514e-07, 2.1346203014104423e-07, 1.3903522026718225e-07, 9.03522546651955e-08, 5.878540133055827e-08, 3.8230746439657333e-08, 2.470799525828274e-08, 1.5919568483949403e-08, 1.0199610381915703e-08, 6.558257490326299e-09, 4.2205084690221455e-09, 2.7298563691853624e-09, 1.7632697494977806e-09, 1.1391638189470686e-09, 7.392066727946733e-10, 4.809031152289605e-10, 3.1311999288400833e-10, 2.0792859881988827e-10, 1.3870899323632616e-10, 9.153125267726563e-11, 6.259930181731124e-11, 4.1842596553844996e-11, 2.7404051198818634e-11, 1.809899945744391e-11, 1.2307250598975364e-11, 7.92873171176273e-12, 5.0292353979318124e-12]
W_list: [8.1]
L_list: [2.3664632607486658]
