C_final_list: [1.9207138157635573e-06, 1.6815083016771415e-06, 1.4615726230012572e-06, 1.2712290567695914e-06, 1.1055279197602413e-06, 9.648571157260858e-07, 8.379457191211623e-07, 7.317055491630864e-07, 6.373847288900047e-07, 5.537905306235273e-07, 4.798699201088198e-07, 4.1692968602065383e-07, 3.629060282313521e-07, 3.158502170132162e-07, 2.7477863258790216e-07, 2.391513119277391e-07, 2.08021112392893e-07, 1.8025862738539e-07, 1.5635945296283614e-07, 1.3560893998575632e-07, 1.173865269871877e-07, 1.01780152278598e-07, 8.828389293448618e-08, 7.673765334232318e-08, 6.659817487891816e-08, 5.789227490712836e-08, 5.02081881757524e-08, 4.3454181262064405e-08, 3.764237561439518e-08, 3.259423283333135e-08, 2.827172782004349e-08, 2.4501044394719467e-08, 2.1259680878572196e-08, 1.836616057241574e-08, 1.5938397340760128e-08]
ndim2: 500
W_list: [2.6]
L_list: [7.194781100602666]
