R_list= [ 1  2  3  4  5  6  7  8  9 10 11 12 13 14 15 16 17 18 19 20 21 22 23 24
 25 26 27 28 29 30 31 32 33 34 35 36 37 38]
C_final_list= [8.072333257981587e-07, 5.852161816798213e-07, 4.339583904110951e-07, 3.2487560023686785e-07, 2.422474773233101e-07, 1.797360446325834e-07, 1.3352686754785638e-07, 9.913052569137423e-08, 7.330574154982671e-08, 5.405819192888114e-08, 3.996027307962581e-08, 2.96151098662313e-08, 2.2020765128155645e-08, 1.6217733022096692e-08, 1.1829988485664237e-08, 8.629595628309653e-09, 6.3711460818753626e-09, 4.72144645830154e-09, 3.4856577462003155e-09, 2.582714906367436e-09, 1.9181888552218394e-09, 1.418900511309077e-09, 1.0514248874867866e-09, 7.751344760661892e-10, 5.679125986455929e-10, 4.186267840045911e-10, 3.0591351500849667e-10, 2.2517979252328296e-10, 1.6488206405215018e-10, 1.1985011195015042e-10, 8.812854234300964e-11, 6.499565506454589e-11, 4.819804669291382e-11, 3.62110219592982e-11, 2.7200372615558963e-11, 2.052511851030521e-11, 1.5662286577007868e-11, 1.2023486550845137e-11]
W_list: [6]
L_list: [3.320475527290587]
