C_final_list: [1.7542809290962245e-06, 1.7312675292773407e-06, 1.7085430054003385e-06, 1.686896216630999e-06, 1.6657373171734837e-06, 1.6449286550625483e-06, 1.6245716462584814e-06, 1.604407840083983e-06, 1.5845509102722043e-06, 1.5649141282127675e-06, 1.5455537764045776e-06, 1.5262311967457039e-06, 1.507288016003231e-06, 1.4886081127537274e-06, 1.4700830416424594e-06, 1.4518647405046085e-06, 1.433900841289403e-06, 1.416175335573446e-06, 1.3986308185311708e-06, 1.3810813082697484e-06, 1.3638342814608356e-06, 1.3468445635762913e-06, 1.3301635376288374e-06, 1.3137315125854334e-06, 1.297567760315394e-06, 1.2816088690521773e-06, 1.2658690882312204e-06, 1.2502578950180274e-06, 1.2349240385322081e-06, 1.2197054991539992e-06, 1.2047359325362313e-06, 1.1900389589712134e-06, 1.175598987240577e-06, 1.161278133511832e-06, 1.1470988095777144e-06, 1.1332255626235806e-06, 1.1193399940936813e-06, 1.1057021165601203e-06, 1.092093940367492e-06, 1.0786529265890452e-06, 1.0652092507190946e-06, 1.0518928112548361e-06, 1.038735042533437e-06, 1.0257623697969298e-06, 1.0127849741706528e-06, 9.998175307914113e-07, 9.869930967821004e-07, 9.743203328412746e-07, 9.617783727302332e-07, 9.493701685901619e-07]
ndim2: 500
W_list: [2.8499999999999996]
L_list: [80.27697094750971]
