R_list= [ 1  2  3  4  5  6  7  8  9 10 11 12 13 14 15 16 17 18 19 20 21 22 23 24
 25 26 27 28 29 30 31 32 33 34 35 36 37 38]
C_final_list= [1.7063121444192755e-06, 1.5282956113800657e-06, 1.3804558749564232e-06, 1.2627202930564294e-06, 1.1589211017821073e-06, 1.0621362153169635e-06, 9.734221401638866e-07, 8.919948841903271e-07, 8.164771466592638e-07, 7.463799185121798e-07, 6.824050718900032e-07, 6.243472030322527e-07, 5.717277170128685e-07, 5.239411210153478e-07, 4.8059803630048e-07, 4.410886266361726e-07, 4.048527590317574e-07, 3.7105537143999087e-07, 3.3956358883184204e-07, 3.1059923936443744e-07, 2.8421710704199984e-07, 2.602534482201542e-07, 2.3812924875992344e-07, 2.1749628548316075e-07, 1.9856366034762027e-07, 1.8125769477416773e-07, 1.6545119913292805e-07, 1.5102274840055362e-07, 1.3777667552933512e-07, 1.2562241719976233e-07, 1.144961984437715e-07, 1.0430310352249088e-07, 9.499513919029805e-08, 8.655838008772276e-08, 7.89290362221944e-08, 7.194907214896735e-08, 6.551117360380008e-08, 5.961423070532586e-08]
W_list: [4]
L_list: [11.19168384097471]
