R_list= [ 1  2  3  4  5  6  7  8  9 10 11 12 13 14 15 16 17 18 19 20 21 22 23 24
 25 26 27 28 29 30 31 32 33 34 35 36 37 38]
C_final_list= [7.583302342458636e-07, 6.470389980999847e-07, 5.585263432231413e-07, 4.809042743837189e-07, 4.1353227409788145e-07, 3.554978812250335e-07, 3.058211754001644e-07, 2.633278673974918e-07, 2.2702439337518398e-07, 1.9559726833054513e-07, 1.6815740894360207e-07, 1.4459036017051894e-07, 1.2430261952800804e-07, 1.0665592689727457e-07, 9.138548570709532e-08, 7.837151985954079e-08, 6.725774032844354e-08, 5.753952666202661e-08, 4.908230019362228e-08, 4.1821365810533565e-08, 3.574939594668235e-08, 3.064715679142391e-08, 2.6242935982308875e-08, 2.2442210359150977e-08, 1.9217032560994523e-08, 1.6466678625670615e-08, 1.4096294158488305e-08, 1.2076236047294658e-08, 1.0328265401360714e-08, 8.854268618557004e-09, 7.596929385238898e-09, 6.51679486337881e-09, 5.569683449597317e-09, 4.758160732267486e-09, 4.060603798058133e-09, 3.454574982070874e-09, 2.941610678061317e-09, 2.5079196841390347e-09]
W_list: [6]
L_list: [6.623405798013365]
