C_final_list: [1.4063568057414186e-06, 1.2416444286198383e-06, 1.0936124941507842e-06, 9.621152162060236e-07, 8.474036396534428e-07, 7.43796318584448e-07, 6.507156941228624e-07, 5.700567608843412e-07, 5.007900888739267e-07, 4.400284694139019e-07, 3.8639088111186825e-07, 3.388153471996271e-07, 2.9837938051282734e-07, 2.6237394672147297e-07, 2.3108744224747986e-07, 2.0321739762900703e-07, 1.7838606028017735e-07, 1.5632721897180616e-07, 1.369894517370735e-07, 1.200287310485013e-07, 1.0503111765801597e-07, 9.180299710374912e-08, 8.037916024787943e-08, 7.017288683712958e-08, 6.1296304419059e-08, 5.340026810245808e-08, 4.6572380744748495e-08, 4.070150024202307e-08, 3.548844034270702e-08, 3.098055885783883e-08, 2.709816221513398e-08, 2.3644487128650705e-08, 2.052390287152106e-08, 1.7819073854163895e-08, 1.5457123344783967e-08]
ndim2: 500
W_list: [3.6]
L_list: [7.721640872427369]
