C_final_list: [1.5773980881628611e-06, 1.5523771448204624e-06, 1.5303251886993285e-06, 1.5061045542809626e-06, 1.4825463048346536e-06, 1.459706185633529e-06, 1.4372332728582764e-06, 1.4150900631690816e-06, 1.3933371566161178e-06, 1.37177805229706e-06, 1.3508302554890042e-06, 1.3298473181166558e-06, 1.3094404168997607e-06, 1.2893338511589334e-06, 1.269577902013226e-06, 1.2502843123568973e-06, 1.2313717888152278e-06, 1.2127435008342932e-06, 1.1942989914734495e-06, 1.1761796421104915e-06, 1.1585057858231158e-06, 1.1411104365508835e-06, 1.1240513923410837e-06, 1.1072298123017624e-06, 1.0908429003630514e-06, 1.0744887473292118e-06, 1.0585378432998197e-06, 1.0427212905071143e-06, 1.0268265110805164e-06, 1.0112870446936795e-06, 9.95744315287343e-07, 9.80382874643982e-07, 9.653503162348455e-07, 9.504176105149211e-07, 9.356331048881552e-07]
ndim2: 500
W_list: [1.6]
L_list: [65.20093629516236]
