R_list= [ 1  2  3  4  5  6  7  8  9 10 11 12 13 14 15 16 17 18 19 20 21 22 23 24
 25 26 27 28 29 30 31 32 33 34 35 36 37 38]
C_final_list= [2.0024702517207557e-06, 1.9573440843285134e-06, 1.919865922065066e-06, 1.881234784906824e-06, 1.8452380071598614e-06, 1.8100047478317203e-06, 1.7752815828135676e-06, 1.7412916358884878e-06, 1.7079825498700573e-06, 1.6748982830718943e-06, 1.642492552070485e-06, 1.6110270798073638e-06, 1.5797561723723232e-06, 1.5490803678924582e-06, 1.5186816413440376e-06, 1.4885827188007848e-06, 1.4589489753680945e-06, 1.4300773664251908e-06, 1.4017304773980707e-06, 1.373649734917451e-06, 1.3459965414308386e-06, 1.3190067115789952e-06, 1.292545691238831e-06, 1.2667737404834275e-06, 1.2413212828812709e-06, 1.2163824953630045e-06, 1.1918455741005107e-06, 1.1679099452987223e-06, 1.1444488473351375e-06, 1.1215300953626993e-06, 1.09895550495681e-06, 1.07678157977497e-06, 1.0551839449406437e-06, 1.0339261448676082e-06, 1.0127845457699123e-06, 9.922526980709195e-07, 9.720877707009393e-07, 9.523452378443689e-07]
W_list: [4]
L_list: [50.119462138672176]
