C_final_list: [6.343495542074152e-07, 5.944664541021642e-07, 5.548098695170727e-07, 5.158997006554556e-07, 4.789063128905121e-07, 4.4418852297710396e-07, 4.1139216669004106e-07, 3.8121901060216343e-07, 3.5317523650697327e-07, 3.270354517201422e-07, 3.0286283689349045e-07, 2.80503433099492e-07, 2.597438656658393e-07, 2.403869312951347e-07, 2.2234429792864538e-07, 2.056843781762129e-07, 1.9020791288470913e-07, 1.7605268383669166e-07, 1.6288687778740765e-07, 1.5061983053511317e-07, 1.3916792987697178e-07, 1.2862416840478913e-07, 1.1885242948780414e-07, 1.0988395925882978e-07, 1.0155079236000698e-07, 9.389814144466802e-08, 8.6799574915614e-08, 8.022426621649127e-08, 7.417249593193669e-08, 6.846686150408146e-08, 6.323955710898156e-08, 5.841809893843655e-08, 5.3899946977553745e-08, 4.97175649661662e-08, 4.586229867547754e-08]
ndim2: 500
W_list: [4.0]
L_list: [13.115103699656922]
