C_final_list: [2.253793560049374e-06, 2.170790850938348e-06, 2.0885510141322957e-06, 2.0099646307240934e-06, 1.9340641441414797e-06, 1.8614602948010669e-06, 1.7921687396278238e-06, 1.7246209550993153e-06, 1.6594766720651566e-06, 1.5972835541675185e-06, 1.5365931547589985e-06, 1.4782311068768672e-06, 1.4220914985855475e-06, 1.3674882314251612e-06, 1.3148620716332616e-06, 1.2645255765229134e-06, 1.215766212821337e-06, 1.1687884215788676e-06, 1.1239202803594332e-06, 1.0800295631459557e-06, 1.0378493315528723e-06, 9.9746045900707e-07, 9.585762948114953e-07, 9.206789519345847e-07, 8.843917156150589e-07, 8.490774724080155e-07, 8.152742065407906e-07, 7.830585120152251e-07, 7.517172149845676e-07, 7.218555996285781e-07, 6.935426491162858e-07, 6.660782283897023e-07, 6.397434097071506e-07, 6.144439536079089e-07, 5.902497487391111e-07, 5.669256148686993e-07, 5.442686626881466e-07, 5.225308048640213e-07, 5.013081131349087e-07, 4.809294181216288e-07, 4.612202706498775e-07, 4.4208786274215696e-07, 4.239063760112956e-07, 4.068617081612754e-07, 3.9039291843216705e-07, 3.7438661861730207e-07, 3.589173761667134e-07, 3.442766424449728e-07, 3.300722510825775e-07, 3.163420983163881e-07]
ndim2: 500
W_list: [2.2]
L_list: [25.32984006897546]
