C_final_list: [1.3573208320384863e-06, 1.0288972985775553e-06, 7.775942659552242e-07, 5.891402258438247e-07, 4.4174917715201867e-07, 3.3193860310892977e-07, 2.505765369753742e-07, 1.8853662979657916e-07, 1.4149330798880846e-07, 1.0659606201861773e-07, 8.012065312139494e-08, 5.994850929198479e-08, 4.4645335844942554e-08, 3.3211069415989075e-08, 2.4843543199378275e-08, 1.8662532615404958e-08, 1.389309222296585e-08, 1.0358812330548447e-08, 7.736650008482255e-09, 5.7569371297124216e-09, 4.308116125466218e-09, 3.2129366041824092e-09, 2.406711115433764e-09, 1.80120022551952e-09, 1.3405069670881517e-09, 9.916539625976987e-10, 7.371843699675837e-10, 5.434467892664498e-10, 3.9745300677489933e-10, 2.8913829135543933e-10, 2.1262736623148097e-10, 1.5837296841130716e-10, 1.1830870327666938e-10, 8.713888927907666e-11, 6.47742338654763e-11]
ndim2: 500
W_list: [4.2]
L_list: [3.55258783580517]
