R_list= [ 1  2  3  4  5  6  7  8  9 10 11 12 13 14 15 16 17 18 19 20 21 22 23 24
 25 26 27 28 29 30 31 32 33 34 35 36 37 38]
C_final_list= [3.913732066120468e-07, 3.5722614220323276e-07, 3.232559771630865e-07, 2.915639651774792e-07, 2.624509618157684e-07, 2.3586477592206244e-07, 2.1172244543201475e-07, 1.900470053279675e-07, 1.7053434197135057e-07, 1.5315183543602115e-07, 1.3752373835390456e-07, 1.234623657556346e-07, 1.1080349816588534e-07, 9.933077264695955e-08, 8.897418967746551e-08, 7.96014924156352e-08, 7.114547614673686e-08, 6.355673254797082e-08, 5.673916189478351e-08, 5.060120939304916e-08, 4.509405825603674e-08, 4.018145936293336e-08, 3.5790452404506834e-08, 3.1850139704157996e-08, 2.833279375044747e-08, 2.521472605546665e-08, 2.2433711560795085e-08, 1.997337057063233e-08, 1.7787943445851758e-08, 1.584704038794986e-08, 1.4107670037476417e-08, 1.2555960473428514e-08, 1.1165493796004999e-08, 9.928491641258205e-09, 8.823862162078789e-09, 7.833836224285093e-09, 6.95293475593321e-09, 6.17103119350061e-09]
W_list: [7]
L_list: [9.32119121657985]
