R_list= [ 1  2  3  4  5  6  7  8  9 10 11 12 13 14 15 16 17 18 19 20 21 22 23 24
 25 26 27 28 29 30 31 32 33 34 35 36 37 38]
C_final_list= [1.8733850691543217e-07, 8.126907593930719e-08, 2.8735341058730977e-08, 9.130453096611319e-09, 2.724181541816993e-09, 7.822444388094724e-10, 2.2162175084569855e-10, 6.271404781283915e-11, 1.7802426030696767e-11, 5.128116245218842e-12, 1.5132808689930621e-12, 4.645841958146271e-13, 1.2574758784199366e-13, 2.9697050218749895e-14, 7.026494646405343e-15, 1.7010216569820454e-15, 4.1865208736600333e-16, 1.0208025014934148e-16, 2.5099103451892784e-17, 6.450363496752793e-18, 1.6011239303731622e-18, 3.8356912681628037e-19, 8.686094556776446e-20, 1.971597742922704e-20, 4.534461236519618e-21, 1.055833190922154e-21, 2.456388649470863e-22, 5.85099701106292e-23, 1.4725651125017884e-23, 4.255951970815032e-24, 1.5249685990651414e-24, 7.483130345242014e-25, 5.078446934224133e-25, 4.129641146772108e-25, 3.6269956322704263e-25, 3.191535153483005e-25, 3.00015927906337e-25, 2.9766097312889182e-25]
W_list: [6]
L_list: [1.1113030181991461]
