C_list:
1.74614972503988e-06 0.044172400665745445
ndim2: 500
W_list: [1.5999999999999999]
L_list: [22.638570350003054]
