C_final_list: [1.5965333635811778e-06, 1.5676716047352987e-06, 1.5390904017549812e-06, 1.5109826311481096e-06, 1.4837159660188191e-06, 1.4567692186105836e-06, 1.4308409603363126e-06, 1.4051474226124154e-06, 1.3799380467690058e-06, 1.35534515954277e-06, 1.3310942687906727e-06, 1.3074643411229004e-06, 1.2842089591158666e-06, 1.2613513727409566e-06, 1.238803750309831e-06, 1.2166653083865747e-06, 1.1951155498166448e-06, 1.1738660225234247e-06, 1.1530670649322228e-06, 1.132440743721081e-06, 1.1119135555078827e-06, 1.0916573886762083e-06, 1.0719000056931959e-06, 1.052423767186402e-06, 1.0333002560559698e-06, 1.0147624364693525e-06, 9.964566566902228e-07, 9.785737522695455e-07, 9.609534302318563e-07, 9.43449241633836e-07, 9.263778263680231e-07, 9.0952809594524e-07, 8.931468512508691e-07, 8.769140118202297e-07, 8.610909188587601e-07, 8.456139533254647e-07, 8.30458227258429e-07, 8.153821761119572e-07, 8.004007950258366e-07, 7.855709918428513e-07, 7.711201859948217e-07, 7.570212833364319e-07, 7.430071992182028e-07, 7.291939160511334e-07, 7.156097393230613e-07, 7.023481738396338e-07, 6.892606443593626e-07, 6.764404902193067e-07, 6.63699257370483e-07, 6.511743223380918e-07]
ndim2: 500
W_list: [3.15]
L_list: [54.96652259834852]
