R_list= [ 1  2  3  4  5  6  7  8  9 10 11 12 13 14 15 16 17 18 19 20 21 22 23 24
 25 26 27 28 29 30 31 32 33 34 35 36 37 38]
C_final_list= [9.524633927677868e-07, 7.970690417762857e-07, 6.766445932285833e-07, 5.727518244521646e-07, 4.848534659103706e-07, 4.1045597703097843e-07, 3.47471215766585e-07, 2.9338690389085726e-07, 2.482804314050804e-07, 2.099559420636838e-07, 1.7759065908758845e-07, 1.5040741753672559e-07, 1.2713187014928308e-07, 1.0768861415646982e-07, 9.106506499244277e-08, 7.680656739456555e-08, 6.476146783696368e-08, 5.468052373228118e-08, 4.6130419239952914e-08, 3.879028622463943e-08, 3.2684125854696677e-08, 2.7408862933176122e-08, 2.2914994522532155e-08, 1.9143976202110702e-08, 1.5981475260723145e-08, 1.3332690156518095e-08, 1.1116502795571258e-08, 9.259655634953449e-09, 7.71817097487158e-09, 6.4420037872610375e-09, 5.3961391927264045e-09, 4.52507602205252e-09, 3.799512018449276e-09, 3.181691967260694e-09, 2.65293811734323e-09, 2.2073977558908054e-09, 1.836041414579872e-09, 1.5293788999361065e-09]
W_list: [6]
L_list: [5.959894171988049]
