C_final_list: [1.8762052829897438e-06, 1.8265788119043827e-06, 1.777321521081553e-06, 1.7302878598186612e-06, 1.6849429819727736e-06, 1.6407484716878437e-06, 1.597748873741963e-06, 1.5548014461728073e-06, 1.5129344054895922e-06, 1.4721887707890008e-06, 1.4327066832684472e-06, 1.393971426524434e-06, 1.356843754395386e-06, 1.3202645751445341e-06, 1.2846525617965165e-06, 1.2504090469996409e-06, 1.2173326914469751e-06, 1.1847080338591759e-06, 1.153518171808176e-06, 1.1229830184170544e-06, 1.092777838938914e-06, 1.0639335958627205e-06, 1.0355273215231828e-06, 1.0080465735497026e-06, 9.81214270551348e-07, 9.550856112796161e-07, 9.295916625951599e-07, 9.048346309229969e-07, 8.804716586365476e-07, 8.569410042596953e-07, 8.340286465609183e-07, 8.114344208913755e-07, 7.896080649880152e-07, 7.68245329093854e-07, 7.475873549702172e-07, 7.273956369915842e-07, 7.077457467882921e-07, 6.883903945424877e-07, 6.696784523831271e-07, 6.515086891339155e-07, 6.337266046897325e-07, 6.16669388432586e-07, 6.000532918483878e-07, 5.839314730143426e-07, 5.681479557674743e-07, 5.527138167520233e-07, 5.375904384885482e-07, 5.228867326915486e-07, 5.082865671254372e-07, 4.94262456242119e-07]
ndim2: 500
W_list: [2.8499999999999996]
L_list: [36.87316355353587]
