R_list= [ 1  2  3  4  5  6  7  8  9 10 11 12 13 14 15 16 17 18 19 20 21 22 23 24
 25 26 27 28 29 30 31 32 33 34 35 36 37 38]
C_final_list= [2.822173798952369e-05, 2.0921691573157704e-05, 1.538082108366023e-05, 1.1279785798803136e-05, 8.25855407827735e-06, 6.039086526588361e-06, 4.411117530382998e-06, 3.2244368456030635e-06, 2.3510369553420835e-06, 1.712346546908895e-06, 1.2497717233456457e-06, 9.119598990265236e-07, 6.659841906437012e-07, 4.858293156136255e-07, 3.5445261081135925e-07, 2.5822008333429773e-07, 1.8823380221769947e-07, 1.3712230143028991e-07, 9.989832137504853e-08, 7.253964384874761e-08, 5.2789179672320594e-08, 3.831461271617818e-08, 2.7808889920970687e-08, 2.020830857203267e-08, 1.4737549602999985e-08, 1.0736995823493594e-08, 7.782101678732921e-09, 5.615595135282152e-09, 4.061413403651209e-09, 2.9598706336234197e-09, 2.158910474997667e-09, 1.5686319534904495e-09, 1.1271002848282106e-09, 8.077170237141997e-10, 5.834570470116615e-10, 4.251292194358475e-10, 3.098715532688777e-10, 2.2698327730210613e-10]
W_list: [8.45]
L_list: [3.2425207489647443]
