R_list= [ 1  2  3  4  5  6  7  8  9 10 11 12 13 14 15 16 17 18 19 20 21 22 23 24
 25 26 27 28 29 30 31 32 33 34 35 36 37 38]
C_final_list= [5.432098984693419e-07, 4.744391707798968e-07, 4.101887111456599e-07, 3.5264352037393145e-07, 3.0220592635891247e-07, 2.5917899449544495e-07, 2.222377799605104e-07, 1.904513224538502e-07, 1.631315911584712e-07, 1.3968079225787193e-07, 1.1972170106549022e-07, 1.0257802509732473e-07, 8.7858708535339e-08, 7.522303708978626e-08, 6.426694963754623e-08, 5.4809097047877934e-08, 4.680170783806571e-08, 3.9939942047192e-08, 3.412722311798539e-08, 2.91090711393405e-08, 2.479288683211001e-08, 2.1120481180533672e-08, 1.8012813804392055e-08, 1.5362308352227644e-08, 1.3107161513088517e-08, 1.1211814589176483e-08, 9.58626203451561e-09, 8.205934487003482e-09, 7.017417879855258e-09, 5.989663429701085e-09, 5.114793158576123e-09, 4.364433430557796e-09, 3.7174110353263807e-09, 3.1597545662026784e-09, 2.688038896069446e-09, 2.2861363553933e-09, 1.941651885569536e-09, 1.6505971731948537e-09]
W_list: [7]
L_list: [6.574949561433722]
