R_list= [ 1  2  3  4  5  6  7  8  9 10 11 12 13 14 15 16 17 18 19 20 21 22 23 24
 25 26 27 28 29 30 31 32 33 34 35 36 37 38]
C_final_list= [3.000768351621912e-07, 2.716394666818411e-07, 2.435102585274515e-07, 2.1720266359457418e-07, 1.9292041974797763e-07, 1.713256868234413e-07, 1.519574185256378e-07, 1.346381059712418e-07, 1.1914809934571838e-07, 1.0540257833430876e-07, 9.325781453567964e-08, 8.249485718961905e-08, 7.29637876375308e-08, 6.450121495486784e-08, 5.7009298699413594e-08, 5.034375136495918e-08, 4.4454823950559197e-08, 3.923467661471458e-08, 3.462769878500069e-08, 3.057292521727495e-08, 2.7002335047915013e-08, 2.3836756271724002e-08, 2.1013679320821176e-08, 1.8518847768289657e-08, 1.631064270531782e-08, 1.4359128370472504e-08, 1.2636425614789556e-08, 1.1123079385947825e-08, 9.803048512052492e-09, 8.634279971980944e-09, 7.604535051000553e-09, 6.699355823265691e-09, 5.897936753703062e-09, 5.177411880197157e-09, 4.540687708232743e-09, 3.9788726718366925e-09, 3.4886221131871736e-09, 3.057384286426275e-09]
W_list: [8.2]
L_list: [8.389221306762684]
