C_final_list: [9.500334311018119e-07, 9.125798275901827e-07, 8.751701070585444e-07, 8.383843430092094e-07, 8.028146275433907e-07, 7.684257893354274e-07, 7.350958092317187e-07, 7.028005550836619e-07, 6.715498872853144e-07, 6.417452583757945e-07, 6.133512970571996e-07, 5.863944522963371e-07, 5.604887214907509e-07, 5.358932448922888e-07, 5.12359600296106e-07, 4.897129855580166e-07, 4.6821644606504235e-07, 4.476469039505582e-07, 4.279957419654003e-07, 4.089505632459984e-07, 3.906183038796131e-07, 3.731165469761492e-07, 3.561561115431827e-07, 3.4007470564434084e-07, 3.2467598005683416e-07, 3.100672921283424e-07, 2.96165924191522e-07, 2.8286035552287296e-07, 2.700860845687322e-07, 2.5794383067877405e-07, 2.4612600122982634e-07, 2.3475807355967095e-07, 2.2399179355519172e-07, 2.1366863778127046e-07, 2.0376616472753506e-07]
ndim2: 500
W_list: [3.8]
L_list: [22.21668484802975]
