C_final_list: [8.777572447787867e-07, 8.392574281019479e-07, 8.008199291411648e-07, 7.631018483666129e-07, 7.272109120055947e-07, 6.92537140174859e-07, 6.593841561850778e-07, 6.276769044120825e-07, 5.973545489256928e-07, 5.685494698916018e-07, 5.412411796915863e-07, 5.152438116053115e-07, 4.904189981312523e-07, 4.6671619984128865e-07, 4.4418192698773094e-07, 4.2236503936524235e-07, 4.016533312197351e-07, 3.8185671235532486e-07, 3.6300751819302697e-07, 3.4496773186560147e-07, 3.27839404893718e-07, 3.11526128448222e-07, 2.960720702907027e-07, 2.813743688291981e-07, 2.673410212137056e-07, 2.539941873373398e-07, 2.412551615702166e-07, 2.2917603031112795e-07, 2.1778216056150733e-07, 2.069614662239591e-07, 1.9659379840535254e-07, 1.8668802956595034e-07, 1.773380740921107e-07, 1.6843373824023777e-07, 1.5987754240095155e-07, 1.5180608939410758e-07, 1.440095939848612e-07, 1.3653765253688443e-07, 1.2943089069565332e-07, 1.2263475319487305e-07, 1.1613650090871568e-07, 1.0993219908458609e-07, 1.0403082421429585e-07, 9.835209225734741e-08, 9.296050351892724e-08, 8.787488540983304e-08, 8.30631874087514e-08, 7.85162957516069e-08, 7.422970594241015e-08, 7.0135685810066e-08]
ndim2: 500
W_list: [4.0]
L_list: [19.93752813031066]
