R_list= [ 1  2  3  4  5  6  7  8  9 10 11 12 13 14 15 16 17 18 19 20 21 22 23 24
 25 26 27 28 29 30 31 32 33 34 35 36 37 38]
C_final_list= [3.9507535482394113e-07, 3.324014031565006e-07, 2.7624526869197424e-07, 2.2780169736531144e-07, 1.8722073641961973e-07, 1.5376266510791263e-07, 1.2609977470393062e-07, 1.0325984436655036e-07, 8.429700972162098e-08, 6.878815680095135e-08, 5.6195022099185866e-08, 4.5981257090338326e-08, 3.7521781036955256e-08, 3.0489739889638655e-08, 2.4791156520538668e-08, 2.016172079957424e-08, 1.6341326058966287e-08, 1.3264973640227246e-08, 1.0759866152213955e-08, 8.7360017557043e-09, 7.087638430502235e-09, 5.766512068888212e-09, 4.694389762743592e-09, 3.8208773108282265e-09, 3.1148196595728025e-09, 2.5431331883689558e-09, 2.0698534761960222e-09, 1.685043775534181e-09, 1.373631767032708e-09, 1.119791754662958e-09, 9.146660492272413e-10, 7.4399015981566e-10, 6.077775114242525e-10, 4.944221399651337e-10, 4.0111535698734355e-10, 3.2501199546230033e-10, 2.620375342273636e-10, 2.1117757613792579e-10]
W_list: [9.0]
L_list: [5.160114352010735]
