C_list:
1.471253148790672e-06 0.010494662037651687
ndim2: 500
W_list: [1.4]
L_list: [95.2865367567151]
