C_final_list: [2.285623656694221e-06, 2.082327634802577e-06, 1.8914829104804378e-06, 1.7177141569861219e-06, 1.5600819782614189e-06, 1.4184392404368186e-06, 1.289460949793803e-06, 1.1699072292671327e-06, 1.0620976012083178e-06, 9.643136799117719e-07, 8.770726889044094e-07, 7.971369588815094e-07, 7.234478512681583e-07, 6.569357022147894e-07, 5.963372267437814e-07, 5.414389262826773e-07, 4.916905525517554e-07, 4.459113771432105e-07, 4.038338862389218e-07, 3.655865836524361e-07, 3.3172868330816187e-07, 3.001100145463894e-07, 2.717573090674533e-07, 2.4629676222908216e-07, 2.2349002217971874e-07, 2.0260963606402594e-07, 1.8354428316106703e-07, 1.6659270364161414e-07, 1.510364012792539e-07, 1.3701371009211686e-07, 1.240398647226148e-07, 1.1235739269174224e-07, 1.0181358792476286e-07, 9.212742037947518e-08, 8.327286298044184e-08, 7.522493783833394e-08, 6.787497835098855e-08, 6.131096817062902e-08, 5.537770088987563e-08, 5.006284598350329e-08, 4.524826914893975e-08, 4.082680285053797e-08, 3.682159768364689e-08, 3.3213923640074086e-08, 2.984317838723659e-08, 2.6854580076372037e-08, 2.413493244968586e-08, 2.168596048705879e-08, 1.9446924509759996e-08, 1.7478420179867136e-08]
ndim2: 500
W_list: [2.4]
L_list: [10.361955040119822]
