R_list= [ 1  2  3  4  5  6  7  8  9 10 11 12 13 14 15 16 17 18 19 20 21 22 23 24
 25 26 27 28 29 30 31 32 33 34 35 36 37 38]
C_final_list= [7.723614566739783e-07, 6.586952695214746e-07, 5.685514668944453e-07, 4.892097639254882e-07, 4.2149022510380655e-07, 3.6244050553880426e-07, 3.1204654356452734e-07, 2.6829208838909764e-07, 2.3053054804275183e-07, 1.9796562340700367e-07, 1.696013308562411e-07, 1.450248667206305e-07, 1.2392140497521275e-07, 1.0606047408699546e-07, 9.068551752428923e-08, 7.74785981924489e-08, 6.6224106904782e-08, 5.6668709380023065e-08, 4.85636728020504e-08, 4.1601091577213886e-08, 3.552875878580252e-08, 3.039774178550966e-08, 2.600173909144815e-08, 2.21655400263528e-08, 1.887948539924612e-08, 1.6080002012345842e-08, 1.3698952497461428e-08, 1.1666831296558347e-08, 9.962375949383906e-09, 8.50320141287566e-09, 7.273673617623235e-09, 6.2185892122455875e-09, 5.3227796601481834e-09, 4.5536699754409866e-09, 3.889693300480719e-09, 3.3212509834798398e-09, 2.8298214180308665e-09, 2.403698684587397e-09]
W_list: [6]
L_list: [6.579343685604358]
