C_final_list: [1.8780433472949145e-06, 1.8580979786145708e-06, 1.8385464285905443e-06, 1.8196524691693136e-06, 1.8014987023103592e-06, 1.7834473366582616e-06, 1.7657958013320733e-06, 1.7481703412199083e-06, 1.7308542741031567e-06, 1.7136014728455647e-06, 1.6966960455516704e-06, 1.6799314034237514e-06, 1.663311996669681e-06, 1.646844696011354e-06, 1.6307026699772375e-06, 1.614794311031842e-06, 1.599183250983868e-06, 1.583821522855576e-06, 1.568445417924389e-06, 1.553153700566367e-06, 1.5381643492099504e-06, 1.5232791983406254e-06, 1.5084230402566154e-06, 1.493791290954561e-06, 1.47950748502087e-06, 1.4653611555562402e-06, 1.4512229282187354e-06, 1.437178297062145e-06, 1.4232412867205007e-06, 1.4094203866347485e-06, 1.3957717949517408e-06, 1.3824522537064784e-06, 1.3690832749777084e-06, 1.3558852755259796e-06, 1.3428783790309947e-06, 1.3300452058779166e-06, 1.3174082779901846e-06, 1.304877806894634e-06, 1.2922366864974796e-06, 1.2798477648769026e-06, 1.26763088299129e-06, 1.2555887796368897e-06, 1.2434873231872757e-06, 1.2316311099483204e-06, 1.2198404900791881e-06, 1.2081572548547925e-06, 1.196674280363818e-06, 1.1852403885015948e-06, 1.1738112649112722e-06, 1.1626443928532006e-06]
ndim2: 500
W_list: [2.6]
L_list: [102.43986596572715]
