R_list= [ 1  2  3  4  5  6  7  8  9 10 11 12 13 14 15 16 17 18 19 20 21 22 23 24
 25 26 27 28 29 30 31 32 33 34 35 36 37 38]
C_final_list= [2.76380856746038e-06, 2.4686408737243685e-06, 2.1853953837849532e-06, 1.9290049254406956e-06, 1.7002064259696483e-06, 1.4969582445809333e-06, 1.316571800244077e-06, 1.1575663245997158e-06, 1.0168195842279885e-06, 8.92441978846868e-07, 7.82942804842058e-07, 6.866287938987411e-07, 6.019436362480202e-07, 5.273671907656818e-07, 4.622542654574414e-07, 4.050890735889907e-07, 3.54816621206049e-07, 3.10584995340711e-07, 2.719100864421313e-07, 2.3814126758676223e-07, 2.0866722976821043e-07, 1.830270920416053e-07, 1.602899573953123e-07, 1.4029968433700706e-07, 1.2271421735078166e-07, 1.0728987969653403e-07, 9.38117714412003e-08, 8.197007393827727e-08, 7.155577626133169e-08, 6.239736261250847e-08, 5.4377602066457276e-08, 4.7397682808173746e-08, 4.1322020257905006e-08, 3.604365054504315e-08, 3.14377613701825e-08, 2.7412362776674388e-08, 2.3891928171785836e-08, 2.083212276251804e-08]
W_list: [7.95]
L_list: [7.82809105685388]
