C_final_list: [2.044755755255605e-06, 1.93879638127738e-06, 1.8333522210909488e-06, 1.733442040977473e-06, 1.6388998532009898e-06, 1.550592063576762e-06, 1.467148489511102e-06, 1.387619485744175e-06, 1.3119001940992328e-06, 1.2395985852499868e-06, 1.1715137489267079e-06, 1.1074258789861668e-06, 1.0454186743413345e-06, 9.879625577721081e-07, 9.335667573952438e-07, 8.818870563118222e-07, 8.33793301115569e-07, 7.885172204462481e-07, 7.447657753109218e-07, 7.031710319213357e-07, 6.640270658393507e-07, 6.273059484043319e-07, 5.928332072085318e-07, 5.59802043814405e-07, 5.28661109210233e-07, 4.993104102642781e-07, 4.713008774129075e-07, 4.451550094496585e-07, 4.199259572569837e-07, 3.962644913298319e-07, 3.7375634303585904e-07, 3.5242738937136957e-07, 3.3202348267408656e-07, 3.129957541131264e-07, 2.952259643928012e-07, 2.784156843469167e-07, 2.625298878693351e-07, 2.472489897453254e-07, 2.329886877056725e-07, 2.197824967280166e-07, 2.0691813877310166e-07, 1.9487657515023535e-07, 1.8353800899754614e-07, 1.7295146891939312e-07, 1.6299471133841652e-07, 1.5336856318059444e-07, 1.4438841304967856e-07, 1.3590718214178664e-07, 1.279600759018116e-07, 1.2046479872802773e-07]
ndim2: 500
W_list: [2.8499999999999996]
L_list: [17.620908660051267]
