R_list= [ 1  2  3  4  5  6  7  8  9 10 11 12 13 14 15 16 17 18 19 20 21 22 23 24
 25 26 27 28 29 30 31 32 33 34 35 36 37 38]
C_final_list= [6.72326931631561e-07, 5.295276517783129e-07, 4.0951512174501393e-07, 3.1867612570591923e-07, 2.4932267443214e-07, 1.9530809719394429e-07, 1.532046430751634e-07, 1.2006212774219496e-07, 9.404332789681618e-08, 7.350658872403018e-08, 5.73488486653944e-08, 4.469591570888582e-08, 3.475116546658076e-08, 2.6982584821642275e-08, 2.098301382241062e-08, 1.6338663009164116e-08, 1.271293969626625e-08, 9.863965735972385e-09, 7.624846598334931e-09, 5.885075598271907e-09, 4.547876543749002e-09, 3.5145415639022502e-09, 2.715914340355175e-09, 2.1088325172456177e-09, 1.638672065959731e-09, 1.2709032840764337e-09, 9.845280054279421e-10, 7.616428567644815e-10, 5.916733431990423e-10, 4.6103055720445427e-10, 3.603067414828136e-10, 2.8188444209246026e-10, 2.205992559180388e-10, 1.727614021786268e-10, 1.3538770002311856e-10, 1.0572967649059998e-10, 8.202336327223235e-11, 6.355344562317919e-11]
W_list: [5]
L_list: [4.044008382427299]
