R_list= [ 1  2  3  4  5  6  7  8  9 10 11 12 13 14 15 16 17 18 19 20 21 22 23 24
 25 26 27 28 29 30 31 32 33 34 35 36 37 38]
C_final_list= [2.343292980078539e-06, 2.0611620092923217e-06, 1.7964116266452086e-06, 1.559412131143148e-06, 1.3499792175117012e-06, 1.1666721215915466e-06, 1.007164439737072e-06, 8.685342523803778e-07, 7.490296170034745e-07, 6.45244099020114e-07, 5.552265283927022e-07, 4.77705650041906e-07, 4.106301001185346e-07, 3.5312748641227267e-07, 3.034998563848341e-07, 2.6100809480339963e-07, 2.2456055963799417e-07, 1.93010074386961e-07, 1.659519286469276e-07, 1.4256497068023477e-07, 1.2246100460938077e-07, 1.0503871711368875e-07, 9.016117650456269e-08, 7.731742880810304e-08, 6.629767961883498e-08, 5.688431834348986e-08, 4.885307901866613e-08, 4.197186329463716e-08, 3.6019223240249204e-08, 3.0900342354223006e-08, 2.6507275732516944e-08, 2.2757452835006325e-08, 1.951662477718103e-08, 1.6752402207168052e-08, 1.4375865117620576e-08, 1.2347665129796415e-08, 1.062615959387619e-08, 9.145486959402813e-09]
W_list: [8.25]
L_list: [6.891308002786261]
