R_list= [ 1  2  3  4  5  6  7  8  9 10 11 12 13 14 15 16 17 18 19 20 21 22 23 24
 25 26 27 28 29 30 31 32 33 34 35 36 37 38]
C_final_list= [2.0319445346486015e-06, 1.9962155538806475e-06, 1.961480947958106e-06, 1.9282473410869273e-06, 1.8958232886741572e-06, 1.863726361605396e-06, 1.8320908231340945e-06, 1.8012760170254353e-06, 1.7711535302159787e-06, 1.7415467201588763e-06, 1.712656510711866e-06, 1.684220686377787e-06, 1.6564324184424352e-06, 1.6288324943103936e-06, 1.601613392165828e-06, 1.5749275947067695e-06, 1.5488643878506953e-06, 1.5232316839669e-06, 1.4980021587583705e-06, 1.4733131602425602e-06, 1.4487565792267435e-06, 1.4245385668249968e-06, 1.400739105034104e-06, 1.377489243751132e-06, 1.354626865896638e-06, 1.3322186492080517e-06, 1.310286391387853e-06, 1.2886426480190925e-06, 1.2676030812197648e-06, 1.2466962792144512e-06, 1.2262440598801401e-06, 1.2058917873360662e-06, 1.1860249004239068e-06, 1.1663592030421967e-06, 1.1470340907174826e-06, 1.1280588550716535e-06, 1.1092782837670148e-06, 1.0906520025095614e-06]
W_list: [4]
L_list: [59.59199242269529]
