R_list= [ 1  2  3  4  5  6  7  8  9 10 11 12 13 14 15 16 17 18 19 20 21 22 23 24
 25 26 27 28 29 30 31 32 33 34 35 36 37 38]
C_final_list= [4.926215935202002e-07, 4.2138213100421836e-07, 3.5830067513525834e-07, 3.0376173655530396e-07, 2.575009007438486e-07, 2.17740616247128e-07, 1.8357371934053235e-07, 1.5502861609398835e-07, 1.3065969737257675e-07, 1.096530701814326e-07, 9.223523499851732e-08, 7.766526370110089e-08, 6.540574193292964e-08, 5.518704884889989e-08, 4.652836369360399e-08, 3.9253567483609576e-08, 3.3054340995421e-08, 2.7842829651683898e-08, 2.337289232064308e-08, 1.9605286947748848e-08, 1.6450070493983948e-08, 1.3780551687992595e-08, 1.1560553585646808e-08, 9.697410210927833e-09, 8.108372254144626e-09, 6.769132524163499e-09, 5.6509135910629316e-09, 4.717056705650304e-09, 3.9310067809666836e-09, 3.2716893451721985e-09, 2.7248132983515126e-09, 2.271508458189432e-09, 1.8963108906907683e-09, 1.5854147927275985e-09, 1.3289475426898464e-09, 1.1110464664881667e-09, 9.279738499391135e-10, 7.75385753478398e-10]
W_list: [7]
L_list: [5.9795511376265935]
