C_list:
4.1502928820230063e-07 0.12580603193603376
ndim2: 500
W_list: [4.0]
L_list: [7.948744464879484]
