R_list= [ 1  2  3  4  5  6  7  8  9 10 11 12 13 14 15 16 17 18 19 20 21 22 23 24
 25 26 27 28 29 30 31 32 33 34 35 36 37 38]
C_final_list= [1.9238358005513905e-06, 1.4903449158203395e-06, 1.0845194597935004e-06, 7.753637271723348e-07, 5.558957934146939e-07, 4.0172689164728583e-07, 2.9172066559420785e-07, 2.122025491322578e-07, 1.5434656857051414e-07, 1.1219215227901957e-07, 8.149661808087822e-08, 5.921623845061695e-08, 4.297924017777847e-08, 3.107388180808969e-08, 2.2415206959987433e-08, 1.6154281374669146e-08, 1.162144001813081e-08, 8.35063024769712e-09, 5.987045123424328e-09, 4.2785494937843475e-09, 3.0474589456662815e-09, 2.1674733875671483e-09, 1.5443009604216132e-09, 1.0983041262047368e-09, 7.756754971339941e-10, 5.448327604142845e-10, 3.818395844969999e-10, 2.6775277084907605e-10, 1.8834913470706732e-10, 1.3356719012890344e-10, 9.511354019525897e-11, 6.764096101817098e-11, 4.780959132001561e-11, 3.3690877517451664e-11, 2.3703717965045555e-11, 1.6717972901881265e-11, 1.1863385199985283e-11, 8.413634976309906e-12]
W_list: [4]
L_list: [3.2207061330153413]
