R_list= [ 1  2  3  4  5  6  7  8  9 10 11 12 13 14 15 16 17 18 19 20 21 22 23 24
 25 26 27 28 29 30 31 32 33 34 35 36 37 38]
C_final_list= [2.2188114571702496e-05, 1.8191742409193366e-05, 1.4770823043703568e-05, 1.1954139965711387e-05, 9.660976378177741e-06, 7.81375239392717e-06, 6.308558273018373e-06, 5.0926190772179405e-06, 4.105029267664215e-06, 3.307164105034242e-06, 2.6659014914814317e-06, 2.148154605431106e-06, 1.7324303997892293e-06, 1.3960559654263033e-06, 1.1264255872501041e-06, 9.080492078557655e-07, 7.326956352382228e-07, 5.90021955416026e-07, 4.752248833741635e-07, 3.829793107070892e-07, 3.084158184470225e-07, 2.483370786734834e-07, 1.998739606773662e-07, 1.608366160903183e-07, 1.2931676997471218e-07, 1.0404339840150562e-07, 8.357154693602888e-08, 6.73293622701962e-08, 5.423181998777492e-08, 4.36762244767644e-08, 3.509345799744255e-08, 2.824353934507704e-08, 2.27743465315041e-08, 1.8346659252829666e-08, 1.4799356010222017e-08, 1.194800622686023e-08, 9.649809260333684e-09, 7.775911006121531e-09]
W_list: [8.15]
L_list: [4.741972700190769]
