R_list= [ 1  2  3  4  5  6  7  8  9 10 11 12 13 14 15 16 17 18 19 20 21 22 23 24
 25 26 27 28 29 30 31 32 33 34 35 36 37 38]
C_final_list= [9.185092715270837e-07, 5.663388025829947e-07, 3.462154373318826e-07, 2.126535881565049e-07, 1.3087523264588423e-07, 8.102507576948553e-08, 4.882950487434801e-08, 2.9566631516740113e-08, 1.7940739481193317e-08, 1.0730295785576768e-08, 6.492315594760281e-09, 3.9182007329602186e-09, 2.355614655074181e-09, 1.4202420593248927e-09, 8.352620576022689e-10, 5.099416303494224e-10, 3.0359871785907046e-10, 1.7738383447135785e-10, 1.0572369658805854e-10, 6.281993593365667e-11, 3.7325631614923243e-11, 2.2101502920723002e-11, 1.3135647881508931e-11, 7.829879906242826e-12, 4.646366273400449e-12, 2.6939470685294558e-12, 1.6062955320245898e-12, 9.649818095829543e-13, 5.928828918782162e-13, 3.562718272262932e-13, 2.13829169880749e-13, 1.2091270293715867e-13, 6.744588758561654e-14, 4.070802918613448e-14, 2.1533627172133944e-14, 1.3036361856049071e-14, 7.32987658787968e-15, 4.160936285946666e-15]
W_list: [8.2]
L_list: [2.0518858078394344]
