C_final_list: [1.8955269639021733e-06, 1.7721840841136011e-06, 1.6518845944050709e-06, 1.5407322371929781e-06, 1.4373583318973216e-06, 1.3422090235896157e-06, 1.2533954217417018e-06, 1.1717238478107354e-06, 1.0957899583975926e-06, 1.0250041336968313e-06, 9.585175657758558e-07, 8.963083569925576e-07, 8.377303499320347e-07, 7.825574107168103e-07, 7.312116168862853e-07, 6.822082888217426e-07, 6.363460112624111e-07, 5.933047290913612e-07, 5.527760309824612e-07, 5.150099689574006e-07, 4.797116906012832e-07, 4.4654421042824615e-07, 4.1563783631823697e-07, 3.868147620017977e-07, 3.6047644032249844e-07, 3.3566662202351376e-07, 3.1239560301731796e-07, 2.9077552085699815e-07, 2.7045539450289317e-07, 2.516594767098835e-07, 2.3412360927858058e-07, 2.1772379939849735e-07, 2.0231249109700258e-07, 1.8803027664108148e-07, 1.747804240190506e-07]
ndim2: 500
W_list: [3.0]
L_list: [14.520772056643741]
