R_list= [ 1  2  3  4  5  6  7  8  9 10 11 12 13 14 15 16 17 18 19 20 21 22 23 24
 25 26 27 28 29 30 31 32 33 34 35 36 37 38]
C_final_list= [3.4018781429355494e-05, 2.161954369708978e-05, 1.3689730142274829e-05, 8.634428823168204e-06, 5.453740067671992e-06, 3.444254194977326e-06, 2.1726568542961248e-06, 1.3731900663947985e-06, 8.665324663036845e-07, 5.477070853666159e-07, 3.457193132945066e-07, 2.1725214430085518e-07, 1.3709144648165168e-07, 8.64819407948673e-08, 5.438012397164785e-08, 3.4022438899684885e-08, 2.1233988296281874e-08, 1.3282294598436313e-08, 8.278154059337895e-09, 5.132980025985964e-09, 3.179244251863819e-09, 1.997389857175607e-09, 1.2592625013706439e-09, 7.860942107802772e-10, 4.992434526860137e-10, 3.1446794469439455e-10, 1.950690207174599e-10, 1.21353349410888e-10, 7.601044371178469e-11, 4.747423802029327e-11, 2.9385212456815835e-11, 1.8138957088080263e-11, 1.1540647163475695e-11, 7.09085560111038e-12, 4.430786309793239e-12, 2.7456952899844144e-12, 1.7750080410471056e-12, 1.0377001375446782e-12]
W_list: [8.45]
L_list: [2.1890840322047644]
