R_list= [ 1  2  3  4  5  6  7  8  9 10 11 12 13 14 15 16 17 18 19 20 21 22 23 24
 25 26 27 28 29 30 31 32 33 34 35 36 37 38]
C_final_list= [9.300436233570896e-07, 7.7905306525408e-07, 6.623005421009793e-07, 5.622196527487602e-07, 4.767160251242742e-07, 4.03495126197094e-07, 3.406480727574105e-07, 2.879206247094999e-07, 2.4332207422546057e-07, 2.0593591279031244e-07, 1.7393205379132037e-07, 1.4714394447845987e-07, 1.2429354717688863e-07, 1.0483841311394656e-07, 8.794725503689397e-08, 7.38062325395672e-08, 6.201400038403812e-08, 5.2255357177193196e-08, 4.3892218674084096e-08, 3.688784189328097e-08, 3.092867485445789e-08, 2.603552972760417e-08, 2.1808232277283713e-08, 1.828110410252139e-08, 1.530125772387459e-08, 1.2734266462267983e-08, 1.0635869915957457e-08, 8.850744092818503e-09, 7.379060377107208e-09, 6.164706623097751e-09, 5.161134800535403e-09, 4.323541851779546e-09, 3.6138444704305316e-09, 3.0187328219323184e-09, 2.5193471191543025e-09, 2.102010211614545e-09, 1.760278989347407e-09, 1.4696276138465364e-09]
W_list: [6]
L_list: [5.965066332583922]
