R_list= [ 1  2  3  4  5  6  7  8  9 10 11 12 13 14 15 16 17 18 19 20 21 22 23 24
 25 26 27 28 29 30 31 32 33 34 35 36 37 38]
C_final_list= [4.4195109162940625e-07, 3.890639368653776e-07, 3.395017930202477e-07, 2.955267287617236e-07, 2.5650126739753643e-07, 2.2246845807278099e-07, 1.9252613464162687e-07, 1.6668206074968476e-07, 1.4426663718666794e-07, 1.249402388999792e-07, 1.0808944321981024e-07, 9.347580801869023e-08, 8.070494258713471e-08, 6.959606811494735e-08, 5.988103209702138e-08, 5.14752043621289e-08, 4.4294553830048925e-08, 3.806280629422628e-08, 3.259942996844305e-08, 2.788086987880697e-08, 2.3782845861034394e-08, 2.028935371164819e-08, 1.7287464076293525e-08, 1.4741767415243968e-08, 1.2571211697112945e-08, 1.0710404962733134e-08, 9.140577682929343e-09, 7.814096578580754e-09, 6.6729115073624115e-09, 5.69306251539506e-09, 4.8499224584853185e-09, 4.13879815288808e-09, 3.527490910473763e-09, 3.00688438615277e-09, 2.567586730799137e-09, 2.195392279312213e-09, 1.8798678407195577e-09, 1.6032818693405705e-09]
W_list: [8.0]
L_list: [7.014128728703083]
