R_list= [ 1  2  3  4  5  6  7  8  9 10 11 12 13 14 15 16 17 18 19 20 21 22 23 24
 25 26 27 28 29 30 31 32 33 34 35 36 37 38]
C_final_list= [1.8579244791005144e-06, 1.1749384766602103e-06, 6.37696015579344e-07, 3.1628816713127163e-07, 1.4887997293771425e-07, 6.800356097407918e-08, 3.05216313918627e-08, 1.3553720048497406e-08, 6.003323739443495e-09, 2.657273095342891e-09, 1.1774555240550496e-09, 5.231396946294929e-10, 2.3248046056189639e-10, 1.0326182345030434e-10, 4.581455084617521e-11, 2.0163217115519725e-11, 8.832651377842044e-12, 3.870218625062804e-12, 1.7006102838688279e-12, 7.462203028503295e-13, 3.244048338190169e-13, 1.4062995428487022e-13, 6.161566698994697e-14, 2.755820613651759e-14, 1.2526572835192786e-14, 5.790177628928063e-15, 2.702661583786727e-15, 1.2602920130063825e-15, 5.830555980063718e-16, 2.696037070407866e-16, 1.2512132034736734e-16, 5.708603758167398e-17, 2.5148696516424622e-17, 1.0916102694891282e-17, 4.8092025014012705e-18, 2.1568606312214276e-18, 9.743388551463316e-19, 4.502173187753511e-19]
W_list: [4]
L_list: [1.7753556574619596]
