C_final_list: [1.8431461495497182e-06, 1.7883780707417357e-06, 1.7344308407260596e-06, 1.6817596731569705e-06, 1.6303050594868291e-06, 1.581402346931344e-06, 1.533441532271541e-06, 1.4873845377261915e-06, 1.4423216794350593e-06, 1.3981815997738005e-06, 1.3557977657791395e-06, 1.3147040475801283e-06, 1.2746687891858609e-06, 1.2358264986665153e-06, 1.1977691624104386e-06, 1.161141290848356e-06, 1.1257943952571353e-06, 1.09129979592633e-06, 1.0582308410896314e-06, 1.026360532693086e-06, 9.953870376213826e-07, 9.64984485784664e-07, 9.35541332961076e-07, 9.072612480607938e-07, 8.795238147402984e-07, 8.526069619176638e-07, 8.26339110635363e-07, 8.006763676436672e-07, 7.758574433784282e-07, 7.51876633943149e-07, 7.289478351855307e-07, 7.066004622116883e-07, 6.847998572505238e-07, 6.635619271349824e-07, 6.42906499819768e-07, 6.230752558141248e-07, 6.036643645231882e-07, 5.847050991898596e-07, 5.663261307665984e-07, 5.486795155412302e-07, 5.312992843344724e-07, 5.145624908689722e-07, 4.983432343502396e-07, 4.8245193299561e-07, 4.6701412705719054e-07, 4.5181267091428775e-07, 4.372873294604972e-07, 4.232046696893733e-07, 4.0972184781299315e-07, 3.966060332878166e-07]
ndim2: 500
W_list: [3.0]
L_list: [32.17307971438918]
