R_list= [ 1  2  3  4  5  6  7  8  9 10 11 12 13 14 15 16 17 18 19 20 21 22 23 24
 25 26 27 28 29 30]
C_final_list= [7.427731935259173e-07, 7.050272565241801e-07, 6.669413653258689e-07, 6.304424882683095e-07, 5.952888671429949e-07, 5.619111955460643e-07, 5.30449661472842e-07, 5.009821197612577e-07, 4.728489550280028e-07, 4.463919173461968e-07, 4.21228786984086e-07, 3.972674561648355e-07, 3.7457003354877736e-07, 3.531330447162957e-07, 3.329712319817924e-07, 3.1397081079271455e-07, 2.9602756457422665e-07, 2.7931146897656764e-07, 2.6343884718580883e-07, 2.483794681971522e-07, 2.3413251061498233e-07, 2.2060798051071536e-07, 2.0790091877907396e-07, 1.958816927122633e-07, 1.844312400349768e-07, 1.735999475512211e-07, 1.6351025087184508e-07, 1.5390175715081185e-07, 1.4492734691153837e-07, 1.3635952712918863e-07]
W_list: [6]
L_list: [17.221215161790585]
