R_list= [ 1  2  3  4  5  6  7  8  9 10 11 12 13 14 15 16 17 18 19 20 21 22 23 24
 25 26 27 28 29 30 31 32 33 34 35 36 37 38]
C_final_list= [4.5115639704724663e-07, 2.553155204150322e-07, 1.2391188019975546e-07, 5.574912781158559e-08, 2.392496555817524e-08, 9.964439876558072e-09, 4.075884788163029e-09, 1.6382883629996392e-09, 6.513524431068525e-10, 2.586308094608338e-10, 1.0350739267205542e-10, 4.1744826641508864e-11, 1.6838498280666397e-11, 6.64211717906096e-12, 2.6041167985027132e-12, 1.0294327776880223e-12, 4.0801133743180537e-13, 1.6195696368427536e-13, 6.384015830614024e-14, 2.5228632813520325e-14, 9.93472823592565e-15, 3.790989615987772e-15, 1.398905964185579e-15, 4.967704382673696e-16, 1.739462752479854e-16, 6.050525336981413e-17, 2.0834531071042465e-17, 7.08135845187504e-18, 2.3836187348778915e-18, 8.031660871631287e-19, 2.7198418189309234e-19, 9.409141848341915e-20, 3.338034776955718e-20, 1.2134050167393424e-20, 4.434144136287905e-21, 1.6335134242697103e-21, 5.986135586290419e-22, 2.189811405800397e-22]
W_list: [5]
L_list: [1.5310019172688545]
