R_list= [ 1  2  3  4  5  6  7  8  9 10 11 12 13 14 15 16 17 18 19 20 21 22 23 24
 25 26 27 28 29 30 31 32 33 34 35 36 37 38]
C_final_list= [1.4419594058102865e-06, 1.2188494581677317e-06, 1.0568072967200466e-06, 9.198214389727309e-07, 8.013780745045348e-07, 6.98173370545233e-07, 6.080906758130272e-07, 5.298253705405214e-07, 4.6026209705037776e-07, 4.001620502890336e-07, 3.4859714008830037e-07, 3.029630502769583e-07, 2.623656712580823e-07, 2.2717829665087553e-07, 1.9676163906581243e-07, 1.7039619113130648e-07, 1.4762855593626877e-07, 1.2778551026587922e-07, 1.1045111086196637e-07, 9.540776540506478e-08, 8.237605117616673e-08, 7.1152827744243e-08, 6.137555769567187e-08, 5.283145718639113e-08, 4.552124607376146e-08, 3.925419315894239e-08, 3.392387192583978e-08, 2.9308018198524504e-08, 2.535403368333342e-08, 2.1926328837185818e-08, 1.8912263220846254e-08, 1.6321807169224885e-08, 1.4129454653061156e-08, 1.224443741200018e-08, 1.0599441506445532e-08, 9.15863827511186e-09, 7.921863677409255e-09, 6.85201211943311e-09]
W_list: [5]
L_list: [7.053244659430752]
