C_final_list: [7.539707774233559e-07, 7.151574013617456e-07, 6.756019148246211e-07, 6.367225795700211e-07, 5.994285213400499e-07, 5.642635703786266e-07, 5.308856454123508e-07, 4.990488771656382e-07, 4.689688289022608e-07, 4.4064168559254066e-07, 4.138648285215164e-07, 3.885667078749493e-07, 3.6463145532507853e-07, 3.4202480891341017e-07, 3.2080120259843024e-07, 3.0067264534868854e-07, 2.817495462911314e-07, 2.6383384129077456e-07, 2.472286779864783e-07, 2.3144742670888625e-07, 2.1674666212745066e-07, 2.0280972164688202e-07, 1.8977861296151243e-07, 1.7750019579266038e-07, 1.660320948877553e-07, 1.5526563769103774e-07, 1.451654653628649e-07, 1.3577110789509314e-07, 1.2693373004749792e-07, 1.1877106500071737e-07, 1.1110620834926312e-07, 1.0388968398523839e-07, 9.714303321395123e-08, 9.075548232950669e-08, 8.483345972728741e-08]
ndim2: 500
W_list: [3.8]
L_list: [15.855719900400771]
