R_list= [ 1  2  3  4  5  6  7  8  9 10 11 12 13 14 15 16 17 18 19 20 21 22 23 24
 25 26 27 28 29 30 31 32 33 34 35 36 37 38]
C_final_list= [1.0858190470606395e-06, 9.65539035265851e-07, 8.716827590302391e-07, 7.896656568888795e-07, 7.137180112186478e-07, 6.447649075598486e-07, 5.819562562452639e-07, 5.250422499215319e-07, 4.7367026785568824e-07, 4.2721387758710565e-07, 3.8523079434192336e-07, 3.4701410675016155e-07, 3.12634749455291e-07, 2.8172378546801347e-07, 2.536384528022791e-07, 2.2813978572534988e-07, 2.0505063913927455e-07, 1.8435234801681292e-07, 1.6576072061912612e-07, 1.4901796861668536e-07, 1.340494383084322e-07, 1.2056191486320802e-07, 1.0832278651660884e-07, 9.739140534627806e-08, 8.754165028186626e-08, 7.875765727964565e-08, 7.086643074471231e-08, 6.37003558500584e-08, 5.724281468034128e-08, 5.146559484739735e-08, 4.627400181553235e-08, 4.1555337195260625e-08, 3.7298109033334716e-08, 3.3485768907014293e-08, 3.006114226346042e-08, 2.6980527954619092e-08, 2.420072577314603e-08, 2.1702818017302607e-08]
W_list: [5]
L_list: [9.636516580768431]
