R_list= [ 1  2  3  4  5  6  7  8  9 10 11 12 13 14 15 16 17 18 19 20 21 22 23 24
 25 26 27 28 29 30 31 32 33 34 35 36 37 38]
C_final_list= [3.693608844559482e-05, 2.4265749621011087e-05, 1.5901965096905488e-05, 1.0387305109761377e-05, 6.77542664556484e-06, 4.412933031761678e-06, 2.874277921018342e-06, 1.8767530263270418e-06, 1.2187425056407393e-06, 7.895133230848366e-07, 5.121957938952114e-07, 3.320395264567958e-07, 2.1467202345108216e-07, 1.3856459765835092e-07, 8.990824970089855e-08, 5.7949038803514476e-08, 3.74809884024848e-08, 2.4267220419404187e-08, 1.5753194066141777e-08, 1.0255748599668476e-08, 6.626211612994284e-09, 4.263333095742612e-09, 2.7613449198286536e-09, 1.7941617262715394e-09, 1.175719964019009e-09, 7.622979478152387e-10, 4.930601348062007e-10, 3.165591029079264e-10, 2.032730562819589e-10, 1.3183758210147272e-10, 8.35560210453741e-11, 5.308293633950959e-11, 3.405071074038959e-11, 2.2888401254001613e-11, 1.5354187804352732e-11, 9.947745971009831e-12, 6.250847283111781e-12, 3.996556273794667e-12]
W_list: [8.1]
L_list: [2.360949899418036]
