R_list= [ 1  2  3  4  5  6  7  8  9 10 11 12 13 14 15 16 17 18 19 20 21 22 23 24
 25 26 27 28 29 30 31 32 33 34 35 36 37 38]
C_final_list= [7.175542485250679e-07, 5.900422790003586e-07, 4.924833109703446e-07, 4.111025824928534e-07, 3.4274268309813666e-07, 2.8571805894995475e-07, 2.3852776134192066e-07, 1.9899155809113436e-07, 1.6567907288478598e-07, 1.376301429392017e-07, 1.1429050903603297e-07, 9.471506107185634e-08, 7.844918971696334e-08, 6.491677481792772e-08, 5.3591304064604656e-08, 4.407584585478177e-08, 3.620476125066062e-08, 2.9695460965613725e-08, 2.4335311452560802e-08, 1.999627486289754e-08, 1.647004015524063e-08, 1.3588041857735949e-08, 1.1194977560200416e-08, 9.203981046095508e-09, 7.569469873329499e-09, 6.2311344287284214e-09, 5.1253724019550935e-09, 4.204972028079757e-09, 3.4522309497106047e-09, 2.831781362067337e-09, 2.327105025639898e-09, 1.913550497461317e-09, 1.5785223944765041e-09, 1.3061918955662888e-09, 1.0771704719667645e-09, 8.833997346585641e-10, 7.27480590598035e-10, 5.996793134682189e-10]
W_list: [6]
L_list: [5.4346304174693065]
