R_list= [ 1  2  3  4  5  6  7  8  9 10 11 12 13 14 15 16 17 18 19 20 21 22 23 24
 25 26 27 28 29 30 31 32 33 34 35 36 37 38]
C_final_list= [2.101595328821705e-05, 1.703666816740013e-05, 1.3691193970389843e-05, 1.0961712731701371e-05, 8.768147817803787e-06, 7.005152050687074e-06, 5.592271167409316e-06, 4.458263630560558e-06, 3.5551743398535505e-06, 2.8359506927423137e-06, 2.264329020637747e-06, 1.8065221684961247e-06, 1.4414983873761636e-06, 1.150366184447075e-06, 9.182274930829965e-07, 7.331936073205209e-07, 5.851747467567205e-07, 4.6644614172335187e-07, 3.7086595470820745e-07, 2.952604233820432e-07, 2.3537099164202034e-07, 1.8768110125197972e-07, 1.4992277126900705e-07, 1.1968938432915877e-07, 9.569656300882668e-08, 7.639106572442467e-08, 6.108049917535048e-08, 4.897586144935403e-08, 3.926581575835288e-08, 3.148459053331565e-08, 2.5259295562058496e-08, 2.0279917202128505e-08, 1.6289409614255107e-08, 1.3081280981300724e-08, 1.048885018793826e-08, 8.429577320030553e-09, 6.772398414328413e-09, 5.442507877461543e-09]
W_list: [8.3]
L_list: [4.513432460203572]
