R_list= [ 1  2  3  4  5  6  7  8  9 10 11 12 13 14 15 16 17 18 19 20 21 22 23 24
 25 26 27 28 29 30 31 32 33 34 35 36 37 38]
C_final_list= [3.384674902182375e-07, 2.81171674522256e-07, 2.307010645950419e-07, 1.8811305429026948e-07, 1.531375296937236e-07, 1.2464515629124958e-07, 1.0108418179448846e-07, 8.173918430986242e-08, 6.59149524388106e-08, 5.312398725986545e-08, 4.261298998061656e-08, 3.410271783691678e-08, 2.7256127005349652e-08, 2.179453748088247e-08, 1.7419904042494014e-08, 1.3922967237289247e-08, 1.114392639720397e-08, 8.926419288962689e-09, 7.123664567819764e-09, 5.689242044906621e-09, 4.538969477195354e-09, 3.6256118692661883e-09, 2.89780806863808e-09, 2.31439819026767e-09, 1.8495039003008883e-09, 1.4739882829370987e-09, 1.175125406904845e-09, 9.390894144289595e-10, 7.527689982018156e-10, 6.03786983162647e-10, 4.823074726504378e-10, 3.854621706459271e-10, 3.0944157267721806e-10, 2.4804830034395086e-10, 1.9721165124877153e-10, 1.5574806379541435e-10, 1.2286551979052384e-10, 9.664307807424628e-11]
W_list: [9.2]
L_list: [4.872401698929142]
