C_list:
1.694391631364198e-06 0.06460762430862264
ndim2: 500
W_list: [2.0]
L_list: [15.478049389699326]
