R_list= [ 1  2  3  4  5  6  7  8  9 10 11 12 13 14 15 16 17 18 19 20 21 22 23 24
 25 26 27 28 29 30 31 32 33 34 35 36 37 38]
C_final_list= [4.758697061461741e-06, 4.082128360179024e-06, 3.4816024538550282e-06, 2.961231405333295e-06, 2.51584811487065e-06, 2.1388785443776633e-06, 1.8176797565203152e-06, 1.545152503421017e-06, 1.3110716135322576e-06, 1.1106307163364652e-06, 9.395986833719549e-07, 7.959423694123299e-07, 6.742332971949091e-07, 5.699425915189048e-07, 4.811906166285662e-07, 4.0639274116152364e-07, 3.4287758530533376e-07, 2.891680020314164e-07, 2.4354387917881227e-07, 2.0528650665691017e-07, 1.730719143645765e-07, 1.4584810969140975e-07, 1.2316999547974865e-07, 1.0393473799374974e-07, 8.791376132146654e-08, 7.420957160728471e-08, 6.261501470649657e-08, 5.291887854783121e-08, 4.479583162502503e-08, 3.78556846273531e-08, 3.2002542582219364e-08, 2.7116412462615493e-08, 2.297093651542478e-08, 1.946818872808365e-08, 1.644839420872593e-08, 1.3890204868243581e-08, 1.1721481763995401e-08, 9.864578017832665e-09]
W_list: [7.4]
L_list: [6.147688159303351]
