C_final_list: [1.2946592911233783e-06, 1.1489025864043784e-06, 1.0101471377298373e-06, 8.867002300064839e-07, 7.785639843716491e-07, 6.816318023611868e-07, 5.976907834311252e-07, 5.237678272238638e-07, 4.5987401333447886e-07, 4.0374119277238057e-07, 3.548393207909345e-07, 3.109132369199869e-07, 2.7284622114786555e-07, 2.3891893114088917e-07, 2.0909809576632694e-07, 1.825059710336066e-07, 1.593866342621654e-07, 1.3930393412394918e-07, 1.2165088050811434e-07, 1.0607151333157725e-07, 9.268703321843774e-08, 8.101385375570327e-08, 7.085617835602421e-08, 6.182929500211777e-08, 5.397934594875404e-08, 4.691087686852527e-08, 4.08363669879782e-08, 3.5516511257355303e-08, 3.0964194925839424e-08, 2.696330803307367e-08, 2.3497387956353282e-08, 2.0486649888658963e-08, 1.7873008940390775e-08, 1.5558994152021657e-08, 1.3552841863183615e-08]
ndim2: 500
W_list: [2.8]
L_list: [7.64748863187088]
