C_list:
1.6117314570290916e-06 0.10087387203521828
ndim2: 500
W_list: [2.6]
L_list: [9.913369833279209]
