C_final_list: [1.6856285643369972e-06, 1.6304433738431785e-06, 1.5752114042491705e-06, 1.5221624769950279e-06, 1.4720080839161435e-06, 1.4231237779277462e-06, 1.3755884160182916e-06, 1.329688122122212e-06, 1.2852500714240097e-06, 1.242313245406832e-06, 1.2007290881139317e-06, 1.1607941167117616e-06, 1.121362177129518e-06, 1.0832257473844602e-06, 1.0468543389154862e-06, 1.0115394730298373e-06, 9.774140109809202e-07, 9.446750545477826e-07, 9.130253175321489e-07, 8.825331392728304e-07, 8.532335421486155e-07, 8.246570396555528e-07, 7.970860698160315e-07, 7.703312354394888e-07, 7.443878803077595e-07, 7.191566533951184e-07, 6.945825564100802e-07, 6.709325851589389e-07, 6.47902047204286e-07, 6.256732580523337e-07, 6.040713934779569e-07, 5.834995385474077e-07, 5.632881214935907e-07, 5.438086486623395e-07, 5.252651927170645e-07]
ndim2: 500
W_list: [3.0]
L_list: [29.265936248562916]
