C_final_list: [1.421561127907273e-06, 1.0955278184672395e-06, 8.43435540556432e-07, 6.522666321652582e-07, 5.057530044044012e-07, 3.9072590993712564e-07, 3.0342037431223575e-07, 2.3475417141724292e-07, 1.813044761447664e-07, 1.3941418930511173e-07, 1.0740739091889566e-07, 8.250435201475084e-08, 6.328199749532028e-08, 4.833906363448933e-08, 3.6720173871972396e-08, 2.7994066384160147e-08, 2.11323966589226e-08, 1.5818005501821478e-08, 1.2025790817281668e-08, 9.146721198387689e-09, 6.941196976850493e-09, 5.243845500106842e-09, 3.981453743315102e-09, 3.0254398929653337e-09, 2.3173144611384567e-09, 1.7724598806993522e-09, 1.3550047723325086e-09, 1.0520241529277964e-09, 7.930797572942142e-10, 5.942647828551916e-10, 4.46599610890772e-10, 3.376074118084355e-10, 2.536981270901625e-10, 1.8926513432288032e-10, 1.3993545745984006e-10]
ndim2: 500
W_list: [3.2]
L_list: [3.869501409363926]
