C_list:
1.3834806835147469e-06 0.2015810979859558
ndim2: 500
W_list: [3.8000000000000003]
L_list: [4.960782583244339]
