R_list= [ 1  2  3  4  5  6  7  8  9 10 11 12 13 14 15 16 17 18 19 20 21 22 23 24
 25 26 27 28 29 30 31 32 33 34 35 36 37 38]
C_final_list= [2.7488031785218478e-05, 2.030414244074659e-05, 1.4877168634539972e-05, 1.0888166902646341e-05, 7.949348324535691e-06, 5.8073227124294394e-06, 4.236684289136455e-06, 3.091770057629614e-06, 2.253703016590392e-06, 1.6401971561261984e-06, 1.1901542415903896e-06, 8.612167993107363e-07, 6.25443826071942e-07, 4.532208636594123e-07, 3.280109582860263e-07, 2.3737904874266233e-07, 1.719824360259495e-07, 1.2474965515383015e-07, 9.082211398445188e-08, 6.625953039171689e-08, 4.8379928856343385e-08, 3.502998460977675e-08, 2.5421019591172622e-08, 1.8490194589392502e-08, 1.340177939758615e-08, 9.724403265843259e-09, 7.0941147344351086e-09, 5.191555152842777e-09, 3.776302733828044e-09, 2.7466516194185628e-09, 2.0060246552997345e-09, 1.4644209147225064e-09, 1.0723809507587737e-09, 7.794220325336347e-10, 5.67682517501298e-10, 4.1295590305750716e-10, 3.001450419667721e-10, 2.1923640159978256e-10]
W_list: [8.5]
L_list: [3.215348849835792]
