C_final_list: [2.30650613868497e-06, 2.1302459956195555e-06, 1.9542020698332916e-06, 1.7976036225748459e-06, 1.6518696231792854e-06, 1.5170330979866919e-06, 1.3917373945117503e-06, 1.2773081956626313e-06, 1.1732310572332489e-06, 1.0762629605976892e-06, 9.861453097927806e-07, 9.035170399469641e-07, 8.277174018149875e-07, 7.580288824658547e-07, 6.945338339323287e-07, 6.371733475020153e-07, 5.844617076655154e-07, 5.358721380239102e-07, 4.915840911351748e-07, 4.503883800279053e-07, 4.122040331134864e-07, 3.7741283606133626e-07, 3.4544024991673863e-07, 3.159158649679649e-07, 2.890909096272641e-07, 2.6505700571468326e-07, 2.428419537818034e-07, 2.2228392032173772e-07, 2.033069541809039e-07, 1.85824919161331e-07, 1.6988815495654602e-07, 1.5543399665299247e-07, 1.4201234047730177e-07, 1.2987807590545345e-07, 1.189830693685419e-07, 1.0905073139583012e-07, 9.989824407484397e-08, 9.153335152391712e-08, 8.369088394346899e-08, 7.654093784530953e-08, 6.994583117644458e-08, 6.387062642769535e-08, 5.82932628242979e-08, 5.31464346294061e-08, 4.844401578528688e-08, 4.421649135194532e-08, 4.030140352996967e-08, 3.673310183780041e-08, 3.344737126195259e-08, 3.0424431790627326e-08]
ndim2: 500
W_list: [2.0]
L_list: [11.58249453882702]
