R_list= [ 1  2  3  4  5  6  7  8  9 10 11 12 13 14 15 16 17 18 19 20 21 22 23 24
 25 26 27 28 29 30 31 32 33 34 35 36 37 38]
C_final_list= [5.05762145165286e-07, 3.4998896316919094e-07, 2.4565888473927047e-07, 1.7323679264668815e-07, 1.2177106682008757e-07, 8.596690803671822e-08, 6.079592756923457e-08, 4.276398800084779e-08, 3.019154051302191e-08, 2.132190480324087e-08, 1.495652528028535e-08, 1.0454947007624972e-08, 7.298452080249996e-09, 5.079528549471948e-09, 3.5392855253358902e-09, 2.4660605630535497e-09, 1.7161446535899914e-09, 1.1917159044122091e-09, 8.197046474853233e-10, 5.585024926869664e-10, 3.8341322334775984e-10, 2.631914796038142e-10, 1.8096524783299303e-10, 1.249173103616157e-10, 8.65955213097741e-11, 5.938422921514062e-11, 4.143127268968267e-11, 2.9048310337187552e-11, 2.0542390709271252e-11, 1.434122080271274e-11, 1.014663536156443e-11, 6.968387896890718e-12, 4.680162370115393e-12, 3.190783448790399e-12, 2.2169875473903777e-12, 1.5081636631899837e-12, 1.0192044729578075e-12, 6.750846052014255e-13]
W_list: [7]
L_list: [2.81178042004714]
