R_list= [ 1  2  3  4  5  6  7  8  9 10 11 12 13 14 15 16 17 18 19 20 21 22 23 24
 25 26 27 28 29 30 31 32 33 34 35 36 37 38]
C_final_list= [6.130263890089779e-07, 4.722915748437222e-07, 3.6685520898115185e-07, 2.8730740357883023e-07, 2.246949115704774e-07, 1.7566176128979407e-07, 1.371860451474642e-07, 1.0695373988149489e-07, 8.328846673227225e-08, 6.485938915128394e-08, 5.0565101491575146e-08, 3.933972110362034e-08, 3.058058480489784e-08, 2.373100379756979e-08, 1.8391072308199587e-08, 1.4208975553751525e-08, 1.0974503859665704e-08, 8.451190417706522e-09, 6.515468428215176e-09, 5.026571600063183e-09, 3.883360120265953e-09, 2.9905146673643203e-09, 2.299323351776781e-09, 1.7707173117797536e-09, 1.3679183104277306e-09, 1.0532345196513708e-09, 8.115862323544942e-10, 6.22424900998168e-10, 4.749709184681948e-10, 3.6219182631799555e-10, 2.757314172194913e-10, 2.0902255672092776e-10, 1.5908958043915143e-10, 1.2150549755344153e-10, 9.299639850202895e-11, 7.12196287012396e-11, 5.4174002293937767e-11, 4.082645613807062e-11]
W_list: [6]
L_list: [3.998966559222589]
