R_list= [ 1  2  3  4  5  6  7  8  9 10 11 12 13 14 15 16 17 18 19 20 21 22 23 24
 25 26 27 28 29 30 31 32 33 34 35 36 37 38]
C_final_list= [3.368159142294328e-07, 2.993743927375107e-07, 2.652590678725967e-07, 2.338956238516669e-07, 2.0614644593396672e-07, 1.813297574467295e-07, 1.5918153669675497e-07, 1.397743002822109e-07, 1.2284211482936434e-07, 1.0787539071249464e-07, 9.466417171561617e-08, 8.294056998910222e-08, 7.265962593357349e-08, 6.354531928475135e-08, 5.552862640317009e-08, 4.8491961979758854e-08, 4.232458854800914e-08, 3.694195749990206e-08, 3.219465417007384e-08, 2.801199513200941e-08, 2.437816613500318e-08, 2.1207412438979968e-08, 1.843249166024953e-08, 1.6009187963946034e-08, 1.3909926024499409e-08, 1.208180608409301e-08, 1.050519021074867e-08, 9.154844864936664e-09, 7.98069658932656e-09, 6.943706988604043e-09, 6.046298274036287e-09, 5.258214239219211e-09, 4.575018055484981e-09, 3.984167437688162e-09, 3.4689158461109566e-09, 3.023899005233071e-09, 2.6373272866945165e-09, 2.2970749125615682e-09]
W_list: [7]
L_list: [7.75538724628337]
