C_final_list: [1.7975829268153815e-06, 1.668147907854546e-06, 1.5429356045767548e-06, 1.4283752149323872e-06, 1.3217533433181145e-06, 1.221602108436346e-06, 1.1296142427352375e-06, 1.043703616081325e-06, 9.655672855829233e-07, 8.939539656959876e-07, 8.266119623513767e-07, 7.636415192892237e-07, 7.053898790572369e-07, 6.515922720399222e-07, 6.019387574154693e-07, 5.566974891150745e-07, 5.150783220563232e-07, 4.7671534100552015e-07, 4.412729082719092e-07, 4.0800337609395487e-07, 3.7690899526999425e-07, 3.4818829043716687e-07, 3.2113246054475584e-07, 2.9636712038938664e-07, 2.73106346792006e-07, 2.519537374591026e-07, 2.3190125123402926e-07, 2.1347646263760191e-07, 1.9615800590753698e-07, 1.8048085649305695e-07, 1.6603835016542958e-07, 1.5270806450670526e-07, 1.403943025811118e-07, 1.2903449175925283e-07, 1.1855653590858352e-07]
ndim2: 500
W_list: [3.2]
L_list: [12.732923736042618]
