C_final_list: [1.591733267518723e-06, 1.2642801009022042e-06, 1.0001162866410114e-06, 7.918166621824989e-07, 6.271137629202118e-07, 4.969837654905664e-07, 3.9527047273905444e-07, 3.1154904324083325e-07, 2.4649427598138447e-07, 1.9460971813163856e-07, 1.542652956707424e-07, 1.2233359440216836e-07, 9.740259170572095e-08, 7.662212309800647e-08, 5.989364045032893e-08, 4.662394462689164e-08, 3.618774914505225e-08, 2.820002357203478e-08, 2.19857936819356e-08, 1.7032680686738253e-08, 1.3099008919274848e-08, 1.017121335275588e-08, 7.886298383843637e-09, 6.154293403244888e-09, 4.844335483920506e-09, 3.821494315339969e-09, 2.9849308664603547e-09, 2.3292875035722973e-09, 1.8267775396628128e-09, 1.4472592743629696e-09, 1.1454260842349767e-09, 9.069669742171473e-10, 7.192002203981023e-10, 5.645085376418346e-10, 4.4577950255722404e-10]
ndim2: 500
W_list: [4.0]
L_list: [4.2872830906758015]
