R_list= [ 1  2  3  4  5  6  7  8  9 10 11 12 13 14 15 16 17 18 19 20 21 22 23 24
 25 26 27 28 29 30 31 32 33 34 35 36 37 38]
C_final_list= [7.643576425131328e-07, 6.863380371684487e-07, 6.122032516791311e-07, 5.443500705999359e-07, 4.829800578393737e-07, 4.284779638266228e-07, 3.798507991395879e-07, 3.3662724880620743e-07, 2.982865026064053e-07, 2.6454320072161783e-07, 2.3444048778668274e-07, 2.074685262062665e-07, 1.8363005236813017e-07, 1.6246654258806086e-07, 1.4367057991558258e-07, 1.2686005401167222e-07, 1.1184550711332963e-07, 9.859592230680953e-08, 8.688288690882324e-08, 7.654718004469596e-08, 6.750453289133702e-08, 5.948492792797295e-08, 5.242962962303437e-08, 4.622826561023819e-08, 4.071934893101735e-08, 3.582784103349474e-08, 3.154953389757413e-08, 2.776973735494087e-08, 2.4449502708478624e-08, 2.1544749557519003e-08, 1.8996014401614195e-08, 1.6747737411254243e-08, 1.47523103539652e-08, 1.301772057383087e-08, 1.1459965838425276e-08, 1.0084597604742357e-08, 8.865543039309429e-09, 7.78469589497534e-09]
W_list: [7.8]
L_list: [8.327939574200924]
