R_list= [ 1  2  3  4  5  6  7  8  9 10 11 12 13 14 15 16 17 18 19 20 21 22 23 24
 25 26 27 28 29 30 31 32 33 34 35 36 37 38]
C_final_list= [1.3596356891849389e-06, 1.3068261275555835e-06, 1.2550635516641768e-06, 1.2049998053318558e-06, 1.1565390560205957e-06, 1.110589294117386e-06, 1.0661827270500715e-06, 1.02328081898896e-06, 9.822439210583727e-07, 9.432206029794794e-07, 9.054514805841556e-07, 8.696894468694935e-07, 8.350359706791688e-07, 8.01744454785827e-07, 7.699178471934148e-07, 7.395496414177347e-07, 7.105024704839812e-07, 6.821172317596995e-07, 6.546525855553096e-07, 6.280940131163873e-07, 6.024329648047682e-07, 5.778128855459261e-07, 5.54237778436093e-07, 5.31540146436174e-07, 5.098727487121689e-07, 4.889831230171546e-07, 4.6887616572923487e-07, 4.4967322127850106e-07, 4.312140931442355e-07, 4.134921220633868e-07, 3.9648308457181387e-07, 3.7999563654944895e-07, 3.6416491506391233e-07, 3.490111628703254e-07, 3.3434743732655846e-07, 3.203610574809166e-07, 3.0685952884295725e-07, 2.939409610868143e-07]
W_list: [5]
L_list: [24.367083132907876]
