R_list= [ 1  2  3  4  5  6  7  8  9 10 11 12 13 14 15 16 17 18 19 20 21 22 23 24
 25 26 27 28 29 30 31 32 33 34 35 36 37 38]
C_final_list= [3.79584869264347e-07, 1.9596717095031565e-07, 9.473535588646154e-08, 4.5313357060113175e-08, 2.143914938354706e-08, 1.0112502668736295e-08, 4.773257210117387e-09, 2.2433408520610794e-09, 1.0570554966735015e-09, 4.996699084082183e-10, 2.3408706610942696e-10, 1.0961171195752522e-10, 5.2126907310512807e-11, 2.4848950147629216e-11, 1.2160792381220725e-11, 6.096188467481698e-12, 2.9907502990258435e-12, 1.4657776597567645e-12, 7.520516552822727e-13, 3.899916405114214e-13, 1.9211732582173842e-13, 8.76961973567483e-14, 4.049587433652899e-14, 2.031299398931641e-14, 1.025359711962861e-14, 5.428330493654083e-15, 3.16188774900679e-15, 1.178592966690451e-15, 4.0773335538513216e-16, 1.6922820963332613e-16, 7.179755201187407e-17, 2.901643080877962e-17, 1.1370989049011017e-17, 4.621112001730792e-18, 1.8990000963732737e-18, 8.415037295988489e-19, 5.5037073202452e-19, 8.4047235943298e-19]
W_list: [7]
L_list: [1.4457598044773312]
