C_final_list: [1.8351693799225894e-06, 1.7818187963767165e-06, 1.7284791549693763e-06, 1.677109770104892e-06, 1.6268008620739813e-06, 1.5781374623736497e-06, 1.5312022098082076e-06, 1.4862654540692218e-06, 1.4424968653647683e-06, 1.4007789015276143e-06, 1.3600026271714672e-06, 1.3202270203619978e-06, 1.2816539814683565e-06, 1.2447283726329538e-06, 1.2083356366916653e-06, 1.1727552901666184e-06, 1.1377572183134492e-06, 1.1039632028305144e-06, 1.07149699669164e-06, 1.0396571557568926e-06, 1.0090133606855607e-06, 9.7977125558392e-07, 9.510975129900221e-07, 9.234010276518194e-07, 8.962525104651144e-07, 8.695270257749503e-07, 8.435783061654395e-07, 8.185095270585253e-07, 7.941531753291504e-07, 7.707528334864221e-07, 7.479635796732726e-07, 7.256642583891198e-07, 7.041103050144628e-07, 6.83322211306972e-07, 6.632062365198615e-07, 6.43639281589243e-07, 6.246093554695922e-07, 6.061473121160357e-07, 5.881731831690099e-07, 5.703368185149214e-07, 5.532839961886498e-07, 5.368380149928826e-07, 5.207145676518566e-07, 5.050750340850703e-07, 4.8973039282272e-07, 4.74774933843247e-07, 4.602301962732395e-07, 4.459167522844264e-07, 4.323135983802303e-07, 4.1900797718455785e-07]
ndim2: 500
W_list: [2.9499999999999997]
L_list: [33.38378653285141]
