R_list= [ 1  2  3  4  5  6  7  8  9 10 11 12 13 14 15 16 17 18 19 20 21 22 23 24
 25 26 27 28 29 30 31 32 33 34 35 36 37 38]
C_final_list= [2.2791165445198695e-05, 1.8743014181827455e-05, 1.52859303042725e-05, 1.2415307793651991e-05, 1.0075922586088625e-05, 8.163477798306412e-06, 6.611518843163219e-06, 5.347889420851554e-06, 4.326816437800648e-06, 3.5005219742533226e-06, 2.831322461008786e-06, 2.2890511726124245e-06, 1.850205982747184e-06, 1.4948387665528636e-06, 1.2059551795025096e-06, 9.726909489259927e-07, 7.850604495221664e-07, 6.344017790945554e-07, 5.132497914033169e-07, 4.1523538920239504e-07, 3.3582481428545814e-07, 2.714047634678192e-07, 2.195998505043184e-07, 1.7758204174278069e-07, 1.4364656542194562e-07, 1.1617647514045282e-07, 9.408349166853435e-08, 7.617902418353653e-08, 6.172252182086179e-08, 4.99695940731486e-08, 4.047448671738622e-08, 3.279700498015728e-08, 2.660101112159015e-08, 2.1567805547972575e-08, 1.747152030660402e-08, 1.4123519126164135e-08, 1.1453347736127024e-08, 9.287025435714106e-09]
W_list: [8.1]
L_list: [4.816095341615209]
