C_final_list: [5.773513083638434e-07, 5.429442038249613e-07, 5.084540959071855e-07, 4.7559407333316134e-07, 4.4434675154046795e-07, 4.1477434488231085e-07, 3.868169757787573e-07, 3.605866266204158e-07, 3.3609515868357413e-07, 3.132638085595118e-07, 2.9188652525793783e-07, 2.716277065301811e-07, 2.526597525600802e-07, 2.3503822771496272e-07, 2.1862962049871862e-07, 2.034103474559893e-07, 1.892209653129153e-07, 1.759401625093311e-07, 1.6353492394314075e-07, 1.5182959332387904e-07, 1.410074572451639e-07, 1.3085024974620094e-07, 1.2128559184854486e-07, 1.1233458119991007e-07, 1.0406614763752032e-07, 9.636653898656759e-08, 8.924794974272164e-08, 8.260953829894822e-08, 7.647482636961322e-08, 7.080932314816232e-08, 6.550126521014756e-08, 6.06256279090905e-08, 5.607330296966497e-08, 5.1864653832304513e-08, 4.796981061133124e-08]
ndim2: 500
W_list: [3.2]
L_list: [14.051299247497555]
