C_final_list: [1.7474370429886775e-06, 1.6849116134662436e-06, 1.6243296269455445e-06, 1.5652969445957782e-06, 1.5090348449350698e-06, 1.454211791930633e-06, 1.4015433806165302e-06, 1.3498137074799264e-06, 1.3015011274165629e-06, 1.2548644584433282e-06, 1.2096333547986046e-06, 1.1661799013781794e-06, 1.1236024090981325e-06, 1.0825161762332024e-06, 1.0423206289140233e-06, 1.0036907446566768e-06, 9.665253325839498e-07, 9.309335258750933e-07, 8.96378066891118e-07, 8.633265623892963e-07, 8.319336704255164e-07, 8.014808753446284e-07, 7.722852297054465e-07, 7.439862536747481e-07, 7.171684685667816e-07, 6.909968884018931e-07, 6.658677844349756e-07, 6.414086590998282e-07, 6.175964570995326e-07, 5.947012939020167e-07, 5.724976728455472e-07, 5.509227378247548e-07, 5.303143933288536e-07, 5.104271839423244e-07, 4.912353834859582e-07, 4.727637179352758e-07, 4.548735340824172e-07, 4.3762570914724146e-07, 4.2105479505881003e-07, 4.0517916843661767e-07, 3.899333545293534e-07, 3.7502920251026875e-07, 3.60772362575814e-07, 3.4698265725272716e-07, 3.3376772374358487e-07, 3.2109092935009545e-07, 3.087251894272097e-07, 2.9676023025306534e-07, 2.8531070637599737e-07, 2.743803848692146e-07]
ndim2: 500
W_list: [3.1999999999999997]
L_list: [26.731659524527615]
