R_list= [ 1  2  3  4  5  6  7  8  9 10 11 12 13 14 15 16 17 18 19 20 21 22 23 24
 25 26 27 28 29 30 31 32 33 34 35 36 37 38]
C_final_list= [2.4148748261835742e-05, 2.005522237880983e-05, 1.6527083698340714e-05, 1.3564850537828286e-05, 1.1113168526256359e-05, 9.0899002905197e-06, 7.432784341021782e-06, 6.075175910456609e-06, 4.965135352344184e-06, 4.058096752685641e-06, 3.3164206531953736e-06, 2.710777641396665e-06, 2.2158877587713553e-06, 1.811072487339348e-06, 1.4808020576302237e-06, 1.2092498277586612e-06, 9.880683231949316e-07, 8.074497194418355e-07, 6.606487168148025e-07, 5.402971724168021e-07, 4.413424556309683e-07, 3.6032003121004193e-07, 2.9372399320417824e-07, 2.390276850120694e-07, 1.9446487867149751e-07, 1.5835285619833734e-07, 1.2903311775511464e-07, 1.0500436514688005e-07, 8.547707886415734e-08, 6.953679224541899e-08, 5.6659723782551744e-08, 4.6183249048378585e-08, 3.771174642926619e-08, 3.0837317788993825e-08, 2.520756417204313e-08, 2.0600985511923452e-08, 1.6806358232469943e-08, 1.3721753523713858e-08]
W_list: [7.95]
L_list: [5.055929853058939]
