R_list= [ 1  2  3  4  5  6  7  8  9 10 11 12 13 14 15 16 17 18 19 20 21 22 23 24
 25 26 27 28 29 30 31 32 33 34 35 36 37 38]
C_final_list= [5.72010311163012e-06, 4.823303292116347e-06, 4.023247508190542e-06, 3.3416632470837795e-06, 2.7659414836571636e-06, 2.2843505417861607e-06, 1.8841742364159296e-06, 1.5524289555426488e-06, 1.2790386326518062e-06, 1.0547322528811526e-06, 8.699013296509494e-07, 7.169840297080851e-07, 5.908526256835331e-07, 4.865892664882933e-07, 4.0067854250683706e-07, 3.297958154469792e-07, 2.7135433999099755e-07, 2.2338005244451e-07, 1.8367163192761023e-07, 1.5090642094785817e-07, 1.240028384585511e-07, 1.0197966200624903e-07, 8.383582300629879e-08, 6.889893789743081e-08, 5.661067676497565e-08, 4.6521338240002635e-08, 3.8202356069226184e-08, 3.130732487585743e-08, 2.5663652367862858e-08, 2.1019419493824727e-08, 1.7223524059095215e-08, 1.4091906102176811e-08, 1.1523121282527324e-08, 9.414474537696879e-09, 7.705971452816209e-09, 6.295380984210163e-09, 5.133539502261491e-09, 4.193152337336347e-09]
W_list: [8.45]
L_list: [5.32923957142278]
