R_list= [ 1  2  3  4  5  6  7  8  9 10 11 12 13 14 15 16 17 18 19 20 21 22 23 24
 25 26 27 28 29 30 31 32 33 34 35 36 37 38]
C_final_list= [2.324282097435164e-06, 2.1520473748219485e-06, 2.03548384085743e-06, 1.9153501254175416e-06, 1.804436600502705e-06, 1.7016447829953914e-06, 1.6047576235288122e-06, 1.5139323420273096e-06, 1.427285412766572e-06, 1.3449795573716417e-06, 1.2672995296229171e-06, 1.1953423716352388e-06, 1.1268632145839633e-06, 1.062953775238251e-06, 1.0032025558980485e-06, 9.467509148945063e-07, 8.92878357830291e-07, 8.410453593565398e-07, 7.912526139567131e-07, 7.443765057576099e-07, 7.006551825770447e-07, 6.590659137571381e-07, 6.196603639171299e-07, 5.82718548916821e-07, 5.474111347818841e-07, 5.144116957770677e-07, 4.834877613295715e-07, 4.5387225763808327e-07, 4.2632496744889013e-07, 4.004088503674446e-07, 3.759534612580811e-07, 3.5290006797711664e-07, 3.3144779068194813e-07, 3.110060299393332e-07, 2.916538959235417e-07, 2.7357653081579226e-07, 2.5679523611483114e-07, 2.4085917004063827e-07]
W_list: [4]
L_list: [16.70061038378279]
