R_list= [ 1  2  3  4  5  6  7  8  9 10 11 12 13 14 15 16 17 18 19 20 21 22 23 24
 25 26 27 28 29 30 31 32 33 34 35 36 37 38]
C_final_list= [1.1101236666827107e-06, 1.03175590233837e-06, 9.545595025176748e-07, 8.818655985507844e-07, 8.138473249456453e-07, 7.50575873769231e-07, 6.926537064927885e-07, 6.387003461836846e-07, 5.886840785400948e-07, 5.425935176020488e-07, 5.001697447454762e-07, 4.6094180925194486e-07, 4.2468945394014966e-07, 3.9119019851150724e-07, 3.603451452677191e-07, 3.3173933784215415e-07, 3.051685214049173e-07, 2.8059158409048284e-07, 2.578892448769955e-07, 2.369666386094611e-07, 2.1767804581469133e-07, 2.001076133797776e-07, 1.8390260323067708e-07, 1.6896844141507017e-07, 1.5525837687898093e-07, 1.4276166809653908e-07, 1.3120527574771292e-07, 1.2053057883630066e-07, 1.1080047561244477e-07, 1.017761921157691e-07, 9.344439445257247e-08, 8.579396789247824e-08, 7.876964285325411e-08, 7.233131749789463e-08, 6.640293627398013e-08, 6.091141210718995e-08, 5.587731692733108e-08, 5.123679642879234e-08]
W_list: [7.0]
L_list: [12.251317602759817]
