R_list= [ 1  2  3  4  5  6  7  8  9 10 11 12 13 14 15 16 17 18 19 20 21 22 23 24
 25 26 27 28 29 30]
C_final_list= [7.143163939866619e-07, 6.723521828796546e-07, 6.31849071138939e-07, 5.927771342990888e-07, 5.55458074431777e-07, 5.202481360425528e-07, 4.870457948471466e-07, 4.557730121165932e-07, 4.268659780804363e-07, 3.9991157524498753e-07, 3.744896740129869e-07, 3.5058155955365234e-07, 3.280829029027936e-07, 3.0705471154315747e-07, 2.8723494430712663e-07, 2.6843045457421786e-07, 2.5101171936757816e-07, 2.3480902466373806e-07, 2.1932607816730977e-07, 2.0469803839533386e-07, 1.908593208754134e-07, 1.78000711605506e-07, 1.6606864622773827e-07, 1.5492479616058992e-07, 1.445391553869662e-07, 1.3487756305336856e-07, 1.2587416986337238e-07, 1.1740893801017808e-07, 1.0967651826814289e-07, 1.0241413833675455e-07]
W_list: [6]
L_list: [15.104016629392795]
