R_list= [ 1  2  3  4  5  6  7  8  9 10 11 12 13 14 15 16 17 18 19 20 21 22 23 24
 25 26 27 28 29 30 31 32 33 34 35 36 37 38]
C_final_list= [1.0052718440618008e-07, 6.654101899074155e-08, 4.3263826661786054e-08, 2.812123109803128e-08, 1.816607605079777e-08, 1.1630439803348469e-08, 7.442206182669448e-09, 4.728738998217493e-09, 2.9875431561438277e-09, 1.884290677881142e-09, 1.185665858075058e-09, 7.472221599733578e-10, 4.732612828144643e-10, 2.9838665092988326e-10, 1.8654619277945236e-10, 1.1491576677994904e-10, 7.006015644322019e-11, 4.237112802092165e-11, 2.5492844558161493e-11, 1.5391878231943812e-11, 9.277300250764072e-12, 5.611630782296848e-12, 3.465658879103537e-12, 2.1730355644372514e-12, 1.3595580550299712e-12, 8.469941895158289e-13, 5.415494267606706e-13, 3.562144394762598e-13, 2.1630166973651613e-13, 1.3650308473152803e-13, 8.7301642935008e-14, 5.477291383289731e-14, 3.297399407320572e-14, 1.8177454677794776e-14, 1.1049675426690389e-14, 8.261823501431463e-15, 8.01775754766819e-15, 4.058778587177716e-15]
W_list: [7]
L_list: [2.340973314152965]
