R_list= [ 1  2  3  4  5  6  7  8  9 10 11 12 13 14 15 16 17 18 19 20 21 22 23 24
 25 26 27 28 29 30 31 32 33 34 35 36 37 38]
C_final_list= [5.792523780946504e-07, 4.6301612923764204e-07, 3.7199256972809844e-07, 2.976262211365616e-07, 2.3760177072306422e-07, 1.8996234271059885e-07, 1.5182749653869787e-07, 1.211463923685513e-07, 9.647760946272851e-08, 7.697946457773648e-08, 6.157583792213225e-08, 4.915097210959562e-08, 3.895415504423879e-08, 3.0962370251748404e-08, 2.4603766195890052e-08, 1.950462212783704e-08, 1.548946957447748e-08, 1.2272520880540883e-08, 9.681703941054405e-09, 7.602011765273943e-09, 5.997565026200718e-09, 4.740254876893748e-09, 3.750959228481692e-09, 2.9683999229963016e-09, 2.3450991372646212e-09, 1.8507132874326041e-09, 1.4525214127462032e-09, 1.1379707067068424e-09, 8.936853787820846e-10, 7.01635825427306e-10, 5.502776481466173e-10, 4.314364487854057e-10, 3.365829336819118e-10, 2.627696702861977e-10, 2.0633340864283328e-10, 1.6349210163678513e-10, 1.2853214452367452e-10, 1.0061161776991942e-10]
W_list: [7]
L_list: [4.469156706535237]
