R_list= [ 1  2  3  4  5  6  7  8  9 10 11 12 13 14 15 16 17 18 19 20 21 22 23 24
 25 26 27 28 29 30 31 32 33 34 35 36 37 38]
C_final_list= [5.675755459682917e-06, 4.773917339143167e-06, 3.972141650085264e-06, 3.292560101698523e-06, 2.723456503765498e-06, 2.2523483319127967e-06, 1.8625421311594628e-06, 1.5388580997544433e-06, 1.269593477081724e-06, 1.046483525019087e-06, 8.628553063830121e-07, 7.113355891503254e-07, 5.867304555702952e-07, 4.830796499786206e-07, 3.9757684145461907e-07, 3.2695492316642516e-07, 2.689193641070802e-07, 2.2131770023388133e-07, 1.8222283971617528e-07, 1.5005159849280549e-07, 1.235536149924556e-07, 1.0177210441852781e-07, 8.391047664781345e-08, 6.928064968548838e-08, 5.7166614645351545e-08, 4.715679094495981e-08, 3.894111585311539e-08, 3.2167797653453896e-08, 2.6588131498041395e-08, 2.1955279961542835e-08, 1.813440273247902e-08, 1.5000849314304504e-08, 1.2451948881243514e-08, 1.0340373754605337e-08, 8.59778233770129e-09, 7.158817913518904e-09, 5.981102013488394e-09, 4.974903327348979e-09]
W_list: [8.45]
L_list: [5.321071086225973]
