R_list= [ 1  2  3  4  5  6  7  8  9 10 11 12 13 14 15 16 17 18 19 20 21 22 23 24
 25 26 27 28 29 30 31 32 33 34 35 36 37 38]
C_final_list= [3.687994054703524e-05, 2.4223632286420753e-05, 1.5879134758358818e-05, 1.0366652926572906e-05, 6.737270917936366e-06, 4.377581022683534e-06, 2.8492463226404097e-06, 1.8532623723935332e-06, 1.2041407270626352e-06, 7.806527153256437e-07, 5.070679348636724e-07, 3.3023316596415405e-07, 2.1462619384958118e-07, 1.3888508459106446e-07, 9.015947099672656e-08, 5.843189946142791e-08, 3.786229110194553e-08, 2.459847148287764e-08, 1.592289785273692e-08, 1.0342117781957977e-08, 6.705555795446084e-09, 4.329904184727962e-09, 2.814940216358541e-09, 1.8002876667710597e-09, 1.1457770765719813e-09, 7.435320685088683e-10, 4.824075849704676e-10, 3.1121653126270613e-10, 2.0055991758202736e-10, 1.3058843181257482e-10, 8.443804769162568e-11, 5.402769545698892e-11, 3.503467891878111e-11, 2.3227202675675382e-11, 1.5344199948492507e-11, 1.0144008146950937e-11, 6.434520890526657e-12, 4.12686851684956e-12]
W_list: [8.1]
L_list: [2.35737198646337]
