R_list= [ 1  2  3  4  5  6  7  8  9 10 11 12 13 14 15 16 17 18 19 20 21 22 23 24
 25 26 27 28 29 30 31 32 33 34 35 36 37 38]
C_final_list= [2.1608422027244394e-06, 1.8479542088569357e-06, 1.6240411487005257e-06, 1.4452523252794534e-06, 1.2851859713660417e-06, 1.1454502037073212e-06, 1.0222149002847178e-06, 9.11078958094257e-07, 8.111547239517285e-07, 7.226928516472123e-07, 6.450584436795672e-07, 5.751407812304479e-07, 5.123761570784535e-07, 4.56759108091146e-07, 4.06166019992631e-07, 3.6093334531308053e-07, 3.202750342184857e-07, 2.843564155941518e-07, 2.5241156747124587e-07, 2.2394513878580076e-07, 1.9861223625684264e-07, 1.760047032582919e-07, 1.558481365595484e-07, 1.3810244819378138e-07, 1.2241350238531772e-07, 1.0843363941322135e-07, 9.605378637094905e-08, 8.519120259688054e-08, 7.562364929876815e-08, 6.70898120959266e-08, 5.934501292772123e-08, 5.2493585846371226e-08, 4.6415161225531354e-08, 4.106992403637482e-08, 3.6384961625130295e-08, 3.2222416457837953e-08, 2.8520019362225682e-08, 2.523119334432468e-08]
W_list: [4]
L_list: [8.410097763373246]
