R_list= [ 1  2  3  4  5  6  7  8  9 10 11 12 13 14 15 16 17 18 19 20 21 22 23 24
 25 26 27 28 29 30 31 32 33 34 35 36 37 38]
C_final_list= [1.8377593881802694e-06, 1.697765528409838e-06, 1.5978154605849245e-06, 1.515852304962495e-06, 1.4358782984178646e-06, 1.3578643598114984e-06, 1.2845740713210247e-06, 1.2165038315237842e-06, 1.1511452234948882e-06, 1.0890612321505108e-06, 1.0302433963556848e-06, 9.74462449294172e-07, 9.213260255223809e-07, 8.708970011545151e-07, 8.236277831997206e-07, 7.78962395332821e-07, 7.361070994508885e-07, 6.953543271636478e-07, 6.567252574967188e-07, 6.199916357481631e-07, 5.857264275609931e-07, 5.536548687284631e-07, 5.230322761512927e-07, 4.939419759651152e-07, 4.664908761519541e-07, 4.4050964820438197e-07, 4.1578380910447493e-07, 3.9215294794210607e-07, 3.697542626868443e-07, 3.4854772953562626e-07, 3.2845148603169676e-07, 3.095601172944427e-07, 2.9177421398111303e-07, 2.748931073754261e-07, 2.589173170994581e-07, 2.438799163051277e-07, 2.297911444055002e-07, 2.1659077547926214e-07]
W_list: [4]
L_list: [17.67715282026719]
