R_list= [ 1  2  3  4  5  6  7  8  9 10 11 12 13 14 15 16 17 18 19 20 21 22 23 24
 25 26 27 28 29 30 31 32 33 34 35 36 37 38]
C_final_list= [9.862425634802002e-07, 8.578088359769807e-07, 7.49725314219201e-07, 6.543249472632737e-07, 5.709868228806809e-07, 4.985537454011742e-07, 4.349486856258631e-07, 3.794804321629197e-07, 3.3103628792021623e-07, 2.881586869251087e-07, 2.507795533505974e-07, 2.179547381439794e-07, 1.8906761057619405e-07, 1.6453244516925302e-07, 1.4323655802068003e-07, 1.2462104892169104e-07, 1.0814790506857949e-07, 9.375421053111328e-08, 8.141537601622691e-08, 7.071821917992192e-08, 6.146560649778593e-08, 5.332550506530077e-08, 4.623589891954361e-08, 4.0067360569415106e-08, 3.4645840781187465e-08, 2.996312532423181e-08, 2.5923315538143872e-08, 2.2470335356316936e-08, 1.9465216396114404e-08, 1.6898170620474327e-08, 1.4659732067546099e-08, 1.272068646244063e-08, 1.1023750747758257e-08, 9.541848578356012e-09, 8.262281144744279e-09, 7.160731298908634e-09, 6.208217907969359e-09, 5.388027372189944e-09]
W_list: [6]
L_list: [7.271762936591096]
