C_final_list: [2.303793096506418e-06, 2.2286187391288956e-06, 2.1512508291632075e-06, 2.0781570886330216e-06, 2.00801024168443e-06, 1.940889219079214e-06, 1.875203350207576e-06, 1.8126332831159045e-06, 1.7496862385642654e-06, 1.689957762036903e-06, 1.6312691390776013e-06, 1.5750292819363659e-06, 1.5204243792346193e-06, 1.4688205954616064e-06, 1.4182979828063916e-06, 1.3691746818562517e-06, 1.3223465474026492e-06, 1.2763376717704918e-06, 1.2317262285689457e-06, 1.1885889083015642e-06, 1.1469217984572261e-06, 1.1067555595382134e-06, 1.068041651623296e-06, 1.0304338716843468e-06, 9.93921549362741e-07, 9.58796645398105e-07, 9.246968232961555e-07, 8.913872442599646e-07, 8.591650020447185e-07, 8.28039146950963e-07, 7.981186440720416e-07, 7.693834557304689e-07, 7.415501537636026e-07, 7.148334052107147e-07, 6.891301309534692e-07, 6.640232183461254e-07, 6.397395512617004e-07, 6.163469109548718e-07, 5.937028906002519e-07, 5.721690865406953e-07, 5.511010686859718e-07, 5.310310356144808e-07, 5.113909561294157e-07, 4.926830776391451e-07, 4.7447358104893765e-07, 4.5704164818315406e-07, 4.40110507179069e-07, 4.236356518844784e-07, 4.07833874714492e-07, 3.9263548112819867e-07]
ndim2: 500
W_list: [2.0]
L_list: [28.08419259810155]
