C_final_list: [2.2057193428607527e-06, 2.1702636545982745e-06, 2.1348941921978963e-06, 2.100684934168589e-06, 2.0669660442199896e-06, 2.0338153348812372e-06, 2.0016833316645626e-06, 1.9701474057282204e-06, 1.9390040572636434e-06, 1.9083956580320402e-06, 1.878528164006329e-06, 1.8492158610247476e-06, 1.8206054461667675e-06, 1.792328732510579e-06, 1.764525010830775e-06, 1.736916804662956e-06, 1.7095223627700564e-06, 1.682548732279239e-06, 1.65564349159959e-06, 1.6293648122395363e-06, 1.6036399850652036e-06, 1.5783196239070377e-06, 1.5534446809757994e-06, 1.528717847201314e-06, 1.504207957201761e-06, 1.4801355642195207e-06, 1.456333684173651e-06, 1.4328408326704024e-06, 1.409664416666325e-06, 1.3865487366002524e-06, 1.3640412323945488e-06, 1.3417880310773166e-06, 1.3201630997411625e-06, 1.2988328858495771e-06, 1.2776795039178857e-06]
ndim2: 500
W_list: [2.0]
L_list: [62.61897611898294]
