C_final_list: [1.9133253343607985e-06, 1.700520949790098e-06, 1.5036192076307708e-06, 1.3279122639455905e-06, 1.171425693727936e-06, 1.0331888201022926e-06, 9.118583203282379e-07, 8.046511170796171e-07, 7.102062687071851e-07, 6.258233362567298e-07, 5.515498690565022e-07, 4.867987751345405e-07, 4.301062157917381e-07, 3.7913029979676753e-07, 3.3321716131178387e-07, 2.936594098118883e-07, 2.586076659724363e-07, 2.2739633181126983e-07, 2.0030678993056016e-07, 1.7601953959706202e-07, 1.5430376517157997e-07, 1.3574044860711474e-07, 1.1925702284850403e-07, 1.0454335517758275e-07, 9.18804762364388e-08, 8.07652184958576e-08, 7.111537385137107e-08, 6.255597311115394e-08, 5.511073323134692e-08, 4.8517010669330325e-08, 4.284145237052123e-08, 3.782034918504664e-08, 3.3403782262729354e-08, 2.9332137105686043e-08, 2.5827669845730517e-08]
ndim2: 500
W_list: [2.4]
L_list: [7.992612531993974]
