C_final_list: [1.6286579137265405e-06, 1.5651522502703175e-06, 1.5025321189035028e-06, 1.4426304420475669e-06, 1.385321641798762e-06, 1.329478075422728e-06, 1.2764429666586735e-06, 1.2260505348898241e-06, 1.1776812394943847e-06, 1.1308522809019554e-06, 1.0856456490565843e-06, 1.0422654246414304e-06, 1.0004876274146143e-06, 9.601555929565268e-07, 9.219190653915184e-07, 8.852154890922897e-07, 8.500140898550229e-07, 8.160992779793267e-07, 7.834021922437525e-07, 7.523330167874097e-07, 7.223125153628863e-07, 6.931332051064363e-07, 6.653327160291101e-07, 6.38403874925595e-07, 6.124254738615064e-07, 5.876961294097271e-07, 5.639956339219911e-07, 5.411791185543082e-07, 5.195005239352807e-07, 4.986580868950628e-07, 4.788625617940519e-07, 4.5979208688479295e-07, 4.412300020779669e-07, 4.2325906419410415e-07, 4.060567136835696e-07]
ndim2: 500
W_list: [3.2]
L_list: [24.519310719842768]
