R_list= [ 1  2  3  4  5  6  7  8  9 10 11 12 13 14 15 16 17 18 19 20 21 22 23 24
 25 26 27 28 29 30 31 32 33 34 35 36 37 38]
C_final_list= [1.4422721409009683e-06, 1.219308278555627e-06, 1.0597454113774632e-06, 9.229626957179527e-07, 8.033132260595743e-07, 6.988956184619014e-07, 6.083653816961667e-07, 5.286105951579851e-07, 4.59442520783656e-07, 3.9930479486756885e-07, 3.459799058102705e-07, 2.997142285696447e-07, 2.5937685147077323e-07, 2.246965960725212e-07, 1.9458821088706588e-07, 1.6809953771644372e-07, 1.4534554166771908e-07, 1.2581288353328923e-07, 1.0873313049407753e-07, 9.364500229761212e-08, 8.089828257551708e-08, 7.005920570740558e-08, 6.065182181458442e-08, 5.2572278012351334e-08, 4.544523628640249e-08, 3.916378184013218e-08, 3.3764947345430675e-08, 2.9097993598139593e-08, 2.5048585183552584e-08, 2.1584994347069033e-08, 1.8574174718400903e-08, 1.597238207714252e-08, 1.3694201246354045e-08, 1.175521182142507e-08, 1.0083524376917439e-08, 8.644516131890865e-09, 7.428530899715937e-09, 6.3913313634094585e-09]
W_list: [5]
L_list: [7.02099548276543]
