C_final_list: [1.9343677216260075e-06, 1.9129167297267928e-06, 1.8917663860726963e-06, 1.8716124349483186e-06, 1.8521503240361846e-06, 1.8330673266750975e-06, 1.8142847089252649e-06, 1.7957257967475483e-06, 1.777345804835111e-06, 1.759016434945057e-06, 1.741004405264803e-06, 1.7234568017861584e-06, 1.7058945086104709e-06, 1.688789798388919e-06, 1.6718143956028302e-06, 1.6548824782585382e-06, 1.6381751027937473e-06, 1.6216617455195528e-06, 1.6052657801483261e-06, 1.5890512648272774e-06, 1.572932149863931e-06, 1.5570490014988739e-06, 1.5411036421754597e-06, 1.5254110131615786e-06, 1.509780681496863e-06, 1.4941417341020471e-06, 1.4785339916685952e-06, 1.4632144067028806e-06, 1.4479131365635856e-06, 1.4326561999930454e-06, 1.4177499832272316e-06, 1.4031308459140853e-06, 1.388407717947457e-06, 1.373953720828254e-06, 1.359601165626677e-06, 1.3453086458161863e-06, 1.3310706565869224e-06, 1.3170827937824067e-06, 1.3032406713270294e-06, 1.2894817272205085e-06, 1.2758429868074632e-06, 1.262352504533573e-06, 1.2490356517738564e-06, 1.2358170569029015e-06, 1.2228182815669142e-06, 1.2101359389758556e-06, 1.19759625805997e-06, 1.1852009636478278e-06, 1.1729392419983096e-06, 1.1608515983749173e-06]
ndim2: 500
W_list: [2.6]
L_list: [96.48825180144291]
