R_list= [ 1  2  3  4  5  6  7  8  9 10 11 12 13 14 15 16 17 18 19 20 21 22 23 24
 25 26 27 28 29 30 31 32 33 34 35 36 37 38]
C_final_list= [1.3856111098632624e-06, 1.2809255449912994e-06, 1.1954226431296129e-06, 1.1123207493717483e-06, 1.0365827653193073e-06, 9.661485239998937e-07, 8.990320453685174e-07, 8.374268997434486e-07, 7.804947721282544e-07, 7.2659114608885e-07, 6.75841220994531e-07, 6.290417183642999e-07, 5.849914040486391e-07, 5.442442461451464e-07, 5.061191475884688e-07, 4.7055462911638264e-07, 4.375286492929495e-07, 4.0703526071029344e-07, 3.785916946668894e-07, 3.522146092986777e-07, 3.2720643342479386e-07, 3.0385135687381386e-07, 2.824861533637635e-07, 2.626028711262561e-07, 2.440288287035452e-07, 2.2693434528090185e-07, 2.1101319260379192e-07, 1.9608783720049407e-07, 1.8217052119761017e-07, 1.6910621528257174e-07, 1.5712320862836913e-07, 1.4577081852645453e-07, 1.351363648992489e-07, 1.252136603951916e-07, 1.1593719493121994e-07, 1.0721262150780404e-07, 9.925191484242064e-08, 9.19331906918281e-08]
W_list: [5]
L_list: [13.867013481566731]
