C_list:
1.3793571719612524e-06 0.19910603891901144
ndim2: 500
W_list: [3.8000000000000003]
L_list: [5.022449371346094]
