C_final_list: [2.0007416255797774e-06, 1.7640007520005295e-06, 1.551505122313925e-06, 1.3631650367350547e-06, 1.191564317790738e-06, 1.0454473537083551e-06, 9.171233198778528e-07, 8.055874928717196e-07, 7.082663563061609e-07, 6.206604371976655e-07, 5.428972286718582e-07, 4.7400164169975076e-07, 4.1348087327128746e-07, 3.605291532563813e-07, 3.1503722076811824e-07, 2.7496189511125133e-07, 2.4006653123639966e-07, 2.0956925283747254e-07, 1.8297683825940877e-07, 1.598628177045494e-07, 1.3983640102957909e-07, 1.2224771745098623e-07, 1.0691979903352262e-07, 9.334955068404676e-08, 8.162697195230277e-08, 7.12378247767699e-08, 6.226979822947462e-08, 5.442508386231526e-08, 4.745900511023079e-08, 4.13591150205816e-08, 3.6093194410153384e-08, 3.1641597554014446e-08, 2.760164846632672e-08, 2.4074965434284424e-08, 2.093009143783293e-08, 1.8177647900290894e-08, 1.5723457389652356e-08, 1.3645378093361881e-08, 1.1855489224050403e-08, 1.0329297621023503e-08, 9.006416683245748e-09, 7.845334320494777e-09, 6.8266386077981115e-09, 5.937399329935682e-09, 5.157976156744299e-09, 4.4913402990352506e-09, 3.894243219933005e-09, 3.3855834292188644e-09, 2.948815443831459e-09, 2.57013075282074e-09]
ndim2: 500
W_list: [3.0]
L_list: [7.589213673280592]
