C_final_list: [2.098797332690305e-06, 1.868790961612308e-06, 1.6538089200774376e-06, 1.4626109301095769e-06, 1.2974106341773934e-06, 1.1496500212043533e-06, 1.0220430549199526e-06, 9.104199640201709e-07, 8.093352167485098e-07, 7.204229567400494e-07, 6.405641239691442e-07, 5.688604677535385e-07, 5.041109189686187e-07, 4.467850188381372e-07, 3.964891909094468e-07, 3.512779291118932e-07, 3.111692325547902e-07, 2.7636712215369516e-07, 2.454454404377682e-07, 2.183782515122548e-07, 1.9344477400361648e-07, 1.7111662038946777e-07, 1.5160961522241682e-07, 1.3454399757820177e-07, 1.19270782111687e-07, 1.0571252270098824e-07, 9.351981644437535e-08, 8.271433548550145e-08, 7.303022653539061e-08, 6.465653238191551e-08, 5.7323537255872155e-08, 5.084017351075094e-08, 4.512228401715059e-08, 3.979449761730084e-08, 3.5030615649949865e-08, 3.084243283090426e-08, 2.7065745219161616e-08, 2.3801263007293675e-08, 2.0910680848028884e-08, 1.8380319749466252e-08, 1.6198508021928393e-08, 1.4237220044516746e-08, 1.2546367026858018e-08, 1.1033856500509615e-08, 9.738607584711142e-09, 8.558792421384244e-09, 7.520554449613053e-09, 6.61133025835369e-09, 5.810729663769222e-09, 5.094421301646303e-09]
ndim2: 500
W_list: [2.8499999999999996]
L_list: [8.3819878022739]
