R_list= [ 1  2  3  4  5  6  7  8  9 10 11 12 13 14 15 16 17 18 19 20 21 22 23 24
 25 26 27 28 29 30 31 32 33 34 35 36 37 38]
C_final_list= [7.614476484796043e-07, 6.850595131587524e-07, 6.114604233258686e-07, 5.443862938409144e-07, 4.847186660293399e-07, 4.308194816549003e-07, 3.8249285044925213e-07, 3.3906849068293816e-07, 3.001422978694306e-07, 2.6549216107888146e-07, 2.3457645719835244e-07, 2.0712237621965834e-07, 1.827464082297987e-07, 1.6139117580966886e-07, 1.4258183225923194e-07, 1.258921640294741e-07, 1.1127940496888668e-07, 9.840071737113293e-08, 8.695331338050412e-08, 7.677427446085728e-08, 6.775369145818871e-08, 5.976743710665401e-08, 5.275659847435515e-08, 4.653571689933596e-08, 4.1056477427529475e-08, 3.622890984082527e-08, 3.1944704960790065e-08, 2.8143912262114252e-08, 2.4742869969356287e-08, 2.1731662132977814e-08, 1.9073730179019764e-08, 1.6719200523930813e-08, 1.465836340144037e-08, 1.2861412414402995e-08, 1.1284056077482691e-08, 9.909968575643902e-09, 8.708825655150245e-09, 7.646697193122179e-09]
W_list: [7.8]
L_list: [8.352123158743217]
