C_list:
1.9511804822619362e-06 0.09027800189840124
ndim2: 500
W_list: [1.7999999999999998]
L_list: [11.076895577788694]
