C_final_list: [1.93249254409484e-06, 1.6927294868976465e-06, 1.4745611519085405e-06, 1.2887127537636267e-06, 1.1286720239448891e-06, 9.86142055061701e-07, 8.615783473259538e-07, 7.524919010825028e-07, 6.571841735538994e-07, 5.741285678205765e-07, 5.014018133633646e-07, 4.3601929950527724e-07, 3.7943855621994843e-07, 3.2987886725690526e-07, 2.856309891471843e-07, 2.4832485300071486e-07, 2.1563642082845572e-07, 1.8704434169028888e-07, 1.6274490822357414e-07, 1.411929819494101e-07, 1.2218134516957058e-07, 1.0569787044774518e-07, 9.142248136128096e-08, 7.898596646730174e-08, 6.812752982787217e-08, 5.8789466301502067e-08, 5.0505794977630694e-08, 4.351632334626082e-08, 3.742896793407091e-08, 3.234280327695635e-08, 2.7857965276518054e-08, 2.4045197462232207e-08, 2.0777455781348647e-08, 1.7898229696434912e-08, 1.5378188548174595e-08]
ndim2: 500
W_list: [3.0]
L_list: [7.338352443068497]
