R_list= [ 1  2  3  4  5  6  7  8  9 10 11 12 13 14 15 16 17 18 19 20 21 22 23 24
 25 26 27 28 29 30 31 32 33 34 35 36 37 38]
C_final_list= [2.196947498976865e-06, 1.9232460282762566e-06, 1.6658324943234801e-06, 1.4358813320411621e-06, 1.2336860589518372e-06, 1.0587284279509948e-06, 9.076334883303068e-07, 7.782280980802194e-07, 6.666954397712917e-07, 5.70888077762103e-07, 4.886003104174786e-07, 4.18470342105052e-07, 3.5808985367670743e-07, 3.063083430133624e-07, 2.6192025062459057e-07, 2.2395850753231858e-07, 1.9139397173505667e-07, 1.6331375310471268e-07, 1.3933615937982383e-07, 1.1876368172131101e-07, 1.0117532387437533e-07, 8.616001636739307e-08, 7.327431461995546e-08, 6.2346084930998e-08, 5.3079976610738074e-08, 4.521271886038359e-08, 3.851155305268882e-08, 3.280017147075606e-08, 2.792600240148197e-08, 2.3774327965403403e-08, 2.0258256437100924e-08, 1.7299678106108713e-08, 1.479389304856578e-08, 1.2666030817390106e-08, 1.0841536295207554e-08, 9.28541636378838e-09, 7.956650971123662e-09, 6.8211840982774885e-09]
W_list: [8.35]
L_list: [6.613763701400701]
