R_list= [ 1  2  3  4  5  6  7  8  9 10 11 12 13 14 15 16 17 18 19 20 21 22 23 24
 25 26 27 28 29 30 31 32 33 34 35 36 37 38]
C_final_list= [2.231931015279645e-07, 1.9445612893198584e-07, 1.6698226439033537e-07, 1.4225529590330326e-07, 1.203935278318599e-07, 1.0155882323103635e-07, 8.5596701108801e-08, 7.211515236402381e-08, 6.071635641132385e-08, 5.1035514812773395e-08, 4.293315166721345e-08, 3.610486230964822e-08, 3.03115230244582e-08, 2.5431457486887632e-08, 2.1300855355651774e-08, 1.781115220567819e-08, 1.4892556778412855e-08, 1.2455107954161399e-08, 1.0404429221476062e-08, 8.705035071172166e-09, 7.2871968541161236e-09, 6.097108908719062e-09, 5.095038361326431e-09, 4.25179980557143e-09, 3.548279658470056e-09, 2.9612485908926904e-09, 2.474450611517064e-09, 2.06758128292648e-09, 1.7258640295894118e-09, 1.441066989498529e-09, 1.2065086194533183e-09, 1.0074393193404453e-09, 8.39455495733646e-10, 6.991473227493225e-10, 5.830455948610304e-10, 4.838966519678252e-10, 4.014807945032618e-10, 3.3335874152245564e-10]
W_list: [9.2]
L_list: [6.049629588976309]
