C_final_list: [1.06495274829195e-06, 9.770290786734172e-07, 8.919595158967302e-07, 8.151001797505367e-07, 7.439633476611774e-07, 6.793992801225396e-07, 6.198103116097451e-07, 5.641314343674448e-07, 5.133400615073954e-07, 4.6689790136609493e-07, 4.250538613813819e-07, 3.864821615507976e-07, 3.51327434418602e-07, 3.1898961827384746e-07, 2.898372271424665e-07, 2.6334214531740275e-07, 2.3922936535605144e-07, 2.1740571890450023e-07, 1.9759284057914207e-07, 1.7961853900550189e-07, 1.6331471569234332e-07, 1.4837197542270045e-07, 1.3492961714965083e-07, 1.2262734028425745e-07, 1.113258038804427e-07, 1.0118250024238075e-07, 9.177526025486205e-08, 8.317277193993902e-08, 7.535483079297571e-08, 6.813883511638174e-08, 6.174486690682378e-08, 5.5857936512869664e-08, 5.0579711554810734e-08, 4.572635452571395e-08, 4.131592095345687e-08, 3.7295077428147056e-08, 3.36273982063484e-08, 3.032324761241074e-08, 2.7374817896650165e-08, 2.4741812154924977e-08, 2.236304617011802e-08, 2.0220783232943735e-08, 1.8244550777622777e-08, 1.644900042495279e-08, 1.4841886149042544e-08, 1.3393220212384443e-08, 1.2064001420232107e-08, 1.0856500962457515e-08, 9.790437238845359e-09, 8.836126389148597e-09]
ndim2: 500
W_list: [4.2]
L_list: [10.664798960790357]
