R_list= [ 1  2  3  4  5  6  7  8  9 10 11 12 13 14 15 16 17 18 19 20 21 22 23 24
 25 26 27 28 29 30 31 32 33 34 35 36 37 38]
C_final_list= [3.8383781945936505e-06, 3.168636384866272e-06, 2.594346437126691e-06, 2.121536115423162e-06, 1.729340642178157e-06, 1.4101747432715592e-06, 1.1497824246102453e-06, 9.383400964262107e-07, 7.653171831008045e-07, 6.230155268745717e-07, 5.069672703072158e-07, 4.125962060871325e-07, 3.353922444388872e-07, 2.723593469204546e-07, 2.2090944950179732e-07, 1.7922653965471673e-07, 1.4553029061736454e-07, 1.1832857815463737e-07, 9.630027456871929e-08, 7.805054342600504e-08, 6.32033862782223e-08, 5.130179832611352e-08, 4.165520978540941e-08, 3.385889327482696e-08, 2.7530747741145384e-08, 2.2393408770255537e-08, 1.819531806198747e-08, 1.4771229965388962e-08, 1.1985670362349662e-08, 9.744793756148817e-09, 7.952619638410002e-09, 6.478969513082974e-09, 5.28539252424669e-09, 4.310685673568729e-09, 3.5291052369331054e-09, 2.8781649030709637e-09, 2.346975246597244e-09, 1.919393287476589e-09]
W_list: [8.0]
L_list: [4.949854515994571]
