C_final_list: [2.1640673360629475e-06, 1.9404237191785095e-06, 1.7346993233285597e-06, 1.545971293920373e-06, 1.3789000189535218e-06, 1.2285015125774818e-06, 1.0918824128488026e-06, 9.713641642224846e-07, 8.655540535782544e-07, 7.701637451084196e-07, 6.863891247065783e-07, 6.116622197136121e-07, 5.454402996053786e-07, 4.859860672419888e-07, 4.3353744591902625e-07, 3.8696125338796566e-07, 3.4560840720178874e-07, 3.0751669037016065e-07, 2.733307584064445e-07, 2.431130012545439e-07, 2.16737668143746e-07, 1.9288242446606754e-07, 1.7179819053005026e-07, 1.532156056549439e-07, 1.3673811110912362e-07, 1.217592383013232e-07, 1.0843187112708562e-07, 9.652650533390725e-08, 8.585860163565046e-08, 7.618626189139832e-08, 6.745516992052561e-08, 5.9591667409052835e-08, 5.261452976751118e-08, 4.6490479927758905e-08, 4.11060004845074e-08]
ndim2: 500
W_list: [2.6]
L_list: [8.685772017801504]
