R_list= [ 1  2  3  4  5  6  7  8  9 10 11 12 13 14 15 16 17 18 19 20 21 22 23 24
 25 26 27 28 29 30 31 32 33 34 35 36 37 38]
C_final_list= [2.113486222452358e-06, 2.0068833940713247e-06, 1.931333948154486e-06, 1.8509654835206961e-06, 1.7762075575436008e-06, 1.7042276596608686e-06, 1.6360468714656294e-06, 1.571462765304701e-06, 1.5092812121806782e-06, 1.448465434517463e-06, 1.3899278653037869e-06, 1.33440698377969e-06, 1.2815862277305647e-06, 1.230631201998526e-06, 1.1810818436058036e-06, 1.1334904987856706e-06, 1.088093446395371e-06, 1.0446264141772777e-06, 1.002720140536584e-06, 9.625625345954783e-07, 9.239217999860111e-07, 8.866982036789437e-07, 8.501438666810758e-07, 8.152834682194862e-07, 7.816663829468849e-07, 7.493432231125871e-07, 7.186858986401944e-07, 6.89258528823998e-07, 6.609501185330096e-07, 6.334815614530183e-07, 6.071909727168613e-07, 5.822358815982489e-07, 5.58227035749567e-07, 5.349311760176935e-07, 5.126667993515942e-07, 4.913789814074403e-07, 4.7087617491658206e-07, 4.5120604234046025e-07]
W_list: [4]
L_list: [24.238611392525197]
