R_list= [ 1  2  3  4  5  6  7  8  9 10 11 12 13 14 15 16 17 18 19 20 21 22 23 24
 25 26 27 28 29 30 31 32 33 34 35 36 37 38]
C_final_list= [7.914966363154988e-07, 5.46289525912977e-07, 3.525509701912429e-07, 2.2342355301241173e-07, 1.417742670630051e-07, 8.989802482954599e-08, 5.6751036094687095e-08, 3.581057865040323e-08, 2.2633831194412092e-08, 1.4296086747157134e-08, 8.975549897768747e-09, 5.573952833183103e-09, 3.4393419552453537e-09, 2.1257913336311056e-09, 1.3113571652093143e-09, 8.1339769270929e-10, 5.08345989259206e-10, 3.191552568753524e-10, 2.0030893370425253e-10, 1.2531449671893725e-10, 7.819264420468507e-11, 4.913485723105866e-11, 3.1006441937933006e-11, 1.9816188499363746e-11, 1.280515509794744e-11, 8.31921045433565e-12, 5.457971968943795e-12, 3.6198443615512813e-12, 2.4013251270445274e-12, 1.5623778651515311e-12, 9.882170569978823e-13, 6.232196187905075e-13, 3.889954401633935e-13, 2.402767884955107e-13, 1.4807915321109419e-13, 9.209249221336382e-14, 5.791995262992076e-14, 3.6211567203555124e-14]
W_list: [5]
L_list: [2.364958212817458]
