C_list:
1.963394750757834e-06 0.07831879436756267
ndim2: 500
W_list: [1.5999999999999999]
L_list: [12.768327297108781]
