R_list= [ 1  2  3  4  5  6  7  8  9 10 11 12 13 14 15 16 17 18 19 20 21 22 23 24
 25 26 27 28 29 30 31 32 33 34 35 36 37 38]
C_final_list= [1.3015768038033148e-06, 1.159643325113191e-06, 1.053387105260517e-06, 9.56334674980004e-07, 8.653869517565105e-07, 7.829551836315143e-07, 7.08779144535684e-07, 6.413306850281347e-07, 5.799783503436559e-07, 5.244879074103805e-07, 4.7458358368926224e-07, 4.300666305610371e-07, 3.894168028682088e-07, 3.527319070975875e-07, 3.201198901511789e-07, 2.9031534570581866e-07, 2.629063959664042e-07, 2.376537934556192e-07, 2.1487907492597783e-07, 1.942878902961065e-07, 1.7553349123270597e-07, 1.585558358398967e-07, 1.4314302009312777e-07, 1.2925564158628052e-07, 1.1665070508718718e-07, 1.0518874441864728e-07, 9.492414978234856e-08, 8.562424795156366e-08, 7.719955998236703e-08, 6.957233863557193e-08, 6.27113676619589e-08, 5.646967599624761e-08, 5.088137068841232e-08, 4.578091540739025e-08, 4.115268780969708e-08, 3.703040161337689e-08, 3.331847115303519e-08, 2.998623746053738e-08]
W_list: [5]
L_list: [9.99585888893726]
