C_final_list: [1.8420882332123407e-06, 1.5881494346414573e-06, 1.360309107925678e-06, 1.1673813360236277e-06, 1.00464072458697e-06, 8.636124292536053e-07, 7.452050999731566e-07, 6.423194193507686e-07, 5.545777649681329e-07, 4.777840945518316e-07, 4.1269896132896586e-07, 3.537879226147093e-07, 3.033362156230796e-07, 2.5993464714537944e-07, 2.2258599713125993e-07, 1.9036286677852033e-07, 1.6222419459174947e-07, 1.3896025672120795e-07, 1.1901220784859344e-07, 1.0145326143563568e-07, 8.624610415602532e-08, 7.344063614007623e-08, 6.222770029559746e-08, 5.303395117103037e-08, 4.5043379981904204e-08, 3.839075008318721e-08, 3.261797367719355e-08, 2.7647679351125958e-08, 2.343671867942911e-08, 1.991765814494636e-08, 1.6955200598540155e-08, 1.438693591749062e-08, 1.2240009009523533e-08, 1.0389253264599288e-08, 8.826000438922134e-09]
ndim2: 500
W_list: [2.8]
L_list: [6.618399219644111]
