R_list= [ 1  2  3  4  5  6  7  8  9 10 11 12 13 14 15 16 17 18 19 20 21 22 23 24
 25 26 27 28 29 30 31 32]
C_final_list= [7.802430788569384e-07, 7.265746346843288e-07, 6.753584783940136e-07, 6.267496467860159e-07, 5.816454166562113e-07, 5.395514187960113e-07, 5.001479103203613e-07, 4.635599235870058e-07, 4.293659150861256e-07, 3.978296786100833e-07, 3.68089245910228e-07, 3.4029522015333665e-07, 3.145133577863664e-07, 2.9077743368228193e-07, 2.686253962169754e-07, 2.479289677622952e-07, 2.2883404109596202e-07, 2.11113050380521e-07, 1.9477168743600467e-07, 1.7971403009570357e-07, 1.6592213191099055e-07, 1.5321518353688155e-07, 1.412824591746575e-07, 1.3023579596671042e-07, 1.2011996110891167e-07, 1.1064413668250327e-07, 1.0196574996798993e-07, 9.397809153008446e-08, 8.65617601049254e-08, 7.982132118540542e-08, 7.356803851129248e-08, 6.778078428228587e-08]
W_list: [6]
L_list: [12.922608519382562]
