R_list= [ 1  2  3  4  5  6  7  8  9 10 11 12 13 14 15 16 17 18 19 20 21 22 23 24
 25 26 27 28 29 30 31 32 33 34 35 36 37 38]
C_final_list= [6.124783388287637e-07, 5.57746346720732e-07, 5.055152540130216e-07, 4.5664036516575407e-07, 4.126143666524422e-07, 3.7287157101985065e-07, 3.3658094960602615e-07, 3.035018206336363e-07, 2.7384299334827345e-07, 2.470341309532027e-07, 2.2291771954745722e-07, 2.0072614645653834e-07, 1.8047590180796688e-07, 1.6212327396491726e-07, 1.4573472453841626e-07, 1.3105764763230054e-07, 1.1794533220700178e-07, 1.0615654388728594e-07, 9.558889392300769e-08, 8.593867933973524e-08, 7.723812120155948e-08, 6.942159900001313e-08, 6.225167937853481e-08, 5.5843621875580295e-08, 5.007604319011988e-08, 4.49043354522048e-08, 4.020318129051911e-08, 3.5937465613855264e-08, 3.21406125613113e-08, 2.8722283328158188e-08, 2.5652438270509558e-08, 2.2915228617980247e-08, 2.048851540306367e-08, 1.8326515025267132e-08, 1.6402085723446877e-08, 1.4655190037725404e-08, 1.3089054986490251e-08, 1.1685397194782515e-08]
W_list: [7.0]
L_list: [9.684422503379343]
