C_final_list: [8.672363988573091e-07, 8.35331945176157e-07, 8.017678850632096e-07, 7.690041722703874e-07, 7.375287589767766e-07, 7.064616287926626e-07, 6.765141727998536e-07, 6.474598927387988e-07, 6.196725886175794e-07, 5.927296435894706e-07, 5.670442165470355e-07, 5.425350248663865e-07, 5.188948863115999e-07, 4.960909525977626e-07, 4.7445592842470716e-07, 4.540151859415496e-07, 4.3448162790113843e-07, 4.1565843543995637e-07, 3.9785101409101666e-07, 3.8066681103642597e-07, 3.641559190088399e-07, 3.48273914884736e-07, 3.329869720315332e-07, 3.182268104172225e-07, 3.0411307560410276e-07, 2.9050177072260595e-07, 2.7751178281861987e-07, 2.6519396684037013e-07, 2.532376680441233e-07, 2.418565199757461e-07, 2.3082736002876327e-07, 2.2016726603948783e-07, 2.1007442123444252e-07, 2.003877635121468e-07, 1.9122545620396755e-07]
ndim2: 500
W_list: [2.6]
L_list: [22.67174433878433]
