C_final_list: [2.2521981538608813e-06, 2.0835983910122295e-06, 1.9176169375683184e-06, 1.7693405469588007e-06, 1.6318556111924402e-06, 1.507385554550672e-06, 1.3909618985608685e-06, 1.2871936116385484e-06, 1.1884916341255981e-06, 1.0977965082832981e-06, 1.012965716919188e-06, 9.352428940954534e-07, 8.629443687752365e-07, 7.965226957455845e-07, 7.335358197889836e-07, 6.746016912728707e-07, 6.198871279098207e-07, 5.701503827350384e-07, 5.248608207798585e-07, 4.831754700861323e-07, 4.450814475807492e-07, 4.0976824422683424e-07, 3.764315895344969e-07, 3.4617687326321584e-07, 3.179089128581622e-07, 2.9204083456421994e-07, 2.6796840084096856e-07, 2.455755326338666e-07, 2.2522183583324816e-07, 2.066765714065253e-07, 1.8967710825301656e-07, 1.7363472046207293e-07, 1.5891729646612902e-07, 1.452965306379106e-07, 1.3312288229273855e-07]
ndim2: 500
W_list: [2.0]
L_list: [12.329286411760826]
