C_final_list: [1.7791463856667238e-06, 1.4904883475970387e-06, 1.2495247926262142e-06, 1.045063388148214e-06, 8.743685535208766e-07, 7.336080362437874e-07, 6.149471896988354e-07, 5.169069789133889e-07, 4.324096409329384e-07, 3.6124537578627526e-07, 3.01344396965146e-07, 2.511113314584786e-07, 2.0916627101419777e-07, 1.7357475705780358e-07, 1.4362524431982164e-07, 1.1825181382591773e-07, 9.756511798144466e-08, 8.029008246940509e-08, 6.642567898954522e-08, 5.471361756393014e-08, 4.528856744687773e-08, 3.754335774229217e-08, 3.1140623859115584e-08, 2.5905734972326675e-08, 2.1447766539422324e-08, 1.7733534662166682e-08, 1.4671389787532394e-08, 1.2136060546205918e-08, 1.0024656811002257e-08, 8.27327457339369e-09, 6.837365202221018e-09, 5.655586160960729e-09, 4.6550266163169014e-09, 3.86759538875322e-09, 3.207429313508456e-09, 2.6440171358354668e-09, 2.1744281944353457e-09, 1.785845822374264e-09, 1.4827302975235807e-09, 1.2353188113342697e-09, 1.0141053556388746e-09, 8.319470816178258e-10, 6.765760623119643e-10, 5.545164082814175e-10, 4.535633184629474e-10, 3.6901572484685456e-10, 3.01161841034322e-10, 2.4486571925074064e-10, 1.9608514147351178e-10, 1.5842803973548687e-10]
ndim2: 500
W_list: [3.6]
L_list: [5.608356073337551]
