R_list= [ 1  2  3  4  5  6  7  8  9 10 11 12 13 14 15 16 17 18 19 20 21 22 23 24
 25 26 27 28 29 30 31 32 33 34 35 36 37 38]
C_final_list= [1.9498384530999135e-06, 1.8817562968287576e-06, 1.833284018864523e-06, 1.7836449905298508e-06, 1.7359185362930896e-06, 1.6908079913081161e-06, 1.6460440487973923e-06, 1.6028173336845689e-06, 1.5609692456358603e-06, 1.5200740002977132e-06, 1.4799477020342473e-06, 1.4408634857481025e-06, 1.4028974393025062e-06, 1.3654036909998514e-06, 1.3290304085071287e-06, 1.2933981524479322e-06, 1.258289621106986e-06, 1.2237518231709345e-06, 1.1900916787610908e-06, 1.1570140553902515e-06, 1.1249102139312815e-06, 1.0937555323349745e-06, 1.0636027649295417e-06, 1.033968042084382e-06, 1.005290231326964e-06, 9.77593535273835e-07, 9.506226444388705e-07, 9.241715005562002e-07, 8.985727105984391e-07, 8.73791608658003e-07, 8.49820768976128e-07, 8.263311598709775e-07, 8.034352411029359e-07, 7.812214791175541e-07, 7.594092681892422e-07, 7.38043363708557e-07, 7.173427525858206e-07, 6.973148143864203e-07]
W_list: [4]
L_list: [36.3902004344902]
