C_final_list: [1.2202663433278248e-06, 1.1424195799183458e-06, 1.065785252660464e-06, 9.929973784881384e-07, 9.265126540954993e-07, 8.635391650663004e-07, 8.059632592915203e-07, 7.514971206067771e-07, 7.007599173887377e-07, 6.523719319125197e-07, 6.082410093394694e-07, 5.674637458161466e-07, 5.290403166522987e-07, 4.93735117784259e-07, 4.6057492015693504e-07, 4.290829928430285e-07, 3.999227523047832e-07, 3.7254245820960116e-07, 3.468705642555874e-07, 3.229585196600545e-07, 3.00393709934323e-07, 2.793012028661497e-07, 2.5999333094423183e-07, 2.416982239848746e-07, 2.2466917617216078e-07, 2.0883283772376805e-07, 1.939408008730998e-07, 1.8003889846852128e-07, 1.6701462166828262e-07, 1.5500625458165538e-07, 1.437158041543395e-07, 1.3317507425165484e-07, 1.2334940792949634e-07, 1.1432915916276806e-07, 1.0585521774127068e-07]
ndim2: 500
W_list: [3.8]
L_list: [14.18650605431597]
