R_list= [ 1  2  3  4  5  6  7  8  9 10 11 12 13 14 15 16 17 18 19 20 21 22 23 24
 25 26 27 28 29 30 31 32 33 34 35 36 37 38]
C_final_list= [9.238128278419532e-07, 5.779005729504593e-07, 3.5951031369255695e-07, 2.217866048640134e-07, 1.3696853259226075e-07, 8.499713909837869e-08, 5.2045431555936525e-08, 3.207919762950948e-08, 1.9398452387785068e-08, 1.1648376144679916e-08, 6.981237167344437e-09, 4.272970581223086e-09, 2.58985878256242e-09, 1.5645235283841613e-09, 9.223552330197234e-10, 5.589813687778852e-10, 3.320443306839267e-10, 1.9706908310390207e-10, 1.1628824504315079e-10, 6.965412284205974e-11, 4.093186529189031e-11, 2.5496325799800405e-11, 1.584167538606563e-11, 9.731042984367745e-12, 6.107663979948444e-12, 3.780693026015248e-12, 2.359341327240872e-12, 1.4231481460640254e-12, 9.636063096649211e-13, 5.901935378500438e-13, 3.521821329327451e-13, 1.9178748175001207e-13, 1.0348723891429725e-13, 5.4033781244538985e-14, 3.6319771417791054e-14, 1.8292749052914556e-14, 1.0805300431344014e-14, 4.2911036846151644e-15]
W_list: [8.0]
L_list: [2.1039798812879766]
