R_list= [ 1  2  3  4  5  6  7  8  9 10 11 12 13 14 15 16 17 18 19 20 21 22 23 24
 25 26 27 28 29 30 31 32 33 34 35 36 37 38]
C_final_list= [7.529619527409959e-07, 6.764669467069922e-07, 6.029030959886284e-07, 5.359259163359773e-07, 4.756371881764628e-07, 4.218905004827368e-07, 3.7437954067412977e-07, 3.3200220876992454e-07, 2.9424284048199033e-07, 2.6020919414320856e-07, 2.3004427475489925e-07, 2.032881259823006e-07, 1.7973344854973767e-07, 1.5894901010527763e-07, 1.4075900793861939e-07, 1.246416981762556e-07, 1.1026367703472543e-07, 9.741709622241415e-08, 8.601551498494933e-08, 7.581579666170554e-08, 6.686355568451916e-08, 5.8927120794000566e-08, 5.1892170494905867e-08, 4.5698265956164624e-08, 4.0232709891254734e-08, 3.5405173558244393e-08, 3.107163022413827e-08, 2.7250112204616953e-08, 2.3935508485424082e-08, 2.1033624747429474e-08, 1.849222977381713e-08, 1.6263789901202e-08, 1.4308487227254853e-08, 1.2595719539783393e-08, 1.106763811399789e-08, 9.728472870027891e-09, 8.555610291100402e-09, 7.516660716756391e-09]
W_list: [7.8]
L_list: [8.319245615227617]
