C_final_list: [1.91188367509327e-06, 1.8613769708894547e-06, 1.8111278068834958e-06, 1.7625962135728825e-06, 1.7153801110281516e-06, 1.6692828492116394e-06, 1.624048610778874e-06, 1.580063692241466e-06, 1.5368006097907597e-06, 1.4952048066207582e-06, 1.4544478225445016e-06, 1.4148463790490813e-06, 1.3766862873936645e-06, 1.3392802487748386e-06, 1.3033788504035236e-06, 1.26849071537321e-06, 1.2350063675996798e-06, 1.2021031558553538e-06, 1.1699687610287427e-06, 1.1386359440701332e-06, 1.1079057327842024e-06, 1.0779646473882654e-06, 1.0483484934926285e-06, 1.0198652226375492e-06, 9.917475680170556e-07, 9.6476866679821e-07, 9.384871794753165e-07, 9.128912351702102e-07, 8.882545592162481e-07, 8.64283930923554e-07, 8.413017321389735e-07, 8.190579859959951e-07, 7.971174352789111e-07, 7.75762798094173e-07, 7.550136341280414e-07, 7.347579779882367e-07, 7.148749178725774e-07, 6.954627583162053e-07, 6.764025871276188e-07, 6.577134782061553e-07, 6.396017156674212e-07, 6.219614659233592e-07, 6.046406292931287e-07, 5.875754224718568e-07, 5.709564687538219e-07, 5.549515501419749e-07, 5.394714240101618e-07, 5.244412633697859e-07, 5.096328356605514e-07, 4.952304660739964e-07]
ndim2: 500
W_list: [2.8499999999999996]
L_list: [36.47552770362341]
