R_list= [ 1  2  3  4  5  6  7  8  9 10 11 12 13 14 15 16 17 18 19 20 21 22 23 24
 25 26 27 28 29 30 31 32 33 34 35 36 37 38]
C_final_list= [9.330468797655052e-07, 7.985292549927676e-07, 6.903200578374312e-07, 5.957781302357438e-07, 5.141628057311438e-07, 4.443031512676943e-07, 3.8321829655711567e-07, 3.306671468288886e-07, 2.851310977881121e-07, 2.455682857298257e-07, 2.111108567216994e-07, 1.817513651927317e-07, 1.5668503217844614e-07, 1.3491766615083356e-07, 1.160919338263421e-07, 9.974966334494593e-08, 8.569263416163252e-08, 7.353854938792877e-08, 6.30494473482855e-08, 5.3906482621765635e-08, 4.6125358623172905e-08, 3.941765323209103e-08, 3.369219779387915e-08, 2.8757237482148e-08, 2.451117167771969e-08, 2.0914035149670476e-08, 1.7856751761840057e-08, 1.5197383305195192e-08, 1.2943383379007758e-08, 1.1042089083094014e-08, 9.359310980159065e-09, 7.9796852074199e-09, 6.798253356470388e-09, 5.792164059386639e-09, 4.944728466981173e-09, 4.213245249462913e-09, 3.5879848638200793e-09, 3.05024149895704e-09]
W_list: [6]
L_list: [6.725011412430046]
