C_final_list: [1.6731689276438829e-06, 1.5213737147496944e-06, 1.3765699722851805e-06, 1.2465282573247393e-06, 1.1267309473407009e-06, 1.01734364828238e-06, 9.198861383510527e-07, 8.323463000747205e-07, 7.547852221653501e-07, 6.842523906840039e-07, 6.202972069799417e-07, 5.624324973842037e-07, 5.09557854218484e-07, 4.620594045855731e-07, 4.1814905491056675e-07, 3.7854163909486834e-07, 3.423618989903906e-07, 3.093143819171815e-07, 2.793632000789487e-07, 2.52554468164694e-07, 2.2814703988099976e-07, 2.0600630776277035e-07, 1.8625895472400908e-07, 1.6833541585145933e-07, 1.520779736086557e-07, 1.3756575497789944e-07, 1.2452375101603887e-07, 1.1268441769039221e-07, 1.0191980131080174e-07, 9.219940332661173e-08, 8.347636382458355e-08, 7.556504509118762e-08, 6.835844959407054e-08, 6.189959996297902e-08, 5.5893719547827364e-08, 5.036439032753517e-08, 4.5370137026641267e-08, 4.080911686589185e-08, 3.676293858953156e-08, 3.311795517808964e-08, 2.9841098242601877e-08, 2.6939294747879636e-08, 2.4284499362391848e-08, 2.190538492421351e-08, 1.9697631211861416e-08, 1.773900539594507e-08, 1.5985079128372303e-08, 1.4407278450673188e-08, 1.2959641285033766e-08, 1.1652224431462135e-08]
ndim2: 500
W_list: [3.6]
L_list: [10.033882878310054]
