R_list= [ 1  2  3  4  5  6  7  8  9 10 11 12 13 14 15 16 17 18 19 20 21 22 23 24
 25 26 27 28 29 30 31 32]
C_final_list= [9.221014085088587e-08, 4.036428253789432e-08, 1.4392364911832583e-08, 4.619331023690385e-09, 1.4093976803294575e-09, 4.160671749465011e-10, 1.2004698704299e-10, 3.402983280431764e-11, 9.573933619943454e-12, 2.6446440550594634e-12, 7.070724106844394e-13, 1.842255926023027e-13, 4.691487858858243e-14, 1.177570422095448e-14, 2.9340620417799848e-15, 7.211305496358314e-16, 1.751296495711581e-16, 4.348342718069198e-17, 1.1635160374167504e-17, 3.3906668799634117e-18, 8.009587498065461e-19, 2.0656968481239718e-19, 6.012073906470792e-20, 1.4814531537501784e-20, 3.056457825530646e-21, 5.665226897802612e-22, 1.2012202665904157e-22, 2.760118213445971e-23, 7.022237504443987e-24, 1.9544018248769885e-24, 5.438799536873027e-25, 2.176444941269763e-25]
W_list: [6]
L_list: [1.1212076134462965]
