C_final_list: [1.3639071468598368e-06, 1.223827311930096e-06, 1.0920743725140112e-06, 9.726741024779533e-07, 8.678567701830537e-07, 7.732287460653635e-07, 6.897692972490753e-07, 6.15155893972675e-07, 5.484169682136652e-07, 4.879663186666799e-07, 4.344628420976664e-07, 3.859714232286927e-07, 3.4250275011693933e-07, 3.03803178046744e-07, 2.6948650190614296e-07, 2.3885303715685113e-07, 2.115511410198119e-07, 1.8742197797057325e-07, 1.658255255112669e-07, 1.470435879327217e-07, 1.3064939676027917e-07, 1.1593364846158345e-07, 1.0267232405312074e-07, 9.110912458054042e-08, 8.073818147583694e-08, 7.139678848019378e-08, 6.323799490599007e-08, 5.598093683528496e-08, 4.9684739784417404e-08, 4.4068557671289794e-08, 3.907600564176719e-08, 3.455625732104221e-08, 3.060046966073142e-08, 2.7035355006668595e-08, 2.3920781988858234e-08]
ndim2: 500
W_list: [2.6]
L_list: [8.60925160704196]
