R_list= [ 1  2  3  4  5  6  7  8  9 10 11 12 13 14 15 16 17 18 19 20 21 22 23 24
 25 26 27 28 29 30 31 32]
C_final_list= [9.250645778066455e-08, 4.0115784661266165e-08, 1.4222607685239579e-08, 4.533559593916391e-09, 1.3635552823094424e-09, 3.94757408978789e-10, 1.1072107473296233e-10, 3.044887357659661e-11, 8.338230305158345e-12, 2.2710998481710566e-12, 6.12067235025301e-13, 1.6117227385068778e-13, 4.1855364121445653e-14, 1.0585336379752384e-14, 2.678444925455063e-15, 6.8856240522884e-16, 1.802142796483246e-16, 4.7089219132480976e-17, 1.2258826129814907e-17, 3.313453786804312e-18, 1.1261424632745813e-18, 6.706396919740565e-19, 2.8999068673531786e-19, 7.672556890356875e-20, 1.78333157521593e-20, 3.575934157351793e-21, 6.761039239632527e-22, 1.4791707282591556e-22, 3.828233629927893e-23, 9.5905116311551e-24, 2.5098089794478694e-24, 8.86368703424353e-25]
W_list: [6]
L_list: [1.1118448819169358]
