R_list= [ 1  2  3  4  5  6  7  8  9 10 11 12 13 14 15 16 17 18 19 20 21 22 23 24
 25 26 27 28 29 30]
C_final_list= [4.844131521777646e-08, 2.1071648023183383e-08, 7.514080673467642e-09, 2.4240479886511927e-09, 7.355541387659151e-10, 2.1492024163287555e-10, 6.171687335787484e-11, 1.7434500753268268e-11, 4.850878784036314e-12, 1.3253399092740098e-12, 3.580381144249336e-13, 9.683906608343534e-14, 2.625015112394678e-14, 6.900297922596379e-15, 1.672386719917093e-15, 4.058536321822642e-16, 1.0153647075736435e-16, 2.573668052037872e-17, 6.498462355608978e-18, 1.6288900445204009e-18, 3.9684852680332736e-19, 9.630341607496944e-20, 2.3539975028271865e-20, 5.715222880308847e-21, 1.3648862975489736e-21, 3.188427208835477e-22, 7.454708448429616e-23, 1.7815403719557338e-23, 4.276478600377083e-24, 1.051390544436672e-24]
W_list: [6]
L_list: [1.1163057146796673]
