R_list= [ 1  2  3  4  5  6  7  8  9 10 11 12 13 14 15 16 17 18 19 20 21 22 23 24
 25 26 27 28 29 30 31 32 33 34 35 36 37 38]
C_final_list= [5.119341478854148e-07, 4.1767777679821155e-07, 3.3490005557924147e-07, 2.6932772567091616e-07, 2.172803475672143e-07, 1.7497982111925198e-07, 1.40729322865557e-07, 1.1323995535317768e-07, 9.100996157035896e-08, 7.304591377217169e-08, 5.857788942153367e-08, 4.6960186895211173e-08, 3.7603487174037314e-08, 3.007157827126471e-08, 2.402949412062629e-08, 1.922389708873421e-08, 1.5361067530960015e-08, 1.2243228585422733e-08, 9.726510521623543e-09, 7.712186899567823e-09, 6.1279090901233215e-09, 4.8733584068081184e-09, 3.869870055702844e-09, 3.075415681537623e-09, 2.4465430370598825e-09, 1.9490716380180836e-09, 1.5523525570618488e-09, 1.2360721386407093e-09, 9.803322479158756e-10, 7.768543406013154e-10, 6.179058228564474e-10, 4.913332316029205e-10, 3.8939671366117123e-10, 3.08427920972948e-10, 2.440259226139232e-10, 1.9300624186295274e-10, 1.523428950101681e-10, 1.2019066112720336e-10]
W_list: [5]
L_list: [4.619947449654724]
