R_list= [ 1  2  3  4  5  6  7  8  9 10 11 12 13 14 15 16 17 18 19 20 21 22 23 24
 25 26 27 28 29 30 31 32]
C_final_list= [6.734084199682101e-07, 5.934189187886903e-07, 5.264427924807951e-07, 4.6540089439518734e-07, 4.113082363167819e-07, 3.635336632757362e-07, 3.209003240896172e-07, 2.826707399869881e-07, 2.4902860243253934e-07, 2.192142945550628e-07, 1.9294918611815207e-07, 1.6967102757644753e-07, 1.4922834085230857e-07, 1.311014347758035e-07, 1.1499062016198178e-07, 1.0078617362335577e-07, 8.845696296108489e-08, 7.75653232607443e-08, 6.803588305940969e-08, 5.964100577617254e-08, 5.227268263882149e-08, 4.571032133839488e-08, 3.997018242603388e-08, 3.499555950416976e-08, 3.064461029617424e-08, 2.68342248406184e-08, 2.3515227256098074e-08, 2.0606163947995508e-08, 1.8066930377306333e-08, 1.5849089647171454e-08, 1.3910221920169065e-08, 1.221036649599374e-08]
W_list: [6]
L_list: [7.933105791929456]
