C_final_list: [2.0356599650357844e-06, 1.9324924269631247e-06, 1.8325599503633304e-06, 1.7361314277180374e-06, 1.6458114654019747e-06, 1.5593726628711024e-06, 1.477199505599796e-06, 1.3993350594566208e-06, 1.3256388498138609e-06, 1.256524775645373e-06, 1.190586810759773e-06, 1.127766084240261e-06, 1.0679033466626216e-06, 1.010477200903769e-06, 9.55955135989313e-07, 9.036808861012225e-07, 8.547438303353457e-07, 8.08941356828348e-07, 7.660969616954565e-07, 7.259038302255366e-07, 6.86926815262637e-07, 6.504654386255681e-07, 6.15001157048474e-07, 5.813441984856563e-07, 5.495501305814208e-07, 5.188191765567276e-07, 4.902241326749369e-07, 4.632307992248383e-07, 4.377379486216864e-07, 4.135554652931946e-07, 3.9082892927843566e-07, 3.6955113344828346e-07, 3.4968950189868226e-07, 3.3099063243764206e-07, 3.1349469053018487e-07, 2.9681931152669215e-07, 2.810512661917809e-07, 2.661284002542629e-07, 2.5186548781153563e-07, 2.3810420254002275e-07, 2.2536473737052382e-07, 2.132773962223478e-07, 2.0176754849443887e-07, 1.9070063672481e-07, 1.8025952194741515e-07, 1.7026081332064742e-07, 1.6088044656907413e-07, 1.518590193417041e-07, 1.4336609124895625e-07, 1.3531828706221052e-07]
ndim2: 500
W_list: [2.8]
L_list: [18.233399884174382]
