R_list= [ 1  2  3  4  5  6  7  8  9 10 11 12 13 14 15 16 17 18 19 20 21 22 23 24
 25 26 27 28 29 30 31 32 33 34 35 36 37 38]
C_final_list= [8.168158498800707e-07, 5.646214288430228e-07, 3.6449843739799665e-07, 2.3115317802428707e-07, 1.4655394623557598e-07, 9.333632461420101e-08, 5.9577752628141455e-08, 3.807663932452936e-08, 2.436225207140277e-08, 1.550558800514607e-08, 9.826148689696446e-09, 6.209701353333619e-09, 3.895484787583993e-09, 2.428193739411738e-09, 1.507601426893906e-09, 9.359233271704248e-10, 5.788063068137072e-10, 3.571839765801829e-10, 2.201671286178853e-10, 1.357110093550305e-10, 8.341229422208731e-11, 5.144276820874598e-11, 3.213449653405252e-11, 2.030275925690813e-11, 1.2982764586782988e-11, 8.327926127406415e-12, 5.483849295253464e-12, 3.691943385801835e-12, 2.493997133451801e-12, 1.6923639740257187e-12, 1.1403873254112053e-12, 7.905819307435277e-13, 5.605320948490907e-13, 3.9522046964622775e-13, 2.6155186099834306e-13, 1.6909047305528292e-13, 1.1223887002519455e-13, 7.623497643445903e-14]
W_list: [5]
L_list: [2.3723487292156133]
