C_final_list: [1.233175702328264e-06, 1.059153435212751e-06, 9.037845166561163e-07, 7.73217037433653e-07, 6.600563831774896e-07, 5.629858761392922e-07, 4.782153802359653e-07, 4.0582937292348204e-07, 3.438501668718945e-07, 2.906809129409656e-07, 2.4617215352186813e-07, 2.0981452766700013e-07, 1.784846767779388e-07, 1.5210203365764486e-07, 1.2925636394891491e-07, 1.096919045613195e-07, 9.29986129388989e-08, 7.888990417793829e-08, 6.671800972793339e-08, 5.647673649147006e-08, 4.809687528192445e-08, 4.093832343901716e-08, 3.468325532015408e-08, 2.9484401242020805e-08, 2.4978017733275194e-08, 2.1042616940292637e-08, 1.7762399553236977e-08, 1.4987378700555618e-08, 1.2633746672613403e-08, 1.0639749114852924e-08, 8.979999225388448e-09, 7.599620541572096e-09, 6.402442024091897e-09, 5.371166264351528e-09, 4.513054698065922e-09]
ndim2: 500
W_list: [4.0]
L_list: [6.2318758048935985]
