R_list= [ 1  2  3  4  5  6  7  8  9 10 11 12 13 14 15 16 17 18 19 20 21 22 23 24
 25 26 27 28 29 30 31 32 33 34 35 36 37 38]
C_final_list= [3.181072503649373e-05, 2.423627281163007e-05, 1.8338698829050613e-05, 1.3871511673299652e-05, 1.0464718169825612e-05, 7.885598011535095e-06, 5.954740383271654e-06, 4.498171440018199e-06, 3.3912881095256674e-06, 2.5620050026743356e-06, 1.9310651593043647e-06, 1.4560239879233536e-06, 1.097288595017081e-06, 8.293669869903953e-07, 6.26009618290164e-07, 4.728879133454096e-07, 3.573670280199529e-07, 2.6997735648789826e-07, 2.039373701380724e-07, 1.540002048239537e-07, 1.1626030942047224e-07, 8.774799967387621e-08, 6.64416027999881e-08, 5.0322997562324576e-08, 3.803984857690568e-08, 2.8816348807813843e-08, 2.1791475473196493e-08, 1.6423834356125227e-08, 1.2390811539694496e-08, 9.404183285354458e-09, 7.1212878668318025e-09, 5.361421221665525e-09, 4.013051102079316e-09, 3.006784241315296e-09, 2.262086027867808e-09, 1.7015122059473508e-09, 1.2764474456770717e-09, 9.635880758124305e-10]
W_list: [8.1]
L_list: [3.5854532674440787]
