C_final_list: [2.033738752389618e-06, 1.9164728448640362e-06, 1.8048567339440965e-06, 1.700893020169812e-06, 1.6045627031073741e-06, 1.5111421747858479e-06, 1.4246340821318632e-06, 1.3418428870404274e-06, 1.2623077819660459e-06, 1.187830986233613e-06, 1.118697470433004e-06, 1.0534160081311302e-06, 9.903969080864296e-07, 9.317742423080319e-07, 8.765195054505198e-07, 8.245699716154022e-07, 7.756601249808086e-07, 7.294777310123191e-07, 6.857721337067112e-07, 6.449460709449961e-07, 6.062608862910169e-07, 5.696325386033232e-07, 5.34471506690765e-07, 5.016693853592694e-07, 4.705893386764484e-07, 4.409796252761188e-07, 4.131808149927703e-07, 3.869855042736015e-07, 3.62396363510095e-07, 3.396698474852138e-07, 3.1865260526786997e-07, 2.991232770887266e-07, 2.8027961075041696e-07, 2.62665744241189e-07, 2.462752813481193e-07, 2.3087869434559676e-07, 2.1624942456578658e-07, 2.027033974467314e-07, 1.8989737543437552e-07, 1.7785586135761366e-07, 1.6650325568539181e-07, 1.5580008811717937e-07, 1.4584577809068995e-07, 1.3648501308198672e-07, 1.27719954426813e-07, 1.1942064086080855e-07, 1.1160053610588937e-07, 1.0428538334342694e-07, 9.745652696827919e-08, 9.108466659835944e-08]
ndim2: 500
W_list: [2.9499999999999997]
L_list: [16.279670185243184]
