R_list= [ 1  2  3  4  5  6  7  8  9 10 11 12 13 14 15 16 17 18 19 20 21 22 23 24
 25 26 27 28 29 30 31 32 33 34 35 36 37 38]
C_final_list= [1.2454389068260353e-06, 8.724456260447079e-07, 6.094852924693532e-07, 4.2206091676349945e-07, 2.93023252334393e-07, 2.030679225417245e-07, 1.4081896589949996e-07, 9.811394280216432e-08, 6.811095133144397e-08, 4.737882977950646e-08, 3.2998630948311e-08, 2.298462886833671e-08, 1.59086502363812e-08, 1.1083193665186175e-08, 7.682558697909046e-09, 5.309875996624226e-09, 3.710778035084297e-09, 2.6043277701756746e-09, 1.786105564879512e-09, 1.2288902103948261e-09, 8.427501408429048e-10, 5.779785997217989e-10, 3.90097017375691e-10, 2.6431142034524726e-10, 1.8068880928980017e-10, 1.2250782948806573e-10, 8.195265720934502e-11, 5.383775769727013e-11, 3.639887776602267e-11, 2.4528116973871856e-11, 1.6365401071565817e-11, 1.107793342839916e-11, 7.53271193790117e-12, 5.167486988583042e-12, 3.498893760401968e-12, 2.4256306402083452e-12, 1.7113633681672042e-12, 1.2182065677307945e-12]
W_list: [6.800000000000001]
L_list: [2.766489290860048]
