R_list= [ 1  2  3  4  5  6  7  8  9 10 11 12 13 14 15 16 17 18 19 20 21 22 23 24
 25 26 27 28 29 30 31 32 33 34 35 36 37 38]
C_final_list= [4.030326309388994e-07, 3.726358783791525e-07, 3.418775520499786e-07, 3.126688856006202e-07, 2.85543700700001e-07, 2.6046574400668655e-07, 2.3742513204384708e-07, 2.1637949177237532e-07, 1.9727394040525586e-07, 1.7965168285486177e-07, 1.6361591152489776e-07, 1.4892043545915332e-07, 1.3559173109459642e-07, 1.23431853648213e-07, 1.1230097099853714e-07, 1.0216262846830804e-07, 9.2931903076522e-08, 8.450159859940936e-08, 7.683229385201999e-08, 6.980255812837272e-08, 6.332549998481476e-08, 5.744308397696245e-08, 5.212811802157952e-08, 4.7293001500622964e-08, 4.2927416796338864e-08, 3.895980046498409e-08, 3.5351082858562975e-08, 3.208323475176162e-08, 2.9072237786645798e-08, 2.6319492091498534e-08, 2.3814450671173368e-08, 2.154793705008053e-08, 1.949455943527269e-08, 1.7637729534014895e-08, 1.594931332062482e-08, 1.441708931229141e-08, 1.3034095860403402e-08, 1.1777551003113153e-08]
W_list: [7.6]
L_list: [10.7922044957233]
