R_list= [ 1  2  3  4  5  6  7  8  9 10 11 12 13 14 15 16 17 18 19 20 21 22 23 24
 25 26 27 28 29 30 31 32 33 34 35 36 37 38]
C_final_list= [8.266461216059697e-07, 4.178305650071028e-07, 1.738871695934273e-07, 6.529250372684412e-08, 2.3190541781846084e-08, 7.990239925526545e-09, 2.7108918991887225e-09, 9.140909061806112e-10, 3.0775554686218005e-10, 1.0324997056878587e-10, 3.482649199365074e-11, 1.1932909776809614e-11, 4.1172276534815435e-12, 1.42669052231414e-12, 4.934470765766128e-13, 1.6859162459216562e-13, 5.754048181462988e-14, 1.9798245885821016e-14, 6.9339456059972004e-15, 2.425858894888907e-15, 8.29387082856012e-16, 2.848404684654321e-16, 9.774421392137151e-17, 3.29046601975056e-17, 1.1228319333034369e-17, 3.894498368269323e-18, 1.3449977822266793e-18, 4.655823105346615e-19, 1.6490790676549583e-19, 6.116967226000348e-20, 2.4275063922485437e-20, 1.0691845431720833e-20, 5.478512797074735e-21, 3.3415462805651357e-21, 2.3971733056104785e-21, 1.9497106436461505e-21, 1.7356009870511238e-21, 1.6328666495162984e-21]
W_list: [5]
L_list: [1.3076356411650767]
