R_list= [ 1  2  3  4  5  6  7  8  9 10 11 12 13 14 15 16 17 18 19 20 21 22 23 24
 25 26 27 28 29 30 31 32 33 34 35 36 37 38]
C_final_list= [3.214988965377901e-05, 2.457040664599955e-05, 1.8636523960495863e-05, 1.4097726432774374e-05, 1.0660901280094188e-05, 8.053187405247058e-06, 6.074303931617144e-06, 4.577591112254847e-06, 3.453511177719103e-06, 2.6078242364659673e-06, 1.9642520848589166e-06, 1.478936419604986e-06, 1.1154662846445174e-06, 8.41389246304301e-07, 6.329900443114771e-07, 4.760542207119296e-07, 3.589053848086533e-07, 2.708737470798738e-07, 2.0479794575851972e-07, 1.5478731305104972e-07, 1.1698817765962591e-07, 8.831400341170766e-08, 6.654386894759263e-08, 5.008225184508682e-08, 3.7527067680308336e-08, 2.8029831623000504e-08, 2.0993393538926024e-08, 1.574954453316228e-08, 1.1814895019720088e-08, 8.896587808138929e-09, 6.696645913430032e-09, 5.019277140213754e-09, 3.7540726879429816e-09, 2.8086296510199004e-09, 2.0965458130109047e-09, 1.5657389327302655e-09, 1.1804470934148558e-09, 8.922211603476032e-10]
W_list: [8.05]
L_list: [3.6038810647069366]
