C_final_list: [1.5973376235399491e-06, 1.2942111045154001e-06, 1.0360556237561581e-06, 8.313541720478598e-07, 6.701799593039091e-07, 5.401531303863194e-07, 4.3410471411674597e-07, 3.49767113101795e-07, 2.8128973712751266e-07, 2.2625021506891454e-07, 1.8258430281338655e-07, 1.4772772722842882e-07, 1.1890719045731405e-07, 9.474145423824008e-08, 7.547090627491254e-08, 5.999478968415451e-08, 4.75083539214711e-08, 3.7766146369194526e-08, 3.0084165171504805e-08, 2.398239184229578e-08, 1.911972971308503e-08, 1.509170814692576e-08, 1.1931442326035414e-08, 9.495033184956634e-09, 7.547966089255799e-09, 6.0016783121831724e-09, 4.7535867842269e-09, 3.769788348526928e-09, 2.997956523094803e-09, 2.36766315704998e-09, 1.8541797847912985e-09, 1.4453470239483938e-09, 1.136555139018924e-09, 8.898453445276598e-10, 7.031375596548529e-10, 5.493910652897955e-10, 4.284563529928356e-10, 3.3213908520977214e-10, 2.610592284753494e-10, 2.0434906446912235e-10, 1.6237844942144918e-10, 1.2752706320256386e-10, 1.0060544493341315e-10, 8.031892537388753e-11, 6.380627107113629e-11, 4.967556873722501e-11, 3.8629329126883025e-11, 3.018333378050815e-11, 2.346720942176261e-11, 1.8204259900064755e-11]
ndim2: 500
W_list: [4.0]
L_list: [4.597367537351903]
