R_list= [ 1  2  3  4  5  6  7  8  9 10 11 12 13 14 15 16 17 18 19 20 21 22 23 24
 25 26 27 28 29 30 31 32 33 34 35 36 37 38]
C_final_list= [2.2738445656785894e-05, 1.8670563308492055e-05, 1.5223937626442318e-05, 1.2378703286319486e-05, 1.004421633774452e-05, 8.144266264209346e-06, 6.599669769453828e-06, 5.347963122931803e-06, 4.331373532852913e-06, 3.507881255570022e-06, 2.8377831899028012e-06, 2.2944010755646e-06, 1.856389461147388e-06, 1.5024667469373172e-06, 1.2153819930344472e-06, 9.816756965013232e-07, 7.922450656034314e-07, 6.397161294562965e-07, 5.164320987192927e-07, 4.1691468178796884e-07, 3.361142906791537e-07, 2.711762801884241e-07, 2.1906519670964056e-07, 1.7721324393794713e-07, 1.432164284683558e-07, 1.1559132626090405e-07, 9.341676317003114e-08, 7.573934451456138e-08, 6.138779286366145e-08, 4.987970929740098e-08, 4.045378429386877e-08, 3.277714537835272e-08, 2.652561875930526e-08, 2.145777585572641e-08, 1.7310409899936258e-08, 1.394568089047057e-08, 1.125363350540537e-08, 9.05623768506556e-09]
W_list: [8.1]
L_list: [4.823604218607863]
