C_final_list: [1.1960565104436048e-06, 1.160981780400977e-06, 1.1257863116298667e-06, 1.0913356441589957e-06, 1.0572861819162586e-06, 1.024150565152488e-06, 9.921467993049507e-07, 9.611555776966305e-07, 9.312542044822858e-07, 9.024369925363575e-07, 8.74741144624984e-07, 8.477319064661415e-07, 8.214426751705283e-07, 7.957865554986631e-07, 7.707612807095137e-07, 7.467337652992977e-07, 7.230784642610011e-07, 7.001295131177707e-07, 6.778523423361201e-07, 6.56461686660921e-07, 6.359514598315726e-07, 6.158902374218933e-07, 5.96600201305556e-07, 5.778748355407615e-07, 5.596793101261445e-07, 5.418906869595384e-07, 5.247321019758419e-07, 5.079815188896374e-07, 4.91611911408148e-07, 4.7589406489323757e-07, 4.605801673457872e-07, 4.4573753431459584e-07, 4.3146139680939976e-07, 4.1742912082338287e-07, 4.0385963050233183e-07, 3.9084191298095523e-07, 3.781790965234412e-07, 3.6598898510159677e-07, 3.5403415466932457e-07, 3.4248559372654483e-07, 3.3121583177414247e-07, 3.2039793118938947e-07, 3.099165395404735e-07, 2.997751490356389e-07, 2.8989907797521715e-07, 2.803858984552179e-07, 2.7109141423843794e-07, 2.62080901896572e-07, 2.532603452923705e-07, 2.4474584278367003e-07]
ndim2: 500
W_list: [3.6]
L_list: [31.18108559918353]
