C_final_list: [1.4250161762564203e-06, 1.393172241169126e-06, 1.3609099175008083e-06, 1.3298445758233139e-06, 1.299386917755487e-06, 1.2697521938916894e-06, 1.2406382024599219e-06, 1.2119536526618694e-06, 1.1840062737629006e-06, 1.156811399649365e-06, 1.1300284621807317e-06, 1.1039324220801406e-06, 1.0783760772311242e-06, 1.0534966978508231e-06, 1.0289957002080121e-06, 1.0047077433472646e-06, 9.809104533030124e-07, 9.578608674262503e-07, 9.354390661156424e-07, 9.133939810275448e-07, 8.917863406799994e-07, 8.709210118224198e-07, 8.505672292795794e-07, 8.306544606540348e-07, 8.111796609296706e-07, 7.91969019416519e-07, 7.732304800589509e-07, 7.550369690712966e-07, 7.375068021981963e-07, 7.201216348846988e-07, 7.030312515924042e-07, 6.863338977788795e-07, 6.699722258716448e-07, 6.539596909764578e-07, 6.38395641742561e-07, 6.23029645095717e-07, 6.079124981085696e-07, 5.931243736031873e-07, 5.785773396661481e-07, 5.646459400328469e-07, 5.509421040580151e-07, 5.374888712961936e-07, 5.243062516109711e-07, 5.115118824119004e-07, 4.990055303359232e-07, 4.86897483086828e-07, 4.7506726049589093e-07, 4.63582392326544e-07, 4.522552133432945e-07, 4.4121777515240034e-07]
ndim2: 500
W_list: [3.3499999999999996]
L_list: [42.051107078158346]
