C_final_list: [1.7208162635964274e-06, 1.5730268918894014e-06, 1.434027383330126e-06, 1.3079180183510106e-06, 1.1926871392038324e-06, 1.0869324960373928e-06, 9.913623201288306e-07, 9.033439303442648e-07, 8.241853198006767e-07, 7.526083443086946e-07, 6.86296836123256e-07, 6.261754421607605e-07, 5.712968217826614e-07, 5.212036537776326e-07, 4.762172129588606e-07, 4.3392443618877374e-07, 3.954814181175437e-07, 3.600000109692003e-07, 3.27650214554047e-07, 2.975086526439437e-07, 2.7077136574234726e-07, 2.4603929439002085e-07, 2.2341236798745867e-07, 2.027413664802416e-07, 1.838807275084109e-07, 1.6698933301570733e-07, 1.5175950319448475e-07, 1.3768737061688703e-07, 1.2517552026174884e-07, 1.137696212632095e-07, 1.0340828939673783e-07, 9.396179926290368e-08, 8.531603730937938e-08, 7.739250431285343e-08, 7.027576083645519e-08]
ndim2: 500
W_list: [3.4000000000000004]
L_list: [10.807724536646392]
