R_list= [ 1  2  3  4  5  6  7  8  9 10 11 12 13 14 15 16 17 18 19 20 21 22 23 24
 25 26 27 28 29 30 31 32 33 34 35 36 37 38]
C_final_list= [6.222833505286775e-06, 5.3017754865774436e-06, 4.4796023580795675e-06, 3.7695147846066856e-06, 3.1669953936710767e-06, 2.658407639898996e-06, 2.2294013682211977e-06, 1.8672452493370825e-06, 1.5626090460196536e-06, 1.3066452669173752e-06, 1.0912240163969932e-06, 9.108814545667073e-07, 7.60770493985214e-07, 6.353078391227371e-07, 5.305309806268271e-07, 4.4245734122587674e-07, 3.691173475650097e-07, 3.079844460002023e-07, 2.568424409834118e-07, 2.1411695529935463e-07, 1.784962717431838e-07, 1.488944564018317e-07, 1.2417526754218312e-07, 1.0348362785852418e-07, 8.635188789014273e-08, 7.207456173462148e-08, 6.019000960271776e-08, 5.025107871341937e-08, 4.193803560643005e-08, 3.4960293265333263e-08, 2.9139750136180512e-08, 2.4280594549780115e-08, 2.0273368864762208e-08, 1.6950829490535414e-08, 1.4163615017814775e-08, 1.1830304193312862e-08, 9.87851424576083e-09, 8.24567542587324e-09]
W_list: [8.25]
L_list: [5.746760819712194]
