R_list= [ 1  2  3  4  5  6  7  8  9 10 11 12 13 14 15 16 17 18 19 20 21 22 23 24
 25 26 27 28 29 30 31 32 33 34 35 36 37 38]
C_final_list= [6.872982873618786e-07, 5.646194999851587e-07, 4.60684284142699e-07, 3.749267523338883e-07, 3.046827633922958e-07, 2.4645813567407084e-07, 1.9904814881432477e-07, 1.6087367152778063e-07, 1.2988320425916842e-07, 1.045506045885352e-07, 8.401654654382314e-08, 6.7531868484456e-08, 5.430325213731571e-08, 4.37066963883805e-08, 3.503046779094332e-08, 2.803548766843402e-08, 2.2446695723497223e-08, 1.7887667483319174e-08, 1.4250982810029068e-08, 1.134740494704293e-08, 9.036152460977291e-09, 7.210125889419768e-09, 5.774310187514091e-09, 4.618534698388769e-09, 3.694730529571302e-09, 2.9594182505468933e-09, 2.3630300240713767e-09, 1.8854068775949084e-09, 1.5010985991101438e-09, 1.1976675146993172e-09, 9.509629702811467e-10, 7.505473000383832e-10, 5.95148933893566e-10, 4.715062175342869e-10, 3.730357103538857e-10, 2.942682112874247e-10, 2.325520116350899e-10, 1.8443835818718933e-10]
W_list: [7.8]
L_list: [4.795140204709048]
