C_final_list: [1.5618718883796242e-06, 1.5348063722672596e-06, 1.5080434475316152e-06, 1.4820518383459881e-06, 1.4569759874035492e-06, 1.4324292094141909e-06, 1.4086839926201026e-06, 1.3849272111241147e-06, 1.3614927662793005e-06, 1.3383999798841656e-06, 1.315873938555659e-06, 1.2935712398679876e-06, 1.2716466125024082e-06, 1.2499361869500955e-06, 1.228910032341596e-06, 1.2083311113912433e-06, 1.1877933658507288e-06, 1.167652886465351e-06, 1.1476228056822504e-06, 1.1281296056781002e-06, 1.1090176986804753e-06, 1.0903435420363025e-06, 1.0719115827803608e-06, 1.053853320434087e-06, 1.0362666993127482e-06, 1.0187035563807306e-06, 1.0014861283205305e-06, 9.847576757894611e-07, 9.682649460497844e-07, 9.519195092746842e-07, 9.359846210746773e-07, 9.202361821454189e-07, 9.047142802871797e-07, 8.893879682045074e-07, 8.743551387690232e-07]
ndim2: 500
W_list: [3.0]
L_list: [58.645344694638744]
