C_final_list: [1.41059563278111e-06, 1.3807710191664655e-06, 1.351203584808702e-06, 1.3220753991232715e-06, 1.2933131190532096e-06, 1.2652915746791475e-06, 1.2377684244827332e-06, 1.210803158657853e-06, 1.1842444605349737e-06, 1.1584976339770461e-06, 1.1331973570103919e-06, 1.1086832982527674e-06, 1.0846969417017822e-06, 1.0613592968113376e-06, 1.0381508913669623e-06, 1.015543886264207e-06, 9.935359415511168e-07, 9.720720487633527e-07, 9.509994450729781e-07, 9.304115981900188e-07, 9.101667300226526e-07, 8.903680685802614e-07, 8.708105011511331e-07, 8.516841851353697e-07, 8.32844185834199e-07, 8.143154612983086e-07, 7.959473661372529e-07, 7.77988244970596e-07, 7.60340308193526e-07, 7.42824850478363e-07, 7.257876806602505e-07, 7.090301321665602e-07, 6.925483994234595e-07, 6.764619933880447e-07, 6.607240095198718e-07]
ndim2: 500
W_list: [3.2]
L_list: [45.18083636679902]
