C_final_list: [1.4367741391219728e-06, 1.2596451719518247e-06, 1.1042098440214232e-06, 9.66014855766997e-07, 8.450457385016368e-07, 7.358495043842953e-07, 6.388615267506567e-07, 5.557972385980705e-07, 4.83670602112326e-07, 4.2159739253141246e-07, 3.6660796770168374e-07, 3.1890862715955685e-07, 2.774132708534694e-07, 2.410295066091134e-07, 2.0980068869878833e-07, 1.824348905790988e-07, 1.5891232930076863e-07, 1.38761543402079e-07, 1.2081455987443515e-07, 1.0511891343967222e-07, 9.132902511845939e-08, 7.935125123372034e-08, 6.890622417548331e-08, 5.9595765085351574e-08, 5.157077824196029e-08, 4.440574504895431e-08, 3.8331520617341635e-08, 3.3043759525497785e-08, 2.8390144084928583e-08, 2.4499146145731373e-08, 2.11477568877833e-08, 1.821165617137157e-08, 1.5753234946107007e-08, 1.3612222804540505e-08, 1.1764588063663604e-08]
ndim2: 500
W_list: [4.0]
L_list: [7.293302721568905]
