R_list= [ 1  2  3  4  5  6  7  8  9 10 11 12 13 14 15 16 17 18 19 20 21 22 23 24
 25 26 27 28 29 30 31 32 33 34 35 36 37 38]
C_final_list= [8.305715618662263e-07, 4.895535370766738e-07, 2.8838616446934335e-07, 1.67319679151377e-07, 9.726472576481765e-08, 5.6695153157783985e-08, 3.27230239245674e-08, 1.8805862106058893e-08, 1.0735841195378324e-08, 6.104885048275932e-09, 3.5686065739021025e-09, 2.083936231724158e-09, 1.1851196627299947e-09, 6.871951680961675e-10, 3.974381920969151e-10, 2.359625481154184e-10, 1.4112354007818323e-10, 8.46261919909311e-11, 5.133500218905793e-11, 3.004480401111414e-11, 1.7592077215503127e-11, 9.718689054227042e-12, 5.441029186475682e-12, 2.8655354984612536e-12, 1.5883935782903368e-12, 8.872139415154273e-13, 5.100016083493405e-13, 3.1107114491713055e-13, 1.6932142988949433e-13, 8.870186309408853e-14, 4.7411636559595345e-14, 2.441020811197078e-14, 1.1685201720724818e-14, 5.605079130304078e-15, 2.714715335990137e-15, 1.3423806165357213e-15, 6.663685224334384e-16, 3.4589298430735083e-16]
W_list: [8.8]
L_list: [1.8762979687722745]
