C_final_list: [1.539088528564094e-06, 1.4735931084886994e-06, 1.4088110871837592e-06, 1.3468514663121807e-06, 1.2874062258693078e-06, 1.2318236760092817e-06, 1.1784326998442534e-06, 1.127356608998224e-06, 1.0793033053353812e-06, 1.033599024613507e-06, 9.898513090253457e-07, 9.481183299759702e-07, 9.078538419438099e-07, 8.689916357067457e-07, 8.316541105199825e-07, 7.955807212413045e-07, 7.610884023804145e-07, 7.27431679805272e-07, 6.950543190572158e-07, 6.637379000521731e-07, 6.341613524745911e-07, 6.05859514169776e-07, 5.787546447711767e-07, 5.528420792897569e-07, 5.282527451351735e-07, 5.047259181469878e-07, 4.824689063122654e-07, 4.6098032903587816e-07, 4.4061897447482043e-07, 4.2123625512880856e-07, 4.0250915570641513e-07, 3.845065553477123e-07, 3.673569170671387e-07, 3.5093373329459443e-07, 3.350196208442859e-07, 3.19920818954616e-07, 3.054344208765647e-07, 2.917736411527615e-07, 2.7866190574928223e-07, 2.660676020652548e-07, 2.540661686000051e-07, 2.424803806311114e-07, 2.3154091806900668e-07, 2.210987885841919e-07, 2.109907721542887e-07, 2.0127237529953376e-07, 1.9202637962772696e-07, 1.8326946332997657e-07, 1.748297902897903e-07, 1.6679792554911656e-07]
ndim2: 500
W_list: [3.4000000000000004]
L_list: [22.339688366711147]
