C_final_list: [1.516488485397647e-06, 1.189489827634702e-06, 9.295841107627719e-07, 7.293619353302173e-07, 5.740256498447476e-07, 4.5139191100740187e-07, 3.539678902503356e-07, 2.758830229346613e-07, 2.1610854121154997e-07, 1.6857736911632081e-07, 1.3154071256425903e-07, 1.0257158308697081e-07, 7.966973893303616e-08, 6.205196107904135e-08, 4.847105901532027e-08, 3.8243968937457094e-08, 2.999763573436369e-08, 2.3617499779268177e-08, 1.8489770529517378e-08, 1.4430008479877593e-08, 1.1327141798446927e-08, 8.814151576428159e-09, 6.832061939067173e-09, 5.315252386798012e-09, 4.1098757014550506e-09, 3.1792128838012682e-09, 2.4899755850644632e-09, 1.9506326524012705e-09, 1.5151860719164872e-09, 1.1710340702558906e-09, 9.041173425518101e-10, 6.923989835392357e-10, 5.343818197418577e-10, 4.073508242725252e-10, 3.0822496164248986e-10]
ndim2: 500
W_list: [3.8]
L_list: [4.1046326276846665]
