C_final_list: [1.7976149154584303e-06, 1.774796916513424e-06, 1.7523971443873289e-06, 1.7307467172290493e-06, 1.7096914017093926e-06, 1.6887774505507135e-06, 1.668308600413611e-06, 1.6480924047632744e-06, 1.6283238834100146e-06, 1.6089064892737692e-06, 1.5893849522616343e-06, 1.5702465405483224e-06, 1.5514785389651686e-06, 1.5330824798020903e-06, 1.5146988474555286e-06, 1.4966634763591882e-06, 1.4784877099953665e-06, 1.4606128467164101e-06, 1.4430480559903286e-06, 1.4257104890309967e-06, 1.4084102232837241e-06, 1.3912254621660398e-06, 1.3742931082218008e-06, 1.3577173452334146e-06, 1.3413919508572126e-06, 1.3252639732892983e-06, 1.3093361147215506e-06, 1.2935375072185593e-06, 1.27798222771781e-06, 1.2626535586978547e-06, 1.247455823867712e-06, 1.2324642948334905e-06, 1.2176795633954167e-06, 1.202996401386483e-06, 1.1885525660504404e-06, 1.1743970837980395e-06, 1.1604632154947848e-06, 1.1465814733306471e-06, 1.1328990349961085e-06, 1.1195194473868446e-06, 1.1062515953595716e-06, 1.0929697032553625e-06, 1.0797710985504835e-06, 1.0666068512091333e-06, 1.0536726631318032e-06, 1.0408537267204203e-06, 1.0280598587478664e-06, 1.0154819720936466e-06, 1.002972334885548e-06, 9.904938958131898e-07]
ndim2: 500
W_list: [2.8]
L_list: [82.52037204294848]
