R_list= [ 1  2  3  4  5  6  7  8  9 10 11 12 13 14 15 16 17 18 19 20 21 22 23 24
 25 26 27 28 29 30 31 32 33 34 35 36 37 38]
C_final_list= [5.369532283095219e-07, 4.895506446704245e-07, 4.430340266324008e-07, 4.0066046090160237e-07, 3.6211836395701743e-07, 3.2695997336063224e-07, 2.946824723922322e-07, 2.6519404295250555e-07, 2.388580627051893e-07, 2.149620426127867e-07, 1.9334035141915374e-07, 1.737232481638905e-07, 1.5621213778608156e-07, 1.4041632288927115e-07, 1.263117172362803e-07, 1.1360281737131329e-07, 1.0204962840761015e-07, 9.163842824836913e-08, 8.239219066901417e-08, 7.411240759504138e-08, 6.659267284875777e-08, 5.98688240961124e-08, 5.375691166175918e-08, 4.8248748518287704e-08, 4.327000423202142e-08, 3.877783552328597e-08, 3.4757178894329773e-08, 3.113095429354429e-08, 2.7878807441806174e-08, 2.4955732206195777e-08, 2.234461649147857e-08, 2.000787253674593e-08, 1.7901936581408213e-08, 1.6019628239753686e-08, 1.4353891343378583e-08, 1.285549251603394e-08, 1.1502178720330075e-08, 1.029116530017762e-08]
W_list: [6.6000000000000005]
L_list: [9.608738351586943]
