R_list= [ 1  2  3  4  5  6  7  8  9 10 11 12 13 14 15 16 17 18 19 20 21 22 23 24
 25 26 27 28 29 30 31 32 33 34 35 36 37 38]
C_final_list= [1.4374498317687813e-06, 1.3330542464431459e-06, 1.2342402853252432e-06, 1.1424916214366439e-06, 1.058301849942712e-06, 9.808662235837257e-07, 9.090272977670763e-07, 8.431590884510263e-07, 7.815418664923973e-07, 7.240434524842056e-07, 6.709705757706716e-07, 6.214885441534948e-07, 5.750356047157871e-07, 5.32204746976218e-07, 4.92104895541762e-07, 4.5453957600728146e-07, 4.199947343605923e-07, 3.880557816471865e-07, 3.5852983819508817e-07, 3.311159015037274e-07, 3.0643247903533463e-07, 2.831193629929685e-07, 2.616126881467082e-07, 2.415245478923167e-07, 2.231323140334731e-07, 2.0601934341108548e-07, 1.901915106749469e-07, 1.7559798662402837e-07, 1.62336345949996e-07, 1.4991908334671157e-07, 1.3845899619740184e-07, 1.2752829860334652e-07, 1.1761717811079001e-07, 1.084518675890782e-07, 1.0001389254229503e-07, 9.229789631092538e-08, 8.514401327690973e-08, 7.850180369451275e-08]
W_list: [5]
L_list: [12.931627659575998]
