R_list= [ 1  2  3  4  5  6  7  8  9 10 11 12 13 14 15 16 17 18 19 20 21 22 23 24
 25 26 27 28 29 30 31 32 33 34 35 36 37 38]
C_final_list= [1.2863314130669577e-06, 1.2385939275609886e-06, 1.1944781036085231e-06, 1.1506003800023551e-06, 1.1085834632905074e-06, 1.067641908699232e-06, 1.0282585225705324e-06, 9.899179088241194e-07, 9.531340757784833e-07, 9.179873813351625e-07, 8.840323894119752e-07, 8.512316427781199e-07, 8.193220565188613e-07, 7.887354749416077e-07, 7.596512788549284e-07, 7.316997213958105e-07, 7.044305161517087e-07, 6.779946102422192e-07, 6.524937218755122e-07, 6.280098719129042e-07, 6.042591723643443e-07, 5.815651853769518e-07, 5.596132396392592e-07, 5.385118621692881e-07, 5.182022368071361e-07, 4.98502997307167e-07, 4.79626856571793e-07, 4.6130342507408803e-07, 4.4375593151173946e-07, 4.269048052000933e-07, 4.107163544883362e-07, 3.9491289998633897e-07, 3.7961121042182044e-07, 3.64958379278005e-07, 3.50992764598582e-07, 3.3755081101720364e-07, 3.246332301832146e-07, 3.122377230608931e-07]
W_list: [5]
L_list: [26.275808211461275]
