R_list= [ 1  2  3  4  5  6  7  8  9 10 11 12 13 14 15 16 17 18 19 20 21 22 23 24
 25 26 27 28 29 30 31 32 33 34 35 36 37 38]
C_final_list= [4.535888208249318e-07, 4.1571175911760924e-07, 3.777743038044887e-07, 3.4156513094352845e-07, 3.0833012793311785e-07, 2.775705083543867e-07, 2.498275157981203e-07, 2.2471499055736901e-07, 2.0201039211494156e-07, 1.814812340189681e-07, 1.62975114232938e-07, 1.462721548531748e-07, 1.3118148955174195e-07, 1.1752658643700424e-07, 1.0530883867267206e-07, 9.434525213678017e-08, 8.456505804244668e-08, 7.582398724883422e-08, 6.797867930038919e-08, 6.09405737216148e-08, 5.464437677883836e-08, 4.897884359637567e-08, 4.388300035557968e-08, 3.9326215546917034e-08, 3.522956520567381e-08, 3.159036500916618e-08, 2.8323531141718785e-08, 2.537990217948091e-08, 2.274087308286196e-08, 2.0342586212493835e-08, 1.8180872956714434e-08, 1.6255423917006135e-08, 1.4528004048808547e-08, 1.2988006220311285e-08, 1.161545702478234e-08, 1.0393166879787131e-08, 9.309138481582596e-09, 8.335646725801955e-09]
W_list: [8.2]
L_list: [9.50365599395781]
