R_list= [ 1  2  3  4  5  6  7  8  9 10 11 12 13 14 15 16 17 18 19 20 21 22 23 24
 25 26 27 28 29 30 31 32]
C_final_list= [5.746455772738121e-07, 4.898241263099863e-07, 4.207887707673599e-07, 3.607959295153479e-07, 3.0918331605764793e-07, 2.651532716537608e-07, 2.2695494324399646e-07, 1.9375459650621568e-07, 1.6557345616634717e-07, 1.417063477419407e-07, 1.2097823458055658e-07, 1.0307061750987863e-07, 8.78920373655053e-08, 7.504200579757624e-08, 6.399439454793431e-08, 5.4609544355982825e-08, 4.6525476682559307e-08, 3.9616935175151404e-08, 3.3686893340110534e-08, 2.867598122979148e-08, 2.4380588558426977e-08, 2.074632955377482e-08, 1.759096241136552e-08, 1.486332764976444e-08, 1.2563482990760837e-08, 1.0610835889376899e-08, 8.938332320784626e-09, 7.521709425098888e-09, 6.33704767372901e-09, 5.343161728971905e-09, 4.512646611239048e-09, 3.8127953913610945e-09]
W_list: [6]
L_list: [6.407415414725537]
