C_list:
1.3653187710896073e-06 0.017376243259984193
ndim2: 500
W_list: [1.7999999999999998]
L_list: [57.54983888277527]
