R_list= [ 1  2  3  4  5  6  7  8  9 10 11 12 13 14 15 16 17 18 19 20 21 22 23 24
 25 26 27 28 29 30]
C_final_list= [7.167503202620912e-07, 6.759246381618993e-07, 6.365250736320193e-07, 5.979541461219723e-07, 5.613201028199528e-07, 5.269932966170403e-07, 4.941674662549851e-07, 4.6294971133716613e-07, 4.336245194064522e-07, 4.0607857164315307e-07, 3.802714469504084e-07, 3.560692522651451e-07, 3.3328920967318614e-07, 3.119543414853064e-07, 2.918552519104105e-07, 2.731128261313615e-07, 2.5555729089787283e-07, 2.3893012308196807e-07, 2.2325478011514364e-07, 2.0873945266350513e-07, 1.9514421965500056e-07, 1.824451827361306e-07, 1.706510487628185e-07, 1.597023660351167e-07, 1.4933019251340296e-07, 1.3947712412409022e-07, 1.3015281539766604e-07, 1.2136222955556159e-07, 1.1321420214969838e-07, 1.0561165431113658e-07]
W_list: [6]
L_list: [15.318157916261672]
