C_final_list: [1.3685581082241584e-06, 1.2882275476142673e-06, 1.2093825783391123e-06, 1.1340184577916493e-06, 1.0627969510315283e-06, 9.965344466640562e-07, 9.33396156855192e-07, 8.750258956497717e-07, 8.203520034069953e-07, 7.695583437307757e-07, 7.219502296766605e-07, 6.764712896333137e-07, 6.339654096126025e-07, 5.942843730410847e-07, 5.568225873414893e-07, 5.218464708499723e-07, 4.886058271817481e-07, 4.577155400286003e-07, 4.28693238759064e-07, 4.011872367406528e-07, 3.754440751879175e-07, 3.5094087640638485e-07, 3.2797135074366773e-07, 3.0633187915932044e-07, 2.8628448960962314e-07, 2.675993099612956e-07, 2.500522402385853e-07, 2.3359114293429812e-07, 2.1811777507724583e-07, 2.0360584060203333e-07, 1.8989189019847254e-07, 1.769657825499058e-07, 1.65019245669436e-07, 1.537125053841721e-07, 1.4315601822458322e-07, 1.3335529495228158e-07, 1.2416754103808653e-07, 1.1555317556102443e-07, 1.0761933816318533e-07, 1.001855599448294e-07, 9.322172572494615e-08, 8.674601169391266e-08, 8.06832965515429e-08, 7.5013186751754e-08, 6.973910577375288e-08, 6.481482167128953e-08, 6.024947602173683e-08, 5.600563764236392e-08, 5.2029762667226157e-08, 4.8303046523330956e-08]
ndim2: 500
W_list: [3.8]
L_list: [15.237586227579627]
