R_list= [ 1  2  3  4  5  6  7  8  9 10 11 12 13 14 15 16 17 18 19 20 21 22 23 24
 25 26 27 28 29 30 31 32 33 34 35 36 37 38]
C_final_list= [3.977268481247617e-07, 1.618644003605161e-07, 5.2067638396657916e-08, 1.4833258892471724e-08, 3.971374414403008e-09, 1.0396115499095575e-09, 2.7282809234747644e-10, 7.222056571660417e-11, 1.9046301313587995e-11, 4.9123273775312494e-12, 1.2553477510737794e-12, 3.1916797859352445e-13, 7.989430957292465e-14, 1.9651755023572946e-14, 4.679775377031513e-15, 1.0947073425777514e-15, 2.528708567732913e-16, 5.737722177983794e-17, 1.2998485513296684e-17, 3.029633965550267e-18, 7.214680763913761e-19, 1.7748953477348248e-19, 4.627036656711503e-20, 1.3449445819546765e-20, 4.744246627535715e-21, 2.0963847532372897e-21, 1.1919188621028686e-21, 8.192426908310562e-22, 6.499153511055117e-22, 5.878923829311167e-22, 5.644056671766348e-22, 5.599042067086376e-22, 5.500770572738327e-22, 5.293821565917643e-22, 5.098199451774919e-22, 5.028064082283073e-22, 5.005050094098062e-22, 5.015591501740872e-22]
W_list: [6]
L_list: [1.0382829290385658]
