C_final_list: [1.8682644039517024e-06, 1.7318085650554594e-06, 1.602616353085918e-06, 1.4816348870871037e-06, 1.3710154622738225e-06, 1.2685126448742654e-06, 1.1723220266847766e-06, 1.0849807362799639e-06, 1.0024263253844513e-06, 9.261431640907492e-07, 8.554659575366346e-07, 7.902628003543493e-07, 7.295017899911281e-07, 6.734836457433171e-07, 6.218791777840684e-07, 5.747743160774634e-07, 5.322356557162067e-07, 4.931491354379498e-07, 4.5691829028217053e-07, 4.2283358135939767e-07, 3.910867432182989e-07, 3.6128245096254067e-07, 3.329951630570552e-07, 3.0714380395554794e-07, 2.8372561873697684e-07, 2.6204681439352254e-07, 2.4197706268527833e-07, 2.231916883095537e-07, 2.0558829786919932e-07, 1.8909526673514648e-07, 1.7427935280870132e-07, 1.6045087165699406e-07, 1.4768303724049096e-07, 1.3566963608438857e-07, 1.2458871952135155e-07, 1.1436706960950889e-07, 1.0507405945001515e-07, 9.657920130550988e-08, 8.87796504294385e-08, 8.153027624678289e-08, 7.495529813872542e-08, 6.891458422295256e-08, 6.327217377417365e-08, 5.8021312903092977e-08, 5.322051271072796e-08, 4.87724921361131e-08, 4.464810654886472e-08, 4.0940872678258616e-08, 3.746379578395828e-08, 3.4271123392226725e-08]
ndim2: 500
W_list: [3.3]
L_list: [12.682326438095464]
