C_final_list: [1.7842778893662451e-06, 1.6455539000467389e-06, 1.5151996053203117e-06, 1.3969476193630654e-06, 1.2860536368904671e-06, 1.1848367992021902e-06, 1.0891951736982e-06, 1.0020465356665432e-06, 9.217315646029276e-07, 8.465830554707697e-07, 7.776007921600275e-07, 7.13952993617377e-07, 6.555011698054879e-07, 6.020207403180841e-07, 5.521762165413282e-07, 5.062602986545487e-07, 4.648558659432913e-07, 4.2652551309993387e-07, 3.914121231258158e-07, 3.590822660915543e-07, 3.2915704694604204e-07, 3.0181771295630417e-07, 2.768975679581874e-07, 2.541400036191742e-07, 2.3286513561175269e-07, 2.135327001177726e-07, 1.9568529128442344e-07, 1.7932581149414915e-07, 1.6415604623742036e-07, 1.5022411893791308e-07, 1.375663634878118e-07, 1.259715522165647e-07, 1.1523139058274471e-07, 1.0538961403767286e-07, 9.630409877293015e-08, 8.804978789898364e-08, 8.036652944403077e-08, 7.345720591061681e-08, 6.704151585217871e-08, 6.127071162172853e-08, 5.5954077813504724e-08, 5.1029437641788576e-08, 4.65560347766262e-08, 4.245531463062854e-08, 3.8749188217826016e-08, 3.5373461640072755e-08, 3.229290117037194e-08, 2.9477873116589278e-08, 2.692375606788149e-08, 2.45236595781811e-08]
ndim2: 500
W_list: [3.4000000000000004]
L_list: [11.81311930678828]
