C_final_list: [1.966792071667367e-06, 1.83659723690785e-06, 1.711896922074715e-06, 1.596555260174215e-06, 1.4880745093280425e-06, 1.387758414233598e-06, 1.2941892091943472e-06, 1.2061287791562484e-06, 1.1238859155946726e-06, 1.0479699015190363e-06, 9.777390182061293e-07, 9.116488364362528e-07, 8.50011126997165e-07, 7.917175481808947e-07, 7.368298712867834e-07, 6.853071539739811e-07, 6.384847666745854e-07, 5.949633902671107e-07, 5.54683795209176e-07, 5.172737629598608e-07, 4.822350482958123e-07, 4.490813548548243e-07, 4.1818741214844676e-07, 3.894820653812781e-07, 3.629578509738917e-07, 3.385017556229459e-07, 3.149417242721755e-07, 2.928453527094266e-07, 2.7218726459937516e-07, 2.531082190409065e-07, 2.3553362251506073e-07, 2.1903060455976778e-07, 2.0347820415756122e-07, 1.8918809119978008e-07, 1.7555703099617855e-07, 1.6293674308113408e-07, 1.510458752926497e-07, 1.3998586025609913e-07, 1.2982294947111764e-07, 1.2037562460662232e-07, 1.116819886745391e-07, 1.0357382219437129e-07, 9.607136347730896e-08, 8.921775636892818e-08, 8.28192849841358e-08, 7.691420834479901e-08, 7.126843535003894e-08, 6.599495357058586e-08, 6.1068078563905e-08, 5.651098949188899e-08]
ndim2: 500
W_list: [3.15]
L_list: [14.150065190139578]
