C_final_list: [2.0165179385940866e-06, 1.9757625158112355e-06, 1.934278914622747e-06, 1.8944051285786237e-06, 1.855808005772173e-06, 1.8180604067772755e-06, 1.7809964390796182e-06, 1.7447878735068435e-06, 1.7094623739293238e-06, 1.6751418224008085e-06, 1.6407739259518999e-06, 1.6075006086183156e-06, 1.5744694798641213e-06, 1.5415624382365974e-06, 1.5097117462208822e-06, 1.4785207056531862e-06, 1.4477418936458069e-06, 1.4177717866203256e-06, 1.3882877397420284e-06, 1.3595909976698855e-06, 1.3312389430873981e-06, 1.3037073207111024e-06, 1.2768182884340286e-06, 1.2502184274832132e-06, 1.2243663691925634e-06, 1.198899547926695e-06, 1.174097676667312e-06, 1.149831058728572e-06, 1.1259822659333198e-06, 1.1022584731805216e-06, 1.0790595524069892e-06, 1.0562096297451807e-06, 1.0339548823206799e-06, 1.0120564796595484e-06, 9.90548497372625e-07]
ndim2: 500
W_list: [2.4]
L_list: [47.97635310372251]
