R_list= [ 1  2  3  4  5  6  7  8  9 10 11 12 13 14 15 16 17 18 19 20 21 22 23 24
 25 26 27 28 29 30 31 32 33 34 35 36 37 38]
C_final_list= [1.8145535984598114e-06, 1.7324930077159833e-06, 1.6751517387606162e-06, 1.6203014565808138e-06, 1.5648577083550762e-06, 1.512872513350314e-06, 1.4627448125014616e-06, 1.4133893760224884e-06, 1.3654181191511044e-06, 1.320107390453005e-06, 1.2767227478518937e-06, 1.2344800420921608e-06, 1.193528259964411e-06, 1.1538847280125108e-06, 1.1157214843373408e-06, 1.0792666543601052e-06, 1.0443431661998119e-06, 1.010265500267109e-06, 9.770282118501018e-07, 9.448504350140388e-07, 9.133395812282213e-07, 8.826674656747509e-07, 8.532070084182892e-07, 8.248018752282857e-07, 7.973422860133493e-07, 7.706120780326078e-07, 7.447796000745228e-07, 7.196856274991627e-07, 6.952626672526996e-07, 6.71788810669341e-07, 6.49313124887902e-07, 6.273704589924327e-07, 6.061001545290571e-07, 5.853078995318265e-07, 5.651564165537875e-07, 5.457266789967285e-07, 5.269555592284895e-07, 5.089043662767263e-07]
W_list: [4]
L_list: [29.459914646551766]
