R_list= [ 1  2  3  4  5  6  7  8  9 10 11 12 13 14 15 16 17 18 19 20 21 22 23 24
 25 26 27 28 29 30 31 32 33 34 35 36 37 38]
C_final_list= [8.319198332512002e-07, 7.603467237616797e-07, 6.917947245918223e-07, 6.288291533078653e-07, 5.714555543830895e-07, 5.19763056428547e-07, 4.7283335221583693e-07, 4.2997886778321516e-07, 3.9093674936844005e-07, 3.5504520807529427e-07, 3.225059812379541e-07, 2.9312499962651014e-07, 2.664611472986431e-07, 2.4206637310676895e-07, 2.199234647133235e-07, 1.9958854747604628e-07, 1.8106328512893566e-07, 1.6411272341723756e-07, 1.487456941775352e-07, 1.3498011889035832e-07, 1.2253864162471984e-07, 1.1114763519052289e-07, 1.0071333963696732e-07, 9.121388950183532e-08, 8.26411324068504e-08, 7.486186128391733e-08, 6.78096757390107e-08, 6.142619006033496e-08, 5.5647783062070273e-08, 5.0344003375996094e-08, 4.5549172518252796e-08, 4.1190536920193266e-08, 3.7197501595866896e-08, 3.357500352199167e-08, 3.033534520170512e-08, 2.7367016359951847e-08, 2.4678768586992275e-08, 2.2235544559019906e-08]
W_list: [6]
L_list: [10.441912859241382]
