R_list= [ 1  2  3  4  5  6  7  8  9 10 11 12 13 14 15 16 17 18 19 20 21 22 23 24
 25 26 27 28 29 30 31 32 33 34 35 36 37 38]
C_final_list= [5.5441732724287425e-06, 4.862258846640157e-06, 4.2430526912517845e-06, 3.6932054123598427e-06, 3.21117049962934e-06, 2.7955067941411378e-06, 2.4314560805628558e-06, 2.1126806391183816e-06, 1.835559417071929e-06, 1.5962802233252471e-06, 1.389020277764274e-06, 1.2097898044331963e-06, 1.05209825162156e-06, 9.143479057546005e-07, 7.939472033121292e-07, 6.888978928303763e-07, 5.980529061445059e-07, 5.196499085621281e-07, 4.5096929241600413e-07, 3.9129031383635396e-07, 3.3927887628384884e-07, 2.9395602413038844e-07, 2.5493163060246113e-07, 2.2106837309879174e-07, 1.918305620110861e-07, 1.6642688215071194e-07, 1.4438436491973405e-07, 1.2533716338010322e-07, 1.0869873375909107e-07, 9.409260758833909e-08, 8.143676974536444e-08, 7.052599037616757e-08, 6.099036955034655e-08, 5.2849262168943e-08, 4.588177457890678e-08, 3.980236338170624e-08, 3.455676379556632e-08, 3.000298091690332e-08]
W_list: [7.0]
L_list: [7.196269816041545]
