R_list= [ 1  2  3  4  5  6  7  8  9 10 11 12 13 14 15 16 17 18 19 20 21 22 23 24
 25 26 27 28 29 30 31 32 33 34 35 36 37 38]
C_final_list= [1.0557549375550789e-07, 5.7664165047701814e-08, 2.9913345112497905e-08, 1.5385002060137055e-08, 7.895094054922858e-09, 3.9983221289870215e-09, 2.0130899556451562e-09, 1.0028639622755313e-09, 4.877378268867469e-10, 2.332111032135037e-10, 1.1059844056939469e-10, 5.253028739278804e-11, 2.5463657284592523e-11, 1.2799549078557803e-11, 6.413478873886131e-12, 3.0932001324060294e-12, 1.4886277018200526e-12, 7.055947937908686e-13, 3.3169547478972674e-13, 1.5641101827425681e-13, 7.254084784479637e-14, 3.531021955091171e-14, 1.918189513615258e-14, 1.1669125821944385e-14, 5.732378500186409e-15, 2.4555984483199682e-15, 1.1177943321430576e-15, 5.290289200976934e-16, 2.5996250753731655e-16, 1.4404073822223742e-16, 8.273554447284653e-17, 6.266469773873718e-17, 4.8607919574463006e-17, 3.3732426941337744e-17, 1.3808482185060069e-17, 6.231523993245181e-18, 3.3651084580356713e-18, 1.2826227613889254e-18]
W_list: [7]
L_list: [1.5830372598283566]
