R_list= [ 1  2  3  4  5  6  7  8  9 10 11 12 13 14 15 16 17 18 19 20 21 22 23 24
 25 26 27 28 29 30 31 32 33 34 35 36 37 38]
C_final_list= [9.29311304391747e-07, 7.512870286790256e-07, 6.208862102554541e-07, 5.129237537424653e-07, 4.232758023434579e-07, 3.488967845174575e-07, 2.8607932120996666e-07, 2.3446108025393322e-07, 1.9152466907527365e-07, 1.5649302825983876e-07, 1.2834911739280058e-07, 1.0559659312115819e-07, 8.656843748981044e-08, 7.073791260410348e-08, 5.7821023918705556e-08, 4.724264582623668e-08, 3.856180228243265e-08, 3.1508889519453724e-08, 2.5790199800623792e-08, 2.1115983083960152e-08, 1.7256313890745025e-08, 1.4039562078478716e-08, 1.1427659530880127e-08, 9.341942247012205e-09, 7.624335712283495e-09, 6.208246410353969e-09, 5.0488056660644e-09, 4.109725177874252e-09, 3.333853256886104e-09, 2.708458600162133e-09, 2.1897930120845834e-09, 1.773578552960715e-09, 1.43761417489633e-09, 1.1685031385140097e-09, 9.442528693473658e-10, 7.628915787152082e-10, 6.157888402775576e-10, 4.995207178202239e-10]
W_list: [6]
L_list: [5.080336878991931]
