C_final_list: [2.0181964885914746e-06, 1.7785707918383075e-06, 1.5634721516670984e-06, 1.3678933429133142e-06, 1.198013066601351e-06, 1.0465558142420345e-06, 9.136361452202405e-07, 7.972627113037562e-07, 6.98880255336321e-07, 6.10018514111611e-07, 5.342266834435327e-07, 4.656013191270487e-07, 4.0638194668813537e-07, 3.5358516265450485e-07, 3.0803941213590647e-07, 2.6743403402175856e-07, 2.3164262129767703e-07, 2.014852978752742e-07, 1.7476065295582342e-07, 1.52158123812697e-07, 1.3196048132553347e-07, 1.14170398499e-07, 9.905517450459418e-08, 8.543874036679748e-08, 7.367078382185794e-08, 6.36298858082476e-08, 5.502243713707955e-08, 4.772870797622219e-08, 4.1233412786217935e-08, 3.568102885888876e-08, 3.084604661771426e-08, 2.6698102581597913e-08, 2.303232659557104e-08, 1.9908396356912214e-08, 1.7323895085147345e-08, 1.5019763324182262e-08, 1.3065578931807799e-08, 1.1366188082751906e-08, 9.89760672800842e-09, 8.61306232586374e-09, 7.473629561241896e-09, 6.4988128342794696e-09, 5.630462820298519e-09, 4.8977649388279785e-09, 4.235665119438603e-09, 3.681358670464747e-09, 3.1885733046752795e-09, 2.7564114321100943e-09, 2.371313543476375e-09, 2.0488173864575586e-09]
ndim2: 500
W_list: [3.05]
L_list: [7.431491142036477]
