R_list= [ 1  2  3  4  5  6  7  8  9 10 11 12 13 14 15 16 17 18 19 20 21 22 23 24
 25 26 27 28 29 30 31 32 33 34 35 36 37 38]
C_final_list= [2.904949026798218e-05, 2.173172110687308e-05, 1.6128852599592048e-05, 1.1937658212111564e-05, 8.813037922077659e-06, 6.490471734710209e-06, 4.779970615086247e-06, 3.5173220874444737e-06, 2.5925802036564554e-06, 1.914489680668059e-06, 1.414422104004642e-06, 1.04446982286986e-06, 7.704455533574825e-07, 5.677324675048767e-07, 4.183529302862942e-07, 3.080928142893405e-07, 2.2771212487183047e-07, 1.6792018330731212e-07, 1.2362756257129278e-07, 9.083180012936659e-08, 6.678362827351434e-08, 4.9211691058614715e-08, 3.6333582814159816e-08, 2.6721774391511006e-08, 1.9646022860561545e-08, 1.4476278420216836e-08, 1.0633430175080042e-08, 7.845302482797392e-09, 5.744602093519942e-09, 4.185782701414316e-09, 3.047729724484563e-09, 2.216773733162375e-09, 1.6150225466046974e-09, 1.187168157399699e-09, 8.65697285011912e-10, 6.296902887888638e-10, 4.6333866727867876e-10, 3.4405145629514686e-10]
W_list: [8.35]
L_list: [3.3372719568135425]
