R_list= [ 1  2  3  4  5  6  7  8  9 10 11 12 13 14 15 16 17 18 19 20 21 22 23 24
 25 26 27 28 29 30 31 32 33 34 35 36 37 38]
C_final_list= [3.279293802703223e-07, 1.6239564227989412e-07, 6.5202684780622e-08, 2.349206126522231e-08, 7.978041676810038e-09, 2.6390193732452534e-09, 8.67475464454424e-10, 2.846564139571212e-10, 9.33366674298518e-11, 3.040353667163861e-11, 9.938985702791881e-12, 3.2727339305842727e-12, 1.1086743746958004e-12, 3.8812223392635614e-13, 1.4616622938275775e-13, 7.065192989588368e-14, 5.301051153589742e-14, 4.0622324961558113e-14, 2.283573711296761e-14, 8.975387712276767e-15, 2.888978190176019e-15, 8.6807828962621e-16, 2.6032026609304745e-16, 8.178030922597275e-17, 2.6181631233875227e-17, 8.496449675165999e-18, 2.7458242185523452e-18, 9.063900041935727e-19, 2.9959275335646983e-19, 1.030834601595595e-19, 3.766114182146709e-20, 1.5284494936259308e-20, 7.540585959905509e-21, 4.568588545050566e-21, 3.3069330054486637e-21, 2.7204191052367005e-21, 2.4206580767484946e-21, 2.2657304050831285e-21]
W_list: [5]
L_list: [1.270940895985725]
