R_list= [ 1  2  3  4  5  6  7  8  9 10 11 12 13 14 15 16 17 18 19 20 21 22 23 24
 25 26 27 28 29 30 31 32 33 34 35 36 37 38]
C_final_list= [5.369608883617098e-07, 4.677948724762209e-07, 4.042708251651163e-07, 3.476323493446639e-07, 2.982985822378725e-07, 2.5578543528261837e-07, 2.1927142817196222e-07, 1.8836826274431684e-07, 1.6183717118886665e-07, 1.389696057317665e-07, 1.1936636003582636e-07, 1.0266951422588453e-07, 8.82972317507797e-08, 7.592927063714165e-08, 6.517498120537052e-08, 5.591592428671441e-08, 4.7965236688125294e-08, 4.119249282301595e-08, 3.5331542470206407e-08, 3.0281329761685524e-08, 2.5920748264535464e-08, 2.216146662604415e-08, 1.893824815177169e-08, 1.6162767004091684e-08, 1.3795843199817871e-08, 1.1746687246861544e-08, 9.988895366512993e-09, 8.487740009963597e-09, 7.18075458405847e-09, 6.067976705253345e-09, 5.143887210154155e-09, 4.35802105444241e-09, 3.698025752997784e-09, 3.13855857392602e-09, 2.6576836199184427e-09, 2.2519839685088593e-09, 1.9088629478298314e-09, 1.6184688984564305e-09]
W_list: [7]
L_list: [6.628147671952229]
