R_list= [ 1  2  3  4  5  6  7  8  9 10 11 12 13 14 15 16 17 18 19 20 21 22 23 24
 25 26 27 28 29 30 31 32 33 34 35 36 37 38]
C_final_list= [7.040271689665463e-06, 6.086618064353244e-06, 5.221582230424412e-06, 4.463829159134041e-06, 3.81239444051893e-06, 3.253165893974852e-06, 2.774233974042181e-06, 2.3654956186926693e-06, 2.016112457144309e-06, 1.7168544160226349e-06, 1.460093950176013e-06, 1.2409474761797187e-06, 1.0551005445946639e-06, 8.968700831166273e-07, 7.618092182935054e-07, 6.463344678848047e-07, 5.482743094029146e-07, 4.649549618875086e-07, 3.9366148188174035e-07, 3.333232316424372e-07, 2.822596657294543e-07, 2.3893281088854e-07, 2.0218085176518303e-07, 1.7104046091424438e-07, 1.4484402856355296e-07, 1.2265699208910523e-07, 1.0394619123560231e-07, 8.802987955248496e-08, 7.44876386566964e-08, 6.309130220573312e-08, 5.342773609693183e-08, 4.5267152250002734e-08, 3.830411581067576e-08, 3.245765934718126e-08, 2.750630077688837e-08, 2.3321349365880666e-08, 1.9758401533807306e-08, 1.6738169057089288e-08]
W_list: [8.0]
L_list: [6.329785406373065]
