R_list= [ 1  2  3  4  5  6  7  8  9 10 11 12 13 14 15 16 17 18 19 20 21 22 23 24
 25 26 27 28 29 30 31 32]
C_final_list= [7.901440798484923e-07, 7.31897149666117e-07, 6.77209581064808e-07, 6.257244271593919e-07, 5.777748322680186e-07, 5.333090422358382e-07, 4.920945837253564e-07, 4.5421978467047217e-07, 4.196012182818153e-07, 3.872590415317374e-07, 3.5758249104718655e-07, 3.305357174829281e-07, 3.055239620713022e-07, 2.8253529969190424e-07, 2.608472278892494e-07, 2.4068838195886186e-07, 2.2211135667077523e-07, 2.0506699003962823e-07, 1.8924149804961826e-07, 1.746369126432593e-07, 1.609690879071017e-07, 1.483041338949733e-07, 1.3639457733149105e-07, 1.2555160828453406e-07, 1.155301142582112e-07, 1.0623232773536498e-07, 9.769458598240249e-08, 8.978217344727922e-08, 8.244367859576382e-08, 7.568932017622348e-08, 6.951460740452139e-08, 6.378839960930482e-08]
W_list: [6]
L_list: [12.521850099630074]
