C_final_list: [1.5441037091695372e-06, 1.2203046519296672e-06, 9.56569963705357e-07, 7.560130984236779e-07, 5.985539085727611e-07, 4.737121505234693e-07, 3.7182438264029287e-07, 2.920585231670637e-07, 2.2766735513909254e-07, 1.7922233761362166e-07, 1.4078488433946908e-07, 1.1021290732058872e-07, 8.609384836487133e-08, 6.676997114197988e-08, 5.183552091514056e-08, 4.008208958012525e-08, 3.0919603945091295e-08, 2.390537185122493e-08, 1.8611101617732952e-08, 1.4343776582801513e-08, 1.1063098694945115e-08, 8.532236443256787e-09, 6.611318569294068e-09, 5.079603894946819e-09, 3.913442908159036e-09, 3.0384986473307827e-09, 2.3571075488096528e-09, 1.8299732369156193e-09, 1.4430705256379842e-09, 1.127044298774186e-09, 8.774281696844816e-10, 6.895537288563555e-10, 5.499518670975683e-10, 4.3342231103651665e-10, 3.3711884140034406e-10]
ndim2: 500
W_list: [3.8]
L_list: [4.190279155371663]
