R_list= [ 1  2  3  4  5  6  7  8  9 10 11 12 13 14 15 16 17 18 19 20 21 22 23 24
 25 26 27 28 29 30 31 32 33 34 35 36 37 38]
C_final_list= [7.16298021099628e-07, 6.101803859237571e-07, 5.163238771362015e-07, 4.3658058229489706e-07, 3.686058284196277e-07, 3.1082852858591746e-07, 2.624824403291417e-07, 2.215240848738973e-07, 1.873254242066124e-07, 1.58499064298746e-07, 1.341167310295802e-07, 1.134056140441904e-07, 9.598909390033919e-08, 8.131911561402857e-08, 6.865842822016799e-08, 5.795280393852798e-08, 4.8703181267366735e-08, 4.1052310237142526e-08, 3.4597080994901594e-08, 2.9112013751716946e-08, 2.4389900862448632e-08, 2.0484252360154456e-08, 1.721146046288912e-08, 1.4492787852553395e-08, 1.2156826629793456e-08, 1.0209121000818124e-08, 8.561370548568305e-09, 7.185431037945638e-09, 6.0390578278960794e-09, 5.05616821808868e-09, 4.213980003288537e-09, 3.518668844388185e-09, 2.9421571554232658e-09, 2.4609463590673148e-09, 2.0498066444269324e-09, 1.7099082385922389e-09, 1.4291426313188615e-09, 1.1927505072302348e-09]
W_list: [6.6000000000000005]
L_list: [5.956141843740084]
