R_list= [ 1  2  3  4  5  6  7  8  9 10 11 12 13 14 15 16 17 18 19 20 21 22 23 24
 25 26 27 28 29 30 31 32 33 34 35 36 37 38]
C_final_list= [8.496423036026338e-07, 5.292770768283225e-07, 2.810256099689845e-07, 1.363222832608429e-07, 6.264238409346527e-08, 2.784978720811585e-08, 1.2135606263560732e-08, 5.224422332916779e-09, 2.2376776410624915e-09, 9.557870103659606e-10, 4.0854556277095524e-10, 1.7563706514150654e-10, 7.60625889965634e-11, 3.326264138037397e-11, 1.4792151146768836e-11, 6.7164300450177824e-12, 3.1134723701996554e-12, 1.4722797262262923e-12, 6.977772555840367e-13, 3.3273680685848613e-13, 1.6011463338410822e-13, 7.355572842211538e-14, 3.3744077460369e-14, 1.5641012476849363e-14, 7.15295425489944e-15, 3.1597399094517917e-15, 1.3700971795617734e-15, 5.780954812187176e-16, 2.388895955482004e-16, 9.878296015923661e-17, 4.074537860618101e-17, 1.681538599443904e-17, 7.106805251599372e-18, 3.055680339739615e-18, 1.352173310461586e-18, 6.232995043463331e-19, 3.0257070067043903e-19, 1.55552044980509e-19]
W_list: [4]
L_list: [1.7290214170559213]
