R_list= [ 1  2  3  4  5  6  7  8  9 10 11 12 13 14 15 16 17 18 19 20 21 22 23 24
 25 26 27 28 29 30 31 32 33 34 35 36 37 38]
C_final_list= [3.292207793773793e-05, 2.5246630967174144e-05, 1.924882991811646e-05, 1.464411145337562e-05, 1.1119488718977806e-05, 8.436957188172074e-06, 6.39653970804346e-06, 4.855577893466406e-06, 3.675067511765537e-06, 2.778261661003677e-06, 2.1020231872948233e-06, 1.5874993983636876e-06, 1.198431323295832e-06, 9.074381675744586e-07, 6.887842686038717e-07, 5.224998135183983e-07, 3.965148145067597e-07, 3.010034056444318e-07, 2.281329375566262e-07, 1.727694285441478e-07, 1.304596920891228e-07, 9.856780710400315e-08, 7.470611084071743e-08, 5.6559689427212954e-08, 4.300339887523561e-08, 3.2541270302948586e-08, 2.4637432755963005e-08, 1.8630366466850795e-08, 1.4116400055783023e-08, 1.0635389819606213e-08, 8.008232759209272e-09, 6.0334256279486505e-09, 4.554695841224664e-09, 3.4279276253848386e-09, 2.598626291941941e-09, 1.982190114911995e-09, 1.5048458443381174e-09, 1.1411269239283908e-09]
W_list: [8.0]
L_list: [3.664187645056289]
