C_final_list: [2.1903314794522554e-06, 2.0630981211086e-06, 1.989798578892682e-06, 1.9020803259925226e-06, 1.816864353121713e-06, 1.739363564663022e-06, 1.6645569831104508e-06, 1.5923924411851258e-06, 1.5240815820421147e-06, 1.4582402803647217e-06, 1.394197779914144e-06, 1.3324895902263434e-06, 1.2748916814795188e-06, 1.2198923025388669e-06, 1.1661891838201445e-06, 1.1139206015656602e-06, 1.0644969029202766e-06, 1.0184573641687813e-06, 9.73625703290289e-07, 9.307924294954805e-07, 8.899109722051915e-07, 8.503123366298491e-07, 8.127910814550873e-07, 7.766862890083269e-07, 7.417916662287825e-07, 7.089164631975336e-07, 6.77316392837314e-07, 6.469883072613336e-07, 6.179160676147885e-07, 5.898177320887608e-07, 5.626837733383218e-07, 5.370896212887736e-07, 5.127313311883839e-07, 4.895240101459928e-07, 4.669614940879789e-07]
ndim2: 500
W_list: [1.0]
L_list: [22.2791300367355]
