C_final_list: [1.9475568463257042e-06, 1.6935774598948328e-06, 1.4973503827112714e-06, 1.3098196935449995e-06, 1.1452004963978723e-06, 1.0050123373923159e-06, 8.801010410946707e-07, 7.704442825812951e-07, 6.719340874713081e-07, 5.884299892771342e-07, 5.148037791302228e-07, 4.5220190934682153e-07, 3.9535684444352244e-07, 3.458135800660433e-07, 3.01252561499222e-07, 2.631000836244051e-07, 2.2984206041529566e-07, 2.012606024760725e-07, 1.7602445233850776e-07, 1.5409567203403374e-07, 1.3438937824722006e-07, 1.1707061340644379e-07, 1.0197324256487669e-07, 8.850940574484834e-08, 7.69163232750997e-08, 6.68916437310705e-08, 5.827737487271154e-08, 5.053643601719535e-08, 4.401686077668767e-08, 3.8435434123066455e-08, 3.343798933932864e-08, 2.9125200205106357e-08, 2.535619839960057e-08, 2.1959011901621347e-08, 1.9079754465993092e-08]
ndim2: 500
W_list: [1.6]
L_list: [7.514129770965875]
