C_final_list: [1.6144135762928253e-06, 1.5460493036039458e-06, 1.478913280882237e-06, 1.4138695724838456e-06, 1.3522939111401276e-06, 1.2934808624178894e-06, 1.2370616569626083e-06, 1.1817760724622903e-06, 1.1295874092225568e-06, 1.080173690683329e-06, 1.0332826215153483e-06, 9.88300538859538e-07, 9.452808483046051e-07, 9.041146895338705e-07, 8.645615502046662e-07, 8.264963787282579e-07, 7.899382941502537e-07, 7.549182825396382e-07, 7.2112754338732e-07, 6.887838346217245e-07, 6.582142249186345e-07, 6.289960588060387e-07, 6.010213121913703e-07, 5.742277090290754e-07, 5.480272406404034e-07, 5.229420034642322e-07, 4.992601352553483e-07, 4.767684611001702e-07, 4.551955053695346e-07, 4.346552986277104e-07, 4.1492929500417535e-07, 3.9627153638119294e-07, 3.7835196422709104e-07, 3.6109125976457395e-07, 3.4452309478753636e-07, 3.2873699142201e-07, 3.134682113411968e-07, 2.9895038595170984e-07, 2.851037527986153e-07, 2.717334695583009e-07, 2.5926609645287473e-07, 2.4727414139433333e-07, 2.35701351262487e-07, 2.246626901609439e-07, 2.1416021926135872e-07, 2.0416070949352489e-07, 1.9457473587665623e-07, 1.8548813270937008e-07, 1.7659075558059781e-07, 1.6815702093507306e-07]
ndim2: 500
W_list: [3.4000000000000004]
L_list: [22.009467788774163]
