R_list= [ 1  2  3  4  5  6  7  8  9 10 11 12 13 14 15 16 17 18 19 20 21 22 23 24
 25 26 27 28 29 30 31 32 33 34 35 36 37 38]
C_final_list= [5.869544993714324e-07, 5.463322856299119e-07, 5.053588147511894e-07, 4.6585511863291704e-07, 4.2896483548513506e-07, 3.946611276613616e-07, 3.628184375585909e-07, 3.3348635361119114e-07, 3.062210857611018e-07, 2.8105114078781354e-07, 2.5783576668032694e-07, 2.3663974655428508e-07, 2.1715648138979941e-07, 1.9927400032489345e-07, 1.8280663133834616e-07, 1.6762353025277812e-07, 1.536273175121057e-07, 1.408201724758291e-07, 1.290087923728671e-07, 1.1812856424070434e-07, 1.0808480244827568e-07, 9.880540109211694e-08, 9.029032509464903e-08, 8.247559446660035e-08, 7.532320799496154e-08, 6.879895434113073e-08, 6.287966168536167e-08, 5.745936066351722e-08, 5.249191494290085e-08, 4.795237362684586e-08, 4.3781318685804245e-08, 3.9975624974814325e-08, 3.646842568243859e-08, 3.3222799865772365e-08, 3.024793379183659e-08, 2.7528655746589852e-08, 2.5045490688359057e-08, 2.2771094872175416e-08]
W_list: [7.8]
L_list: [11.761514692635155]
