C_final_list: [2.09877592358476e-06, 1.9896990874971727e-06, 1.8832193256388942e-06, 1.7820023261820852e-06, 1.6859308025538392e-06, 1.595416956475933e-06, 1.510756208060655e-06, 1.4304191411274185e-06, 1.355425180609268e-06, 1.2836882825364268e-06, 1.2155787038440615e-06, 1.150326402930149e-06, 1.0895659068259015e-06, 1.0308267304666518e-06, 9.755468103571146e-07, 9.224333036349956e-07, 8.720806210679433e-07, 8.246878031629035e-07, 7.792710592007318e-07, 7.368890416129207e-07, 6.966816773409948e-07, 6.584626599844686e-07, 6.222894152877228e-07, 5.87765960967594e-07, 5.552517686720427e-07, 5.24458992293234e-07, 4.953420786518524e-07, 4.681967270221392e-07, 4.424424498127994e-07, 4.178677376808655e-07, 3.9488350315987615e-07, 3.731449458793624e-07, 3.5249464431811494e-07, 3.32721471068694e-07, 3.1431504341250816e-07, 2.9682711195177444e-07, 2.8035612037496593e-07, 2.6473787923110474e-07, 2.500901402061616e-07, 2.3606130075301707e-07, 2.2292847618505103e-07, 2.1046231494633144e-07, 1.9848802240806267e-07, 1.8725486919669078e-07, 1.767480208400829e-07, 1.6706909935886556e-07, 1.5787148828964426e-07, 1.4919336727741442e-07, 1.410443547723141e-07, 1.3317957605666516e-07]
ndim2: 500
W_list: [2.8]
L_list: [17.98159398900335]
