R_list= [ 1  2  3  4  5  6  7  8  9 10 11 12 13 14 15 16 17 18 19 20 21 22 23 24
 25 26 27 28 29 30 31 32 33 34 35 36 37 38]
C_final_list= [4.1300024154561466e-07, 3.1247872734195566e-07, 2.3327300569293528e-07, 1.7328101159897108e-07, 1.285565948666824e-07, 9.535627518995737e-08, 7.068209935358461e-08, 5.243584444402241e-08, 3.895853180803132e-08, 2.8906394001488592e-08, 2.134613042087332e-08, 1.5765960015972213e-08, 1.16266866238541e-08, 8.60588034266251e-09, 6.366870429881751e-09, 4.703426695785129e-09, 3.467885555881108e-09, 2.5353462719754104e-09, 1.8414535853285938e-09, 1.340555784400021e-09, 9.78203436645453e-10, 7.148606759861837e-10, 5.23835910973312e-10, 3.849735043110544e-10, 2.8089104873969017e-10, 2.061076831403679e-10, 1.512533677531324e-10, 1.1108978903648225e-10, 8.145729661119636e-11, 5.988021609944263e-11, 4.4476976213348405e-11, 3.264980977192677e-11, 2.365245678933848e-11, 1.680057080874767e-11, 1.1961465577436603e-11, 8.608466511788844e-12, 6.229373281293875e-12, 4.477614978610845e-12]
W_list: [8.8]
L_list: [3.410314487466553]
