R_list= [ 1  2  3  4  5  6  7  8  9 10 11 12 13 14 15 16 17 18 19 20 21 22 23 24
 25 26 27 28 29 30 31 32 33 34 35 36 37 38]
C_final_list= [1.3493933663554373e-06, 1.2927400395104813e-06, 1.238726380773276e-06, 1.1867384904729928e-06, 1.1365273099926484e-06, 1.0886019030052584e-06, 1.042323755408093e-06, 9.98186492452715e-07, 9.55971167382386e-07, 9.154275304056624e-07, 8.766685595833317e-07, 8.398855422999536e-07, 8.047737776677244e-07, 7.711147833548812e-07, 7.385750901040317e-07, 7.074045404532869e-07, 6.774678211057465e-07, 6.49055226672617e-07, 6.215311978697205e-07, 5.952971011589246e-07, 5.698237179037102e-07, 5.453879932294918e-07, 5.218672888892415e-07, 4.99028747113041e-07, 4.772823113984041e-07, 4.562926993700723e-07, 4.3605364174988236e-07, 4.1675023296985237e-07, 3.981903762629394e-07, 3.805492349438595e-07, 3.637062606058209e-07, 3.47601266977224e-07, 3.3197792359062064e-07, 3.170670796752466e-07, 3.0277990400628296e-07, 2.8912565784162085e-07, 2.758267776489565e-07, 2.631432998392034e-07]
W_list: [5]
L_list: [22.953706133041152]
