C_final_list: [1.4480058283815595e-06, 1.1234100064474693e-06, 8.656535107068068e-07, 6.682566775191294e-07, 5.14672524723282e-07, 3.998458528421875e-07, 3.092813416999864e-07, 2.386083713024064e-07, 1.8360253162467462e-07, 1.4097662490721235e-07, 1.0836001123765375e-07, 8.336495510278145e-08, 6.406397713908188e-08, 4.875171855039769e-08, 3.729407152801136e-08, 2.851226844387896e-08, 2.166240031459513e-08, 1.6598924213074242e-08, 1.2681447851069696e-08, 9.783203273385144e-09, 7.427144960733386e-09, 5.6442818227912806e-09, 4.335583166644063e-09, 3.3291083942862394e-09, 2.5210573659034187e-09, 1.9459491600058906e-09, 1.5029274002265237e-09, 1.1669170059021113e-09, 8.989938709368418e-10, 6.743285516465752e-10, 4.934238807441172e-10, 3.6579024041430604e-10, 2.7450415892687533e-10, 2.0529690771058455e-10, 1.5617027044676056e-10]
ndim2: 500
W_list: [4.0]
L_list: [3.8698746490201583]
