R_list= [ 1  2  3  4  5  6  7  8  9 10 11 12 13 14 15 16 17 18 19 20 21 22 23 24
 25 26 27 28 29 30 31 32 33 34 35 36 37 38]
C_final_list= [1.432889117680156e-06, 1.3398576466515633e-06, 1.2570523247695547e-06, 1.1785775509952558e-06, 1.106080599827434e-06, 1.0372490290399688e-06, 9.72946646445586e-07, 9.125550984077384e-07, 8.556378378576634e-07, 8.015921200463111e-07, 7.514801154202597e-07, 7.037013828544126e-07, 6.59240372878497e-07, 6.171531039366668e-07, 5.776078415835328e-07, 5.404223266954694e-07, 5.055287959503039e-07, 4.725904901669996e-07, 4.4180735014210003e-07, 4.131314512483436e-07, 3.8636005423205035e-07, 3.608300311751952e-07, 3.371208340693059e-07, 3.1526739757147743e-07, 2.9435529229483143e-07, 2.7500935001878745e-07, 2.5692349462176657e-07, 2.3985573717131334e-07, 2.239221132441056e-07, 2.089784072967933e-07, 1.9501417865994575e-07, 1.8197694778267822e-07, 1.6984636817265804e-07, 1.5860637533726416e-07, 1.480855242401122e-07, 1.3832603096079825e-07, 1.2910968934280332e-07, 1.204044520515978e-07]
W_list: [5]
L_list: [15.203627848667686]
