R_list= [ 1  2  3  4  5  6  7  8  9 10 11 12 13 14 15 16 17 18 19 20 21 22 23 24
 25 26 27 28 29 30 31 32 33 34 35 36 37 38]
C_final_list= [6.27359821561931e-07, 3.2869227567568523e-07, 1.5365503061599686e-07, 6.918854094821149e-08, 3.089831291853036e-08, 1.3635201534773615e-08, 5.948210924399134e-09, 2.5505792552465914e-09, 1.0852316910978195e-09, 4.6040187328175764e-10, 1.9708578613419328e-10, 8.583001408319436e-11, 3.8064991056200474e-11, 1.7453471380453088e-11, 8.276141383774752e-12, 3.939526385700627e-12, 1.7684370673629458e-12, 7.071296273721524e-13, 2.6185458621208737e-13, 9.906667025855837e-14, 4.3029980461250756e-14, 1.7572768574122167e-14, 6.494681861321195e-15, 2.456857188875214e-15, 9.624901288896778e-16, 3.6349861074642324e-16, 1.2913656648254608e-16, 4.548554289915301e-17, 1.5819286385489985e-17, 5.559670163468563e-18, 1.8892491937046538e-18, 6.613205333352285e-19, 2.535134053408776e-19, 1.0244363617207918e-19, 3.7823869608106155e-20, 1.3022269080197609e-20, 4.531638576530572e-21, 1.6088637818959268e-21]
W_list: [6]
L_list: [1.4284604818789826]
