R_list= [ 1  2  3  4  5  6  7  8  9 10 11 12 13 14 15 16 17 18 19 20 21 22 23 24
 25 26 27 28 29 30 31 32 33 34 35 36 37 38]
C_final_list= [8.729686944907334e-07, 8.283907638227921e-07, 7.82783515467169e-07, 7.378993925776775e-07, 6.946085046380039e-07, 6.536373842764917e-07, 6.14840625645985e-07, 5.782315092095961e-07, 5.439735882944555e-07, 5.118892326369633e-07, 4.816682699677853e-07, 4.533144977311944e-07, 4.2659177263601484e-07, 4.01483352367874e-07, 3.7778634324470175e-07, 3.553378826077057e-07, 3.341877199546141e-07, 3.1415200379745654e-07, 2.952764693458368e-07, 2.7739732085072797e-07, 2.6048962315627465e-07, 2.445584852804673e-07, 2.295663738370977e-07, 2.1555921769378195e-07, 2.023687324982712e-07, 1.8998185549030493e-07, 1.782933608680426e-07, 1.6738261035311205e-07, 1.570839771340046e-07, 1.4737477909004296e-07, 1.382440087775345e-07, 1.2969152094659672e-07, 1.2168361885264527e-07, 1.1408637753340873e-07, 1.0698027056963267e-07, 1.0027559313654883e-07, 9.394597752042862e-08, 8.800882242029813e-08]
W_list: [7.2]
L_list: [16.341572652936335]
