C_final_list: [8.585863109333242e-07, 8.210841257646774e-07, 7.826317549078318e-07, 7.456967921037659e-07, 7.101825577994523e-07, 6.758644959420434e-07, 6.429525804429875e-07, 6.111992494933273e-07, 5.812493552671083e-07, 5.527791594886548e-07, 5.255253322489264e-07, 4.998320646528079e-07, 4.750076028248107e-07, 4.5162017712023873e-07, 4.2922261979122655e-07, 4.074950767433472e-07, 3.869264729383527e-07, 3.6729265148065153e-07, 3.486674707439972e-07, 3.311665221465747e-07, 3.144064142799762e-07, 2.984848511762e-07, 2.8336397668052214e-07, 2.6894101999079e-07, 2.551995100136163e-07, 2.421279264834598e-07, 2.2967755280269696e-07, 2.1777652423382506e-07, 2.0648775797644932e-07, 1.9580487461066779e-07, 1.8561057576460957e-07, 1.7580457823965334e-07, 1.6646740369015356e-07, 1.5758702079352978e-07, 1.4905704569866103e-07]
ndim2: 500
W_list: [3.6]
L_list: [19.667904954371302]
