C_final_list: [1.530087830971228e-06, 1.5007152686058075e-06, 1.4717062070204317e-06, 1.4434090702158328e-06, 1.415609297348727e-06, 1.3883229578577226e-06, 1.3616467114044912e-06, 1.3356751638161438e-06, 1.3100357452435223e-06, 1.2847993680646021e-06, 1.2602138067975168e-06, 1.2362066478887652e-06, 1.2127226701419103e-06, 1.1897121431160657e-06, 1.166862374250268e-06, 1.1444203246060784e-06, 1.1219907698503765e-06, 1.0999214608614556e-06, 1.078411047347178e-06, 1.057380938606462e-06, 1.0367439780605006e-06, 1.0165791184047297e-06, 9.96777396506675e-07, 9.77331809622862e-07, 9.581973334295384e-07, 9.396035867620253e-07, 9.213543948343868e-07, 9.034450631154332e-07, 8.859574114033163e-07, 8.68752537442155e-07, 8.517569657688631e-07, 8.349953955218269e-07, 8.186282647732261e-07, 8.02577121671984e-07, 7.867482465177441e-07, 7.713231026202677e-07, 7.561060972427853e-07, 7.411108159076362e-07, 7.264033718465889e-07, 7.120794520000354e-07, 6.981000291286631e-07, 6.843037428740144e-07, 6.708325462684239e-07, 6.57570805433231e-07, 6.444896511797336e-07, 6.315057726604619e-07, 6.188407345365869e-07, 6.063904238391497e-07, 5.941423195497862e-07, 5.821704692734148e-07]
ndim2: 500
W_list: [3.1999999999999997]
L_list: [50.93340157837569]
