C_final_list: [1.4498697331471274e-06, 1.1467976162362047e-06, 9.061972271179521e-07, 7.104755322151707e-07, 5.561492631438794e-07, 4.3394504923015545e-07, 3.382093339075787e-07, 2.6420243299299624e-07, 2.0602743397348115e-07, 1.6057584623449484e-07, 1.2491956041991537e-07, 9.746802160705059e-08, 7.605674273897074e-08, 5.8768351662424985e-08, 4.572886329576513e-08, 3.5320259796414776e-08, 2.75599111689293e-08, 2.1373840496473035e-08, 1.6673478203436502e-08, 1.2920184191051779e-08, 9.929167299100983e-09, 7.615643135737553e-09, 5.869202241240944e-09, 4.540524152272254e-09, 3.513508071495502e-09, 2.720263088032128e-09, 2.0979257950435424e-09, 1.5852094744702303e-09, 1.2059605387219666e-09, 9.174922058955781e-10, 7.032237965491778e-10, 5.355939051714621e-10, 4.097681310902988e-10, 3.161192266930255e-10, 2.3657560847494857e-10]
ndim2: 500
W_list: [3.0]
L_list: [4.119195475483981]
