C_final_list: [1.7445280247265722e-06, 1.7226387650190713e-06, 1.7010131587330314e-06, 1.6802836080338484e-06, 1.6602011023295513e-06, 1.6403934516156973e-06, 1.6210341454326518e-06, 1.6017775336510945e-06, 1.582721399355237e-06, 1.564091458710254e-06, 1.545762667223596e-06, 1.5277428631127646e-06, 1.509852033580675e-06, 1.4919829747557289e-06, 1.4744844759491355e-06, 1.4572542716042327e-06, 1.4401299925657608e-06, 1.4231796962923138e-06, 1.4064195493379597e-06, 1.3897321605832089e-06, 1.3733175424186794e-06, 1.357003099884572e-06, 1.3409364747856075e-06, 1.3250685125863382e-06, 1.3093177162293818e-06, 1.2939891101797335e-06, 1.278642957893826e-06, 1.2634500415456171e-06, 1.2482964197624794e-06, 1.2335353759790863e-06, 1.2188464585747644e-06, 1.2044252270450723e-06, 1.1901334343146948e-06, 1.1760797604599767e-06, 1.1621423976744593e-06, 1.1483916400620984e-06, 1.1347879129430932e-06, 1.1214510228740918e-06, 1.1081964449559617e-06, 1.0951737590400989e-06, 1.0823024760102286e-06, 1.06961040429245e-06, 1.0569298998105105e-06, 1.0445267278324847e-06, 1.0322236812968908e-06, 1.0199735124634564e-06, 1.0079558734241406e-06, 9.960350914967253e-07, 9.842712734706576e-07, 9.726338994032447e-07]
ndim2: 500
W_list: [2.8]
L_list: [84.06594553026201]
