R_list= [ 1  2  3  4  5  6  7  8  9 10 11 12 13 14 15 16 17 18 19 20 21 22 23 24
 25 26 27 28 29 30 31 32 33 34 35 36 37 38]
C_final_list= [3.7422481193830076e-06, 3.09118792925621e-06, 2.5428892804435597e-06, 2.083213750047132e-06, 1.7061880642441748e-06, 1.3951043651210826e-06, 1.1400370813658736e-06, 9.313243577955685e-07, 7.591932848420797e-07, 6.181464475796497e-07, 5.036552177576588e-07, 4.0998030646823703e-07, 3.341271345429989e-07, 2.719647576088429e-07, 2.2113008410208254e-07, 1.7964386677448953e-07, 1.4605164783722664e-07, 1.1874911285838868e-07, 9.649979220798239e-08, 7.830962142755389e-08, 6.355498686324585e-08, 5.1718504609209186e-08, 4.2108706210259997e-08, 3.423715247563633e-08, 2.780818340717072e-08, 2.254194302449106e-08, 1.8294168831611682e-08, 1.4850774822814982e-08, 1.2039985270992838e-08, 9.773809364118676e-09, 7.957318568009665e-09, 6.491784693529911e-09, 5.302992464745393e-09, 4.321651929471014e-09, 3.5100820038928664e-09, 2.8550147900802316e-09, 2.3219771531440153e-09, 1.889389114836496e-09]
W_list: [8.0]
L_list: [5.006661431398216]
