C_final_list: [1.472279461882911e-06, 1.4417629026116224e-06, 1.4112454882301481e-06, 1.3813922859377124e-06, 1.3525193401653318e-06, 1.3243467099187774e-06, 1.2964753133152052e-06, 1.2691385276059552e-06, 1.2418550066532386e-06, 1.215480929426088e-06, 1.1895709190696397e-06, 1.1646111815727682e-06, 1.1402303277207678e-06, 1.1161376704638669e-06, 1.0926535319049313e-06, 1.069689550330583e-06, 1.0468135535413542e-06, 1.0245438170717572e-06, 1.0028581422078491e-06, 9.81715199088003e-07, 9.611984890585687e-07, 9.409866113341837e-07, 9.210982821966784e-07, 9.016830374640028e-07, 8.827209117781115e-07, 8.645363531939596e-07, 8.466356924443299e-07, 8.28933474319414e-07, 8.116956217566087e-07, 7.947884212452694e-07, 7.783064575554813e-07, 7.620753639630017e-07, 7.461779435936769e-07, 7.305197616027234e-07, 7.152594995540811e-07, 7.002456923666414e-07, 6.852862273701294e-07, 6.707271186700366e-07, 6.563741640014452e-07, 6.423290459304251e-07, 6.286065856323452e-07, 6.150694335328689e-07, 6.016295441066926e-07, 5.884289258415713e-07, 5.755633421747389e-07, 5.630470594724168e-07, 5.507353483880883e-07, 5.386921855775642e-07, 5.268842045063509e-07, 5.152535573809292e-07]
ndim2: 500
W_list: [3.3]
L_list: [46.9212067614744]
