R_list= [ 1  2  3  4  5  6  7  8  9 10 11 12 13 14 15 16 17 18 19 20 21 22 23 24
 25 26 27 28 29 30 31 32 33 34 35 36 37 38]
C_final_list= [5.425670791552759e-07, 4.007482550725169e-07, 3.011605723726216e-07, 2.2510943128907115e-07, 1.681614715685792e-07, 1.2613191757834875e-07, 9.452017524769962e-08, 7.032382661066195e-08, 5.2033625218364714e-08, 3.856683608569699e-08, 2.8621054443930043e-08, 2.1225418301532596e-08, 1.5743170178087663e-08, 1.1673708724931749e-08, 8.656968607844317e-09, 6.4168948248868934e-09, 4.747133065376504e-09, 3.5092038611797333e-09, 2.5880864405036973e-09, 1.899654900808478e-09, 1.3917766486134675e-09, 1.030619641625093e-09, 7.57128057042647e-10, 5.593940564601416e-10, 4.1743538559098945e-10, 3.072077340282175e-10, 2.2611479092278133e-10, 1.6876205957540144e-10, 1.2565866481598766e-10, 9.43591011820595e-11, 7.073582844340998e-11, 5.260797722780312e-11, 3.8849091462509075e-11, 2.827366669178232e-11, 2.0623863794893452e-11, 1.463785359744569e-11, 1.0497804468764356e-11, 7.491745276550164e-12]
W_list: [7]
L_list: [3.417542472892038]
