C_final_list: [1.9510864372246442e-06, 1.8393513118791103e-06, 1.7317450164442037e-06, 1.6292715566787709e-06, 1.53141702888841e-06, 1.440059071512751e-06, 1.3545875269807839e-06, 1.274594432264004e-06, 1.198294787219657e-06, 1.1267915332038248e-06, 1.0598936307492375e-06, 9.965764157944184e-07, 9.369148690758687e-07, 8.804501085702641e-07, 8.271477858555401e-07, 7.782347863598037e-07, 7.317733235438386e-07, 6.876799400648787e-07, 6.460228633205058e-07, 6.068315331257491e-07, 5.70260774195259e-07, 5.357891447853623e-07, 5.02900263470673e-07, 4.722393639183363e-07, 4.4305927049648725e-07, 4.1570449118372296e-07, 3.8974391990108733e-07, 3.654375183180369e-07, 3.428373568785075e-07, 3.2107439566138075e-07, 3.0066865876587804e-07, 2.8158216759316795e-07, 2.634343586178965e-07, 2.466509434717921e-07, 2.3095804176507612e-07, 2.1618053824549954e-07, 2.025348913527135e-07, 1.8958480606996457e-07, 1.774279941028083e-07, 1.6620038952281738e-07, 1.5556905760650103e-07, 1.4562593170636994e-07, 1.3628815654484607e-07, 1.2739066612444239e-07, 1.1906992707455018e-07, 1.1127772853013278e-07, 1.0392341954654509e-07, 9.711386407687125e-08, 9.079465039863883e-08, 8.48433928933872e-08]
ndim2: 500
W_list: [2.9499999999999997]
L_list: [16.06790704969945]
