C_final_list: [1.8818728051004995e-06, 1.8293695196817816e-06, 1.7775881059370851e-06, 1.7278750517229916e-06, 1.6800490226681281e-06, 1.6326528329724934e-06, 1.5874943184480328e-06, 1.543875470736338e-06, 1.5015843266399972e-06, 1.4606351852278297e-06, 1.4199587828604893e-06, 1.3807125694742876e-06, 1.3428182950347403e-06, 1.3055865198902799e-06, 1.2694351861139526e-06, 1.2343796777883573e-06, 1.2006314411966728e-06, 1.167286093665442e-06, 1.1352514523158e-06, 1.1041130979253101e-06, 1.0736377610153612e-06, 1.04350736252143e-06, 1.0143106199330746e-06, 9.856374401358402e-07, 9.577283538754308e-07, 9.308220508074998e-07, 9.043726659782079e-07, 8.788717592719778e-07, 8.541532925159387e-07, 8.302069345907192e-07, 8.068132745980444e-07, 7.84006990561357e-07, 7.618723226494725e-07, 7.402779546107912e-07, 7.19377772491903e-07, 6.99109781140279e-07, 6.79476107161462e-07, 6.604135730577417e-07, 6.418526858102314e-07, 6.239573525644154e-07, 6.064528982363988e-07, 5.891771344658774e-07, 5.724322958499913e-07, 5.561380515443381e-07, 5.401576139353736e-07, 5.246122520769433e-07, 5.095559279356164e-07, 4.947926626887987e-07, 4.802997702622278e-07, 4.6642249758636896e-07]
ndim2: 500
W_list: [2.9]
L_list: [35.35605665215786]
