C_final_list: [2.142789218444702e-06, 1.9146136817587728e-06, 1.7051367917021166e-06, 1.5220698939649928e-06, 1.3561051403194545e-06, 1.2032024765090798e-06, 1.0686964263941075e-06, 9.51170329210914e-07, 8.470587229387503e-07, 7.546751907420738e-07, 6.710773379588479e-07, 5.96996048630973e-07, 5.285927039139199e-07, 4.6766813279616153e-07, 4.1394401590637964e-07, 3.655130652532959e-07, 3.231585784761307e-07, 2.8551693668735817e-07, 2.524044907533699e-07, 2.2311467376666435e-07, 1.9710768899283662e-07, 1.7412553473685115e-07, 1.5406129103855637e-07, 1.356247168714341e-07, 1.1944114155327933e-07, 1.0542199919641487e-07, 9.29296760299126e-08, 8.197387085653917e-08, 7.218145375883697e-08, 6.371794635816369e-08, 5.631935679778209e-08, 4.964676259156742e-08, 4.36821834152675e-08, 3.839347705893792e-08, 3.3855870545195814e-08, 2.9763104808308768e-08, 2.6161903394424867e-08, 2.303466782487515e-08, 2.0213213953200314e-08, 1.7732161056767216e-08, 1.5520326362568516e-08, 1.3614693050531487e-08, 1.195374620074323e-08, 1.0471024805907892e-08, 9.19772829811602e-09, 8.09629321032072e-09, 7.143533971675214e-09, 6.2746214145621714e-09, 5.524658260459512e-09, 4.852318871385763e-09]
ndim2: 500
W_list: [2.8]
L_list: [8.473979414255913]
