R_list= [ 1  2  3  4  5  6  7  8  9 10 11 12 13 14 15 16 17 18 19 20 21 22 23 24
 25 26 27 28 29 30 31 32 33 34 35 36 37 38]
C_final_list= [6.63647813637687e-06, 5.68829799091301e-06, 4.831216468848884e-06, 4.086095706722932e-06, 3.451618175652311e-06, 2.914456529179782e-06, 2.4584113417190395e-06, 2.0721589979126887e-06, 1.7459953740659771e-06, 1.4712883764523806e-06, 1.2394342028975014e-06, 1.0437792693962794e-06, 8.786264250797435e-07, 7.394671146261461e-07, 6.220806741118731e-07, 5.227436042472867e-07, 4.389915616210797e-07, 3.6831736869892785e-07, 3.0905837743158613e-07, 2.5945468130983374e-07, 2.1776164756313332e-07, 1.8294328900222027e-07, 1.5375034676587715e-07, 1.2911228585664547e-07, 1.0839294572628592e-07, 9.092124741483683e-08, 7.626648495355262e-08, 6.392031187600176e-08, 5.3493004281785934e-08, 4.479849228033905e-08, 3.7468102312710265e-08, 3.130043401631318e-08, 2.616535726070656e-08, 2.1903995839359054e-08, 1.8329179156904875e-08, 1.5345544763031294e-08, 1.285430112817428e-08, 1.076365195253881e-08]
W_list: [8.15]
L_list: [5.950308906918052]
