C_final_list: [1.9118052408641697e-06, 1.6670535034125435e-06, 1.4750886723112989e-06, 1.2871285575768028e-06, 1.1293325830985034e-06, 9.91039457935292e-07, 8.70674078662984e-07, 7.626340725121114e-07, 6.692598285875145e-07, 5.873874785474305e-07, 5.145242067777653e-07, 4.50597738341364e-07, 3.96079567400992e-07, 3.4780029688694005e-07, 3.0451152980765534e-07, 2.66011390385744e-07, 2.3310168908984643e-07, 2.0364875782274218e-07, 1.775779108474506e-07, 1.5492239153151588e-07, 1.3484791019042426e-07, 1.1783604768466096e-07, 1.0247701577131193e-07, 8.98175919156632e-08, 7.824826502561107e-08, 6.824172790228066e-08, 5.960153360983626e-08, 5.213435635516897e-08, 4.5628815410423914e-08, 3.9972503602232796e-08, 3.4977533695216364e-08, 3.0695458707334316e-08, 2.6986854734747224e-08, 2.359550404429341e-08, 2.061545612079455e-08]
ndim2: 500
W_list: [1.6]
L_list: [7.604436835723383]
