C_final_list: [2.016624462653921e-06, 1.7682403445222476e-06, 1.5454079352203272e-06, 1.35381871065236e-06, 1.1837196471290751e-06, 1.0326442945103257e-06, 8.994625155649484e-07, 7.8472064028062e-07, 6.84879322527042e-07, 5.985217476759166e-07, 5.211764128582759e-07, 4.536048019207399e-07, 3.9511165638068754e-07, 3.433174972988418e-07, 2.978536563169187e-07, 2.588107889138081e-07, 2.2453548403579672e-07, 1.9455143317532694e-07, 1.691284043619871e-07, 1.469840999471915e-07, 1.2756687719710096e-07, 1.1075149019974513e-07, 9.585837584963921e-08, 8.29528990194452e-08, 7.1736276896234e-08, 6.193059156722547e-08, 5.373884273855918e-08, 4.66248923842384e-08, 4.0450896199943433e-08, 3.509575893643773e-08, 3.037953309202571e-08, 2.6363948518628166e-08, 2.279304415166609e-08, 1.9682337014995764e-08, 1.6981097186177252e-08]
ndim2: 500
W_list: [3.0]
L_list: [7.3323181804971505]
