R_list= [ 1  2  3  4  5  6  7  8  9 10 11 12 13 14 15 16 17 18 19 20 21 22 23 24
 25 26 27 28 29 30 31 32 33 34 35 36 37 38]
C_final_list= [3.2265647449023654e-07, 2.7690342394565625e-07, 2.3550824789252197e-07, 1.9935009309501575e-07, 1.6832074991970618e-07, 1.416647344374166e-07, 1.1907122753329563e-07, 9.99385508908348e-08, 8.366040471367889e-08, 7.006217524940261e-08, 5.868264896982586e-08, 4.9158719934947215e-08, 4.1213070626267034e-08, 3.4605897445238074e-08, 2.9034259885148093e-08, 2.439753419263189e-08, 2.0469751438132362e-08, 1.7160826198473423e-08, 1.4365740685828941e-08, 1.2009588279967794e-08, 1.0033559036115995e-08, 8.373846886442983e-09, 6.9920450915353534e-09, 5.834775757305714e-09, 4.851336390921485e-09, 4.030861758627132e-09, 3.3315800790634667e-09, 2.7463440564523503e-09, 2.261483354473239e-09, 1.8604867247266384e-09, 1.5313270637136028e-09, 1.261886581912902e-09, 1.0422814624113114e-09, 8.635452475062851e-10, 7.152630786125884e-10, 5.902975862862576e-10, 4.868706857785333e-10, 4.0174901672375965e-10]
W_list: [8.0]
L_list: [5.88136215083957]
