C_final_list: [1.3986670091755047e-06, 1.0836520845313314e-06, 8.323015396855884e-07, 6.392655981492359e-07, 4.896541931803656e-07, 3.781750450545348e-07, 2.915689864509661e-07, 2.255390131688614e-07, 1.7426072428371232e-07, 1.3380124445910896e-07, 1.0341557786974801e-07, 7.949649109475944e-08, 6.118492932313156e-08, 4.7040583581605724e-08, 3.620686379780232e-08, 2.7648626249853317e-08, 2.107043110273724e-08, 1.6123963080392374e-08, 1.2350784125324321e-08, 9.548927914311742e-09, 7.35558145514069e-09, 5.6426528682944805e-09, 4.278894473201083e-09, 3.231077667481628e-09, 2.4700461874594805e-09, 1.88898073853509e-09, 1.4413871360718737e-09, 1.0928106078672983e-09, 8.281083572036619e-10, 6.272839422239299e-10, 4.736893635786746e-10, 3.5879542231571555e-10, 2.7004192451376356e-10, 2.0499675793401019e-10, 1.5526296232880469e-10]
ndim2: 500
W_list: [3.2]
L_list: [3.8267621019550173]
