R_list= [ 1  2  3  4  5  6  7  8  9 10 11 12 13 14 15 16 17 18 19 20 21 22 23 24
 25 26 27 28 29 30 31 32 33 34 35 36 37 38]
C_final_list= [3.126548837167175e-07, 2.6335701103363214e-07, 2.1917461923009803e-07, 1.81231267590322e-07, 1.4986738414004696e-07, 1.2368245811660134e-07, 1.019140523425315e-07, 8.372433769625052e-08, 6.860443395558365e-08, 5.607230982784204e-08, 4.585180215171136e-08, 3.738786993234698e-08, 3.0456283824182724e-08, 2.4790233208049156e-08, 2.021136925586598e-08, 1.6439552046701357e-08, 1.3390702936899938e-08, 1.0932782047380213e-08, 8.933301085731348e-09, 7.284330996246737e-09, 5.930127511381135e-09, 4.819646552313325e-09, 3.906370218362333e-09, 3.1653529094441966e-09, 2.572637291198198e-09, 2.0841591414312167e-09, 1.6886967698500318e-09, 1.3714671238834736e-09, 1.1152682878492862e-09, 9.068314282223435e-10, 7.333556838090913e-10, 5.911816702432331e-10, 4.734636684551115e-10, 3.7986363849848325e-10, 3.0561823553732093e-10, 2.453782251133726e-10, 1.9715681899182347e-10, 1.5887880719463008e-10]
W_list: [8.8]
L_list: [5.237015828772374]
