R_list= [ 1  2  3  4  5  6  7  8  9 10 11 12 13 14 15 16 17 18 19 20 21 22 23 24
 25 26 27 28 29 30 31 32 33 34 35 36 37 38]
C_final_list= [2.9931348028371365e-07, 2.4524196531275667e-07, 1.9817533609456245e-07, 1.590885060971434e-07, 1.2704982094560693e-07, 1.0118674219930329e-07, 8.057788288154412e-08, 6.413065392557563e-08, 5.101554462749858e-08, 4.049790440074412e-08, 3.212997543570821e-08, 2.5418493254996375e-08, 2.0073640225224594e-08, 1.5837295647000614e-08, 1.2466265185398288e-08, 9.824548193874526e-09, 7.727216564508643e-09, 6.0788906203058e-09, 4.78518869037489e-09, 3.763892655886308e-09, 2.954393462733079e-09, 2.321316376758768e-09, 1.8178673464808858e-09, 1.4236842527705692e-09, 1.1152766288568449e-09, 8.799536743252318e-10, 6.94031616237687e-10, 5.446192589204855e-10, 4.2580146786740374e-10, 3.322308227155593e-10, 2.5881743676488806e-10, 2.0309239745921312e-10, 1.5939520199586117e-10, 1.2450548039765526e-10, 9.731986313986764e-11, 7.597940128363718e-11, 5.984951120964374e-11, 4.680710528061464e-11]
W_list: [9.4]
L_list: [4.530439920261958]
