R_list= [ 1  2  3  4  5  6  7  8  9 10 11 12 13 14 15 16 17 18 19 20 21 22 23 24
 25 26 27 28 29 30 31 32]
C_final_list= [4.6843549467141786e-07, 3.7876429689015556e-07, 3.079866531155045e-07, 2.5080492380323066e-07, 2.0378413188217274e-07, 1.6536051781434167e-07, 1.3441664345683545e-07, 1.0912060260092623e-07, 8.853895693112582e-08, 7.145898595830931e-08, 5.736109023696439e-08, 4.60111806481921e-08, 3.6992590301433186e-08, 2.9688350254062523e-08, 2.3772206400631254e-08, 1.910178002253989e-08, 1.536949094435142e-08, 1.2364124171051475e-08, 9.932540864598722e-09, 7.963063077451704e-09, 6.39054373350993e-09, 5.127917360154753e-09, 4.1063349889910315e-09, 3.283991518687915e-09, 2.6238584646429146e-09, 2.0951980805329306e-09, 1.6735069133232079e-09, 1.3374127822762108e-09, 1.0647626445968167e-09, 8.481927797445009e-10, 6.744012759617307e-10, 5.343079875812902e-10]
W_list: [6]
L_list: [4.777288575673425]
