C_final_list: [1.755847625292205e-06, 1.6985613068954235e-06, 1.640724297016949e-06, 1.5851413584515598e-06, 1.5310402869021401e-06, 1.4785142520668145e-06, 1.4272494682578198e-06, 1.3781082668990358e-06, 1.3303352471595065e-06, 1.284280652692513e-06, 1.2395454062032057e-06, 1.1968619180588578e-06, 1.1555116418036833e-06, 1.115447449185509e-06, 1.0769875361950542e-06, 1.0402749637100967e-06, 1.0043762943701727e-06, 9.695924698137629e-07, 9.357888369859735e-07, 9.032764255274364e-07, 8.717175613380542e-07, 8.413970044388195e-07, 8.122380890767165e-07, 7.838394387433753e-07, 7.566693747535762e-07, 7.301703736693261e-07, 7.048192742458882e-07, 6.800676098421011e-07, 6.558356785856615e-07, 6.325362046587694e-07, 6.099461574537346e-07, 5.879513286521964e-07, 5.667237168152981e-07, 5.463516634564122e-07, 5.265791823317453e-07]
ndim2: 500
W_list: [3.0]
L_list: [28.36710428472287]
