R_list= [ 1  2  3  4  5  6  7  8  9 10 11 12 13 14 15 16 17 18 19 20 21 22 23 24
 25 26 27 28 29 30 31 32 33 34 35 36 37 38]
C_final_list= [2.349615098372148e-06, 2.068059372036067e-06, 1.8018493770626918e-06, 1.5643083876623574e-06, 1.356164504285728e-06, 1.174750468897399e-06, 1.0160421614328263e-06, 8.779626410524756e-07, 7.583983925052531e-07, 6.549610471370143e-07, 5.651065567155272e-07, 4.87143618429189e-07, 4.198346498032627e-07, 3.611552751077339e-07, 3.1063644531972286e-07, 2.6722516311178195e-07, 2.2963490611095127e-07, 1.9702017714144855e-07, 1.690841523717587e-07, 1.450249314034637e-07, 1.243269323729661e-07, 1.0636688415325755e-07, 9.090883117465873e-08, 7.767690122946316e-08, 6.637445004613386e-08, 5.675242635766433e-08, 4.8554369605376195e-08, 4.153699609397859e-08, 3.556850282837635e-08, 3.047394078877409e-08, 2.6114588578235158e-08, 2.2404273077516976e-08, 1.92092050997675e-08, 1.645189720674751e-08, 1.408891223869387e-08, 1.2079775413520708e-08, 1.0361992116776248e-08, 8.885637948848595e-09]
W_list: [8.25]
L_list: [6.945346447533426]
