R_list= [ 1  2  3  4  5  6  7  8  9 10 11 12 13 14 15 16 17 18 19 20 21 22 23 24
 25 26 27 28 29 30 31 32 33 34 35 36 37 38]
C_final_list= [2.774420418772367e-05, 2.0506984696516394e-05, 1.501256254480762e-05, 1.0955285742370004e-05, 7.996887595138787e-06, 5.827739649482408e-06, 4.237312196401639e-06, 3.078632869872513e-06, 2.2355636932433557e-06, 1.6214636301771176e-06, 1.1742685594548236e-06, 8.534053562394055e-07, 6.225650109987913e-07, 4.538118950844919e-07, 3.303332554455805e-07, 2.406515354011124e-07, 1.7466335341065072e-07, 1.2647893662250115e-07, 9.184990020019282e-08, 6.68269532657317e-08, 4.86426328488835e-08, 3.542692586107035e-08, 2.5635037994849484e-08, 1.8492128533620806e-08, 1.336413374811146e-08, 9.65975807444781e-09, 6.9593528475510644e-09, 5.010520349838376e-09, 3.6046453825508203e-09, 2.6126098074318167e-09, 1.9040762168751627e-09, 1.3888396759576442e-09, 1.007893413420759e-09, 7.27130423567076e-10, 5.245966108065868e-10, 3.796714609209048e-10, 2.753360825186595e-10, 2.0000052811447236e-10]
W_list: [8.5]
L_list: [3.2023771788599538]
