R_list= [ 1  2  3  4  5  6  7  8  9 10 11 12 13 14 15 16 17 18 19 20 21 22 23 24
 25 26 27 28 29 30 31 32 33 34 35 36 37 38]
C_final_list= [2.482587895984048e-06, 2.1929663775333452e-06, 1.920361231555062e-06, 1.6761714953345555e-06, 1.4593138853485424e-06, 1.269435292581389e-06, 1.1038097287296076e-06, 9.585702222262563e-07, 8.325952681593531e-07, 7.23315642064337e-07, 6.284300523644593e-07, 5.4549157817342e-07, 4.732482734849806e-07, 4.1052760617746675e-07, 3.5602498438003447e-07, 3.087169667549415e-07, 2.6754576961483283e-07, 2.3140363138489125e-07, 2.000069152206379e-07, 1.7289700047301117e-07, 1.4942962629928448e-07, 1.291823029286304e-07, 1.1167531002195411e-07, 9.654760035337482e-08, 8.345650271316681e-08, 7.217620668051375e-08, 6.243145915302666e-08, 5.401304822313696e-08, 4.668054272679718e-08, 4.0285038242598037e-08, 3.479564239969606e-08, 3.0078455370749e-08, 2.6016457997338702e-08, 2.247275167934284e-08, 1.93739807726641e-08, 1.6698679390376948e-08, 1.4380743609523571e-08, 1.2382339958296277e-08]
W_list: [8.15]
L_list: [7.2134368721612745]
