C_final_list: [2.026799632134288e-06, 1.7745831794883962e-06, 1.5465294534231638e-06, 1.3473668961984255e-06, 1.1715616530522042e-06, 1.0222338607537909e-06, 8.901760854948273e-07, 7.734318695767332e-07, 6.714226636214729e-07, 5.838180937829407e-07, 5.057147865824549e-07, 4.3914974920211556e-07, 3.8144284605088773e-07, 3.303319806076342e-07, 2.8695014391118955e-07, 2.4981101938456934e-07, 2.1719868272364994e-07, 1.8827450796524865e-07, 1.632836905593744e-07, 1.4099635761729355e-07, 1.215927217631341e-07, 1.0483917649774129e-07, 9.025330154703721e-08, 7.798473725445127e-08, 6.71317076722107e-08, 5.7963045150816154e-08, 4.9875181234951464e-08, 4.2886907423761517e-08, 3.69183414434646e-08, 3.170911983281237e-08, 2.7239856098125612e-08, 2.336308467935295e-08, 2.0055258978868735e-08, 1.7172992974872935e-08, 1.4756201414397452e-08, 1.2657841229930355e-08, 1.0800433649065801e-08, 9.259066165909796e-09, 7.94959517797214e-09, 6.79880500551036e-09, 5.84266956964181e-09, 4.998772281182554e-09, 4.287912354738461e-09, 3.6615202250814815e-09, 3.1348349164142262e-09, 2.6814458820892112e-09, 2.2965762342030527e-09, 1.957583286225543e-09, 1.6792783113664527e-09, 1.4307851466192604e-09]
ndim2: 500
W_list: [3.15]
L_list: [7.171765822906581]
