C_final_list: [1.524653728430258e-06, 1.4985095476081452e-06, 1.4723051153547818e-06, 1.4469662955221843e-06, 1.4222250620762963e-06, 1.3978954366492276e-06, 1.3738357368624838e-06, 1.3502809315213822e-06, 1.327112950022446e-06, 1.3043867587770536e-06, 1.281855164379236e-06, 1.259677117178705e-06, 1.2379191793042903e-06, 1.2167082791994496e-06, 1.1958387353212477e-06, 1.1751596822268757e-06, 1.1550193413361286e-06, 1.1350285641515886e-06, 1.1154569880202483e-06, 1.0963032341115899e-06, 1.0774522088229708e-06, 1.0588613167698657e-06, 1.0404287325594895e-06, 1.0221884082163674e-06, 1.004242667042586e-06, 9.866713082063695e-07, 9.695585163144865e-07, 9.527194168454655e-07, 9.360966022608392e-07, 9.196159684949249e-07, 9.036384867945861e-07, 8.879219958909284e-07, 8.725234278532784e-07, 8.572856668667037e-07, 8.422310153471884e-07]
ndim2: 500
W_list: [2.6]
L_list: [57.387593946591316]
