R_list= [ 1  2  3  4  5  6  7  8  9 10 11 12 13 14 15 16 17 18 19 20 21 22 23 24
 25 26 27 28 29 30 31 32 33 34 35 36 37 38]
C_final_list= [1.7171502325737597e-07, 1.5056508003537212e-07, 1.3054957237364116e-07, 1.1244957223445464e-07, 9.640093076366564e-08, 8.230530150082059e-08, 7.006772385690857e-08, 5.9572064298857926e-08, 5.06636901867802e-08, 4.31286675655051e-08, 3.671886401729956e-08, 3.1266055079843104e-08, 2.656211887903783e-08, 2.2564160736340886e-08, 1.914492628934202e-08, 1.6234995547532537e-08, 1.3764382397555496e-08, 1.16454351647246e-08, 9.835043694725161e-09, 8.300409731702206e-09, 7.008776705581054e-09, 5.917154413209291e-09, 4.983267051153431e-09, 4.195716100131117e-09, 3.5309601298483384e-09, 2.9755526889443446e-09, 2.505219197303768e-09, 2.1092766104242204e-09, 1.774161983687838e-09, 1.4923741867382e-09, 1.2552342965907006e-09, 1.0550381099060267e-09, 8.856940751416667e-10, 7.427638688266266e-10, 6.222774140307444e-10, 5.20873257193374e-10, 4.3439340867104364e-10, 3.6101137058815104e-10]
W_list: [8.600000000000001]
L_list: [6.444431178687068]
