R_list= [ 1  2  3  4  5  6  7  8  9 10 11 12 13 14 15 16 17 18 19 20 21 22 23 24
 25 26 27 28 29 30 31 32 33 34 35 36 37 38]
C_final_list= [3.2694587374865e-07, 2.820203765193372e-07, 2.4011505537817064e-07, 2.032675549586451e-07, 1.7179262675802284e-07, 1.4500389265825606e-07, 1.226694371238476e-07, 1.036827578154651e-07, 8.771800047816657e-08, 7.396414491602258e-08, 6.220195591935318e-08, 5.2194693546831444e-08, 4.3674671769500796e-08, 3.650121007467424e-08, 3.048564687889522e-08, 2.5396276555940767e-08, 2.1141762472874822e-08, 1.7594096500964176e-08, 1.460333000138363e-08, 1.2128440061440436e-08, 1.0083540171433945e-08, 8.389511503009831e-09, 6.975952932316234e-09, 5.789095390687284e-09, 4.803690766196635e-09, 3.9814757350362015e-09, 3.295442960504986e-09, 2.732313056641681e-09, 2.2663640948479147e-09, 1.8833556208909868e-09, 1.5623757280349017e-09, 1.2965683580861488e-09, 1.0730570632749192e-09, 8.892243103526004e-10, 7.375499107130549e-10, 6.132140318674657e-10, 5.094841693211838e-10, 4.230831211971283e-10]
W_list: [8.0]
L_list: [5.976807039594827]
