C_final_list: [1.9585746994269173e-06, 1.7073298624523927e-06, 1.4900312785429978e-06, 1.2985198423582984e-06, 1.1351555456417712e-06, 9.88273067534477e-07, 8.593466392633566e-07, 7.46958251142192e-07, 6.486949105502199e-07, 5.623953863945928e-07, 4.888306229279085e-07, 4.234806543613937e-07, 3.6781351635461527e-07, 3.196518085893434e-07, 2.770550455802722e-07, 2.404283350944889e-07, 2.0864149959374908e-07, 1.8081273929769145e-07, 1.5692169577185852e-07, 1.361323446386704e-07, 1.1755465145498894e-07, 1.017896612513545e-07, 8.76397917614947e-08, 7.559444446182435e-08, 6.536152149020466e-08, 5.652070432467844e-08, 4.894549591376112e-08, 4.242041060768907e-08, 3.682649574642773e-08, 3.2043714678259105e-08, 2.77648165363836e-08, 2.4035476650655908e-08, 2.0776979788862015e-08, 1.800308000995203e-08, 1.5580476233806413e-08, 1.3447280148401662e-08, 1.1619537285244596e-08, 1.0039634278671611e-08, 8.715598354880632e-09, 7.550274177193857e-09, 6.5151161060092675e-09, 5.607080907050864e-09, 4.817714093189351e-09, 4.145195619975366e-09, 3.558933877450386e-09, 3.0533046071878968e-09, 2.610390646571102e-09, 2.2353860105939114e-09, 1.9058715323186912e-09, 1.6156104195699643e-09]
ndim2: 500
W_list: [3.15]
L_list: [7.179043063408876]
