C_final_list: [1.9442149602251164e-06, 1.919036121896202e-06, 1.9042545544474011e-06, 1.8860687981600525e-06, 1.867944080480127e-06, 1.8507901519376778e-06, 1.8339660009946797e-06, 1.8170539325492478e-06, 1.8004700883701996e-06, 1.7842762202525115e-06, 1.7680468177234665e-06, 1.7519904211236895e-06, 1.7363962901315115e-06, 1.720691440560627e-06, 1.704878227477669e-06, 1.6893364532865015e-06, 1.6742596041584665e-06, 1.6590492559817666e-06, 1.6439874569417946e-06, 1.6291725775000452e-06, 1.6143315883645062e-06, 1.5997894637508383e-06, 1.5853408787036063e-06, 1.5712236176654673e-06, 1.5570276809718698e-06, 1.5428636238215484e-06, 1.5290862628715232e-06, 1.5153781240315407e-06, 1.5017907265297632e-06, 1.4883191570981463e-06, 1.4749548415176676e-06, 1.4616267247402584e-06, 1.4485103293686813e-06, 1.435394496021681e-06, 1.4222994118541125e-06]
ndim2: 500
W_list: [1.0]
L_list: [109.71732996032843]
