C_final_list: [2.29086138541432e-06, 2.2133812822443185e-06, 2.133934852641781e-06, 2.0585792131968745e-06, 1.9843132618493326e-06, 1.9137020386211585e-06, 1.8460304435479333e-06, 1.7803893737383836e-06, 1.7172575963453954e-06, 1.6569166685711425e-06, 1.598320667061188e-06, 1.5409172050437871e-06, 1.4858938539279132e-06, 1.4338096690987653e-06, 1.3832075169581254e-06, 1.3342465413753032e-06, 1.2874215159446988e-06, 1.242117905027737e-06, 1.1986491602212165e-06, 1.1566250703335423e-06, 1.1160328872063156e-06, 1.0766590568350277e-06, 1.038308161338337e-06, 1.0015776402076625e-06, 9.662742050321134e-07, 9.315077562964297e-07, 8.97837983049887e-07, 8.649389825174943e-07, 8.331186891130243e-07, 8.026322185168709e-07, 7.73356746113599e-07, 7.452146863894487e-07, 7.180285043628555e-07, 6.915764743469463e-07, 6.659658670163413e-07, 6.411906391993548e-07, 6.172776880260285e-07, 5.942516165530944e-07, 5.718505352719397e-07, 5.505493932602078e-07, 5.298000795239604e-07, 5.09963696460646e-07, 4.903640301045041e-07, 4.71927711479055e-07, 4.540411201260074e-07, 4.3677129165711015e-07, 4.1990033805947103e-07, 4.035981212205332e-07, 3.8794975039371433e-07, 3.72946927509118e-07]
ndim2: 500
W_list: [2.0]
L_list: [27.43997296809926]
