C_final_list: [1.2640230103192803e-06, 1.1720497493900776e-06, 1.0843600917036073e-06, 1.0016893143675522e-06, 9.251926905558006e-07, 8.545206356615788e-07, 7.893070250818368e-07, 7.292564821701499e-07, 6.727733831538399e-07, 6.201864017856073e-07, 5.716035283015841e-07, 5.272372580404635e-07, 4.858344888353015e-07, 4.479755953702666e-07, 4.129874846644382e-07, 3.810705371066328e-07, 3.5115100180372563e-07, 3.2391759345406806e-07, 2.991838805616812e-07, 2.7668039593658393e-07, 2.556604905134013e-07, 2.3610511516891584e-07, 2.1799077760479748e-07, 2.011799037960166e-07, 1.8538377340381418e-07, 1.7078466945928278e-07, 1.5733642114405017e-07, 1.4488878936938823e-07, 1.3335195974693207e-07, 1.2253390318864493e-07, 1.1266387145823057e-07, 1.036292353701132e-07, 9.528794195902338e-08, 8.756960183241067e-08, 8.043874796106396e-08, 7.392209294144707e-08, 6.790491212928723e-08, 6.229754369343444e-08, 5.721095433485756e-08, 5.2440419263549963e-08, 4.803902557080186e-08, 4.4021588201187884e-08, 4.034106878336613e-08, 3.693285747388618e-08, 3.383471811909406e-08, 3.099601040171246e-08, 2.834610324687656e-08, 2.5930248047089712e-08, 2.3729659010382416e-08, 2.173505531207409e-08]
ndim2: 500
W_list: [4.0]
L_list: [12.44010392309969]
