R_list= [ 1  2  3  4  5  6  7  8  9 10 11 12 13 14 15 16 17 18 19 20 21 22 23 24
 25 26 27 28 29 30 31 32 33 34 35 36 37 38]
C_final_list= [3.698200616289188e-05, 2.4275701420291218e-05, 1.590660698751638e-05, 1.0406023656049504e-05, 6.805604996448846e-06, 4.451878123986767e-06, 2.905885488699724e-06, 1.8947200283492146e-06, 1.2393198471244914e-06, 8.094902417311132e-07, 5.296608522479662e-07, 3.4774057765767893e-07, 2.268872717700725e-07, 1.487023640350215e-07, 9.756450171128594e-08, 6.407252915415545e-08, 4.215571811887426e-08, 2.7645907895887953e-08, 1.8148098934754134e-08, 1.1906375713018526e-08, 7.935975307408322e-09, 5.279217261901175e-09, 3.534385142845027e-09, 2.3754484033796503e-09, 1.583310925419517e-09, 1.0466678454480052e-09, 6.864447187762923e-10, 4.530102879619616e-10, 2.9560516171913414e-10, 1.9343809105728254e-10, 1.2585187343133286e-10, 8.174370924185397e-11, 5.4169646354177705e-11, 3.4636092993907824e-11, 2.196078507279302e-11, 1.3971244538887718e-11, 9.005779390554877e-12, 5.99095815721517e-12]
W_list: [8.1]
L_list: [2.364400001326299]
