C_final_list: [1.822839749232678e-06, 1.7992249941094482e-06, 1.7757123194437422e-06, 1.7529075965107344e-06, 1.730458992063507e-06, 1.7087964472902324e-06, 1.6874152807192537e-06, 1.6665634770746067e-06, 1.6460481054457372e-06, 1.6260240130520448e-06, 1.6061085314720605e-06, 1.5864288642920318e-06, 1.5668637571527055e-06, 1.547484222912823e-06, 1.5284519518158705e-06, 1.5096939624213219e-06, 1.4909124888397982e-06, 1.4722447640311592e-06, 1.4538668459070728e-06, 1.435581404613009e-06, 1.4174798640312104e-06, 1.3994752424900482e-06, 1.381654529508052e-06, 1.3638986686107574e-06, 1.3463561942882498e-06, 1.328996247292958e-06, 1.3118341223720922e-06, 1.2949672740043368e-06, 1.278313147394861e-06, 1.262090890269541e-06, 1.2461629608129398e-06, 1.2302374024711301e-06, 1.2144910183959608e-06, 1.1988970772814832e-06, 1.1833744966349012e-06, 1.1681905219437875e-06, 1.1530698929151628e-06, 1.138100342037401e-06, 1.123296932974568e-06, 1.1087318134492146e-06, 1.0942570049874436e-06, 1.0798396452048604e-06, 1.0655984432874256e-06, 1.051437568348794e-06, 1.0374179156578933e-06, 1.0235454725285534e-06, 1.009802780716987e-06, 9.962185375942272e-07, 9.82889222136377e-07, 9.69705359247599e-07]
ndim2: 500
W_list: [2.8499999999999996]
L_list: [78.29921538678286]
