C_final_list: [2.1408846178761964e-06, 1.9353982336433545e-06, 1.741348234180967e-06, 1.5676012943384566e-06, 1.4090860266912826e-06, 1.2691923375418625e-06, 1.1435805196337432e-06, 1.0306479178872456e-06, 9.265985127788524e-07, 8.34732373492911e-07, 7.518815801887408e-07, 6.781725708998517e-07, 6.112402070811952e-07, 5.489660615690519e-07, 4.933042552705998e-07, 4.4217641689035654e-07, 3.975413627298992e-07, 3.5713069042636175e-07, 3.2056792621509365e-07, 2.8769072346938027e-07, 2.578518282908367e-07, 2.3101509785294517e-07, 2.069351384902667e-07, 1.8489235380199244e-07, 1.6513437573756832e-07, 1.4783939219272077e-07, 1.3229028080755712e-07, 1.1839059788197054e-07, 1.059750532949157e-07, 9.508935976682344e-08, 8.50947428002796e-08, 7.617690769323122e-08, 6.810184942662476e-08, 6.088328802147294e-08, 5.434323461700446e-08, 4.838773605244624e-08, 4.304345127308871e-08, 3.8360906751443034e-08, 3.4144190115248685e-08, 3.034635329333291e-08, 2.6999507161761523e-08, 2.402475887350994e-08, 2.1459325410257402e-08, 1.9052956957453176e-08, 1.6946276517033606e-08, 1.5054731936855423e-08, 1.3407317443648171e-08, 1.1919127113476575e-08, 1.0613785493215006e-08, 9.453859062743166e-09]
ndim2: 500
W_list: [2.6]
L_list: [9.46129613000342]
