C_final_list: [1.7498978568226554e-06, 1.6143429397458046e-06, 1.4885044784592225e-06, 1.373389173051761e-06, 1.2680070964711855e-06, 1.1705748569202082e-06, 1.0787816852274191e-06, 9.936374458654012e-07, 9.164300122852279e-07, 8.455539504409466e-07, 7.805369740060822e-07, 7.203267333853139e-07, 6.649369551500776e-07, 6.139584000234623e-07, 5.665790116702015e-07, 5.228489829909507e-07, 4.828725263606994e-07, 4.449258035239963e-07, 4.1034721431530296e-07, 3.78685284992656e-07, 3.495092519004821e-07, 3.2256593507214363e-07, 2.9752994886249624e-07, 2.7397129455203603e-07, 2.5254615142359433e-07, 2.3220048854810515e-07, 2.1359765528131377e-07, 1.963948238760685e-07, 1.8066281761109563e-07, 1.66025232147396e-07, 1.5235828143721793e-07, 1.3989296026667923e-07, 1.2830200098467133e-07, 1.1763056627706182e-07, 1.0768177776565022e-07, 9.868021266486546e-08, 9.062854223827306e-08, 8.318740520680565e-08, 7.650755043710977e-08, 7.025448997841188e-08, 6.449763430697813e-08, 5.914118257083793e-08, 5.429495353421633e-08, 4.975913791665812e-08, 4.560366563662304e-08, 4.189164215178593e-08, 3.8461959174541794e-08, 3.5264567966008634e-08, 3.2382895995786097e-08, 2.973365149960648e-08]
ndim2: 500
W_list: [3.3499999999999996]
L_list: [12.352174409352257]
