R_list= [ 1  2  3  4  5  6  7  8  9 10 11 12 13 14 15 16 17 18 19 20 21 22 23 24
 25 26 27 28 29 30 31 32 33 34 35 36 37 38]
C_final_list= [3.409555025859579e-05, 2.181906982538129e-05, 1.389683980512265e-05, 8.82331918691591e-06, 5.602560752083566e-06, 3.5482912671680985e-06, 2.238789623271506e-06, 1.4150555045421845e-06, 8.946800451187618e-07, 5.665399934222136e-07, 3.5908149162448115e-07, 2.277412988539856e-07, 1.4506743491553393e-07, 9.193066649091916e-08, 5.809116001369383e-08, 3.662027666657217e-08, 2.317821782173576e-08, 1.4739116517919061e-08, 9.27713123513094e-09, 5.808043966288525e-09, 3.63190060921329e-09, 2.274310314520485e-09, 1.4248227121776689e-09, 8.929674044643618e-10, 5.622466845468912e-10, 3.4965047230033717e-10, 2.173860672280761e-10, 1.368507211578071e-10, 8.570989328288598e-11, 5.348229703294915e-11, 3.3820564128575806e-11, 2.174757225568119e-11, 1.3615572612947368e-11, 8.495429944865985e-12, 5.328066793987581e-12, 3.3826797515882422e-12, 2.0601183315155407e-12, 1.2471228492466708e-12]
W_list: [8.4]
L_list: [2.217748277584588]
