C_final_list: [1.7641938982158908e-06, 1.5203001524865279e-06, 1.31143965349759e-06, 1.131611376274729e-06, 9.800518639471073e-07, 8.433735235944755e-07, 7.244931012999188e-07, 6.234287218830291e-07, 5.368450618536457e-07, 4.6159249639845975e-07, 3.9629130440544394e-07, 3.387861541378575e-07, 2.907612482000058e-07, 2.491832595779953e-07, 2.129459656749404e-07, 1.8201419917940757e-07, 1.5538340441560468e-07, 1.3279475847562654e-07, 1.135311119180739e-07, 9.718215551724824e-08, 8.288026801847428e-08, 7.053306481210002e-08, 5.998919853505868e-08, 5.090475339633593e-08, 4.330288346462442e-08, 3.69435506588958e-08, 3.1391448746224496e-08, 2.6749231660688416e-08, 2.2805338820440854e-08, 1.9424812978937623e-08, 1.65233052164368e-08, 1.4052439522287338e-08, 1.1956667839580441e-08, 1.0111675624421744e-08, 8.53608321355638e-09]
ndim2: 500
W_list: [2.8]
L_list: [6.658690794413661]
