R_list= [ 1  2  3  4  5  6  7  8  9 10 11 12 13 14 15 16 17 18 19 20 21 22 23 24
 25 26 27 28 29 30 31 32 33 34 35 36 37 38]
C_final_list= [6.833889254558431e-07, 6.100880123871091e-07, 5.400917264861113e-07, 4.7649270976964276e-07, 4.1933363571093385e-07, 3.683213860071154e-07, 3.233072919645421e-07, 2.837874984082371e-07, 2.489837867046077e-07, 2.1844375757020036e-07, 1.9128986707750276e-07, 1.6743245821838323e-07, 1.464430842112709e-07, 1.279221040914586e-07, 1.1178342564954892e-07, 9.761253156336223e-08, 8.528609885625496e-08, 7.46126740917066e-08, 6.521116584687772e-08, 5.6947948739311094e-08, 4.971166802800598e-08, 4.3350104574245405e-08, 3.7728393518203794e-08, 3.278302833477299e-08, 2.8469165028157325e-08, 2.470213921987096e-08, 2.143617444695289e-08, 1.8591629179344095e-08, 1.6110337597810574e-08, 1.3981203683509e-08, 1.213627074398519e-08, 1.0538984381282866e-08, 9.154618489086287e-09, 7.947705585241819e-09, 6.893975200862657e-09, 5.981680931768755e-09, 5.183607832172509e-09, 4.487921523996379e-09]
W_list: [8.0]
L_list: [7.732641484139806]
