R_list= [ 1  2  3  4  5  6  7  8  9 10 11 12 13 14 15 16 17 18 19 20 21 22 23 24
 25 26 27 28 29 30 31 32 33 34 35 36 37 38]
C_final_list= [7.030685438949842e-06, 6.078805142608326e-06, 5.210600731752625e-06, 4.453258109362578e-06, 3.7960138489621087e-06, 3.2315360015755186e-06, 2.7497659529697096e-06, 2.33743999904074e-06, 1.987279218393352e-06, 1.6892781805991084e-06, 1.434588811594552e-06, 1.219078964567713e-06, 1.0349215294952435e-06, 8.781634075834799e-07, 7.448280525924109e-07, 6.309208052765263e-07, 5.344488489332832e-07, 4.5318923532250533e-07, 3.8440937985205295e-07, 3.2608220526775916e-07, 2.76541415796451e-07, 2.3436997429788887e-07, 1.9875126213561254e-07, 1.6826390352470694e-07, 1.4244353911702104e-07, 1.2074814085017062e-07, 1.0213494375196049e-07, 8.64493640410746e-08, 7.310997755231709e-08, 6.186106027620668e-08, 5.23575442684545e-08, 4.426685769621673e-08, 3.747829059305865e-08, 3.1736154074603026e-08, 2.6884904883142992e-08, 2.2795844656405364e-08, 1.9309037060692448e-08, 1.6326248977287172e-08]
W_list: [8.0]
L_list: [6.274117119922013]
