R_list= [ 1  2  3  4  5  6  7  8  9 10 11 12 13 14 15 16 17 18 19 20 21 22 23 24
 25 26 27 28 29 30 31 32 33 34 35 36 37 38]
C_final_list= [2.294992178799351e-05, 1.8886322500656987e-05, 1.5421572067208712e-05, 1.2556137352929355e-05, 1.0213816911287458e-05, 8.30191602040664e-06, 6.739998603708555e-06, 5.469604610464138e-06, 4.4376204854072214e-06, 3.5987458427077435e-06, 2.9184873092723763e-06, 2.365290942562762e-06, 1.9169334704192287e-06, 1.5535113266623828e-06, 1.2608735973069276e-06, 1.0233176009755525e-06, 8.306036505312252e-07, 6.743692559280052e-07, 5.481832076390875e-07, 4.4527566799385704e-07, 3.6146797433158706e-07, 2.93393119376726e-07, 2.3781134105825115e-07, 1.9264486345391923e-07, 1.5604249182415633e-07, 1.2646336200771142e-07, 1.0248980872548249e-07, 8.300661219665406e-08, 6.722371647081778e-08, 5.437384053570081e-08, 4.3981838785159776e-08, 3.5605177340529314e-08, 2.887261164506896e-08, 2.3357836314022113e-08, 1.8932661719536485e-08, 1.5349770447241798e-08, 1.2431298501072744e-08, 1.0077441485983276e-08]
W_list: [8.05]
L_list: [4.86816640436932]
