R_list= [ 1  2  3  4  5  6  7  8  9 10 11 12 13 14 15 16 17 18 19 20 21 22 23 24
 25 26 27 28 29 30 31 32 33 34 35 36 37 38]
C_final_list= [7.687179727698307e-07, 6.583898215750104e-07, 5.704876810732311e-07, 4.928154333144102e-07, 4.259331319450393e-07, 3.678416062187048e-07, 3.1714323506377833e-07, 2.7326634506313523e-07, 2.3496728839668597e-07, 2.019192618582355e-07, 1.7326151778915487e-07, 1.4854320385290548e-07, 1.2723680077087445e-07, 1.0881672311720727e-07, 9.324926965386755e-08, 7.97046843754111e-08, 6.805496494095682e-08, 5.810548414084476e-08, 4.967464408297648e-08, 4.2381658170299275e-08, 3.6210811197819134e-08, 3.090702627780038e-08, 2.635298364929955e-08, 2.2403231141195412e-08, 1.9020594549429938e-08, 1.617962381792012e-08, 1.3758358221603158e-08, 1.1673978268730739e-08, 9.92274407431961e-09, 8.428157755055658e-09, 7.149873471948508e-09, 6.064562870774883e-09, 5.1368937352054835e-09, 4.356223530570343e-09, 3.699341226306417e-09, 3.1392996232359286e-09, 2.666879646845096e-09, 2.272719302942869e-09]
W_list: [6]
L_list: [6.684996346032857]
