R_list= [ 1  2  3  4  5  6  7  8  9 10 11 12 13 14 15 16 17 18 19 20 21 22 23 24
 25 26 27 28 29 30 31 32 33 34 35 36 37 38]
C_final_list= [2.7604929000390763e-06, 2.1652586228720453e-06, 1.6774289027842164e-06, 1.2916874878320384e-06, 9.951699879943539e-07, 7.646296828057581e-07, 5.874490772799032e-07, 4.50824410588376e-07, 3.4632574844624257e-07, 2.651499724696713e-07, 2.0337617138005814e-07, 1.5574506408789726e-07, 1.1919838117360447e-07, 9.10718117159756e-08, 6.960970454351168e-08, 5.3297479703559914e-08, 4.099872468799596e-08, 3.152837842740182e-08, 2.4211892705525936e-08, 1.8632171050738682e-08, 1.4267614375230252e-08, 1.08914244706339e-08, 8.339139901601328e-09, 6.367767094888289e-09, 4.870276812229185e-09, 3.7417653305282116e-09, 2.8858741816595238e-09, 2.227036208983722e-09, 1.7219411947595775e-09, 1.3372672348520342e-09, 1.0396052414605675e-09, 8.050857931697024e-10, 6.21451862333868e-10, 4.799657084232265e-10, 3.6759465728019323e-10, 2.825198202225957e-10, 2.1866065725270198e-10, 1.68973796214518e-10]
W_list: [8.8]
L_list: [3.8749845361724686]
