C_final_list: [1.6395105112453584e-06, 1.5790195415088623e-06, 1.518886110861893e-06, 1.4609590434810269e-06, 1.4054430959988057e-06, 1.3510488605663153e-06, 1.298931536443789e-06, 1.249018797032495e-06, 1.201655025951085e-06, 1.1559439834500898e-06, 1.1113265702896144e-06, 1.068208046968208e-06, 1.0271887808575767e-06, 9.883123958750643e-07, 9.505530889196484e-07, 9.141800910448765e-07, 8.792095180309604e-07, 8.459319040407489e-07, 8.133992199346837e-07, 7.82312887806237e-07, 7.523661642095306e-07, 7.232980522917683e-07, 6.950318446949711e-07, 6.677156527092901e-07, 6.413070802615612e-07, 6.156818913839714e-07, 5.912378402570329e-07, 5.676478903655509e-07, 5.449191841383992e-07, 5.232820877037952e-07, 5.023869945752832e-07, 4.824048805432588e-07, 4.6330354875366263e-07, 4.448096422733785e-07, 4.2704312521688585e-07, 4.101074497752667e-07, 3.938947947960641e-07, 3.7819751871620784e-07, 3.6293989044147216e-07, 3.4839988685865284e-07, 3.3437026921317757e-07, 3.2082100129902483e-07, 3.0769527886285796e-07, 2.949633788784202e-07, 2.8286619796911476e-07, 2.713510878203874e-07, 2.602430445927331e-07, 2.4951866391834507e-07, 2.393119503276503e-07, 2.2962520205269086e-07]
ndim2: 500
W_list: [3.25]
L_list: [25.260755850157572]
