R_list= [ 1  2  3  4  5  6  7  8  9 10 11 12 13 14 15 16 17 18 19 20 21 22 23 24
 25 26 27 28 29 30 31 32 33 34 35 36 37 38]
C_final_list= [8.196997854596239e-07, 7.436034562072612e-07, 6.701994550526922e-07, 6.028927777224733e-07, 5.419380258018335e-07, 4.861661726636091e-07, 4.3618226870452325e-07, 3.90917584845467e-07, 3.502847936714472e-07, 3.139100261334878e-07, 2.8135756426296427e-07, 2.51909545038852e-07, 2.255558165331078e-07, 2.0171897606702807e-07, 1.8027330157732664e-07, 1.6104684197679602e-07, 1.436038841384104e-07, 1.2789456310364303e-07, 1.1387224677403221e-07, 1.0132399656152793e-07, 9.01381628011244e-08, 8.01681050465719e-08, 7.12831548524779e-08, 6.341337668397473e-08, 5.6423128705703915e-08, 5.018368538061888e-08, 4.460949108581046e-08, 3.9647329332803976e-08, 3.528697810768581e-08, 3.1423271293555997e-08, 2.8007494060201602e-08, 2.494385519451369e-08, 2.21929663567928e-08, 1.975303634324226e-08, 1.7592910803116723e-08, 1.5647417265449543e-08, 1.3924264487046662e-08, 1.2374932168784728e-08]
W_list: [7.6]
L_list: [9.148635768258917]
