C_list:
1.2625770278946171e-06 0.24164310062479874
ndim2: 500
W_list: [4.2]
L_list: [4.1383345827560305]
