R_list= [ 1  2  3  4  5  6  7  8  9 10 11 12 13 14 15 16 17 18 19 20 21 22 23 24
 25 26 27 28 29 30 31 32 33 34 35 36 37 38]
C_final_list= [6.961162457040653e-07, 6.19909522599512e-07, 5.482909822086145e-07, 4.828364659901045e-07, 4.243848210345644e-07, 3.723322351928921e-07, 3.264797548534573e-07, 2.859734961763731e-07, 2.5076218138971147e-07, 2.1984004251894382e-07, 1.9235621910118087e-07, 1.682417248717291e-07, 1.4701528340491022e-07, 1.2836079645395648e-07, 1.1188901821160596e-07, 9.749291832747664e-08, 8.4919663986022e-08, 7.401123649283202e-08, 6.444686288972118e-08, 5.618701897654361e-08, 4.9010524828698544e-08, 4.271615819466867e-08, 3.71789634925943e-08, 3.233157763254361e-08, 2.8079102450993904e-08, 2.4396763467648138e-08, 2.1191617443889187e-08, 1.8385880603951983e-08, 1.5924832373626906e-08, 1.3808752332340363e-08, 1.1960298838085958e-08, 1.0374075184601723e-08, 8.98427330542783e-09, 7.788267694492977e-09, 6.7518753543654314e-09, 5.856441872730076e-09, 5.095346542956566e-09, 4.436708269667793e-09]
W_list: [8.0]
L_list: [7.657285160857893]
