R_list= [ 1  2  3  4  5  6  7  8  9 10 11 12 13 14 15 16 17 18 19 20 21 22 23 24
 25 26 27 28 29 30 31 32 33 34 35 36 37 38]
C_final_list= [2.446546572821662e-06, 2.158055460015727e-06, 1.8853943038549895e-06, 1.637648519298814e-06, 1.419009758369285e-06, 1.2277801356157406e-06, 1.0620789946061543e-06, 9.18598412533533e-07, 7.93893651337136e-07, 6.857974758616968e-07, 5.920004131987504e-07, 5.113888807972837e-07, 4.4143147903646225e-07, 3.8084199140701705e-07, 3.2813982989241537e-07, 2.825288973068212e-07, 2.4343996490607765e-07, 2.096230460844091e-07, 1.8051736853417224e-07, 1.554087867039399e-07, 1.3362976923261547e-07, 1.1482195038004093e-07, 9.864799782361969e-08, 8.479982397367729e-08, 7.288996342701178e-08, 6.257830800789904e-08, 5.3706648604592e-08, 4.6098113029939623e-08, 3.9546806335503465e-08, 3.390053389624631e-08, 2.9081877903008447e-08, 2.4965098589846914e-08, 2.14100393952399e-08, 1.836860613153316e-08, 1.5763642058499467e-08, 1.3545537512797858e-08, 1.1638771624102514e-08, 1.0005159009821185e-08]
W_list: [8.2]
L_list: [6.986891170258224]
