R_list= [ 1  2  3  4  5  6  7  8  9 10 11 12 13 14 15 16 17 18 19 20 21 22 23 24
 25 26 27 28 29 30]
C_final_list= [5.020673830144434e-07, 4.4052089752730067e-07, 3.8863691553185855e-07, 3.4227800324852886e-07, 3.0014411598499104e-07, 2.6249033094102454e-07, 2.2918642961392804e-07, 1.999027261551356e-07, 1.7454079679927173e-07, 1.524887281862082e-07, 1.3326267814110385e-07, 1.1616074414116752e-07, 1.0114514725186653e-07, 8.814342124612297e-08, 7.67965181236075e-08, 6.692926584522576e-08, 5.826361171781685e-08, 5.073649064530614e-08, 4.4223249554338775e-08, 3.851606911329861e-08, 3.350815915585673e-08, 2.9050576483746264e-08, 2.5175091971205633e-08, 2.1811370723273554e-08, 1.8898939082054854e-08, 1.638895499396067e-08, 1.423594491637876e-08, 1.2366653519807491e-08, 1.0738303854980526e-08, 9.308455576339932e-09]
W_list: [6]
L_list: [7.48370437064111]
