R_list= [ 1  2  3  4  5  6  7  8  9 10 11 12 13 14 15 16 17 18 19 20 21 22 23 24
 25 26 27 28 29 30 31 32]
C_final_list= [6.652000078390943e-07, 5.87786376344766e-07, 5.232615736724031e-07, 4.641782655045713e-07, 4.103934910072561e-07, 3.623654588644613e-07, 3.2022593259582083e-07, 2.829983717339466e-07, 2.500445928018085e-07, 2.2065909312172963e-07, 1.9486947133656313e-07, 1.719171504928138e-07, 1.5145869186865682e-07, 1.332760885755074e-07, 1.1728532393162252e-07, 1.0319125569025586e-07, 9.083021804917696e-08, 7.992590295465191e-08, 7.026556386714637e-08, 6.172320084844553e-08, 5.4215974690067345e-08, 4.760806381033853e-08, 4.1789354367705775e-08, 3.667356819294605e-08, 3.216015354622703e-08, 2.8235909212581536e-08, 2.481227545562498e-08, 2.178278533091209e-08, 1.9077827191655943e-08, 1.6696507797432745e-08, 1.4578475918956268e-08, 1.2734285984889624e-08]
W_list: [6]
L_list: [8.070386851069873]
