C_list:
8.223682143952738e-07 0.05594009255314308
ndim2: 500
W_list: [3.0]
L_list: [17.87626645504743]
