R_list= [ 1  2  3  4  5  6  7  8  9 10 11 12 13 14 15 16 17 18 19 20 21 22 23 24
 25 26 27 28 29 30 31 32 33 34 35 36 37 38]
C_final_list= [2.7865748461435286e-06, 2.4919493967009764e-06, 2.209746591679583e-06, 1.952010579296641e-06, 1.7204705572793463e-06, 1.5158630614180632e-06, 1.3353906218277237e-06, 1.176190819429812e-06, 1.0348879263646363e-06, 9.096941462470341e-07, 7.992340644911791e-07, 7.014069532941813e-07, 6.156659833711126e-07, 5.403631538046171e-07, 4.7413115393013664e-07, 4.158025065728538e-07, 3.6434686635984195e-07, 3.1925116711174297e-07, 2.7968525558975863e-07, 2.451002699547853e-07, 2.147158209537678e-07, 1.8805803899432685e-07, 1.6458049637247062e-07, 1.4400026734931311e-07, 1.2599260173693067e-07, 1.1026179152257346e-07, 9.653580058028619e-08, 8.45125067932066e-08, 7.396743074256096e-08, 6.477351680574037e-08, 5.6705229088609606e-08, 4.9590318818259455e-08, 4.337930726732957e-08, 3.7920866740853294e-08, 3.315312185295982e-08, 2.8997042580273187e-08, 2.5374928485364186e-08, 2.21978635006866e-08]
W_list: [7.95]
L_list: [7.893825194029045]
