R_list= [ 1  2  3  4  5  6  7  8  9 10 11 12 13 14 15 16 17 18 19 20 21 22 23 24
 25 26 27 28 29 30 31 32 33 34 35 36 37 38]
C_final_list= [4.50673341726712e-07, 1.9622077225751894e-07, 6.942508347956219e-08, 2.1976872592253028e-08, 6.5429924610007464e-09, 1.8870867392955125e-09, 5.351081937187731e-10, 1.5005994409783884e-10, 4.185794348093524e-11, 1.161667379932915e-11, 3.185412353546694e-12, 8.625441399744037e-13, 2.2937411098533517e-13, 6.088121898626932e-14, 1.5813778430934015e-14, 4.0373254539889624e-15, 1.0107834534383988e-15, 2.5694366643471644e-16, 7.037707121091449e-17, 2.0969021852910227e-17, 5.5743478132434085e-18, 1.4420146846564932e-18, 3.9460957512336564e-19, 9.984365703359547e-20, 2.6173300449709566e-20, 7.020602029068796e-21, 1.850932405451422e-21, 4.871609778570442e-22, 1.2983105544915992e-22, 3.822053637702209e-23, 1.3148321812035387e-23, 5.93055138567182e-24, 3.885066271917556e-24, 3.541646069554907e-24, 3.549583322951429e-24, 4.1974214366206796e-24, 4.645057699418168e-24, 4.877461973790599e-24]
W_list: [6]
L_list: [1.114209390381331]
