R_list= [ 1  2  3  4  5  6  7  8  9 10 11 12 13 14 15 16 17 18 19 20 21 22 23 24
 25 26 27 28 29 30 31 32 33 34 35 36 37 38]
C_final_list= [2.9645325724577927e-05, 2.223699843834527e-05, 1.6537213242755293e-05, 1.2277014343105997e-05, 9.110430069737195e-06, 6.742075513239229e-06, 4.985453115108605e-06, 3.68208972100041e-06, 2.7206944903384297e-06, 2.010013952767136e-06, 1.484207146790393e-06, 1.097359094570866e-06, 8.114802717672124e-07, 6.001481255502712e-07, 4.4424970852369837e-07, 3.287547689948493e-07, 2.433689771730971e-07, 1.8044389903527413e-07, 1.3367585069934772e-07, 9.855087401432904e-08, 7.267521126834404e-08, 5.3628481903143904e-08, 3.959958834867878e-08, 2.9265365064496746e-08, 2.165564900774686e-08, 1.601889493140986e-08, 1.1880923592332209e-08, 8.803011323410536e-09, 6.528658766193254e-09, 4.8436944864669244e-09, 3.6043005474696903e-09, 2.6754352024088535e-09, 1.979104620077555e-09, 1.4555397415466979e-09, 1.06298217588289e-09, 7.7954409519569e-10, 5.730422014373328e-10, 4.224917761492019e-10]
W_list: [8.3]
L_list: [3.3724255646219508]
