R_list= [ 1  2  3  4  5  6  7  8  9 10 11 12 13 14 15 16 17 18 19 20 21 22 23 24
 25 26 27 28 29 30 31 32 33 34 35 36 37 38]
C_final_list= [5.306980707059391e-07, 4.6275957795431935e-07, 4.000844630339039e-07, 3.44377848207525e-07, 2.9513474999638846e-07, 2.5257627012417606e-07, 2.1644401055279068e-07, 1.8549182832101e-07, 1.5890454229265834e-07, 1.3607617661457151e-07, 1.1642826430816482e-07, 9.95440947630348e-08, 8.497426257435597e-08, 7.244583229361562e-08, 6.172524074809989e-08, 5.244331581452269e-08, 4.456939873634241e-08, 3.7857505825488504e-08, 3.2143447241854375e-08, 2.7249031058068742e-08, 2.3104949064366607e-08, 1.9612127391669628e-08, 1.6637114649993614e-08, 1.4075270519745007e-08, 1.192645747974448e-08, 1.0090876150923248e-08, 8.525803298108284e-09, 7.220334061671202e-09, 6.109814537577082e-09, 5.164406374617473e-09, 4.3585484683391735e-09, 3.677125811350794e-09, 3.0961993928345355e-09, 2.6117185292470345e-09, 2.2000759967981345e-09, 1.8519770915870452e-09, 1.56372822606276e-09, 1.3208415256328197e-09]
W_list: [8.4]
L_list: [6.536154405272492]
