R_list= [ 1  2  3  4  5  6  7  8  9 10 11 12 13 14 15 16 17 18 19 20 21 22 23 24
 25 26 27 28 29 30 31 32 33 34 35 36 37 38]
C_final_list= [2.973046045054067e-07, 2.715530298944894e-07, 2.4573254173283197e-07, 2.2122948613613928e-07, 1.9869782057844026e-07, 1.7822584196021532e-07, 1.5959455942566427e-07, 1.4285936327388404e-07, 1.2762870596242403e-07, 1.1386408232699993e-07, 1.015798999961197e-07, 9.062179262231877e-08, 8.085544637519475e-08, 7.216993411061474e-08, 6.441400745463753e-08, 5.746383135445988e-08, 5.1301968876830377e-08, 4.579421362037841e-08, 4.0903238039832435e-08, 3.650600975603973e-08, 3.2560448836480325e-08, 2.9028211236534362e-08, 2.587808488298394e-08, 2.3047189201155378e-08, 2.0532344858974724e-08, 1.827584896138228e-08, 1.6254864956254592e-08, 1.4444701381200665e-08, 1.2834494401547114e-08, 1.1416036447640004e-08, 1.0160338390675994e-08, 9.04278829649636e-09, 8.041269494918766e-09, 7.1476014239196455e-09, 6.354428765193894e-09, 5.6445679789628025e-09, 5.014890119053043e-09, 4.456367383282389e-09]
W_list: [7.4]
L_list: [9.093161914765997]
