R_list= [ 1  2  3  4  5  6  7  8  9 10 11 12 13 14 15 16 17 18 19 20 21 22 23 24
 25 26 27 28 29 30 31 32 33 34 35 36 37 38]
C_final_list= [5.607190093377654e-06, 4.9006866450377625e-06, 4.266125120347704e-06, 3.7104042257651842e-06, 3.227224338369717e-06, 2.8082420945672377e-06, 2.443494047544187e-06, 2.1250893229354524e-06, 1.8463040375788542e-06, 1.6026613906374105e-06, 1.3895386518753888e-06, 1.2047240089770914e-06, 1.045145224166651e-06, 9.06166846328335e-07, 7.851042842150825e-07, 6.806726835524455e-07, 5.899770736038246e-07, 5.111921548533834e-07, 4.4278905318080513e-07, 3.8321091623031963e-07, 3.3169778531673436e-07, 2.87351947707554e-07, 2.490517880457243e-07, 2.156947037594031e-07, 1.8667468654374737e-07, 1.614686732678995e-07, 1.397508713956993e-07, 1.2092592440071035e-07, 1.0477466803600906e-07, 9.09207739283422e-08, 7.898001409609226e-08, 6.861622348967106e-08, 5.945692419694666e-08, 5.151467239281538e-08, 4.462871848933255e-08, 3.86196673039162e-08, 3.3365209468699e-08, 2.8887331215743003e-08]
W_list: [7.0]
L_list: [7.135834114174531]
