R_list= [ 1  2  3  4  5  6  7  8  9 10 11 12 13 14 15 16 17 18 19 20 21 22 23 24
 25 26 27 28 29 30 31 32 33 34 35 36 37 38]
C_final_list= [1.2783822535878572e-06, 1.2416027783798528e-06, 1.2047722218466145e-06, 1.1687968772193088e-06, 1.1336618464032336e-06, 1.0996560905261879e-06, 1.0666743856606688e-06, 1.0348085344300582e-06, 1.0040911236036183e-06, 9.743305538109372e-07, 9.455821422000086e-07, 9.176653159590946e-07, 8.904543470987459e-07, 8.638557600167789e-07, 8.377769220674866e-07, 8.126610140724217e-07, 7.88257154825671e-07, 7.644254946021914e-07, 7.410116417870674e-07, 7.184235676836492e-07, 6.963136667499589e-07, 6.747159895286931e-07, 6.540042482981506e-07, 6.338991950517772e-07, 6.143633496976202e-07, 5.95303073321769e-07, 5.768510106515021e-07, 5.589086262373244e-07, 5.416390235847923e-07, 5.249498516588854e-07, 5.08625680816662e-07, 4.929294030556353e-07, 4.776731213637872e-07, 4.628531682791108e-07, 4.4832979850114847e-07, 4.3431633406037384e-07, 4.207784106499136e-07, 4.075656084011809e-07]
W_list: [5]
L_list: [32.54661480789509]
