C_final_list: [1.7353830451719902e-06, 1.7112149973908853e-06, 1.6872574812671726e-06, 1.66410174418391e-06, 1.641307130661237e-06, 1.6192525420554234e-06, 1.597456908172683e-06, 1.5759211477907685e-06, 1.5547581529752127e-06, 1.5339032922925316e-06, 1.5135349398710806e-06, 1.4934433169859755e-06, 1.4735884733029125e-06, 1.4538332649318658e-06, 1.434513803848836e-06, 1.4155948978411514e-06, 1.3969730884904472e-06, 1.3786240098739588e-06, 1.3604237797561807e-06, 1.3424782402280637e-06, 1.324781265131117e-06, 1.3073090499830557e-06, 1.2900294926363604e-06, 1.2727830841096545e-06, 1.2557549703365023e-06, 1.2387373860248077e-06, 1.2218227227950128e-06, 1.2052372293955764e-06, 1.189195244514932e-06, 1.1732183845094838e-06, 1.1576464659298334e-06, 1.142204330279154e-06, 1.1270814612999913e-06, 1.1119102861992782e-06, 1.0970188215416784e-06, 1.082269295622119e-06, 1.0678112151439733e-06, 1.0534634624262507e-06, 1.0394320992210157e-06, 1.0255782489352038e-06, 1.0117439779494197e-06, 9.979744348695162e-07, 9.844408986156515e-07, 9.70908707283151e-07, 9.575235486214232e-07, 9.443714733745193e-07, 9.314675901545834e-07, 9.186013590233755e-07, 9.060291152402529e-07, 8.936559052001415e-07]
ndim2: 500
W_list: [2.9]
L_list: [74.25644725039238]
