R_list= [ 1  2  3  4  5  6  7  8  9 10 11 12 13 14 15 16 17 18 19 20 21 22 23 24
 25 26 27 28 29 30 31 32 33 34 35 36 37 38]
C_final_list= [2.9814280264698023e-06, 2.3729648269969473e-06, 1.8742153596517727e-06, 1.4726428097896423e-06, 1.1538859056357364e-06, 9.022313412344001e-07, 7.059636561286733e-07, 5.505814168733639e-07, 4.2783717534789e-07, 3.3345563832412243e-07, 2.5963276287663814e-07, 2.0165307412849547e-07, 1.566055149653494e-07, 1.2168624819741968e-07, 9.458391449856793e-08, 7.340040558248245e-08, 5.707971626616417e-08, 4.42366628859922e-08, 3.427467042336587e-08, 2.6534670975345306e-08, 2.061988144749944e-08, 1.598618569245582e-08, 1.2366746229492098e-08, 9.571258217959398e-09, 7.343602275969321e-09, 5.6421979627898885e-09, 4.347036777121247e-09, 3.3527215325680723e-09, 2.5907048094936644e-09, 1.998477507989083e-09, 1.5444270403557392e-09, 1.1950522279210903e-09, 9.231592018976327e-10, 7.116211639025953e-10, 5.530262078816763e-10, 4.294803544868842e-10, 3.33566512598108e-10, 2.5972960399490715e-10]
W_list: [8.6]
L_list: [4.145666501428889]
