R_list= [ 1  2  3  4  5  6  7  8  9 10 11 12 13 14 15 16 17 18 19 20 21 22 23 24
 25 26 27 28 29 30 31 32 33 34 35 36 37 38]
C_final_list= [1.3164071851841322e-06, 1.2641756078000358e-06, 1.2129385707110113e-06, 1.1645663643594693e-06, 1.117201822883213e-06, 1.0722772667982258e-06, 1.0291038939700385e-06, 9.878308180359126e-07, 9.480790355090023e-07, 9.095425282405532e-07, 8.729036043487674e-07, 8.376458401549691e-07, 8.037386709248596e-07, 7.713454359796731e-07, 7.403771643261257e-07, 7.105063985392951e-07, 6.818269827015273e-07, 6.540194864905915e-07, 6.27129266858656e-07, 6.013351559495456e-07, 5.766379521173795e-07, 5.529089509447314e-07, 5.298703715952215e-07, 5.077938915430007e-07, 4.864473455513147e-07, 4.6581260025546214e-07, 4.460579030990251e-07, 4.270881682238676e-07, 4.0892944672609104e-07, 3.9153219837437326e-07, 3.7491914394234394e-07, 3.5879258989738553e-07, 3.4334440573425665e-07, 3.2850718961859614e-07, 3.1429867280454895e-07, 3.0069735417577413e-07, 2.876331586975979e-07, 2.75282076559413e-07]
W_list: [5]
L_list: [23.950643059727394]
