R_list= [ 1  2  3  4  5  6  7  8  9 10 11 12 13 14 15 16 17 18 19 20 21 22 23 24
 25 26 27 28 29 30 31 32 33 34 35 36 37 38]
C_final_list= [2.356821213095149e-05, 1.9479903754118005e-05, 1.596901818712765e-05, 1.3055082662981328e-05, 1.0660839229461559e-05, 8.705494168557329e-06, 7.0987894096686645e-06, 5.784363866504691e-06, 4.712403816936996e-06, 3.842919434363764e-06, 3.1308258339379773e-06, 2.551825759625235e-06, 2.081059825235206e-06, 1.6983100632096647e-06, 1.385288999087488e-06, 1.1298794309762805e-06, 9.204784307434282e-07, 7.492685446933177e-07, 6.093245083963241e-07, 4.953026148332931e-07, 4.0330575303519753e-07, 3.283852346788511e-07, 2.6773377896582177e-07, 2.1846324185965675e-07, 1.7829878288808049e-07, 1.454557477631012e-07, 1.1865829872037526e-07, 9.692401429062337e-08, 7.924814015373025e-08, 6.480810362131693e-08, 5.300249496998274e-08, 4.331835910738016e-08, 3.5319299461925937e-08, 2.8831979777777915e-08, 2.352737602400801e-08, 1.9153884931953086e-08, 1.56509190145178e-08, 1.277334272275483e-08]
W_list: [8.0]
L_list: [4.9705723368869625]
