R_list= [ 1  2  3  4  5  6  7  8  9 10 11 12 13 14 15 16 17 18 19 20 21 22 23 24
 25 26 27 28 29 30 31 32 33 34 35 36 37 38]
C_final_list= [3.690192871404059e-05, 2.4481995455419346e-05, 1.6135534905125446e-05, 1.0601816290470098e-05, 6.952640795734833e-06, 4.557509413602727e-06, 2.9853159513082865e-06, 1.9555072492027933e-06, 1.2807468369291618e-06, 8.401679100665227e-07, 5.529696234414141e-07, 3.632575964873743e-07, 2.390557443946242e-07, 1.5692473707614015e-07, 1.0284943758528698e-07, 6.785104409706847e-08, 4.4528293162866474e-08, 2.9150466573910885e-08, 1.9178489966372956e-08, 1.2612241000684141e-08, 8.298019094070733e-09, 5.478392599078558e-09, 3.5690343093156015e-09, 2.3264779181815343e-09, 1.5194435410021588e-09, 9.911200757729302e-10, 6.507723973644758e-10, 4.2880443701497937e-10, 2.820006580466894e-10, 1.866657470829365e-10, 1.217708014982055e-10, 8.039943128367153e-11, 5.314204941957684e-11, 3.5088966017276607e-11, 2.3300348526199964e-11, 1.5995189446911078e-11, 1.0831486314619272e-11, 7.295235071774322e-12]
W_list: [8.05]
L_list: [2.4007438664564384]
