C_final_list: [1.5294151936984533e-06, 1.4576508069588573e-06, 1.3872422474234266e-06, 1.3194638384253752e-06, 1.2552849907821539e-06, 1.193862282725202e-06, 1.1354625827813237e-06, 1.0797470034665645e-06, 1.027012260640755e-06, 9.76790562339721e-07, 9.284176104522798e-07, 8.826823938000733e-07, 8.38831768054196e-07, 7.975837022423468e-07, 7.582134634175078e-07, 7.208001601851321e-07, 6.853841526879496e-07, 6.519194893748733e-07, 6.20164889268312e-07, 5.896724650429583e-07, 5.605962627323404e-07, 5.330145134071687e-07, 5.069265042006521e-07, 4.820619748048941e-07, 4.5841375998349447e-07, 4.3587116088119164e-07, 4.14027221228287e-07, 3.9342714862676947e-07, 3.7392512541008736e-07, 3.5507910286551415e-07, 3.373743221461838e-07, 3.2040737464496085e-07, 3.0414164207451814e-07, 2.886135877667793e-07, 2.7371713146873746e-07]
ndim2: 500
W_list: [3.4000000000000004]
L_list: [19.853384205422707]
