R_list= [ 1  2  3  4  5  6  7  8  9 10 11 12 13 14 15 16 17 18 19 20 21 22 23 24
 25 26 27 28 29 30 31 32 33 34 35 36 37 38]
C_final_list= [4.737589539581795e-07, 4.193996485957926e-07, 3.6836888087682825e-07, 3.2226005789040434e-07, 2.813754361207728e-07, 2.4525520536163737e-07, 2.1360601281045e-07, 1.8561969543347054e-07, 1.6134393429635196e-07, 1.4036018609398504e-07, 1.2195644644130227e-07, 1.0578391084208751e-07, 9.161270602938989e-08, 7.93580795337994e-08, 6.880891592749607e-08, 5.967568546317458e-08, 5.173626205950607e-08, 4.486632094890664e-08, 3.882944053861632e-08, 3.361041665997015e-08, 2.9085001262212286e-08, 2.5116332966423212e-08, 2.1711207731612606e-08, 1.8745859628926178e-08, 1.618208798874964e-08, 1.3937250273151039e-08, 1.2007904457385642e-08, 1.0349939592207129e-08, 8.917428719202779e-09, 7.684882814668503e-09, 6.6166281379316114e-09, 5.707259231188498e-09, 4.923776338976745e-09, 4.251538122459686e-09, 3.6680356595607247e-09, 3.161380918795423e-09, 2.7214534494487323e-09, 2.3370625798471003e-09]
W_list: [7.8]
L_list: [7.281745085878335]
