R_list= [ 1  2  3  4  5  6  7  8  9 10 11 12 13 14 15 16 17 18 19 20 21 22 23 24
 25 26 27 28 29 30 31 32 33 34 35 36 37 38]
C_final_list= [4.932703597913982e-07, 4.66705828767038e-07, 4.3970433242826467e-07, 4.1339614667504214e-07, 3.885946855305428e-07, 3.6502625765917164e-07, 3.4296224553057867e-07, 3.221912584948524e-07, 3.024297878665288e-07, 2.839908027584682e-07, 2.6671072541954433e-07, 2.503615658649003e-07, 2.350294890291543e-07, 2.207135592851283e-07, 2.0715948519360997e-07, 1.9432184752379825e-07, 1.822926588510898e-07, 1.7104346379176944e-07, 1.6056127722995275e-07, 1.5066311299126832e-07, 1.41388620144097e-07, 1.3273440025387697e-07, 1.244922141195411e-07, 1.1678407896322095e-07, 1.0958269560931749e-07, 1.0276118097565014e-07, 9.634747155187613e-08, 9.029139772952647e-08, 8.454856725927846e-08, 7.917915768838423e-08, 7.410400159861102e-08, 6.931355004065796e-08, 6.480312074094324e-08, 6.057721949190573e-08, 5.659931088474886e-08, 5.289920990873386e-08, 4.9455544411132154e-08, 4.62303723686518e-08]
W_list: [6.4]
L_list: [15.863631965894813]
