C_final_list: [2.098935586178765e-06, 2.0584321947580832e-06, 2.0184784575207655e-06, 1.980017930511441e-06, 1.942554381271027e-06, 1.9058906611361766e-06, 1.8703289112952918e-06, 1.8352982732526604e-06, 1.8006331782558203e-06, 1.7670168358137562e-06, 1.7336193544669635e-06, 1.7010471232862207e-06, 1.6689342002971197e-06, 1.6375496625154745e-06, 1.6067702784518622e-06, 1.5763539485581724e-06, 1.546014531427034e-06, 1.516009230388115e-06, 1.4866199573716276e-06, 1.4577193632416726e-06, 1.429392723424074e-06, 1.4016983961692907e-06, 1.3742313339729935e-06, 1.347360791053936e-06, 1.3211328763655949e-06, 1.295288069744572e-06, 1.2698775225287448e-06, 1.2447198766202626e-06, 1.2201445647605698e-06, 1.1962648337418324e-06, 1.1724125042935257e-06, 1.1494459711838053e-06, 1.126739814934512e-06, 1.1043729081565424e-06, 1.0823630214405493e-06, 1.0605860176682587e-06, 1.0393890827283773e-06, 1.018665891269866e-06, 9.981851796386505e-07, 9.784173721963146e-07, 9.588039919804987e-07, 9.395538544696149e-07, 9.205734108628624e-07, 9.019150567698126e-07, 8.838230919525977e-07, 8.658904678121443e-07, 8.483149340779688e-07, 8.311065795606789e-07, 8.142763881956829e-07, 7.975520672486463e-07]
ndim2: 500
W_list: [2.4]
L_list: [51.022534399450755]
