C_final_list: [1.8481651172853505e-06, 1.8305599114233871e-06, 1.8125377116334368e-06, 1.7952052077074647e-06, 1.7783812897778668e-06, 1.761578662218859e-06, 1.7453567944891287e-06, 1.7293893091475089e-06, 1.713742780130798e-06, 1.6980992645733538e-06, 1.6827819321551463e-06, 1.667610858489398e-06, 1.652462836774205e-06, 1.6373930016882008e-06, 1.6223329734245297e-06, 1.607591450568444e-06, 1.5929332367855022e-06, 1.5783465905081844e-06, 1.5637398080470835e-06, 1.549513334303931e-06, 1.5352961616379103e-06, 1.5213002470510847e-06, 1.5075374390227184e-06, 1.4939503417716497e-06, 1.4805079890771917e-06, 1.4671519966911152e-06, 1.4538688871682486e-06, 1.440764519340849e-06, 1.4278947816659002e-06, 1.4150312006577428e-06, 1.402195694016908e-06, 1.3895549181075145e-06, 1.3771768348792144e-06, 1.364774401984307e-06, 1.3524787081878385e-06]
ndim2: 500
W_list: [2.0]
L_list: [109.13656491888251]
