C_final_list: [1.519655765125085e-06, 1.249369182348427e-06, 1.0177310759387333e-06, 8.230663054012094e-07, 6.714220854239857e-07, 5.469763993310054e-07, 4.484925233872171e-07, 3.661547677917979e-07, 2.981092184005374e-07, 2.4153867692813433e-07, 1.9680563992919963e-07, 1.5941480850272448e-07, 1.2953461386121847e-07, 1.0541734512023928e-07, 8.573899857467517e-08, 6.905773231338949e-08, 5.577610410782707e-08, 4.491800491102489e-08, 3.601688443363953e-08, 2.8917547651799932e-08, 2.333664097440929e-08, 1.8703058374567436e-08, 1.5040149997305915e-08, 1.21570055142156e-08, 9.890729516681194e-09, 7.942526183048318e-09, 6.416153087246263e-09, 5.117121903081578e-09, 4.082183623111207e-09, 3.257975430758667e-09, 2.6051061199551594e-09, 2.0916359448328525e-09, 1.6811073899311862e-09, 1.3363939680595649e-09, 1.0699000615355434e-09]
ndim2: 500
W_list: [2.6]
L_list: [4.8831511106824275]
