R_list= [ 1  2  3  4  5  6  7  8  9 10 11 12 13 14 15 16 17 18 19 20 21 22 23 24
 25 26 27 28 29 30 31 32 33 34 35 36 37 38]
C_final_list= [9.343960182686491e-07, 8.258201654715983e-07, 7.264127494545888e-07, 6.388268964153518e-07, 5.613578532524145e-07, 4.93503941201494e-07, 4.337881720678553e-07, 3.816224376571841e-07, 3.3572518437585727e-07, 2.960364583566162e-07, 2.6072481885858783e-07, 2.294040191079315e-07, 2.019826511363144e-07, 1.776777008735958e-07, 1.5605874284041775e-07, 1.3727817338301468e-07, 1.2073093352761298e-07, 1.0621618310086806e-07, 9.35294197274524e-08, 8.216176532087152e-08, 7.22072688907525e-08, 6.334701330067003e-08, 5.573742521508744e-08, 4.900194201348932e-08, 4.2967551278645124e-08, 3.763781050139849e-08, 3.291363941188527e-08, 2.878429104505026e-08, 2.5145292041236613e-08, 2.197135731280958e-08, 1.9203859238731534e-08, 1.6744049191449666e-08, 1.461204491492997e-08, 1.2725284783578833e-08, 1.1088651421176713e-08, 9.64919228623342e-09, 8.375712296650388e-09, 7.274743495509732e-09]
W_list: [6]
L_list: [7.805734460383991]
