R_list= [ 1  2  3  4  5  6  7  8  9 10 11 12 13 14 15 16 17 18 19 20 21 22 23 24
 25 26 27 28 29 30 31 32 33 34 35 36 37 38]
C_final_list= [2.0372891251812424e-05, 1.646175993648162e-05, 1.3164358122953918e-05, 1.0499255975508077e-05, 8.354829196306693e-06, 6.63935419932732e-06, 5.273331218455759e-06, 4.188304906007852e-06, 3.3244452086953793e-06, 2.6365106174395897e-06, 2.0922267094570686e-06, 1.659984877499028e-06, 1.316083908333428e-06, 1.0428939432393306e-06, 8.276892100790179e-07, 6.553861748115865e-07, 5.184278824522888e-07, 4.100944547844389e-07, 3.246918604056189e-07, 2.5733366574912933e-07, 2.0353694811732865e-07, 1.613302624938482e-07, 1.2804917224588837e-07, 1.0168885085578075e-07, 8.087814898695368e-08, 6.421889137365873e-08, 5.11298364856761e-08, 4.066070604948477e-08, 3.232442165601069e-08, 2.5717532593454585e-08, 2.052763634056928e-08, 1.6357024749947113e-08, 1.2998798882634379e-08, 1.0303194088170006e-08, 8.180691558627223e-09, 6.5199259167167165e-09, 5.181025380586538e-09, 4.119811342113638e-09]
W_list: [8.35]
L_list: [4.422424810439257]
