R_list= [ 1  2  3  4  5  6  7  8  9 10 11 12 13 14 15 16 17 18 19 20 21 22 23 24
 25 26 27 28 29 30 31 32 33 34 35 36 37 38]
C_final_list= [4.093245312386478e-07, 2.53481196345806e-07, 1.334049848549201e-07, 6.388834907963099e-08, 2.8904561188488454e-08, 1.2618591788740667e-08, 5.3949346742005266e-09, 2.281014045109103e-09, 9.610390763489102e-10, 4.063903938940252e-10, 1.7300276105499154e-10, 7.347491770537092e-11, 3.112738461963124e-11, 1.3194555486277256e-11, 5.582525928249102e-12, 2.363909867657234e-12, 1.0025042770607398e-12, 4.2714264867742055e-13, 1.8489994741761631e-13, 8.147409668660295e-14, 3.648878265676821e-14, 1.6395860885949966e-14, 7.217824322865713e-15, 3.1869224354221235e-15, 1.468093591102884e-15, 6.997364862535566e-16, 3.49413326062825e-16, 1.7856526390283759e-16, 8.933687860792488e-17, 4.0888840383051735e-17, 1.7723954574406304e-17, 7.485780088542435e-18, 3.1494289282754677e-18, 1.3113898563703856e-18, 5.443907891121711e-19, 2.317057773487747e-19, 1.0342661662107253e-19, 4.8267850493458123e-20]
W_list: [4]
L_list: [1.7093480053241994]
