C_final_list: [2.1808734783280502e-06, 1.9611785132235225e-06, 1.7557666748532553e-06, 1.5727856385344742e-06, 1.4074037757145787e-06, 1.2573722922005593e-06, 1.1230314881570748e-06, 1.0006521322174723e-06, 8.945804981967508e-07, 8.000449163677488e-07, 7.133035409002686e-07, 6.374867990863697e-07, 5.690082699432904e-07, 5.070377143472494e-07, 4.525076020206212e-07, 4.022954816099798e-07, 3.574457626533339e-07, 3.1845900686956005e-07, 2.8377542478852826e-07, 2.5258816028006484e-07, 2.243474253382958e-07, 1.994460237271726e-07, 1.773333380692819e-07, 1.5761463595434845e-07, 1.4009229557977946e-07, 1.240390644557772e-07, 1.0999709719196146e-07, 9.762303918096349e-08, 8.641606501175125e-08, 7.675061588593645e-08, 6.807134379039655e-08, 6.055472826213902e-08, 5.376464876555731e-08, 4.7696903771194923e-08, 4.233686761061594e-08]
ndim2: 500
W_list: [2.6]
L_list: [8.848002736554445]
