R_list= [ 1  2  3  4  5  6  7  8  9 10 11 12 13 14 15 16 17 18 19 20 21 22 23 24
 25 26 27 28 29 30 31 32 33 34 35 36 37 38]
C_final_list= [3.43173211993977e-07, 3.181318575325716e-07, 2.928420121135059e-07, 2.6882954015815876e-07, 2.462041072097929e-07, 2.2524931470708345e-07, 2.0605921324052732e-07, 1.8829691812152485e-07, 1.7187543362345297e-07, 1.56868862989552e-07, 1.4306866047777733e-07, 1.304085979879348e-07, 1.1890184820798173e-07, 1.0832559774572306e-07, 9.861862282625528e-08, 8.977897507113194e-08, 8.163888246121029e-08, 7.419413351763095e-08, 6.731186842083167e-08, 6.106800105206912e-08, 5.536892688898443e-08, 5.017971613284254e-08, 4.5467901956605406e-08, 4.117310009117187e-08, 3.727779966823936e-08, 3.3735413536752067e-08, 3.0574387122658385e-08, 2.7717591823208447e-08, 2.5126813298939603e-08, 2.278039355371518e-08, 2.0635494073728287e-08, 1.8671438691527717e-08, 1.6888055434921133e-08, 1.527063974553657e-08, 1.380068742304794e-08, 1.2463845443813405e-08, 1.1258730320174585e-08, 1.0164718505372435e-08]
W_list: [7.0]
L_list: [10.975457233801661]
