R_list= [ 1  2  3  4  5  6  7  8  9 10 11 12 13 14 15 16 17 18 19 20 21 22 23 24
 25 26 27 28 29 30 31 32 33 34 35 36 37 38]
C_final_list= [2.970232721082577e-07, 2.430465878630886e-07, 1.955949286978589e-07, 1.564644368917e-07, 1.2456097583859143e-07, 9.918343296928691e-08, 7.897067022735221e-08, 6.266037956762131e-08, 4.970296469012279e-08, 3.937382558564431e-08, 3.121404708134574e-08, 2.468235078062174e-08, 1.9536948949887623e-08, 1.539823086866163e-08, 1.2115176757529852e-08, 9.540811675548404e-09, 7.5123990625507e-09, 5.9280210465762534e-09, 4.684515312184489e-09, 3.7014627201617004e-09, 2.907248176002197e-09, 2.2920138826241115e-09, 1.8079012583136684e-09, 1.42654291261924e-09, 1.1276165532191235e-09, 8.897153986345831e-10, 6.967568532120451e-10, 5.456362915296427e-10, 4.267670827415992e-10, 3.343210302568822e-10, 2.634678605235024e-10, 2.0787248923719286e-10, 1.6425824197459037e-10, 1.291223960712214e-10, 1.0154062708134255e-10, 8.008391627714586e-11, 6.25982498990452e-11, 4.871149738607561e-11]
W_list: [9.4]
L_list: [4.486485260024653]
