R_list= [ 1  2  3  4  5  6  7  8  9 10 11 12 13 14 15 16 17 18 19 20 21 22 23 24
 25 26 27 28 29 30 31 32 33 34 35 36 37 38]
C_final_list= [4.908558585387158e-07, 4.235535817650987e-07, 3.6242690269586936e-07, 3.0981490163685123e-07, 2.633265373150637e-07, 2.242150937169013e-07, 1.9083192902113943e-07, 1.628963236281218e-07, 1.3912597704792832e-07, 1.1856357772785294e-07, 1.0113123906152614e-07, 8.61257959481221e-08, 7.340102642839361e-08, 6.251912293185799e-08, 5.316366317048379e-08, 4.515773314147974e-08, 3.842311764443769e-08, 3.26432448330591e-08, 2.767315474315635e-08, 2.345395242478425e-08, 1.9909116949474674e-08, 1.693343273099795e-08, 1.437109208260694e-08, 1.2184255874148029e-08, 1.0315498391041864e-08, 8.714175958969786e-09, 7.371423301097318e-09, 6.2427784034593145e-09, 5.271579321534219e-09, 4.467314553298081e-09, 3.772355948567619e-09, 3.186313896947762e-09, 2.696128450215845e-09, 2.2766949870939416e-09, 1.918662497423787e-09, 1.6176547824592101e-09, 1.3677480002535616e-09, 1.1565901459858477e-09]
W_list: [7]
L_list: [6.301982571914995]
