R_list= [ 1  2  3  4  5  6  7  8  9 10 11 12 13 14 15 16 17 18 19 20 21 22 23 24
 25 26 27 28 29 30 31 32 33 34 35 36 37 38]
C_final_list= [4.641513930181753e-07, 3.592766976106543e-07, 2.749694567431687e-07, 2.102480725115501e-07, 1.5992316187070347e-07, 1.2157367046609697e-07, 9.236877535246756e-08, 7.03142069980148e-08, 5.342814815103105e-08, 4.054996742116905e-08, 3.0601963170414615e-08, 2.294400314163647e-08, 1.714616580386324e-08, 1.2901211325854414e-08, 9.727188971950465e-09, 7.332329271840506e-09, 5.489387226432383e-09, 4.108189935305142e-09, 3.078773248347174e-09, 2.295011842519261e-09, 1.716175863740919e-09, 1.2841025497887516e-09, 9.541751808662921e-10, 7.148892127632699e-10, 5.365998504279717e-10, 4.008887412949313e-10, 2.979678635053351e-10, 2.2010247830929355e-10, 1.6166628210044196e-10, 1.2006100376460227e-10, 9.031682653048373e-11, 6.807971515766826e-11, 5.1438034946491866e-11, 3.866659402641777e-11, 2.917804393268219e-11, 2.2113165264123506e-11, 1.6742059532485956e-11, 1.266592585280315e-11]
W_list: [8.4]
L_list: [3.7177945292323606]
