R_list= [ 1  2  3  4  5  6  7  8  9 10 11 12 13 14 15 16 17 18 19 20 21 22 23 24
 25 26 27 28 29 30 31 32 33 34 35 36 37 38]
C_final_list= [2.0733864959526873e-06, 1.8023983638565186e-06, 1.5503253359379587e-06, 1.3260770650703057e-06, 1.1307878262984082e-06, 9.631727572994851e-07, 8.186060868642235e-07, 6.95542532938318e-07, 5.914629404182434e-07, 5.027658143658701e-07, 4.2691073687751636e-07, 3.625166446582528e-07, 3.081848563764249e-07, 2.617649672180661e-07, 2.2239379101058596e-07, 1.887596548342217e-07, 1.5997959772666713e-07, 1.3548840433715346e-07, 1.1468416824285508e-07, 9.693689765975542e-08, 8.191994152565207e-08, 6.916162883287223e-08, 5.8320687239722433e-08, 4.9190583836582575e-08, 4.148093740999902e-08, 3.4982313504204904e-08, 2.9522255961148177e-08, 2.4944392222197684e-08, 2.1070189068135986e-08, 1.779302549192463e-08, 1.5051429778293846e-08, 1.2735486300353521e-08, 1.078348244577128e-08, 9.148949390421437e-09, 7.77187156657937e-09, 6.598959327053485e-09, 5.604934122535408e-09, 4.755549110918744e-09]
W_list: [8.45]
L_list: [6.306559846330491]
