R_list= [ 1  2  3  4  5  6  7  8  9 10 11 12 13 14 15 16 17 18 19 20 21 22 23 24
 25 26 27 28 29 30 31 32 33 34 35 36 37 38]
C_final_list= [1.270510174622686e-06, 8.875860096312107e-07, 6.213085806366646e-07, 4.321037782209069e-07, 3.0037153572998124e-07, 2.0923326043985925e-07, 1.4582425612480144e-07, 1.0111435638091744e-07, 7.009092524602778e-08, 4.839142580720269e-08, 3.297878626826449e-08, 2.2829716964261095e-08, 1.5706732579274987e-08, 1.0805914334978927e-08, 7.415515377502606e-09, 5.08539770230674e-09, 3.5059696883690688e-09, 2.4150216451155757e-09, 1.6612297105873843e-09, 1.1462308268149934e-09, 7.926884948989185e-10, 5.488112575615294e-10, 3.7362584241440585e-10, 2.5771712185412e-10, 1.7593374116376738e-10, 1.221922453426447e-10, 8.180340715725373e-11, 5.513300078341761e-11, 3.7162370900573546e-11, 2.544093114389867e-11, 1.7230992207791995e-11, 1.185766034185681e-11, 8.013913292974894e-12, 5.556884273374662e-12, 3.849173891969051e-12, 2.538902359165141e-12, 1.7738728396435875e-12, 1.2597971583728628e-12]
W_list: [6.800000000000001]
L_list: [2.7743723905632964]
