C_final_list: [1.8680159116403382e-06, 1.820541463979812e-06, 1.7739107505754338e-06, 1.7285959633612472e-06, 1.6844833159683559e-06, 1.6416788710897728e-06, 1.599352386772406e-06, 1.558322234703468e-06, 1.5186237461063644e-06, 1.4799354942567797e-06, 1.4425302106045715e-06, 1.4059331044775815e-06, 1.37012068724096e-06, 1.3354674413122309e-06, 1.3014824070931679e-06, 1.268528467773794e-06, 1.236158747445067e-06, 1.2049210229447968e-06, 1.1747176794263435e-06, 1.1449933598350828e-06, 1.1160598735153863e-06, 1.0878557587144543e-06, 1.0604687164793693e-06, 1.0334816058235773e-06, 1.0070299870605903e-06, 9.811118160561527e-07, 9.562739967716516e-07, 9.318526454473897e-07, 9.080519969859903e-07, 8.847443052560933e-07, 8.617988051685427e-07, 8.395132618269822e-07, 8.17867600690899e-07, 7.968089829349835e-07, 7.759945714952554e-07, 7.558145068748304e-07, 7.363382436553048e-07, 7.172202842929358e-07, 6.985272606168889e-07, 6.80278196922606e-07, 6.62570812153903e-07, 6.451581799474717e-07, 6.282681823753472e-07, 6.115866324031539e-07, 5.952481592338226e-07, 5.795620710187602e-07, 5.642002321863911e-07, 5.491949770207661e-07, 5.345999743724842e-07, 5.203562812328289e-07]
ndim2: 500
W_list: [2.8]
L_list: [38.622301155300285]
