R_list= [ 1  2  3  4  5  6  7  8  9 10 11 12 13 14 15 16 17 18 19 20 21 22 23 24
 25 26 27 28 29 30 31 32 33 34 35 36 37 38]
C_final_list= [3.062754096885388e-07, 2.819804280942505e-07, 2.577873802864281e-07, 2.3476794307274693e-07, 2.1334826132543112e-07, 1.9357666169747258e-07, 1.7535569146545865e-07, 1.586029866942729e-07, 1.433115984557426e-07, 1.2930596046877098e-07, 1.1662497543766954e-07, 1.0509678826327379e-07, 9.463112984728285e-08, 8.520500563147487e-08, 7.667275858731648e-08, 6.895422746567459e-08, 6.192608093512273e-08, 5.55862603869585e-08, 4.983887248410932e-08, 4.4654847002746775e-08, 4.000533423787107e-08, 3.583817388045749e-08, 3.212059997777706e-08, 2.8777159751168105e-08, 2.5794916870545344e-08, 2.3108051946877526e-08, 2.0681921439476282e-08, 1.8511347537789756e-08, 1.6554696855081352e-08, 1.4823242965788168e-08, 1.3278760375576135e-08, 1.1892932560483007e-08, 1.0654148462210161e-08, 9.551625473405172e-09, 8.568125597199044e-09, 7.678121492967714e-09, 6.8788660149837856e-09, 6.164994967217868e-09]
W_list: [7.2]
L_list: [9.930287512990915]
