R_list= [ 1  2  3  4  5  6  7  8  9 10 11 12 13 14 15 16 17 18 19 20 21 22 23 24
 25 26 27 28 29 30 31 32 33 34 35 36 37 38]
C_final_list= [3.1182938493399935e-07, 2.152176168853533e-07, 1.4896913198132066e-07, 1.0309055789355437e-07, 7.085623647584142e-08, 4.8470992031989485e-08, 3.3219759525764324e-08, 2.2642690369306696e-08, 1.544592932041681e-08, 1.0466950152551124e-08, 7.104037143991551e-09, 4.803791909779765e-09, 3.2373652742439136e-09, 2.1762498332689525e-09, 1.4831442816378606e-09, 1.0192904457642716e-09, 6.952005458740126e-10, 4.739562785559475e-10, 3.213669784790755e-10, 2.1398340095836426e-10, 1.4171227781479494e-10, 9.409578118218737e-11, 6.24693068742062e-11, 4.1455306727118806e-11, 2.755784611475054e-11, 1.863214530747921e-11, 1.261996075295963e-11, 8.448977286711552e-12, 5.635980545999255e-12, 3.7481965929261366e-12, 2.566189481838803e-12, 1.771519490686083e-12, 1.2256682918341713e-12, 8.081478147292629e-13, 5.33568723423958e-13, 3.641922166650668e-13, 2.4917886985625886e-13, 1.7379575689111963e-13]
W_list: [7]
L_list: [2.6911185134896676]
