C_list:
1.434465617573327e-06 0.0132205855506817
ndim2: 500
W_list: [1.5999999999999999]
L_list: [75.63961491466893]
