R_list= [ 1  2  3  4  5  6  7  8  9 10 11 12 13 14 15 16 17 18 19 20 21 22 23 24
 25 26 27 28 29 30 31 32 33 34 35 36 37 38]
C_final_list= [4.323188560450249e-07, 4.024516679162387e-07, 3.719451830546369e-07, 3.4260201254897196e-07, 3.150586407016624e-07, 2.8928079758992926e-07, 2.654955919354651e-07, 2.4341353641939274e-07, 2.2311129444062638e-07, 2.0434532188009137e-07, 1.8700516409472532e-07, 1.7105318599416167e-07, 1.5651356873724815e-07, 1.4321529908009501e-07, 1.3099724831249445e-07, 1.198585330874935e-07, 1.095810694158392e-07, 1.0019798575730997e-07, 9.167184684649601e-08, 8.38366471152787e-08, 7.668840262724466e-08, 7.010167597781437e-08, 6.403879410885197e-08, 5.851583796246561e-08, 5.345927956870222e-08, 4.8867198229588215e-08, 4.4659537277729225e-08, 4.0796140884524904e-08, 3.7261003482129906e-08, 3.400754983690122e-08, 3.104526842069298e-08, 2.8324189377681883e-08, 2.5852241690588324e-08, 2.3603527186890622e-08, 2.1534767218461043e-08, 1.9636360705580517e-08, 1.789507271540866e-08, 1.6278046928291544e-08]
W_list: [7.4]
L_list: [11.53081803631426]
