R_list= [ 1  2  3  4  5  6  7  8  9 10 11 12 13 14 15 16 17 18 19 20 21 22 23 24
 25 26 27 28 29 30 31 32 33 34 35 36 37 38]
C_final_list= [4.820886470945037e-07, 4.173883300817215e-07, 3.5655372544549636e-07, 3.0222574666680535e-07, 2.5568046148876496e-07, 2.1588729243962016e-07, 1.8203178957724406e-07, 1.534149321527864e-07, 1.2937629840891344e-07, 1.090915505046002e-07, 9.206836169677513e-08, 7.754543038281544e-08, 6.524109406515996e-08, 5.478700784108588e-08, 4.590515665093858e-08, 3.845126875582452e-08, 3.2191082176661724e-08, 2.6938224811243616e-08, 2.2607220587651682e-08, 1.8982612387819167e-08, 1.591520086815179e-08, 1.3323492701899099e-08, 1.1157792649405718e-08, 9.34943084603201e-09, 7.826536188892406e-09, 6.537991984951822e-09, 5.454719325509042e-09, 4.545485801575834e-09, 3.786224875397372e-09, 3.1579972871595013e-09, 2.6372351316589387e-09, 2.198811066437938e-09, 1.8383858444909232e-09, 1.5375738031152475e-09, 1.2838396580126249e-09, 1.0694668826855022e-09, 8.92471717736554e-10, 7.417153221528438e-10]
W_list: [8.6]
L_list: [6.01405350914797]
