R_list= [ 1  2  3  4  5  6  7  8  9 10 11 12 13 14 15 16 17 18 19 20 21 22 23 24
 25 26 27 28 29 30 31 32 33 34 35 36 37 38]
C_final_list= [1.1276328199616314e-06, 1.046760417660646e-06, 9.673441304847962e-07, 8.920743133536133e-07, 8.228235485292742e-07, 7.585820071232174e-07, 6.992647765386351e-07, 6.451219899581359e-07, 5.954187732524855e-07, 5.49135859180785e-07, 5.063293192912957e-07, 4.66722291259638e-07, 4.3088648286165873e-07, 3.975368699467636e-07, 3.6632626974920084e-07, 3.3735609895365696e-07, 3.106508628527398e-07, 2.861339606675994e-07, 2.632924922667035e-07, 2.4231501002186665e-07, 2.2303950477122714e-07, 2.052275482231007e-07, 1.8884259632766451e-07, 1.7373718830541569e-07, 1.597815733136604e-07, 1.4690161339030717e-07, 1.3503706044554433e-07, 1.2406501066052813e-07, 1.1392242776015863e-07, 1.0448560331127057e-07, 9.576338808412443e-08, 8.767111144949905e-08, 8.025474897410006e-08, 7.346219956758567e-08, 6.72294441799012e-08, 6.155939611645598e-08, 5.63228617216309e-08, 5.157051561117975e-08]
W_list: [7.0]
L_list: [12.29114156638922]
