R_list= [ 1  2  3  4  5  6  7  8  9 10 11 12 13 14 15 16 17 18 19 20 21 22 23 24
 25 26 27 28 29 30 31 32]
C_final_list= [7.010867893496284e-07, 6.33973456569083e-07, 5.758693068628383e-07, 5.212498957327235e-07, 4.7159098875384163e-07, 4.260843111069307e-07, 3.84025811252655e-07, 3.459486516882432e-07, 3.117302530349767e-07, 2.810201996663888e-07, 2.532337947103969e-07, 2.279827779543548e-07, 2.051478053206387e-07, 1.8443717288953692e-07, 1.655711582939753e-07, 1.4872669767555342e-07, 1.3342539846237327e-07, 1.1971532639564176e-07, 1.0763943896525059e-07, 9.67627290880637e-08, 8.692728702107608e-08, 7.807629105635543e-08, 7.00966046111368e-08, 6.281190072484397e-08, 5.627281935438179e-08, 5.0425186697938e-08, 4.51626290231718e-08, 4.046467721290935e-08, 3.6281715586464436e-08, 3.248337340489967e-08, 2.9073131768486606e-08, 2.6049603668492068e-08]
W_list: [6]
L_list: [9.653939647056227]
