R_list= [ 1  2  3  4  5  6  7  8  9 10 11 12 13 14 15 16 17 18 19 20 21 22 23 24
 25 26 27 28 29 30 31 32 33 34 35 36 37 38]
C_final_list= [4.3218050584243803e-07, 2.538771841866872e-07, 1.4744307790334194e-07, 8.699454940282254e-08, 5.142600138835428e-08, 3.028834418647032e-08, 1.7818015741835035e-08, 1.0405757602018319e-08, 5.950337976503542e-09, 3.3885288456651204e-09, 1.934382118324802e-09, 1.1025811595829576e-09, 6.35943405130626e-10, 3.689230380617498e-10, 2.1065491289336745e-10, 1.1885823198566838e-10, 6.716269613599354e-11, 3.751181979135479e-11, 2.082156357426612e-11, 1.193502363796278e-11, 6.788284371701131e-12, 3.8317015508568925e-12, 2.160696015828962e-12, 1.2472163678626365e-12, 7.09481711817225e-13, 3.9468718794033686e-13, 2.2042693553724604e-13, 1.2268737221095355e-13, 6.97082460088376e-14, 3.986858873972041e-14, 2.3625179879282672e-14, 1.4392671596534765e-14, 7.92414019518297e-15, 4.477009541385897e-15, 2.6507983477104057e-15, 1.3824893891838865e-15, 7.583841382230537e-16, 4.814764110627543e-16]
W_list: [7]
L_list: [1.8716974074507868]
