R_list= [ 1  2  3  4  5  6  7  8  9 10 11 12 13 14 15 16 17 18 19 20 21 22 23 24
 25 26 27 28 29 30 31 32 33 34 35 36 37 38]
C_final_list= [1.2152100091740598e-06, 8.250994938529856e-07, 5.608826779404715e-07, 3.787894886757971e-07, 2.5367770489331876e-07, 1.6929887557080106e-07, 1.1343007757534008e-07, 7.540496505090251e-08, 5.051387647978182e-08, 3.393856710260174e-08, 2.2661865624206036e-08, 1.516721203240886e-08, 1.0188828295841623e-08, 6.853950375591689e-09, 4.649745174528892e-09, 3.144455427930146e-09, 2.122531951249091e-09, 1.4421577033103936e-09, 9.65327094650462e-10, 6.306303794252149e-10, 4.1384463118063374e-10, 2.718018817325346e-10, 1.7756788447694475e-10, 1.1663577327781257e-10, 7.560840911117453e-11, 4.976609227636319e-11, 3.194258264364079e-11, 2.105752831947064e-11, 1.3984978083317556e-11, 9.16416804393086e-12, 6.067292495582808e-12, 4.045255280095834e-12, 2.743807157489631e-12, 1.830483621831552e-12, 1.1978796585769622e-12, 8.079452638903737e-13, 5.483381635326925e-13, 3.7490484671938106e-13]
W_list: [7.2]
L_list: [2.553724976380252]
