C_final_list: [1.9801156977202723e-06, 1.7080543018739878e-06, 1.473613312366593e-06, 1.2711370733258696e-06, 1.098820100773833e-06, 9.49941756440526e-07, 8.219750661936175e-07, 7.09763491789363e-07, 6.120901567944106e-07, 5.269952293624647e-07, 4.530746212212379e-07, 3.896034522283235e-07, 3.3525515362223325e-07, 2.8719095730594163e-07, 2.456164813307904e-07, 2.0971526621457505e-07, 1.7896392313157754e-07, 1.5228250202217128e-07, 1.2951028029214742e-07, 1.1046685820382725e-07, 9.399505179013584e-08, 7.984959284269812e-08, 6.788288212001628e-08, 5.765523163485851e-08, 4.920031388344107e-08, 4.194223470691018e-08, 3.5760647212005486e-08, 3.0507664804353806e-08, 2.595689522827203e-08, 2.2102265728956402e-08, 1.882969096429022e-08, 1.600720249285947e-08, 1.3663875592006448e-08, 1.1659395219210906e-08, 9.949388185882795e-09, 8.506993030620336e-09, 7.262889970091382e-09, 6.171198784333442e-09, 5.2736130144501146e-09, 4.477082426699229e-09, 3.78654343377196e-09, 3.21209721715317e-09, 2.738111229191894e-09, 2.3271163486783418e-09, 1.988199563792701e-09, 1.6985641200862835e-09, 1.4548471093921008e-09, 1.2471088485356166e-09, 1.0588205769214746e-09, 9.019748704309198e-10]
ndim2: 500
W_list: [3.3]
L_list: [6.729458056701722]
