C_final_list: [1.713143637109492e-06, 1.3994637562868671e-06, 1.1345963579848953e-06, 9.206874215070669e-07, 7.45752650371081e-07, 6.057908988354219e-07, 4.912868011436178e-07, 3.991293277340005e-07, 3.257815234601495e-07, 2.648596723186675e-07, 2.1493793796797583e-07, 1.746771034070113e-07, 1.4192197127329396e-07, 1.1556218247494855e-07, 9.382048991689771e-08, 7.626214580749526e-08, 6.192235285146625e-08, 5.028749634903792e-08, 4.075105804594843e-08, 3.2995788564115656e-08, 2.668154262772907e-08, 2.1654990933651878e-08, 1.754729838267827e-08, 1.421386660542723e-08, 1.1520524267070186e-08, 9.312042290925979e-09, 7.52620889884269e-09, 6.0497039687929714e-09, 4.862257822670534e-09, 3.913646674031699e-09, 3.1401688872857588e-09, 2.5134679458290884e-09, 1.992521274714215e-09, 1.5784157644317348e-09, 1.2577756015264187e-09]
ndim2: 500
W_list: [3.8]
L_list: [4.809506731757406]
