R_list= [ 1  2  3  4  5  6  7  8  9 10 11 12 13 14 15 16 17 18 19 20 21 22 23 24
 25 26 27 28 29 30 31 32 33 34 35 36 37 38]
C_final_list= [8.253807025582635e-07, 4.1723637316257524e-07, 1.7252615924633358e-07, 6.397760847336792e-08, 2.234740039331835e-08, 7.564041614664894e-09, 2.5274326517283458e-09, 8.406854635657846e-10, 2.794343814996615e-10, 9.265140825471134e-11, 3.06865238484843e-11, 1.0096420506069387e-11, 3.288205280539024e-12, 1.0582807636379942e-12, 3.3912511375732533e-13, 1.0886078210730263e-13, 3.518435906701481e-14, 1.1323279074100533e-14, 3.623617781900691e-15, 1.1510789731932921e-15, 3.623299748675719e-16, 1.130173724712888e-16, 3.506940232277153e-17, 1.0842731908345165e-17, 3.4116158426029007e-18, 1.0974268642156093e-18, 3.630860107921268e-19, 1.261145334595692e-19, 4.5751014655316596e-20, 1.819333459200937e-20, 8.333135471047758e-21, 4.473492639801668e-21, 2.860284051343756e-21, 2.164708871576141e-21, 1.8533234319192337e-21, 1.6813115846126248e-21, 1.5770144801560563e-21, 1.5027941031105706e-21]
W_list: [5]
L_list: [1.3037612947600326]
