C_final_list: [1.6766875758637274e-06, 1.6112461332209588e-06, 1.546505177927921e-06, 1.483927077992992e-06, 1.4236628585856618e-06, 1.3656483978777343e-06, 1.3099466647597403e-06, 1.2573221434868379e-06, 1.207533622261588e-06, 1.1593236499481678e-06, 1.1131384411397227e-06, 1.0682755499892088e-06, 1.0255269464749482e-06, 9.842454473711324e-07, 9.446862264068688e-07, 9.062972972121732e-07, 8.69173796048996e-07, 8.3388256232471e-07, 7.999533805400095e-07, 7.674135364303587e-07, 7.35794604083221e-07, 7.052444589371459e-07, 6.762101899753507e-07, 6.48448239684739e-07, 6.217815221086124e-07, 5.959408726814335e-07, 5.71343236422485e-07, 5.475507456927154e-07, 5.25020155166599e-07, 5.034233085403107e-07, 4.82720063541784e-07, 4.6259309572457974e-07, 4.43065961331921e-07, 4.243600387162013e-07, 4.064037626106929e-07, 3.894485174088437e-07, 3.7311956014730013e-07, 3.573822053109947e-07, 3.423507229482952e-07, 3.278969670408078e-07, 3.1409421699133006e-07, 3.0080692040597564e-07, 2.879978005717643e-07, 2.7571746726690326e-07, 2.6388409266426e-07, 2.5240863450079324e-07, 2.4142025927278525e-07, 2.3087794377776923e-07, 2.2082075628730376e-07, 2.112066723878086e-07]
ndim2: 500
W_list: [3.3]
L_list: [23.986757092420543]
