R_list= [ 1  2  3  4  5  6  7  8  9 10 11 12 13 14 15 16 17 18 19 20 21 22 23 24
 25 26 27 28 29 30 31 32 33 34 35 36 37 38]
C_final_list= [1.548982565075725e-06, 1.4099152990749459e-06, 1.292386317017959e-06, 1.1823000933103913e-06, 1.0817082043816591e-06, 9.900925383958207e-07, 9.066853883838209e-07, 8.291374060372796e-07, 7.579855380509675e-07, 6.929129648710742e-07, 6.339577382841721e-07, 5.795529970638707e-07, 5.299284344559283e-07, 4.842704080767133e-07, 4.432130337766576e-07, 4.0558713083446953e-07, 3.7083889374660376e-07, 3.3907585138934544e-07, 3.099474712183885e-07, 2.8315896323160787e-07, 2.582298694086622e-07, 2.3520293025939974e-07, 2.141677492062775e-07, 1.9495696302602582e-07, 1.7715672105156726e-07, 1.610045465728742e-07, 1.4638491188725316e-07, 1.3318488689286028e-07, 1.210295571293384e-07, 1.099705584634575e-07, 9.981697781777239e-08, 9.067560213560174e-08, 8.230155564544271e-08, 7.472682070292615e-08, 6.79355821705677e-08, 6.174436666956813e-08, 5.620530385397264e-08, 5.11061500240201e-08]
W_list: [5]
L_list: [11.137117978957122]
