R_list= [ 1  2  3  4  5  6  7  8  9 10 11 12 13 14 15 16 17 18 19 20 21 22 23 24
 25 26 27 28 29 30 31 32 33 34 35 36 37 38]
C_final_list= [2.8762899972326748e-05, 2.1408546685731456e-05, 1.5821487842364754e-05, 1.1665032794064408e-05, 8.58330260350156e-06, 6.3147320776075285e-06, 4.642494467365254e-06, 3.413653218954541e-06, 2.5104711361327104e-06, 1.8415017076288817e-06, 1.3515613637175278e-06, 9.916220903512312e-07, 7.273612405889326e-07, 5.343001995857833e-07, 3.921301346981343e-07, 2.88642229741979e-07, 2.1280857388842136e-07, 1.5631862646644038e-07, 1.1437955082591062e-07, 8.371666113508341e-08, 6.142825750865519e-08, 4.512949720607302e-08, 3.306450674123248e-08, 2.4292445410523577e-08, 1.7865168503496715e-08, 1.3126224962050006e-08, 9.597589342248363e-09, 7.033039308690654e-09, 5.136125888970147e-09, 3.735833063175945e-09, 2.7296923102925974e-09, 2.0022004390313937e-09, 1.4724759570688146e-09, 1.0850677480006507e-09, 7.997324276608756e-10, 5.831091614798109e-10, 4.2917639496134066e-10, 3.195211186853525e-10]
W_list: [8.4]
L_list: [3.2976696361550535]
