C_final_list: [1.566111334921904e-06, 1.5417167823067076e-06, 1.5197826881221325e-06, 1.4957715468292127e-06, 1.4732130109771354e-06, 1.4506876999158373e-06, 1.4285687785350605e-06, 1.4068667112546434e-06, 1.3855509574967653e-06, 1.3646375980671687e-06, 1.3439132402946524e-06, 1.3232507566416334e-06, 1.3029219342852646e-06, 1.282759348587185e-06, 1.263268998801533e-06, 1.2439788091186337e-06, 1.2245330976413566e-06, 1.2056552746855062e-06, 1.1867728934117656e-06, 1.1682964342496963e-06, 1.1500373112613185e-06, 1.1318524785372132e-06, 1.1139045587428238e-06, 1.096569871980475e-06, 1.0793227516833794e-06, 1.062429166102367e-06, 1.0455943538940858e-06, 1.0291594209328035e-06, 1.0129646416134033e-06, 9.96880825114069e-07, 9.810781387645202e-07, 9.654005710100557e-07, 9.498661907576734e-07, 9.347137813628973e-07, 9.197225283422807e-07]
ndim2: 500
W_list: [1.6]
L_list: [64.07953179602582]
