C_final_list: [2.000055496807932e-06, 1.8818946020896928e-06, 1.7676095073051494e-06, 1.6577481611005118e-06, 1.5569982967215133e-06, 1.4630058825611934e-06, 1.3743939258856625e-06, 1.2899324078657378e-06, 1.2102234965415962e-06, 1.1360755744981317e-06, 1.0665328238703848e-06, 1.0010246679350715e-06, 9.385416299797718e-07, 8.802010027430242e-07, 8.249629471622639e-07, 7.73691656227901e-07, 7.255775771892148e-07, 6.807576991516613e-07, 6.390181870749127e-07, 6.001973417221391e-07, 5.635487892685188e-07, 5.292749969646875e-07, 4.96438320822964e-07, 4.660895007130771e-07, 4.3764533253353024e-07, 4.1042032548136994e-07, 3.8507930514707687e-07, 3.6133062075184565e-07, 3.3905074668113743e-07, 3.18223932308026e-07, 2.986544646758999e-07, 2.8022004440165943e-07, 2.625759145110777e-07, 2.4611447634703825e-07, 2.307224633200191e-07, 2.1635022549511275e-07, 2.0271999110359253e-07, 1.8999520590380504e-07, 1.779050460135093e-07, 1.6660011609200895e-07, 1.5586772942423838e-07, 1.4588420252081126e-07, 1.3637705397994466e-07, 1.2739345057733932e-07, 1.1886153701008696e-07, 1.109059897859175e-07, 1.0364486773756439e-07, 9.688822947311165e-08, 9.049634044190768e-08, 8.447599079992673e-08]
ndim2: 500
W_list: [3.0]
L_list: [15.73643925550217]
