C_final_list: [1.890477383196424e-06, 1.8392511592716973e-06, 1.7889928069042607e-06, 1.7404494570082813e-06, 1.693485582088076e-06, 1.6476419224965825e-06, 1.602272199667825e-06, 1.5583711300316569e-06, 1.5157519666339478e-06, 1.4733638507909732e-06, 1.4321939533716133e-06, 1.3921932441487164e-06, 1.3536903768796114e-06, 1.3156551117808967e-06, 1.2791378654449028e-06, 1.2433291476674583e-06, 1.2084431436037059e-06, 1.1745490686047017e-06, 1.1414696871971082e-06, 1.108920409861726e-06, 1.0773984628847536e-06, 1.0469522426511331e-06, 1.0176103712092733e-06, 9.886159584058684e-07, 9.60493369326567e-07, 9.328427695050996e-07, 9.06273968082261e-07, 8.804366774979542e-07, 8.554524589932934e-07, 8.308673347269193e-07, 8.07274898814099e-07, 7.843403543091395e-07, 7.615475278305667e-07, 7.3958265362691e-07, 7.182402801628772e-07, 6.973712961495364e-07, 6.771320581202261e-07, 6.573674136894433e-07, 6.380773898153858e-07, 6.193908806785944e-07, 6.012792226813244e-07, 5.836336243034334e-07, 5.664597858669504e-07, 5.499041179008567e-07, 5.335222235338762e-07, 5.176615258838497e-07, 5.023345943257616e-07, 4.87378786513067e-07, 4.727873940772311e-07, 4.585222183474587e-07]
ndim2: 500
W_list: [2.9]
L_list: [34.91938291979448]
