R_list= [ 1  2  3  4  5  6  7  8  9 10 11 12 13 14 15 16 17 18 19 20 21 22 23 24
 25 26 27 28 29 30 31 32 33 34 35 36 37 38]
C_final_list= [9.287216374854527e-07, 5.797826931975566e-07, 3.609428538711211e-07, 2.2535416012559838e-07, 1.4089221097200917e-07, 8.781629444347517e-08, 5.4438756243830355e-08, 3.3724583755319133e-08, 2.080528272187246e-08, 1.2768691298606375e-08, 7.805223391183652e-09, 4.786668622378848e-09, 2.9440628030868684e-09, 1.8261997083067963e-09, 1.1424751553096364e-09, 6.982090832888144e-10, 4.261333384792668e-10, 2.59651069700356e-10, 1.589238656199811e-10, 9.561018794731036e-11, 5.806611702370704e-11, 3.5021690100681075e-11, 2.1062998813843642e-11, 1.3012287384973629e-11, 8.388701135872642e-12, 5.265764515145916e-12, 3.2760722295795666e-12, 1.999093589969885e-12, 1.2939250416407968e-12, 8.414280830167311e-13, 5.711554077291942e-13, 4.0431973096811456e-13, 2.832733841520751e-13, 1.9055450234425553e-13, 1.309301535238393e-13, 9.560388376275469e-14, 6.686593438611059e-14, 4.223638392873401e-14]
W_list: [7.800000000000001]
L_list: [2.117789983299736]
