C_final_list: [2.3125271048733354e-06, 2.2334489504638174e-06, 2.154235667215489e-06, 2.0781944268855634e-06, 2.004801699758279e-06, 1.9335371079657635e-06, 1.8638113929068562e-06, 1.7963986126961138e-06, 1.7316045303297222e-06, 1.6699876261731142e-06, 1.6098202571806308e-06, 1.5520829875515264e-06, 1.4958565824924184e-06, 1.442341362511523e-06, 1.3900882920863105e-06, 1.3399124126999357e-06, 1.2909885287040452e-06, 1.2440952277824694e-06, 1.1993271491700971e-06, 1.1558514998037501e-06, 1.1138928408736807e-06, 1.0733409826193966e-06, 1.0341517627268632e-06, 9.96351258257469e-07, 9.599659868399382e-07, 9.254062141984566e-07, 8.910337978672977e-07, 8.58047792800402e-07, 8.264346957945487e-07, 7.954288875843606e-07, 7.655367994582007e-07, 7.359172435348854e-07, 7.077622602203076e-07, 6.803864732773764e-07, 6.543037210612786e-07]
ndim2: 500
W_list: [2.0]
L_list: [27.146931486581686]
