R_list= [ 1  2  3  4  5  6  7  8  9 10 11 12 13 14 15 16 17 18 19 20 21 22 23 24
 25 26 27 28 29 30 31 32 33 34 35 36 37 38]
C_final_list= [2.627029962543383e-07, 2.2001953196006862e-07, 1.8217706194214e-07, 1.4984451098404434e-07, 1.2272525832983203e-07, 1.0036840338940508e-07, 8.197027214380678e-08, 6.695909912629996e-08, 5.473757404101928e-08, 4.4495691415896275e-08, 3.6142811006104207e-08, 2.9280419786191586e-08, 2.3614967630675185e-08, 1.9082186548096933e-08, 1.537493983246662e-08, 1.2406441153290302e-08, 1.00237950680181e-08, 8.105526766845464e-09, 6.544615803663383e-09, 5.2788114426215265e-09, 4.244291037915097e-09, 3.4096775749751616e-09, 2.7359572922585905e-09, 2.1940471099233283e-09, 1.7603371712248563e-09, 1.411741311260646e-09, 1.1304563164985147e-09, 9.025497381994892e-10, 7.190255380580495e-10, 5.723996274985551e-10, 4.568048775668056e-10, 3.661598354063132e-10, 2.9302076059952175e-10, 2.339417785422906e-10, 1.87243555512651e-10, 1.496418688496292e-10, 1.2050126878130477e-10, 9.701895254130241e-11]
W_list: [8.600000000000001]
L_list: [5.0662309763239435]
