C_final_list: [1.7545599190359382e-06, 1.623072772779784e-06, 1.4987976353069545e-06, 1.384024376045573e-06, 1.278295851567328e-06, 1.179939367236922e-06, 1.0889310084763973e-06, 1.0036016959518456e-06, 9.239325458575514e-07, 8.516004608355087e-07, 7.8317715987718e-07, 7.209048058293935e-07, 6.636202384630789e-07, 6.104976936133406e-07, 5.615322900385914e-07, 5.166849664942957e-07, 4.760196860125464e-07, 4.382175120970768e-07, 4.0326622467160533e-07, 3.717616717753644e-07, 3.4260417806735026e-07, 3.158120343345727e-07, 2.913628470594691e-07, 2.6830828517102503e-07, 2.472517395907997e-07, 2.2757497143190493e-07, 2.0942872068881884e-07, 1.9255205261837348e-07, 1.7717835187280035e-07, 1.6302297038878957e-07, 1.5005114046755324e-07, 1.3793559642945522e-07, 1.267661776305614e-07, 1.1633658625051335e-07, 1.0697308688048708e-07, 9.821863651192239e-08, 9.022492807354269e-08, 8.29706379597695e-08, 7.613092809639997e-08, 6.975672321684253e-08, 6.41019497510258e-08, 5.882964084366591e-08, 5.388152503068097e-08, 4.9352586964549186e-08, 4.525492737553751e-08, 4.148821107537374e-08, 3.80069689241716e-08, 3.4865490928723e-08, 3.193123768402599e-08, 2.9239720018004482e-08]
ndim2: 500
W_list: [3.3499999999999996]
L_list: [12.22332831654285]
