R_list= [ 1  2  3  4  5  6  7  8  9 10 11 12 13 14 15 16 17 18 19 20 21 22 23 24
 25 26 27 28 29 30 31 32 33 34 35 36 37 38]
C_final_list= [8.463891020794114e-07, 4.983508780282326e-07, 2.9042130517367045e-07, 1.6905104717276768e-07, 9.863481286111622e-08, 5.6768166097940384e-08, 3.313824109306717e-08, 1.9265658837253315e-08, 1.108194329556594e-08, 6.361206184472859e-09, 3.7014319087749874e-09, 2.1046619743061103e-09, 1.2102400591072699e-09, 6.907294029383415e-10, 3.973087711695206e-10, 2.208039755208517e-10, 1.2585024063434715e-10, 7.045052736053958e-11, 4.024268428212311e-11, 2.3797173821845874e-11, 1.3780770072289351e-11, 7.857670839805686e-12, 5.029753275322022e-12, 3.0115595707483e-12, 1.8018350347660048e-12, 1.17435657230071e-12, 8.614399083983872e-13, 6.530519141515342e-13, 4.601361870995371e-13, 3.350823044217657e-13, 2.3415518307202805e-13, 1.2882819599892752e-13, 6.721136959187109e-14, 3.2644981561708874e-14, 1.5588218988945438e-14, 6.7517563889462204e-15, 3.0309342745262004e-15, 1.464274280301432e-15]
W_list: [8.8]
L_list: [1.8656792203533599]
