C_list:
1.0254050806443828e-06 0.11136190632725416
ndim2: 500
W_list: [3.4]
L_list: [8.979731337045772]
