R_list= [ 1  2  3  4  5  6  7  8  9 10 11 12 13 14 15 16 17 18 19 20 21 22 23 24
 25 26 27 28 29 30 31 32 33 34 35 36 37 38]
C_final_list= [3.6042246758666476e-07, 3.1482189086903773e-07, 2.722663394608295e-07, 2.3419527065174615e-07, 2.0105073783492818e-07, 1.722076193470209e-07, 1.474256780255411e-07, 1.2592075990685767e-07, 1.0743553533342924e-07, 9.151506043748192e-08, 7.789612233730438e-08, 6.6206411321492e-08, 5.623968284823744e-08, 4.781607186907881e-08, 4.069217470875549e-08, 3.468167220228953e-08, 2.9582554757895436e-08, 2.5227949234946816e-08, 2.1543190295848677e-08, 1.8433993724417827e-08, 1.5742492582625906e-08, 1.3420756206791745e-08, 1.1432150675108214e-08, 9.719069366152257e-09, 8.252607587306761e-09, 7.002272588703645e-09, 5.919684977801211e-09, 5.000244943803886e-09, 4.2088415712260226e-09, 3.5412414728604313e-09, 2.980814137460979e-09, 2.514213703662063e-09, 2.1238777696571354e-09, 1.7882939253579898e-09, 1.5046977072813765e-09, 1.2679985970888383e-09, 1.0674258929542931e-09, 8.985906209920804e-10]
W_list: [7.6000000000000005]
L_list: [6.497728729777366]
