R_list= [ 1  2  3  4  5  6  7  8  9 10 11 12 13 14 15 16 17 18 19 20 21 22 23 24
 25 26 27 28 29 30 31 32 33 34 35 36 37 38]
C_final_list= [6.041395189962516e-07, 3.167455657878075e-07, 1.489251177213881e-07, 6.761745409687829e-08, 3.0217943259868595e-08, 1.3325879658144629e-08, 5.862119522692886e-09, 2.5677540009949957e-09, 1.1238595571043591e-09, 4.857052898544543e-10, 2.0808598772168664e-10, 8.903495167788712e-11, 3.82360331838379e-11, 1.6524927961897337e-11, 7.158193124414114e-12, 3.1030691545343084e-12, 1.3470122300225975e-12, 5.796507845415915e-13, 2.4934980292282106e-13, 1.0484743765034953e-13, 4.3189881309834946e-14, 1.653637407708616e-14, 6.252789516526657e-15, 2.4264039696272047e-15, 9.505707067632249e-16, 3.825759025224518e-16, 1.4441489810872942e-16, 5.580235950962901e-17, 2.0316295933660846e-17, 7.219757973844074e-18, 2.640708512071488e-18, 9.774287981337754e-19, 3.5111903930273175e-19, 1.2759043625765188e-19, 4.6867444498236394e-20, 1.6326746296514712e-20, 5.317741441540371e-21, 1.7040603993530504e-21]
W_list: [6]
L_list: [1.4336859919101663]
