R_list= [ 1  2  3  4  5  6  7  8  9 10 11 12 13 14 15 16 17 18 19 20 21 22 23 24
 25 26 27 28 29 30 31 32 33 34 35 36 37 38]
C_final_list= [1.1214206162777402e-06, 9.82182131372158e-07, 8.500978720981938e-07, 7.410031956402029e-07, 6.504717055263103e-07, 5.721075465139457e-07, 5.030461104533461e-07, 4.4205880531413237e-07, 3.8835788746910445e-07, 3.4084917069657903e-07, 2.9897667427624074e-07, 2.620436430484307e-07, 2.2933090761118476e-07, 2.0040039515003166e-07, 1.7497778967226887e-07, 1.525938040409201e-07, 1.3297165405080816e-07, 1.1577268963810463e-07, 1.0065733182206195e-07, 8.745983980269137e-08, 7.601315711149722e-08, 6.610300107021941e-08, 5.7525227728856026e-08, 5.0077178350493515e-08, 4.3538067833675814e-08, 3.778333253816883e-08, 3.276108286555668e-08, 2.8388263814715683e-08, 2.4610666127659817e-08, 2.1356340021063875e-08, 1.854981789016238e-08, 1.6108206131734585e-08, 1.3980479293534507e-08, 1.2129945336679138e-08, 1.0543308932271715e-08, 9.17054604482598e-09, 7.971702814577592e-09, 6.923742846412052e-09]
W_list: [4]
L_list: [7.509426317099799]
