R_list= [ 1  2  3  4  5  6  7  8  9 10 11 12 13 14 15 16 17 18 19 20 21 22 23 24
 25 26 27 28 29 30 31 32 33 34 35 36 37 38]
C_final_list= [3.374688386803517e-07, 2.925037744856752e-07, 2.5081525679914235e-07, 2.1351163841835595e-07, 1.8168380421817467e-07, 1.5435796863453523e-07, 1.311570428958528e-07, 1.1120203189974881e-07, 9.403332098720228e-08, 7.94529934177613e-08, 6.721653470054775e-08, 5.677588331647089e-08, 4.804801320754517e-08, 4.063565262541169e-08, 3.433337577581806e-08, 2.900055279104748e-08, 2.4464938665888765e-08, 2.0628420172058996e-08, 1.736926289243024e-08, 1.4635973315293657e-08, 1.2316423431849466e-08, 1.0342317199471714e-08, 8.692810159443298e-09, 7.311205910720961e-09, 6.136837325731373e-09, 5.128870662525628e-09, 4.281814162586394e-09, 3.5759778711122185e-09, 2.9875826687762775e-09, 2.4969428343263406e-09, 2.086897028953727e-09, 1.7468776523553692e-09, 1.4648719412922977e-09, 1.2289156070305083e-09, 1.0333782032757283e-09, 8.688362795121558e-10, 7.292906051746839e-10, 6.113442976849853e-10]
W_list: [7.800000000000001]
L_list: [6.18063070872301]
