R_list= [ 1  2  3  4  5  6  7  8  9 10 11 12 13 14 15 16 17 18 19 20 21 22 23 24
 25 26 27 28 29 30 31 32]
C_final_list= [6.516059067415535e-07, 5.746517540561045e-07, 5.097085067784194e-07, 4.510791788046014e-07, 3.9933334519782674e-07, 3.536868010035587e-07, 3.132640633324728e-07, 2.772954827778439e-07, 2.4528664497786036e-07, 2.168523297265119e-07, 1.918469368892374e-07, 1.6955968664631932e-07, 1.4965068892245268e-07, 1.3199910594851731e-07, 1.162697152026333e-07, 1.0240959155813497e-07, 9.007832685639507e-08, 7.912923981902386e-08, 6.964409437649837e-08, 6.117036002365455e-08, 5.36307686929299e-08, 4.697011732754838e-08, 4.111981438046436e-08, 3.594301775746575e-08, 3.143292104033041e-08, 2.749393889337882e-08, 2.4028407705252744e-08, 2.0966479106538177e-08, 1.83076991091911e-08, 1.6001332032117414e-08, 1.3985070856491706e-08, 1.2206426097192986e-08]
W_list: [6]
L_list: [8.106597334543089]
