R_list= [ 1  2  3  4  5  6  7  8  9 10 11 12 13 14 15 16 17 18 19 20 21 22 23 24
 25 26 27 28 29 30 31 32 33 34 35 36 37 38]
C_final_list= [3.1082688073781006e-07, 2.2377500941646073e-07, 1.511238352784283e-07, 9.992670215130811e-08, 6.57681534242702e-08, 4.3180101786401623e-08, 2.825332848678953e-08, 1.8376350716993628e-08, 1.1917138365595502e-08, 7.722740103800639e-09, 5.00235621355045e-09, 3.2417524106424183e-09, 2.098153010542261e-09, 1.3515145780574767e-09, 8.67600611246278e-10, 5.550795817421271e-10, 3.545429350951819e-10, 2.2617485992156833e-10, 1.4461135445636916e-10, 9.286493596883992e-11, 5.970126540437481e-11, 3.861351102998021e-11, 2.521124284325815e-11, 1.6677918645819203e-11, 1.1220244358171588e-11, 7.430720238776294e-12, 4.78239037076622e-12, 2.9946392255299213e-12, 1.8408705161274066e-12, 1.1335130710199216e-12, 6.964002956834677e-13, 4.245146411006276e-13, 2.593009767999928e-13, 1.6214081110684238e-13, 1.0555471253695186e-13, 6.963139323291449e-14, 4.6892252284012684e-14, 3.216604806940006e-14]
W_list: [5]
L_list: [2.5972222939187626]
