R_list= [ 1  2  3  4  5  6  7  8  9 10 11 12 13 14 15 16 17 18 19 20 21 22 23 24
 25 26 27 28 29 30 31 32 33 34 35 36 37 38]
C_final_list= [2.5638774770313435e-07, 2.2540165072138251e-07, 1.9551991529878415e-07, 1.684831773984271e-07, 1.446507556718552e-07, 1.2404873866761853e-07, 1.0636732368774337e-07, 9.115187410467128e-08, 7.804568833425092e-08, 6.671713455344561e-08, 5.6955266004253536e-08, 4.8576635270062544e-08, 4.1350056375562445e-08, 3.5153394360013994e-08, 2.9884402397035e-08, 2.5402504636528485e-08, 2.1607285758595006e-08, 1.8402036258855687e-08, 1.5646471543245998e-08, 1.3291146516675788e-08, 1.1274706974414256e-08, 9.56455770144151e-09, 8.112457270018386e-09, 6.8742736397262534e-09, 5.8210281519374674e-09, 4.928613434137433e-09, 4.163155602056829e-09, 3.5069911941694475e-09, 2.9520861174972823e-09, 2.48935512989037e-09, 2.0965826521383548e-09, 1.763828924030407e-09, 1.486151535260696e-09, 1.2508993664354543e-09, 1.0541207572508863e-09, 8.878934115432655e-10, 7.480276229781729e-10, 6.296424217801341e-10]
W_list: [9.0]
L_list: [6.579600109323726]
