R_list= [ 1  2  3  4  5  6  7  8  9 10 11 12 13 14 15 16 17 18 19 20 21 22 23 24
 25 26 27 28 29 30 31 32 33 34 35 36 37 38]
C_final_list= [3.8244410529078836e-07, 1.539913862296824e-07, 4.9111645751674216e-08, 1.3932150625620562e-08, 3.701332595643432e-09, 9.481493721691167e-10, 2.37463494511035e-10, 5.907165904302293e-11, 1.4918480714711527e-11, 3.845285914307343e-12, 1.009287574026001e-12, 2.799757709269272e-13, 9.127292007568222e-14, 4.001874787918519e-14, 2.0284304887337528e-14, 7.985922343616611e-15, 2.4712453078815445e-15, 6.630116025704146e-16, 1.7603702295224574e-16, 4.911318960912531e-17, 1.568963792386336e-17, 4.9570378109418364e-18, 1.3020981564547891e-18, 3.0006835476208758e-19, 7.954530365933185e-20, 3.305530054623597e-20, 2.1366668420324342e-20, 9.58902650969185e-21, 3.365185009710719e-21, 1.600945146812932e-21, 1.0356407143338342e-21, 7.374558523324607e-22, 5.934664495760605e-22, 5.223889812632406e-22, 4.875316746669634e-22, 4.677937172809929e-22, 4.50514669530612e-22, 4.41497553913793e-22]
W_list: [6]
L_list: [1.0287726701665914]
