C_list:
1.375437121432214e-06 0.20116846016716988
ndim2: 500
W_list: [3.8000000000000003]
L_list: [4.970958166946278]
