C_final_list: [1.9973608485839636e-06, 1.9781569025035155e-06, 1.9592969033399164e-06, 1.9412523526677325e-06, 1.9236800930356304e-06, 1.9066935832200842e-06, 1.8897164911603157e-06, 1.8729357343397745e-06, 1.8564714923141269e-06, 1.8401655480344149e-06, 1.8239499485905746e-06, 1.808085654252886e-06, 1.7923673384514013e-06, 1.776767617269149e-06, 1.761553978823495e-06, 1.7463176542161245e-06, 1.7313153409589946e-06, 1.7164204086738637e-06, 1.7015876425386177e-06, 1.6869530073676811e-06, 1.6723195418679353e-06, 1.6577615435610219e-06, 1.6433648255791937e-06, 1.629211977143957e-06, 1.615068358231383e-06, 1.6010827173093812e-06, 1.5870698990043588e-06, 1.573191849393642e-06, 1.559514938464756e-06, 1.5459067945006138e-06, 1.5325197702823858e-06, 1.519289708796877e-06, 1.5061053831598106e-06, 1.4929502648391362e-06, 1.4800889547384179e-06, 1.467235039723836e-06, 1.4544805483676101e-06, 1.4419754195860145e-06, 1.4295508508604957e-06, 1.4173194872833349e-06, 1.4051387963755547e-06, 1.3928764629925816e-06, 1.3806784408234178e-06, 1.368625636169319e-06, 1.356616072030499e-06, 1.3446850588427142e-06, 1.3327461751283372e-06, 1.3208021938104955e-06, 1.3090668643910306e-06, 1.297366048233417e-06]
ndim2: 500
W_list: [2.4]
L_list: [114.3596319278967]
