R_list= [ 1  2  3  4  5  6  7  8  9 10 11 12 13 14 15 16 17 18 19 20 21 22 23 24
 25 26 27 28 29 30 31 32 33 34 35 36 37 38]
C_final_list= [5.132735686225839e-06, 4.447932161065294e-06, 3.831595742154313e-06, 3.2890888507840505e-06, 2.8243625416086783e-06, 2.425559329589437e-06, 2.0833066843992487e-06, 1.7894879139578472e-06, 1.537706999489211e-06, 1.3204226855248446e-06, 1.1343564771785131e-06, 9.754273100430847e-07, 8.378866172903373e-07, 7.196841056211299e-07, 6.170316439242765e-07, 5.281651888422138e-07, 4.518094890435792e-07, 3.8603390933274987e-07, 3.297580177444329e-07, 2.8132957231929566e-07, 2.396910604235601e-07, 2.0406313583389576e-07, 1.7354913357843106e-07, 1.47287703131859e-07, 1.2505124808222154e-07, 1.063534141712105e-07, 9.040906602957683e-08, 7.70092178512525e-08, 6.567209461761434e-08, 5.596664409613512e-08, 4.768963151262144e-08, 4.0596334162435405e-08, 3.471337691058906e-08, 2.9705151943082757e-08, 2.540743295141738e-08, 2.168156332520534e-08, 1.850616225920895e-08, 1.577046491047684e-08]
W_list: [7.2]
L_list: [6.595209902760937]
