R_list= [ 1  2  3  4  5  6  7  8  9 10 11 12 13 14 15 16 17 18 19 20 21 22 23 24
 25 26 27 28 29 30 31 32 33 34 35 36 37 38]
C_final_list= [2.092072460735491e-05, 1.6955370510772046e-05, 1.3629056957860221e-05, 1.0923027130978776e-05, 8.74149595202475e-06, 6.994306063386369e-06, 5.592572659636736e-06, 4.4706410793838445e-06, 3.5722733394516613e-06, 2.853685943068084e-06, 2.2779289339248173e-06, 1.8164586166583868e-06, 1.4482241677422487e-06, 1.1544278155056735e-06, 9.199612732655193e-07, 7.334634315662383e-07, 5.849619310760693e-07, 4.671039908768165e-07, 3.724964573715046e-07, 2.971592071474663e-07, 2.3664604820412208e-07, 1.8813023869269936e-07, 1.4958598072401952e-07, 1.1871667715811879e-07, 9.435988741690139e-08, 7.518880017742259e-08, 5.999649176479883e-08, 4.801878466242724e-08, 3.840661149696763e-08, 3.07003405800599e-08, 2.4451296323401302e-08, 1.9480393544391343e-08, 1.5538745987076298e-08, 1.2409294890995372e-08, 9.904587357124426e-09, 7.904841723952061e-09, 6.3145992109867505e-09, 5.0521362237711904e-09]
W_list: [8.3]
L_list: [4.529389332381669]
