C_list:
1.9668619805881885e-06 0.09256636810157079
ndim2: 500
W_list: [1.7999999999999998]
L_list: [10.803059691212306]
