C_final_list: [1.7424185566417236e-06, 1.680655024669948e-06, 1.6202218840744313e-06, 1.5626868843307642e-06, 1.5068400192083273e-06, 1.45322527038714e-06, 1.4018225149709357e-06, 1.3515350295858457e-06, 1.303136852153934e-06, 1.2568410342131793e-06, 1.2114564360248614e-06, 1.1678190291389184e-06, 1.1254790621798104e-06, 1.0844551769247577e-06, 1.0447285888403504e-06, 1.0065239288345741e-06, 9.697255297649112e-07, 9.344859216025464e-07, 9.002505209924493e-07, 8.671349537332312e-07, 8.351687777610797e-07, 8.042161308887689e-07, 7.742786534218903e-07, 7.452747710613856e-07, 7.176560256792098e-07, 6.911825947612031e-07, 6.657284672344353e-07, 6.410731580732005e-07, 6.173528378918419e-07, 5.942030169467406e-07, 5.721863359493699e-07, 5.509338095085326e-07, 5.305031066196658e-07, 5.107717288614805e-07, 4.917628540126999e-07, 4.7355067711911864e-07, 4.558195522224458e-07, 4.3882262030571874e-07, 4.2258659473665937e-07, 4.0685613976185765e-07, 3.9163687052057105e-07, 3.7705096876452164e-07, 3.628814324578573e-07, 3.492552591977634e-07, 3.3619801186451146e-07, 3.234739136985608e-07, 3.1101052930371165e-07, 2.9904297780082027e-07, 2.87386778222016e-07, 2.762238256699296e-07]
ndim2: 500
W_list: [3.2]
L_list: [26.842073584964165]
