C_final_list: [2.0793816748364782e-06, 1.958914035861072e-06, 1.8758672727280316e-06, 1.7831336144558578e-06, 1.6956957937248396e-06, 1.6119496430901816e-06, 1.5307015817971346e-06, 1.4552874388371032e-06, 1.3835382008270091e-06, 1.3149738837818175e-06, 1.2503459104386758e-06, 1.1889671968317118e-06, 1.1294230295068e-06, 1.0744337850278003e-06, 1.0214652468798e-06, 9.708450374412215e-07, 9.229249717172829e-07, 8.776599639992297e-07, 8.337960344472737e-07, 7.927596513054633e-07, 7.522599798768444e-07, 7.141757408998865e-07, 6.781996154594347e-07, 6.43435737530716e-07, 6.105027869610474e-07, 5.79702366711207e-07, 5.502535818310209e-07, 5.223030076271145e-07, 4.954898978495466e-07, 4.6978912638891537e-07, 4.4569117574892916e-07, 4.2268321938092543e-07, 4.010214781784541e-07, 3.8029316631854143e-07, 3.604718038812557e-07]
ndim2: 500
W_list: [1.2]
L_list: [19.623807665653015]
