C_final_list: [1.5595122169547428e-06, 1.5311719941962788e-06, 1.5027698203743655e-06, 1.475025619040703e-06, 1.4481799300692888e-06, 1.4219960391617677e-06, 1.3963993821012592e-06, 1.3714578047108594e-06, 1.3468248250194037e-06, 1.3225956666210511e-06, 1.2986629280315238e-06, 1.27519590927737e-06, 1.2521897553532268e-06, 1.22935612294678e-06, 1.2071003137959448e-06, 1.185343731307238e-06, 1.1643052252460203e-06, 1.1435630065095956e-06, 1.1230999540895823e-06, 1.1032799619067671e-06, 1.0839132609861652e-06, 1.0648539657173623e-06, 1.0462248855824611e-06, 1.0277473251299488e-06, 1.0097319233246475e-06, 9.919148435435317e-07, 9.743991548597345e-07, 9.57060615603937e-07, 9.403021005746472e-07, 9.237789300889531e-07, 9.076054021421175e-07, 8.916005665622784e-07, 8.758595046680297e-07, 8.60559246748296e-07, 8.452945257935346e-07, 8.305258319326938e-07, 8.156977768304928e-07, 8.012006589293887e-07, 7.869413598295037e-07, 7.726965421369468e-07, 7.588410386564472e-07, 7.451995239150442e-07, 7.316827510063395e-07, 7.18322902161952e-07, 7.050208599474922e-07, 6.919491844651652e-07, 6.791705356844202e-07, 6.666738747552032e-07, 6.542808995948714e-07, 6.421032681751774e-07]
ndim2: 500
W_list: [3.15]
L_list: [55.563053374839804]
