R_list= [ 1  2  3  4  5  6  7  8  9 10 11 12 13 14 15 16 17 18 19 20 21 22 23 24
 25 26 27 28 29 30 31 32]
C_final_list= [7.368897546176831e-07, 6.749567400093724e-07, 6.195062233962618e-07, 5.675866790791101e-07, 5.193958036392755e-07, 4.748346355918937e-07, 4.344498223582477e-07, 3.974444168494839e-07, 3.635759771872612e-07, 3.3253877321394854e-07, 3.041004491502516e-07, 2.781776855371906e-07, 2.5447020781834737e-07, 2.325083573590734e-07, 2.1243715991305652e-07, 1.94118747510949e-07, 1.7729209151371504e-07, 1.6190438617272157e-07, 1.4776206611583366e-07, 1.3498135900896774e-07, 1.2311585169638326e-07, 1.1234812934534703e-07, 1.0264353755503081e-07, 9.3726147567887e-08, 8.551909279914721e-08, 7.79624746141697e-08, 7.101585960395622e-08, 6.467840084877754e-08, 5.8880300623063346e-08, 5.3649355804479564e-08, 4.8886435606473494e-08, 4.450910755527175e-08]
W_list: [6]
L_list: [11.19329603451568]
