R_list= [ 1  2  3  4  5  6  7  8  9 10 11 12 13 14 15 16 17 18 19 20 21 22 23 24
 25 26 27 28 29 30 31 32 33 34 35 36 37 38]
C_final_list= [4.43752574242395e-07, 4.169842614235588e-07, 3.8999080946336957e-07, 3.6375568287906803e-07, 3.389743599030054e-07, 3.158091828875623e-07, 2.941694152417628e-07, 2.739848017297775e-07, 2.551152508038803e-07, 2.374363536934019e-07, 2.2095764323583852e-07, 2.0535457227942832e-07, 1.9079591293825867e-07, 1.7729171710282525e-07, 1.6466195667284776e-07, 1.528614221172504e-07, 1.4180908381821446e-07, 1.316053733779329e-07, 1.2206143518789958e-07, 1.1320879996555761e-07, 1.0497179833515298e-07, 9.725160161897909e-08, 9.010733480513417e-08, 8.342214818122602e-08, 7.723640430437941e-08, 7.15079779821057e-08, 6.617770756773463e-08, 6.124893404346673e-08, 5.665871628852438e-08, 5.243366287055634e-08, 4.855564855261529e-08, 4.4948928872716486e-08, 4.160363470056519e-08, 3.8505924753399255e-08, 3.56166248504294e-08, 3.295610846228659e-08, 3.049372610806589e-08, 2.817328905940377e-08]
W_list: [6.6000000000000005]
L_list: [13.755277821029997]
