R_list= [ 1  2  3  4  5  6  7  8  9 10 11 12 13 14 15 16 17 18 19 20 21 22 23 24
 25 26 27 28 29 30 31 32 33 34 35 36 37 38]
C_final_list= [6.123435052468596e-07, 5.39939757406693e-07, 4.720978327600102e-07, 4.1073436753840843e-07, 3.562577217922987e-07, 3.0813043389803447e-07, 2.661659379997194e-07, 2.3010335192763476e-07, 1.9912026768224463e-07, 1.7256405708940388e-07, 1.497578951161154e-07, 1.2975166889629482e-07, 1.1224921801855617e-07, 9.702915761400466e-08, 8.381918854560137e-08, 7.23455975796081e-08, 6.241128756929754e-08, 5.374836045320678e-08, 4.628816061584311e-08, 3.988027247792655e-08, 3.431870374295934e-08, 2.950931969074105e-08, 2.536081804185975e-08, 2.178327678822479e-08, 1.869227367051394e-08, 1.5997180801509283e-08, 1.3694224339072098e-08, 1.1729723521981669e-08, 1.0031367339056157e-08, 8.580148010531995e-09, 7.3437029681927936e-09, 6.287552221648401e-09, 5.386421033333826e-09, 4.614313491614033e-09, 3.9582372424194606e-09, 3.3935051566996037e-09, 2.9138901091080193e-09, 2.496327249031276e-09]
W_list: [8.2]
L_list: [7.033741836805037]
