R_list= [ 1  2  3  4  5  6  7  8  9 10 11 12 13 14 15 16 17 18 19 20 21 22 23 24
 25 26 27 28 29 30 31 32 33 34 35 36 37 38]
C_final_list= [2.976452941327572e-05, 2.233783552326898e-05, 1.663760223800435e-05, 1.2368833778530516e-05, 9.162304644871048e-06, 6.7868661021390754e-06, 5.020026498750826e-06, 3.711665056847692e-06, 2.742321090183103e-06, 2.0247761060325434e-06, 1.4952272603801089e-06, 1.1048154255304772e-06, 8.150496401274735e-07, 6.024345677112558e-07, 4.44574381409533e-07, 3.284799806158126e-07, 2.4349967765720537e-07, 1.8055692777167088e-07, 1.3366068637015794e-07, 9.926194472631736e-08, 7.368902595372162e-08, 5.4799185590524685e-08, 4.07576397399337e-08, 3.027888885066059e-08, 2.2422694046750842e-08, 1.6618602421575743e-08, 1.2253920183002975e-08, 9.043108897187508e-09, 6.691100170344436e-09, 4.949408798502358e-09, 3.6589998607515727e-09, 2.7097942026130074e-09, 2.0190484954303788e-09, 1.502704754663437e-09, 1.1197844106286885e-09, 8.306670162146426e-10, 6.144138244528513e-10, 4.5272686088344427e-10]
W_list: [8.3]
L_list: [3.3789370558339544]
