R_list= [ 1  2  3  4  5  6  7  8  9 10 11 12 13 14 15 16 17 18 19 20 21 22 23 24
 25 26 27 28 29 30 31 32 33 34 35 36 37 38]
C_final_list= [9.892792765225653e-07, 6.507818947440466e-07, 4.270005899579065e-07, 2.787885599063834e-07, 1.815637059286985e-07, 1.1774246434490853e-07, 7.624244309044063e-08, 4.9481585056594416e-08, 3.185220089107412e-08, 2.0532037799758404e-08, 1.3256453491872658e-08, 8.532632417368834e-09, 5.452292582676093e-09, 3.4860738120581593e-09, 2.2096459530875324e-09, 1.3960359461448305e-09, 8.888937717977932e-10, 5.707254050282001e-10, 3.690291695850874e-10, 2.331242214209702e-10, 1.4817390888301098e-10, 9.039674695402359e-11, 5.667607496387593e-11, 3.546874214130771e-11, 2.30645776726669e-11, 1.5379800817342175e-11, 1.0082126711797262e-11, 6.517546924032053e-12, 4.3023395659537345e-12, 2.9251970618268652e-12, 2.0334711517072677e-12, 1.3078615202845617e-12, 9.614504512868398e-13, 7.422859835827287e-13, 4.1374649924170124e-13, 2.679380497875253e-13, 1.4496717524892451e-13, 8.929252868086205e-14]
W_list: [7.2]
L_list: [2.360725046122282]
