R_list= [ 1  2  3  4  5  6  7  8  9 10 11 12 13 14 15 16 17 18 19 20 21 22 23 24
 25 26 27 28 29 30 31 32 33 34 35 36 37 38]
C_final_list= [3.325475190693242e-05, 2.112147016067791e-05, 1.3324097950578361e-05, 8.375502186421628e-06, 5.25291565402758e-06, 3.2969588852842628e-06, 2.0657194491670282e-06, 1.289444116953571e-06, 8.060957088007027e-07, 5.037130599299115e-07, 3.155912252923345e-07, 1.9719029133315937e-07, 1.2293689908343927e-07, 7.704298190216105e-08, 4.862522835887713e-08, 3.0496771599507204e-08, 1.9118639406149504e-08, 1.2010319971973595e-08, 7.515541646503228e-09, 4.783326691670789e-09, 3.0388404812756894e-09, 1.943299604078396e-09, 1.2476291477026923e-09, 7.846185844436008e-10, 4.879815530194528e-10, 3.051953549916092e-10, 1.8910658071234338e-10, 1.1749618227909815e-10, 7.373375515810027e-11, 4.646809102725912e-11, 2.8826842330478237e-11, 1.8195837525095293e-11, 1.1248838246305294e-11, 6.476705156072936e-12, 3.904462194797396e-12, 2.3522427343777935e-12, 1.46130172212461e-12, 8.988636896005544e-13]
W_list: [8.5]
L_list: [2.1741830259358204]
