C_final_list: [1.3892652489905277e-06, 1.3273079630456665e-06, 1.263273784723401e-06, 1.2016528765277359e-06, 1.142225802985445e-06, 1.086037007929791e-06, 1.032773616728345e-06, 9.820729080870314e-07, 9.342956730568986e-07, 8.880902970265247e-07, 8.444727067672612e-07, 8.029023464544015e-07, 7.625478284963758e-07, 7.24589255666879e-07, 6.88604938221113e-07, 6.540944637495501e-07, 6.212533990842866e-07, 5.898190813608098e-07, 5.602602934018904e-07, 5.321521885031526e-07, 5.054958910645211e-07, 4.803844965285353e-07, 4.5603826872655735e-07, 4.332822638876618e-07, 4.1104373093510657e-07, 3.9029897436899416e-07, 3.7049559795145464e-07, 3.516900358015242e-07, 3.336387023472408e-07, 3.166688881208639e-07, 3.0081265621037287e-07, 2.857290506731504e-07, 2.7155031453375484e-07, 2.57835711427182e-07, 2.4468833312740534e-07]
ndim2: 500
W_list: [2.2]
L_list: [19.644160951725386]
