R_list= [ 1  2  3  4  5  6  7  8  9 10 11 12 13 14 15 16 17 18 19 20 21 22 23 24
 25 26 27 28 29 30 31 32 33 34 35 36 37 38]
C_final_list= [2.7375538161370965e-06, 2.4422438807809157e-06, 2.1614756286113105e-06, 1.9070314557179404e-06, 1.6790363215211953e-06, 1.4774286476615735e-06, 1.2989116596841413e-06, 1.141124914952401e-06, 1.0020531302304371e-06, 8.79352595647001e-07, 7.717466586492035e-07, 6.774029923205868e-07, 5.940870428555464e-07, 5.210355598571083e-07, 4.5666110347603e-07, 3.9996716889103726e-07, 3.5016285849430016e-07, 3.064412148392829e-07, 2.682627991864517e-07, 2.3475377060239877e-07, 2.0541420193700802e-07, 1.795876575135457e-07, 1.5688069068646142e-07, 1.3699462838803727e-07, 1.1960703001478887e-07, 1.0442772983899631e-07, 9.122534113887778e-08, 7.971552620213724e-08, 6.962398171191367e-08, 6.078987842245255e-08, 5.304094906809066e-08, 4.6262610170924225e-08, 4.0364920984061417e-08, 3.522098576861083e-08, 3.071643223876969e-08, 2.6802288965597075e-08, 2.3397776773166255e-08, 2.042027179308173e-08]
W_list: [7.95]
L_list: [7.8047110253299214]
