R_list= [ 1  2  3  4  5  6  7  8  9 10 11 12 13 14 15 16 17 18 19 20 21 22 23 24
 25 26 27 28 29 30 31 32 33 34 35 36 37 38]
C_final_list= [1.735361004713669e-06, 1.6321063091704263e-06, 1.5571447815297499e-06, 1.4937222214212392e-06, 1.429934709787788e-06, 1.3674486745371292e-06, 1.3086494198323158e-06, 1.2527099793072358e-06, 1.198275721220619e-06, 1.1461287290884563e-06, 1.0970812213548223e-06, 1.050086996413288e-06, 1.0047621473382644e-06, 9.61740933179609e-07, 9.20639159297462e-07, 8.807885830670801e-07, 8.42112882511256e-07, 8.052335767352671e-07, 7.698844299669677e-07, 7.359172476936036e-07, 7.032704509412932e-07, 6.721459661853687e-07, 6.422674740611687e-07, 6.135934846979727e-07, 5.863347071944436e-07, 5.604011099007891e-07, 5.355805363397292e-07, 5.117726877520213e-07, 4.889150101580823e-07, 4.6715609527790826e-07, 4.466150903810419e-07, 4.2711800543386747e-07, 4.0818430719213127e-07, 3.898116792851896e-07, 3.721485067471762e-07, 3.552878147270445e-07, 3.392891895352047e-07, 3.239282188737255e-07]
W_list: [4]
L_list: [22.356698864509244]
