R_list= [ 1  2  3  4  5  6  7  8  9 10 11 12 13 14 15 16 17 18 19 20 21 22 23 24
 25 26 27 28 29 30 31 32 33 34 35 36 37 38]
C_final_list= [6.882853565324806e-07, 6.147526762599642e-07, 5.450224740618806e-07, 4.80603098359772e-07, 4.229335382340306e-07, 3.7146955462766973e-07, 3.2581248700471474e-07, 2.8581682278007114e-07, 2.504783473233409e-07, 2.19494440993995e-07, 1.924016712921956e-07, 1.6855565750716107e-07, 1.4767974687338275e-07, 1.2940078434086373e-07, 1.1322663239071708e-07, 9.90225244857162e-08, 8.656515525080118e-08, 7.558925339395348e-08, 6.592358511134243e-08, 5.7472836399719786e-08, 5.008478569218345e-08, 4.3701171750453384e-08, 3.80528936128166e-08, 3.309849912931354e-08, 2.875879787850463e-08, 2.4951248690393218e-08, 2.164959832127079e-08, 1.8782716984148125e-08, 1.626735053356553e-08, 1.4091463598337082e-08, 1.2213504175375694e-08, 1.0584836704119106e-08, 9.16734787723114e-09, 7.932350074467989e-09, 6.858629778302707e-09, 5.919753730326903e-09, 5.1112262503311845e-09, 4.411816057323048e-09]
W_list: [8.0]
L_list: [7.736632428359086]
