C_final_list: [7.484430020076269e-07, 7.082493836658201e-07, 6.685887418189637e-07, 6.299651109710261e-07, 5.927627278163179e-07, 5.571241614542838e-07, 5.232682243802806e-07, 4.913227545480023e-07, 4.6088958057912416e-07, 4.320649837447763e-07, 4.051452700045973e-07, 3.796576488150193e-07, 3.5558718262523935e-07, 3.3301981833665507e-07, 3.1213280525829464e-07, 2.9250033377144055e-07, 2.740853150607957e-07, 2.567242490710099e-07, 2.404663650802203e-07, 2.2539945096421568e-07, 2.111417579003743e-07, 1.9780785507779209e-07, 1.853884627714314e-07, 1.737631960734256e-07, 1.628231035345281e-07, 1.5240617724090702e-07, 1.425795364171515e-07, 1.3333791471091563e-07, 1.2459196496431534e-07, 1.1624404767533224e-07, 1.0841568190078732e-07, 1.0107534483184402e-07, 9.421102614155066e-08, 8.781128976004689e-08, 8.188594580244109e-08, 7.636614816266834e-08, 7.124105610820452e-08, 6.654212055803151e-08, 6.216078565647827e-08, 5.805095440172061e-08, 5.4201404233493234e-08, 5.062977578449165e-08, 4.7240435149979705e-08, 4.409452989698803e-08, 4.11321323922832e-08, 3.837883339450034e-08, 3.5793781059598366e-08, 3.3373629473935537e-08, 3.1099910731468905e-08, 2.893393325223177e-08]
ndim2: 500
W_list: [4.2]
L_list: [15.538383681366215]
