R_list= [ 1  2  3  4  5  6  7  8  9 10 11 12 13 14 15 16 17 18 19 20 21 22 23 24
 25 26 27 28 29 30 31 32 33 34 35 36 37 38]
C_final_list= [4.85113435321261e-07, 4.079213343779161e-07, 3.430585844660311e-07, 2.8717033060805703e-07, 2.4022954858179086e-07, 2.0070365684315205e-07, 1.6755321663732893e-07, 1.397306105323538e-07, 1.1657610114421213e-07, 9.754472803859145e-08, 8.123664344950138e-08, 6.770443550912514e-08, 5.632008166489668e-08, 4.669727222859806e-08, 3.8806037246522354e-08, 3.226392869240826e-08, 2.6811083810583436e-08, 2.2266161585637386e-08, 1.8436140777609335e-08, 1.5226163369304518e-08, 1.2552725720397015e-08, 1.0365969523655951e-08, 8.53121290828291e-09, 7.011166081943518e-09, 5.776525315379572e-09, 4.764062966819717e-09, 3.932966805941683e-09, 3.2419105875054437e-09, 2.673541919753432e-09, 2.2076699467270147e-09, 1.8174970116135158e-09, 1.4943486121559281e-09, 1.226665340941047e-09, 1.0060878094709878e-09, 8.247146198649311e-10, 6.772449055321082e-10, 5.553368256438306e-10, 4.5691123183023774e-10]
W_list: [7]
L_list: [5.590999738345787]
