R_list= [ 1  2  3  4  5  6  7  8  9 10 11 12 13 14 15 16 17 18 19 20 21 22 23 24
 25 26 27 28 29 30 31 32 33 34 35 36 37 38]
C_final_list= [4.13504376384811e-06, 3.466359175096697e-06, 2.8834792288112336e-06, 2.3884955276783223e-06, 1.975495816657019e-06, 1.6324979862816835e-06, 1.3482769849866585e-06, 1.112853416808795e-06, 9.174254903841108e-07, 7.546201370288906e-07, 6.221467027765825e-07, 5.136377875612542e-07, 4.2419402587128337e-07, 3.503592789971394e-07, 2.89423577926057e-07, 2.3867275431893897e-07, 1.9626749370769863e-07, 1.613150859318169e-07, 1.3248365025889108e-07, 1.0892408713056231e-07, 8.950290964703667e-08, 7.356473013822744e-08, 6.05638318077755e-08, 4.9666882473101014e-08, 4.077793043128429e-08, 3.3466786293734994e-08, 2.7451907226558788e-08, 2.2474396302190843e-08, 1.8470826122164552e-08, 1.518153209833809e-08, 1.2473603063200217e-08, 1.0249104431668514e-08, 8.40531457344121e-09, 6.912950079689782e-09, 5.657361255220923e-09, 4.615898345206327e-09, 3.772953509316286e-09, 3.0671978870476024e-09]
W_list: [7.8]
L_list: [5.300374529622567]
