C_final_list: [1.584259378449993e-06, 1.5302872126940793e-06, 1.47776151408883e-06, 1.4238357248375994e-06, 1.3733324403590717e-06, 1.324813454051957e-06, 1.277513344919785e-06, 1.232584054314393e-06, 1.1896989188223158e-06, 1.1472440135215007e-06, 1.1073839346959823e-06, 1.0689396794602498e-06, 1.0319559628623813e-06, 9.968654811601623e-07, 9.62382324293708e-07, 9.293126354206634e-07, 8.972236232870242e-07, 8.6570662965143e-07, 8.354868860238344e-07, 8.060909305900321e-07, 7.775064697504252e-07, 7.496239535097465e-07, 7.227237972468905e-07, 6.962519750610399e-07, 6.705561475786837e-07, 6.455224142174997e-07, 6.214015834145875e-07, 5.982997873500724e-07, 5.756387201424607e-07, 5.544711550301538e-07, 5.340422814798383e-07, 5.144006735731901e-07, 4.95744983750936e-07, 4.77506901180087e-07, 4.599769164146791e-07]
ndim2: 500
W_list: [1.8]
L_list: [27.767044011188947]
