C_list:
1.1758858452607382e-06 0.08409272666109528
ndim2: 500
W_list: [3.0]
L_list: [11.891634861955792]
