R_list= [ 1  2  3  4  5  6  7  8  9 10 11 12 13 14 15 16 17 18 19 20 21 22 23 24
 25 26 27 28 29 30 31 32]
C_final_list= [5.803298044400275e-07, 4.971986665646517e-07, 4.291668597633037e-07, 3.6978404178344165e-07, 3.182301056069065e-07, 2.736216563046253e-07, 2.35475657097024e-07, 2.0267679160539337e-07, 1.741138136533327e-07, 1.4956183998687414e-07, 1.28341994876781e-07, 1.0979383768744145e-07, 9.374367572540396e-08, 7.991797245426437e-08, 6.804019494220813e-08, 5.7850933159941024e-08, 4.9139169689048205e-08, 4.1653244151662785e-08, 3.533658865332079e-08, 3.000101481240464e-08, 2.550586532580141e-08, 2.170279046986966e-08, 1.8454803930749173e-08, 1.5659532220318424e-08, 1.3261599105819645e-08, 1.1248198641249409e-08, 9.554555163809272e-09, 8.116265698137929e-09, 6.891092352379645e-09, 5.859788828276605e-09, 4.979725438258523e-09, 4.222190357162892e-09]
W_list: [6]
L_list: [6.575499416111071]
