R_list= [ 1  2  3  4  5  6  7  8  9 10 11 12 13 14 15 16 17 18 19 20 21 22 23 24
 25 26 27 28 29 30 31 32 33 34 35 36 37 38]
C_final_list= [2.266095570467756e-06, 2.1515147972256596e-06, 2.0555866465434897e-06, 1.960141021101414e-06, 1.872842924126519e-06, 1.789028945211076e-06, 1.7084933898816633e-06, 1.631550755585692e-06, 1.5586086986523695e-06, 1.4879884003881404e-06, 1.4210727662846246e-06, 1.3567123816750789e-06, 1.294286034781835e-06, 1.2352120536164247e-06, 1.1786634954675637e-06, 1.1248564850858591e-06, 1.0737324977733132e-06, 1.0247434477744791e-06, 9.771935092070748e-07, 9.315909920564662e-07, 8.87615084422945e-07, 8.462160188970149e-07, 8.06556929160171e-07, 7.688766137458246e-07, 7.331497634381614e-07, 6.990147734808475e-07, 6.668038443618978e-07, 6.355974506417854e-07, 6.060168469832106e-07, 5.77898373137029e-07, 5.507385626691594e-07, 5.247768718121198e-07, 4.997528009482811e-07, 4.7578459452315103e-07, 4.5327493378199266e-07, 4.3158909203587783e-07, 4.110719623283726e-07, 3.911837311773629e-07]
W_list: [4]
L_list: [21.307264304890612]
