C_final_list: [1.9819420730211268e-06, 1.9458779483825408e-06, 1.9100590643877567e-06, 1.8750272874079322e-06, 1.841210005113818e-06, 1.8081713230923121e-06, 1.7751839366845086e-06, 1.7430106090797953e-06, 1.7112708556208284e-06, 1.6797704292015176e-06, 1.649039748717275e-06, 1.6189144891112148e-06, 1.5893948164221375e-06, 1.5604736785566272e-06, 1.5321510544977983e-06, 1.5045491552743464e-06, 1.4774107025374016e-06, 1.450889237094026e-06, 1.4252283034210876e-06, 1.4001207985572753e-06, 1.3750408144314477e-06, 1.3503543804943917e-06, 1.3261557992639191e-06, 1.3021392255067128e-06, 1.2784583539997953e-06, 1.2552887429942404e-06, 1.2324816620247768e-06, 1.209791998207471e-06, 1.1876016590545115e-06, 1.1659568395747916e-06, 1.144936616035615e-06, 1.1238968682297164e-06, 1.103443680966366e-06, 1.0831207325160037e-06, 1.0634977944919554e-06]
ndim2: 500
W_list: [2.2]
L_list: [54.717791237851685]
