C_final_list: [1.7946085781540083e-06, 1.7740578437565753e-06, 1.7533144823517972e-06, 1.733481839166751e-06, 1.7140871614535518e-06, 1.6952917569987436e-06, 1.6765872609617758e-06, 1.6582301148671113e-06, 1.6403008545180815e-06, 1.622407261594441e-06, 1.6048726817865211e-06, 1.5875678398051948e-06, 1.570293739898147e-06, 1.5531629714026539e-06, 1.5361455157761116e-06, 1.5192641469135498e-06, 1.5026832758520948e-06, 1.4864136873216003e-06, 1.4703206181979558e-06, 1.4543132467053836e-06, 1.4384246495907678e-06, 1.4228436278338056e-06, 1.40759452469271e-06, 1.3924699181221175e-06, 1.377540980979888e-06, 1.3627913026588427e-06, 1.3483890854709624e-06, 1.3340771985466716e-06, 1.3200743476024146e-06, 1.306178442840244e-06, 1.2922598124281868e-06, 1.2785309947971094e-06, 1.264797032310431e-06, 1.251183878530553e-06, 1.2377427984582442e-06]
ndim2: 500
W_list: [2.2]
L_list: [91.66860938662022]
