R_list= [ 1  2  3  4  5  6  7  8  9 10 11 12 13 14 15 16 17 18 19 20 21 22 23 24
 25 26 27 28 29 30 31 32 33 34 35 36 37 38]
C_final_list= [8.782898019426857e-07, 5.285125294035863e-07, 3.1382401897899375e-07, 1.8689097939597854e-07, 1.1023928087927152e-07, 6.351286164361803e-08, 3.7098025165990086e-08, 2.1826639309967847e-08, 1.2768922198831123e-08, 7.355345423843758e-09, 4.2156006915978406e-09, 2.4178987241943283e-09, 1.3899598644036461e-09, 7.976274875085667e-10, 4.6258946057159093e-10, 2.6763685137679017e-10, 1.568931739370153e-10, 9.385467216779231e-11, 5.471667932912743e-11, 3.362787918984237e-11, 2.0328281459530055e-11, 1.2526725195597187e-11, 8.323928750481576e-12, 5.123525606274455e-12, 3.0597722826405467e-12, 1.7277731453904129e-12, 1.0456964570085905e-12, 5.965656834612468e-13, 3.8849273665136273e-13, 2.2219570162990138e-13, 1.144725513521795e-13, 5.746333438155097e-14, 3.2145468318095036e-14, 1.8598564404150838e-14, 1.074937418211359e-14, 6.253196499131801e-15, 3.417153441062808e-15, 2.1655176422064914e-15]
W_list: [8.600000000000001]
L_list: [1.9340796899406736]
