R_list= [ 1  2  3  4  5  6  7  8  9 10 11 12 13 14 15 16 17 18 19 20 21 22 23 24
 25 26 27 28 29 30 31 32 33 34 35 36 37 38]
C_final_list= [5.954129284188166e-07, 5.654289141251368e-07, 5.356226760388372e-07, 5.066113026865365e-07, 4.786953255218147e-07, 4.5212877871408173e-07, 4.268190543698507e-07, 4.0276718704994176e-07, 3.800194350067262e-07, 3.5867732898717865e-07, 3.383949881290771e-07, 3.19227302242051e-07, 3.010306006232732e-07, 2.836950087593179e-07, 2.67308394566028e-07, 2.5188106667100124e-07, 2.3725635087877047e-07, 2.2344535875258602e-07, 2.104387640096914e-07, 1.9816372970278818e-07, 1.866787236622637e-07, 1.759110574336302e-07, 1.6564661486405463e-07, 1.5600706621070715e-07, 1.46925718674343e-07, 1.382877738799038e-07, 1.3014909098836764e-07, 1.2244557191783714e-07, 1.1514083001525718e-07, 1.0828464659600272e-07, 1.018124651675221e-07, 9.57303751742436e-08, 8.999004687056266e-08, 8.460646775870088e-08, 7.952886531568988e-08, 7.473131047608823e-08, 7.020353560884923e-08, 6.590054915227788e-08]
W_list: [6.2]
L_list: [17.056488896217704]
