R_list= [ 1  2  3  4  5  6  7  8  9 10 11 12 13 14 15 16 17 18 19 20 21 22 23 24
 25 26 27 28 29 30 31 32 33 34 35 36 37 38]
C_final_list= [4.1231781537754767e-07, 3.1055136967065096e-07, 2.3061319841531887e-07, 1.6976707591242015e-07, 1.2498719074257145e-07, 9.16600270943185e-08, 6.700476028668277e-08, 4.911222383580005e-08, 3.589397527627808e-08, 2.6330293076522653e-08, 1.9292295956540533e-08, 1.4197706956076923e-08, 1.0426507247175063e-08, 7.61186930730014e-09, 5.556397414031922e-09, 4.068017216885518e-09, 2.974027358315121e-09, 2.1649921152133568e-09, 1.5644058845815632e-09, 1.132761510120966e-09, 8.228017821746479e-10, 5.866951334434895e-10, 4.193013008788295e-10, 3.0169201341262686e-10, 2.182751181214406e-10, 1.5880774461129674e-10, 1.1490874848805908e-10, 8.408118626987602e-11, 6.094595682087497e-11, 4.4753287493523875e-11, 3.265318024315913e-11, 2.3947864237109442e-11, 1.762722556684855e-11, 1.2798254661030072e-11, 9.308159807854374e-12, 6.811797559642615e-12, 5.04155535853336e-12, 3.735095343431111e-12]
W_list: [9.0]
L_list: [3.323497348738899]
