C_final_list: [1.9470216835259902e-06, 1.8368540845834901e-06, 1.7298190499711048e-06, 1.6295327895787703e-06, 1.5347153744789387e-06, 1.4454039237135487e-06, 1.3616767673220003e-06, 1.2818600513036638e-06, 1.2060307496975488e-06, 1.1362468497372903e-06, 1.0699407229638945e-06, 1.008322815767572e-06, 9.502089947405986e-07, 8.951510729638399e-07, 8.432251410274434e-07, 7.945370107490553e-07, 7.481422071306942e-07, 7.042936672660292e-07, 6.629351789220948e-07, 6.245626164775275e-07, 5.881911813433288e-07, 5.541027551866841e-07, 5.221709684946036e-07, 4.91421999718921e-07, 4.624058139714843e-07, 4.350118470371254e-07, 4.093984421212877e-07, 3.8503299023708753e-07, 3.620427467036887e-07, 3.4045597534940604e-07, 3.19872449233955e-07, 3.0037777226387476e-07, 2.820908827644771e-07, 2.645847608987198e-07, 2.4839864635637523e-07, 2.3308222088458673e-07, 2.1864650476605476e-07, 2.0539144636754646e-07, 1.928304107025014e-07, 1.808225339136574e-07, 1.6951906608632796e-07, 1.5910460862492148e-07, 1.4923215762686432e-07, 1.3987034005829705e-07, 1.310306099515678e-07, 1.2271558845893985e-07, 1.1483857293665067e-07, 1.0749358643051137e-07, 1.0064173212564927e-07, 9.42436399481847e-08]
ndim2: 500
W_list: [2.9499999999999997]
L_list: [16.580835672288796]
