R_list= [ 1  2  3  4  5  6  7  8  9 10 11 12 13 14 15 16 17 18 19 20 21 22 23 24
 25 26 27 28 29 30 31 32 33 34 35 36 37 38]
C_final_list= [2.93116302836139e-06, 2.321760488095039e-06, 1.825665343195595e-06, 1.4289190071248211e-06, 1.1171428705779055e-06, 8.720390213094806e-07, 6.802173394802964e-07, 5.302656828688484e-07, 4.1212797357434427e-07, 3.2045209146270456e-07, 2.496054816845603e-07, 1.9415956603878225e-07, 1.509011424230107e-07, 1.1689942130231054e-07, 9.036058697156723e-08, 6.97887463195967e-08, 5.375016119793254e-08, 4.138289560012811e-08, 3.183354088143716e-08, 2.4431720401444966e-08, 1.879281105294015e-08, 1.447537302472698e-08, 1.1157780004916779e-08, 8.64396108518829e-09, 6.710935530755444e-09, 5.2352449150325656e-09, 4.05311893480194e-09, 3.126160999886574e-09, 2.408223492113106e-09, 1.8571727155826843e-09, 1.42547665989281e-09, 1.0966021920854408e-09, 8.44475219811253e-10, 6.49276147009393e-10, 5.023509571351231e-10, 3.8840677822514015e-10, 3.011991212444505e-10, 2.3116358016318028e-10]
W_list: [8.6]
L_list: [4.095528780499242]
