C_final_list: [2.2933080776672452e-06, 2.216524057256065e-06, 2.1399390523838057e-06, 2.0647588128443426e-06, 1.993416881713778e-06, 1.922605397560731e-06, 1.8546557598091368e-06, 1.7883982158172547e-06, 1.7252345279901762e-06, 1.6648366967547945e-06, 1.6060552997730481e-06, 1.5495997251995228e-06, 1.495797478903749e-06, 1.4432423593717486e-06, 1.3933129879324374e-06, 1.3443197222953963e-06, 1.2974008742932433e-06, 1.2517938998467613e-06, 1.2076233268654267e-06, 1.164814715636812e-06, 1.123811712792552e-06, 1.0837771903412778e-06, 1.0452205242175942e-06, 1.0081375735770636e-06, 9.727125665451712e-07, 9.384635067576266e-07, 9.057499028758394e-07, 8.73467721851249e-07, 8.428600533417007e-07, 8.128357434408629e-07, 7.838832616050213e-07, 7.560959879126903e-07, 7.29156824342969e-07, 7.02983136152572e-07, 6.778003615382409e-07, 6.532852980461214e-07, 6.294486487670021e-07, 6.068538941394862e-07, 5.852477436693578e-07, 5.641697106867761e-07, 5.442119221656842e-07, 5.243552830375563e-07, 5.055125612586276e-07, 4.871783743564619e-07, 4.6954125902876627e-07, 4.5246734733443014e-07, 4.357719001156702e-07, 4.196872553621018e-07, 4.042623894450476e-07, 3.891906591900992e-07]
ndim2: 500
W_list: [2.0]
L_list: [27.817259141000154]
