C_final_list: [2.164518329164399e-06, 2.0737767956157423e-06, 1.981031707639732e-06, 1.8933390920528297e-06, 1.810366484684575e-06, 1.7315245285156899e-06, 1.6563702824817283e-06, 1.5842784491095799e-06, 1.517003140163537e-06, 1.4520320870495602e-06, 1.3897023036004252e-06, 1.329137952714926e-06, 1.2718065314717676e-06, 1.2167061215134915e-06, 1.163555252308354e-06, 1.113020062562409e-06, 1.0645350556903161e-06, 1.018815576875216e-06, 9.746134505248945e-07, 9.32153293021073e-07, 8.912552468199663e-07, 8.521846126830653e-07, 8.14833853458336e-07, 7.797775853911589e-07, 7.461658763276789e-07, 7.137577623993708e-07, 6.82638513531447e-07, 6.528099735872366e-07, 6.240969559662291e-07, 5.964615210387381e-07, 5.702593210530416e-07, 5.450981453456962e-07, 5.213292924538883e-07, 4.985481067284349e-07, 4.7635844651921165e-07]
ndim2: 500
W_list: [2.0]
L_list: [22.52090002638964]
