C_final_list: [6.247358513152247e-07, 5.866231739324448e-07, 5.484109641030524e-07, 5.119981121630359e-07, 4.774462806299821e-07, 4.44546368176532e-07, 4.1345386895206063e-07, 3.8426852044115653e-07, 3.568719778424077e-07, 3.3131126514737924e-07, 3.0732137559953684e-07, 2.850524432027653e-07, 2.6437333677696697e-07, 2.450916756583207e-07, 2.2706373102576796e-07, 2.1003370850422427e-07, 1.9415530868107075e-07, 1.7950800421967305e-07, 1.6605124659592347e-07, 1.5363928075759566e-07, 1.421041176775492e-07, 1.3140258430815038e-07, 1.2155066180370987e-07, 1.1241090117919404e-07, 1.0400275138364183e-07, 9.629352943447713e-08, 8.898076437107517e-08, 8.223202661261035e-08, 7.600925642415265e-08, 7.024108815707018e-08, 6.495104310026864e-08, 6.002472028709782e-08, 5.54043924047872e-08, 5.1158271338992125e-08, 4.7239022591370846e-08]
ndim2: 500
W_list: [4.0]
L_list: [13.454764872475566]
