R_list= [ 1  2  3  4  5  6  7  8  9 10 11 12 13 14 15 16 17 18 19 20 21 22 23 24
 25 26 27 28 29 30 31 32 33 34 35 36 37 38]
C_final_list= [5.481509039610762e-06, 4.797065504829278e-06, 4.175687712756402e-06, 3.633289753296914e-06, 3.1563412942747367e-06, 2.7425921636007067e-06, 2.382639397858955e-06, 2.069893357243996e-06, 1.7971927057922645e-06, 1.5601794845205875e-06, 1.3544719763956943e-06, 1.1749056714610302e-06, 1.0186657129414793e-06, 8.822267532325787e-07, 7.642350936352056e-07, 6.62005939474629e-07, 5.74015085390929e-07, 4.97772068192408e-07, 4.315815242866334e-07, 3.7381584488843423e-07, 3.237061526191407e-07, 2.801938806800428e-07, 2.426250332040149e-07, 2.1005950242966938e-07, 1.8151580743899413e-07, 1.5699825183529487e-07, 1.3567010793939182e-07, 1.1704287658077507e-07, 1.0103682161076975e-07, 8.728499275006283e-08, 7.523014749082086e-08, 6.482506612102061e-08, 5.573809144548983e-08, 4.7930886371619444e-08, 4.135130311017439e-08, 3.568850185337977e-08, 3.089006625936783e-08, 2.6712036546648822e-08]
W_list: [7.0]
L_list: [7.115951047319205]
