C_final_list: [1.2082725125340163e-06, 1.0361930788412e-06, 8.82003703391512e-07, 7.525095621470748e-07, 6.394697825630118e-07, 5.447544531697214e-07, 4.6321841383687634e-07, 3.944383874859034e-07, 3.367649114149362e-07, 2.867829729783063e-07, 2.437592307330296e-07, 2.0767307182731005e-07, 1.7680863837487718e-07, 1.5061457086610766e-07, 1.2824471163887762e-07, 1.0905761470363506e-07, 9.282532775186152e-08, 7.887928856040954e-08, 6.687813304731557e-08, 5.675931461157759e-08, 4.793100095292749e-08, 4.0460599035082095e-08, 3.411823505243448e-08, 2.881528581747209e-08, 2.448429198911401e-08, 2.079819249747261e-08, 1.758722961978555e-08, 1.481970206990121e-08, 1.249964904153101e-08, 1.049231010893465e-08, 8.812623177717483e-09, 7.407284640088622e-09, 6.243886751541225e-09, 5.2542117571983754e-09, 4.439489269048117e-09]
ndim2: 500
W_list: [4.0]
L_list: [6.235022261200095]
