R_list= [ 1  2  3  4  5  6  7  8  9 10 11 12 13 14 15 16 17 18 19 20 21 22 23 24
 25 26 27 28 29 30 31 32 33 34 35 36 37 38]
C_final_list= [3.9678320425345196e-07, 3.6014466916406556e-07, 3.2413117291450653e-07, 2.904741437897421e-07, 2.597285498635688e-07, 2.3171663544524542e-07, 2.0622177966329474e-07, 1.831298245077419e-07, 1.6253077450385865e-07, 1.4415051020989016e-07, 1.2782333007867657e-07, 1.1318906794629012e-07, 1.0019847752501939e-07, 8.871750603292173e-08, 7.850470406667007e-08, 6.944935129216697e-08, 6.13955809940164e-08, 5.4196828483049546e-08, 4.7801987238295514e-08, 4.209849903591218e-08, 3.70336280008101e-08, 3.256560660608643e-08, 2.8634859061816907e-08, 2.5175453974751633e-08, 2.2109869744747292e-08, 1.940663136624458e-08, 1.7044103531087484e-08, 1.497150305143907e-08, 1.313278040127533e-08, 1.1527254696021736e-08, 1.0126121080400923e-08, 8.891542029164149e-09, 7.807468952122664e-09, 6.846082948211162e-09, 6.014311322596475e-09, 5.290344642564317e-09, 4.653004613052157e-09, 4.0941117152793454e-09]
W_list: [8.4]
L_list: [8.578758418821975]
