C_list:
1.9426278478538708e-06 0.21930925284284775
ndim2: 500
W_list: [3.2]
L_list: [4.5597711315745455]
