C_final_list: [1.1807210897505626e-06, 9.98261055223982e-07, 8.419690848987777e-07, 7.078343622190474e-07, 5.943495715353899e-07, 4.977992732192405e-07, 4.161663230580001e-07, 3.481592986133171e-07, 2.9070625537760025e-07, 2.425851326111706e-07, 2.0301397672551814e-07, 1.7024439400959278e-07, 1.4224989166455491e-07, 1.1881819236679487e-07, 9.930531446737666e-08, 8.268904052379494e-08, 6.87458717700069e-08, 5.684429777247369e-08, 4.729521062740381e-08, 3.917394113000819e-08, 3.23968735905609e-08, 2.665843563684081e-08, 2.1947479211786065e-08, 1.8144814401450367e-08, 1.4955472159210687e-08, 1.2380530353101808e-08, 1.0248460065451741e-08, 8.469925588498168e-09, 7.02451881373677e-09, 5.831916218564794e-09, 4.8249332041768224e-09, 3.999958675014782e-09, 3.310225749258516e-09, 2.7440373513985796e-09, 2.268729108665302e-09]
ndim2: 500
W_list: [4.2]
L_list: [5.687140666144445]
