R_list= [ 1  2  3  4  5  6  7  8  9 10 11 12 13 14 15 16 17 18 19 20 21 22 23 24
 25 26 27 28 29 30 31 32 33 34 35 36 37 38]
C_final_list= [2.3111617572586064e-05, 1.9035418346485732e-05, 1.5566802093281286e-05, 1.2684824443802731e-05, 1.0329011557161333e-05, 8.399249573799897e-06, 6.825343567914586e-06, 5.5429308295315985e-06, 4.4968468223166325e-06, 3.642971652264913e-06, 2.9519457792501727e-06, 2.3904571787073226e-06, 1.937383443002125e-06, 1.571450187988893e-06, 1.273578100685882e-06, 1.0323178087485866e-06, 8.377137513874179e-07, 6.802428321687713e-07, 5.529153650546685e-07, 4.483471994141068e-07, 3.6336567954736857e-07, 2.941803804428622e-07, 2.3771294997533105e-07, 1.9236277185535174e-07, 1.55674175032224e-07, 1.2617425110173055e-07, 1.0248125813490674e-07, 8.321809669310914e-08, 6.770410607729081e-08, 5.5066893163983635e-08, 4.472680259320389e-08, 3.644411542678228e-08, 2.965231991673954e-08, 2.4148534287548737e-08, 1.9656818926183918e-08, 1.595707697297909e-08, 1.2954731335576093e-08, 1.0527436253634483e-08]
W_list: [8.05]
L_list: [4.883654328455486]
