C_final_list: [2.122141655159609e-06, 1.8958508808876457e-06, 1.6873062441549273e-06, 1.5001467537096376e-06, 1.3313515848492016e-06, 1.1830446091566239e-06, 1.050188041895646e-06, 9.332681483286043e-07, 8.292735464147109e-07, 7.370826577242766e-07, 6.549660016464283e-07, 5.83278248558842e-07, 5.18248144157362e-07, 4.6060134548666065e-07, 4.101551725084895e-07, 3.653205746735712e-07, 3.250758179825305e-07, 2.884464647633224e-07, 2.551621023882094e-07, 2.2614183121171145e-07, 2.002992442141738e-07, 1.7711327472537058e-07, 1.5634835030010855e-07, 1.3781059688396655e-07, 1.2157254060112075e-07, 1.0719845631950004e-07, 9.454134072159989e-08, 8.33909311445676e-08, 7.361644685966589e-08, 6.509318953222469e-08, 5.7505305287248194e-08, 5.079929573627184e-08, 4.495213462662745e-08, 3.9626830862015445e-08, 3.5007474806281493e-08, 3.0905417009504214e-08, 2.7249856392585275e-08, 2.4072703306869645e-08, 2.1266188948485813e-08, 1.873479934238855e-08, 1.6471837894688412e-08, 1.4429825628126275e-08, 1.2680929931299803e-08, 1.1124215635291901e-08, 9.754464342422945e-09, 8.562208184470089e-09, 7.495105070003154e-09, 6.5657725807572405e-09, 5.748921951508183e-09, 5.034860127781139e-09]
ndim2: 500
W_list: [2.8]
L_list: [8.468218050164966]
