R_list= [ 1  2  3  4  5  6  7  8  9 10 11 12 13 14 15 16 17 18 19 20 21 22 23 24
 25 26 27 28 29 30 31 32 33 34 35 36 37 38]
C_final_list= [5.986837024654393e-07, 5.50486882395914e-07, 5.045050118399516e-07, 4.607701450400648e-07, 4.2010065571896104e-07, 3.826892941330598e-07, 3.4854608991304496e-07, 3.1747427706331587e-07, 2.889587294863588e-07, 2.6261691092927034e-07, 2.385434609141706e-07, 2.1664653947502859e-07, 1.9651089286680858e-07, 1.7834583253798234e-07, 1.6193593737052782e-07, 1.47102584727526e-07, 1.334987579144274e-07, 1.2114037952921706e-07, 1.0991735708945588e-07, 9.970859958712235e-08, 9.04927915628094e-08, 8.228092138484854e-08, 7.475227177605696e-08, 6.786454983466584e-08, 6.156828876665431e-08, 5.5883658807600105e-08, 5.066619580850889e-08, 4.5888831967160156e-08, 4.1555554857624414e-08, 3.7594694037763305e-08, 3.398068773230122e-08, 3.069228611070277e-08, 2.770108883657918e-08, 2.4994935567456176e-08, 2.2554611265644452e-08, 2.03313694774971e-08, 1.832680625828729e-08, 1.650338794321549e-08]
W_list: [6.4]
L_list: [10.604616134579707]
