C_final_list: [1.745973395770768e-06, 1.4676575569964571e-06, 1.223369731776415e-06, 1.0159001326332776e-06, 8.450700465079499e-07, 6.978996263398257e-07, 5.768598928414435e-07, 4.7608048628456355e-07, 3.9228281442906005e-07, 3.233657597823012e-07, 2.667386594479895e-07, 2.1870648361131128e-07, 1.805566134841248e-07, 1.4830736719599116e-07, 1.2141494578773894e-07, 1.0023706434487068e-07, 8.240296099288202e-08, 6.75464585497843e-08, 5.519785116820776e-08, 4.5263140334968475e-08, 3.708212279976917e-08, 3.038018339267497e-08, 2.5066350847602087e-08, 2.0590412710102812e-08, 1.6913085707953348e-08, 1.3868210045936216e-08, 1.1328442897167773e-08, 9.18034520454813e-09, 7.47072376501172e-09, 6.058482510727954e-09, 4.92607773765415e-09, 3.994574172578655e-09, 3.2248093104269433e-09, 2.605682581726026e-09, 2.119933699979223e-09]
ndim2: 500
W_list: [3.2]
L_list: [5.337209834012742]
