R_list= [ 1  2  3  4  5  6  7  8  9 10 11 12 13 14 15 16 17 18 19 20 21 22 23 24
 25 26 27 28 29 30 31 32 33 34 35 36 37 38]
C_final_list= [2.280170498335466e-06, 2.1400222046460116e-06, 2.036484695200834e-06, 1.9312246746712577e-06, 1.8327980387661707e-06, 1.7402965026045612e-06, 1.653177491672474e-06, 1.5700661816255347e-06, 1.4904951599181372e-06, 1.414929389679246e-06, 1.3428453281817281e-06, 1.274667249509106e-06, 1.2104034237860348e-06, 1.1484638054933819e-06, 1.0895395535737724e-06, 1.0335764082063954e-06, 9.809071090486066e-07, 9.308672104287559e-07, 8.831792173480009e-07, 8.38031935967741e-07, 7.945333190977381e-07, 7.530038934015967e-07, 7.136526895534729e-07, 6.757941655048855e-07, 6.397171739768722e-07, 6.056486123013077e-07, 5.734581502199412e-07, 5.4303715552467e-07, 5.139865285279681e-07, 4.86817314059429e-07, 4.6088154542279006e-07, 4.358700175560505e-07, 4.124132049112157e-07, 3.901103353391341e-07, 3.688099573158361e-07, 3.4881707353073485e-07, 3.298346677484465e-07, 3.1177092583385074e-07]
W_list: [4]
L_list: [18.9363284146443]
