R_list= [ 1  2  3  4  5  6  7  8  9 10 11 12 13 14 15 16 17 18 19 20 21 22 23 24
 25 26 27 28 29 30 31 32 33 34 35 36 37 38]
C_final_list= [3.396000331236213e-07, 1.6939500969361344e-07, 6.852782193450248e-08, 2.4711705274429846e-08, 8.385352782460914e-09, 2.748087371052547e-09, 8.806903401931514e-10, 2.7828547792373314e-10, 8.714087865599411e-11, 2.7115977210622353e-11, 8.432386313481777e-12, 2.6629801775711646e-12, 8.535581020177196e-13, 2.729954829143392e-13, 8.805350195092053e-14, 2.8221634365488018e-14, 9.007293611658177e-15, 2.885162369088032e-15, 9.30630936778567e-16, 2.9832311443106983e-16, 9.446768004213961e-17, 3.0436557720812193e-17, 1.0375334902542799e-17, 3.6956686244819915e-18, 1.3878762801983398e-18, 5.25662642800209e-19, 1.9189803258283393e-19, 7.11387230475293e-20, 2.942030648140511e-20, 1.4134212951424196e-20, 7.837817897549878e-21, 5.011617746838913e-21, 3.661145257156947e-21, 2.923887461467501e-21, 2.5092876495557685e-21, 2.324411479560209e-21, 2.253874774344354e-21, 2.198366740017592e-21]
W_list: [5]
L_list: [1.2802426762602523]
