C_final_list: [1.3674644562980718e-06, 1.2928184498772738e-06, 1.2189253566141063e-06, 1.1489610917276586e-06, 1.0835012399271644e-06, 1.0217552491324773e-06, 9.636394969312842e-07, 9.094181765421885e-07, 8.580267686834427e-07, 8.102634348365301e-07, 7.652411520998232e-07, 7.23049848280925e-07, 6.834107869197186e-07, 6.459935977427622e-07, 6.103619821100527e-07, 5.768248502747017e-07, 5.451166997272568e-07, 5.149867361874662e-07, 4.864493445780279e-07, 4.596936557090603e-07, 4.342140523305239e-07, 4.0983822379184757e-07, 3.86873742712325e-07, 3.65149329976625e-07, 3.44702664987665e-07, 3.251755125932274e-07, 3.065340974297586e-07, 2.8862368405333435e-07, 2.715240668543119e-07, 2.555863407851844e-07, 2.40525406573618e-07, 2.2626599659798084e-07, 2.128229039307288e-07, 2.002740292612114e-07, 1.8838633684962966e-07]
ndim2: 500
W_list: [3.2]
L_list: [17.351497959311388]
