C_final_list: [1.851111426603945e-06, 1.7319268007611835e-06, 1.6178055792765692e-06, 1.5124928147957492e-06, 1.4135393786140396e-06, 1.3196989664879173e-06, 1.2320985821172372e-06, 1.1490867472964222e-06, 1.0725246489516804e-06, 1.0013494186376699e-06, 9.351789426472001e-07, 8.736582197161686e-07, 8.157924798531557e-07, 7.612028275968497e-07, 7.099026744928655e-07, 6.620785771253446e-07, 6.176240256701052e-07, 5.752993524670466e-07, 5.361030572367287e-07, 4.995569388925095e-07, 4.657086804437424e-07, 4.3402293210652436e-07, 4.047107090838926e-07, 3.7695089090965255e-07, 3.511690073743365e-07, 3.270372649540196e-07, 3.04454070019033e-07, 2.8337539616479763e-07, 2.6362360102512185e-07, 2.451966280326429e-07, 2.2808818900959307e-07, 2.1223522224014507e-07, 1.9766437470924705e-07, 1.8385710098398462e-07, 1.7084395748811935e-07]
ndim2: 500
W_list: [3.0]
L_list: [14.451191204273066]
