R_list= [ 1  2  3  4  5  6  7  8  9 10 11 12 13 14 15 16 17 18 19 20 21 22 23 24
 25 26 27 28 29 30 31 32 33 34 35 36 37 38]
C_final_list= [3.8288494081213554e-05, 2.5471143708457095e-05, 1.6978595010691172e-05, 1.1291949534995363e-05, 7.491449638979778e-06, 4.966087301229317e-06, 3.283435194755218e-06, 2.17175343770451e-06, 1.437941133970695e-06, 9.479671087192544e-07, 6.262880744713736e-07, 4.1283192456641317e-07, 2.7239717143118544e-07, 1.8015657791930806e-07, 1.192451694177796e-07, 7.941133068758719e-08, 5.245423541891692e-08, 3.442479679203292e-08, 2.2599843347737224e-08, 1.4816146092026932e-08, 9.785521543912771e-09, 6.441492947010649e-09, 4.238082011880047e-09, 2.800833764919546e-09, 1.8528155774452055e-09, 1.2314125785448705e-09, 8.209276031610698e-10, 5.451020198131971e-10, 3.6140029214399767e-10, 2.3798180277273986e-10, 1.6026999596201362e-10, 1.0778707338733424e-10, 7.337144877904084e-11, 5.1221612092024145e-11, 3.4764092190909345e-11, 2.3780082682134905e-11, 1.544859780241277e-11, 1.0135383991267523e-11]
W_list: [7.95]
L_list: [2.4510545665496055]
