R_list= [ 1  2  3  4  5  6  7  8  9 10 11 12 13 14 15 16 17 18 19 20 21 22 23 24
 25 26 27 28 29 30 31 32 33 34 35 36 37 38]
C_final_list= [8.469538985458547e-07, 7.654437649746137e-07, 6.922959861517322e-07, 6.240893186431871e-07, 5.620600045360756e-07, 5.055970285521706e-07, 4.553256238159488e-07, 4.101248852992632e-07, 3.691187981906626e-07, 3.318721389753119e-07, 2.9820934874949614e-07, 2.6797939672214617e-07, 2.4056963073442693e-07, 2.1595947811375083e-07, 1.9374990599058687e-07, 1.7384530556647052e-07, 1.5599189939514674e-07, 1.3984893674698489e-07, 1.2536446413851416e-07, 1.1241577679393589e-07, 1.007392656986457e-07, 9.035068629363474e-08, 8.106751715186658e-08, 7.273917323859734e-08, 6.527366199658113e-08, 5.848848414674466e-08, 5.241690511843242e-08, 4.697618415964024e-08, 4.212824139546506e-08, 3.7753699611705385e-08, 3.378336515288754e-08, 3.023080490000185e-08, 2.7026860197109963e-08, 2.416018807976616e-08, 2.160493839780531e-08, 1.9324903841113565e-08, 1.7281953034135316e-08, 1.5469072868189346e-08]
W_list: [6]
L_list: [9.448551669812892]
