C_final_list: [1.994497663763523e-06, 1.7421360645447474e-06, 1.5133776771898593e-06, 1.3132687762586369e-06, 1.1413256325478054e-06, 9.915098886021517e-07, 8.618571996297388e-07, 7.476482359504634e-07, 6.471730051172253e-07, 5.606060085273591e-07, 4.86890711090815e-07, 4.230665629201687e-07, 3.668275737772315e-07, 3.1801431696901936e-07, 2.761656950458375e-07, 2.398066585854395e-07, 2.0830854387891791e-07, 1.8061175844612405e-07, 1.5652894906513494e-07, 1.3538084322062532e-07, 1.1711719418309758e-07, 1.0111051314605953e-07, 8.70002917978295e-08, 7.47536343635656e-08, 6.447291981826793e-08, 5.542214771997617e-08, 4.7754720345251605e-08, 4.1229839739565315e-08, 3.5578560687828614e-08, 3.070699381825518e-08, 2.655059104860208e-08, 2.2900641867184317e-08, 1.9794272814183576e-08, 1.71574562456828e-08, 1.4894280857518172e-08, 1.2918253115386342e-08, 1.1144575132428178e-08, 9.66950689077516e-09, 8.362854702386646e-09, 7.182656787141467e-09, 6.13806583982533e-09, 5.260545871884896e-09, 4.511806228597e-09, 3.8779226662325735e-09, 3.3210911431431323e-09, 2.857496880121919e-09, 2.4743088927518398e-09, 2.1247279935265298e-09, 1.8234206894155258e-09, 1.5728443897088627e-09]
ndim2: 500
W_list: [3.15]
L_list: [7.075745695192812]
