R_list= [ 1  2  3  4  5  6  7  8  9 10 11 12 13 14 15 16 17 18 19 20 21 22 23 24
 25 26 27 28 29 30 31 32 33 34 35 36 37 38]
C_final_list= [5.436363230004967e-07, 4.945275055166751e-07, 4.4703952101382683e-07, 4.032056636947395e-07, 3.630380027945995e-07, 3.2683641787524206e-07, 2.943270070588317e-07, 2.648916286582046e-07, 2.38764236517317e-07, 2.1539071353556855e-07, 1.939654233459205e-07, 1.7461012132205759e-07, 1.572149105762568e-07, 1.4157908453794656e-07, 1.2747664239159677e-07, 1.1470966542949465e-07, 1.0322958748539271e-07, 9.285333648082997e-08, 8.343343558965197e-08, 7.492311445724856e-08, 6.722872285226798e-08, 6.028127593788868e-08, 5.4040575957743655e-08, 4.842999693289229e-08, 4.335904325513267e-08, 3.8831908151436194e-08, 3.476233941010131e-08, 3.1130885740370776e-08, 2.785377993131932e-08, 2.4934000472362247e-08, 2.2285880154030543e-08, 1.992398821045456e-08, 1.7805429115853356e-08, 1.59173396828476e-08, 1.4213192337561365e-08, 1.2686843698275007e-08, 1.1335240958269088e-08, 1.0126845445022095e-08]
W_list: [6.6000000000000005]
L_list: [9.567656276380157]
