R_list= [ 1  2  3  4  5  6  7  8  9 10 11 12 13 14 15 16 17 18 19 20 21 22 23 24
 25 26 27 28 29 30 31 32 33 34 35 36 37 38]
C_final_list= [5.879755136664275e-06, 4.967663458531545e-06, 4.156982091863881e-06, 3.4642268386147074e-06, 2.8803172920850186e-06, 2.392159105236061e-06, 1.9838392518469014e-06, 1.646533632163361e-06, 1.3666913639086473e-06, 1.1343644093778992e-06, 9.407671307420349e-07, 7.800907265329804e-07, 6.466681877743346e-07, 5.36145672652476e-07, 4.444715816944797e-07, 3.681120433323671e-07, 3.047850101951802e-07, 2.522318834469843e-07, 2.0869165114356237e-07, 1.7268928301981825e-07, 1.428640982800969e-07, 1.1819607625238791e-07, 9.793812273523163e-08, 8.120941578503974e-08, 6.719993208038188e-08, 5.5619586040667684e-08, 4.61150390200478e-08, 3.8290043741467156e-08, 3.180280528761939e-08, 2.637029899041268e-08, 2.189133638523675e-08, 1.816598841928902e-08, 1.5038191662428433e-08, 1.244441218485421e-08, 1.030606737634298e-08, 8.533594460175135e-09, 7.05682309738713e-09, 5.830319802679769e-09]
W_list: [8.4]
L_list: [5.464134283362269]
