C_final_list: [1.7363749337986776e-06, 1.711883193276525e-06, 1.6878095522019952e-06, 1.6643424310016477e-06, 1.6414235157012693e-06, 1.6189394642693214e-06, 1.5968269507088396e-06, 1.575398642035852e-06, 1.5542610108622096e-06, 1.5337736804838878e-06, 1.5135311374421607e-06, 1.4935875508079078e-06, 1.4739365892972688e-06, 1.4543747458459923e-06, 1.4350964412753483e-06, 1.4161602625176135e-06, 1.397257319736766e-06, 1.3786705407799413e-06, 1.360569437181848e-06, 1.3426379645926113e-06, 1.3247772811496577e-06, 1.307340558873878e-06, 1.2898858982308068e-06, 1.2727146781996169e-06, 1.255843574375944e-06, 1.239000978288293e-06, 1.222387664326496e-06, 1.2059994112682988e-06, 1.189656114907721e-06, 1.173662478813752e-06, 1.1577711337589876e-06, 1.1421653731960247e-06, 1.1268608372091901e-06, 1.1116059979251363e-06, 1.0965443326459758e-06, 1.0815018683642982e-06, 1.0667788130525285e-06, 1.052159444275691e-06, 1.0376322750980645e-06, 1.0233150725104484e-06, 1.0090624831578958e-06, 9.950780176087556e-07, 9.813367438287671e-07, 9.676140182779684e-07, 9.539981163162785e-07, 9.406481162286173e-07, 9.275624218123894e-07, 9.145438727648336e-07, 9.017869923366358e-07, 8.890818805713742e-07]
ndim2: 500
W_list: [2.9]
L_list: [73.8899342175513]
