R_list= [ 1  2  3  4  5  6  7  8  9 10 11 12 13 14 15 16 17 18 19 20 21 22 23 24
 25 26 27 28 29 30 31 32 33 34 35 36 37 38]
C_final_list= [2.5207238697536885e-07, 2.1321825786252778e-07, 1.8010719808970528e-07, 1.5139968905288617e-07, 1.2684689141169745e-07, 1.0596968436393592e-07, 8.833733328467385e-08, 7.351315973779995e-08, 6.10388562508668e-08, 5.064574935943286e-08, 4.198043921672903e-08, 3.4734208009913176e-08, 2.8638215591069848e-08, 2.356953650998447e-08, 1.9384491136740967e-08, 1.5974926714740223e-08, 1.3189565266139955e-08, 1.0862205307822843e-08, 8.922591999077658e-09, 7.321109641828549e-09, 6.009830692644086e-09, 4.9295257125753914e-09, 4.0481026942773715e-09, 3.328184454363297e-09, 2.7393891402792598e-09, 2.2563991228629424e-09, 1.850245883986216e-09, 1.517211240053327e-09, 1.2446471115224896e-09, 1.0188388351433713e-09, 8.330104263370334e-10, 6.806385960337889e-10, 5.557651496212693e-10, 4.5448371584121065e-10, 3.7196133256856574e-10, 3.0515856617007983e-10, 2.502937698588986e-10, 2.0532498227972106e-10]
W_list: [7]
L_list: [5.588225414978009]
