C_final_list: [1.8673953809071597e-06, 1.7497778453594742e-06, 1.6360828185825194e-06, 1.5299081027519274e-06, 1.4303653026173267e-06, 1.3361149464499302e-06, 1.2474185585812945e-06, 1.167044286909495e-06, 1.0914808166406001e-06, 1.0205366670127783e-06, 9.545458076929072e-07, 8.917210803597081e-07, 8.335545212587084e-07, 7.801599953723997e-07, 7.296831584927207e-07, 6.823271079064869e-07, 6.379770969658647e-07, 5.962270643407228e-07, 5.568544486375975e-07, 5.198226642467528e-07, 4.851196431939316e-07, 4.5286687640741295e-07, 4.227519291955537e-07, 3.9430408102869616e-07, 3.677484545360112e-07, 3.4300793091784893e-07, 3.201446594580077e-07, 2.9833119175117977e-07, 2.7804484157349616e-07, 2.588815957298937e-07, 2.413687229307086e-07, 2.2485220390682368e-07, 2.0952967527068376e-07, 1.9521552551908605e-07, 1.8202472770449618e-07, 1.6950746360623318e-07, 1.5769071695444928e-07, 1.4692480097827204e-07, 1.368962826718364e-07, 1.2765799115340625e-07, 1.1903772225447498e-07, 1.1088349061259779e-07, 1.0328241869685668e-07, 9.612306818477059e-08, 8.942248933362709e-08, 8.317623181268794e-08, 7.738777098133491e-08, 7.19711496663189e-08, 6.694105580987965e-08, 6.230356849666521e-08]
ndim2: 500
W_list: [3.0999999999999996]
L_list: [14.722727610008988]
