R_list= [ 1  2  3  4  5  6  7  8  9 10 11 12 13 14 15 16 17 18 19 20 21 22 23 24
 25 26 27 28 29 30 31 32 33 34 35 36 37 38]
C_final_list= [1.2590217144190875e-06, 8.73618801437333e-07, 6.081518944490563e-07, 4.207160963436098e-07, 2.902569787977003e-07, 1.994213331349971e-07, 1.371140854361672e-07, 9.415129257517936e-08, 6.41641755520072e-08, 4.3344239111268347e-08, 2.896491170689156e-08, 1.9718503768567153e-08, 1.339964263643563e-08, 9.052932159088783e-09, 6.1634321150263404e-09, 4.176359039361452e-09, 2.8064594993286334e-09, 1.886460940150309e-09, 1.2667026056190418e-09, 8.425699236239677e-10, 5.697521945532803e-10, 3.740760120090123e-10, 2.4929851866563316e-10, 1.6647805730039215e-10, 1.1131258686978351e-10, 7.261419114058183e-11, 4.7193634588098026e-11, 3.12510960288392e-11, 2.1457257544861122e-11, 1.4641354589368533e-11, 1.0092065358770993e-11, 6.90198556716335e-12, 4.4615020314019146e-12, 2.8901035199059617e-12, 1.8361277657115312e-12, 1.1982074767081019e-12, 7.619255098108238e-13, 4.905968930927592e-13]
W_list: [7.0]
L_list: [2.719077105035236]
