R_list= [ 1  2  3  4  5  6  7  8  9 10 11 12 13 14 15 16 17 18 19 20 21 22 23 24
 25 26 27 28 29 30 31 32 33 34 35 36 37 38]
C_final_list= [4.5675661675265476e-07, 3.849677684161345e-07, 3.2384763480403933e-07, 2.7127636196047455e-07, 2.2705252404347882e-07, 1.8961267710308728e-07, 1.5782243247645744e-07, 1.3133615945064998e-07, 1.0959000358934823e-07, 9.135271357097697e-08, 7.598191793026491e-08, 6.327945667797398e-08, 5.255804326683075e-08, 4.3747474769283105e-08, 3.6364249716065286e-08, 3.015482106952784e-08, 2.5070924235694245e-08, 2.079944738924854e-08, 1.722587030069743e-08, 1.4268991192890777e-08, 1.1757846992135525e-08, 9.688168659152876e-09, 7.97395813288595e-09, 6.575345279274694e-09, 5.412420905280929e-09, 4.459537271014696e-09, 3.670376477993333e-09, 3.0246185420887704e-09, 2.4945299985206777e-09, 2.05876529559585e-09, 1.6949693775491409e-09, 1.3924890562155531e-09, 1.1431917736634492e-09, 9.385955140020498e-10, 7.698111386599021e-10, 6.360804515865183e-10, 5.248404905503366e-10, 4.319658757240647e-10]
W_list: [7]
L_list: [5.5822380126593645]
