R_list= [ 1  2  3  4  5  6  7  8  9 10 11 12 13 14 15 16 17 18 19 20 21 22 23 24
 25 26 27 28 29 30 31 32 33 34 35 36 37 38]
C_final_list= [6.185399897927749e-07, 3.230856615108195e-07, 1.5061287006211926e-07, 6.748723285483922e-08, 2.9693470415091832e-08, 1.2784577748751182e-08, 5.443028710376619e-09, 2.307846997716349e-09, 9.68801015575161e-10, 4.027470666442737e-10, 1.6803541532062779e-10, 7.145406674754764e-11, 3.046643345949171e-11, 1.287342079983328e-11, 5.24624759271813e-12, 2.1095189580119574e-12, 8.592546844340399e-13, 3.4466197750004515e-13, 1.3519318306876054e-13, 5.2478130134542546e-14, 2.0442779583815004e-14, 7.78056252070975e-15, 2.9498933671152852e-15, 1.135455075526589e-15, 4.3187333740790916e-16, 1.6089609174029473e-16, 5.820609389548153e-17, 2.0766135161880025e-17, 7.54474213856479e-18, 2.9190962271138968e-18, 1.1582570383790052e-18, 4.8397321681331635e-19, 1.9386379311554263e-19, 7.271361267789795e-20, 2.6101374703176745e-20, 9.068904184805967e-21, 3.1895209078975664e-21, 1.3216475460165725e-21]
W_list: [6]
L_list: [1.421742702430595]
