C_final_list: [6.143612085687697e-07, 5.75563350275344e-07, 5.368869668916549e-07, 4.992086665365781e-07, 4.634902992615084e-07, 4.2973678284288583e-07, 3.982695945289848e-07, 3.6872008318643287e-07, 3.411993098765299e-07, 3.1601005065087844e-07, 2.926660493811938e-07, 2.7102989144445586e-07, 2.512703498815014e-07, 2.329498654973117e-07, 2.1594611990217966e-07, 1.9991307426562705e-07, 1.849313175259444e-07, 1.7107238993081466e-07, 1.5821721602452587e-07, 1.4630819422218106e-07, 1.3524454512958146e-07, 1.2502673875397767e-07, 1.155885234563412e-07, 1.0673907089889425e-07, 9.856612607918483e-08, 9.105088152063162e-08, 8.416404162917623e-08, 7.778686742081338e-08, 7.185236607912748e-08, 6.633217170964058e-08, 6.120282627140394e-08, 5.646517754425002e-08, 5.204008379081866e-08, 4.796440612184824e-08, 4.417930732914787e-08]
ndim2: 500
W_list: [4.0]
L_list: [13.129836234675656]
