C_final_list: [5.428308210919756e-07, 5.033088049518385e-07, 4.6412756284626364e-07, 4.268035070276928e-07, 3.913614266060393e-07, 3.582325621363618e-07, 3.28284233578847e-07, 3.0073685882364114e-07, 2.7562435078611924e-07, 2.521536030321181e-07, 2.3053420467406227e-07, 2.1052333134192247e-07, 1.9236670648930736e-07, 1.7569783517942156e-07, 1.604172593987126e-07, 1.4641936462054505e-07, 1.338143430571983e-07, 1.221918294008596e-07, 1.1152430835981024e-07, 1.0180570001518561e-07, 9.2865503216475e-08, 8.471552227967543e-08, 7.723718789507954e-08, 7.039298301070166e-08, 6.4099572015252e-08, 5.8306896420406354e-08, 5.296503334197842e-08, 4.81185201908352e-08, 4.3668709579287065e-08, 3.96246962462394e-08, 3.592213633285159e-08, 3.255434118789919e-08, 2.95138173591796e-08, 2.6736115599050115e-08, 2.4185152309831477e-08]
ndim2: 500
W_list: [4.2]
L_list: [11.302993263287176]
