R_list= [ 1  2  3  4  5  6  7  8  9 10 11 12 13 14 15 16 17 18 19 20 21 22 23 24
 25 26 27 28 29 30 31 32 33 34 35 36 37 38]
C_final_list= [1.5505796394526863e-07, 7.517350551614649e-08, 2.9228998614007966e-08, 1.012226034912427e-08, 3.280775060681504e-09, 1.0224836342514426e-09, 3.1040142801420544e-10, 9.24785281466794e-11, 2.7063468050700847e-11, 7.826758103234788e-12, 2.2630873809458573e-12, 6.586830327195832e-13, 1.9420385468984603e-13, 5.79875050103539e-14, 1.7260014040098192e-14, 5.114206272283357e-15, 1.5358714726947052e-15, 4.839581790837507e-16, 1.595181980950001e-16, 5.374681978546854e-17, 1.9183178649553992e-17, 7.483126562171704e-18, 3.197761587296271e-18, 1.3040458870830976e-18, 4.807459274890527e-19, 1.6022199335342114e-19, 5.160025985858518e-20, 1.768613065185957e-20, 6.74368645134064e-21, 2.9203018683347853e-21, 1.5053300288638405e-21, 9.467769310001634e-22, 7.076728413413749e-22, 5.96041073275346e-22, 5.378388799181798e-22, 4.971707512536729e-22, 4.677116140875672e-22, 4.440160363825034e-22]
W_list: [5]
L_list: [1.237203194460124]
