C_list:
8.324462239810206e-07 0.15976260144192253
ndim2: 500
W_list: [4.0]
L_list: [6.259287160916214]
