C_final_list: [1.9190633421017297e-06, 1.8663347148760908e-06, 1.8292944834477941e-06, 1.7855155632386362e-06, 1.7438390766048525e-06, 1.70379152070626e-06, 1.6641606265745858e-06, 1.6249690665699063e-06, 1.587229352734619e-06, 1.5498637532540556e-06, 1.513640568202512e-06, 1.4776630697817149e-06, 1.4426680811918084e-06, 1.4086531524097815e-06, 1.3753761655063712e-06, 1.3425637661038498e-06, 1.3105706578784326e-06, 1.279928123266709e-06, 1.2497538112696645e-06, 1.2201974165929355e-06, 1.1914371547504564e-06, 1.1628337521162387e-06, 1.1348703742486914e-06, 1.1079810172723883e-06, 1.0814465404364593e-06, 1.0555374025181216e-06, 1.0302302174076479e-06, 1.0056411595894397e-06, 9.813630923294077e-07, 9.574558803862555e-07, 9.343607201833103e-07, 9.117936053215786e-07, 8.896207709461513e-07, 8.681031050921076e-07, 8.472490795197492e-07]
ndim2: 500
W_list: [1.2]
L_list: [41.779340752581795]
