C_final_list: [2.3342873169672777e-06, 2.1486000428953155e-06, 1.968200325721785e-06, 1.8064190928574046e-06, 1.6571321264286777e-06, 1.520682598486568e-06, 1.392106929753492e-06, 1.276135573781712e-06, 1.1697455492342423e-06, 1.0720342587641633e-06, 9.810605271862247e-07, 8.963602536511402e-07, 8.200205195076545e-07, 7.492464282299774e-07, 6.841273067382648e-07, 6.234487233153148e-07, 5.683737865780579e-07, 5.18265732573994e-07, 4.720414484864603e-07, 4.2961576429475634e-07, 3.9111197501744256e-07, 3.561917313630314e-07, 3.242392804025699e-07, 2.955297675291323e-07, 2.698415896251552e-07, 2.4659598403118594e-07, 2.2520136609612433e-07, 2.0581469934160324e-07, 1.8779235258782694e-07, 1.7091365452707184e-07, 1.5552686687833243e-07, 1.41558363292168e-07, 1.2889052978509017e-07, 1.1713539255810214e-07, 1.0636514274433442e-07, 9.658881957020701e-08, 8.766485776640008e-08, 7.981423262875711e-08, 7.26864678411743e-08, 6.603100717313182e-08, 5.998030519391976e-08, 5.4517077903189854e-08, 4.958724449882909e-08, 4.5141745552168546e-08, 4.1005479066122336e-08, 3.7259424587060615e-08, 3.3910965672565154e-08, 3.0917784973792324e-08, 2.8161484623970773e-08, 2.5584303693279775e-08]
ndim2: 500
W_list: [2.2]
L_list: [11.232212635187722]
