C_final_list: [1.7581509054718326e-06, 1.700846407744696e-06, 1.6443151365827855e-06, 1.5897715391744358e-06, 1.5368443620436316e-06, 1.4856943694280763e-06, 1.4367351576894193e-06, 1.3893084612430594e-06, 1.3432803600925428e-06, 1.2985624132057914e-06, 1.2561073849684748e-06, 1.2150071160274616e-06, 1.175748644934978e-06, 1.1379290136330435e-06, 1.1008906310646893e-06, 1.065127511431047e-06, 1.0307963591325682e-06, 9.96948700721269e-07, 9.641429323178736e-07, 9.323788203184368e-07, 9.015072933774042e-07, 8.710625566412868e-07, 8.413562918097634e-07, 8.132822064269214e-07, 7.855564496544279e-07, 7.58847448023883e-07, 7.332563279987741e-07, 7.084113730076625e-07, 6.846516066062385e-07, 6.615921254573116e-07, 6.393082975772877e-07, 6.175720422939886e-07, 5.963507900270355e-07, 5.761061757403734e-07, 5.564560540707347e-07, 5.374927270304767e-07, 5.188591704539371e-07, 5.008414717358408e-07, 4.834003142585542e-07, 4.6657213890340437e-07, 4.5009664253169384e-07, 4.341330720274464e-07, 4.187222010019608e-07, 4.0360031459523415e-07, 3.8903312943097783e-07, 3.7491075792842075e-07, 3.6147168074811324e-07, 3.4833901916980496e-07, 3.356649990667722e-07, 3.233958012701836e-07]
ndim2: 500
W_list: [3.0999999999999996]
L_list: [29.464007765009786]
