C_list:
1.580706876685567e-06 0.01940171971333384
ndim2: 500
W_list: [1.4]
L_list: [51.54182282680589]
