R_list= [ 1  2  3  4  5  6  7  8  9 10 11 12 13 14 15 16 17 18 19 20 21 22 23 24
 25 26 27 28 29 30 31 32 33 34 35 36 37 38]
C_final_list= [4.7441691802343436e-07, 3.683625108538056e-07, 2.8179108978901894e-07, 2.1455695932593806e-07, 1.6352394333884614e-07, 1.2393220665875548e-07, 9.397554083652329e-08, 7.132623997033445e-08, 5.406864278900779e-08, 4.089680741310776e-08, 3.093515726449938e-08, 2.3276397462732812e-08, 1.7539799837697955e-08, 1.3207677561970947e-08, 9.946749576346146e-09, 7.533834338347329e-09, 5.670454568135548e-09, 4.278619261660711e-09, 3.203300196110399e-09, 2.4027510466677783e-09, 1.7985645623732305e-09, 1.3409370709055825e-09, 9.969804740855148e-10, 7.39993499675263e-10, 5.470524055119619e-10, 3.990401227600644e-10, 2.930578692167861e-10, 2.153422411926092e-10, 1.591529314631214e-10, 1.1817758002943124e-10, 8.785340050858754e-11, 6.495612760093902e-11, 4.8061363587306195e-11, 3.561706487117488e-11, 2.6691533753530415e-11, 2.0002278040202282e-11, 1.5061837562759836e-11, 1.1412958513588562e-11]
W_list: [8.4]
L_list: [3.7091852712328177]
