C_final_list: [2.017577813169973e-06, 1.9021417510675076e-06, 1.7902458549975136e-06, 1.6862030779071868e-06, 1.5879642976584966e-06, 1.495859914527047e-06, 1.4089395994984803e-06, 1.3262427893730638e-06, 1.248887329496365e-06, 1.1757229874285623e-06, 1.1070769366302462e-06, 1.0425682111615802e-06, 9.827955669633388e-07, 9.26823542899352e-07, 8.738522639236745e-07, 8.233888044833817e-07, 7.758896788360746e-07, 7.311046952334903e-07, 6.883865878301795e-07, 6.481380755475546e-07, 6.098101225272675e-07, 5.73912658089677e-07, 5.39605699294407e-07, 5.071021351945687e-07, 4.768877006779602e-07, 4.4798370611928163e-07, 4.206214232238905e-07, 3.952875355629084e-07, 3.7157771787044745e-07, 3.4917041997196425e-07, 3.2810240952262106e-07, 3.0844126070161956e-07, 2.896903025546396e-07, 2.720894525310114e-07, 2.55292830805155e-07]
ndim2: 500
W_list: [2.8]
L_list: [16.626646447832336]
