R_list= [ 1  2  3  4  5  6  7  8  9 10 11 12 13 14 15 16 17 18 19 20 21 22 23 24
 25 26 27 28 29 30 31 32 33 34 35 36 37 38]
C_final_list= [8.55033745684658e-07, 5.085672666564062e-07, 3.0149066843880385e-07, 1.7811756637255799e-07, 1.062335211281221e-07, 6.27031063806123e-08, 3.681569593359493e-08, 2.1581044263443854e-08, 1.2509719275685081e-08, 7.379074996977565e-09, 4.3425611038532764e-09, 2.5146535393215786e-09, 1.447207139545816e-09, 8.242969103489402e-10, 4.709981157766554e-10, 2.682596869407281e-10, 1.565000448059901e-10, 8.99885544337349e-11, 5.12497148652277e-11, 2.962871192065598e-11, 1.728340505203349e-11, 1.0177704672851477e-11, 5.756110338362088e-12, 3.301916395658603e-12, 1.8901088621623145e-12, 1.0777183854766226e-12, 6.251553575430855e-13, 4.0046262599451903e-13, 2.820499778214696e-13, 2.036653674481206e-13, 1.2941307805718301e-13, 6.34673244507243e-14, 3.23390040524517e-14, 1.93155497917738e-14, 1.401508620220953e-14, 7.950804214135394e-15, 5.087627856615557e-15, 3.060834509103457e-15]
W_list: [8.600000000000001]
L_list: [1.9158859718562173]
