R_list= [ 1  2  3  4  5  6  7  8  9 10 11 12 13 14 15 16 17 18 19 20 21 22 23 24
 25 26 27 28 29 30 31 32 33 34 35 36 37 38]
C_final_list= [6.061808743656119e-07, 5.021726152857687e-07, 4.1286911597349283e-07, 3.3861067483178884e-07, 2.7698766542891683e-07, 2.2603325126912384e-07, 1.845917635914051e-07, 1.5091955383725424e-07, 1.2319285980997092e-07, 1.0075946618121427e-07, 8.257449588260043e-08, 6.758574824355663e-08, 5.5045222419150944e-08, 4.479456910160309e-08, 3.643927985253191e-08, 2.9610308464322753e-08, 2.3910293354232594e-08, 1.9228481510685428e-08, 1.5508176842630327e-08, 1.2500626722109485e-08, 1.0079176437824053e-08, 8.126077367280713e-09, 6.545058973556947e-09, 5.2588870589087895e-09, 4.233893813117108e-09, 3.408989447894056e-09, 2.744356286454386e-09, 2.205804937095066e-09, 1.7729744271676517e-09, 1.4210368790905942e-09, 1.1389386693266496e-09, 9.103275580303569e-10, 7.308788310087562e-10, 5.860265497575282e-10, 4.708927705837816e-10, 3.789749028807568e-10, 3.0446783253954724e-10, 2.4440755125508324e-10]
W_list: [7]
L_list: [5.017304855295365]
