C_list:
1.870930468032589e-06 0.26561337355356784
ndim2: 500
W_list: [3.6]
L_list: [3.7648706713117517]
