R_list= [ 1  2  3  4  5  6  7  8  9 10 11 12 13 14 15 16 17 18 19 20 21 22 23 24
 25 26 27 28 29 30]
C_final_list= [7.100419892194265e-07, 6.71935118464319e-07, 6.342515999747181e-07, 5.979764006602145e-07, 5.635029565351892e-07, 5.313902554832189e-07, 5.007531155568892e-07, 4.7178669908731227e-07, 4.4469141304632485e-07, 4.1886626548931425e-07, 3.944964945210708e-07, 3.7160412028592347e-07, 3.49935439304415e-07, 3.2922209841668247e-07, 3.0969535720259495e-07, 2.9106431958307944e-07, 2.7342096788687524e-07, 2.566364935335699e-07, 2.4094055679953737e-07, 2.261390621477709e-07, 2.12236692601097e-07, 1.9931085617370643e-07, 1.8702859373016586e-07, 1.7549417956901364e-07, 1.6455874199490221e-07, 1.5433483077300812e-07, 1.447338725891496e-07, 1.3571400800022986e-07, 1.272891393843714e-07, 1.1942816466699905e-07]
W_list: [6]
L_list: [16.506702379544112]
