R_list= [ 1  2  3  4  5  6  7  8  9 10 11 12 13 14 15 16 17 18 19 20 21 22 23 24
 25 26 27 28 29 30 31 32 33 34 35 36 37 38]
C_final_list= [3.1165652045625044e-05, 2.364551900530345e-05, 1.77925065168355e-05, 1.3359681107289757e-05, 9.996667344297346e-06, 7.476112321442779e-06, 5.596569504901342e-06, 4.196000743225085e-06, 3.1478038508072473e-06, 2.357550582552669e-06, 1.7652991110878948e-06, 1.3236655495158752e-06, 9.914637229812143e-07, 7.417543857441458e-07, 5.546744341404293e-07, 4.1486905779719663e-07, 3.0942041260181917e-07, 2.3132592700441398e-07, 1.7348212046667042e-07, 1.3007277592318233e-07, 9.760365773464965e-08, 7.321180212304612e-08, 5.4898916350650174e-08, 4.134082612941855e-08, 3.101595588801483e-08, 2.3103814327300754e-08, 1.720197007928133e-08, 1.2850504560537319e-08, 9.580904460029376e-09, 7.14283942136878e-09, 5.340083507375325e-09, 3.991708406414201e-09, 2.9811149383871934e-09, 2.2388123395650822e-09, 1.6735884846234725e-09, 1.2540553938306414e-09, 9.447348312907247e-10, 7.06748871612251e-10]
W_list: [8.15]
L_list: [3.5042162720758068]
