R_list= [ 1  2  3  4  5  6  7  8  9 10 11 12 13 14 15 16 17 18 19 20 21 22 23 24
 25 26 27 28 29 30 31 32 33 34 35 36 37 38]
C_final_list= [3.4449865701868363e-07, 2.9926681929759773e-07, 2.5708747327864734e-07, 2.2028229332559226e-07, 1.8841048798247764e-07, 1.611438229159976e-07, 1.3771171372941596e-07, 1.1727779269023585e-07, 9.981683180518897e-08, 8.478614454548699e-08, 7.170618820993e-08, 6.071432385420052e-08, 5.132429603263814e-08, 4.334915853232354e-08, 3.6560431219474614e-08, 3.085720165736163e-08, 2.6039788822844855e-08, 2.1952626019424948e-08, 1.8515271725872558e-08, 1.5624571378454164e-08, 1.3198791291567163e-08, 1.1129155286527453e-08, 9.400834596127388e-09, 7.934903520931776e-09, 6.676074134483248e-09, 5.620258239351366e-09, 4.7333744296131e-09, 3.986370840220662e-09, 3.3511262189365595e-09, 2.8191418772969664e-09, 2.373159572439055e-09, 1.9971124969448377e-09, 1.6813708832378214e-09, 1.411462238555376e-09, 1.1850341259012162e-09, 9.9156890924709e-10, 8.287186913923092e-10, 6.913909922037581e-10]
W_list: [7.800000000000001]
L_list: [6.332005090088221]
