C_final_list: [1.8776342364821006e-06, 1.8567390637408863e-06, 1.8362165163125984e-06, 1.816571047942038e-06, 1.7976990358851185e-06, 1.7791409863945254e-06, 1.7609919394576865e-06, 1.7430986649650516e-06, 1.725630597817622e-06, 1.7084842789192977e-06, 1.6918681783582645e-06, 1.675082979365513e-06, 1.658514863526952e-06, 1.642109533047929e-06, 1.6259242977801905e-06, 1.6099604174206638e-06, 1.5942235201387574e-06, 1.578635438852959e-06, 1.5633211685455263e-06, 1.5481022613552277e-06, 1.532977135915473e-06, 1.5178970316879807e-06, 1.5029484126379017e-06, 1.4881408869907402e-06, 1.4734630863248031e-06, 1.4588583399102837e-06, 1.4445206049788864e-06, 1.4302979317025034e-06, 1.4159324224647576e-06, 1.4019673313989365e-06, 1.388091727440354e-06, 1.3743162042268156e-06, 1.3605879407803562e-06, 1.3470785102677882e-06, 1.3338984329925114e-06, 1.320691827237953e-06, 1.3075741216196682e-06, 1.29460573074215e-06, 1.2817760243856105e-06, 1.2690792771736817e-06, 1.2564489294702459e-06, 1.2439578440315408e-06, 1.231567727138357e-06, 1.2194042266036387e-06, 1.2074029895906784e-06, 1.1953971526721283e-06, 1.1834242035306486e-06, 1.1717906642847964e-06, 1.1600882383517288e-06, 1.1486190148989146e-06]
ndim2: 500
W_list: [2.6]
L_list: [100.3940725730755]
