R_list= [ 1  2  3  4  5  6  7  8  9 10 11 12 13 14 15 16 17 18 19 20 21 22 23 24
 25 26 27 28 29 30]
C_final_list= [2.629258044454297e-07, 2.032943496731703e-07, 1.554298671791548e-07, 1.1880344361596716e-07, 9.084761652402107e-08, 6.92653588108961e-08, 5.252837744585412e-08, 3.983562444589639e-08, 3.016074932271164e-08, 2.2764171019299794e-08, 1.7125570081468938e-08, 1.2827463869905916e-08, 9.595546170822802e-09, 7.19316869720442e-09, 5.395916856936366e-09, 4.045446255482009e-09, 3.035466617107364e-09, 2.278022120898291e-09, 1.712927037390558e-09, 1.2903462991513644e-09, 9.719901987812202e-10, 7.296344770417603e-10, 5.4583468048733e-10, 4.081449937139811e-10, 3.064028742260144e-10, 2.30850172995648e-10, 1.7424742477088886e-10, 1.3216728500310846e-10, 1.0124262611011849e-10, 7.815195625220286e-11]
W_list: [6]
L_list: [3.717383310960225]
