R_list= [ 1  2  3  4  5  6  7  8  9 10 11 12 13 14 15 16 17 18 19 20 21 22 23 24
 25 26 27 28 29 30 31 32 33 34 35 36 37 38]
C_final_list= [2.9227843446018344e-05, 2.1841041410733888e-05, 1.6205209021874893e-05, 1.1988597886640886e-05, 8.857867987939353e-06, 6.544395757325103e-06, 4.828255059145348e-06, 3.5676070834414116e-06, 2.639617632304619e-06, 1.9489455421723385e-06, 1.4403602908232715e-06, 1.064736667126893e-06, 7.853599402890961e-07, 5.796187642294828e-07, 4.28507456088233e-07, 3.165689466354441e-07, 2.334742627821181e-07, 1.7181840945581525e-07, 1.2649919548529635e-07, 9.27193500167669e-08, 6.788157152707318e-08, 4.991220980794965e-08, 3.671681121356883e-08, 2.7075918547194117e-08, 1.9937009948237504e-08, 1.4683460202270441e-08, 1.0863092069674608e-08, 8.041597415855725e-09, 5.923926404479458e-09, 4.338611652291477e-09, 3.169381747155632e-09, 2.3387168321511395e-09, 1.7281173293317271e-09, 1.2744503979805496e-09, 9.390537048610023e-10, 6.938490751079373e-10, 5.153782240492554e-10, 3.82365152144387e-10]
W_list: [8.35]
L_list: [3.3416588462474888]
