R_list= [ 1  2  3  4  5  6  7  8  9 10 11 12 13 14 15 16 17 18 19 20 21 22 23 24
 25 26 27 28 29 30 31 32 33 34 35 36 37 38]
C_final_list= [1.2696536369496697e-06, 1.230853531694191e-06, 1.1923977834601086e-06, 1.1549683362478284e-06, 1.1184587151931638e-06, 1.083958586876594e-06, 1.0501825444929542e-06, 1.0170988204691433e-06, 9.85178657974023e-07, 9.545505775297237e-07, 9.250811299941899e-07, 8.96614957552079e-07, 8.692058789557455e-07, 8.4232285123605e-07, 8.163394840283047e-07, 7.909939421383486e-07, 7.662835004740658e-07, 7.421663309553746e-07, 7.189048148808237e-07, 6.966778131361443e-07, 6.751029323127672e-07, 6.541617267048628e-07, 6.338772289092639e-07, 6.140539822724647e-07, 5.947538806313416e-07, 5.759738243023198e-07, 5.576295204267262e-07, 5.397337818634333e-07, 5.225505144165411e-07, 5.06078699448828e-07, 4.900574521175503e-07, 4.745106810371527e-07, 4.593863266391653e-07, 4.447582293001687e-07, 4.307136370456051e-07, 4.170281897196675e-07, 4.037742448936937e-07, 3.908856494130152e-07]
W_list: [5]
L_list: [31.53367610996434]
