R_list= [ 1  2  3  4  5  6  7  8  9 10 11 12 13 14 15 16 17 18 19 20 21 22 23 24
 25 26 27 28 29 30 31 32 33 34 35 36 37 38]
C_final_list= [1.5282840213600563e-06, 1.401161370596633e-06, 1.2941049039695788e-06, 1.2072083988829868e-06, 1.1289165521746593e-06, 1.0548505526372903e-06, 9.853530817241385e-07, 9.206863709705998e-07, 8.599138112442551e-07, 8.027090909340505e-07, 7.493718390097691e-07, 6.997627473853271e-07, 6.534712523535019e-07, 6.101626071128353e-07, 5.69991705534057e-07, 5.327294814627146e-07, 4.975552652434615e-07, 4.642795120820076e-07, 4.3290773354509695e-07, 4.0355216225982777e-07, 3.7609535007342093e-07, 3.503031108554578e-07, 3.260245278444371e-07, 3.033445016978015e-07, 2.821314308447313e-07, 2.623798024190717e-07, 2.4403845304563073e-07, 2.2704627659371793e-07, 2.1123614345424687e-07, 1.964283390703704e-07, 1.8263761789579876e-07, 1.698573975202431e-07, 1.5790431154753155e-07, 1.466861885524473e-07, 1.3616459223985933e-07, 1.2641470126441662e-07, 1.1744606643246354e-07, 1.0917550045293749e-07]
W_list: [4]
L_list: [14.331198052573775]
