R_list= [ 1  2  3  4  5  6  7  8  9 10 11 12 13 14 15 16 17 18 19 20 21 22 23 24
 25 26 27 28 29 30 31 32 33 34 35 36 37 38]
C_final_list= [1.9257785085565133e-05, 1.53997428773402e-05, 1.2178472265702877e-05, 9.603901791792471e-06, 7.560518304158256e-06, 5.950134440218795e-06, 4.679747217640171e-06, 3.6808499963698308e-06, 2.8937878936066087e-06, 2.272705484942431e-06, 1.7853443819392452e-06, 1.4023770670391984e-06, 1.1030113922115337e-06, 8.668345836590073e-07, 6.821085940084695e-07, 5.355509006226067e-07, 4.201491498687405e-07, 3.302292458715233e-07, 2.5978549503245067e-07, 2.0424993460006153e-07, 1.6075780283663457e-07, 1.265927782340677e-07, 9.9624372385741e-08, 7.810142244659076e-08, 6.133548124341114e-08, 4.826792583233796e-08, 3.787909682300375e-08, 2.9706065528744077e-08, 2.327062978863904e-08, 1.8137315276231883e-08, 1.4150963331404473e-08, 1.0989299373484123e-08, 8.52637219980375e-09, 6.590911308283258e-09, 5.102303746144155e-09, 3.942490001066658e-09, 3.046610893548231e-09, 2.3541134388857595e-09]
W_list: [8.5]
L_list: [4.231875156707945]
