R_list= [ 1  2  3  4  5  6  7  8  9 10 11 12 13 14 15 16 17 18 19 20 21 22 23 24
 25 26 27 28 29 30 31 32 33 34 35 36 37 38]
C_final_list= [5.540611505471797e-06, 4.6562431889819415e-06, 3.8716702701195355e-06, 3.203045586071053e-06, 2.6432523252059746e-06, 2.1775458732964054e-06, 1.7927010280564443e-06, 1.4757097660104411e-06, 1.2141399398555876e-06, 9.98490821071765e-07, 8.208186554463889e-07, 6.743789292362728e-07, 5.537589542721366e-07, 4.5501651480063266e-07, 3.7346939342719253e-07, 3.0616083327067434e-07, 2.508960534389937e-07, 2.053504700977133e-07, 1.6785849486099476e-07, 1.3721775214096646e-07, 1.1222650080476865e-07, 9.181604248129473e-08, 7.518766618932361e-08, 6.166336376836268e-08, 5.0573836278595046e-08, 4.151567837898307e-08, 3.409161341473684e-08, 2.7964994468669815e-08, 2.2914815992051937e-08, 1.8788923185068072e-08, 1.539628363670382e-08, 1.2623393419510652e-08, 1.0345736331668935e-08, 8.496296708500074e-09, 7.002258306513322e-09, 5.777516556439728e-09, 4.769444024387586e-09, 3.936870122947905e-09]
W_list: [8.5]
L_list: [5.252623858305746]
