R_list= [ 1  2  3  4  5  6  7  8  9 10 11 12 13 14 15 16 17 18 19 20 21 22 23 24
 25 26 27 28 29 30 31 32 33 34 35 36 37 38]
C_final_list= [3.302961312494193e-07, 2.841030703380554e-07, 2.414874406442948e-07, 2.0403448368381083e-07, 1.7195524600637546e-07, 1.4452070543036642e-07, 1.2129503115108173e-07, 1.016989266615213e-07, 8.51044211063511e-08, 7.128478524651136e-08, 5.96310034816948e-08, 4.9812108622525526e-08, 4.1701802130562494e-08, 3.5006340208477564e-08, 2.9362072551213577e-08, 2.4602230964012404e-08, 2.0566290203862547e-08, 1.7170317253967268e-08, 1.4330735300944762e-08, 1.1949447017549295e-08, 9.947447391111577e-09, 8.268413338896407e-09, 6.869761559794958e-09, 5.702641790050807e-09, 4.7265566637776105e-09, 3.916948565369696e-09, 3.2472460604412514e-09, 2.69585910676474e-09, 2.228713026157674e-09, 1.8482007637048129e-09, 1.533491807961299e-09, 1.2718953037952836e-09, 1.0576948670388455e-09, 8.770189479481136e-10, 7.268434248176388e-10, 6.024484711269082e-10, 4.993385230060091e-10, 4.148423224794886e-10]
W_list: [8.0]
L_list: [5.8479713901439645]
