C_list:
1.6069623060440134e-06 0.019260506566023013
ndim2: 500
W_list: [1.4]
L_list: [51.91971439443215]
