R_list= [ 1  2  3  4  5  6  7  8  9 10 11 12 13 14 15 16 17 18 19 20 21 22 23 24
 25 26 27 28 29 30]
C_final_list= [3.785477537843643e-08, 1.4229907541910156e-08, 4.1084902587712125e-09, 1.0325689396881427e-09, 2.3923577087854813e-10, 5.298777314522619e-11, 1.1428312690837666e-11, 2.412621276784392e-12, 5.049539569141979e-13, 1.0464442640633678e-13, 2.1410378763875792e-14, 4.37229662132299e-15, 8.828043754890707e-16, 1.796466951125846e-16, 3.693204487092196e-17, 7.931041327486826e-18, 2.192381352712269e-18, 9.465445172186174e-19, 2.5249024231950607e-19, 4.917021565355194e-20, 8.882765537517157e-21, 1.5807085704213296e-21, 2.972805155909696e-22, 6.17916062371915e-23, 1.881687197941763e-23, 9.467675252997905e-24, 6.704756290084494e-24, 5.54119222575105e-24, 4.904389051730849e-24, 4.555100975077816e-24]
W_list: [6]
L_list: [0.9623640691024107]
