R_list= [ 1  2  3  4  5  6  7  8  9 10 11 12 13 14 15 16 17 18 19 20 21 22 23 24
 25 26 27 28 29 30 31 32 33 34 35 36 37 38]
C_final_list= [8.319149762888299e-07, 6.392039042619138e-07, 5.030929987027528e-07, 3.978621277353683e-07, 3.156711392740612e-07, 2.502503536016271e-07, 1.9790912004614068e-07, 1.5613212655100856e-07, 1.2299871909546995e-07, 9.665454426495266e-08, 7.544384242062647e-08, 5.8891968280221076e-08, 4.594496830124022e-08, 3.5956574990849525e-08, 2.806408300436338e-08, 2.183797672999297e-08, 1.6930965003659295e-08, 1.3132118847738098e-08, 1.016665819534725e-08, 7.880841359068551e-09, 6.123077289369886e-09, 4.754366545882111e-09, 3.712753944940852e-09, 2.9089802561620254e-09, 2.2676222147050006e-09, 1.7611170451191295e-09, 1.3584462449571702e-09, 1.0473393347965591e-09, 8.131739933107929e-10, 6.281226102962596e-10, 4.833033850841183e-10, 3.7349378996313137e-10, 2.9093756243039625e-10, 2.2802213998201086e-10, 1.7760908367508858e-10, 1.3472672570184445e-10, 1.03256217483398e-10, 7.956308733387138e-11]
W_list: [6]
L_list: [4.161836953620987]
