R_list= [ 1  2  3  4  5  6  7  8  9 10 11 12 13 14 15 16 17 18 19 20 21 22 23 24
 25 26 27 28 29 30 31 32 33 34 35 36 37 38]
C_final_list= [6.6121421787576516e-06, 5.662484660048212e-06, 4.807387197041092e-06, 4.067437134303191e-06, 3.438921308854732e-06, 2.903667849032074e-06, 2.4512545250975717e-06, 2.0679018503855955e-06, 1.742253602746328e-06, 1.4663720028711526e-06, 1.2330706921312061e-06, 1.037630504433125e-06, 8.730391840668248e-07, 7.344228725997222e-07, 6.173417117193986e-07, 5.186130156933511e-07, 4.35975386554088e-07, 3.66217761267639e-07, 3.0729558427998735e-07, 2.5792417380471584e-07, 2.166038940833802e-07, 1.8161428168834793e-07, 1.5225709628530266e-07, 1.2778616002066017e-07, 1.0720801530129011e-07, 8.980126189305319e-08, 7.524013477285062e-08, 6.312784989324609e-08, 5.2906631128807536e-08, 4.4367139408987176e-08, 3.721559573782579e-08, 3.1223254304902396e-08, 2.6185557863332606e-08, 2.1981881999492412e-08, 1.84606099699236e-08, 1.5520110821998006e-08, 1.3039153195017753e-08, 1.0951157598823288e-08]
W_list: [8.15]
L_list: [5.9498499504316005]
