C_list:
1.2589419463386735e-06 0.2390413094932382
ndim2: 500
W_list: [4.2]
L_list: [4.183377350634398]
