C_list:
1.3636434386155913e-06 0.01716792726438097
ndim2: 500
W_list: [1.7999999999999998]
L_list: [58.24814985526776]
