R_list= [ 1  2  3  4  5  6  7  8  9 10 11 12 13 14 15 16 17 18 19 20 21 22 23 24
 25 26 27 28 29 30 31 32 33 34 35 36 37 38]
C_final_list= [1.0746411848712208e-07, 5.940170915329465e-08, 3.089252830026184e-08, 1.5701305423012053e-08, 7.922253146133869e-09, 3.999408303065122e-09, 2.0138045266963125e-09, 1.012009446045218e-09, 5.085808281615892e-10, 2.57913276571278e-10, 1.3067060243251687e-10, 6.369686078465287e-11, 3.0825839096159514e-11, 1.5062234883009424e-11, 7.380593849243808e-12, 3.5755289892147067e-12, 1.6733977610704835e-12, 7.627638792782033e-13, 3.610453675697953e-13, 1.8384299098761433e-13, 9.814458249943373e-14, 4.571544442144891e-14, 1.7580710781450776e-14, 7.17852420385046e-15, 3.212163972125064e-15, 1.474028930982908e-15, 6.677129843240534e-16, 2.993118373056698e-16, 1.3846245750422251e-16, 7.020984966463235e-17, 3.516240895352556e-17, 1.5029188367386886e-17, 5.814356109855943e-18, 2.28769142922543e-18, 1.1119506926744295e-18, 5.497176572501177e-19, 2.74280617700349e-19, 2.441552633795273e-19]
W_list: [7]
L_list: [1.5946205007584748]
