C_final_list: [1.5929371084756985e-06, 1.3247645742963788e-06, 1.10464268329012e-06, 9.151388204211229e-07, 7.585693028129796e-07, 6.303793945591441e-07, 5.222106470790477e-07, 4.3325313095553847e-07, 3.581360073132906e-07, 2.96071155585844e-07, 2.450072454849169e-07, 2.0180599299109268e-07, 1.6570924385350317e-07, 1.3661383442001184e-07, 1.1238116652197357e-07, 9.220755133825685e-08, 7.568519471160115e-08, 6.210673548296526e-08, 5.086218671775806e-08, 4.1685690270976203e-08, 3.436446615210454e-08, 2.8119457478184634e-08, 2.317429292787298e-08, 1.8997804174409705e-08, 1.5473706921501367e-08, 1.2725301785277739e-08, 1.0453908147323398e-08, 8.572301263649451e-09, 7.054794000032335e-09, 5.801365752622075e-09, 4.782941715421293e-09, 3.917911603034547e-09, 3.2131449932597095e-09, 2.626910984787956e-09, 2.1313928340127586e-09]
ndim2: 500
W_list: [2.4000000000000004]
L_list: [5.336133799786439]
