R_list= [ 1  2  3  4  5  6  7  8  9 10 11 12 13 14 15 16 17 18 19 20 21 22 23 24
 25 26 27 28 29 30 31 32 33 34 35 36 37 38]
C_final_list= [9.082846957490756e-07, 5.719779792384772e-07, 3.075182484274451e-07, 1.5004648713406195e-07, 6.885382073200259e-08, 3.047349607878496e-08, 1.322167016520675e-08, 5.6655412260647475e-09, 2.410099495517973e-09, 1.02333790306181e-09, 4.3389760140900424e-10, 1.845257605962612e-10, 7.916191814549627e-11, 3.4663389135342934e-11, 1.5704164412461733e-11, 7.285268757623527e-12, 3.4146958110845154e-12, 1.6156577954134123e-12, 7.798211885401374e-13, 3.798490886671734e-13, 1.8514655737506257e-13, 9.070065096498802e-14, 4.515386061074573e-14, 2.260222872311424e-14, 1.1513140113914922e-14, 5.916198627186883e-15, 3.0571748366853057e-15, 1.5857596821138293e-15, 8.089878422361051e-16, 4.049608081615703e-16, 1.9720116001300178e-16, 9.498622621709186e-17, 4.5610033445650785e-17, 2.1895954916477022e-17, 1.0793054922311673e-17, 5.505230474693331e-18, 2.7500369916299817e-18, 1.3201753907611545e-18]
W_list: [4]
L_list: [1.7531938401749283]
