R_list= [ 1  2  3  4  5  6  7  8  9 10 11 12 13 14 15 16 17 18 19 20 21 22 23 24
 25 26 27 28 29 30 31 32 33 34 35 36 37 38]
C_final_list= [3.155968750895027e-05, 2.407929805534601e-05, 1.825967603160333e-05, 1.3820116899581637e-05, 1.0437947873815562e-05, 7.865493625783581e-06, 5.9157853077662086e-06, 4.443663775344623e-06, 3.3277972105374885e-06, 2.495349827616033e-06, 1.8689955376521334e-06, 1.400211608832851e-06, 1.0496566424242931e-06, 7.858253609297246e-07, 5.895894718616584e-07, 4.425269179089921e-07, 3.330815564401632e-07, 2.5109902667847893e-07, 1.8952977847607838e-07, 1.427458267042905e-07, 1.0758678841129663e-07, 8.130827023700265e-08, 6.124207181139923e-08, 4.6035732483675715e-08, 3.456300744466835e-08, 2.5997589964570095e-08, 1.9500581075322593e-08, 1.4574692559240334e-08, 1.0857306312855848e-08, 8.108337435146051e-09, 6.089475585900442e-09, 4.582148572224509e-09, 3.4519379157614668e-09, 2.580077349608321e-09, 1.9222931647059773e-09, 1.43473708662571e-09, 1.0659883865846453e-09, 7.976820155463056e-10]
W_list: [8.1]
L_list: [3.584748339174722]
