C_final_list: [2.10028473069232e-06, 2.059397590471466e-06, 2.0190042843057128e-06, 1.980496400767803e-06, 1.943050021666948e-06, 1.9062784285879973e-06, 1.8703297920340962e-06, 1.8351473065302306e-06, 1.8002601895363604e-06, 1.76628838287215e-06, 1.7329367873371838e-06, 1.7003953837136743e-06, 1.6685675473482984e-06, 1.6375156385956393e-06, 1.6067880851044994e-06, 1.5768363141119031e-06, 1.547417483209965e-06, 1.5184872318129074e-06, 1.4901386616503886e-06, 1.4622762777035356e-06, 1.4349519346070418e-06, 1.4084080206338572e-06, 1.3822121289112938e-06, 1.3563730064381381e-06, 1.3311235098544941e-06, 1.306349513897353e-06, 1.2820328017512547e-06, 1.2581218335642849e-06, 1.2345763123148634e-06, 1.211222407289317e-06, 1.1880192987597117e-06, 1.165339220320562e-06, 1.1428911326833414e-06, 1.1208173614862381e-06, 1.0992379813059352e-06, 1.077681630766822e-06, 1.0566117155321538e-06, 1.0358876773212923e-06, 1.015473884024831e-06, 9.954205431274998e-07, 9.757186067749244e-07, 9.565788806043223e-07, 9.37731317660751e-07, 9.18994499752454e-07, 9.008254532739203e-07, 8.830445122258033e-07, 8.655228745572603e-07, 8.483001485474043e-07, 8.313515821120624e-07, 8.147571238677521e-07]
ndim2: 500
W_list: [2.4]
L_list: [52.30618888493365]
