R_list= [ 1  2  3  4  5  6  7  8  9 10 11 12 13 14 15 16 17 18 19 20 21 22 23 24
 25 26 27 28 29 30 31 32 33 34 35 36 37 38]
C_final_list= [2.1155337026645617e-06, 1.5751945706812315e-06, 1.1609706857446909e-06, 8.513092839235018e-07, 6.238877242236928e-07, 4.567659742564509e-07, 3.3438062246963285e-07, 2.4422283700027705e-07, 1.7775307849182916e-07, 1.2974071314207666e-07, 9.475919326800823e-08, 6.906551650478669e-08, 5.0162929483543016e-08, 3.625935074733247e-08, 2.6186128755843847e-08, 1.8934747119320743e-08, 1.3664289488492689e-08, 9.901974221882147e-09, 7.150427646530053e-09, 5.130872780524608e-09, 3.7198980696060373e-09, 2.6849909842469732e-09, 1.929834561392504e-09, 1.3910209750811056e-09, 1.0085572121738706e-09, 7.342269204743013e-10, 5.328189257386178e-10, 3.9159508789129397e-10, 2.845683641876511e-10, 2.0516995752819462e-10, 1.4667512350346238e-10, 1.0285489437149872e-10, 7.24498954411468e-11, 5.181780201308572e-11, 3.748982536700827e-11, 2.674163190534196e-11, 1.8982946670930108e-11, 1.3678156630252138e-11]
W_list: [9.4]
L_list: [3.260783299010985]
