C_final_list: [2.329967306684617e-06, 2.247197402251052e-06, 2.1619702701045117e-06, 2.0810718420591335e-06, 2.003242158108491e-06, 1.930239499104478e-06, 1.8601978955020314e-06, 1.7914167681603077e-06, 1.7257187824374438e-06, 1.6614096442457382e-06, 1.5991872574290615e-06, 1.5380668563822888e-06, 1.478870075401076e-06, 1.422213229987724e-06, 1.3672118695588588e-06, 1.3146240137171818e-06, 1.2645690329032503e-06, 1.2159776011959812e-06, 1.1690747094653178e-06, 1.1235863001063867e-06, 1.0798854464284565e-06, 1.0380737103219682e-06, 9.98505471567389e-07, 9.601628494591852e-07, 9.223506932166444e-07, 8.864786554066863e-07, 8.516588884858207e-07, 8.182052716524652e-07, 7.863569753358689e-07, 7.555947191025029e-07, 7.25813637611399e-07, 6.972121088477881e-07, 6.70122520615734e-07, 6.440985814229527e-07, 6.18980791787299e-07, 5.945203399365945e-07, 5.710475377029612e-07, 5.484938667330868e-07, 5.267678109590291e-07, 5.05978575034762e-07, 4.857054737197674e-07, 4.6648266472617104e-07, 4.4778359760457085e-07, 4.299233171243866e-07, 4.126817087203956e-07, 3.9624177466892186e-07, 3.8022870124538995e-07, 3.648979730290151e-07, 3.5012172920827263e-07, 3.3615372094797614e-07]
ndim2: 500
W_list: [2.2]
L_list: [25.587896689933405]
