R_list= [ 1  2  3  4  5  6  7  8  9 10 11 12 13 14 15 16 17 18 19 20 21 22 23 24
 25 26 27 28 29 30 31 32 33 34 35 36 37 38]
C_final_list= [1.2200980816128863e-06, 1.1363874095574773e-06, 1.068734684434228e-06, 1.002986470751824e-06, 9.412881568641281e-07, 8.847417593868476e-07, 8.311741845509712e-07, 7.805860865696517e-07, 7.332242855887811e-07, 6.884290867732563e-07, 6.463434144702429e-07, 6.063712892744095e-07, 5.686488686630251e-07, 5.332090597902163e-07, 4.998376728595077e-07, 4.684969880456351e-07, 4.391042665327906e-07, 4.113887590370317e-07, 3.855198375589473e-07, 3.612503594367587e-07, 3.3861941965537365e-07, 3.172342029920449e-07, 2.971819788352783e-07, 2.7835485292589433e-07, 2.6051212177320467e-07, 2.436831425203292e-07, 2.2801391186235028e-07, 2.133071306021839e-07, 1.9954756446833499e-07, 1.8663769021818078e-07, 1.7450875381986288e-07, 1.6318371737958293e-07, 1.5261719758369286e-07, 1.427050467128938e-07, 1.3333738251466273e-07, 1.245620946412227e-07, 1.1637801978563277e-07, 1.0871928424239124e-07]
W_list: [5]
L_list: [15.586017278314737]
