C_final_list: [2.094649340100781e-06, 1.859408852001829e-06, 1.6468839095923065e-06, 1.4588630479309555e-06, 1.293988180606803e-06, 1.1493317967937155e-06, 1.0190644419810365e-06, 9.03150534405192e-07, 7.996741528110847e-07, 7.082425449060102e-07, 6.27625319152549e-07, 5.555435616460443e-07, 4.925945216636558e-07, 4.366176488034368e-07, 3.8648285666413454e-07, 3.4146756552569195e-07, 3.0168152700137904e-07, 2.6663264484069233e-07, 2.3498792298914948e-07, 2.0669753666368904e-07, 1.8213340268117385e-07, 1.605888362432938e-07, 1.4138506264246878e-07, 1.2471481087276982e-07, 1.1007030194125115e-07, 9.709640362890148e-08, 8.552728266734792e-08, 7.540194470023646e-08, 6.622158156591452e-08, 5.834662131685997e-08, 5.131828073473148e-08, 4.501535527331971e-08, 3.934417972342783e-08, 3.442612879962139e-08, 3.026504138909829e-08, 2.6664852527975465e-08, 2.348541274958139e-08, 2.064286016804751e-08, 1.81813940144414e-08, 1.5998330819305868e-08, 1.4058480556318481e-08, 1.2344730725249355e-08, 1.0841801141924165e-08, 9.513031442896677e-09, 8.363400817878707e-09, 7.3430867968546485e-09, 6.4436526795061774e-09, 5.641810784364064e-09, 4.9400485875309956e-09, 4.302846832182575e-09]
ndim2: 500
W_list: [2.9]
L_list: [8.246897064795041]
