C_list:
1.0398280554182829e-06 0.11185421167062387
ndim2: 500
W_list: [3.4]
L_list: [8.940208732995155]
