R_list= [ 1  2  3  4  5  6  7  8  9 10 11 12 13 14 15 16 17 18 19 20 21 22 23 24
 25 26 27 28 29 30 31 32 33 34 35 36 37 38]
C_final_list= [8.648459909295685e-07, 8.203381169235611e-07, 7.74882107072604e-07, 7.309346693732262e-07, 6.88518510365398e-07, 6.478741415889314e-07, 6.095833344589455e-07, 5.73443332122785e-07, 5.392381963754306e-07, 5.070322592345212e-07, 4.7643722030188474e-07, 4.477856098233996e-07, 4.208569703406172e-07, 3.9567694644507197e-07, 3.7195851584948544e-07, 3.4966487709696063e-07, 3.2871438376674354e-07, 3.0899418075566555e-07, 2.9051496866121747e-07, 2.7294072962392866e-07, 2.5641599144309313e-07, 2.407973581005575e-07, 2.2610092247026674e-07, 2.1218064028191528e-07, 1.9903606910391087e-07, 1.866408101235174e-07, 1.7498210133454789e-07, 1.6399695652010563e-07, 1.5361260775359197e-07, 1.438462184770521e-07, 1.3465703241303846e-07, 1.2609699248843855e-07, 1.180588552773028e-07, 1.105248879895943e-07, 1.0346058214055298e-07, 9.682345231789406e-08, 9.05566372756388e-08, 8.466195485429167e-08]
W_list: [7.2]
L_list: [16.220954614875915]
