R_list= [ 1  2  3  4  5  6  7  8  9 10 11 12 13 14 15 16 17 18 19 20 21 22 23 24
 25 26 27 28 29 30 31 32 33 34 35 36 37 38]
C_final_list= [8.110788151241015e-07, 4.11284973314701e-07, 1.7152587155450067e-07, 6.441455533197851e-08, 2.2681181768029663e-08, 7.707530369518702e-09, 2.590829522233834e-09, 8.674384805110173e-10, 2.8830385701658965e-10, 9.493145552465686e-11, 3.116824287168419e-11, 1.0201337756671557e-11, 3.3599611763687998e-12, 1.1266627551437937e-12, 3.9245920479434526e-13, 1.3924525453029994e-13, 4.925346590359128e-14, 1.7351878683780322e-14, 6.199260994131044e-15, 2.2158882133119246e-15, 7.822731388970087e-16, 2.6905416254876437e-16, 9.046616038492414e-17, 3.125378646154087e-17, 1.1964267208588241e-17, 5.2243139808983434e-18, 2.3274398070173346e-18, 9.091332687094665e-19, 3.0388897592622405e-19, 9.462926366826266e-20, 3.116144380205661e-20, 1.0540815369619052e-20, 3.746861234128076e-21, 1.5018611702391288e-21, 7.105373210402465e-22, 3.9983981743277853e-22, 2.6378405098948344e-22, 1.9998385900415376e-22]
W_list: [5]
L_list: [1.3112747551920214]
