R_list= [ 1  2  3  4  5  6  7  8  9 10 11 12 13 14 15 16 17 18 19 20 21 22 23 24
 25 26 27 28 29 30 31 32]
C_final_list= [2.4687173819442793e-07, 1.6342336470958353e-07, 1.0329786827325611e-07, 6.473479299158333e-08, 4.0474393237866954e-08, 2.5263362593159278e-08, 1.567149036425526e-08, 9.669541263406177e-09, 5.958385498552234e-09, 3.656490554614294e-09, 2.2336442781778255e-09, 1.3622654568439279e-09, 8.304049730149416e-10, 5.076311437903206e-10, 3.096008968184683e-10, 1.8877478787281528e-10, 1.1482217971382225e-10, 7.00243433182612e-11, 4.297840558059807e-11, 2.707650219512425e-11, 1.7462905893736938e-11, 1.130399522060906e-11, 7.356362505187636e-12, 4.859294042104782e-12, 3.2463751581207727e-12, 2.1329677736686527e-12, 1.376201695396284e-12, 8.621298076248314e-13, 5.156818002104187e-13, 3.180948387503591e-13, 2.0730359389365277e-13, 1.3376066070426105e-13]
W_list: [6]
L_list: [2.2395611166364864]
