C_final_list: [2.1164693673238333e-06, 1.8907097785517874e-06, 1.6841775868308242e-06, 1.505889760744004e-06, 1.343379588241751e-06, 1.196587091344949e-06, 1.0662092498892627e-06, 9.468029216040106e-07, 8.411938985489592e-07, 7.468271740330496e-07, 6.619515949673228e-07, 5.865168770075158e-07, 5.217315923141186e-07, 4.6285239347504285e-07, 4.1026108119464656e-07, 3.6346862322635446e-07, 3.219761470940146e-07, 2.8486993082138304e-07, 2.522166172415375e-07, 2.226938141958937e-07, 1.9695500577880587e-07, 1.738972812820723e-07, 1.5350880567124556e-07, 1.355922619607386e-07, 1.1986332722305171e-07, 1.0617283925702994e-07, 9.379661385826221e-08, 8.300680364721014e-08, 7.334687551528945e-08, 6.505482138537072e-08, 5.731471794214617e-08, 5.0566317109915954e-08, 4.463442403568882e-08, 3.938633326979181e-08, 3.474578134006732e-08, 3.0613440926109474e-08, 2.6940626102457644e-08, 2.368438201263585e-08, 2.0859120107696918e-08, 1.8347224722273978e-08, 1.617241183786153e-08, 1.4276113752734297e-08, 1.2641130906978436e-08, 1.1156914714958054e-08, 9.837820899583927e-09, 8.668479958514746e-09, 7.636916522138625e-09, 6.722180661516996e-09, 5.908353810724814e-09, 5.179989619669986e-09]
ndim2: 500
W_list: [2.8]
L_list: [8.508512653878995]
