C_final_list: [2.0752504499035914e-06, 2.0580716017709245e-06, 2.041110325341404e-06, 2.024643012804535e-06, 2.008681944066483e-06, 1.9929679868444604e-06, 1.977623824719774e-06, 1.9625289287493787e-06, 1.9476784085980803e-06, 1.932973766101679e-06, 1.918335704044898e-06, 1.9038306742235519e-06, 1.8895845789013687e-06, 1.8754026332823686e-06, 1.8614951760199918e-06, 1.8477110378966841e-06, 1.8339645845504602e-06, 1.8203851383322881e-06, 1.8067771566295712e-06, 1.7932644140692692e-06, 1.7798670516252377e-06, 1.7665856852767822e-06, 1.7532267661684978e-06, 1.739977521900572e-06, 1.7266626305376773e-06, 1.713703376203932e-06, 1.7008745038317642e-06, 1.6880531114120303e-06, 1.6754451823168577e-06, 1.6627963834860727e-06, 1.6502466643926626e-06, 1.6377571909376724e-06, 1.6253963837072181e-06, 1.6130941204034487e-06, 1.6009178372953922e-06, 1.5887770260949863e-06, 1.576810288655774e-06, 1.564870699989027e-06, 1.5530488915705063e-06, 1.541379404622518e-06, 1.5298617904097948e-06, 1.518354224798414e-06, 1.5069137706847506e-06, 1.4955722754430502e-06, 1.4843432975796091e-06, 1.473224212916853e-06, 1.4621991435428477e-06, 1.4513132368489764e-06, 1.440476491072956e-06, 1.4297009638107141e-06]
ndim2: 500
W_list: [2.2]
L_list: [132.13224013317367]
