C_final_list: [2.141336198206606e-06, 2.031550002293078e-06, 1.924341771504858e-06, 1.8261513303280284e-06, 1.7309809840937698e-06, 1.6403238071649646e-06, 1.5555572841044796e-06, 1.474619999959442e-06, 1.3974577565987314e-06, 1.3236736017851675e-06, 1.2536346797171526e-06, 1.186502855347443e-06, 1.1230865959988613e-06, 1.0622152253604265e-06, 1.0048361680848276e-06, 9.501963555956918e-07, 8.980083623773394e-07, 8.494438775095131e-07, 8.028427597295012e-07, 7.589230187554292e-07, 7.170784977385771e-07, 6.776032169122274e-07, 6.409691658669774e-07, 6.05814290537378e-07, 5.729699831457634e-07, 5.413070965415071e-07, 5.116061610205657e-07, 4.8378189466391e-07, 4.5729419346211344e-07, 4.3204518275504565e-07, 4.086963821015512e-07, 3.863059578636793e-07, 3.6539963772411733e-07, 3.4554856630737736e-07, 3.266655527621851e-07, 3.086931997284753e-07, 2.918510051652258e-07, 2.7557919955117185e-07, 2.6032695338759096e-07, 2.4590233522045647e-07, 2.322772039362341e-07, 2.1926313103916254e-07, 2.069737979701767e-07, 1.9537915637105006e-07, 1.8433091366781707e-07, 1.7389022174012538e-07, 1.6404773252260826e-07, 1.5484039379858414e-07, 1.460667735610333e-07, 1.3790730470016705e-07]
ndim2: 500
W_list: [2.8]
L_list: [18.124116949550704]
