C_final_list: [1.8752798992655877e-06, 1.8313443208176415e-06, 1.7870121201231892e-06, 1.7443633508814253e-06, 1.702464161419915e-06, 1.6618078257201942e-06, 1.6219986009178196e-06, 1.5829709731790774e-06, 1.545213881471154e-06, 1.5080683730832538e-06, 1.4720241912918895e-06, 1.4368745847501464e-06, 1.402720220296231e-06, 1.3692613151477896e-06, 1.3368819900504376e-06, 1.3049235329829949e-06, 1.2735015352014296e-06, 1.2430023714634194e-06, 1.213087030096573e-06, 1.1837562878676274e-06, 1.1554182450665065e-06, 1.1274650403227175e-06, 1.0998388550637488e-06, 1.0728051746318028e-06, 1.0464567364564491e-06, 1.0204985668535692e-06, 9.954164636610139e-07, 9.706577997158303e-07, 9.46534968268321e-07, 9.230107177230389e-07, 8.998862356199102e-07, 8.771551534814389e-07, 8.550663778648677e-07, 8.336286803158587e-07, 8.127541254561919e-07]
ndim2: 500
W_list: [2.2]
L_list: [40.92481156162561]
