R_list= [ 1  2  3  4  5  6  7  8  9 10 11 12 13 14 15 16 17 18 19 20 21 22 23 24
 25 26 27 28 29 30 31 32 33 34 35 36 37 38]
C_final_list= [3.615966964290533e-07, 3.0396494904867155e-07, 2.5261286828705715e-07, 2.0832741595115845e-07, 1.7114044804988465e-07, 1.4039196704303241e-07, 1.1513681594918324e-07, 9.435211283714834e-08, 7.73779667450978e-08, 6.33988578337554e-08, 5.186441549808391e-08, 4.242383810643224e-08, 3.470515265767432e-08, 2.8330086363417243e-08, 2.311886653187616e-08, 1.8895104449474567e-08, 1.5428731145997076e-08, 1.2597518298696871e-08, 1.0277360757065979e-08, 8.372823923108397e-09, 6.819353918913646e-09, 5.549433296907172e-09, 4.5102560262635354e-09, 3.6590523075970476e-09, 2.978012765783347e-09, 2.4200141042298053e-09, 1.9712945308634424e-09, 1.6080920439410644e-09, 1.3078361044120733e-09, 1.0578677847124612e-09, 8.553963491198237e-10, 6.912971916891086e-10, 5.593861138348379e-10, 4.5161803947715464e-10, 3.6461958646300766e-10, 2.941450456638903e-10, 2.3739382584359924e-10, 1.9168211261546886e-10]
W_list: [9.0]
L_list: [5.1719619138843616]
