R_list= [ 1  2  3  4  5  6  7  8  9 10 11 12 13 14 15 16 17 18 19 20 21 22 23 24
 25 26 27 28 29 30 31 32 33 34 35 36 37 38]
C_final_list= [1.0420589360543501e-06, 6.531591540523373e-07, 4.111772932675194e-07, 2.587244160216529e-07, 1.60742025523302e-07, 9.981815999754215e-08, 6.278359898861783e-08, 3.895038170550038e-08, 2.4069296368533332e-08, 1.4704452400648108e-08, 9.04010899183475e-09, 5.557787867157618e-09, 3.46872115127984e-09, 2.1667097015459143e-09, 1.319115949477104e-09, 7.885022257342253e-10, 4.744740867984577e-10, 2.906415195123321e-10, 1.807318044210063e-10, 1.1049098861661871e-10, 6.655826505906311e-11, 4.08021134519695e-11, 2.4922832946590883e-11, 1.4659645019358165e-11, 8.867633314080788e-12, 5.137093959359761e-12, 3.1460176092611777e-12, 1.958248916452879e-12, 1.0453838942171367e-12, 5.641755775434582e-13, 3.286682883994048e-13, 2.0004892199474482e-13, 1.225992302579164e-13, 8.10467547262937e-14, 5.4315923817631197e-14, 3.2259847568398146e-14, 1.769053570302735e-14, 1.1161554631621998e-14]
W_list: [8.4]
L_list: [2.1433242384228626]
