R_list= [ 1  2  3  4  5  6  7  8  9 10 11 12 13 14 15 16 17 18 19 20 21 22 23 24
 25 26 27 28 29 30 31 32 33 34 35 36 37 38]
C_final_list= [2.2999229607047748e-07, 2.0601215723246877e-07, 1.824556252437562e-07, 1.6075343818370092e-07, 1.4115428467986702e-07, 1.2363183015526452e-07, 1.0819436186261644e-07, 9.454225813743645e-08, 8.265077357815858e-08, 7.213567749535266e-08, 6.286782384779235e-08, 5.480925215008107e-08, 4.776273533219737e-08, 4.1631019631834625e-08, 3.624284096355185e-08, 3.146789316274346e-08, 2.7321735198420247e-08, 2.3720630018337673e-08, 2.0596883810180362e-08, 1.7878070455641415e-08, 1.549755532232518e-08, 1.3408412468516129e-08, 1.1598815152668011e-08, 1.0021960320640346e-08, 8.66018602346965e-09, 7.483324894526998e-09, 6.462340387027433e-09, 5.580853067269273e-09, 4.817661272284591e-09, 4.1565907167051025e-09, 3.5902626576095384e-09, 3.10167114370519e-09, 2.6764096458014204e-09, 2.310529790511841e-09, 1.9955746517548544e-09, 1.7245868214810425e-09, 1.490316215613032e-09, 1.2864838109835176e-09]
W_list: [8.0]
L_list: [7.5725273738154835]
