R_list= [ 1  2  3  4  5  6  7  8  9 10 11 12 13 14 15 16 17 18 19 20 21 22 23 24
 25 26 27 28 29 30 31 32 33 34 35 36 37 38]
C_final_list= [1.3884758496297538e-06, 1.1247541113814015e-06, 9.400455260732232e-07, 7.903776043953262e-07, 6.602514300807403e-07, 5.516578575368781e-07, 4.619399651343921e-07, 3.855936906970046e-07, 3.210046103842451e-07, 2.6755379122940736e-07, 2.237814744079362e-07, 1.873238984686217e-07, 1.5659591321755137e-07, 1.3030800923341595e-07, 1.0855801984419094e-07, 9.044935447568833e-08, 7.536617220618353e-08, 6.285768197157956e-08, 5.225843245094632e-08, 4.3447377681297765e-08, 3.617980987573443e-08, 3.011285730396476e-08, 2.4997408054519874e-08, 2.077755150428734e-08, 1.7241304956117724e-08, 1.4240562691127076e-08, 1.1755244963664299e-08, 9.729041133274768e-09, 8.051923677097065e-09, 6.665888047384604e-09, 5.517181900710806e-09, 4.55687857623673e-09, 3.765962174160679e-09, 3.107868630307166e-09, 2.5643457485609295e-09, 2.1207350302536986e-09, 1.749765439372578e-09, 1.442406626774321e-09]
W_list: [5]
L_list: [5.493472762725342]
