R_list= [ 1  2  3  4  5  6  7  8  9 10 11 12 13 14 15 16 17 18 19 20 21 22 23 24
 25 26 27 28 29 30 31 32 33 34 35 36 37 38]
C_final_list= [1.0089775592946523e-06, 6.59772291852979e-07, 3.724019890667194e-07, 1.92091908317465e-07, 9.380066400446387e-08, 4.431381058273647e-08, 2.0557739569966158e-08, 9.44280502437009e-09, 4.318468716688597e-09, 1.9757958004146223e-09, 9.064372284785205e-10, 4.143150139525698e-10, 1.8758924731752122e-10, 8.461412742420597e-11, 3.820943929963054e-11, 1.7351733350233876e-11, 7.960298025510176e-12, 3.718236241815076e-12, 1.7799266973576935e-12, 8.821267533028779e-13, 4.576654323721948e-13, 2.4861706175005437e-13, 1.4239869864379256e-13, 8.377169702362637e-14, 4.691264788725951e-14, 2.515530033851313e-14, 1.2902639277869183e-14, 6.096876024434941e-15, 2.6972764793784e-15, 1.1566484448409412e-15, 5.008623358853576e-16, 2.2467829946535805e-16, 1.0647713322957602e-16, 5.124967792418527e-17, 2.5191336169143815e-17, 1.3360554928914658e-17, 7.725802853901545e-18, 4.744001016055255e-18]
W_list: [4]
L_list: [1.8716237705532393]
