C_list:
1.9500130327096923e-06 0.06426484093271359
ndim2: 500
W_list: [1.4]
L_list: [15.560608032112263]
