C_final_list: [2.016266692037388e-06, 1.997448130934559e-06, 1.9792864814226074e-06, 1.961648744138759e-06, 1.9445695542115226e-06, 1.927833872248703e-06, 1.911545395979621e-06, 1.8953928817578976e-06, 1.879716754001558e-06, 1.8639654049635035e-06, 1.8483592402289211e-06, 1.8328686374858019e-06, 1.8177525965598462e-06, 1.8025465420576249e-06, 1.7873275087889537e-06, 1.7723950382550429e-06, 1.7575048814112833e-06, 1.742785338408053e-06, 1.7280788993221144e-06, 1.7136895026340785e-06, 1.699176335378348e-06, 1.6849448452029767e-06, 1.6708469180601693e-06, 1.6570498627304567e-06, 1.6433330144748008e-06, 1.6296807191204776e-06, 1.6160042506988837e-06, 1.6025300632725634e-06, 1.5891747631844889e-06, 1.575984777917181e-06, 1.562883245957979e-06, 1.5498261177027042e-06, 1.5369913911259232e-06, 1.5242969890550486e-06, 1.511654468850798e-06, 1.499194716494202e-06, 1.4868544306810854e-06, 1.4742950458606716e-06, 1.4620133751841035e-06, 1.449683198025546e-06, 1.4373743641715794e-06, 1.4251481528388e-06, 1.4130574415722901e-06, 1.4009945842796986e-06, 1.3891414688740559e-06, 1.3772975764502315e-06, 1.3657252321873937e-06, 1.3543247967658089e-06, 1.3429867584174953e-06, 1.3317411392482166e-06]
ndim2: 500
W_list: [2.4]
L_list: [118.84161087324675]
