C_list:
1.4115805623139997e-06 0.013520852453107772
ndim2: 500
W_list: [1.5999999999999999]
L_list: [73.95983378031389]
