R_list= [ 1  2  3  4  5  6  7  8  9 10 11 12 13 14 15 16 17 18 19 20 21 22 23 24
 25 26 27 28 29 30 31 32 33 34 35 36 37 38]
C_final_list= [2.3494560139900813e-07, 2.0941029533310344e-07, 1.844745666937761e-07, 1.6160072849644806e-07, 1.4099579420258153e-07, 1.2260706492308055e-07, 1.0653019534793927e-07, 9.255200164482303e-08, 8.041346408237735e-08, 6.976371391730731e-08, 6.046299806201325e-08, 5.2336545515933245e-08, 4.535309653122083e-08, 3.9264327280006496e-08, 3.393208496014263e-08, 2.9304680078394548e-08, 2.5260418599520345e-08, 2.1765968005479434e-08, 1.8732297374645393e-08, 1.6112195023357567e-08, 1.3852954676999178e-08, 1.1902078439533825e-08, 1.0216982269678756e-08, 8.784836659885515e-09, 7.545511701925711e-09, 6.481241343731727e-09, 5.568337494426223e-09, 4.7779940975858e-09, 4.097597249144011e-09, 3.518674208137899e-09, 3.0182572782305934e-09, 2.58891185364811e-09, 2.2209910506770342e-09, 1.9026531848403275e-09, 1.6297740600623807e-09, 1.3977689590140379e-09, 1.2003822060708318e-09, 1.0321110078085357e-09]
W_list: [8.6]
L_list: [7.249276792779874]
