R_list= [ 1  2  3  4  5  6  7  8  9 10 11 12 13 14 15 16 17 18 19 20 21 22 23 24
 25 26 27 28 29 30 31 32 33 34 35 36 37 38]
C_final_list= [1.2653914802076059e-06, 1.218341227468506e-06, 1.1748639400723061e-06, 1.1323511679278439e-06, 1.0912363961264126e-06, 1.051329925281481e-06, 1.0133116249120693e-06, 9.768080021350587e-07, 9.41473727266234e-07, 9.071833951351299e-07, 8.739943297505945e-07, 8.421041489484926e-07, 8.112037077995712e-07, 7.815012281898223e-07, 7.529868888621681e-07, 7.254835102555064e-07, 6.986781792977909e-07, 6.728204622818908e-07, 6.478107384397376e-07, 6.236291608259972e-07, 6.004743154214518e-07, 5.77916349642079e-07, 5.561491267977643e-07, 5.351466275047082e-07, 5.149372401756047e-07, 4.953649333457367e-07, 4.7647756433553293e-07, 4.5825997498465726e-07, 4.4089857963930814e-07, 4.2411418680915426e-07, 4.0777010124963464e-07, 3.920000763638468e-07, 3.767811625553614e-07, 3.621473451506639e-07, 3.480471815901382e-07, 3.3459738429051544e-07, 3.216339072452018e-07, 3.0918709702899297e-07]
W_list: [5]
L_list: [26.53770445065215]
