R_list= [ 1  2  3  4  5  6  7  8  9 10 11 12 13 14 15 16 17 18 19 20 21 22 23 24
 25 26 27 28 29 30 31 32 33 34 35 36 37 38]
C_final_list= [9.744595671467596e-07, 8.364002014321623e-07, 7.257776335218228e-07, 6.259414016343723e-07, 5.397475055812052e-07, 4.647901000350401e-07, 3.9974174791815824e-07, 3.4360105588996174e-07, 2.952712739448882e-07, 2.5337898492449636e-07, 2.1729221724011187e-07, 1.8604218179123583e-07, 1.593215052685741e-07, 1.3653729202039997e-07, 1.1679914502587583e-07, 9.969129945084552e-08, 8.525447837634648e-08, 7.278714921903802e-08, 6.208801140636405e-08, 5.291082651456301e-08, 4.524513108260913e-08, 3.8756583072962244e-08, 3.310059547671186e-08, 2.8290313871763283e-08, 2.416035771519694e-08, 2.0659810537496546e-08, 1.767062288779919e-08, 1.5118038122977923e-08, 1.2902588631365667e-08, 1.1003473419369512e-08, 9.382603883239671e-09, 8.014069212009217e-09, 6.8742684469745815e-09, 5.883337619864259e-09, 5.039359139798532e-09, 4.32140400224701e-09, 3.700966064245418e-09, 3.164479143270648e-09]
W_list: [6]
L_list: [6.641825218273766]
