C_final_list: [1.6864578162006214e-06, 1.5314606164331431e-06, 1.3869789702097562e-06, 1.2594301260523786e-06, 1.143467041021565e-06, 1.0374752906646271e-06, 9.41841355804909e-07, 8.554322062077406e-07, 7.758243339167899e-07, 7.040317287295274e-07, 6.395095739967185e-07, 5.798051480966609e-07, 5.257793757722909e-07, 4.7676431259986467e-07, 4.328532038535598e-07, 3.929937143550675e-07, 3.575022397383072e-07, 3.25309550329743e-07, 2.956985473389878e-07, 2.689291327626122e-07, 2.4432207357984176e-07, 2.2180994651032657e-07, 2.013133832401092e-07, 1.829543366963886e-07, 1.6614873077605118e-07, 1.5101328513823213e-07, 1.3718793570026442e-07, 1.244569464874516e-07, 1.1265346921286887e-07, 1.0195285343132773e-07, 9.229563098771534e-08, 8.354222203277812e-08, 7.557961183609009e-08, 6.824749195093764e-08, 6.146794620235069e-08, 5.540814345471044e-08, 4.9995494960530436e-08, 4.514641626519092e-08, 4.0658692296087475e-08, 3.671101771668127e-08, 3.313391212139372e-08, 2.989584034203711e-08, 2.6937729695330126e-08, 2.424029426108427e-08, 2.1809694376828236e-08, 1.9638981349326322e-08, 1.7688279549876444e-08, 1.5939138063164993e-08, 1.4346020379377413e-08, 1.2930013463282573e-08]
ndim2: 500
W_list: [3.6]
L_list: [10.316806492517621]
