C_final_list: [1.8921018727092076e-06, 1.7892579763357977e-06, 1.6869270072703125e-06, 1.5895336349006355e-06, 1.4968940012410846e-06, 1.4094801008871792e-06, 1.3279006156721872e-06, 1.2504325802523006e-06, 1.1776005718696837e-06, 1.1085991044487096e-06, 1.043255044418123e-06, 9.826835821130385e-07, 9.261164096872529e-07, 8.71476196635805e-07, 8.203561062658947e-07, 7.728751927168769e-07, 7.276062401016596e-07, 6.850318360227402e-07, 6.445202876149945e-07, 6.061965619526859e-07, 5.696125842509296e-07, 5.35676735203278e-07, 5.044648618591118e-07, 4.744125146305471e-07, 4.4593182078245013e-07, 4.190710913695133e-07, 3.9448590065714805e-07, 3.7122154349369945e-07, 3.494935661908114e-07, 3.288915351791099e-07, 3.0946321465384155e-07, 2.910262069411312e-07, 2.7359401802657706e-07, 2.574548559811733e-07, 2.420414076182869e-07]
ndim2: 500
W_list: [2.4]
L_list: [16.595793008180507]
