R_list= [ 1  2  3  4  5  6  7  8  9 10 11 12 13 14 15 16 17 18 19 20 21 22 23 24
 25 26 27 28 29 30 31 32 33 34 35 36 37 38]
C_final_list= [1.4156030867091743e-06, 1.3394990410885707e-06, 1.2666504593049901e-06, 1.1978667664155683e-06, 1.1326350560752606e-06, 1.0710240555011842e-06, 1.0128104953896656e-06, 9.579092340018664e-07, 9.064443131395953e-07, 8.578032220858638e-07, 8.119894721855775e-07, 7.683755887740232e-07, 7.274814684453851e-07, 6.878952843381802e-07, 6.505332177241166e-07, 6.151487465958097e-07, 5.813986476997823e-07, 5.498059892907288e-07, 5.195549530926343e-07, 4.908965492191107e-07, 4.6367753952414335e-07, 4.3769080388991775e-07, 4.132155145016454e-07, 3.901147769444509e-07, 3.683823836038941e-07, 3.478259034948193e-07, 3.2832747272329347e-07, 3.098384372106853e-07, 2.9258483781791525e-07, 2.7618235496104977e-07, 2.6085494599926065e-07, 2.462759598074208e-07, 2.3233729277653937e-07, 2.1923225004935486e-07, 2.069150949276191e-07, 1.9520690835955603e-07, 1.8418682658308076e-07, 1.737811659913029e-07]
W_list: [5]
L_list: [17.82404390031234]
