C_list:
1.0327786830163814e-06 0.11138927510075998
ndim2: 500
W_list: [3.4]
L_list: [8.977524982503251]
