R_list= [ 1  2  3  4  5  6  7  8  9 10 11 12 13 14 15 16 17 18 19 20 21 22 23 24
 25 26 27 28 29 30 31 32 33 34 35 36 37 38]
C_final_list= [8.106174127821483e-07, 4.126038880585525e-07, 1.7361092400389942e-07, 6.59217240813985e-08, 2.3646491884843998e-08, 8.217152214846127e-09, 2.8155154257484297e-09, 9.518037433535013e-10, 3.168937048948078e-10, 1.0337791075176881e-10, 3.331336187966825e-11, 1.0695004316060496e-11, 3.436566306781084e-12, 1.1183181354258434e-12, 3.6748266782461753e-13, 1.214427533698456e-13, 4.014109113202449e-14, 1.3197780080801232e-14, 4.368299577239644e-15, 1.4700593323044741e-15, 5.053745614566603e-16, 1.7661130175368654e-16, 6.136281683285661e-17, 2.1317823991653118e-17, 7.443432378078903e-18, 2.6209091495480845e-18, 9.29943863534899e-19, 3.321097407486587e-19, 1.18039975179882e-19, 4.252745340169719e-20, 1.5909919301329804e-20, 6.295077238809988e-21, 2.6430819028461957e-21, 1.1944352736923042e-21, 6.055263584261107e-22, 3.6152439812049405e-22, 2.5335069722217633e-22, 1.9911321460765867e-22]
W_list: [5]
L_list: [1.319865875524352]
