R_list= [ 1  2  3  4  5  6  7  8  9 10 11 12 13 14 15 16 17 18 19 20 21 22 23 24
 25 26 27 28 29 30 31 32 33 34 35 36 37 38]
C_final_list= [3.601864174360764e-05, 2.3412081347375805e-05, 1.5163821366033756e-05, 9.791131122118502e-06, 6.3174638432170805e-06, 4.074167078666449e-06, 2.624109324729804e-06, 1.6889260782770177e-06, 1.0868482803403685e-06, 6.984944880852328e-07, 4.4810356071168385e-07, 2.8781021804090945e-07, 1.8432892800908272e-07, 1.1814500412164333e-07, 7.604287913699131e-08, 4.897791506316597e-08, 3.151745798624248e-08, 2.0116920538912204e-08, 1.2916226948119418e-08, 8.3347213632196e-09, 5.418409062836769e-09, 3.533212663836355e-09, 2.2877854389832093e-09, 1.4754391619932054e-09, 9.510249416651133e-10, 6.088664641524758e-10, 3.876623390731292e-10, 2.4978059173396095e-10, 1.57766417844555e-10, 9.988974649067838e-11, 6.202738059220509e-11, 3.846849670685673e-11, 2.4612285836664814e-11, 1.558332996146543e-11, 9.824411109335543e-12, 6.052004934099891e-12, 3.745126167130924e-12, 2.394716000129776e-12]
W_list: [8.2]
L_list: [2.3009577932785192]
