R_list= [ 1  2  3  4  5  6  7  8  9 10 11 12 13 14 15 16 17 18 19 20 21 22 23 24
 25 26 27 28 29 30 31 32 33 34 35 36 37 38]
C_final_list= [3.686776981875777e-05, 2.4235852152755072e-05, 1.5878330712332254e-05, 1.0387039273721359e-05, 6.7729367078207904e-06, 4.416901085180346e-06, 2.872541615567792e-06, 1.8669619833184108e-06, 1.212274688815619e-06, 7.886839696427319e-07, 5.123005682210443e-07, 3.340962848755238e-07, 2.1778480143530292e-07, 1.421486038168629e-07, 9.297865800515138e-08, 6.071189109857896e-08, 3.951716384496357e-08, 2.5632889068116794e-08, 1.6657833627861398e-08, 1.0772871715150975e-08, 6.981448258304014e-09, 4.568797574473789e-09, 2.979934507207368e-09, 1.948729703287368e-09, 1.2630430618384521e-09, 8.245658789134311e-10, 5.301003326872794e-10, 3.374341893734123e-10, 2.16242556311979e-10, 1.3892373383824317e-10, 8.998692541297614e-11, 5.84404995032696e-11, 3.802828230286992e-11, 2.4751829158583743e-11, 1.5992105100515325e-11, 1.0570061983318736e-11, 6.844349645791997e-12, 4.223496639313093e-12]
W_list: [8.1]
L_list: [2.362867116687294]
