R_list= [ 1  2  3  4  5  6  7  8  9 10 11 12 13 14 15 16 17 18 19 20 21 22 23 24
 25 26 27 28 29 30 31 32 33 34 35 36 37 38]
C_final_list= [3.5521519754266957e-05, 2.305399078834833e-05, 1.4892244617496192e-05, 9.592750842167968e-06, 6.174128882301258e-06, 3.9785019854276364e-06, 2.5566613424190973e-06, 1.6455803414735553e-06, 1.0567846739355983e-06, 6.780153435555211e-07, 4.337865810202859e-07, 2.768667203416873e-07, 1.766300896827681e-07, 1.129822933896755e-07, 7.171547074902679e-08, 4.555445437608988e-08, 2.865327008365094e-08, 1.813370872027186e-08, 1.1463947397018661e-08, 7.2432732863883495e-09, 4.585438869442694e-09, 2.90986087151475e-09, 1.8634942128267484e-09, 1.1771746870254426e-09, 7.452156333317467e-10, 4.766840807046847e-10, 3.0622502146614856e-10, 1.9462573433214495e-10, 1.2521511063464098e-10, 7.973849263697993e-11, 5.1109875304859926e-11, 3.202382556801192e-11, 1.9638997184771904e-11, 1.1974326615110916e-11, 7.425019260007705e-12, 4.614706708633121e-12, 2.8687828739841825e-12, 1.816854765547829e-12]
W_list: [8.25]
L_list: [2.290173420751128]
