R_list= [ 1  2  3  4  5  6  7  8  9 10 11 12 13 14 15 16 17 18 19 20 21 22 23 24
 25 26 27 28 29 30 31 32 33 34 35 36 37 38]
C_final_list= [1.8942388639414484e-06, 1.4664549557720236e-06, 1.0649474531225024e-06, 7.589463761285705e-07, 5.420426091712985e-07, 3.90010365041331e-07, 2.8205717639071576e-07, 2.0426328983090057e-07, 1.4773930532862503e-07, 1.0661209423027799e-07, 7.680199963359265e-08, 5.525712048059725e-08, 3.9743386479189975e-08, 2.860588685718201e-08, 2.0626780645791428e-08, 1.4864971522284653e-08, 1.067157420401133e-08, 7.641133728784436e-09, 5.458182874891899e-09, 3.889631619162154e-09, 2.7730238244798407e-09, 1.9819936162693853e-09, 1.4223524284278068e-09, 1.0234665118606701e-09, 7.370216187153965e-10, 5.303799948843323e-10, 3.8138601121442643e-10, 2.738341740798511e-10, 1.9636116788291955e-10, 1.40280759472105e-10, 9.986836223470307e-11, 7.102286140267632e-11, 5.057429954613589e-11, 3.610856915496682e-11, 2.570079799674347e-11, 1.8212205706550945e-11, 1.279996996954153e-11, 8.867965034426692e-12]
W_list: [4]
L_list: [3.193560451279483]
