R_list= [ 1  2  3  4  5  6  7  8  9 10 11 12 13 14 15 16 17 18 19 20 21 22 23 24
 25 26 27 28 29 30 31 32 33 34 35 36 37 38]
C_final_list= [9.130881889457411e-07, 8.348420305606005e-07, 7.598549859123344e-07, 6.902766675819437e-07, 6.257651438308135e-07, 5.666592087769855e-07, 5.127931136417967e-07, 4.6398744731644893e-07, 4.1979820211805683e-07, 3.7936872620398705e-07, 3.4243717593644644e-07, 3.091608279768717e-07, 2.7887210848023357e-07, 2.514091678033459e-07, 2.2667191656885911e-07, 2.0433908604941843e-07, 1.8399634309831258e-07, 1.6579605589560123e-07, 1.4931942321566553e-07, 1.34440106639425e-07, 1.2085971450445114e-07, 1.0866179874394297e-07, 9.782882597547166e-08, 8.812034272685233e-08, 7.932908528184207e-08, 7.138657434839207e-08, 6.415854372455195e-08, 5.765915628499131e-08, 5.178621458431982e-08, 4.642602072593643e-08, 4.1588683891006005e-08, 3.7282473995482186e-08, 3.340203140128901e-08, 2.9949553563855784e-08, 2.6838674496851413e-08, 2.40461862161454e-08, 2.1538365811800196e-08, 1.9286369028040873e-08]
W_list: [7.4]
L_list: [9.942772310668255]
