C_list:
1.7330928104050939e-06 0.0445344126897214
ndim2: 500
W_list: [1.5999999999999999]
L_list: [22.45454558853543]
