C_final_list: [2.3147723776633898e-06, 2.1369417327017774e-06, 1.9660817911003855e-06, 1.8083780992536472e-06, 1.6650883010050705e-06, 1.5303826399387111e-06, 1.4069916133194947e-06, 1.2951247674629103e-06, 1.192399440166264e-06, 1.097107036599579e-06, 1.007998461415315e-06, 9.277128243131438e-07, 8.536078697202555e-07, 7.836255449203399e-07, 7.18708528573917e-07, 6.586080324428917e-07, 6.038973107225543e-07, 5.529298448425895e-07, 5.065486559450672e-07, 4.6371085286148516e-07, 4.2432550938966073e-07, 3.879142329775854e-07, 3.545927825313003e-07, 3.2450358361693936e-07, 2.9693940410037416e-07, 2.718488329259718e-07, 2.485446579578397e-07, 2.2753926854490588e-07, 2.0786116915662194e-07, 1.899312286318951e-07, 1.73754419543122e-07, 1.5874532668032908e-07, 1.453549798087891e-07, 1.331100999296143e-07, 1.2187992375180592e-07, 1.1160052354230506e-07, 1.0210601621175945e-07, 9.352035797232829e-08, 8.54830997825881e-08, 7.822141947780784e-08, 7.15930635914557e-08, 6.546067816929568e-08, 5.992430667174424e-08, 5.471114286907199e-08, 5.0025173333040926e-08, 4.575705922614524e-08, 4.1846611605625694e-08, 3.816888863271263e-08, 3.4857372771223557e-08, 3.180855076091524e-08]
ndim2: 500
W_list: [2.0]
L_list: [11.771818832607929]
