C_final_list: [2.2717797147559925e-06, 2.102374942625868e-06, 1.9365837213105968e-06, 1.78509113017527e-06, 1.646067609266257e-06, 1.519554515708455e-06, 1.4029097775368918e-06, 1.2947744706598876e-06, 1.1947771982326425e-06, 1.1036889141416833e-06, 1.016776510760611e-06, 9.385272788427534e-07, 8.649832306020661e-07, 7.98707281622978e-07, 7.371587515488333e-07, 6.813713303309509e-07, 6.295336029943376e-07, 5.814769787363494e-07, 5.372754492601825e-07, 4.959183669094707e-07, 4.572815630672208e-07, 4.210440629039105e-07, 3.8788450568674667e-07, 3.5738954630796624e-07, 3.287163737664189e-07, 3.0266641579711355e-07, 2.784291384127603e-07, 2.560041927754398e-07, 2.3517746788576153e-07, 2.1589069278904836e-07, 1.9814242497411373e-07, 1.8203001058794185e-07, 1.6701073249387478e-07, 1.534712975063392e-07, 1.4095218143847423e-07]
ndim2: 500
W_list: [2.0]
L_list: [12.411562956263205]
