C_final_list: [1.6045682030015484e-06, 1.2619877043286876e-06, 9.911697101218492e-07, 7.810914246430309e-07, 6.14625492049003e-07, 4.812789100215254e-07, 3.758349829833722e-07, 2.9393429051230245e-07, 2.293871596000316e-07, 1.7893074387561424e-07, 1.3999551545646377e-07, 1.0917862337367427e-07, 8.522900758375356e-08, 6.647561524709026e-08, 5.140723410154168e-08, 3.981632681054929e-08, 3.0874110462778784e-08, 2.4029870030085005e-08, 1.860377874342445e-08, 1.4350107125739638e-08, 1.1078875346565017e-08, 8.453745383755007e-09, 6.469530820513738e-09, 4.961830229833997e-09, 3.824967780539098e-09, 2.9340362582866023e-09, 2.2371616473980793e-09, 1.6715475634467218e-09, 1.2685429867884571e-09, 9.678000446949846e-10, 7.469869164949615e-10, 5.748529548869309e-10, 4.40276590625002e-10, 3.3827438283008636e-10, 2.600895328593276e-10, 2.0076820459189272e-10, 1.5501463278034492e-10, 1.1943109496638505e-10, 9.174157276049749e-11, 7.043612835238817e-11, 5.495036676376354e-11, 4.2451952108898413e-11, 3.29093041663756e-11, 2.578840792151337e-11, 1.9966352288042352e-11, 1.590119385579914e-11, 1.2672402978137307e-11, 1.0246404203914633e-11, 8.266747425123626e-12, 6.856153662907492e-12]
ndim2: 500
W_list: [4.2]
L_list: [4.125853953522955]
