C_final_list: [1.0563161486708504e-06, 1.018572756134093e-06, 9.802730069330225e-07, 9.427819473535295e-07, 9.06363343170974e-07, 8.710043721093124e-07, 8.367455546085615e-07, 8.036095967645924e-07, 7.719353965335419e-07, 7.413248199375477e-07, 7.116685732537643e-07, 6.830636940068289e-07, 6.559629758114233e-07, 6.299939215704693e-07, 6.049425035230563e-07, 5.810431792606215e-07, 5.579365742140504e-07, 5.356727774178506e-07, 5.141250913724456e-07, 4.936173960475857e-07, 4.739438450384655e-07, 4.549851496527148e-07, 4.368295997363532e-07, 4.192893708055009e-07, 4.022805139045725e-07, 3.8596165682785773e-07, 3.7042373670177024e-07, 3.554916631531201e-07, 3.411646425660101e-07, 3.273290167838076e-07, 3.1391344862106843e-07, 3.0109606700597057e-07, 2.8890239205035166e-07, 2.7716951708987997e-07, 2.65937015508856e-07, 2.5523087803208566e-07, 2.448641098160734e-07, 2.348099792238629e-07, 2.2519638464894372e-07, 2.1585651627666864e-07, 2.06935421096124e-07, 1.9827597685326847e-07, 1.8994733800447393e-07, 1.8198337451412846e-07, 1.7437596349678382e-07, 1.6703642365385558e-07, 1.6000313330587772e-07, 1.5328184307989783e-07, 1.4678829885837882e-07, 1.4059116912536122e-07]
ndim2: 500
W_list: [3.8]
L_list: [24.550492098267075]
