R_list= [ 1  2  3  4  5  6  7  8  9 10 11 12 13 14 15 16 17 18 19 20 21 22 23 24
 25 26 27 28 29 30 31 32 33 34 35 36 37 38]
C_final_list= [3.456935248795716e-07, 3.109885753501215e-07, 2.7679038533399896e-07, 2.4545243224767566e-07, 2.1677393971097867e-07, 1.911839769449059e-07, 1.6827719383826264e-07, 1.4798304744252963e-07, 1.299862939063097e-07, 1.1406569332169653e-07, 1.000346681594278e-07, 8.76778823798153e-08, 7.681479662783376e-08, 6.727574486161896e-08, 5.8928006106351933e-08, 5.1621348238057036e-08, 4.517763610025173e-08, 3.94795623783152e-08, 3.445504495542212e-08, 3.0053782963674025e-08, 2.6178738473093522e-08, 2.280744755909093e-08, 1.9872654349424742e-08, 1.7288575637478965e-08, 1.5044933361226275e-08, 1.3078013969541093e-08, 1.1369178125658024e-08, 9.877234561898577e-09, 8.574434731971005e-09, 7.4461437558359996e-09, 6.4633241077023606e-09, 5.605279150629916e-09, 4.866661602790958e-09, 4.2194352774355165e-09, 3.65901837442331e-09, 3.1732169938977015e-09, 2.7526825984963826e-09, 2.3876820063097862e-09]
W_list: [8.6]
L_list: [7.9004265598736865]
