R_list= [ 1  2  3  4  5  6  7  8  9 10 11 12 13 14 15 16 17 18 19 20 21 22 23 24
 25 26 27 28 29 30 31 32 33 34 35 36 37 38]
C_final_list= [1.0419185084540295e-06, 6.558596023001723e-07, 4.124052928903399e-07, 2.586590423972294e-07, 1.607970666988564e-07, 1.0109644404486652e-07, 6.33142584046021e-08, 3.9726985146753945e-08, 2.4927860762863103e-08, 1.5557163000744956e-08, 9.767214586713264e-09, 6.180907239032948e-09, 3.840213996072578e-09, 2.4029605693892657e-09, 1.4923027859143715e-09, 9.372097820053461e-10, 5.772011260239557e-10, 3.6488715836805065e-10, 2.211460000986263e-10, 1.356889956231261e-10, 8.438073536638021e-11, 5.322246975188123e-11, 3.270923804376474e-11, 1.9282977930996568e-11, 1.176737824442647e-11, 7.503619777512005e-12, 4.920585196898722e-12, 3.2575422996521293e-12, 2.3741876532445326e-12, 1.643454710764506e-12, 1.0399911716539734e-12, 7.202713868239528e-13, 4.614867993853132e-13, 2.758971566844903e-13, 1.5654412219247871e-13, 8.163914043421664e-14, 4.3880597914411183e-14, 2.491237491791677e-14]
W_list: [8.200000000000001]
L_list: [2.1498605445931935]
