C_final_list: [1.5271788362393855e-06, 1.3515971750372997e-06, 1.1909978259163825e-06, 1.0488872207039208e-06, 9.228538249853437e-07, 8.125401201629796e-07, 7.158909316794826e-07, 6.292632987527958e-07, 5.523588387311617e-07, 4.837692871158828e-07, 4.2266951430184426e-07, 3.703516276040202e-07, 3.2402799582307976e-07, 2.8279457715166806e-07, 2.463656037048671e-07, 2.1509562739532288e-07, 1.8771566450947243e-07, 1.6344505342737383e-07, 1.4202646985706763e-07, 1.2351655791753334e-07, 1.0776006360237703e-07, 9.375743350375189e-08, 8.151630463274112e-08, 7.117405527205359e-08, 6.205541057657526e-08, 5.421721772339412e-08, 4.7415801178123464e-08, 4.147301744130195e-08, 3.617691260412212e-08, 3.16032151975862e-08, 2.763900213070165e-08, 2.4046347329580795e-08, 2.0916724223713524e-08, 1.818924458800543e-08, 1.581629705656804e-08, 1.3768219619074975e-08, 1.201730767347656e-08, 1.0488364109958516e-08, 9.112876060237387e-09, 7.921445631783914e-09, 6.8933450683797705e-09, 6.012804373373867e-09, 5.241478177979123e-09, 4.574535859253878e-09, 3.962869447288466e-09, 3.4275391129267692e-09, 2.9762718230963156e-09, 2.570355481823404e-09, 2.222933874869799e-09, 1.9297032219465875e-09]
ndim2: 500
W_list: [4.0]
L_list: [7.690488952505146]
