C_final_list: [2.2540791982453586e-06, 2.1617997041072297e-06, 2.0709637141868606e-06, 1.9828800833887466e-06, 1.8988969828381141e-06, 1.8190234708461248e-06, 1.7415747363157148e-06, 1.6665992416552663e-06, 1.595567741768588e-06, 1.5285008048767236e-06, 1.4648442723922487e-06, 1.4026227146506724e-06, 1.3427074646432756e-06, 1.2850983443885009e-06, 1.2294259508548408e-06, 1.176675901994092e-06, 1.127243613386566e-06, 1.078588716465332e-06, 1.0321435219142681e-06, 9.880543098904648e-07, 9.453097665630818e-07, 9.046888490683127e-07, 8.655741050521804e-07, 8.283314608520427e-07, 7.92479977561185e-07, 7.580268811507461e-07, 7.251119995777394e-07, 6.935432408307267e-07, 6.633253437691143e-07, 6.342198917565437e-07, 6.064902582493921e-07, 5.792385206060315e-07, 5.537520123720466e-07, 5.28940442006519e-07, 5.051593392865061e-07, 4.82189372763856e-07, 4.6015028512931337e-07, 4.39200363435351e-07, 4.190221784055853e-07, 3.99952284113955e-07, 3.816568039431947e-07, 3.6430314461774676e-07, 3.4786011639186845e-07, 3.3199819461379615e-07, 3.168995271573898e-07, 3.0231153483762815e-07, 2.8830608694366015e-07, 2.749364480230831e-07, 2.6226335036634836e-07, 2.5014510633135514e-07]
ndim2: 500
W_list: [2.4]
L_list: [22.70025675803742]
