C_list:
1.9742656374720426e-06 0.12145965762235086
ndim2: 500
W_list: [2.2]
L_list: [8.233186389420393]
