R_list= [ 1  2  3  4  5  6  7  8  9 10 11 12 13 14 15 16 17 18 19 20 21 22 23 24
 25 26 27 28 29 30 31 32 33 34 35 36 37 38]
C_final_list= [1.0988119393673087e-07, 6.054393563811386e-08, 3.148509202617239e-08, 1.6100743764495625e-08, 8.125187814201401e-09, 4.041749516825402e-09, 2.0005921638996666e-09, 9.968206253651608e-10, 4.930716134062818e-10, 2.4360856361142955e-10, 1.2120224397087513e-10, 6.045937046716132e-11, 3.032902989901123e-11, 1.5368714364193634e-11, 7.855117532938036e-12, 3.949533502531594e-12, 2.0086500418471596e-12, 1.0428042668352219e-12, 5.566468547294792e-13, 2.9670194914809036e-13, 1.6911981570438297e-13, 8.844845406213907e-14, 4.12617681789993e-14, 2.0512980246704515e-14, 9.877640560551248e-15, 4.831679781945973e-15, 2.2264893418868477e-15, 1.0343649482177412e-15, 5.068173399597441e-16, 2.593468933628567e-16, 1.2484364998109868e-16, 5.195234770391941e-17, 2.0422656503390847e-17, 8.091433456246182e-18, 3.237928169225456e-18, 1.4046053248121626e-18, 6.549943904089756e-19, 3.90842801929561e-19]
W_list: [7]
L_list: [1.5916030655630322]
