R_list= [ 1  2  3  4  5  6  7  8  9 10 11 12 13 14 15 16 17 18 19 20 21 22 23 24
 25 26 27 28 29 30 31 32]
C_final_list= [7.431591334194109e-07, 6.812243100053913e-07, 6.239524757455914e-07, 5.705394031025198e-07, 5.219164682313834e-07, 4.767641149200959e-07, 4.3584692025694837e-07, 3.9811112197919523e-07, 3.637232948253619e-07, 3.323454623737318e-07, 3.037064390888884e-07, 2.7731714615783566e-07, 2.533373719755293e-07, 2.3113801786953633e-07, 2.1105060698660765e-07, 1.9252443969913283e-07, 1.7547110138153248e-07, 1.600356956908521e-07, 1.459152571712292e-07, 1.329464401951567e-07, 1.21082188359733e-07, 1.1030489023336866e-07, 1.004416037659824e-07, 9.151003833500808e-08, 8.333821585272767e-08, 7.587091200404292e-08, 6.894945743703621e-08, 6.269762015338817e-08, 5.7039798729599256e-08, 5.1876438271879366e-08, 4.718818493999394e-08, 4.294070978505613e-08]
W_list: [6]
L_list: [11.039849933098637]
