R_list= [ 1  2  3  4  5  6  7  8  9 10 11 12 13 14 15 16 17 18 19 20 21 22 23 24
 25 26 27 28 29 30 31 32 33 34 35 36 37 38]
C_final_list= [3.775684552385833e-07, 3.185093278599701e-07, 2.6496304603912837e-07, 2.1913866775003134e-07, 1.804842303319805e-07, 1.4817432340788514e-07, 1.2144270090403568e-07, 9.954915216189973e-08, 8.15244363436026e-08, 6.676495788817152e-08, 5.468402049471469e-08, 4.486465509590254e-08, 3.675947287230228e-08, 2.998926012739721e-08, 2.4390474584565066e-08, 1.977844401189073e-08, 1.6001245717435696e-08, 1.2980872397410119e-08, 1.053392286714129e-08, 8.552657026633484e-09, 6.951973322694075e-09, 5.65434360919893e-09, 4.592290037935155e-09, 3.72527550494324e-09, 3.0164173871070292e-09, 2.4406030492400214e-09, 1.9760187073977678e-09, 1.6015335415094508e-09, 1.2998183626034551e-09, 1.0535324160014308e-09, 8.537082668765524e-10, 6.922435534209217e-10, 5.614112617821395e-10, 4.552330831851724e-10, 3.7043808712011433e-10, 3.0177189323021844e-10, 2.464699839259924e-10, 2.0194009005354347e-10]
W_list: [9.0]
L_list: [5.201792608337795]
