C_final_list: [1.3702255873733524e-06, 1.3387318431745764e-06, 1.306954997609882e-06, 1.2759144079707419e-06, 1.2452879249795178e-06, 1.2153744389326331e-06, 1.1864115941238986e-06, 1.1582084792904916e-06, 1.1306293120936427e-06, 1.103569820842116e-06, 1.077234120102896e-06, 1.0516107632906642e-06, 1.026578030590117e-06, 1.0022850807967463e-06, 9.78513907191466e-07, 9.550337285492351e-07, 9.321161828105227e-07, 9.096357569528537e-07, 8.875599685766787e-07, 8.659106642070287e-07, 8.446207997095905e-07, 8.239046763967303e-07, 8.041170437688655e-07, 7.846762543559023e-07, 7.6574301762112e-07, 7.472411173567549e-07, 7.289186683324487e-07, 7.11190092519274e-07, 6.938431429698688e-07, 6.768286816625365e-07, 6.602153603224658e-07, 6.440171476355389e-07, 6.281163656719284e-07, 6.12596432217937e-07, 5.972859878930405e-07, 5.821712590762561e-07, 5.674119664948623e-07, 5.528713770453476e-07, 5.387843475148565e-07, 5.251571006245974e-07, 5.118507932201199e-07, 4.987102013256721e-07, 4.858616643669193e-07, 4.733624060573149e-07, 4.6114691873322424e-07, 4.491303970292181e-07, 4.373265685822267e-07, 4.258632013466361e-07, 4.1468331972694996e-07, 4.0372605672957686e-07]
ndim2: 500
W_list: [3.4000000000000004]
L_list: [40.6022453056317]
