C_final_list: [1.2753955108689916e-06, 1.2487112363282525e-06, 1.22130238809779e-06, 1.1937288449618253e-06, 1.1667960064551361e-06, 1.140743014405845e-06, 1.1154183406771958e-06, 1.0905338718816035e-06, 1.0659917595941999e-06, 1.0421235333933884e-06, 1.0184549228458755e-06, 9.949859871315763e-07, 9.721965416277584e-07, 9.498256040902843e-07, 9.280680275501985e-07, 9.067528634256638e-07, 8.858850211561926e-07, 8.652027144565537e-07, 8.450812640660399e-07, 8.251028949950957e-07, 8.054209540422569e-07, 7.863088313026811e-07, 7.677719508818295e-07, 7.496323653702652e-07, 7.317853421585884e-07, 7.142339678292184e-07, 6.970760849110172e-07, 6.804585897430331e-07, 6.641653540209223e-07, 6.481802335122536e-07, 6.328122770716756e-07, 6.178044005128103e-07, 6.031824775174898e-07, 5.890347034725268e-07, 5.752580572879069e-07]
ndim2: 500
W_list: [2.0]
L_list: [42.76260013454648]
