R_list= [ 1  2  3  4  5  6  7  8  9 10 11 12 13 14 15 16 17 18 19 20 21 22 23 24
 25 26 27 28 29 30 31 32 33 34 35 36 37 38]
C_final_list= [6.57988879150684e-06, 5.645934150141944e-06, 4.7974277507005565e-06, 4.062715108270088e-06, 3.432355831696293e-06, 2.8998217241121952e-06, 2.448246610758696e-06, 2.0651797125174467e-06, 1.742588265831202e-06, 1.4701066060729903e-06, 1.240687329074173e-06, 1.0465289768691622e-06, 8.819865618054418e-07, 7.434116425663323e-07, 6.256628925489817e-07, 5.264804742598006e-07, 4.4284232904656727e-07, 3.7236480743870727e-07, 3.1311913379638844e-07, 2.629024719155316e-07, 2.2109722458553707e-07, 1.8596821416256492e-07, 1.5657371766954576e-07, 1.3193067275512955e-07, 1.1112601150051551e-07, 9.345822070042639e-08, 7.858481264579881e-08, 6.610169716369701e-08, 5.5555771780900196e-08, 4.6721838337434885e-08, 3.927377576164533e-08, 3.2985463932756387e-08, 2.7656105732331733e-08, 2.3197297255805824e-08, 1.94265522813077e-08, 1.6239271904478653e-08, 1.3606002108605188e-08, 1.140998949504792e-08]
W_list: [8.15]
L_list: [5.982240713446166]
