R_list= [ 1  2  3  4  5  6  7  8  9 10 11 12 13 14 15 16 17 18 19 20 21 22 23 24
 25 26 27 28 29 30 31 32 33 34 35 36 37 38]
C_final_list= [1.4885317668965784e-07, 1.283712552830566e-07, 1.0918839903173224e-07, 9.194255894019687e-08, 7.696963620982079e-08, 6.413652497790485e-08, 5.33458441953181e-08, 4.43114313341868e-08, 3.681266849857313e-08, 3.058195921906088e-08, 2.5390354010618572e-08, 2.105637149239575e-08, 1.7438584875646264e-08, 1.444475693800922e-08, 1.1991611688955414e-08, 9.949770450780984e-09, 8.23002117788837e-09, 6.8015084826366765e-09, 5.6165254207633815e-09, 4.632373776779761e-09, 3.824953499550746e-09, 3.159189416301787e-09, 2.6068336986691104e-09, 2.1520176023838128e-09, 1.7779551539683947e-09, 1.468689657774587e-09, 1.2118562126061405e-09, 1.000343545908346e-09, 8.246299898967711e-10, 6.800261693853845e-10, 5.615209168773056e-10, 4.6277056693633736e-10, 3.8130294203371864e-10, 3.138521354115377e-10, 2.58053434308261e-10, 2.125542622962128e-10, 1.749697694898481e-10, 1.4435389077041323e-10]
W_list: [9.0]
L_list: [5.671487733905186]
