R_list= [ 1  2  3  4  5  6  7  8  9 10 11 12 13 14 15 16 17 18 19 20 21 22 23 24
 25 26 27 28 29 30 31 32 33 34 35 36 37 38]
C_final_list= [2.1151737574120448e-06, 2.0601951315379333e-06, 2.0109874706184174e-06, 1.9630654935276706e-06, 1.916980511947012e-06, 1.8709354426725814e-06, 1.8265227900338884e-06, 1.7829130169174624e-06, 1.7406981811962575e-06, 1.6994173354073268e-06, 1.6593442727929702e-06, 1.620019422443284e-06, 1.5812089929699518e-06, 1.5432803622287125e-06, 1.50646349366012e-06, 1.4704659807648083e-06, 1.435439932757634e-06, 1.401301741083767e-06, 1.3677491979769112e-06, 1.3350652204575333e-06, 1.3030056508213804e-06, 1.2721833002448733e-06, 1.2416268901878783e-06, 1.211567866595607e-06, 1.1824098375083272e-06, 1.1540373046222718e-06, 1.1263707725548265e-06, 1.0991142491795533e-06, 1.0725374473327957e-06, 1.046703561975041e-06, 1.0214792428041625e-06, 9.966008854048358e-07, 9.719678824057361e-07, 9.481657703727242e-07, 9.24861353865058e-07, 9.021188522576287e-07, 8.80129962432134e-07, 8.58644135087276e-07]
W_list: [4]
L_list: [41.26883700440649]
