C_final_list: [1.1805587347325073e-06, 1.1094683755022665e-06, 1.0366633168098241e-06, 9.68612487056726e-07, 9.050993836474713e-07, 8.459806427022526e-07, 7.906145542315781e-07, 7.389414203409038e-07, 6.912101285997622e-07, 6.472467469468036e-07, 6.055113510805732e-07, 5.662726986315793e-07, 5.29366567358396e-07, 4.94763327813395e-07, 4.621409085565373e-07, 4.318040217042543e-07, 4.033037943039093e-07, 3.7693908610216107e-07, 3.5222222438846967e-07, 3.290114267855925e-07, 3.071042980697216e-07, 2.8664376821350523e-07, 2.671664913202321e-07, 2.4879367171609316e-07, 2.3170331740712327e-07, 2.1591676451585935e-07, 2.0097414938591183e-07, 1.8711934624222726e-07, 1.742177383449476e-07, 1.621756628031027e-07, 1.509105659323319e-07, 1.4046177845191618e-07, 1.3078472889236388e-07, 1.2170029789620856e-07, 1.1330171749444982e-07]
ndim2: 500
W_list: [2.6]
L_list: [14.745420504212976]
