C_final_list: [2.0761563224784507e-06, 2.058568666045065e-06, 2.0412322821165026e-06, 2.0248172753357763e-06, 2.008797326078588e-06, 1.99310860589343e-06, 1.977677327821614e-06, 1.9623538143178466e-06, 1.9472957838709346e-06, 1.9324578039554473e-06, 1.917725645043662e-06, 1.9031743783671912e-06, 1.8888508740167769e-06, 1.874553842787629e-06, 1.8603201314847663e-06, 1.8462392963252929e-06, 1.8322626389029829e-06, 1.8183665898113816e-06, 1.8046066227148794e-06, 1.7910648404095572e-06, 1.77764217802423e-06, 1.7641256551522378e-06, 1.750764520943717e-06, 1.7374332510848773e-06, 1.7242462503373493e-06, 1.711121571558226e-06, 1.6981193779771433e-06, 1.685247524469963e-06, 1.6725488715393006e-06, 1.6599046985668225e-06, 1.6473187541064444e-06, 1.6348992867982262e-06, 1.6226014399461356e-06, 1.6104036921858506e-06, 1.5981743706841627e-06, 1.5859490674024414e-06, 1.5737965556864048e-06, 1.5618245492570138e-06, 1.5499712000390051e-06, 1.5381645920916263e-06, 1.5265156861821958e-06, 1.5150288335748164e-06, 1.5037588451481967e-06, 1.492587277977541e-06, 1.4814860448219603e-06, 1.4703940678735801e-06, 1.4594162400877789e-06, 1.4484662971181046e-06, 1.4377152631108436e-06, 1.4271286610419677e-06]
ndim2: 500
W_list: [2.2]
L_list: [131.18690185430677]
