R_list= [ 1  2  3  4  5  6  7  8  9 10 11 12 13 14 15 16 17 18 19 20 21 22 23 24
 25 26 27 28 29 30 31 32 33 34 35 36 37 38]
C_final_list= [3.74992906583548e-08, 1.6532216904012415e-08, 6.346233347743002e-09, 2.3182730567623407e-09, 8.343800405328055e-10, 2.950746590408831e-10, 1.0212942999002407e-10, 3.528069732708436e-11, 1.2223290722400021e-11, 4.249647196197701e-12, 1.4693761631102902e-12, 5.545689241153566e-13, 3.1194626303493676e-13, 2.3951296977855724e-13, 1.0085713436819541e-13, 2.8254391854698938e-14, 7.45744371563358e-15, 2.2059500114594888e-15, 6.595507732263455e-16, 1.7761565175484801e-16, 6.611461833245098e-17, 8.329761365152478e-17, 9.425549431832813e-17, 4.244141247394994e-17, 1.0916984022010019e-17, 2.8212543366944767e-18, 7.895851218989377e-19, 1.9368822840463315e-19, 4.865977336424307e-20, 1.1046756118407643e-20, 2.0946835761220302e-21, 5.151432176658182e-22, 2.75493953372447e-22, 2.0711783582760118e-22, 6.756633963840081e-23, 1.1264049636578364e-23, 2.311172062561808e-24, 6.669548949879025e-25]
W_list: [7]
L_list: [1.1551968833039872]
