C_list:
1.8829301883697253e-06 0.2876338084249784
ndim2: 500
W_list: [3.8000000000000003]
L_list: [3.476642768372006]
