R_list= [ 1  2  3  4  5  6  7  8  9 10 11 12 13 14 15 16 17 18 19 20 21 22 23 24
 25 26 27 28 29 30 31 32 33 34 35 36 37 38]
C_final_list= [2.973108071124773e-07, 2.64001200283763e-07, 2.3184019579254992e-07, 2.0265753271777533e-07, 1.7628151437203635e-07, 1.5304235546254142e-07, 1.3263481384210952e-07, 1.1490576294422725e-07, 9.94995196730823e-08, 8.600642095482885e-08, 7.417001132923815e-08, 6.398796842807172e-08, 5.51932958324907e-08, 4.7548614464544844e-08, 4.0983091857391614e-08, 3.531037495445862e-08, 3.039638184751911e-08, 2.6166097160002607e-08, 2.251024543939113e-08, 1.9376813915754234e-08, 1.66571480427373e-08, 1.4298790706978793e-08, 1.2271138845849004e-08, 1.0523928046820306e-08, 9.019212216786263e-09, 7.716586103610833e-09, 6.60687783046469e-09, 5.652829790819124e-09, 4.8371964406889725e-09, 4.1393107199102924e-09, 3.5353430557083495e-09, 3.020173336418404e-09, 2.5783685246426878e-09, 2.202587267845751e-09, 1.8806518135447375e-09, 1.6078234866269018e-09, 1.3726103159852682e-09, 1.1699640668373422e-09]
W_list: [8.8]
L_list: [7.108281498682684]
