C_final_list: [1.3600337227862156e-06, 1.1710780630285258e-06, 1.002515758208872e-06, 8.58010187774827e-07, 7.335835052446002e-07, 6.253426527425688e-07, 5.346616243990243e-07, 4.572378796558721e-07, 3.91205495235753e-07, 3.3541551469035705e-07, 2.8704441974505727e-07, 2.45997831297304e-07, 2.1113734365909523e-07, 1.811436392606477e-07, 1.5462746711672183e-07, 1.3225425068349303e-07, 1.1284416889872991e-07, 9.647363965571447e-08, 8.232034237793808e-08, 7.00951155973943e-08, 5.978415222183078e-08, 5.1217369825866325e-08, 4.384045364360536e-08, 3.748416469259781e-08, 3.212624312668123e-08, 2.7456800861700605e-08, 2.3393857378208163e-08, 1.9974183162893266e-08, 1.7063445341541778e-08, 1.4561205314984817e-08, 1.2424929023014857e-08, 1.0577180058916484e-08, 8.98546802428888e-09, 7.617349463869072e-09, 6.453204709722834e-09]
ndim2: 500
W_list: [4.2]
L_list: [6.4193352293181976]
