R_list= [ 1  2  3  4  5  6  7  8  9 10 11 12 13 14 15 16 17 18 19 20 21 22 23 24
 25 26 27 28 29 30 31 32 33 34 35 36 37 38]
C_final_list= [1.0802288001993625e-06, 9.975875074612091e-07, 9.163874526763426e-07, 8.385132957306793e-07, 7.672233654329201e-07, 7.012648491904789e-07, 6.413076322372324e-07, 5.860629423845039e-07, 5.355556993099109e-07, 4.896268113051074e-07, 4.47698288671591e-07, 4.090789084798303e-07, 3.7376410615347485e-07, 3.413691172272008e-07, 3.113906254966549e-07, 2.840699106963949e-07, 2.5881829386403336e-07, 2.3586347117447938e-07, 2.1468665913912228e-07, 1.9544990005508554e-07, 1.778464186439554e-07, 1.616510048124629e-07, 1.469308251738782e-07, 1.335955805733918e-07, 1.213966334314502e-07, 1.1032422719964799e-07, 1.0029743019591429e-07, 9.111850443212106e-08, 8.2779359484074e-08, 7.508314646734786e-08, 6.810682428065199e-08, 6.174497667522112e-08, 5.597860766659802e-08, 5.0728579053754635e-08, 4.596313101736218e-08, 4.165672758379556e-08, 3.776601658342652e-08, 3.42291174651071e-08]
W_list: [7.2]
L_list: [11.069415293492595]
