R_list= [ 1  2  3  4  5  6  7  8  9 10 11 12 13 14 15 16 17 18 19 20 21 22 23 24
 25 26 27 28 29 30 31 32 33 34 35 36 37 38]
C_final_list= [3.5259395563541783e-06, 2.8754637596886786e-06, 2.3276857525579242e-06, 1.8785382548064816e-06, 1.5130876024314035e-06, 1.2169486646035958e-06, 9.785843804687408e-07, 7.845518486111276e-07, 6.280982310049821e-07, 5.025195836999122e-07, 4.023808504676586e-07, 3.2157319366846784e-07, 2.5703474939295334e-07, 2.049851406434854e-07, 1.6377957528195506e-07, 1.311084904425216e-07, 1.0495054585791765e-07, 8.386523059927581e-08, 6.6945580863392e-08, 5.337339214724646e-08, 4.26406267485875e-08, 3.403454598119712e-08, 2.709546199299911e-08, 2.1588234291298773e-08, 1.720909064149301e-08, 1.3773495195420992e-08, 1.1022441349853138e-08, 8.808520669353212e-09, 7.0575819145854575e-09, 5.631843621903608e-09, 4.487307281359505e-09, 3.571237321849816e-09, 2.829362082386014e-09, 2.230914752256433e-09, 1.7580138242525197e-09, 1.3837958567486223e-09, 1.0885505196327787e-09, 8.613212393509124e-10]
W_list: [8.2]
L_list: [4.641392706613155]
