R_list= [ 1  2  3  4  5  6  7  8  9 10 11 12 13 14 15 16 17 18 19 20 21 22 23 24
 25 26 27 28 29 30 31 32 33 34 35 36 37 38]
C_final_list= [2.8341418236127943e-05, 2.102641844474139e-05, 1.5483334757687506e-05, 1.1380161376244906e-05, 8.339401822814806e-06, 6.104751451458319e-06, 4.460124837236021e-06, 3.260433355081098e-06, 2.3817183226080356e-06, 1.7384095822930935e-06, 1.2715000355980887e-06, 9.292291582992236e-07, 6.799161064027664e-07, 4.959017084961688e-07, 3.619501821772625e-07, 2.634868937599831e-07, 1.916332144089217e-07, 1.3955678086242037e-07, 1.0137198136620035e-07, 7.384838212615673e-08, 5.400482316451073e-08, 3.951143080877112e-08, 2.8969509915312256e-08, 2.117405719157956e-08, 1.541773199530592e-08, 1.1254766622785736e-08, 8.228664623540957e-09, 6.038922237765402e-09, 4.434128749222213e-09, 3.23335330461133e-09, 2.356074975898288e-09, 1.7359388590653353e-09, 1.2858580008277802e-09, 9.51318472387336e-10, 6.979349197011435e-10, 5.117342114218763e-10, 3.75009795854211e-10, 2.743795581189186e-10]
W_list: [8.45]
L_list: [3.2557853335332028]
