R_list= [ 1  2  3  4  5  6  7  8  9 10 11 12 13 14 15 16 17 18 19 20 21 22 23 24
 25 26 27 28 29 30 31 32 33 34 35 36 37 38]
C_final_list= [2.56894363578481e-06, 2.275003834078179e-06, 1.998230548440866e-06, 1.7479897916330711e-06, 1.5253390695459104e-06, 1.3287738819499929e-06, 1.1566163755744148e-06, 1.0060315862992932e-06, 8.746453245241726e-07, 7.60389794163779e-07, 6.600536794078923e-07, 5.730870105344486e-07, 4.97814954061937e-07, 4.3228721921418037e-07, 3.7499111971515233e-07, 3.25227435465036e-07, 2.8203479480920744e-07, 2.44483064118237e-07, 2.1180121001469989e-07, 1.8335958774735091e-07, 1.588778461017919e-07, 1.3776323136447638e-07, 1.1927583671797083e-07, 1.0317788476501029e-07, 8.924130338276132e-08, 7.722232692928136e-08, 6.682267903956085e-08, 5.7733781483097683e-08, 4.9907162587046656e-08, 4.311403200870156e-08, 3.72260435963324e-08, 3.217882102314192e-08, 2.779276359954217e-08, 2.397650811960086e-08, 2.066524599332748e-08, 1.7808222423190628e-08, 1.5354772465367972e-08, 1.3250050549085783e-08]
W_list: [8.1]
L_list: [7.289018576630369]
