R_list= [ 1  2  3  4  5  6  7  8  9 10 11 12 13 14 15 16 17 18 19 20 21 22 23 24
 25 26 27 28 29 30 31 32]
C_final_list= [9.150175977666352e-08, 3.971915856443406e-08, 1.4161607367396819e-08, 4.577489802714966e-09, 1.3960214626731791e-09, 4.099927236224578e-10, 1.1712353909427464e-10, 3.273698047854009e-11, 8.9956644060629e-12, 2.4293362143128787e-12, 6.554735627883421e-13, 1.8001942614631594e-13, 5.003395790904846e-14, 1.3522303641719424e-14, 3.5294534836162796e-15, 8.931703991996783e-16, 2.254500277663115e-16, 5.6931557767813e-17, 1.4299290606362564e-17, 3.616523781280974e-18, 9.139839021635766e-19, 2.2485295094801337e-19, 5.3381357298477865e-20, 1.2536831463960682e-20, 2.995358465199229e-21, 7.5737630088741845e-22, 1.950921481003583e-22, 5.090605213336851e-23, 1.448925490241755e-23, 4.718418900558518e-24, 1.6909096096643807e-24, 6.744005421232437e-25]
W_list: [6]
L_list: [1.1147056241188893]
