R_list= [ 1  2  3  4  5  6  7  8  9 10 11 12 13 14 15 16 17 18 19 20 21 22 23 24
 25 26 27 28 29 30 31 32 33 34 35 36 37 38]
C_final_list= [2.0088085541573186e-06, 1.9329630986614715e-06, 1.87555477289132e-06, 1.8158514736248101e-06, 1.760704315080034e-06, 1.7077529096047791e-06, 1.6556168750579318e-06, 1.605370613990189e-06, 1.5575467776202724e-06, 1.5108459916475119e-06, 1.4652680265583815e-06, 1.42063434234341e-06, 1.3776413697732157e-06, 1.3360402547347237e-06, 1.2952612830722229e-06, 1.2553787949368903e-06, 1.2165401503192155e-06, 1.179322416280434e-06, 1.143372157242282e-06, 1.1081963008635481e-06, 1.0743647318613748e-06, 1.0413363578666536e-06, 1.0093767373028397e-06, 9.780393733754065e-07, 9.4734407182929e-07, 9.174244072816063e-07, 8.884474192824977e-07, 8.600661957481136e-07, 8.326672716472577e-07, 8.059102920422944e-07, 7.800831588334111e-07, 7.5517272854551e-07, 7.313897807932694e-07, 7.081786878310431e-07, 6.856735360611065e-07, 6.63967625154201e-07, 6.430607676885515e-07, 6.228634599899247e-07]
W_list: [4]
L_list: [31.970457020557514]
