R_list= [ 1  2  3  4  5  6  7  8  9 10 11 12 13 14 15 16 17 18 19 20 21 22 23 24
 25 26 27 28 29 30 31 32 33 34 35 36 37 38]
C_final_list= [2.3233002714957904e-07, 1.3223171258700432e-07, 6.463193560094875e-08, 2.932994760332186e-08, 1.2785551341775535e-08, 5.426306645029547e-09, 2.2583654975398277e-09, 9.241013009983897e-10, 3.705211557340036e-10, 1.4643192615741688e-10, 5.747293919763577e-11, 2.2679522192006706e-11, 9.208200034168622e-12, 3.852303818580724e-12, 1.593081744039399e-12, 6.455109273016349e-13, 2.4779456212088926e-13, 9.140751294652239e-14, 3.419811976121443e-14, 1.3801004442374841e-14, 5.96243051433401e-15, 2.608536632402053e-15, 1.0651415094847306e-15, 4.1019328428896063e-16, 1.5448008832172276e-16, 5.940370766780076e-17, 2.2536786420525317e-17, 8.69038596177319e-18, 3.5273147839059395e-18, 1.6067660029628441e-18, 7.714703488381798e-19, 3.7078206123103517e-19, 1.515917264303015e-19, 5.941302460460513e-20, 2.331331342483161e-20, 9.163184232477605e-21, 3.66641594521961e-21, 1.4375149027672284e-21]
W_list: [5]
L_list: [1.5446854740273561]
