C_final_list: [1.7532315469508367e-06, 1.6144221741995395e-06, 1.4813732216367294e-06, 1.3601845979478087e-06, 1.2505837789538592e-06, 1.1484709346712661e-06, 1.055107089783226e-06, 9.697640485460362e-07, 8.906594231997799e-07, 8.181225368074277e-07, 7.519101508667507e-07, 6.907676001824271e-07, 6.348803272475481e-07, 5.83319506463399e-07, 5.361483251001919e-07, 4.930394742632292e-07, 4.525323385568519e-07, 4.159987057795956e-07, 3.824768424576024e-07, 3.511373493139573e-07, 3.220119373816638e-07, 2.952448258900061e-07, 2.713127685744512e-07, 2.4928193104175685e-07, 2.2896604231123946e-07, 2.1029616236138208e-07, 1.928465057435927e-07, 1.7693102097381192e-07, 1.6223560582098194e-07, 1.487034333754169e-07, 1.3612044895502813e-07, 1.2430053837496167e-07, 1.1341447316166924e-07, 1.0382157294270599e-07, 9.492819922311154e-08, 8.681336247839272e-08, 7.935131685007975e-08, 7.24725666723819e-08, 6.610320926352849e-08, 6.038451314851647e-08, 5.521733415700097e-08, 5.043783184392318e-08, 4.603590016758609e-08, 4.196115683702647e-08, 3.8201189218241946e-08, 3.481729450753094e-08, 3.1719748922900836e-08, 2.8925169407062627e-08, 2.6349319948062748e-08, 2.399836553212843e-08]
ndim2: 500
W_list: [3.4000000000000004]
L_list: [11.765257984552768]
