R_list= [ 1  2  3  4  5  6  7  8  9 10 11 12 13 14 15 16 17 18 19 20 21 22 23 24
 25 26 27 28 29 30 31 32 33 34 35 36 37 38]
C_final_list= [3.812617266621e-05, 2.5405570808335367e-05, 1.6897907841523444e-05, 1.1208938744754723e-05, 7.412240858772896e-06, 4.901879430294953e-06, 3.2363634744227972e-06, 2.1329340261827905e-06, 1.4068001870498625e-06, 9.280126348409688e-07, 6.130387243809202e-07, 4.042904197742229e-07, 2.654962953989127e-07, 1.7458052438697292e-07, 1.1496932074510787e-07, 7.596168288872581e-08, 5.0129876931752315e-08, 3.300117902102768e-08, 2.173872851465269e-08, 1.4289516198735217e-08, 9.353036747901e-09, 6.163037154976965e-09, 4.044620058756391e-09, 2.6497862201945023e-09, 1.73254441754943e-09, 1.1324966398694493e-09, 7.362532154837811e-10, 4.77690499763598e-10, 3.118281328825661e-10, 2.0196631305129439e-10, 1.3236669255626953e-10, 8.65191423912091e-11, 5.6312935222486955e-11, 3.6113819658603045e-11, 2.3991958218438798e-11, 1.5859323699889876e-11, 1.0205738285080416e-11, 6.440860259541997e-12]
W_list: [7.95]
L_list: [2.4440366204446025]
