R_list= [ 1  2  3  4  5  6  7  8  9 10 11 12 13 14 15 16 17 18 19 20 21 22 23 24
 25 26 27 28 29 30 31 32 33 34 35 36 37 38]
C_final_list= [5.512697783346892e-06, 4.632791982742442e-06, 3.847193018836109e-06, 3.180674295762013e-06, 2.6260586545734137e-06, 2.164550844527616e-06, 1.7815463087994554e-06, 1.4658130456391778e-06, 1.2055719756526828e-06, 9.90748491610184e-07, 8.139119072311925e-07, 6.681950732534402e-07, 5.486546702731325e-07, 4.4999546988623073e-07, 3.6886228957402e-07, 3.0247071021738324e-07, 2.479989747845195e-07, 2.031041224620791e-07, 1.6655008158122757e-07, 1.3660811187395568e-07, 1.120033943823947e-07, 9.174822561823584e-08, 7.527458932308355e-08, 6.175029443041455e-08, 5.0704342886883424e-08, 4.157390964101154e-08, 3.4140559663817943e-08, 2.8048839043586787e-08, 2.304922459525115e-08, 1.896778010586289e-08, 1.5600339275919874e-08, 1.282173094110633e-08, 1.0533602882301997e-08, 8.640208236717136e-09, 7.09855324907403e-09, 5.831858366389267e-09, 4.7887300239295905e-09, 3.937460699804923e-09]
W_list: [8.5]
L_list: [5.244444126256839]
