C_final_list: [9.134751796251875e-07, 8.800758489734769e-07, 8.451388284568394e-07, 8.111828701593053e-07, 7.782392621329342e-07, 7.462696765396226e-07, 7.154203955444315e-07, 6.851260629243137e-07, 6.561931973168014e-07, 6.284197612984933e-07, 6.018322385057878e-07, 5.76602587518016e-07, 5.520043213816446e-07, 5.282829911128421e-07, 5.060867294664382e-07, 4.84707599424914e-07, 4.640818409095575e-07, 4.441292484631934e-07, 4.250524660250679e-07, 4.0653388231794803e-07, 3.887035463438507e-07, 3.7159842538441703e-07, 3.5510161010740924e-07, 3.3932053445593695e-07, 3.2418199796433846e-07, 3.0975759995848476e-07, 2.9597547296477176e-07, 2.826081619685303e-07, 2.6981313505060264e-07, 2.57463777564625e-07, 2.4559869152037135e-07, 2.343553689713051e-07, 2.235150608346214e-07, 2.1311201375448078e-07, 2.032061997383816e-07]
ndim2: 500
W_list: [2.6]
L_list: [22.94550954997968]
