C_list:
5.52932223394994e-07 0.09330143898834369
ndim2: 500
W_list: [3.6]
L_list: [10.71794830650931]
