R_list= [ 1  2  3  4  5  6  7  8  9 10 11 12 13 14 15 16 17 18 19 20 21 22 23 24
 25 26 27 28 29 30 31 32]
C_final_list= [7.767658704139352e-07, 7.260172214985074e-07, 6.764085205990641e-07, 6.296004965182361e-07, 5.852433121640751e-07, 5.4361410917716e-07, 5.053239966196252e-07, 4.69673309809871e-07, 4.364546632516527e-07, 4.054607975718349e-07, 3.7669861780503646e-07, 3.499238714923173e-07, 3.247666102412487e-07, 3.015996585713111e-07, 2.801123247353527e-07, 2.6022611584042025e-07, 2.414412207224437e-07, 2.2387969841548883e-07, 2.0748280953336148e-07, 1.922840576825015e-07, 1.7817212465665887e-07, 1.649166003584202e-07, 1.5269837939079893e-07, 1.4127139720961565e-07, 1.306644032192668e-07, 1.2084711263249798e-07, 1.1179201168537415e-07, 1.0339623980710014e-07, 9.555673771292931e-08, 8.83266178482368e-08, 8.165887949863361e-08, 7.542577079171233e-08]
W_list: [6]
L_list: [13.527590572351944]
