R_list= [ 1  2  3  4  5  6  7  8  9 10 11 12 13 14 15 16 17 18 19 20 21 22 23 24
 25 26 27 28 29 30 31 32 33 34 35 36 37 38]
C_final_list= [3.410167910107271e-05, 2.1736549329309925e-05, 1.3820028544788476e-05, 8.794113341926697e-06, 5.595932965558676e-06, 3.549373215111304e-06, 2.2483625825934604e-06, 1.4229050020231878e-06, 8.985709743437995e-07, 5.706262060031121e-07, 3.6220491475967673e-07, 2.2895885982593928e-07, 1.4516285860598733e-07, 9.192659458335131e-08, 5.8016355099616056e-08, 3.664467647602246e-08, 2.3155899596328026e-08, 1.4685058743915804e-08, 9.28565272927365e-09, 5.88358584432669e-09, 3.7226225734058936e-09, 2.36657994784545e-09, 1.5342405463333344e-09, 9.90667704055591e-10, 6.304136407755198e-10, 3.9367625523461654e-10, 2.4788260411608834e-10, 1.5701219927722058e-10, 1.0000680705620724e-10, 6.468593712276478e-11, 4.183273373118049e-11, 2.664740717177081e-11, 1.6705895173709672e-11, 1.0240527503248925e-11, 6.175512929165568e-12, 3.851360243771627e-12, 2.3636321247230166e-12, 1.4074382060366786e-12]
W_list: [8.4]
L_list: [2.212155755695467]
