C_final_list: [1.5773485956419835e-06, 1.320681449654563e-06, 1.1039885325065749e-06, 9.179215835406926e-07, 7.632714153904377e-07, 6.3511577613195e-07, 5.260837236889129e-07, 4.3825509979984063e-07, 3.6358000138928844e-07, 3.0113471513512674e-07, 2.486121637838987e-07, 2.067286232625519e-07, 1.717918453668719e-07, 1.4181141007329318e-07, 1.1752652105242481e-07, 9.691173958032162e-08, 7.996171181208239e-08, 6.560685124143172e-08, 5.389293652529741e-08, 4.416432048072336e-08, 3.616248897803662e-08, 2.9732479223935925e-08, 2.423249401418487e-08, 1.9704666363573047e-08, 1.6182502435622262e-08, 1.3230740516422109e-08, 1.0804406023231507e-08, 8.77926801909006e-09, 7.101285427117184e-09, 5.77903972214596e-09, 4.71589951973044e-09, 3.85027580740226e-09, 3.1114249496400415e-09, 2.5504090508046794e-09, 2.0724493886517355e-09]
ndim2: 500
W_list: [2.4000000000000004]
L_list: [5.425063181995983]
