R_list= [ 1  2  3  4  5  6  7  8  9 10 11 12 13 14 15 16 17 18 19 20 21 22 23 24
 25 26 27 28 29 30 31 32 33 34 35 36 37 38]
C_final_list= [2.2671598914106763e-06, 2.1516388229332705e-06, 2.0547520621122875e-06, 1.95908207712526e-06, 1.8720081279956118e-06, 1.7880428527788492e-06, 1.7069201126826548e-06, 1.6287572422187908e-06, 1.5536511781575883e-06, 1.482032711650269e-06, 1.4137525357017158e-06, 1.348957448973309e-06, 1.2868397198673495e-06, 1.227369461043951e-06, 1.170687778826594e-06, 1.116190292938955e-06, 1.0644753344392751e-06, 1.0149824436050962e-06, 9.67203930035745e-07, 9.21300893060155e-07, 8.773516484719407e-07, 8.356695456624584e-07, 7.959910401190321e-07, 7.58381690916349e-07, 7.220738568104019e-07, 6.875496405023552e-07, 6.540319522597918e-07, 6.218290547816001e-07, 5.915269688192318e-07, 5.628943278256492e-07, 5.356552198993573e-07, 5.100871778411052e-07, 4.855740930573062e-07, 4.6218744368608607e-07, 4.397763760490462e-07, 4.1856187815702286e-07, 3.983703826980464e-07, 3.7903626968235243e-07]
W_list: [4]
L_list: [20.956702494804986]
