C_final_list: [1.684039078911375e-06, 1.6594833261972708e-06, 1.6397587450725868e-06, 1.6179132900693736e-06, 1.5971250541692706e-06, 1.5767105537578526e-06, 1.55598837934269e-06, 1.535889882111948e-06, 1.5162863979091227e-06, 1.4968793472585892e-06, 1.4774871646286578e-06, 1.4584809046855119e-06, 1.4397720179111097e-06, 1.4213947518152239e-06, 1.4032109565645228e-06, 1.385582851098839e-06, 1.367684443348553e-06, 1.3503219166290648e-06, 1.3334355807060925e-06, 1.3164253874713818e-06, 1.2995959859724431e-06, 1.2828323695788975e-06, 1.2663279065732228e-06, 1.2502775012522146e-06, 1.2341927187685437e-06, 1.218301006311053e-06, 1.2026751376171305e-06, 1.187228676245184e-06, 1.171727540028612e-06, 1.156803017112186e-06, 1.1418950530842526e-06, 1.1272762102849854e-06, 1.1127389339711678e-06, 1.0985445435979255e-06, 1.0845615794832827e-06]
ndim2: 500
W_list: [1.4]
L_list: [77.49825836265795]
