R_list= [ 1  2  3  4  5  6  7  8  9 10 11 12 13 14 15 16 17 18 19 20 21 22 23 24
 25 26 27 28 29 30 31 32 33 34 35 36 37 38]
C_final_list= [6.74406180039198e-06, 5.804266359612623e-06, 4.9535809353586035e-06, 4.215805341943707e-06, 3.578157353814409e-06, 3.036581224014491e-06, 2.5717043776662875e-06, 2.17513131333984e-06, 1.8384252169523833e-06, 1.5533200720114915e-06, 1.3108006167352182e-06, 1.1057726116487581e-06, 9.323658428597331e-07, 7.869538242260631e-07, 6.645927530963398e-07, 5.609612036992856e-07, 4.7361907125568594e-07, 3.9960641869166645e-07, 3.372569324044314e-07, 2.846075555960017e-07, 2.400968932841714e-07, 2.025475098435325e-07, 1.7101220097691715e-07, 1.444860101817794e-07, 1.2217881844817334e-07, 1.033517157082614e-07, 8.733374943911451e-08, 7.380898223197651e-08, 6.232092889065382e-08, 5.262800529490714e-08, 4.44801496511559e-08, 3.765177371936455e-08, 3.18676104605592e-08, 2.6977053157634275e-08, 2.277203997431661e-08, 1.9208562815442658e-08, 1.6218459745101996e-08, 1.3719377315555987e-08]
W_list: [8.1]
L_list: [6.099092180317534]
