R_list= [ 1  2  3  4  5  6  7  8  9 10 11 12 13 14 15 16 17 18 19 20 21 22 23 24
 25 26 27 28 29 30 31 32 33 34 35 36 37 38]
C_final_list= [5.991465008908909e-06, 5.0996600692550555e-06, 4.295750354328867e-06, 3.6049013327618593e-06, 3.018626485687558e-06, 2.5238556046346983e-06, 2.1076187072619332e-06, 1.7579673423295588e-06, 1.4651420914227366e-06, 1.2194397413333254e-06, 1.0150859023214722e-06, 8.45587799601887e-07, 7.045878473979206e-07, 5.87032071822071e-07, 4.88622086695139e-07, 4.064907257393198e-07, 3.3825985187571375e-07, 2.810857150903005e-07, 2.3339967566424016e-07, 1.9371446941705813e-07, 1.608013151542341e-07, 1.335291631319783e-07, 1.1096005417013969e-07, 9.22094970434941e-08, 7.661650194296143e-08, 6.363667304283976e-08, 5.281997859640236e-08, 4.376512360278819e-08, 3.6277228828325286e-08, 3.010049050996802e-08, 2.4987273331333754e-08, 2.0762938327683512e-08, 1.7256894560045548e-08, 1.4343651883642782e-08, 1.191927676386137e-08, 9.890147114854083e-09, 8.192420439951455e-09, 6.780465571279607e-09]
W_list: [8.3]
L_list: [5.644933900004584]
