R_list= [ 1  2  3  4  5  6  7  8  9 10 11 12 13 14 15 16 17 18 19 20 21 22 23 24
 25 26 27 28 29 30 31 32 33 34 35 36 37 38]
C_final_list= [9.508524716973856e-07, 7.187284412812359e-07, 5.357332371125611e-07, 4.0468192014779806e-07, 3.0890750622198265e-07, 2.3681260558992357e-07, 1.811843206295729e-07, 1.380758553659545e-07, 1.050874081799157e-07, 7.977774475129109e-08, 6.046463334755358e-08, 4.5797149824663066e-08, 3.462049809447686e-08, 2.6219341867064467e-08, 1.9864831895240936e-08, 1.500655017907818e-08, 1.1335948624224424e-08, 8.548285304569377e-09, 6.42511096085138e-09, 4.8151792821988454e-09, 3.6019612171857764e-09, 2.6990044408798727e-09, 2.03146295863368e-09, 1.532773111757138e-09, 1.1559249579014108e-09, 8.721646827544471e-10, 6.547892797126925e-10, 4.891657872379749e-10, 3.6648249923110975e-10, 2.747717531851668e-10, 2.0443722118646762e-10, 1.5143048679206656e-10, 1.125682807880278e-10, 8.38520559909252e-11, 6.282314136635564e-11, 4.733882966743226e-11, 3.5631074741238515e-11, 2.6777783135909245e-11]
W_list: [5]
L_list: [3.589010746780158]
