R_list= [ 1  2  3  4  5  6  7  8  9 10 11 12 13 14 15 16 17 18 19 20 21 22 23 24
 25 26 27 28 29 30 31 32 33 34 35 36 37 38]
C_final_list= [2.2815093917834605e-06, 2.0731619461799332e-06, 1.9376089841435004e-06, 1.8067985673206322e-06, 1.6836751590738965e-06, 1.571344349119606e-06, 1.4668309547076413e-06, 1.3694555468955468e-06, 1.2779934727578335e-06, 1.1932083765584988e-06, 1.1148196402962942e-06, 1.0409554567850893e-06, 9.705173339420456e-07, 9.043621895431562e-07, 8.431972815502417e-07, 7.861673287926295e-07, 7.321703506551071e-07, 6.819978320983519e-07, 6.352417989253887e-07, 5.911697055040705e-07, 5.508425058043122e-07, 5.13248766670534e-07, 4.775885431261737e-07, 4.444398255169334e-07, 4.135964111286772e-07, 3.8426856143429254e-07, 3.5696959763549115e-07, 3.317258604703278e-07, 3.084799045691536e-07, 2.8667346118006954e-07, 2.661331114620004e-07, 2.4730885022244485e-07, 2.2977215461421343e-07, 2.1340244940748977e-07, 1.9806786892458683e-07, 1.8378411289185468e-07, 1.706425821859001e-07, 1.5864212070823547e-07]
W_list: [4]
L_list: [14.180365650820178]
