C_final_list: [1.6872490881102633e-06, 1.4280107253134468e-06, 1.2071598275515499e-06, 1.0165483533828247e-06, 8.541186987625562e-07, 7.164568182509104e-07, 6.031765047226338e-07, 5.070782040197457e-07, 4.2853138668949163e-07, 3.624419995709426e-07, 3.0742308444982653e-07, 2.592074478118936e-07, 2.178854700165534e-07, 1.8295396295702143e-07, 1.535813220543967e-07, 1.2847778918407182e-07, 1.0702147237789089e-07, 8.92067393290054e-08, 7.432093831923639e-08, 6.206796831227145e-08, 5.1665337162291405e-08, 4.2895323976496773e-08, 3.558687964577789e-08, 2.9454408726065106e-08, 2.4388971094680484e-08, 2.0236894797971208e-08, 1.682262534097119e-08, 1.4020299899447978e-08, 1.1580623623491328e-08, 9.59164572250098e-09, 7.979668777786175e-09, 6.669996858849671e-09, 5.5673457735017634e-09, 4.640417465595733e-09, 3.8612597901409765e-09]
ndim2: 500
W_list: [2.2]
L_list: [5.8275525140707405]
