C_final_list: [1.631485849541213e-06, 1.604847679516761e-06, 1.5784672301753675e-06, 1.552566357737969e-06, 1.5271340223769226e-06, 1.5026087808647562e-06, 1.4785461155247763e-06, 1.454721900699841e-06, 1.431446780436455e-06, 1.4088433452193571e-06, 1.3863615834611146e-06, 1.3645469892813076e-06, 1.3428347630689566e-06, 1.3218664441463963e-06, 1.301152486188145e-06, 1.2806509543380575e-06, 1.2606773695337788e-06, 1.2409768610739065e-06, 1.2216935712159076e-06, 1.2025329411454886e-06, 1.1836993144788367e-06, 1.165166279693239e-06, 1.146811391047276e-06, 1.1285729612947138e-06, 1.1106154250734983e-06, 1.0928231665723005e-06, 1.0754122875837953e-06, 1.0583593125886713e-06, 1.0414742963991088e-06, 1.02497865780042e-06, 1.0088550252522733e-06, 9.92733916285113e-07, 9.768435774540526e-07, 9.612815392750433e-07, 9.459824362257573e-07, 9.308298403466366e-07, 9.158754171122913e-07, 9.012995550140089e-07, 8.867989458593002e-07, 8.725183950476913e-07, 8.586616937872609e-07, 8.447859127662015e-07, 8.310793617901546e-07, 8.175065403185783e-07, 8.040874379625245e-07, 7.908843097368154e-07, 7.778941779210161e-07, 7.650483071258882e-07, 7.524399744865734e-07, 7.400738995138896e-07]
ndim2: 500
W_list: [3.05]
L_list: [62.42518935871982]
