R_list= [ 1  2  3  4  5  6  7  8  9 10 11 12 13 14 15 16 17 18 19 20 21 22 23 24
 25 26 27 28 29 30 31 32 33 34 35 36 37 38]
C_final_list= [5.507833036459006e-06, 4.825046177422432e-06, 4.2075392492353866e-06, 3.6614234730356712e-06, 3.1891093409775528e-06, 2.7789783745508748e-06, 2.419010214764475e-06, 2.1025789349691565e-06, 1.82840071284835e-06, 1.588116435040102e-06, 1.3786835706164131e-06, 1.1961275347616681e-06, 1.0366009366820758e-06, 8.975980320198021e-07, 7.777083875823129e-07, 6.724447939209864e-07, 5.816671003756688e-07, 5.023283291711468e-07, 4.337750001390087e-07, 3.7544621156012246e-07, 3.253618141640243e-07, 2.822559313497999e-07, 2.450018705264649e-07, 2.1238232631959357e-07, 1.840555076093903e-07, 1.595994242862563e-07, 1.379771116991304e-07, 1.1938745233415125e-07, 1.0308801036093792e-07, 8.884488126308694e-08, 7.665741482660843e-08, 6.622152506842975e-08, 5.719300709650143e-08, 4.939088008119943e-08, 4.2559734414046936e-08, 3.670781168285715e-08, 3.173280344678523e-08, 2.7440715371196068e-08]
W_list: [7.0]
L_list: [7.166759968424242]
