C_list:
1.6878031219718218e-06 0.08864352613247364
ndim2: 500
W_list: [2.4]
L_list: [11.281139679682262]
