R_list= [ 1  2  3  4  5  6  7  8  9 10 11 12 13 14 15 16 17 18 19 20 21 22 23 24
 25 26 27 28 29 30 31 32 33 34 35 36 37 38]
C_final_list= [2.2925283992548628e-06, 2.1218822544571045e-06, 2.0061568852950853e-06, 1.8871950424433086e-06, 1.7757349383488178e-06, 1.6706418575971428e-06, 1.5748984501351852e-06, 1.4837850758421778e-06, 1.3981825400585524e-06, 1.3181864140436582e-06, 1.2426897575372611e-06, 1.1717009615528384e-06, 1.1037094913101573e-06, 1.040273157978085e-06, 9.806918302195236e-07, 9.241948353857946e-07, 8.712956570846061e-07, 8.208284577928784e-07, 7.72960681238533e-07, 7.27280274840099e-07, 6.846399276583111e-07, 6.44290895836931e-07, 6.064324182200668e-07, 5.711116060306057e-07, 5.377075638638784e-07, 5.061449909304038e-07, 4.762973522458415e-07, 4.4771926188467055e-07, 4.206976872615025e-07, 3.956989659682315e-07, 3.7238499668917716e-07, 3.506252288418294e-07, 3.3009388805062216e-07, 3.107158117899853e-07, 2.9228847789248777e-07, 2.7488125961917335e-07, 2.5847881546540645e-07, 2.42804279121977e-07]
W_list: [4]
L_list: [16.656841935183486]
