C_final_list: [1.8189323024417854e-06, 1.7660912677493524e-06, 1.7248051288034382e-06, 1.6776221844247574e-06, 1.6324098909208435e-06, 1.5877181681436673e-06, 1.5452736626859207e-06, 1.5042502868224711e-06, 1.4645965732245583e-06, 1.4257321997454428e-06, 1.3883975659916237e-06, 1.3520655731949545e-06, 1.3173898883873128e-06, 1.2831817137005995e-06, 1.2496138405467749e-06, 1.2171329618503323e-06, 1.1853171573803097e-06, 1.1538113541564285e-06, 1.1233029129169533e-06, 1.0933523431820056e-06, 1.0640215773774312e-06, 1.0352557964669087e-06, 1.0071656915075407e-06, 9.800270496679589e-07, 9.534458024251529e-07, 9.278147260424913e-07, 9.025664169853385e-07, 8.783697668764912e-07, 8.542679782132508e-07, 8.307096767000282e-07, 8.074952869380935e-07, 7.850037572783902e-07, 7.632624632095931e-07, 7.418041225705646e-07, 7.208431243730045e-07]
ndim2: 500
W_list: [1.4]
L_list: [37.08717202033276]
