R_list= [ 1  2  3  4  5  6  7  8  9 10 11 12 13 14 15 16 17 18 19 20 21 22 23 24
 25 26 27 28 29 30 31 32 33 34 35 36 37 38]
C_final_list= [2.215941900897394e-06, 2.0139065366911343e-06, 1.88213429363798e-06, 1.7606617399727652e-06, 1.6438949189552391e-06, 1.531920862753219e-06, 1.4294360832614123e-06, 1.337699776607843e-06, 1.2514331723148286e-06, 1.1687243102055294e-06, 1.0907133814004854e-06, 1.0183974358164453e-06, 9.499017470307159e-07, 8.859865488926083e-07, 8.262263017919731e-07, 7.705265473719291e-07, 7.185050679615943e-07, 6.693413821956678e-07, 6.237828629124134e-07, 5.814448538606148e-07, 5.417370885448726e-07, 5.043383442685532e-07, 4.692659149963909e-07, 4.365824935398796e-07, 4.061745562927566e-07, 3.778810713403276e-07, 3.5178029600095594e-07, 3.2721373295962577e-07, 3.043080279656936e-07, 2.831995767835699e-07, 2.632001347336593e-07, 2.4477999829132644e-07, 2.2775502893349496e-07, 2.115564949325577e-07, 1.9627628618912142e-07, 1.8219664069203803e-07, 1.6896523263636426e-07, 1.5700079385462057e-07]
W_list: [4]
L_list: [14.300826493373279]
