R_list= [ 1  2  3  4  5  6  7  8  9 10 11 12 13 14 15 16 17 18 19 20 21 22 23 24
 25 26 27 28 29 30 31 32 33 34 35 36 37 38]
C_final_list= [7.428758683458751e-07, 6.212725833874235e-07, 5.14090509199772e-07, 4.242517897204694e-07, 3.505484527955029e-07, 2.8883260126568516e-07, 2.3823244384619764e-07, 1.9674639078735455e-07, 1.622844504772695e-07, 1.3388010365961765e-07, 1.10656634161426e-07, 9.137142005819711e-08, 7.532540895917495e-08, 6.220728312947472e-08, 5.133698222387242e-08, 4.221089151085821e-08, 3.466515289664947e-08, 2.8421498381358307e-08, 2.32171385373173e-08, 1.899935926770371e-08, 1.5564203044211002e-08, 1.2775977474712294e-08, 1.0483858230053605e-08, 8.581376465206757e-09, 7.032955745937088e-09, 5.742486679321967e-09, 4.692087924788094e-09, 3.826964344007192e-09, 3.1107298515572643e-09, 2.5310163260252584e-09, 2.0568915397974662e-09, 1.6649263707762578e-09, 1.3518885171936254e-09, 1.0987305639012396e-09, 8.95323239432764e-10, 7.353692352979874e-10, 6.048105574462717e-10, 4.977441364599819e-10]
W_list: [7.4]
L_list: [5.249010316130687]
