R_list= [ 1  2  3  4  5  6  7  8  9 10 11 12 13 14 15 16 17 18 19 20 21 22 23 24
 25 26 27 28 29 30 31 32 33 34 35 36 37 38]
C_final_list= [4.421221233774536e-07, 4.1066556841107735e-07, 3.7854442192817605e-07, 3.47957839168888e-07, 3.195019724110315e-07, 2.931534201680818e-07, 2.6876837138075053e-07, 2.4622334549085925e-07, 2.2574298908047355e-07, 2.0696326297495744e-07, 1.8978383751103334e-07, 1.7383030232701615e-07, 1.5928998738862928e-07, 1.458731741364017e-07, 1.3358233297798583e-07, 1.223248767687501e-07, 1.120109189192951e-07, 1.0252739800443726e-07, 9.381152403487415e-08, 8.580706904815469e-08, 7.850252947578165e-08, 7.178511952038017e-08, 6.56455950517626e-08, 6.001356558772294e-08, 5.485903884613179e-08, 5.016308285729824e-08, 4.58629669944802e-08, 4.191443503284979e-08, 3.826317123242231e-08, 3.4927325768827924e-08, 3.1889258229267e-08, 2.9100405032102674e-08, 2.6532212270033293e-08, 2.417666821589353e-08, 2.2020406899056654e-08, 2.005592175999681e-08, 1.8264556523824103e-08, 1.6630526687341428e-08]
W_list: [7.4]
L_list: [11.528959282875304]
