C_final_list: [1.3957293260993744e-06, 1.3650236162015146e-06, 1.3345261012646732e-06, 1.3045586128495058e-06, 1.2751558483979143e-06, 1.2467213756589366e-06, 1.218715039882362e-06, 1.1916973725985685e-06, 1.165343840253614e-06, 1.1396394058278502e-06, 1.1145473456798238e-06, 1.08980785476136e-06, 1.065663636399902e-06, 1.041940323184465e-06, 1.018403390441869e-06, 9.953998216686837e-07, 9.728237617684873e-07, 9.50851364297572e-07, 9.295408652629855e-07, 9.087799668297964e-07, 8.88551499694057e-07, 8.687989539544905e-07, 8.496231290230265e-07, 8.306704705116495e-07, 8.12201632380701e-07, 7.939886695191099e-07, 7.76156742528753e-07, 7.586812839481725e-07, 7.414821792744222e-07, 7.245165853231987e-07, 7.079874587608581e-07, 6.918255439037445e-07, 6.759999109563422e-07, 6.602739229083147e-07, 6.450500736807699e-07, 6.301226422643848e-07, 6.157182393245424e-07, 6.014731811425149e-07, 5.875562322293148e-07, 5.738165936045666e-07, 5.6031370737233e-07, 5.470747016033925e-07, 5.341615367398076e-07, 5.21407597265575e-07, 5.089613608784921e-07, 4.96750604029974e-07, 4.848450482407646e-07, 4.731549525966881e-07, 4.618392990621434e-07, 4.5069498947371976e-07]
ndim2: 500
W_list: [3.3499999999999996]
L_list: [43.81143750129527]
