C_final_list: [2.020490923769979e-06, 1.8981930552940411e-06, 1.7795289379036085e-06, 1.6670161698621247e-06, 1.5640820132401259e-06, 1.4672567506918704e-06, 1.3761133180076653e-06, 1.2915580577840502e-06, 1.211119929375356e-06, 1.1363946322369912e-06, 1.0661690297807535e-06, 1.0001851161950844e-06, 9.377878825097153e-07, 8.800334530642164e-07, 8.256168133087578e-07, 7.744113615451206e-07, 7.257710808702192e-07, 6.797921165554109e-07, 6.362620613012287e-07, 5.957621823995754e-07, 5.572623109181146e-07, 5.218878087722098e-07, 4.880895958223227e-07, 4.5662082991650147e-07, 4.2703944121075416e-07, 3.9917928127747004e-07, 3.7280986201032035e-07, 3.4856439406407947e-07, 3.2566138408614554e-07, 3.0443927076444463e-07, 2.843213631944661e-07, 2.653455815247656e-07, 2.47392973476328e-07, 2.306131291190983e-07, 2.151598455898326e-07, 2.0086233948316086e-07, 1.8757424348378897e-07, 1.7490695296500675e-07, 1.629634785840832e-07, 1.5205874071381725e-07, 1.4194453586659173e-07, 1.3245885327891694e-07, 1.235933930787367e-07, 1.153061577101319e-07, 1.0763332088678998e-07, 1.0050671499141356e-07, 9.384548034790504e-08, 8.764667314022712e-08, 8.17953353705106e-08, 7.632231130144082e-08]
ndim2: 500
W_list: [3.05]
L_list: [15.369867295074203]
