R_list= [ 1  2  3  4  5  6  7  8  9 10 11 12 13 14 15 16 17 18 19 20 21 22 23 24
 25 26 27 28 29 30 31 32 33 34 35 36 37 38]
C_final_list= [3.009005481403373e-07, 2.4792168287835837e-07, 2.0110227724533552e-07, 1.6141296747225205e-07, 1.292037670784378e-07, 1.033389784811861e-07, 8.220160962689612e-08, 6.527623206766122e-08, 5.1786963275582564e-08, 4.101235537364963e-08, 3.246183711380029e-08, 2.5738558365967617e-08, 2.0388387030660678e-08, 1.6125172900631534e-08, 1.2734071472413978e-08, 1.0064029568414224e-08, 7.94716833390495e-09, 6.288152965705273e-09, 4.970069967823531e-09, 3.9158825415318914e-09, 3.084834580412093e-09, 2.422735032211372e-09, 1.9082695534910785e-09, 1.5014190694463496e-09, 1.175840405182968e-09, 9.205455999687834e-10, 7.181941694559998e-10, 5.609701003810177e-10, 4.382715326993203e-10, 3.419557295458271e-10, 2.673040181641524e-10, 2.083814541430584e-10, 1.6262705490387176e-10, 1.277694886501157e-10, 9.985901687862812e-11, 7.731503535452662e-11, 6.042924880346329e-11, 4.6964722692830814e-11]
W_list: [9.4]
L_list: [4.564761944907702]
