R_list= [ 1  2  3  4  5  6  7  8  9 10 11 12 13 14 15 16 17 18 19 20 21 22 23 24
 25 26 27 28 29 30 31 32 33 34 35 36 37 38]
C_final_list= [2.0238376791145028e-06, 1.6354583952449755e-06, 1.3652020817564967e-06, 1.177705778936739e-06, 1.0172967408718603e-06, 8.732697665176793e-07, 7.513724974831076e-07, 6.489338538657003e-07, 5.602046025344715e-07, 4.829396740998901e-07, 4.1583787878928656e-07, 3.5759722958485696e-07, 3.073677828693443e-07, 2.6421830011834135e-07, 2.271853618062463e-07, 1.9537551570442482e-07, 1.682834331355373e-07, 1.4496808906088974e-07, 1.247873635164823e-07, 1.0746119048108707e-07, 9.282658486736944e-08, 8.031622296721832e-08, 6.930046703888341e-08, 5.965813425186996e-08, 5.129467999032517e-08, 4.408601058151954e-08, 3.793400127785747e-08, 3.269130354106152e-08, 2.8171825518275753e-08, 2.4266977851214204e-08, 2.086422501239448e-08, 1.795323591294902e-08, 1.550919509139542e-08, 1.3395451822022518e-08, 1.1528292898915511e-08, 9.888017923688489e-09, 8.453698387084705e-09, 7.215775847765607e-09]
W_list: [4]
L_list: [6.370504065486848]
