R_list= [ 1  2  3  4  5  6  7  8  9 10 11 12 13 14 15 16 17 18 19 20 21 22 23 24
 25 26 27 28 29 30 31 32 33 34 35 36 37 38]
C_final_list= [1.5603198965588214e-07, 7.509750657507776e-08, 2.9102928240005773e-08, 1.0030904542605842e-08, 3.2218062557247335e-09, 9.914888053968877e-10, 2.9759378430338717e-10, 8.795303367132331e-11, 2.5740643038151812e-11, 7.469816181622502e-12, 2.1781023779092087e-12, 6.507937999277364e-13, 2.0341766721977509e-13, 6.579797661993325e-14, 2.1648627570771636e-14, 7.090494646224004e-15, 2.2990883542023697e-15, 7.495928020502377e-16, 2.414643120507551e-16, 7.604087986355144e-17, 2.3113534930758513e-17, 6.7510856694290835e-18, 1.994504475378904e-18, 6.1396987174500375e-19, 1.9996204466675471e-19, 7.297609949354886e-20, 3.11306935822111e-20, 1.5411418879336294e-20, 8.137593287195818e-21, 4.4578440576773e-21, 2.8061988969464313e-21, 2.0422640722247578e-21, 1.6828756400906841e-21, 1.5035592161789233e-21, 1.4060494817986396e-21, 1.3483077861548135e-21, 1.3205413487477383e-21, 1.3246349911927453e-21]
W_list: [5]
L_list: [1.2291780104440204]
