R_list= [ 1  2  3  4  5  6  7  8  9 10 11 12 13 14 15 16 17 18 19 20 21 22 23 24
 25 26 27 28 29 30 31 32 33 34 35 36 37 38]
C_final_list= [5.766155045121127e-06, 4.865160642296124e-06, 4.070827526756442e-06, 3.387586203795348e-06, 2.8126854867467585e-06, 2.331678643371183e-06, 1.9309344327919224e-06, 1.5972701583979127e-06, 1.3208074806667932e-06, 1.0920668535686594e-06, 9.029593028597772e-07, 7.453343661533764e-07, 6.153586288470135e-07, 5.080748167023278e-07, 4.193542988428687e-07, 3.459736890956918e-07, 2.8559895194768214e-07, 2.3560505399846606e-07, 1.944160118845796e-07, 1.6055191831406522e-07, 1.3259432739606813e-07, 1.0947156295416372e-07, 9.028829486191689e-08, 7.458056546131772e-08, 6.155847657439818e-08, 5.078062381056874e-08, 4.186620571555428e-08, 3.4552050487969e-08, 2.8526185961716715e-08, 2.3552025555120717e-08, 1.9448477200285715e-08, 1.6040149870798592e-08, 1.3204417625929825e-08, 1.0869326809580177e-08, 8.951459878324327e-09, 7.374025905477337e-09, 6.0814360655894495e-09, 5.006353453195925e-09]
W_list: [8.4]
L_list: [5.407741656791097]
