R_list= [ 1  2  3  4  5  6  7  8  9 10 11 12 13 14 15 16 17 18 19 20 21 22 23 24
 25 26 27 28 29 30 31 32 33 34 35 36 37 38]
C_final_list= [6.0820098078749495e-06, 5.167215677234573e-06, 4.346924620870963e-06, 3.6427765320570338e-06, 3.0474326582717764e-06, 2.5450531028957915e-06, 2.122568724755295e-06, 1.7704192083941842e-06, 1.476578630648321e-06, 1.2305265128039443e-06, 1.025020232103181e-06, 8.52293820405653e-07, 7.086012455194228e-07, 5.895294906705436e-07, 4.901500720252942e-07, 4.079457193686775e-07, 3.3956460259677634e-07, 2.8254362525338483e-07, 2.348505547451057e-07, 1.9497358051197662e-07, 1.6190226221302748e-07, 1.344427683245338e-07, 1.1174807908382108e-07, 9.278260167129749e-08, 7.695349808197873e-08, 6.384104934146971e-08, 5.298628262263627e-08, 4.397141328174603e-08, 3.6445208743265316e-08, 3.028880474200141e-08, 2.5171787391326343e-08, 2.093468081255634e-08, 1.7412769142509804e-08, 1.4482183859000061e-08, 1.2022321216994447e-08, 9.971564545370198e-09, 8.27121378842674e-09, 6.8778433595714625e-09]
W_list: [8.3]
L_list: [5.618330711346298]
