R_list= [ 1  2  3  4  5  6  7  8  9 10 11 12 13 14 15 16 17 18 19 20 21 22 23 24
 25 26 27 28 29 30 31 32 33 34 35 36 37 38]
C_final_list= [2.8867945424238637e-06, 2.290481214951993e-06, 1.7954539470633779e-06, 1.4027631537780015e-06, 1.0947481325723823e-06, 8.513391868564314e-07, 6.617393402042089e-07, 5.141936248715581e-07, 3.9861554867997576e-07, 3.089172136892649e-07, 2.39658483886613e-07, 1.8568515207251548e-07, 1.4405902809377772e-07, 1.1161138332859474e-07, 8.648694523745328e-08, 6.69847853393865e-08, 5.184776435845959e-08, 4.005389832736128e-08, 3.089142972767439e-08, 2.374650242579949e-08, 1.8223326973486478e-08, 1.3947396476838286e-08, 1.070218283901581e-08, 8.205763778571133e-09, 6.307252780012748e-09, 4.846690756658747e-09, 3.7306323560568744e-09, 2.8817814225982956e-09, 2.227908220092566e-09, 1.7093518264362586e-09, 1.3106496405477481e-09, 1.0089314918228614e-09, 7.722936235591768e-10, 5.848570130971978e-10, 4.4084180561303387e-10, 3.34972121136585e-10, 2.5637913404820553e-10, 1.9680627380469937e-10]
W_list: [8.6]
L_list: [4.0629888897823205]
