R_list= [ 1  2  3  4  5  6  7  8  9 10 11 12 13 14 15 16 17 18 19 20 21 22 23 24
 25 26 27 28 29 30 31 32 33 34 35 36 37 38]
C_final_list= [1.665305961828401e-06, 1.4902334642512537e-06, 1.345145088836821e-06, 1.23142077371068e-06, 1.1323390295725061e-06, 1.0403900622234972e-06, 9.55023110873628e-07, 8.76691264684578e-07, 8.044367700863508e-07, 7.368382138956337e-07, 6.745034075392497e-07, 6.181479786917159e-07, 5.666448393698683e-07, 5.194582163515554e-07, 4.757821582459692e-07, 4.353997246726248e-07, 3.9843381479759557e-07, 3.644375817125939e-07, 3.3317990810017044e-07, 3.044279145383323e-07, 2.783544520637268e-07, 2.5454600713588667e-07, 2.3258982929449322e-07, 2.12451934033678e-07, 1.9409501948265706e-07, 1.773727643988837e-07, 1.6205280459505794e-07, 1.4792760314824878e-07, 1.350732940418335e-07, 1.2327581334280676e-07, 1.124039053528518e-07, 1.024436813812921e-07, 9.33503159848653e-08, 8.504526501388863e-08, 7.747346137721516e-08, 7.06302125637005e-08, 6.437303961008656e-08, 5.862567871353688e-08]
W_list: [4]
L_list: [11.27380778994004]
