R_list= [ 1  2  3  4  5  6  7  8  9 10 11 12 13 14 15 16 17 18 19 20 21 22 23 24
 25 26 27 28 29 30 31 32 33 34 35 36 37 38]
C_final_list= [1.3273578384453339e-06, 1.263693725331227e-06, 1.2069366364786197e-06, 1.1500551054729367e-06, 1.096518883529009e-06, 1.0451093016681033e-06, 9.96312621698773e-07, 9.500960459058677e-07, 9.056973178270191e-07, 8.626709215181538e-07, 8.218733513996312e-07, 7.829718246603722e-07, 7.458006721057315e-07, 7.103394117692286e-07, 6.763299611864412e-07, 6.438322824358705e-07, 6.130345294799096e-07, 5.836195516855822e-07, 5.556451388904882e-07, 5.291651452908634e-07, 5.039483844949621e-07, 4.800307466953659e-07, 4.5731234838426397e-07, 4.3562742490328617e-07, 4.148005244373065e-07, 3.9477782893926795e-07, 3.7590543176729187e-07, 3.5779651061671615e-07, 3.404842617010239e-07, 3.2402010416869653e-07, 3.0823875854434854e-07, 2.9310023546997343e-07, 2.78619983727701e-07, 2.6483809231419035e-07, 2.5172228423260616e-07, 2.392326928508154e-07, 2.2729946974151645e-07, 2.1604409118192003e-07]
W_list: [5]
L_list: [20.56455870787905]
