C_final_list: [1.7275174594394867e-06, 1.666854756229898e-06, 1.606719742449571e-06, 1.547109415368064e-06, 1.490485236576527e-06, 1.4355578617336292e-06, 1.3823507703023918e-06, 1.3310658953914553e-06, 1.2824027936009865e-06, 1.235947149595259e-06, 1.1911673261020859e-06, 1.1482531915309747e-06, 1.107096071834432e-06, 1.067491465709721e-06, 1.0286866304711784e-06, 9.9096612251768e-07, 9.54762725064779e-07, 9.199428372832354e-07, 8.861305633195493e-07, 8.539393848632559e-07, 8.227182628892091e-07, 7.922852859184667e-07, 7.629787310748846e-07, 7.3465740200948e-07, 7.072006528511029e-07, 6.806625327975127e-07, 6.550421867311352e-07, 6.3031770409927e-07, 6.06499093411342e-07, 5.83357608335865e-07, 5.611528486123019e-07, 5.397727648281029e-07, 5.189285942424261e-07, 4.990272124585297e-07, 4.796700568210787e-07, 4.610711778800272e-07, 4.4315850991950117e-07, 4.2601283463702034e-07, 4.09468088095517e-07, 3.9360920854351614e-07, 3.7825896466269126e-07, 3.635324614011584e-07, 3.493607239675824e-07, 3.355749714028729e-07, 3.222681259578747e-07, 3.09428395609179e-07, 2.9729466668233535e-07, 2.8555329089099383e-07, 2.7423477328458903e-07, 2.6343166647165355e-07]
ndim2: 500
W_list: [3.1999999999999997]
L_list: [26.495111698269547]
