C_final_list: [2.252292428782474e-06, 2.0600111459150106e-06, 1.8758939768464043e-06, 1.7074885426765404e-06, 1.5554975375730168e-06, 1.4179998801657747e-06, 1.2910569740678111e-06, 1.1766681445605992e-06, 1.0724525778817201e-06, 9.774475949600079e-07, 8.916998591159653e-07, 8.140570345369372e-07, 7.435140172510885e-07, 6.7822916664077e-07, 6.177290563410021e-07, 5.63680070489166e-07, 5.136002724973274e-07, 4.6695423361752496e-07, 4.243552845846331e-07, 3.862432987043564e-07, 3.5177754954510487e-07, 3.2001150288253915e-07, 2.9138348522833996e-07, 2.6511762270627136e-07, 2.409294625986654e-07, 2.1875711856777654e-07, 1.9853278499123216e-07, 1.8005472690898318e-07, 1.6298445518968623e-07, 1.4753929615694506e-07, 1.337289410221927e-07, 1.2125580417371522e-07, 1.1005154191090287e-07, 9.964818769429784e-08, 9.008681908343395e-08]
ndim2: 500
W_list: [2.2]
L_list: [10.755018055686381]
