R_list= [ 1  2  3  4  5  6  7  8  9 10 11 12 13 14 15 16 17 18 19 20 21 22 23 24
 25 26 27 28 29 30 31 32 33 34 35 36 37 38]
C_final_list= [1.575438430532022e-07, 1.0226250000709134e-07, 6.487669861838073e-08, 4.082160169246812e-08, 2.5605449022238755e-08, 1.590803397324397e-08, 9.879136329889638e-09, 6.147801348596124e-09, 3.81694138977831e-09, 2.353681259003674e-09, 1.4427726784857e-09, 8.843788635246978e-10, 5.399578004518816e-10, 3.3102194178314334e-10, 2.043116020656996e-10, 1.264226759469333e-10, 7.814097557150555e-11, 4.8486531769824703e-11, 3.03304933371783e-11, 1.9148539586770703e-11, 1.212588386813e-11, 7.74615635615322e-12, 4.914127782259046e-12, 3.0870151234186527e-12, 1.8817616683208175e-12, 1.114544344150233e-12, 6.573979817422432e-13, 3.8860013035547435e-13, 2.399673900221344e-13, 1.5120601563226019e-13, 8.630701896987892e-14, 4.746287971058096e-14, 2.662370219061988e-14, 1.646832520573343e-14, 1.0098382449028004e-14, 6.542826260934762e-15, 3.849005000773603e-15, 2.092599160999439e-15]
W_list: [7]
L_list: [2.215930372812846]
