R_list= [ 1  2  3  4  5  6  7  8  9 10 11 12 13 14 15 16 17 18 19 20 21 22 23 24
 25 26 27 28 29 30 31 32 33 34 35 36 37 38]
C_final_list= [3.2804684324065708e-06, 2.640942054776722e-06, 2.1003579353972862e-06, 1.6711050383218327e-06, 1.3292646351047725e-06, 1.0564177664309482e-06, 8.366415725037609e-07, 6.620177059976684e-07, 5.234231441284974e-07, 4.126613025730945e-07, 3.243278911618106e-07, 2.552030000034222e-07, 2.0041832349054224e-07, 1.572332784013577e-07, 1.2354772154921906e-07, 9.702544121564746e-08, 7.627295644466398e-08, 5.987427436800094e-08, 4.69980354098379e-08, 3.690493463289603e-08, 2.9141223433093013e-08, 2.2962620786359365e-08, 1.8101922328854762e-08, 1.4232239065066591e-08, 1.1191492661024928e-08, 8.780535810376594e-09, 6.919103238326757e-09, 5.436369681244552e-09, 4.264019650535987e-09, 3.346127029511207e-09, 2.638265991640367e-09, 2.0725114991123467e-09, 1.6306298549150403e-09, 1.2858094475825375e-09, 1.0118064960334623e-09, 7.935948119729446e-10, 6.245519791938785e-10, 4.922725072018406e-10]
W_list: [8.4]
L_list: [4.3603731764020495]
