R_list= [ 1  2  3  4  5  6  7  8  9 10 11 12 13 14 15 16 17 18 19 20 21 22 23 24
 25 26 27 28 29 30 31 32 33 34 35 36 37 38]
C_final_list= [7.531321406783286e-07, 6.317708855409007e-07, 5.262686069700853e-07, 4.381932680831734e-07, 3.6358476340135465e-07, 3.011406014306308e-07, 2.495009059380185e-07, 2.0595699350254028e-07, 1.6962432795543692e-07, 1.3964467384734151e-07, 1.151380667277365e-07, 9.48793542079916e-08, 7.802254172072149e-08, 6.41225078794946e-08, 5.264537875946588e-08, 4.318090965112518e-08, 3.5385595292967484e-08, 2.90017626558203e-08, 2.3853672597968793e-08, 1.956554341715046e-08, 1.6053171478988863e-08, 1.3168365920801475e-08, 1.0785126454406606e-08, 8.84818592934131e-09, 7.247858891148834e-09, 5.912366125143279e-09, 4.822499996059348e-09, 3.9309874073984365e-09, 3.198603261475909e-09, 2.6074969991525057e-09, 2.1398342895938e-09, 1.757839744716346e-09, 1.4401615488419389e-09, 1.1777585136639494e-09, 9.609770948169268e-10, 7.867190298111928e-10, 6.452151966086158e-10, 5.309229015625423e-10]
W_list: [7.4]
L_list: [5.343946373920926]
