R_list= [ 1  2  3  4  5  6  7  8  9 10 11 12 13 14 15 16 17 18 19 20 21 22 23 24
 25 26 27 28 29 30 31 32 33 34 35 36 37 38]
C_final_list= [2.438228686988483e-07, 2.0200519961056294e-07, 1.6489003698944533e-07, 1.3365591601538003e-07, 1.0801734644545926e-07, 8.73168631176644e-08, 7.04754294221236e-08, 5.703099021807938e-08, 4.596133848728706e-08, 3.699436621328013e-08, 2.9846725910742925e-08, 2.4024687526406255e-08, 1.9354232642659524e-08, 1.553393960869229e-08, 1.2475491086702885e-08, 1.0003175501672261e-08, 8.005646634139817e-09, 6.399764486741248e-09, 5.108769483209108e-09, 4.084995791859707e-09, 3.269062494274914e-09, 2.6185603906351816e-09, 2.094736082439877e-09, 1.675478850120203e-09, 1.3387888868155504e-09, 1.0717570386044217e-09, 8.556106301760652e-10, 6.80860822159919e-10, 5.413798700891716e-10, 4.282444918463792e-10, 3.396873455442759e-10, 2.6924066785647454e-10, 2.1360450721641052e-10, 1.699591665637227e-10, 1.348593724383329e-10, 1.0684943927557676e-10, 8.389128153243335e-11, 6.613988550614121e-11]
W_list: [8.8]
L_list: [4.789222942663544]
