C_final_list: [6.092482526151727e-07, 5.712107794961081e-07, 5.328955789089322e-07, 4.959032007255857e-07, 4.609728931649975e-07, 4.283774351905924e-07, 3.9769318689675545e-07, 3.688417833585703e-07, 3.4179533966951494e-07, 3.168192445914634e-07, 2.936299658853272e-07, 2.722445914724944e-07, 2.5211749064093433e-07, 2.3330813787689346e-07, 2.1585376440087837e-07, 1.9956689714894468e-07, 1.8458847971905059e-07, 1.7070818888625668e-07, 1.5778870744276575e-07, 1.4581245701650917e-07, 1.3474477968752833e-07, 1.245537097469494e-07, 1.1513274160182452e-07, 1.0644725180479669e-07, 9.834941643373225e-08, 9.089241224865198e-08, 8.392190638851608e-08, 7.745809464870425e-08, 7.14510151666875e-08, 6.591698427818285e-08, 6.078789248631431e-08, 5.6070747623440636e-08, 5.1741355794300697e-08, 4.7770172848432853e-08, 4.414967995192654e-08]
ndim2: 500
W_list: [4.0]
L_list: [13.19879155673722]
