R_list= [ 1  2  3  4  5  6  7  8  9 10 11 12 13 14 15 16 17 18 19 20 21 22 23 24
 25 26 27 28 29 30 31 32 33 34 35 36 37 38]
C_final_list= [9.371528081531779e-07, 8.280418933904237e-07, 7.296678636491381e-07, 6.428893495251575e-07, 5.667095339838944e-07, 4.981747201514813e-07, 4.383165357171394e-07, 3.8606077476446826e-07, 3.390782831360515e-07, 2.979949620269928e-07, 2.615354654176011e-07, 2.2942050554244255e-07, 2.0144622037337246e-07, 1.7656103844988683e-07, 1.5452379681847294e-07, 1.3529157355642614e-07, 1.1842429605465823e-07, 1.038094440878351e-07, 9.098932066069538e-08, 7.97201109381997e-08, 6.980413755000725e-08, 6.107344477631187e-08, 5.345841705891727e-08, 4.669149581124834e-08, 4.071403868128476e-08, 3.559381922631768e-08, 3.104385432825702e-08, 2.7023413269094508e-08, 2.353207755841198e-08, 2.0407332214625207e-08, 1.775501221802015e-08, 1.5427339977337934e-08, 1.338212202524546e-08, 1.1612615736588962e-08, 1.0123352227107753e-08, 8.809373833422224e-09, 7.680275638997023e-09, 6.682352632040085e-09]
W_list: [6]
L_list: [7.769821089824224]
