C_final_list: [2.125969347998981e-06, 2.0688199580793816e-06, 2.0340338163453584e-06, 1.9919418210506156e-06, 1.9500815952214263e-06, 1.9113210589264272e-06, 1.8721698925513893e-06, 1.8339963858755174e-06, 1.7971507441026748e-06, 1.760943441296156e-06, 1.7257973282686622e-06, 1.691285934292716e-06, 1.6572492314098061e-06, 1.624366445463491e-06, 1.5921342069128181e-06, 1.5603223529179312e-06, 1.5295210020586338e-06, 1.4990246935803997e-06, 1.469054071568329e-06, 1.4396369522227332e-06, 1.4106472969758774e-06, 1.382129408012367e-06, 1.3540767594154281e-06, 1.3266161260814663e-06, 1.299447258190083e-06, 1.273071499869874e-06, 1.2474034203801857e-06, 1.2220743221699302e-06, 1.197360476516771e-06, 1.1729460906574006e-06, 1.1488998311139023e-06, 1.1252863135475416e-06, 1.1019292666784186e-06, 1.079207087522169e-06, 1.057037678179345e-06]
ndim2: 500
W_list: [1.0]
L_list: [49.10041426026699]
