R_list= [ 1  2  3  4  5  6  7  8  9 10 11 12 13 14 15 16 17 18 19 20 21 22 23 24
 25 26 27 28 29 30 31 32 33 34 35 36 37 38]
C_final_list= [6.688902791748772e-08, 2.917650858772235e-08, 1.1092576025101902e-08, 4.0358413167340545e-09, 1.4408050722915123e-09, 5.13076972409806e-10, 1.8207108189958528e-10, 6.427883353345058e-11, 2.2952129365711147e-11, 8.229172288107636e-12, 3.0205243934535237e-12, 1.0948320251784562e-12, 3.8496429347691187e-13, 1.2761171825655643e-13, 4.2863075698344495e-14, 1.5263280284875298e-14, 4.9810635394883116e-15, 1.5508717301211761e-15, 4.258071673929166e-16, 1.0789728841711339e-16, 2.9148115123886227e-17, 8.289542513003499e-18, 2.364783251804172e-18, 7.062026767961577e-19, 2.206645507674824e-19, 7.772024088379564e-20, 3.172391226782391e-20, 1.7086122732875342e-20, 1.0859795996445565e-20, 6.056958367061271e-21, 2.829202774261219e-21, 1.5112918299107015e-21, 7.245249478133025e-22, 2.746918538882659e-22, 9.196653648732723e-23, 2.7015769839631815e-23, 6.320006650882185e-24, 1.1974015408490053e-24]
W_list: [7]
L_list: [1.1431054933264568]
