C_final_list: [1.69820821123483e-06, 1.5768727703636279e-06, 1.4581520950502083e-06, 1.3489025879572411e-06, 1.2485368687275862e-06, 1.1565144794364384e-06, 1.0707210988019128e-06, 9.91685071292223e-07, 9.178696791742734e-07, 8.497839859050258e-07, 7.872361599920734e-07, 7.285807946151106e-07, 6.7340242971543e-07, 6.22266328747845e-07, 5.749671459882454e-07, 5.313036748543164e-07, 4.902624022639247e-07, 4.5225832348411184e-07, 4.16930712644107e-07, 3.8418513619597525e-07, 3.541213286644223e-07, 3.261674137635425e-07, 3.0063314512082955e-07, 2.768953751021281e-07, 2.5498814477383424e-07, 2.3486560169269416e-07, 2.1609684951686005e-07, 1.991606349658642e-07, 1.8340214128433522e-07, 1.687708132596454e-07, 1.5536194087132766e-07, 1.4305871286272995e-07, 1.3156705664025912e-07, 1.2085899489219324e-07, 1.1104450686560774e-07]
ndim2: 500
W_list: [2.8]
L_list: [12.748227645956513]
