C_final_list: [1.8968146476070487e-06, 1.876003655514174e-06, 1.8553564131210652e-06, 1.8354789085023593e-06, 1.8164189207915276e-06, 1.7977673444778656e-06, 1.77975993602255e-06, 1.761752049299984e-06, 1.7438760880231344e-06, 1.726293236417564e-06, 1.7089011264811138e-06, 1.6917500590723157e-06, 1.6747996604712492e-06, 1.657960644319224e-06, 1.641357132454412e-06, 1.6249506171734158e-06, 1.6087876367080262e-06, 1.5927916689137458e-06, 1.576985749462288e-06, 1.5612017076775166e-06, 1.5454490826349588e-06, 1.5298907861263345e-06, 1.5146447193722354e-06, 1.4994007387030682e-06, 1.4842356947813883e-06, 1.4692499911346918e-06, 1.454520699473806e-06, 1.4399137381356399e-06, 1.4253823499893607e-06, 1.4109871398520812e-06, 1.396663026577703e-06, 1.3825785122779262e-06, 1.368786377835023e-06, 1.3549966921645783e-06, 1.3413649901022867e-06, 1.3279090331778404e-06, 1.3145625541684077e-06, 1.3014159602534884e-06, 1.2883317314130302e-06, 1.2754521981715847e-06, 1.2626585545176057e-06, 1.2499960144963973e-06, 1.2375263667610944e-06, 1.2252230700343904e-06, 1.2130871983257793e-06, 1.2010055961292144e-06, 1.1888863461027542e-06, 1.1769836498063203e-06, 1.165341710789477e-06, 1.1537851548410487e-06]
ndim2: 500
W_list: [2.6]
L_list: [98.8988140362775]
