R_list= [ 1  2  3  4  5  6  7  8  9 10 11 12 13 14 15 16 17 18 19 20 21 22 23 24
 25 26 27 28 29 30 31 32 33 34 35 36 37 38]
C_final_list= [4.1853998854166523e-07, 2.6026110046580983e-07, 1.3710217228718138e-07, 6.553477137265117e-08, 2.9585969796766877e-08, 1.2912430184812148e-08, 5.528776175338871e-09, 2.3497117408173475e-09, 9.992637268995602e-10, 4.268034870299861e-10, 1.8361803385945144e-10, 7.953412693976482e-11, 3.4415362397867135e-11, 1.4745100118145796e-11, 6.2559874842866405e-12, 2.6379922488865723e-12, 1.1140425759650635e-12, 4.74306348235586e-13, 2.0491314652931884e-13, 8.994292257145585e-14, 3.993710298711895e-14, 1.7826400404596115e-14, 7.989033276931227e-15, 3.617556963619761e-15, 1.6740194573552728e-15, 7.962018784570028e-16, 3.929517241189734e-16, 2.045376370159307e-16, 1.126352438940049e-16, 6.369777311015955e-17, 3.525349050736572e-17, 1.8450477804894823e-17, 9.213841702540624e-18, 4.4869895853370535e-18, 2.1517134242332055e-18, 1.0384050838374219e-18, 5.134584858146159e-19, 2.5896724670615075e-19]
W_list: [4]
L_list: [1.7143758936543794]
