R_list= [ 1  2  3  4  5  6  7  8  9 10 11 12 13 14 15 16 17 18 19 20 21 22 23 24
 25 26 27 28 29 30 31 32 33 34 35 36 37 38]
C_final_list= [3.3295367759441604e-07, 1.6482239029002178e-07, 6.622978171483223e-08, 2.3740412278594535e-08, 7.98890858439577e-09, 2.5838854673799742e-09, 8.175414554594339e-10, 2.5627896151142275e-10, 8.011522665662635e-11, 2.5161315822893332e-11, 7.913557031950163e-12, 2.5103030346589364e-12, 8.182895776354011e-13, 2.860047921758266e-13, 1.0973109263570399e-13, 4.287712713830411e-14, 1.4907787843971353e-14, 4.751198651294965e-15, 1.4969851926340667e-15, 4.657509987862334e-16, 1.4814093494824607e-16, 4.782776728338247e-17, 1.590503156681466e-17, 5.453049213374439e-18, 1.8849314842669815e-18, 6.146179707773938e-19, 1.9266372743931116e-19, 6.044014572100941e-20, 2.0155564717425848e-20, 7.551244340507341e-21, 3.3796406274325756e-21, 1.8670424816765315e-21, 1.248856700879429e-21, 9.762858214933643e-22, 8.510292140020773e-22, 7.967821644043757e-22, 7.697434612301615e-22, 7.547887832586007e-22]
W_list: [5]
L_list: [1.2701903916658708]
