R_list= [ 1  2  3  4  5  6  7  8  9 10 11 12 13 14 15 16 17 18 19 20 21 22 23 24
 25 26 27 28 29 30 31 32 33 34 35 36 37 38]
C_final_list= [1.5794843829620253e-07, 1.0315015095733724e-07, 6.596737561058469e-08, 4.178026524422533e-08, 2.6163295216311372e-08, 1.6242433867019983e-08, 1.00118602605543e-08, 6.168961686726373e-09, 3.789212591766594e-09, 2.3170356871555254e-09, 1.4148453390617818e-09, 8.673878658554969e-10, 5.344720440149782e-10, 3.316014597492481e-10, 2.051616867929847e-10, 1.2732510813527152e-10, 8.004942349517444e-11, 5.060821575655218e-11, 3.1143186421846266e-11, 1.943515011769601e-11, 1.2240048954339839e-11, 7.572776517208306e-12, 4.660151995078241e-12, 2.8677376243596082e-12, 1.7809376469866607e-12, 1.1015970907229164e-12, 6.829442680805877e-13, 4.33802968369044e-13, 2.6797798436059046e-13, 1.6308828295621762e-13, 9.929795854378193e-14, 6.029937772025083e-14, 3.5116490606496857e-14, 1.9967905212953602e-14, 1.1564504975648197e-14, 7.0992664653794355e-15, 4.205592537901561e-15, 2.3665983473247208e-15]
W_list: [7]
L_list: [2.240227392846585]
