R_list= [ 1  2  3  4  5  6  7  8  9 10 11 12 13 14 15 16 17 18 19 20 21 22 23 24
 25 26 27 28 29 30 31 32 33 34 35 36 37 38]
C_final_list= [4.6837417292490047e-07, 4.049051898882178e-07, 3.474379162086471e-07, 2.9718584483207587e-07, 2.531878837528089e-07, 2.161221571085803e-07, 1.8422996011239753e-07, 1.5705775708146802e-07, 1.336798467954831e-07, 1.1391394915803048e-07, 9.702624838836542e-08, 8.256199333609245e-08, 7.020989900043298e-08, 5.979754894601586e-08, 5.082749014815936e-08, 4.3142861207037553e-08, 3.657074819251801e-08, 3.103074275296096e-08, 2.6278916578491385e-08, 2.2230810121070087e-08, 1.881298587502204e-08, 1.59696990567154e-08, 1.353297496038748e-08, 1.1473506421107744e-08, 9.733448912625712e-09, 8.236210915228993e-09, 6.957600407235163e-09, 5.874624294113459e-09, 4.940462593117364e-09, 4.142391490639217e-09, 3.4786854126362425e-09, 2.917688663397013e-09, 2.447164267981911e-09, 2.058109064399866e-09, 1.7331593339603405e-09, 1.4585628463283385e-09, 1.2303055663383754e-09, 1.0338896587873852e-09]
W_list: [7]
L_list: [6.325812319498218]
