R_list= [ 1  2  3  4  5  6  7  8  9 10 11 12 13 14 15 16 17 18 19 20 21 22 23 24
 25 26 27 28 29 30 31 32 33 34 35 36 37 38]
C_final_list= [7.760250170193692e-07, 4.74321001321646e-07, 2.7981884882606536e-07, 1.6748881896288667e-07, 1.0154887559519826e-07, 6.14276051396028e-08, 3.684845793825357e-08, 2.2065561395943843e-08, 1.3219534816160048e-08, 7.899040277459694e-09, 4.7628037004631695e-09, 2.9036115647585533e-09, 1.7711527330059956e-09, 1.0768631783283102e-09, 6.492891823775331e-10, 3.8615888745697843e-10, 2.2897049270580583e-10, 1.3539628648894758e-10, 7.974131159601098e-11, 4.664015120051403e-11, 2.728770176638882e-11, 1.571293525011367e-11, 8.957316251203687e-12, 5.0818520166469175e-12, 2.883345134465427e-12, 1.687626181007632e-12, 1.0176567552491077e-12, 6.149015120840894e-13, 3.6722662509275587e-13, 2.218113636913293e-13, 1.3654017306419246e-13, 8.313760413704831e-14, 4.947266817303169e-14, 2.8387478550238325e-14, 1.611193695497119e-14, 9.407081846741124e-15, 5.2790370938417475e-15, 3.021147182319127e-15]
W_list: [6]
L_list: [1.9701851110982578]
