R_list= [ 1  2  3  4  5  6  7  8  9 10 11 12 13 14 15 16 17 18 19 20 21 22 23 24
 25 26 27 28 29 30 31 32 33 34 35 36 37 38]
C_final_list= [3.514847919628342e-05, 2.268859817934752e-05, 1.4572118088253628e-05, 9.330679022202224e-06, 5.973429681025172e-06, 3.820460927342682e-06, 2.44026916206745e-06, 1.5551238801134992e-06, 9.939310567309036e-07, 6.333383753991271e-07, 4.0294100072014435e-07, 2.5683233639239194e-07, 1.6330883387749035e-07, 1.0376166391725373e-07, 6.574115790761613e-08, 4.157102654493331e-08, 2.6364569798215824e-08, 1.6800804701697744e-08, 1.0725610309664172e-08, 6.826585665991119e-09, 4.339215405437534e-09, 2.746516193550509e-09, 1.7388505836740275e-09, 1.1030964195361204e-09, 7.025282277510931e-10, 4.5229418499553517e-10, 2.904055016787786e-10, 1.8592019627746628e-10, 1.1807707360873522e-10, 7.263685686986373e-11, 4.46455230464382e-11, 2.780227133233433e-11, 1.7465080595230243e-11, 1.0916985004567128e-11, 6.9722160990155906e-12, 4.687966065689489e-12, 3.2539913425289725e-12, 2.245859620836778e-12]
W_list: [8.3]
L_list: [2.2605599963885594]
