C_final_list: [1.7214039763448129e-06, 1.696163881901393e-06, 1.6710833423165503e-06, 1.646901372257053e-06, 1.6232307766077362e-06, 1.6003156994059029e-06, 1.5777402587476435e-06, 1.5555962094864988e-06, 1.5340670665010935e-06, 1.5128333017778913e-06, 1.4916453833606982e-06, 1.470963076952114e-06, 1.4507040334202756e-06, 1.4305035762404377e-06, 1.4106388659147445e-06, 1.3909975698682544e-06, 1.3716895285741478e-06, 1.3525622999440702e-06, 1.33378652904302e-06, 1.31525764494237e-06, 1.2969607152791028e-06, 1.2787552784514276e-06, 1.260888285016164e-06, 1.2430849407439696e-06, 1.2255326168762612e-06, 1.208354170410309e-06, 1.1914259449315584e-06, 1.1747899713438836e-06, 1.1581530659470759e-06, 1.1417373621259043e-06, 1.1257260231550565e-06, 1.1095358145078247e-06, 1.0936644890141855e-06, 1.0780766963826087e-06, 1.0626946060044142e-06, 1.0474045907376148e-06, 1.0322316978756418e-06, 1.0173954342412955e-06, 1.0026278279327387e-06, 9.880028537535482e-07, 9.736762741575621e-07, 9.593704215665478e-07, 9.451645544753689e-07, 9.312809667893898e-07, 9.176025303106804e-07, 9.041863444924573e-07, 8.910530773122262e-07, 8.780459461693027e-07, 8.652911481952627e-07, 8.526056513863142e-07]
ndim2: 500
W_list: [2.9499999999999997]
L_list: [70.32293932894567]
