R_list= [ 1  2  3  4  5  6  7  8  9 10 11 12 13 14 15 16 17 18 19 20 21 22 23 24
 25 26 27 28 29 30 31 32 33 34 35 36 37 38]
C_final_list= [1.4029175889082628e-06, 1.327639793593635e-06, 1.2559049281427983e-06, 1.1882735324369325e-06, 1.1243016723275876e-06, 1.0628990061036514e-06, 1.0042260205091227e-06, 9.486965778521894e-07, 8.960771766206575e-07, 8.461969988642198e-07, 7.985182572624397e-07, 7.538156476371644e-07, 7.116813521639122e-07, 6.719489840986251e-07, 6.34119164816557e-07, 5.983457929712141e-07, 5.645416663674939e-07, 5.326385859093388e-07, 5.023556044979742e-07, 4.737070359574989e-07, 4.4668236732727694e-07, 4.213449684129733e-07, 3.972929937826391e-07, 3.746234560577752e-07, 3.532368679096814e-07, 3.330375658067377e-07, 3.139736169003561e-07, 2.9609798354364957e-07, 2.790510945431109e-07, 2.6308572714656377e-07, 2.4795695200475796e-07, 2.3362784043557278e-07, 2.2007452903036224e-07, 2.0736702123721952e-07, 1.9531617851252178e-07, 1.8390714940601295e-07, 1.7303569851850418e-07, 1.6300021905013243e-07]
W_list: [5]
L_list: [17.36702830121443]
