R_list= [ 1  2  3  4  5  6  7  8  9 10 11 12 13 14 15 16 17 18 19 20 21 22 23 24
 25 26 27 28 29 30 31 32 33 34 35 36 37 38]
C_final_list= [4.953577061052234e-07, 3.8712773892565513e-07, 3.003325063154875e-07, 2.3194581950260832e-07, 1.789570945110113e-07, 1.3758861697747182e-07, 1.0588123360257664e-07, 8.145715016871466e-08, 6.245412611178169e-08, 4.7913312376033236e-08, 3.6697266896022864e-08, 2.8085795663492738e-08, 2.1442158421510824e-08, 1.6395719233579006e-08, 1.2475172740481562e-08, 9.467216713318198e-09, 7.190996305817914e-09, 5.454332297183814e-09, 4.145512927768939e-09, 3.131633668776428e-09, 2.3698404671467484e-09, 1.790173976580663e-09, 1.3550799954425922e-09, 1.0261385175564021e-09, 7.776515610422729e-10, 5.851620633635844e-10, 4.3871633537528075e-10, 3.3311047801610126e-10, 2.5320804027188016e-10, 1.9180507544000995e-10, 1.4472560799007843e-10, 1.0821274257933259e-10, 8.175065130076217e-11, 6.135288431243891e-11, 4.5835172113887724e-11, 3.4051361861511133e-11, 2.5357967171349924e-11, 1.8800277904390143e-11]
W_list: [8.2]
L_list: [3.8834880618105037]
