C_final_list: [8.726006006824268e-07, 8.335691283550526e-07, 7.940873301665267e-07, 7.559386654665923e-07, 7.191835864328727e-07, 6.841666112948337e-07, 6.509392481952403e-07, 6.19106955627495e-07, 5.886513120077343e-07, 5.596225467204323e-07, 5.318283765406448e-07, 5.053085782219808e-07, 4.79976875252338e-07, 4.5545434051077753e-07, 4.321666587378432e-07, 4.1008930987147146e-07, 3.8904693270948035e-07, 3.692175372943421e-07, 3.503957162041571e-07, 3.325386767772536e-07, 3.155373068099192e-07, 2.9930077268928813e-07, 2.839761220972537e-07, 2.6943698910222443e-07, 2.555261607270075e-07, 2.423732437791263e-07, 2.298791241630294e-07, 2.1804772308757222e-07, 2.0678245760024913e-07, 1.960432158487705e-07, 1.8586607154178493e-07, 1.761005689102784e-07, 1.6679727295105565e-07, 1.5792863673208426e-07, 1.4950617064628153e-07, 1.4151724586129928e-07, 1.3397994491688838e-07, 1.267845038945164e-07, 1.199751619853698e-07, 1.135001814255705e-07, 1.0733923042820526e-07, 1.0147501952376595e-07, 9.596491792566138e-08, 9.0700633955517e-08, 8.57405848308957e-08, 8.103897601799547e-08, 7.661410064895231e-08, 7.23774291818588e-08, 6.836850114198816e-08, 6.461609703148088e-08]
ndim2: 500
W_list: [4.0]
L_list: [19.292800970367278]
