R_list= [ 1  2  3  4  5  6  7  8  9 10 11 12 13 14 15 16 17 18 19 20 21 22 23 24
 25 26 27 28 29 30 31 32 33 34 35 36 37 38]
C_final_list= [1.1366899263048134e-06, 9.955344652198745e-07, 8.601875078681603e-07, 7.476073886814207e-07, 6.54336220444092e-07, 5.745874824478877e-07, 5.047817170673377e-07, 4.4317427246595955e-07, 3.888565576258637e-07, 3.411624444943465e-07, 2.99261803474594e-07, 2.6243666493050247e-07, 2.299942510266939e-07, 2.0120880244256887e-07, 1.759632999300363e-07, 1.5394956361269816e-07, 1.347477485032146e-07, 1.1792306405699054e-07, 1.0321762574183199e-07, 9.031922070206174e-08, 7.900169674981141e-08, 6.902039668547555e-08, 6.020345758204974e-08, 5.248346974910452e-08, 4.5748196174763904e-08, 3.9857709013215264e-08, 3.469117800235919e-08, 3.015144774997304e-08, 2.617826976347296e-08, 2.272320905207509e-08, 1.975828642412759e-08, 1.7217383631001893e-08, 1.5011174850094227e-08, 1.3100841989476527e-08, 1.1441400603142201e-08, 1.0001364837456065e-08, 8.74012655013426e-09, 7.631829974603867e-09]
W_list: [4]
L_list: [7.478821436620099]
