R_list= [ 1  2  3  4  5  6  7  8  9 10 11 12 13 14 15 16 17 18 19 20 21 22 23 24
 25 26 27 28 29 30 31 32 33 34 35 36 37 38]
C_final_list= [8.28815418065394e-07, 7.588721189919744e-07, 6.926670094014562e-07, 6.315154450433928e-07, 5.750911576590655e-07, 5.236520324455471e-07, 4.771116301418053e-07, 4.343351976998199e-07, 3.9506730920136655e-07, 3.5937649185653714e-07, 3.2657686952186894e-07, 2.965673855080107e-07, 2.6928029330773394e-07, 2.442491646445277e-07, 2.2135285758129179e-07, 2.006381437208293e-07, 1.8176641844294928e-07, 1.6458135074159742e-07, 1.487854474028546e-07, 1.345182247062337e-07, 1.216614204871546e-07, 1.1010036610616827e-07, 9.9533333244886e-08, 9.007739134500277e-08, 8.164639846347346e-08, 7.397349367447472e-08, 6.701574995146233e-08, 6.07425265879743e-08, 5.505148142957366e-08, 4.991304270550063e-08, 4.526340077654196e-08, 4.102318897835575e-08, 3.7183073930342505e-08, 3.371792885607855e-08, 3.054355117433796e-08, 2.76906961787586e-08, 2.5086287335599317e-08, 2.2720762363219417e-08]
W_list: [6]
L_list: [10.48899197308543]
