C_list:
1.927626805643938e-06 0.21623908545299514
ndim2: 500
W_list: [3.2]
L_list: [4.624510864467998]
