R_list= [ 1  2  3  4  5  6  7  8  9 10 11 12 13 14 15 16 17 18 19 20 21 22 23 24
 25 26 27 28 29 30 31 32 33 34 35 36 37 38]
C_final_list= [6.665823201839224e-07, 5.551052391682573e-07, 4.594296471940715e-07, 3.793097711128166e-07, 3.128971266600849e-07, 2.5828492253379717e-07, 2.130582675054797e-07, 1.7581439492186946e-07, 1.4476856273284416e-07, 1.1909030913978409e-07, 9.79758296504193e-08, 8.051704058410598e-08, 6.622299248319797e-08, 5.4218984159635746e-08, 4.437123676969867e-08, 3.631918176162461e-08, 2.964689233865506e-08, 2.415907645782996e-08, 1.9651651624045218e-08, 1.6008602750520084e-08, 1.2925934717534638e-08, 1.045629149000108e-08, 8.443137524532465e-09, 6.824656719274808e-09, 5.5139991244596425e-09, 4.453737285850238e-09, 3.5972745263737995e-09, 2.9003814757986027e-09, 2.3374224829659523e-09, 1.8896038098034337e-09, 1.5228117695006808e-09, 1.225670368401724e-09, 9.893246867047985e-10, 7.964268684383443e-10, 6.467146361670973e-10, 5.265983097524091e-10, 4.2588138951800353e-10, 3.4321779446705304e-10]
W_list: [7]
L_list: [5.214993514441954]
