R_list= [ 1  2  3  4  5  6  7  8  9 10 11 12 13 14 15 16 17 18 19 20 21 22 23 24
 25 26 27 28 29 30 31 32 33 34 35 36 37 38]
C_final_list= [1.3193036685519707e-07, 7.52473581674419e-08, 3.6963969029104005e-08, 1.685912593461863e-08, 7.375165080622474e-09, 3.150386902726778e-09, 1.332355925301446e-09, 5.644910066202618e-10, 2.38964256513104e-10, 1.0053854587943444e-10, 4.1922282659694066e-11, 1.736489276039174e-11, 7.123612269301569e-12, 2.890798976225411e-12, 1.152944384651593e-12, 4.529998962858641e-13, 1.7665000888385956e-13, 6.840805674363632e-14, 2.6211924428314626e-14, 1.0186814973757163e-14, 4.0735524121462464e-15, 1.7160453297130051e-15, 7.480017518450483e-16, 3.2807429796839355e-16, 1.4016290454794226e-16, 5.744256587636835e-17, 2.2538477166769304e-17, 8.578060660554707e-18, 3.2299541157438925e-18, 1.2335570985365963e-18, 4.813944828839187e-19, 1.837409943602409e-19, 6.731165262594269e-20, 2.3534166003830276e-20, 7.922026840719145e-21, 2.5751843830026947e-21, 8.691472907910962e-22, 3.3373660749359313e-22]
W_list: [5]
L_list: [1.551570384511242]
