C_final_list: [1.6788485993727762e-06, 1.625650880542629e-06, 1.5781775289404999e-06, 1.527640055575802e-06, 1.479721918625276e-06, 1.4340847377957417e-06, 1.3897464290527068e-06, 1.3468908821864437e-06, 1.3051325053178115e-06, 1.2644391610585035e-06, 1.224724993063406e-06, 1.186590926882002e-06, 1.149501880632407e-06, 1.1135552562437087e-06, 1.0788310435887696e-06, 1.04459067486134e-06, 1.0114921143255037e-06, 9.794482517644846e-07, 9.48047919462972e-07, 9.177989511879242e-07, 8.878434292231812e-07, 8.589513586317403e-07, 8.314164269007435e-07, 8.04604414039479e-07, 7.785479266352656e-07, 7.536628319717765e-07, 7.293928009488688e-07, 7.0599757116898e-07, 6.831717105082426e-07, 6.617519189405174e-07, 6.40720266876734e-07, 6.204526923164372e-07, 6.008206100746259e-07, 5.8156635925784e-07, 5.627461884485355e-07]
ndim2: 500
W_list: [1.6]
L_list: [31.179759262603756]
