C_final_list: [1.470850727554892e-06, 1.1361462519327071e-06, 8.731993154243058e-07, 6.738975427649995e-07, 5.194454092099069e-07, 4.009306747642739e-07, 3.08782018472343e-07, 2.3638988083940105e-07, 1.824097915222857e-07, 1.4005766390410957e-07, 1.072290693604421e-07, 8.18798260108904e-08, 6.282390846617143e-08, 4.806014672493793e-08, 3.6804339584932686e-08, 2.8071479027400408e-08, 2.1455723467394204e-08, 1.642790425744628e-08, 1.25175495999886e-08, 9.51209049582171e-09, 7.279529294639414e-09, 5.524552128655514e-09, 4.186864645910814e-09, 3.1877806043492968e-09, 2.4313094662497524e-09, 1.8517404725050858e-09, 1.4286836266829651e-09, 1.0947313612653157e-09, 8.335454831630605e-10, 6.409218583284895e-10, 4.930432618829715e-10, 3.7728957982005977e-10, 2.9191187693727887e-10, 2.225959045153195e-10, 1.7087863963280067e-10]
ndim2: 500
W_list: [4.0]
L_list: [3.832096346027102]
