R_list= [ 1  2  3  4  5  6  7  8  9 10 11 12 13 14 15 16 17 18 19 20 21 22 23 24
 25 26 27 28 29 30 31 32 33 34 35 36 37 38]
C_final_list= [3.263984799336011e-05, 2.5085625176339416e-05, 1.918951109428776e-05, 1.4636437099689785e-05, 1.1165094355048521e-05, 8.500390931822548e-06, 6.460830199334268e-06, 4.903671313796588e-06, 3.7258754182076537e-06, 2.8317536924120556e-06, 2.146655398594652e-06, 1.630792265277422e-06, 1.238052439901899e-06, 9.393348617891442e-07, 7.131974998287746e-07, 5.420780523214653e-07, 4.1147490259845965e-07, 3.1220695712692856e-07, 2.3686571647449886e-07, 1.7984149728717615e-07, 1.3640530478866896e-07, 1.0371161035398223e-07, 7.889323841400378e-08, 5.991287423057934e-08, 4.538542340181027e-08, 3.4362683640648046e-08, 2.6126048377638036e-08, 1.9862959019422668e-08, 1.511356415176098e-08, 1.1463724328797286e-08, 8.685213298306321e-09, 6.6004739285691095e-09, 5.035492322528928e-09, 3.814554358848059e-09, 2.8865279978955063e-09, 2.1836142662982223e-09, 1.6507718173148316e-09, 1.2487869680734603e-09]
W_list: [8.0]
L_list: [3.704370816554542]
