R_list= [ 1  2  3  4  5  6  7  8  9 10 11 12 13 14 15 16 17 18 19 20 21 22 23 24
 25 26 27 28 29 30 31 32 33 34 35 36 37 38]
C_final_list= [1.0552122860688635e-06, 9.8282020715148e-07, 9.237487290555308e-07, 8.67837917034663e-07, 8.140826982822009e-07, 7.638781116332173e-07, 7.16535685559776e-07, 6.717863929822704e-07, 6.298154719010271e-07, 5.912153835992533e-07, 5.547862484575643e-07, 5.20497713720994e-07, 4.886682681911142e-07, 4.5847851002842596e-07, 4.298283835313632e-07, 4.0290566136115996e-07, 3.7773023497004266e-07, 3.5424531871322397e-07, 3.3230459020219323e-07, 3.1164304262605177e-07, 2.92098081263183e-07, 2.7376524914678977e-07, 2.5657666064947765e-07, 2.4027708347037183e-07, 2.2501229504494575e-07, 2.1067525944989955e-07, 1.9703329879338358e-07, 1.841313634158528e-07, 1.7208185141832713e-07, 1.6076628712624069e-07, 1.5019008771879372e-07, 1.4020375389938213e-07, 1.3086372106038195e-07, 1.2213653542381946e-07, 1.1391257860315275e-07, 1.0621514485108032e-07, 9.903934138912639e-08, 9.242723992053188e-08]
W_list: [5]
L_list: [15.524265986253504]
