R_list= [ 1  2  3  4  5  6  7  8  9 10 11 12 13 14 15 16 17 18 19 20 21 22 23 24
 25 26 27 28 29 30 31 32 33 34 35 36 37 38]
C_final_list= [2.1139175413572554e-06, 2.035160569474959e-06, 1.96378882248182e-06, 1.8957334538027058e-06, 1.8324877442045255e-06, 1.7706520265716256e-06, 1.7119013836939765e-06, 1.6544006489697153e-06, 1.598742604654368e-06, 1.5445553837146424e-06, 1.4920001138824736e-06, 1.4417502157601981e-06, 1.3925907944728075e-06, 1.345997227379936e-06, 1.3007360948499365e-06, 1.257361560030933e-06, 1.2157819802124519e-06, 1.1756091126889675e-06, 1.1371337301518762e-06, 1.0993170299131293e-06, 1.0627459788408893e-06, 1.0270981452329171e-06, 9.926640741956182e-07, 9.595275071725563e-07, 9.272498080474382e-07, 8.962570806109729e-07, 8.660571346757745e-07, 8.370035088302623e-07, 8.088525798904197e-07, 7.815316072251727e-07, 7.554317048958349e-07, 7.299500046350269e-07, 7.055865735106265e-07, 6.81764825836744e-07, 6.583268732030197e-07, 6.359264177341541e-07, 6.14189532300965e-07, 5.932536804355373e-07]
W_list: [4]
L_list: [29.254977204907167]
