C_final_list: [1.8122439164795118e-06, 1.5331750468359846e-06, 1.2895807105498136e-06, 1.0847425498139845e-06, 9.12353508102311e-07, 7.662182923167292e-07, 6.446151100903791e-07, 5.424165184827678e-07, 4.573099977855317e-07, 3.83776477914737e-07, 3.2329878246434274e-07, 2.7131337130772e-07, 2.2812055445058831e-07, 1.9181696937726522e-07, 1.6133415255234693e-07, 1.3522935097316129e-07, 1.1317471314491291e-07, 9.426075645283799e-08, 7.84952117252938e-08, 6.536696891946315e-08, 5.4514566256140225e-08, 4.5288313533008345e-08, 3.7596583722987644e-08, 3.135094835465162e-08, 2.610334290914899e-08, 2.1601143043337543e-08, 1.7863693929450952e-08, 1.474100824300709e-08, 1.220165835424791e-08, 1.0147429155084504e-08, 8.492886352973903e-09, 7.066942801908356e-09, 5.92830068835156e-09, 4.936294439606392e-09, 4.106665141361049e-09]
ndim2: 500
W_list: [3.4000000000000004]
L_list: [5.782792429394817]
