R_list= [ 1  2  3  4  5  6  7  8  9 10 11 12 13 14 15 16 17 18 19 20 21 22 23 24
 25 26 27 28 29 30 31 32 33 34 35 36 37 38]
C_final_list= [3.194149071904199e-06, 2.5656176382053507e-06, 2.0434368097159662e-06, 1.6216465326996167e-06, 1.2869454233404277e-06, 1.019357565411448e-06, 8.074558901576378e-07, 6.376864808241185e-07, 5.029422669693038e-07, 3.9690841159762614e-07, 3.12397457506417e-07, 2.4674212315098793e-07, 1.9417110088323216e-07, 1.5270744128766947e-07, 1.2015696831274119e-07, 9.468160671918758e-08, 7.464910867710013e-08, 5.8974818660718216e-08, 4.654047889071713e-08, 3.672877435173247e-08, 2.8941492427161212e-08, 2.2801985698088513e-08, 1.790366425148319e-08, 1.4072760447560825e-08, 1.1098608807621581e-08, 8.768950463959724e-09, 6.917155226185739e-09, 5.444855134084265e-09, 4.296128705360835e-09, 3.3702501012329545e-09, 2.6325654706241566e-09, 2.0467067238600695e-09, 1.5956086161706241e-09, 1.2537961018745622e-09, 9.874324538442987e-10, 7.744742173173727e-10, 6.029074513703458e-10, 4.705852686962178e-10]
W_list: [8.4]
L_list: [4.338731962198558]
