C_final_list: [2.096484520435268e-06, 2.079892609600202e-06, 2.063530655569667e-06, 2.047897684006516e-06, 2.0325074584687626e-06, 2.0176213293705364e-06, 2.0027753903137876e-06, 1.9882711538607883e-06, 1.9736391029217237e-06, 1.959161340476416e-06, 1.9447963636797893e-06, 1.93082619508962e-06, 1.9168176925685694e-06, 1.9029214325894687e-06, 1.889160609477449e-06, 1.8756567655605093e-06, 1.862256554412042e-06, 1.848963209000811e-06, 1.8358335192957214e-06, 1.8228760387674744e-06, 1.8099738022810537e-06, 1.797169266782561e-06, 1.7845192525888406e-06, 1.7719673337712516e-06, 1.7594585776941431e-06, 1.7468638191371644e-06, 1.7343085138919197e-06, 1.7219883649397493e-06, 1.7096878459687702e-06, 1.6975403259951336e-06, 1.6854890590770768e-06, 1.6734451709892787e-06, 1.6614427648252096e-06, 1.6495329004124542e-06, 1.6376148567542425e-06]
ndim2: 500
W_list: [2.0]
L_list: [138.46213343568644]
