C_final_list: [1.8899006662773099e-06, 1.8327798267741544e-06, 1.7754258268858055e-06, 1.7209522260559502e-06, 1.6691784587556197e-06, 1.6186448720106713e-06, 1.570066857586948e-06, 1.5226016768462113e-06, 1.477336402548553e-06, 1.433714958078123e-06, 1.3914414773106842e-06, 1.3504942049087632e-06, 1.310543810417254e-06, 1.2715359004379177e-06, 1.233472112551807e-06, 1.1963981302326515e-06, 1.160650585551654e-06, 1.1252726034796463e-06, 1.091090590245088e-06, 1.0572690693717576e-06, 1.0245700074845298e-06, 9.92762839379163e-07, 9.616251969797644e-07, 9.31492330397829e-07, 9.024937755108971e-07, 8.742262438848434e-07, 8.469662115119635e-07, 8.207292668913688e-07, 7.952287259393292e-07, 7.704805376978922e-07, 7.464528539753689e-07, 7.230636353560489e-07, 7.00280776433299e-07, 6.783917216314303e-07, 6.574647098893661e-07, 6.368944079757556e-07, 6.168211368169409e-07, 5.97434489734579e-07, 5.785425778586445e-07, 5.603224732972028e-07, 5.426248241263017e-07, 5.256835709246988e-07, 5.089438037597228e-07, 4.92863825985537e-07, 4.771998769217995e-07, 4.6215257709898615e-07, 4.475502313682013e-07, 4.3333640279069415e-07, 4.1951688291319226e-07, 4.0600962308295526e-07]
ndim2: 500
W_list: [3.0]
L_list: [32.17330897533624]
