C_final_list: [2.067748006440934e-06, 1.8356262290820934e-06, 1.6214020410196043e-06, 1.4355225715452606e-06, 1.2719297226522947e-06, 1.1252558969238639e-06, 9.953219739940362e-07, 8.798350938751116e-07, 7.77702093215297e-07, 6.876999072912979e-07, 6.089746708642964e-07, 5.38075906817129e-07, 4.740718835714404e-07, 4.1754865268883383e-07, 3.685595413779712e-07, 3.2435619088609035e-07, 2.8459882594798294e-07, 2.498530169736744e-07, 2.2020743388301214e-07, 1.9348830847837813e-07, 1.703661324187894e-07, 1.499008888584501e-07, 1.319389009541418e-07, 1.1569382106734946e-07, 1.0118147472439609e-07, 8.864874549787751e-08, 7.747292796066817e-08, 6.773512855360065e-08, 5.9024313460027204e-08, 5.1607499603560186e-08, 4.500385565396624e-08, 3.931418539909758e-08, 3.433633897819499e-08, 3.0005978438565546e-08, 2.6193682692977292e-08, 2.287023477549213e-08, 2.000858757283176e-08, 1.7441803889695653e-08, 1.5247468314346342e-08, 1.3365352592120697e-08, 1.1685395263567947e-08, 1.0194314650329326e-08, 8.944308968322685e-09, 7.775720273274858e-09, 6.763707972202069e-09, 5.902854980377415e-09, 5.158551480557045e-09, 4.493640845741764e-09, 3.90009117862574e-09, 3.3929863920087607e-09]
ndim2: 500
W_list: [2.9]
L_list: [8.085428441095305]
