R_list= [ 1  2  3  4  5  6  7  8  9 10 11 12 13 14 15 16 17 18 19 20 21 22 23 24
 25 26 27 28 29 30 31 32 33 34 35 36 37 38]
C_final_list= [2.0170546959282967e-06, 1.9761867628134746e-06, 1.939259561752431e-06, 1.9024083945500744e-06, 1.8669848517816268e-06, 1.8320647352882066e-06, 1.7979850835002636e-06, 1.7646382694978386e-06, 1.732228456743896e-06, 1.700546002103845e-06, 1.6689095604265855e-06, 1.6380844144094354e-06, 1.607895047131217e-06, 1.5782130286008748e-06, 1.5493485726368455e-06, 1.5207586212311469e-06, 1.4923564832285298e-06, 1.4644310068205436e-06, 1.436823725315126e-06, 1.41002601879087e-06, 1.3835680567719087e-06, 1.357438320400916e-06, 1.331721806091638e-06, 1.3063554508228778e-06, 1.2818004343650888e-06, 1.2575080532642105e-06, 1.233916079003493e-06, 1.2106887186351856e-06, 1.1877548107297346e-06, 1.165496952455084e-06, 1.143805797781287e-06, 1.1222743502112368e-06, 1.1012593789250487e-06, 1.0804040768800565e-06, 1.0598742177541155e-06, 1.039834546578988e-06, 1.020267045374648e-06, 1.0009820844543445e-06]
W_list: [4]
L_list: [53.019985815003245]
