C_final_list: [1.8401154122761293e-06, 1.784245832355753e-06, 1.7286924992968114e-06, 1.6744089286665791e-06, 1.6223172098035986e-06, 1.571171738834723e-06, 1.5224033275126238e-06, 1.475255590838309e-06, 1.4299221149639083e-06, 1.3853160279571484e-06, 1.3424380934914323e-06, 1.300558928582172e-06, 1.259913779883628e-06, 1.2202072374653109e-06, 1.1815424464297736e-06, 1.1439794476875763e-06, 1.107921259931562e-06, 1.0727093114588917e-06, 1.03808930797068e-06, 1.0047199369496948e-06, 9.726861944276846e-07, 9.415845814536486e-07, 9.117397896581301e-07, 8.830299867891106e-07, 8.550279900472305e-07, 8.276141996054364e-07, 8.011806895316329e-07, 7.753982969217251e-07, 7.506595624445392e-07, 7.268999555818822e-07, 7.035569004256471e-07, 6.809609998399205e-07, 6.592221177093665e-07, 6.379673912125739e-07, 6.173484135562461e-07, 5.973171462338985e-07, 5.778670566956033e-07, 5.58907938988646e-07, 5.406381603911015e-07, 5.229994489188435e-07, 5.058428273773009e-07, 4.893002002407279e-07, 4.731865066358795e-07, 4.576394736977745e-07, 4.424837048657436e-07, 4.2767490786973134e-07, 4.1345194206614924e-07, 3.99694725285669e-07, 3.862937809794656e-07, 3.734041005593194e-07]
ndim2: 500
W_list: [3.05]
L_list: [31.005335431464903]
