R_list= [ 1  2  3  4  5  6  7  8  9 10 11 12 13 14 15 16 17 18 19 20 21 22 23 24
 25 26 27 28 29 30 31 32 33 34 35 36 37 38]
C_final_list= [5.773857069414682e-06, 4.878308075605369e-06, 4.076811091275017e-06, 3.3963181980523315e-06, 2.8196398888307194e-06, 2.340155695663794e-06, 1.9404677504906527e-06, 1.6050922236939865e-06, 1.3259583019206163e-06, 1.0943573021866312e-06, 9.032865631580543e-07, 7.447065358211105e-07, 6.139764086371349e-07, 5.062741006805509e-07, 4.174307550616333e-07, 3.440895445174096e-07, 2.840308803058189e-07, 2.346575111898191e-07, 1.9381986657148332e-07, 1.6008938041848592e-07, 1.3194555385363687e-07, 1.0867283561374642e-07, 8.939937516994863e-08, 7.36586207803842e-08, 6.058744522018412e-08, 4.9831996103833254e-08, 4.1082408545754466e-08, 3.388404959567312e-08, 2.7922305079963505e-08, 2.3018927522988558e-08, 1.8999816444842317e-08, 1.564426067151755e-08, 1.2903968572312433e-08, 1.0653275563280256e-08, 8.793580055042267e-09, 7.257290547070537e-09, 5.995150609927619e-09, 4.952339808827324e-09]
W_list: [8.4]
L_list: [5.409389058735693]
