R_list= [ 1  2  3  4  5  6  7  8  9 10 11 12 13 14 15 16 17 18 19 20 21 22 23 24
 25 26 27 28 29 30 31 32 33 34 35 36 37 38]
C_final_list= [6.057664481245839e-07, 5.022970811708912e-07, 4.128416068645694e-07, 3.388470639991212e-07, 2.772149456383762e-07, 2.2690959375362484e-07, 1.8515400644355652e-07, 1.5095638652732316e-07, 1.2299447797400425e-07, 1.0021320222595462e-07, 8.158934924932695e-08, 6.642199210957714e-08, 5.4092689916408417e-08, 4.408003463328935e-08, 3.582980815851545e-08, 2.911620715241227e-08, 2.366660083606265e-08, 1.9241919266060495e-08, 1.5663928969831123e-08, 1.2805666364527921e-08, 1.0462422159889994e-08, 8.560669173698573e-09, 6.980374657737172e-09, 5.6871652183079526e-09, 4.626315190709104e-09, 3.759846342426033e-09, 3.0397988369163323e-09, 2.4458014692734406e-09, 1.9757713844900667e-09, 1.5919009621373067e-09, 1.278916216219254e-09, 1.0259094247393815e-09, 8.243680044559206e-10, 6.603888333526233e-10, 5.275009120315843e-10, 4.2287904145082626e-10, 3.397457474891542e-10, 2.7367602811888114e-10]
W_list: [7]
L_list: [5.01338652357262]
