C_final_list: [1.4539686999115741e-06, 1.3871895162005193e-06, 1.3208402612973341e-06, 1.257895702197567e-06, 1.1977198760081782e-06, 1.1407958774663972e-06, 1.085659797334213e-06, 1.0331673626241495e-06, 9.832350904051862e-07, 9.362760831478369e-07, 8.915165366598648e-07, 8.484727218738703e-07, 8.075470534045923e-07, 7.680876611924613e-07, 7.305683139953685e-07, 6.952074595313343e-07, 6.612862929458933e-07, 6.289152526177345e-07, 5.974746492646518e-07, 5.674447871854241e-07, 5.393273904891799e-07, 5.12974217057352e-07, 4.876192960828289e-07, 4.634593046928638e-07, 4.4050533808694163e-07, 4.183568391574611e-07, 3.9707851433997744e-07, 3.76882490763395e-07, 3.5817340880815033e-07, 3.4008572666620346e-07, 3.227856232856582e-07, 3.065565231211081e-07, 2.910358192607138e-07, 2.763940188357657e-07, 2.6234322491311094e-07]
ndim2: 500
W_list: [3.0]
L_list: [20.035335481186824]
