R_list= [ 1  2  3  4  5  6  7  8  9 10 11 12 13 14 15 16 17 18 19 20 21 22 23 24
 25 26 27 28 29 30 31 32 33 34 35 36 37 38]
C_final_list= [4.962955784316667e-07, 3.9293378845676123e-07, 3.074756829473462e-07, 2.3992217660816394e-07, 1.868174194859792e-07, 1.4570113118658756e-07, 1.1329181028794228e-07, 8.764857507149261e-08, 6.798606057858785e-08, 5.245442805160686e-08, 4.04300296697054e-08, 3.1087045771835576e-08, 2.3880938423152177e-08, 1.835131624169581e-08, 1.4094797415302437e-08, 1.0836885071141263e-08, 8.351876112233251e-09, 6.421601654564459e-09, 4.946540061199929e-09, 3.782821265422547e-09, 2.8873360568583547e-09, 2.200605616889993e-09, 1.6769997271436028e-09, 1.282228224825683e-09, 9.861755183142672e-10, 7.593840674449409e-10, 5.854822363114499e-10, 4.528691903379685e-10, 3.490203317991199e-10, 2.701542222551869e-10, 2.0877625237584503e-10, 1.6203011194701316e-10, 1.2669162842421142e-10, 9.811436598372042e-11, 7.622240677872572e-11, 5.891925062088088e-11, 4.505230890207224e-11, 3.4331431899879524e-11]
W_list: [8.0]
L_list: [4.038390647984826]
