C_final_list: [2.1679569071508484e-06, 2.08372834159087e-06, 2.000365160776349e-06, 1.920861692830148e-06, 1.8442961585721952e-06, 1.7712253895425254e-06, 1.7016576301354386e-06, 1.633264832902525e-06, 1.5669574952960781e-06, 1.5040222479165365e-06, 1.4432278611218768e-06, 1.3851306502322836e-06, 1.32861856251746e-06, 1.2742566107154106e-06, 1.2226622395635506e-06, 1.173314248720976e-06, 1.1252549185513634e-06, 1.0793043649762418e-06, 1.0355707343979628e-06, 9.93248991420407e-07, 9.522297204090091e-07, 9.130729728502894e-07, 8.758233523121755e-07, 8.398604275084475e-07, 8.051876907054817e-07, 7.722845168113229e-07, 7.403300605928982e-07, 7.092554839065206e-07, 6.798377687049993e-07, 6.515868261801634e-07, 6.242836471821039e-07, 5.980755112414758e-07, 5.729692631142718e-07, 5.490367579069031e-07, 5.257458976555219e-07]
ndim2: 500
W_list: [2.2]
L_list: [24.14512339179696]
