C_final_list: [1.627661749801744e-06, 1.478876070283454e-06, 1.3368710867447368e-06, 1.2082515099389747e-06, 1.0925104630989687e-06, 9.895912699768147e-07, 8.95991662509012e-07, 8.107259129131024e-07, 7.326778911450124e-07, 6.624762223047797e-07, 5.987764141248945e-07, 5.416331473410753e-07, 4.898204822088851e-07, 4.4284041416706775e-07, 3.9949128255960654e-07, 3.608460904242061e-07, 3.262940672939521e-07, 2.941294641017672e-07, 2.652460487518926e-07, 2.3856795813527905e-07, 2.1493702724560465e-07, 1.9306820242751207e-07, 1.734253405729822e-07, 1.556540201053825e-07, 1.398358269409906e-07, 1.2576805062650333e-07, 1.1319366209051456e-07, 1.0190751844080472e-07, 9.158907368659122e-08, 8.231542022998911e-08, 7.387092717517634e-08, 6.635358405351266e-08, 5.966001849315676e-08, 5.364414688172309e-08, 4.826918445768844e-08]
ndim2: 500
W_list: [3.2]
L_list: [9.895646064826783]
