C_final_list: [1.9992469977257827e-06, 1.7568419105052554e-06, 1.5338185959670463e-06, 1.3380419097313018e-06, 1.1675560358095525e-06, 1.018234374068484e-06, 8.875341921925489e-07, 7.762695693988271e-07, 6.781058697653291e-07, 5.918209227928922e-07, 5.152531715702301e-07, 4.4980394843291647e-07, 3.929346730235615e-07, 3.4322496747853316e-07, 2.9835472778680146e-07, 2.5918998209091636e-07, 2.2477901156001156e-07, 1.9482688301635666e-07, 1.693964190797775e-07, 1.4719897556772262e-07, 1.2789070737965431e-07, 1.1129217466984542e-07, 9.652975430615189e-08, 8.414597219768234e-08, 7.295758113027823e-08, 6.323471607365011e-08, 5.476136613561619e-08, 4.7477044982645665e-08, 4.110452550270395e-08, 3.548392127913449e-08, 3.0621812289840024e-08, 2.6482650081655095e-08, 2.293157820053168e-08, 1.978542602622853e-08, 1.7118870547313748e-08, 1.481279458645495e-08, 1.2812914724663136e-08, 1.1089088578636019e-08, 9.620360241342328e-09, 8.303366968482747e-09, 7.165319404635278e-09, 6.220433148239419e-09, 5.388261546887412e-09, 4.664220161867681e-09, 4.022283298557167e-09, 3.4804362656260606e-09, 3.006330279616655e-09, 2.6015227919616027e-09, 2.237757731792342e-09, 1.9146205474779854e-09]
ndim2: 500
W_list: [3.0999999999999996]
L_list: [7.3343878310993045]
