C_final_list: [1.9619800983543813e-06, 1.7013392941601864e-06, 1.4717672044201045e-06, 1.2693960883349197e-06, 1.0946040619191475e-06, 9.445152493269796e-07, 8.157826373041323e-07, 7.04356720633403e-07, 6.083407861565751e-07, 5.262660963959e-07, 4.547336946718466e-07, 3.9210968847805053e-07, 3.3900177140403003e-07, 2.923238437764341e-07, 2.5207124188195125e-07, 2.1678426929344965e-07, 1.8639778278721334e-07, 1.6026199328312488e-07, 1.3756008690353406e-07, 1.1814982310350208e-07, 1.0107505973534601e-07, 8.636823851503454e-08, 7.422001609843305e-08, 6.366803689548905e-08, 5.4497435578751055e-08, 4.673262796385871e-08, 4.009785517557709e-08, 3.4424670971261254e-08, 2.9642006451653664e-08, 2.5525990658046553e-08, 2.2008030103993557e-08, 1.8829278783202687e-08, 1.6145281881751792e-08, 1.3849283205527062e-08, 1.187306254313076e-08, 1.017066522299996e-08, 8.685967994242421e-09, 7.421613937493464e-09, 6.308291817560009e-09, 5.3693056872035695e-09, 4.57669505869442e-09, 3.90266006090234e-09, 3.3016296438525908e-09, 2.8230114866743695e-09, 2.40856146107291e-09, 2.0540674687418705e-09, 1.7379161566714846e-09, 1.4774598247073306e-09, 1.2615953694345103e-09, 1.0805607032492546e-09]
ndim2: 500
W_list: [3.2]
L_list: [6.803840102258548]
