C_final_list: [2.190995422237512e-06, 1.9981731639911483e-06, 1.8144753061853797e-06, 1.653100244441452e-06, 1.5046779102860418e-06, 1.370023122278693e-06, 1.247460589565035e-06, 1.133879207294703e-06, 1.031266605072815e-06, 9.385105564496395e-07, 8.5261453304345e-07, 7.735920050710991e-07, 7.006278435123051e-07, 6.361497477462436e-07, 5.761709220444626e-07, 5.23100891972139e-07, 4.7477904012127254e-07, 4.3079167979493085e-07, 3.903134059436555e-07, 3.5339815650873557e-07, 3.197860490404738e-07, 2.8958534763556794e-07, 2.629604842729126e-07, 2.3786721194698127e-07, 2.1546330332254233e-07, 1.947996129873603e-07, 1.761838046459805e-07, 1.5946459929867349e-07, 1.4428699730248467e-07, 1.3079838190645777e-07, 1.1870539171927585e-07, 1.0760668794041805e-07, 9.751202890012006e-08, 8.83173973579259e-08, 7.988464108210976e-08, 7.244182038732005e-08, 6.565974905561647e-08, 5.950824812327269e-08, 5.394998176076604e-08, 4.8799974981340535e-08, 4.4272506871138714e-08, 4.0199297709900107e-08, 3.6463253617775154e-08, 3.304482911506509e-08, 2.99879727043339e-08, 2.7213276344810062e-08, 2.4754494276674008e-08, 2.24726796361897e-08, 2.0395471679347154e-08, 1.8459391940963566e-08]
ndim2: 500
W_list: [2.4]
L_list: [10.426784197832939]
