R_list= [ 1  2  3  4  5  6  7  8  9 10 11 12 13 14 15 16 17 18 19 20 21 22 23 24
 25 26 27 28 29 30 31 32 33 34 35 36 37 38]
C_final_list= [5.404088532631381e-07, 4.394147250421279e-07, 3.5013898861163123e-07, 2.793591504900267e-07, 2.232789876690798e-07, 1.78556583440512e-07, 1.4276758768354988e-07, 1.1402510856550087e-07, 9.076538827033799e-08, 7.231802331022537e-08, 5.7642899933593944e-08, 4.583104367932061e-08, 3.637199809869735e-08, 2.8830575434360105e-08, 2.2887253848475626e-08, 1.8191949576220714e-08, 1.4472179876559534e-08, 1.1534736556402565e-08, 9.197503711091181e-09, 7.326385027820005e-09, 5.831052128997855e-09, 4.634044202562609e-09, 3.68130169081328e-09, 2.923636396138416e-09, 2.3234862547466327e-09, 1.8455714375506966e-09, 1.464464369962703e-09, 1.1611876024488805e-09, 9.207169057250092e-10, 7.324821954574085e-10, 5.855357198618409e-10, 4.698915105976697e-10, 3.76992486923625e-10, 3.029718686694379e-10, 2.434602265267489e-10, 1.9554920744648475e-10, 1.5705493313866488e-10, 1.2653719160794365e-10]
W_list: [5]
L_list: [4.479360243070764]
