R_list= [ 1  2  3  4  5  6  7  8  9 10 11 12 13 14 15 16 17 18 19 20 21 22 23 24
 25 26 27 28 29 30 31 32 33 34 35 36 37 38]
C_final_list= [9.094423194277787e-07, 7.321910362433394e-07, 6.045686760719952e-07, 4.985395984066584e-07, 4.111149151736705e-07, 3.395623687190213e-07, 2.800886968011383e-07, 2.3076224573893481e-07, 1.89489638250474e-07, 1.5554537144856533e-07, 1.2774698414234506e-07, 1.0507779016741968e-07, 8.615142164733227e-08, 7.068332317130607e-08, 5.779916850325118e-08, 4.722936097704846e-08, 3.855626750553172e-08, 3.1361585410454865e-08, 2.5431813993444262e-08, 2.0602421832530764e-08, 1.6732770026163234e-08, 1.3563375772039314e-08, 1.1025196020345974e-08, 8.960011352374736e-09, 7.29197910862773e-09, 5.906310579508228e-09, 4.770428113591377e-09, 3.860295249362824e-09, 3.1197521938004467e-09, 2.511949671854099e-09, 2.0265908287628425e-09, 1.6329630094805724e-09, 1.319497012364335e-09, 1.0707208979223507e-09, 8.71094424004132e-10, 7.075566734625292e-10, 5.718437569553129e-10, 4.573286059669387e-10]
W_list: [6]
L_list: [5.098265676668575]
