R_list= [ 1  2  3  4  5  6  7  8  9 10 11 12 13 14 15 16 17 18 19 20 21 22 23 24
 25 26 27 28 29 30 31 32 33 34 35 36 37 38]
C_final_list= [5.665375574135623e-06, 4.772746272048701e-06, 3.980967857809342e-06, 3.3021158688095654e-06, 2.7352380623073572e-06, 2.2628103849350796e-06, 1.871158227428863e-06, 1.5453497229513883e-06, 1.2753230388903282e-06, 1.0517900490305352e-06, 8.659986937346397e-07, 7.128229035661618e-07, 5.870909969722524e-07, 4.826889931483255e-07, 3.964222817188957e-07, 3.251122860583042e-07, 2.66553197972011e-07, 2.1843108141309234e-07, 1.7893656554461327e-07, 1.4649421369043476e-07, 1.1990836851156534e-07, 9.830780824944351e-08, 8.068314547619953e-08, 6.630441956713509e-08, 5.441970363332807e-08, 4.459088277361537e-08, 3.653614956738239e-08, 2.997421980889013e-08, 2.4587097709677854e-08, 2.0210109987173525e-08, 1.6611130198433946e-08, 1.3669303857246516e-08, 1.1234599628878092e-08, 9.239949723413459e-09, 7.601263707313652e-09, 6.255545189390071e-09, 5.135546319123203e-09, 4.227413957701089e-09]
W_list: [8.45]
L_list: [5.3363262319386475]
