R_list= [ 1  2  3  4  5  6  7  8  9 10 11 12 13 14 15 16 17 18 19 20 21 22 23 24
 25 26 27 28 29 30 31 32 33 34 35 36 37 38]
C_final_list= [6.86145710283015e-07, 6.339671373002941e-07, 5.839982743134613e-07, 5.367600000356225e-07, 4.931476211023793e-07, 4.525928884235485e-07, 4.148600656590185e-07, 3.8040118808774834e-07, 3.4870857059947746e-07, 3.1993672211489034e-07, 2.936771431407459e-07, 2.694577326493872e-07, 2.472485857854638e-07, 2.2695501772508513e-07, 2.0831661516244594e-07, 1.912471894086233e-07, 1.7551651771010397e-07, 1.6101189380427842e-07, 1.4762075729296293e-07, 1.354194864206657e-07, 1.2411689403202543e-07, 1.138647337779385e-07, 1.0444578470238527e-07, 9.578982720112835e-08, 8.787448370652764e-08, 8.055140292541361e-08, 7.384881746763995e-08, 6.772480109839406e-08, 6.207475377771772e-08, 5.6804228928243307e-08, 5.192778038682608e-08, 4.743950232120119e-08, 4.3343243012175226e-08, 3.961339357509454e-08, 3.6194794094712916e-08, 3.308687920949364e-08, 3.025719462239992e-08, 2.766821192708649e-08]
W_list: [6.2]
L_list: [11.661867783418323]
