R_list= [ 1  2  3  4  5  6  7  8  9 10 11 12 13 14 15 16 17 18 19 20 21 22 23 24
 25 26 27 28 29 30 31 32 33 34 35 36 37 38]
C_final_list= [1.909286445204751e-06, 1.2059679758112047e-06, 6.527362501992453e-07, 3.236309400706367e-07, 1.5240079272864887e-07, 6.965847263723553e-08, 3.137164122278798e-08, 1.4049279675026238e-08, 6.31146997516499e-09, 2.852810282906409e-09, 1.3020039664171956e-09, 6.002351075828509e-10, 2.801290149678673e-10, 1.3112142317216905e-10, 6.1485267541166e-11, 2.8952929982690563e-11, 1.3631116050009967e-11, 6.3915841523052644e-12, 2.9046375267743063e-12, 1.2693150168551427e-12, 5.490964064646312e-13, 2.4047832876141814e-13, 1.0832120818647301e-13, 4.989633702171537e-14, 2.3446198797207246e-14, 1.0931536059880772e-14, 4.9347493864138976e-15, 2.146898511571132e-15, 9.166271990421544e-16, 3.8754079975587396e-16, 1.6481069963279768e-16, 6.973456447520257e-17, 2.967943046143956e-17, 1.2766430568383919e-17, 5.56586195138421e-18, 2.4822753203072324e-18, 1.1448433371322812e-18, 5.548940884334043e-19]
W_list: [4]
L_list: [1.7717480547630102]
