R_list= [ 1  2  3  4  5  6  7  8  9 10 11 12 13 14 15 16 17 18 19 20 21 22 23 24
 25 26 27 28 29 30 31 32 33 34 35 36 37 38]
C_final_list= [6.781707592624551e-08, 2.962966203909691e-08, 1.1332019394284787e-08, 4.1675146679309915e-09, 1.5150369649011788e-09, 5.402542429420773e-10, 1.8638288839290657e-10, 6.316308384802904e-11, 2.103117632600288e-11, 6.919125260059759e-12, 2.262532166070919e-12, 7.690655454023352e-13, 3.110472964327813e-13, 2.1664651163965464e-13, 1.8186737930551816e-13, 1.353039565256889e-13, 5.534514369276509e-14, 1.1458954866982097e-14, 1.908809283935087e-15, 3.913429624145963e-16, 8.645388845851013e-17, 1.9668641660380393e-17, 4.7186869288350816e-18, 1.233777840632275e-18, 3.687359210592868e-19, 2.6109157239623197e-19, 1.9203791809907495e-19, 4.172895204981715e-20, 7.207442038649961e-21, 2.256716627349557e-21, 6.605130236527131e-22, 2.1216236036303047e-22, 1.335544637657637e-22, 1.0281577824503737e-22, 4.539528886528887e-23, 1.491927262638349e-23, 2.7978230192664584e-24, 2.945500385860715e-25]
W_list: [7]
L_list: [1.147004533883712]
