R_list= [ 1  2  3  4  5  6  7  8  9 10 11 12 13 14 15 16 17 18 19 20 21 22 23 24
 25 26 27 28 29 30 31 32 33 34 35 36 37 38]
C_final_list= [9.281603106247393e-07, 7.034342276655626e-07, 5.238915896835201e-07, 3.956468217887952e-07, 3.0220172452482373e-07, 2.3210760630244858e-07, 1.7803952300873557e-07, 1.3598360612673125e-07, 1.0322782520205632e-07, 7.823521363712365e-08, 5.920113986340333e-08, 4.46630613111158e-08, 3.360303186097444e-08, 2.522896736674915e-08, 1.896550235251749e-08, 1.4277407967927935e-08, 1.0786581959202498e-08, 8.152783561847043e-09, 6.143241860398602e-09, 4.62243029170514e-09, 3.4785921831027502e-09, 2.6268131289794535e-09, 1.9865815078791208e-09, 1.5100462753699628e-09, 1.1515191404658742e-09, 8.823936981935549e-10, 6.762243618550344e-10, 5.184220404744067e-10, 3.9932968098413847e-10, 3.061005153864028e-10, 2.3150349300617555e-10, 1.7248203770566935e-10, 1.2785739048008678e-10, 9.446159641858376e-11, 7.014793041778868e-11, 5.2432182679501085e-11, 3.9096599162234753e-11, 2.8925100752346306e-11]
W_list: [5]
L_list: [3.596807098776019]
