R_list= [ 1  2  3  4  5  6  7  8  9 10 11 12 13 14 15 16 17 18 19 20 21 22 23 24
 25 26 27 28 29 30 31 32 33 34 35 36 37 38]
C_final_list= [2.010213797088345e-06, 1.9753928553625206e-06, 1.9415344002347253e-06, 1.9093260848599687e-06, 1.877681997920386e-06, 1.8464308551069002e-06, 1.81534503240779e-06, 1.7850512135633604e-06, 1.7549290603533945e-06, 1.725439684746229e-06, 1.696697182460291e-06, 1.6684672631174578e-06, 1.6409607094674397e-06, 1.6134270303531946e-06, 1.5866771384279798e-06, 1.5603320893515135e-06, 1.5345674622768025e-06, 1.5090247837357854e-06, 1.4837459775403074e-06, 1.4592274423680343e-06, 1.4349138632298244e-06, 1.4109990204968506e-06, 1.3874045970622782e-06, 1.3641433975332288e-06, 1.3414956182449191e-06, 1.3193782076845998e-06, 1.2973302697375614e-06, 1.2755800745373243e-06, 1.254152414636746e-06, 1.2331572614784709e-06, 1.2124265576143165e-06, 1.1922439989106764e-06, 1.1723759998335086e-06, 1.1526451323165066e-06, 1.1331955504569596e-06, 1.1140640529010843e-06, 1.0952702913081896e-06, 1.0768967050100196e-06]
W_list: [4]
L_list: [59.42822662106985]
