R_list= [ 1  2  3  4  5  6  7  8  9 10 11 12 13 14 15 16 17 18 19 20 21 22 23 24
 25 26 27 28 29 30 31 32 33 34 35 36 37 38]
C_final_list= [1.2191683850921054e-06, 1.135931596231967e-06, 1.0680841542981898e-06, 1.0019669269182574e-06, 9.398422973056463e-07, 8.815076700595634e-07, 8.270016016428835e-07, 7.757411199638813e-07, 7.27721510847911e-07, 6.829673441437623e-07, 6.408640120253959e-07, 6.014620724277282e-07, 5.646606452400474e-07, 5.2975534417618e-07, 4.966095619270176e-07, 4.6566013857988323e-07, 4.3639195711001074e-07, 4.0893822566473084e-07, 3.83065784689585e-07, 3.5863581559754696e-07, 3.356722722790701e-07, 3.141704695264117e-07, 2.940665832230441e-07, 2.7503210994217415e-07, 2.5704523934888115e-07, 2.4030757661908305e-07, 2.2468749418616842e-07, 2.1001667944201654e-07, 1.961787134479628e-07, 1.8321167791338464e-07, 1.7114710816087153e-07, 1.6001882735466157e-07, 1.494379780413994e-07, 1.3961467620470146e-07, 1.3038907418097525e-07, 1.2177376206601227e-07, 1.1363573888721225e-07, 1.0594181576084598e-07]
W_list: [5]
L_list: [15.45820955204569]
