C_final_list: [1.0006890293321927e-06, 9.131164325005241e-07, 8.293752191621235e-07, 7.5214356143395e-07, 6.81621835576218e-07, 6.167768985293978e-07, 5.590431792158181e-07, 5.06848614002796e-07, 4.605140743301118e-07, 4.1740291629120337e-07, 3.7856566300104505e-07, 3.432111736333616e-07, 3.109316820069064e-07, 2.8189838469301654e-07, 2.552955686640469e-07, 2.3092026943777183e-07, 2.086831553258024e-07, 1.8860763158227986e-07, 1.7027265445232845e-07, 1.537746772531392e-07, 1.3853397736441344e-07, 1.2463119761457288e-07, 1.122005817942472e-07, 1.0098235843621432e-07, 9.087798852694897e-08, 8.177165340801074e-08, 7.35254853055088e-08, 6.618824416244285e-08, 5.956654413555224e-08, 5.36133980120519e-08, 4.825440067168751e-08, 4.337072211761187e-08, 3.896803723138504e-08, 3.5027465811689014e-08, 3.142645645524342e-08]
ndim2: 500
W_list: [4.2]
L_list: [10.127093023466402]
