C_final_list: [1.395987076518905e-06, 1.3655610295971174e-06, 1.335393310794303e-06, 1.305556520123169e-06, 1.2762811365782403e-06, 1.2476959697636472e-06, 1.2198868937713859e-06, 1.1926414393049758e-06, 1.1659249287096852e-06, 1.1400904100284752e-06, 1.1143554282982585e-06, 1.089328457855016e-06, 1.0648264140762396e-06, 1.040883156432636e-06, 1.0173900050000325e-06, 9.942748892391577e-07, 9.716595654111563e-07, 9.493971858710702e-07, 9.278886613029427e-07, 9.068058585114376e-07, 8.861684879017416e-07, 8.66058419864791e-07, 8.463624209659599e-07, 8.270181479838727e-07, 8.080539784936008e-07, 7.895484454555648e-07, 7.712100782684272e-07, 7.531921355091226e-07, 7.356990569480739e-07, 7.184149539320876e-07, 7.017723751311307e-07, 6.856323699002729e-07, 6.698612500621865e-07, 6.544293700249011e-07, 6.391955006623433e-07, 6.242397123472468e-07, 6.095191434905516e-07, 5.95101049741447e-07, 5.80948007053178e-07, 5.671411095726069e-07, 5.535880525682686e-07, 5.402870543163364e-07, 5.273419290332956e-07, 5.146284112407671e-07, 5.022866764040633e-07, 4.902282273618764e-07, 4.784500585585428e-07, 4.6692338979684864e-07, 4.5574300027930436e-07, 4.4481923811157353e-07]
ndim2: 500
W_list: [3.3499999999999996]
L_list: [43.1923980468704]
