R_list= [ 1  2  3  4  5  6  7  8  9 10 11 12 13 14 15 16 17 18 19 20 21 22 23 24
 25 26 27 28 29 30 31 32 33 34 35 36 37 38]
C_final_list= [8.432815924731585e-07, 7.68674761645202e-07, 6.991520342358568e-07, 6.352650268865171e-07, 5.764047899614741e-07, 5.226438063926178e-07, 4.732462135993246e-07, 4.292574243630519e-07, 3.888594382355818e-07, 3.526421394873416e-07, 3.197472922634313e-07, 2.8967733004166374e-07, 2.622819308313007e-07, 2.3726498699306503e-07, 2.1432160912698812e-07, 1.9349909789481237e-07, 1.7450750620428486e-07, 1.5741212186080072e-07, 1.4183022109692934e-07, 1.2786293742625802e-07, 1.1525717840311997e-07, 1.0390417361923194e-07, 9.3817266680552e-08, 8.471407247984965e-08, 7.63718888418204e-08, 6.884446615633092e-08, 6.207982776062556e-08, 5.5983514057390774e-08, 5.049633934254034e-08, 4.5527698900120895e-08, 4.106178293733039e-08, 3.700341330731482e-08, 3.331601180969122e-08, 2.997152008165165e-08, 2.701328120162584e-08, 2.4346551033370804e-08, 2.1914335222044004e-08, 1.970506848569346e-08]
W_list: [6]
L_list: [10.110464141112683]
