R_list= [ 1  2  3  4  5  6  7  8  9 10 11 12 13 14 15 16 17 18 19 20 21 22 23 24
 25 26 27 28 29 30 31 32 33 34 35 36 37 38]
C_final_list= [8.362996720647325e-07, 7.203878746966459e-07, 6.153445385328004e-07, 5.239198880830511e-07, 4.4611771559564706e-07, 3.803907389015258e-07, 3.239007516638115e-07, 2.7509140238071046e-07, 2.3346269172361066e-07, 1.9818369548927823e-07, 1.6829745756624627e-07, 1.429948785519351e-07, 1.211809875920435e-07, 1.026536907120123e-07, 8.662320006409558e-08, 7.312715326151957e-08, 6.176926963914838e-08, 5.223446287403355e-08, 4.421977463586855e-08, 3.737162748661803e-08, 3.165702923533096e-08, 2.684141068265453e-08, 2.2728993305147757e-08, 1.919733443929591e-08, 1.6268064112371663e-08, 1.3732914705455775e-08, 1.1569543411986481e-08, 9.729299160720975e-09, 8.191680493977259e-09, 6.904317492470619e-09, 5.8133829809746575e-09, 4.893216074285983e-09, 4.1340566270469025e-09, 3.4785088287367676e-09, 2.9259671816112017e-09, 2.463070625551627e-09, 2.0799657781414154e-09, 1.746345463902983e-09]
W_list: [6.8]
L_list: [6.214852021150563]
