R_list= [ 1  2  3  4  5  6  7  8  9 10 11 12 13 14 15 16 17 18 19 20 21 22 23 24
 25 26 27 28 29 30 31 32 33 34 35 36 37 38]
C_final_list= [1.5014892392190787e-06, 1.3813076393095061e-06, 1.2758750796055998e-06, 1.1753524591158684e-06, 1.0837195684356192e-06, 9.99604875058556e-07, 9.212971057620809e-07, 8.477743387812539e-07, 7.802152019373709e-07, 7.189093719541586e-07, 6.626245152071004e-07, 6.108086980995863e-07, 5.629423345620084e-07, 5.17503923104336e-07, 4.7527016273812484e-07, 4.3679289450386083e-07, 4.0161980457175645e-07, 3.690991480892102e-07, 3.3903565972472475e-07, 3.1127888504074975e-07, 2.8549633575703104e-07, 2.617871162115618e-07, 2.3986696987386786e-07, 2.1959471821997505e-07, 2.011510005000073e-07, 1.842627493484247e-07, 1.686730347998444e-07, 1.5444149559424012e-07, 1.4136791737725526e-07, 1.2930401778239942e-07, 1.1838961948812183e-07, 1.0856503463295924e-07, 9.95519760389431e-08, 9.126641383106339e-08, 8.358922221191346e-08, 7.665589894029887e-08, 7.027657717520196e-08, 6.43975705532808e-08]
W_list: [5]
L_list: [12.033522006487717]
