C_final_list: [2.129912345419891e-06, 1.9402157939767676e-06, 1.7596938253436406e-06, 1.5945164098750694e-06, 1.4454392300314878e-06, 1.3079366435675452e-06, 1.1845377502265404e-06, 1.0717918546967614e-06, 9.714109378479847e-07, 8.782761967902842e-07, 7.933179194390395e-07, 7.170900294960302e-07, 6.475845944818275e-07, 5.847675667353872e-07, 5.290037780087451e-07, 4.774349652548117e-07, 4.312339408751711e-07, 3.8915015321325546e-07, 3.5054029053052745e-07, 3.165368272213591e-07, 2.855846362978317e-07, 2.5770430321032186e-07, 2.320534350532626e-07, 2.0876029282556429e-07, 1.8807060048108464e-07, 1.6948240918568408e-07, 1.5254239078799102e-07, 1.371169352924496e-07, 1.2345260251258236e-07, 1.1114802816786304e-07, 9.99172836455036e-08, 8.966231185905787e-08, 8.065277658662726e-08, 7.250012368024512e-08, 6.53963023041835e-08]
ndim2: 500
W_list: [2.0]
L_list: [9.978291858428276]
