C_list:
4.816222840342945e-07 0.10932782637613264
ndim2: 500
W_list: [3.8000000000000003]
L_list: [9.146802174220396]
