R_list= [ 1  2  3  4  5  6  7  8  9 10 11 12 13 14 15 16 17 18 19 20 21 22 23 24
 25 26 27 28 29 30 31 32 33 34 35 36 37 38]
C_final_list= [2.399273594081625e-06, 2.116601744878882e-06, 1.850173280967285e-06, 1.6088031269535061e-06, 1.3968366428417528e-06, 1.2111952438681962e-06, 1.0492104270164588e-06, 9.084118903266021e-07, 7.858561477922683e-07, 6.797946972578096e-07, 5.875511643213442e-07, 5.076020855029245e-07, 4.38753697681983e-07, 3.7883207973225483e-07, 3.2713602859997657e-07, 2.824527528625313e-07, 2.438247000599963e-07, 2.1017783940890697e-07, 1.8124272710100634e-07, 1.562516477154985e-07, 1.3466036537416118e-07, 1.1592018936112427e-07, 9.98183160547868e-08, 8.596623260528679e-08, 7.40481659079212e-08, 6.372065972903995e-08, 5.4833754777707146e-08, 4.7244027597400103e-08, 4.070834697524749e-08, 3.5071870823309185e-08, 3.024290532668773e-08, 2.604717788584885e-08, 2.240892121328263e-08, 1.9267608738645604e-08, 1.655441910550749e-08, 1.4224438896058443e-08, 1.221436902304111e-08, 1.0489892953339808e-08]
W_list: [8.2]
L_list: [7.047409203087219]
