C_list:
1.4741574873626602e-06 0.010452973972709015
ndim2: 500
W_list: [1.4]
L_list: [95.66655409368038]
