R_list= [ 1  2  3  4  5  6  7  8  9 10 11 12 13 14 15 16 17 18 19 20 21 22 23 24
 25 26 27 28 29 30 31 32 33 34 35 36 37 38]
C_final_list= [6.447328226063114e-06, 5.510419433909869e-06, 4.6707336920090775e-06, 3.936435197256656e-06, 3.311783458829174e-06, 2.7854248557197833e-06, 2.3410521307948876e-06, 1.966569187546381e-06, 1.6492598902489767e-06, 1.382641892840407e-06, 1.1577869529131058e-06, 9.689203989242203e-07, 8.11328025700003e-07, 6.785273225349191e-07, 5.67335874330432e-07, 4.7405160686692323e-07, 3.960063547767876e-07, 3.309167486191911e-07, 2.762618152412365e-07, 2.306332997862599e-07, 1.9271435793992116e-07, 1.6133930185843729e-07, 1.3497733114124278e-07, 1.1287047297102173e-07, 9.43615513323975e-08, 7.888371141646225e-08, 6.606939375750954e-08, 5.5400608104209545e-08, 4.644380773626503e-08, 3.8911688569554587e-08, 3.261419507196273e-08, 2.7304726876492377e-08, 2.2830122369012837e-08, 1.906946308898563e-08, 1.5924368654422038e-08, 1.3283508493193469e-08, 1.107079483097844e-08, 9.240180822580297e-09]
W_list: [8.2]
L_list: [5.81970632114173]
