R_list= [ 1  2  3  4  5  6  7  8  9 10 11 12 13 14 15 16 17 18 19 20 21 22 23 24
 25 26 27 28 29 30 31 32 33 34 35 36 37 38]
C_final_list= [4.2936469368330387e-07, 3.249931048979421e-07, 2.42524045226254e-07, 1.8053224509415984e-07, 1.3452583809439906e-07, 9.991578244163862e-08, 7.360158297372268e-08, 5.414465902406372e-08, 4.011382419264416e-08, 2.9617795127736474e-08, 2.1801358175150604e-08, 1.6024965565902912e-08, 1.1746427199994248e-08, 8.584060708488872e-09, 6.254058577008811e-09, 4.5745128775886835e-09, 3.3148064464011797e-09, 2.416058284078108e-09, 1.7796153050788055e-09, 1.3058708264645754e-09, 9.553533873047306e-10, 7.022119294585122e-10, 5.127613218338744e-10, 3.7264627962031146e-10, 2.681514678167832e-10, 1.927153630369884e-10, 1.3906714780737458e-10, 1.005858993613978e-10, 7.389384421509451e-11, 5.383865521526152e-11, 3.9072167455706224e-11, 2.8312418331095668e-11, 2.0328129782025548e-11, 1.4364985457365809e-11, 1.0238401437194192e-11, 7.2359931544432834e-12, 5.18126259739213e-12, 3.719204548659676e-12]
W_list: [8.8]
L_list: [3.4114187248266923]
