C_final_list: [1.755373883602798e-06, 1.735482647273429e-06, 1.715198011683696e-06, 1.69575797711533e-06, 1.6769468743570976e-06, 1.6583012742222236e-06, 1.6399213890507774e-06, 1.6217614989288294e-06, 1.6040656430991446e-06, 1.5864544591839684e-06, 1.5690592360401325e-06, 1.5518259518888462e-06, 1.5348358184828999e-06, 1.5179355008986322e-06, 1.5012536786227831e-06, 1.4845252469207232e-06, 1.4681597145084493e-06, 1.452042865492425e-06, 1.4361824856325377e-06, 1.4205405278138898e-06, 1.4049757680793433e-06, 1.3894332265583444e-06, 1.3739806871435412e-06, 1.358729829397052e-06, 1.3438096333378853e-06, 1.3290282478317599e-06, 1.3145364592610726e-06, 1.300067106195706e-06, 1.2858063312774808e-06, 1.2717351403958795e-06, 1.2576787764656154e-06, 1.2437783535566565e-06, 1.230031286642846e-06, 1.2163901797897684e-06, 1.2027019494901393e-06]
ndim2: 500
W_list: [2.2]
L_list: [90.21648534730187]
