R_list= [ 1  2  3  4  5  6  7  8  9 10 11 12 13 14 15 16 17 18 19 20 21 22 23 24
 25 26 27 28 29 30 31 32 33 34 35 36 37 38]
C_final_list= [4.99003244333046e-07, 3.85842509183104e-07, 2.9437832851828436e-07, 2.236651733955973e-07, 1.6969249955677804e-07, 1.2861028325585414e-07, 9.732277640579637e-08, 7.340228981122021e-08, 5.5317531017334475e-08, 4.1566875880716245e-08, 3.120945430984262e-08, 2.344319662636448e-08, 1.760467653612708e-08, 1.3190626208392158e-08, 9.877571205074118e-09, 7.377757387515053e-09, 5.497154525377671e-09, 4.110868879831273e-09, 3.073152724141433e-09, 2.2925180092700382e-09, 1.7136531742154547e-09, 1.2864075285907767e-09, 9.679113214599679e-10, 7.294720330719989e-10, 5.445402423312855e-10, 4.0582306795905093e-10, 3.013946628116079e-10, 2.2426049443180738e-10, 1.686591510317774e-10, 1.271554394417403e-10, 9.582856915125234e-11, 7.202231951877715e-11, 5.4397375728938443e-11, 4.1236435108992156e-11, 3.150692386647435e-11, 2.3847922221577255e-11, 1.8034688504970086e-11, 1.3411410434984225e-11]
W_list: [8.8]
L_list: [3.6669396826445144]
