R_list= [ 1  2  3  4  5  6  7  8  9 10 11 12 13 14 15 16 17 18 19 20 21 22 23 24
 25 26 27 28 29 30 31 32 33 34 35 36 37 38]
C_final_list= [2.1677199026653172e-07, 1.3201458402893836e-07, 6.781497190973176e-08, 3.1475383039557135e-08, 1.3732752324326887e-08, 5.765011377886621e-09, 2.3613102377231145e-09, 9.534611952236405e-10, 3.8182536631530185e-10, 1.5183980573176342e-10, 6.040244774448955e-11, 2.42717359340178e-11, 9.890786180121421e-12, 4.102343640259891e-12, 1.738209022038156e-12, 7.510775242808323e-13, 3.180941722863826e-13, 1.3390461207138728e-13, 5.654812079893848e-14, 2.368269440926615e-14, 9.770473131682876e-15, 3.9505748220236465e-15, 1.5735583901389529e-15, 6.180953432809306e-16, 2.406579555660894e-16, 9.433990210861422e-17, 3.71659078271588e-17, 1.4685409824713867e-17, 5.813848494078388e-18, 2.3415993771877216e-18, 9.700729255645075e-19, 4.170265777483213e-19, 1.8964309812720361e-19, 9.260739404836361e-20, 4.879559153772898e-20, 2.7964288075749944e-20, 1.7549890736407856e-20, 1.2159551365643742e-20]
W_list: [4]
L_list: [1.659593206562691]
