R_list= [ 1  2  3  4  5  6  7  8  9 10 11 12 13 14 15 16 17 18 19 20 21 22 23 24
 25 26 27 28 29 30 31 32 33 34 35 36 37 38]
C_final_list= [2.3057963403409013e-05, 1.8985363226187052e-05, 1.5502473333915782e-05, 1.2612270391100866e-05, 1.0247897387172096e-05, 8.333984067542033e-06, 6.772706041279223e-06, 5.50257081160369e-06, 4.464276100045312e-06, 3.6247196574914547e-06, 2.9406657223299503e-06, 2.3840462640673036e-06, 1.9330613615457472e-06, 1.5667139280182674e-06, 1.269296415800826e-06, 1.0264785087919036e-06, 8.300643323453983e-07, 6.717661710156564e-07, 5.440414626919617e-07, 4.4155198946010067e-07, 3.5847313439177e-07, 2.906573993445177e-07, 2.35909530303986e-07, 1.911214389518342e-07, 1.5483633551621112e-07, 1.253186998231973e-07, 1.0151382332790253e-07, 8.219807804945891e-08, 6.650686084884618e-08, 5.382760151657748e-08, 4.362868414878711e-08, 3.539481052783875e-08, 2.874105107029811e-08, 2.33414399817813e-08, 1.895800064518572e-08, 1.538573722233368e-08, 1.2474900294517826e-08, 1.0121923841837032e-08]
W_list: [8.05]
L_list: [4.868735850625871]
