R_list= [ 1  2  3  4  5  6  7  8  9 10 11 12 13 14 15 16 17 18 19 20 21 22 23 24
 25 26 27 28 29 30 31 32 33 34 35 36 37 38]
C_final_list= [8.99838635249601e-07, 8.234859793175529e-07, 7.496639427308249e-07, 6.809441298308936e-07, 6.177034432070697e-07, 5.598830055129471e-07, 5.074543002328338e-07, 4.600416829656623e-07, 4.170249867871408e-07, 3.777466576071475e-07, 3.417775297884873e-07, 3.089707487936596e-07, 2.792741120722947e-07, 2.5228759976163764e-07, 2.2777781248217292e-07, 2.0572076779147266e-07, 1.8575952504534185e-07, 1.6775050920608957e-07, 1.5144446018925346e-07, 1.3679257020471947e-07, 1.237088867750366e-07, 1.1182242959714668e-07, 1.0116164992681102e-07, 9.153822169409271e-08, 8.280662055732472e-08, 7.483751139369743e-08, 6.755541301787695e-08, 6.093525017295418e-08, 5.491961243241389e-08, 4.9452290272392275e-08, 4.449100199086344e-08, 4.003342790717431e-08, 3.602464982772662e-08, 3.2442295021808774e-08, 2.9196957510728835e-08, 2.624757049701514e-08, 2.3601171448491894e-08, 2.1208626585656498e-08]
W_list: [7.4]
L_list: [10.113782453153432]
