R_list= [ 1  2  3  4  5  6  7  8  9 10 11 12 13 14 15 16 17 18 19 20 21 22 23 24
 25 26 27 28 29 30 31 32 33 34 35 36 37 38]
C_final_list= [2.206303031905276e-05, 1.808643828703776e-05, 1.4688780617522336e-05, 1.18939056147969e-05, 9.612994893092938e-06, 7.766833293117019e-06, 6.269679395556196e-06, 5.058080449272832e-06, 4.07450161476653e-06, 3.2810401849033726e-06, 2.6420541428362718e-06, 2.1277064532494592e-06, 1.7138362018039763e-06, 1.3805468042013892e-06, 1.112149820835182e-06, 8.963504088924384e-07, 7.215406755642794e-07, 5.80185332196648e-07, 4.667388578701874e-07, 3.757367557239606e-07, 3.023324599845085e-07, 2.4308250995541555e-07, 1.953226398167163e-07, 1.5683741095732987e-07, 1.2623102197662754e-07, 1.0161732493144625e-07, 8.18291367377414e-08, 6.58656606052999e-08, 5.2990441225118466e-08, 4.27170408976136e-08, 3.444434234372989e-08, 2.7819237424331874e-08, 2.2477833215645262e-08, 1.8176844974940452e-08, 1.4717677629400677e-08, 1.1901966007539949e-08, 9.607768036792226e-09, 7.739895263790038e-09]
W_list: [8.15]
L_list: [4.7376840780009255]
