R_list= [ 1  2  3  4  5  6  7  8  9 10 11 12 13 14 15 16 17 18 19 20 21 22 23 24
 25 26 27 28 29 30 31 32 33 34 35 36 37 38]
C_final_list= [1.284539087871772e-06, 8.848337391045728e-07, 6.165612727512793e-07, 4.297305230956968e-07, 2.997310610754027e-07, 2.0974837304570982e-07, 1.4593970743395368e-07, 1.0152292431129529e-07, 7.04655640157857e-08, 4.827464537369171e-08, 3.2905810469936615e-08, 2.2644342949273398e-08, 1.5474897281666385e-08, 1.0447392755825722e-08, 7.090765049255271e-09, 4.85510567177554e-09, 3.285173366377848e-09, 2.200034403052577e-09, 1.4638299781756153e-09, 9.754362928566981e-10, 6.574136766802188e-10, 4.4181711280284203e-10, 2.9838780500885335e-10, 2.012855675205267e-10, 1.3380797860716927e-10, 8.939030973699765e-11, 5.956681322355563e-11, 4.0110768740755924e-11, 2.7339537089333733e-11, 1.860932103347519e-11, 1.2662457657843774e-11, 8.4092758159989e-12, 5.79864794873845e-12, 3.9231579218321156e-12, 2.631866347320453e-12, 1.7429728138427169e-12, 1.170815277949935e-12, 7.983973979249486e-13]
W_list: [7.0]
L_list: [2.7451518483696575]
