R_list= [ 1  2  3  4  5  6  7  8  9 10 11 12 13 14 15 16 17 18 19 20 21 22 23 24
 25 26 27 28 29 30 31 32 33 34 35 36 37 38]
C_final_list= [2.694264195753201e-06, 2.121788406316298e-06, 1.6513758683238219e-06, 1.2779707345729257e-06, 9.90173154051795e-07, 7.621094500166703e-07, 5.849588232567907e-07, 4.482220743063569e-07, 3.423917106078432e-07, 2.620032423089648e-07, 1.999853505749957e-07, 1.5260375311551093e-07, 1.1661673599913252e-07, 8.894126095502936e-08, 6.760611998257591e-08, 5.1420480926103414e-08, 3.916000960959517e-08, 2.971600998168584e-08, 2.2586548501465154e-08, 1.7134427087023765e-08, 1.3006893184427808e-08, 9.917786813703692e-09, 7.508396008487428e-09, 5.701485514806914e-09, 4.313674645614944e-09, 3.25663499637878e-09, 2.462542249949961e-09, 1.8453627889799543e-09, 1.3847055732291563e-09, 1.0379919371495094e-09, 7.813522623788644e-10, 5.914944008861598e-10, 4.4609234160184693e-10, 3.3517012399678386e-10, 2.5255166853389e-10, 1.9090251226541471e-10, 1.4442912055245405e-10, 1.1050733276549624e-10]
W_list: [8.8]
L_list: [3.916768482861275]
