R_list= [ 1  2  3  4  5  6  7  8  9 10 11 12 13 14 15 16 17 18 19 20 21 22 23 24
 25 26 27 28 29 30 31 32 33 34 35 36 37 38]
C_final_list= [5.11559593266135e-07, 4.0345712282552665e-07, 3.163159698495786e-07, 2.474424362613469e-07, 1.936205391017549e-07, 1.513471624383512e-07, 1.1785969284184682e-07, 9.189152347375151e-08, 7.149391137537821e-08, 5.574365167894647e-08, 4.335624747867709e-08, 3.353523788431537e-08, 2.591398611398048e-08, 2.0080185741522412e-08, 1.5595620671630047e-08, 1.2034378012415333e-08, 9.257521131797422e-09, 7.1079749121498225e-09, 5.426407291043946e-09, 4.152861978626173e-09, 3.183173520271217e-09, 2.4260971901654736e-09, 1.8532969211473021e-09, 1.413848440009547e-09, 1.0821072226291761e-09, 8.249500147779936e-10, 6.276293694774989e-10, 4.741863871694157e-10, 3.5803954449634087e-10, 2.6989422555312796e-10, 2.0415491939825233e-10, 1.5453556413695455e-10, 1.1775004286286916e-10, 9.041075384912172e-11, 6.982008607227122e-11, 5.3672002585537005e-11, 4.1474023866412596e-11, 3.211358730104897e-11]
W_list: [8.0]
L_list: [4.076500410853817]
