C_final_list: [1.6060327073945944e-06, 1.3329390636543913e-06, 1.1052187034449678e-06, 9.11976181562157e-07, 7.569220014511479e-07, 6.297990638901692e-07, 5.219914115776477e-07, 4.332950812431149e-07, 3.590908017062411e-07, 2.965395863405578e-07, 2.440257443000012e-07, 2.0099628673028133e-07, 1.6464658105537641e-07, 1.3514341682435537e-07, 1.1070459627806742e-07, 9.078375057151586e-08, 7.428809241635629e-08, 6.079035746507302e-08, 4.9641029769814744e-08, 4.0745468576953384e-08, 3.332954994294447e-08, 2.7276919851433817e-08, 2.2328419435077876e-08, 1.8357009004057248e-08, 1.500568553403901e-08, 1.2187619237261074e-08, 9.952891251193735e-09, 8.089831127118842e-09, 6.590466985149311e-09, 5.3333915244014e-09, 4.3324797653418274e-09, 3.5235581296231005e-09, 2.8733653683830346e-09, 2.353039509603706e-09, 1.9310098827224816e-09]
ndim2: 500
W_list: [2.4000000000000004]
L_list: [5.296672278596889]
