R_list= [ 1  2  3  4  5  6  7  8  9 10 11 12 13 14 15 16 17 18 19 20 21 22 23 24
 25 26 27 28 29 30 31 32 33 34 35 36 37 38]
C_final_list= [2.0098683083939697e-06, 1.9634842157629013e-06, 1.9249089578130464e-06, 1.8855128359660937e-06, 1.848482967453815e-06, 1.8110910350122016e-06, 1.77480664227941e-06, 1.7388211194487047e-06, 1.7037132398220704e-06, 1.6693597135535912e-06, 1.6354174570040284e-06, 1.6020372354962196e-06, 1.5694888801585613e-06, 1.5376457536894547e-06, 1.5063881349359744e-06, 1.475729386187727e-06, 1.4453242463123862e-06, 1.4153759494210318e-06, 1.3860016984610843e-06, 1.3569045330108462e-06, 1.328642709158037e-06, 1.3013556284354604e-06, 1.274822522259971e-06, 1.2485407562267978e-06, 1.223067652852957e-06, 1.1980069854705446e-06, 1.173455830335977e-06, 1.1494653938451217e-06, 1.125790979618625e-06, 1.1027652169037294e-06, 1.0799591613912092e-06, 1.0577733267103981e-06, 1.036352302964093e-06, 1.0153070179006565e-06, 9.946568817585696e-07, 9.742384645954965e-07, 9.54386488270476e-07, 9.34722777661462e-07]
W_list: [4]
L_list: [48.41014721898068]
