R_list= [ 1  2  3  4  5  6  7  8  9 10 11 12 13 14 15 16 17 18 19 20 21 22 23 24
 25 26 27 28 29 30 31 32 33 34 35 36 37 38]
C_final_list= [5.8821131297818e-07, 4.674488348930232e-07, 3.6831487705439635e-07, 2.8917305905825e-07, 2.2618306358150818e-07, 1.764355842314072e-07, 1.370345281591646e-07, 1.0653171431804078e-07, 8.286627299473349e-08, 6.449658991958832e-08, 5.017883779105043e-08, 3.903495932414241e-08, 3.027778816962024e-08, 2.3488566486055682e-08, 1.820145917983841e-08, 1.4100697765936158e-08, 1.0882532775592928e-08, 8.352298517416898e-09, 6.39175098436154e-09, 4.889201825588521e-09, 3.728690622667304e-09, 2.8480862975859415e-09, 2.1785772441026403e-09, 1.6638015177056863e-09, 1.272281737819534e-09, 9.763773218462292e-10, 7.501215156668366e-10, 5.788420042785116e-10, 4.4744656262198193e-10, 3.449326223340551e-10, 2.647038783165879e-10, 2.029831982241198e-10, 1.5608931668706608e-10, 1.1917760691332852e-10, 9.020621059073913e-11, 6.802700139650363e-11, 5.1031779842209777e-11, 3.848543182160522e-11]
W_list: [8.4]
L_list: [4.110787653249427]
