C_list:
1.4638804381601755e-06 0.15944555480664027
ndim2: 500
W_list: [3.4]
L_list: [6.27173332748411]
