R_list= [ 1  2  3  4  5  6  7  8  9 10 11 12 13 14 15 16 17 18 19 20 21 22 23 24
 25 26 27 28 29 30 31 32 33 34 35 36 37 38]
C_final_list= [2.0209543322384937e-06, 1.7559832801979405e-06, 1.5092041900243385e-06, 1.2888014588127328e-06, 1.096465859997868e-06, 9.312076396425787e-07, 7.906079560642345e-07, 6.704223039659457e-07, 5.681133517741979e-07, 4.810269422156267e-07, 4.0673463182686203e-07, 3.435209019268086e-07, 2.9014013394242244e-07, 2.4518679666363556e-07, 2.0726690084530959e-07, 1.7517095263839953e-07, 1.480070191785445e-07, 1.248772433795538e-07, 1.0539955071039838e-07, 8.89689161380346e-08, 7.504818617163775e-08, 6.32897413407609e-08, 5.329473002375791e-08, 4.487320015472018e-08, 3.7802421880864444e-08, 3.187417461410267e-08, 2.685743457537858e-08, 2.262208005510547e-08, 1.9038192024439762e-08, 1.5998646065700113e-08, 1.3428233606191845e-08, 1.1275439979974662e-08, 9.502068952441034e-09, 7.997636325145205e-09, 6.742497829697684e-09, 5.68493606137462e-09, 4.8020580573611994e-09, 4.057405007838623e-09]
W_list: [8.5]
L_list: [6.215509916494872]
