R_list= [ 1  2  3  4  5  6  7  8  9 10 11 12 13 14 15 16 17 18 19 20 21 22 23 24
 25 26 27 28 29 30 31 32 33 34 35 36 37 38]
C_final_list= [8.841927757975322e-07, 5.547411980728993e-07, 2.971945925631816e-07, 1.453490044470422e-07, 6.749016105369154e-08, 3.0465949875541995e-08, 1.3558469287825037e-08, 5.993494051644874e-09, 2.6421858683735937e-09, 1.1649421029667204e-09, 5.146640867875252e-10, 2.2860920226812754e-10, 1.0232640591145367e-10, 4.6416978685782966e-11, 2.1345471356604637e-11, 1.0010171347328851e-11, 4.7915349526539205e-12, 2.317207573231605e-12, 1.1172931585728213e-12, 5.334820896326882e-13, 2.516050336552556e-13, 1.1813614917305664e-13, 5.575507054048964e-14, 2.6902472330519514e-14, 1.3404120856809032e-14, 6.767996944946964e-15, 3.4255790440434747e-15, 1.740595494318216e-15, 9.086626431855507e-16, 4.946178027396236e-16, 2.7809035923044763e-16, 1.579781923488918e-16, 7.821047487773476e-17, 3.560093236012531e-17, 1.576398822691158e-17, 6.562521228165399e-18, 2.6910549764435405e-18, 1.0822698395049494e-18]
W_list: [4]
L_list: [1.7489183899019114]
