R_list= [ 1  2  3  4  5  6  7  8  9 10 11 12 13 14 15 16 17 18 19 20 21 22 23 24
 25 26 27 28 29 30 31 32 33 34 35 36 37 38]
C_final_list= [2.9042699896006993e-05, 2.1685329560709167e-05, 1.6071286077662745e-05, 1.1888435876233121e-05, 8.786080910603836e-06, 6.475726579404358e-06, 4.776534661257891e-06, 3.523300552595061e-06, 2.5995307706466117e-06, 1.918884913497146e-06, 1.416681259375173e-06, 1.0456343609433454e-06, 7.725050356118173e-07, 5.709118278893324e-07, 4.2189315042771513e-07, 3.111860131395793e-07, 2.3029763761828659e-07, 1.7087974908926485e-07, 1.2679280660449645e-07, 9.404814905121473e-08, 6.991703001237921e-08, 5.192868584973795e-08, 3.8622056485715775e-08, 2.8670351809499373e-08, 2.122765848979285e-08, 1.5663566268886597e-08, 1.152984838929208e-08, 8.484545393699619e-09, 6.221775418664939e-09, 4.5459748637081555e-09, 3.3534411598996694e-09, 2.4760800338205e-09, 1.838713936281082e-09, 1.3676494143924273e-09, 1.0165481705634714e-09, 7.539058107089528e-10, 5.589273605045143e-10, 4.1014065564629934e-10]
W_list: [8.35]
L_list: [3.333083605536459]
