R_list= [ 1  2  3  4  5  6  7  8  9 10 11 12 13 14 15 16 17 18 19 20 21 22 23 24
 25 26 27 28 29 30 31 32 33 34 35 36 37 38]
C_final_list= [3.1033736968173295e-05, 2.356884314391068e-05, 1.777557874938823e-05, 1.3392141972927926e-05, 1.0080322311416536e-05, 7.582606951642584e-06, 5.69334895635841e-06, 4.273424763434978e-06, 3.2098912658224334e-06, 2.4068123863972875e-06, 1.80609728892459e-06, 1.3524355156786643e-06, 1.0112580412758391e-06, 7.558088683785596e-07, 5.640479723531826e-07, 4.208590910378918e-07, 3.1486594473755433e-07, 2.3533066388103846e-07, 1.7579302096388054e-07, 1.3179170114038427e-07, 9.909784060892232e-08, 7.437338749200451e-08, 5.56991834049128e-08, 4.162002839395457e-08, 3.118606273973207e-08, 2.3323671663812053e-08, 1.7516715121339047e-08, 1.3194117141117605e-08, 9.87773041994593e-09, 7.420440368997954e-09, 5.562025871079648e-09, 4.162777749086077e-09, 3.0988612627821074e-09, 2.293758106202414e-09, 1.7055113961997956e-09, 1.2736922873830438e-09, 9.584761362452092e-10, 7.171918943742643e-10]
W_list: [8.15]
L_list: [3.5403792444713234]
