R_list= [ 1  2  3  4  5  6  7  8  9 10 11 12 13 14 15 16 17 18 19 20 21 22 23 24
 25 26 27 28 29 30 31 32 33 34 35 36 37 38]
C_final_list= [3.140759015336811e-05, 2.3881288142144067e-05, 1.804695747182364e-05, 1.3591435215479272e-05, 1.0224702034536184e-05, 7.680801782081702e-06, 5.764384760795082e-06, 4.324136413857304e-06, 3.2432381923987786e-06, 2.429874263052072e-06, 1.8187714549972761e-06, 1.36038669056853e-06, 1.0189481144737525e-06, 7.643634249844231e-07, 5.736043008261476e-07, 4.3160811601093163e-07, 3.245240907258649e-07, 2.4422108565276993e-07, 1.8336194395068599e-07, 1.3765336731342938e-07, 1.0314733703055331e-07, 7.701977568095376e-08, 5.75676511749092e-08, 4.3060394951122745e-08, 3.2155745469428275e-08, 2.3952792627132606e-08, 1.777014631277478e-08, 1.3277994696527502e-08, 9.908536152631255e-09, 7.3475879762690915e-09, 5.476023569005686e-09, 4.092099160259617e-09, 3.034762461433901e-09, 2.229783531476276e-09, 1.6439177030489591e-09, 1.216289516296732e-09, 8.973512499233895e-10, 6.653339646866308e-10]
W_list: [8.15]
L_list: [3.543594852474811]
