R_list= [ 1  2  3  4  5  6  7  8  9 10 11 12 13 14 15 16 17 18 19 20 21 22 23 24
 25 26 27 28 29 30]
C_final_list= [4.030862568394742e-08, 1.5353714590515744e-08, 4.51554393745929e-09, 1.1610432283819994e-09, 2.75737392862848e-10, 6.259015771288508e-11, 1.3741493180815995e-11, 2.940277650779415e-12, 6.225247228910226e-13, 1.3041205896619796e-13, 2.7036946405819384e-14, 5.581061296820067e-15, 1.1675041113154147e-15, 2.5144910409236917e-16, 5.621072976255533e-17, 1.2410110162661377e-17, 2.61244128916648e-18, 5.209760320113849e-19, 1.038902907153646e-19, 2.1332533867629015e-20, 4.567409541738591e-21, 1.1426960929787036e-21, 3.142404152356785e-22, 8.571498584749908e-23, 2.821370846289707e-23, 1.282813491066509e-23, 8.572876727275104e-24, 8.093005498266651e-24, 1.0892483836169792e-23, 1.7002050107801966e-23]
W_list: [6]
L_list: [0.9742790652931638]
