C_list:
1.9659188844170197e-06 0.1379452645115728
ndim2: 500
W_list: [2.4]
L_list: [7.249252111268422]
