C_final_list: [1.891228719493094e-06, 1.8379535696084886e-06, 1.7846835214101038e-06, 1.7338641775847335e-06, 1.684886247051262e-06, 1.6368392263965937e-06, 1.5905535151074414e-06, 1.5459232755660797e-06, 1.50216470933235e-06, 1.4596016198685455e-06, 1.418324420219114e-06, 1.3782870941525424e-06, 1.3391495821949939e-06, 1.3009884142030971e-06, 1.2637814083983539e-06, 1.2271766766724556e-06, 1.1921255209293337e-06, 1.1578050262688345e-06, 1.1239402597527232e-06, 1.0914760069480624e-06, 1.0597504114017717e-06, 1.0284903123419296e-06, 9.984635926513015e-07, 9.694173775875252e-07, 9.407800980062594e-07, 9.131648562888479e-07, 8.866887248852831e-07, 8.606486493555236e-07, 8.354223411317112e-07, 8.109343228510965e-07, 7.869951842856823e-07, 7.638611642319186e-07, 7.413941517427481e-07, 7.194647003536839e-07, 6.981619804520559e-07]
ndim2: 500
W_list: [2.8]
L_list: [34.28334471917709]
