R_list= [ 1  2  3  4  5  6  7  8  9 10 11 12 13 14 15 16 17 18 19 20 21 22 23 24
 25 26 27 28 29 30]
C_final_list= [8.541534454967419e-08, 4.6944555968751147e-08, 2.3201859726151317e-08, 1.1042289367720786e-08, 5.200554428797906e-09, 2.440423096193253e-09, 1.1362071602502495e-09, 5.261818040061335e-10, 2.426799906919347e-10, 1.133240942353248e-10, 5.3498511545774094e-11, 2.4934335696021824e-11, 1.1359391549124098e-11, 4.955888081775393e-12, 2.1305282513575177e-12, 9.099063391207508e-13, 3.8862368369146383e-13, 1.660957869429107e-13, 7.149465507722362e-14, 3.023974651784047e-14, 1.2494643053375885e-14, 5.283283399822119e-15, 2.3934186189236186e-15, 1.3498043308819297e-15, 1.0204933733719005e-15, 9.920306988766098e-16, 8.360913205733721e-16, 5.226704339172439e-16, 1.9714236940428742e-16, 7.818739152191129e-17]
W_list: [6]
L_list: [1.5291629128395845]
