C_final_list: [1.6686644380113119e-06, 1.609619433872773e-06, 1.5515051782718383e-06, 1.4959306660507023e-06, 1.4427128527134393e-06, 1.3906970000693836e-06, 1.3413336612659207e-06, 1.2936383502177995e-06, 1.2477258623014911e-06, 1.2026652632711772e-06, 1.1591284005865912e-06, 1.1172463122140329e-06, 1.0769073790588413e-06, 1.037388472213834e-06, 9.993419742710473e-07, 9.629170551932506e-07, 9.278865391452856e-07, 8.93578597427537e-07, 8.602166060543594e-07, 8.284110809214689e-07, 7.980298473553997e-07, 7.685516861728258e-07, 7.397504835690566e-07, 7.122609802884231e-07, 6.857674451362264e-07, 6.60341881773807e-07, 6.353250825301556e-07, 6.112678504814839e-07, 5.879269327366455e-07, 5.654239554719059e-07, 5.436082990921843e-07, 5.225761559112918e-07, 5.023834692583993e-07, 4.831002227632373e-07, 4.645095120016084e-07, 4.469848729200368e-07, 4.3011458263112915e-07, 4.1365225155917093e-07, 3.976214839126625e-07, 3.823230330651108e-07, 3.67639144514893e-07, 3.5368225684247237e-07, 3.399869523263365e-07, 3.267411947052524e-07, 3.1402435387374267e-07, 3.017763863044934e-07, 2.901328996301882e-07, 2.7878763056554447e-07, 2.6788863107531966e-07, 2.5735675127957115e-07]
ndim2: 500
W_list: [3.1999999999999997]
L_list: [26.583110339921163]
