R_list= [ 1  2  3  4  5  6  7  8  9 10 11 12 13 14 15 16 17 18 19 20 21 22 23 24
 25 26 27 28 29 30 31 32 33 34 35 36 37 38]
C_final_list= [3.7726391171083675e-05, 2.505397907528698e-05, 1.654622190300248e-05, 1.09344844774055e-05, 7.2057709655809555e-06, 4.740836641386262e-06, 3.108283520291854e-06, 2.0357532744237636e-06, 1.335666205217567e-06, 8.785420860265618e-07, 5.790939917980701e-07, 3.8078610899614873e-07, 2.4955758975811117e-07, 1.6330250993580884e-07, 1.0696237204440095e-07, 7.02043718725681e-08, 4.607727399415732e-08, 3.026214315139409e-08, 1.9880474684822712e-08, 1.2967289324149527e-08, 8.432402905749522e-09, 5.508567468365117e-09, 3.641978708076997e-09, 2.3988530554277036e-09, 1.5758295114556394e-09, 1.0158636484605252e-09, 6.562740797548957e-10, 4.2544508741793624e-10, 2.786862221530013e-10, 1.822168367437932e-10, 1.194610678494663e-10, 7.690534932040732e-11, 4.881530006342902e-11, 3.1347439163819283e-11, 2.0540016550843193e-11, 1.3414934751574722e-11, 8.865754592583553e-12, 5.888804370213664e-12]
W_list: [8.0]
L_list: [2.4162277599141855]
