R_list= [ 1  2  3  4  5  6  7  8  9 10 11 12 13 14 15 16 17 18 19 20 21 22 23 24
 25 26 27 28 29 30 31 32 33 34 35 36 37 38]
C_final_list= [7.282888125104736e-06, 6.309083880536291e-06, 5.4212593761056946e-06, 4.647933051055546e-06, 3.973445529602635e-06, 3.392827652219403e-06, 2.896504471404762e-06, 2.47238904382523e-06, 2.1092815104721687e-06, 1.7992575418809932e-06, 1.5345357198958084e-06, 1.3074677379707827e-06, 1.1135481152912056e-06, 9.480100729227939e-07, 8.067848001881264e-07, 6.858651748589457e-07, 5.82535061276811e-07, 4.948643972754592e-07, 4.199057783842437e-07, 3.5644888945525314e-07, 3.025991881257137e-07, 2.5675956577954167e-07, 2.1778802241252756e-07, 1.847369392194372e-07, 1.569173773170473e-07, 1.332272605866246e-07, 1.1312104309763567e-07, 9.595432806617768e-08, 8.141686544757726e-08, 6.910194886237538e-08, 5.867249873709287e-08, 4.980191552726504e-08, 4.2315968779172846e-08, 3.594732465386179e-08, 3.050298406270712e-08, 2.5853405504701213e-08, 2.1902829896676406e-08, 1.855982495037363e-08]
W_list: [7.95]
L_list: [6.392629971234803]
