R_list= [ 1  2  3  4  5  6  7  8  9 10 11 12 13 14 15 16 17 18 19 20 21 22 23 24
 25 26 27 28 29 30 31 32 33 34 35 36 37 38]
C_final_list= [3.549134900324391e-07, 2.6561986554181485e-07, 1.998306216781397e-07, 1.4979098574437432e-07, 1.119566923610104e-07, 8.335450716768272e-08, 6.192176431312855e-08, 4.6013866876193686e-08, 3.430444251000253e-08, 2.560896780722094e-08, 1.9023316145918676e-08, 1.3995868152686567e-08, 1.0305265001775476e-08, 7.621747170068866e-09, 5.627462441092081e-09, 4.15796479863425e-09, 3.058950034953742e-09, 2.237708625971089e-09, 1.6311455099103774e-09, 1.1927323238696267e-09, 8.72379863104242e-10, 6.314679021176667e-10, 4.5295570983120167e-10, 3.261774829363479e-10, 2.347156452349681e-10, 1.6967108324067415e-10, 1.2369081453107568e-10, 9.088771279210419e-11, 6.711710010194548e-11, 5.001822573665248e-11, 3.706988797730322e-11, 2.728064245173528e-11, 1.9906249117798845e-11, 1.4499462515866592e-11, 1.0486109796263151e-11, 7.631236089539566e-12, 5.5241817807496e-12, 4.0318018682801415e-12]
W_list: [7]
L_list: [3.4447828855125073]
