C_final_list: [1.9387616573399432e-06, 1.6809247501851255e-06, 1.450280505970072e-06, 1.2501865918182877e-06, 1.0778532827792396e-06, 9.291037920739295e-07, 8.027386443184504e-07, 6.93489440966665e-07, 5.994932786569857e-07, 5.162152920650533e-07, 4.4461044769804794e-07, 3.832881796159977e-07, 3.2976064825088627e-07, 2.832237222010075e-07, 2.431364941977438e-07, 2.083267095789979e-07, 1.7896230802054398e-07, 1.536639649662038e-07, 1.3217170783002434e-07, 1.1333319834907499e-07, 9.68919592362433e-08, 8.270073519788358e-08, 7.063166599798012e-08, 6.01319653264505e-08, 5.128586248059176e-08, 4.390624447955135e-08, 3.7551715125542104e-08, 3.220193407033678e-08, 2.7510427606874804e-08, 2.3520993864636817e-08, 1.997259080933537e-08, 1.695531076941499e-08, 1.4410241048340346e-08, 1.2268636077696986e-08, 1.0373988909674784e-08, 8.787322930107306e-09, 7.499195762522722e-09, 6.410462944090605e-09, 5.4816419641079234e-09, 4.691802339153961e-09, 4.022492466060001e-09, 3.461288985076439e-09, 2.9605450170392665e-09, 2.546067540876312e-09, 2.1868813053430526e-09, 1.872642007423242e-09, 1.600703510401165e-09, 1.3721340848084752e-09, 1.1676624686322487e-09, 9.938350720055268e-10]
ndim2: 500
W_list: [3.25]
L_list: [6.749245355607282]
