R_list= [ 1  2  3  4  5  6  7  8  9 10 11 12 13 14 15 16 17 18 19 20 21 22 23 24
 25 26 27 28 29 30 31 32 33 34 35 36 37 38]
C_final_list= [2.4679840061720165e-07, 2.0541941412544506e-07, 1.6836170305809107e-07, 1.3706230815851705e-07, 1.1118551448397841e-07, 8.998154617611084e-08, 7.273824042542446e-08, 5.858193244463185e-08, 4.710549803643773e-08, 3.790186315197139e-08, 3.051232201022313e-08, 2.4487445739923056e-08, 1.962795567701196e-08, 1.5736296763468648e-08, 1.2611129034854068e-08, 1.013246825532223e-08, 8.148030782160692e-09, 6.531903497597164e-09, 5.235296088553262e-09, 4.19315971312983e-09, 3.3669743152851365e-09, 2.6988903575742907e-09, 2.157716046483313e-09, 1.7206506170560128e-09, 1.3793305781789196e-09, 1.1099826967063822e-09, 8.882065873516015e-10, 7.099307731439314e-10, 5.637026511097871e-10, 4.478849443412294e-10, 3.549983198446444e-10, 2.809918170371115e-10, 2.211591034480302e-10, 1.7507410123003992e-10, 1.389491472058606e-10, 1.1089831486496883e-10, 8.820338497666318e-11, 7.040513344497667e-11]
W_list: [8.8]
L_list: [4.83323957043734]
