C_final_list: [1.1339298606500577e-06, 1.038557728150593e-06, 9.469287111024837e-07, 8.618303629512615e-07, 7.839177788230221e-07, 7.121603196069407e-07, 6.482360446120099e-07, 5.895340947066481e-07, 5.37320390522808e-07, 4.891200870512365e-07, 4.448693418691464e-07, 4.0516093501483225e-07, 3.6884365456209025e-07, 3.353266602000638e-07, 3.047799085324074e-07, 2.7691780993939174e-07, 2.512692769857315e-07, 2.282340691153041e-07, 2.0705539862324196e-07, 1.8797645424204201e-07, 1.7044658403392088e-07, 1.5467616680361528e-07, 1.402320590190603e-07, 1.2702492417208e-07, 1.1496172575579847e-07, 1.040980092383566e-07, 9.428694622336135e-08, 8.534974313348817e-08, 7.734882128879755e-08, 7.01432493695087e-08, 6.362854268939641e-08, 5.772888644695461e-08, 5.2359452839649855e-08, 4.74771893793661e-08, 4.303681545296087e-08, 3.894823495782257e-08, 3.5259508632202325e-08, 3.193472025694363e-08, 2.890105767529729e-08, 2.6158216128812864e-08, 2.3647083482706782e-08, 2.1344464945641242e-08, 1.9253367175773314e-08, 1.7362919524915954e-08, 1.5652897966276804e-08, 1.4101035417250797e-08, 1.26964811858463e-08, 1.144882716508484e-08, 1.0329292837254676e-08, 9.317049585741741e-09]
ndim2: 500
W_list: [4.2]
L_list: [10.542169710910875]
