R_list= [ 1  2  3  4  5  6  7  8  9 10 11 12 13 14 15 16 17 18 19 20 21 22 23 24
 25 26 27 28 29 30 31 32 33 34 35 36 37 38]
C_final_list= [1.326333893377867e-06, 1.0718896096302632e-06, 8.890986014736149e-07, 7.441140864334394e-07, 6.229697659015766e-07, 5.230644991479574e-07, 4.39018292188996e-07, 3.6779726900604564e-07, 3.0805854145323475e-07, 2.574593029254109e-07, 2.1503424139915008e-07, 1.8004813361916314e-07, 1.5039474338178254e-07, 1.2556420982965375e-07, 1.0480025726244023e-07, 8.742001719242764e-08, 7.291338089104036e-08, 6.078502854323163e-08, 5.067935221901329e-08, 4.2252952910536945e-08, 3.520544437156857e-08, 2.933449961471335e-08, 2.4425925757340055e-08, 2.0339326923582285e-08, 1.6957791114662117e-08, 1.4122797802492656e-08, 1.1755605654109763e-08, 9.764786210310115e-09, 8.080065949557485e-09, 6.672841107888891e-09, 5.516673874985609e-09, 4.5527497029254515e-09, 3.759098741928804e-09, 3.1131828813921944e-09, 2.5793848686665164e-09, 2.1259552110615936e-09, 1.7568414278534449e-09, 1.454587901202967e-09]
W_list: [5]
L_list: [5.49370920694077]
