R_list= [ 1  2  3  4  5  6  7  8  9 10 11 12 13 14 15 16 17 18 19 20 21 22 23 24
 25 26 27 28 29 30 31 32 33 34 35 36 37 38]
C_final_list= [1.333603422218247e-06, 1.0159014722410399e-06, 7.943031812261233e-07, 6.348030464655337e-07, 5.071240309927939e-07, 4.040919206831481e-07, 3.229951487416609e-07, 2.586713157134599e-07, 2.069254691238927e-07, 1.6524526262478534e-07, 1.318927016613822e-07, 1.0484697438375866e-07, 8.337420687877864e-08, 6.646893467052356e-08, 5.293129391763443e-08, 4.209464501232125e-08, 3.343777856821779e-08, 2.644841580220709e-08, 2.0809168562834043e-08, 1.6384681312616503e-08, 1.2940729344373708e-08, 1.0246320327431477e-08, 8.095916037168044e-09, 6.405973816243269e-09, 5.06009641884283e-09, 3.99770886264531e-09, 3.1705450472463063e-09, 2.530165750026128e-09, 2.012892223921284e-09, 1.590932520868999e-09, 1.2492075358486835e-09, 9.772401850457422e-10, 7.693200685053351e-10, 6.060563033088599e-10, 4.78390010797815e-10, 3.7751739599113467e-10, 2.953661800113088e-10, 2.3023397774086466e-10]
W_list: [5]
L_list: [4.252077441593771]
