R_list= [ 1  2  3  4  5  6  7  8  9 10 11 12 13 14 15 16 17 18 19 20 21 22 23 24
 25 26 27 28 29 30 31 32 33 34 35 36 37 38]
C_final_list= [4.1126754098801414e-07, 3.661492640262474e-07, 3.240149228623311e-07, 2.8505096083903575e-07, 2.497551409325276e-07, 2.1863765358755212e-07, 1.9146021893216144e-07, 1.6742221367778907e-07, 1.4650358942749162e-07, 1.2817647413345139e-07, 1.1209157238303575e-07, 9.799044268206965e-08, 8.568430034091466e-08, 7.486317355474629e-08, 6.537630772841365e-08, 5.701046027061911e-08, 4.9762396351165467e-08, 4.343789373479743e-08, 3.793867572723965e-08, 3.30773403199483e-08, 2.881825493811924e-08, 2.512944342221082e-08, 2.1888581691542405e-08, 1.909232297682211e-08, 1.6639125832649872e-08, 1.4504995388632848e-08, 1.2626758688573132e-08, 1.0987775722997013e-08, 9.560625375466404e-09, 8.315990999201045e-09, 7.2382417471221396e-09, 6.299679168780371e-09, 5.484970421317081e-09, 4.771287450513233e-09, 4.14298652016304e-09, 3.590337327798317e-09, 3.114941814342911e-09, 2.698201180993571e-09]
W_list: [7]
L_list: [7.606527371526879]
