C_final_list: [1.9609792130895558e-06, 1.6700535102293253e-06, 1.4196794582194401e-06, 1.2054979183141156e-06, 1.0255262382736775e-06, 8.692634276329779e-07, 7.411243124354218e-07, 6.310733557142888e-07, 5.364759635352941e-07, 4.5578137962093454e-07, 3.862720243289992e-07, 3.289730753073983e-07, 2.797501777974351e-07, 2.3783866584379272e-07, 2.0164992412673222e-07, 1.7040945992870736e-07, 1.436585962837793e-07, 1.211740502759011e-07, 1.0262616756368439e-07, 8.64518099321084e-08, 7.299311946997911e-08, 6.130617826430483e-08, 5.128171679785393e-08, 4.3211642688743336e-08, 3.6613107187026406e-08, 3.099171349835918e-08, 2.6245768912394484e-08, 2.2268738967273845e-08, 1.886820286868731e-08, 1.593698613655384e-08, 1.3465650037471203e-08, 1.1327451871178302e-08, 9.607595940286637e-09, 8.142284818714985e-09, 6.907451945862209e-09, 5.843761025049286e-09, 4.947571480289794e-09, 4.196966405886512e-09, 3.5492232191439195e-09, 2.98415245964953e-09, 2.5189900516784415e-09, 2.1346849171817108e-09, 1.7975282445774338e-09, 1.5166503387374504e-09, 1.268940559434399e-09, 1.0592147228528705e-09, 8.76967288420033e-10, 7.28453935320279e-10, 6.096583030100421e-10, 5.12907385250992e-10]
ndim2: 500
W_list: [3.4000000000000004]
L_list: [6.1453077777049225]
