C_final_list: [1.8989135712369119e-06, 1.771549033345017e-06, 1.6487089451913152e-06, 1.5330314127050236e-06, 1.425451705997752e-06, 1.3256091732554484e-06, 1.2326729128747344e-06, 1.1455923374394866e-06, 1.064937802699794e-06, 9.909446285007369e-07, 9.203028077090282e-07, 8.549331887914576e-07, 7.936362034734282e-07, 7.365418262091025e-07, 6.834938413242482e-07, 6.339007303411284e-07, 5.878241726266679e-07, 5.456751634051481e-07, 5.064468143317523e-07, 4.6937568629506277e-07, 4.3530801183569084e-07, 4.0365136031889695e-07, 3.7426883371175403e-07, 3.4643509279132275e-07, 3.2065999082568177e-07, 2.968910652084732e-07, 2.744387024635791e-07, 2.535396955061865e-07, 2.3424883217012974e-07, 2.1638919537857755e-07, 1.9995265763221064e-07, 1.8477619181383811e-07, 1.7060012095226712e-07, 1.575599544197634e-07, 1.4567361092214987e-07, 1.347352314936345e-07, 1.2462756454235943e-07, 1.1509858638424067e-07, 1.062149907214821e-07, 9.798672466145009e-08, 9.03368194848618e-08, 8.319130373926527e-08, 7.667245046619339e-08, 7.07407512945583e-08, 6.517688499938206e-08, 6.003642763460249e-08, 5.526961243619614e-08, 5.093513071049533e-08, 4.688135897251557e-08, 4.3173909277969546e-08]
ndim2: 500
W_list: [3.1999999999999997]
L_list: [13.458691300281423]
