C_final_list: [1.8461483743422845e-06, 1.7949796822574164e-06, 1.7440246067413623e-06, 1.6952135898023913e-06, 1.6482245365544343e-06, 1.6023701978023122e-06, 1.5574933059102767e-06, 1.5138971182093172e-06, 1.4715620621010072e-06, 1.4303594340390058e-06, 1.390400793409315e-06, 1.3518845058070792e-06, 1.314150658966078e-06, 1.2776379073714754e-06, 1.2420012860652185e-06, 1.2074892953199992e-06, 1.1736478886691926e-06, 1.140225602089536e-06, 1.1080777626715574e-06, 1.0763988014336014e-06, 1.0458303288616442e-06, 1.0163298565731582e-06, 9.877756210097054e-07, 9.5978812151103e-07, 9.322562173163647e-07, 9.061549635724501e-07, 8.805114632852671e-07, 8.557343924002504e-07, 8.314494241329963e-07, 8.078385509852852e-07, 7.846031080322984e-07, 7.617102850216565e-07, 7.400324675114758e-07, 7.18940605235649e-07, 6.98337895101808e-07, 6.780485604334577e-07, 6.585675333989889e-07, 6.39503539177637e-07, 6.210132926769877e-07, 6.032429808270807e-07, 5.857275130339014e-07, 5.687940047495316e-07, 5.523017377628479e-07, 5.361578822299681e-07, 5.204889599556098e-07, 5.052490553616585e-07, 4.904285816310995e-07, 4.7587542301826284e-07, 4.6185760022024245e-07, 4.481395830659782e-07]
ndim2: 500
W_list: [2.9]
L_list: [34.87652257899348]
