C_final_list: [2.1091337262222674e-06, 2.0135514229314832e-06, 1.9203971043696998e-06, 1.8322526575986021e-06, 1.7464317344933345e-06, 1.665272952102775e-06, 1.5894013748736574e-06, 1.516738997363941e-06, 1.4475206422971057e-06, 1.38184834779428e-06, 1.318546966787622e-06, 1.2577446119007113e-06, 1.1993405956597964e-06, 1.1440412175138168e-06, 1.0905426933838793e-06, 1.0400437700427345e-06, 9.90666573062036e-07, 9.441093868318663e-07, 8.997158696951216e-07, 8.575942284846429e-07, 8.169161325206409e-07, 7.777260648324415e-07, 7.403796812285979e-07, 7.046856481905644e-07, 6.704148560990463e-07, 6.380676980830206e-07, 6.072095867215814e-07, 5.77859929557916e-07, 5.495857408314662e-07, 5.225810789553382e-07, 4.96524086790995e-07, 4.7196622259044927e-07, 4.486087709658464e-07, 4.2615531953744353e-07, 4.050461293579934e-07, 3.8480387318655766e-07, 3.658023200425361e-07, 3.477001531000926e-07, 3.3081203156763404e-07, 3.1450533095436147e-07, 2.986820181999269e-07, 2.8369603094507117e-07, 2.6913426018016277e-07, 2.5534496957433835e-07, 2.42241755306829e-07, 2.2979541810868458e-07, 2.178482491818845e-07, 2.0642710495191072e-07, 1.955355371661975e-07, 1.8522737394085402e-07]
ndim2: 500
W_list: [2.6]
L_list: [20.69830237801223]
