C_final_list: [1.543285701583954e-06, 1.2207387032797457e-06, 9.559176877533097e-07, 7.447751451735873e-07, 5.816302090887697e-07, 4.565067994163021e-07, 3.5849666305449387e-07, 2.8191411451865443e-07, 2.2168726868682231e-07, 1.7354984675576095e-07, 1.3632668653613064e-07, 1.0727160232624917e-07, 8.390448529034525e-08, 6.57695947799071e-08, 5.1487025490701494e-08, 4.026660771151766e-08, 3.147117332845491e-08, 2.4597238090297893e-08, 1.9254600929743045e-08, 1.5035244326462903e-08, 1.1870293711196383e-08, 9.366820247107912e-09, 7.3273108156864495e-09, 5.708335207844412e-09, 4.400817510724949e-09, 3.3795112159561494e-09, 2.6125379873702267e-09, 2.0310634080018186e-09, 1.5726941144525548e-09, 1.1916018718420735e-09, 9.055364103127533e-10, 6.870068103182997e-10, 5.231487524395284e-10, 4.00739270870776e-10, 3.0765438848213436e-10, 2.396567440128295e-10, 1.869139659245162e-10, 1.447085872780273e-10, 1.1069028878184812e-10, 8.601390115514826e-11, 6.65201726730619e-11, 5.144695948586764e-11, 3.9000117467905794e-11, 2.978611428156528e-11, 2.3271763318539816e-11, 1.8211286796872453e-11, 1.4227669874223898e-11, 1.1348019145840052e-11, 9.13978430560062e-12, 7.477640277195565e-12]
ndim2: 500
W_list: [4.2]
L_list: [4.110196343331742]
