R_list= [ 1  2  3  4  5  6  7  8  9 10 11 12 13 14 15 16 17 18 19 20 21 22 23 24
 25 26 27 28 29 30 31 32 33 34 35 36 37 38]
C_final_list= [1.503442823163666e-06, 1.383757020865353e-06, 1.2767840412032693e-06, 1.1778773737603668e-06, 1.0873922035304213e-06, 1.0026834438034863e-06, 9.24766965113048e-07, 8.542169341595239e-07, 7.877611604334073e-07, 7.275233068441242e-07, 6.702721615057591e-07, 6.180470904836427e-07, 5.696179341880116e-07, 5.250136054397631e-07, 4.84313716210498e-07, 4.4629384734132213e-07, 4.117372552702168e-07, 3.791411285277988e-07, 3.49491692767367e-07, 3.2183434145733383e-07, 2.9613746409270147e-07, 2.727980494567278e-07, 2.509784244321687e-07, 2.3077317369538828e-07, 2.121938835388533e-07, 1.953327150372229e-07, 1.7956509304983873e-07, 1.648622515662407e-07, 1.512036598978109e-07, 1.3861503347871818e-07, 1.271542341051009e-07, 1.1656264908651713e-07, 1.068495019382188e-07, 9.783498796816323e-08, 8.94961979268643e-08, 8.188585438763705e-08, 7.488041135604149e-08, 6.837700941500364e-08]
W_list: [5]
L_list: [12.289427363995035]
