R_list= [ 1  2  3  4  5  6  7  8  9 10 11 12 13 14 15 16 17 18 19 20 21 22 23 24
 25 26 27 28 29 30 31 32 33 34 35 36 37 38]
C_final_list= [1.388797399407059e-06, 1.1769665526111558e-06, 9.828809508383236e-07, 8.290927520184464e-07, 7.065781078011429e-07, 6.04537094839166e-07, 5.17302001381928e-07, 4.420119321853167e-07, 3.776836951738723e-07, 3.231373679619229e-07, 2.772533874671584e-07, 2.3811227916561616e-07, 2.0433812450668808e-07, 1.7517046983381405e-07, 1.5005563811478836e-07, 1.28621253342609e-07, 1.102099572009652e-07, 9.433914137222085e-08, 8.06350286566789e-08, 6.87881045220547e-08, 5.864628388293237e-08, 5.003868769023023e-08, 4.26927522318948e-08, 3.6438861389076516e-08, 3.1081615327710125e-08, 2.648621181582373e-08, 2.2520373182150795e-08, 1.9103644788454755e-08, 1.6193212807809832e-08, 1.3739712108954268e-08, 1.1663960958198987e-08, 9.889999356990467e-09, 8.388287455268148e-09, 7.117942357617316e-09, 6.040739736101435e-09, 5.1300438385204025e-09, 4.3565901076017855e-09, 3.6946008023982976e-09]
W_list: [4]
L_list: [6.19959620857484]
