R_list= [ 1  2  3  4  5  6  7  8  9 10 11 12 13 14 15 16 17 18 19 20 21 22 23 24
 25 26 27 28 29 30 31 32 33 34 35 36 37 38]
C_final_list= [1.955686350884853e-05, 1.5694312142952076e-05, 1.2476746542524828e-05, 9.882877121585693e-06, 7.811475815946834e-06, 6.168124301415534e-06, 4.8657050947863235e-06, 3.8342466110858284e-06, 3.020627623911682e-06, 2.379601395511042e-06, 1.8741104488197388e-06, 1.4791426033795423e-06, 1.1675974731181875e-06, 9.210013615591707e-07, 7.264735910598634e-07, 5.729440870362166e-07, 4.518175004205874e-07, 3.5574866345143104e-07, 2.8050413512517397e-07, 2.2097573519476056e-07, 1.7415624903039662e-07, 1.3710781509965584e-07, 1.0785065727019715e-07, 8.492795633767312e-08, 6.69716752870906e-08, 5.2731149282571e-08, 4.148887767763433e-08, 3.265898818943025e-08, 2.568099400002529e-08, 2.018071684242377e-08, 1.586628126969488e-08, 1.2479866535161435e-08, 9.818032807376558e-09, 7.743615952754393e-09, 6.098658832715917e-09, 4.799955489608639e-09, 3.7732585853373566e-09, 2.964470338848885e-09]
W_list: [8.45]
L_list: [4.2995492242592475]
