R_list= [ 1  2  3  4  5  6  7  8  9 10 11 12 13 14 15 16 17 18 19 20 21 22 23 24
 25 26 27 28 29 30 31 32 33 34 35 36 37 38]
C_final_list= [4.1476508056929094e-07, 2.653755642950458e-07, 1.6215197066885965e-07, 9.900545618464633e-08, 6.097722557945099e-08, 3.745000622718047e-08, 2.2801628078875333e-08, 1.3795760477132046e-08, 8.303969293760143e-09, 4.9726542627023186e-09, 2.986822885750152e-09, 1.801111047238989e-09, 1.0797860692942809e-09, 6.44578388163671e-10, 3.837036476509909e-10, 2.3117056415863717e-10, 1.4106354001924038e-10, 8.448998496160951e-11, 5.008582642625807e-11, 3.007800102191571e-11, 1.8346285351466445e-11, 1.1340566502954513e-11, 7.068953450739132e-12, 4.450705624519441e-12, 2.7191308001532288e-12, 1.6261863526402427e-12, 9.85851234870442e-13, 6.010939378382102e-13, 3.6507462223803134e-13, 2.2275220037426615e-13, 1.4087785308744257e-13, 8.865966087651889e-14, 5.398974035272686e-14, 3.316043068295998e-14, 2.0560613918723045e-14, 1.4399921902698143e-14, 9.677800302092198e-15, 6.291539160982737e-15]
W_list: [6]
L_list: [2.1067398465905978]
