R_list= [ 1  2  3  4  5  6  7  8  9 10 11 12 13 14 15 16 17 18 19 20 21 22 23 24
 25 26 27 28 29 30 31 32 33 34 35 36 37 38]
C_final_list= [3.1270681419611245e-05, 2.373592014880678e-05, 1.7902717484900616e-05, 1.3458570004134932e-05, 1.0089326743878547e-05, 7.559436676645283e-06, 5.663017069581056e-06, 4.234010572370466e-06, 3.1640493316375693e-06, 2.3615564426973247e-06, 1.7600993029702628e-06, 1.314314910818855e-06, 9.819068118975366e-07, 7.315431351054138e-07, 5.448310370875476e-07, 4.0667254407019795e-07, 3.037001496350567e-07, 2.2696728212688388e-07, 1.6950489094929776e-07, 1.2660743162644865e-07, 9.419062950576495e-08, 7.024602122021417e-08, 5.246461628644266e-08, 3.9037100873419664e-08, 2.9130644329747045e-08, 2.179920728874131e-08, 1.6327748600934702e-08, 1.2223848624230546e-08, 9.15392650416439e-09, 6.864638135059025e-09, 5.151661665935354e-09, 3.858574510087914e-09, 2.8747631725352014e-09, 2.148684395924047e-09, 1.6109245770986108e-09, 1.205183376887687e-09, 9.059028413865029e-10, 6.780297627404148e-10]
W_list: [8.15]
L_list: [3.515030136259376]
