C_final_list: [2.2181670566756872e-06, 2.1275283086693497e-06, 2.039803328972335e-06, 1.956190904260315e-06, 1.8763364684110408e-06, 1.7996961840933265e-06, 1.7257649511932905e-06, 1.6547960202277898e-06, 1.5879908906521132e-06, 1.5236628789835428e-06, 1.4610573603044177e-06, 1.4014945136520688e-06, 1.3438897619308106e-06, 1.2880652651649972e-06, 1.2344355157631006e-06, 1.1829588786295385e-06, 1.133087036453643e-06, 1.0850352559498537e-06, 1.0388564128043986e-06, 9.945619835363102e-07, 9.525875213749138e-07, 9.120421892194362e-07, 8.732541409833058e-07, 8.361233507556627e-07, 8.001073111604023e-07, 7.660838344164544e-07, 7.334076376534823e-07, 7.021464856165149e-07, 6.717157182580535e-07, 6.424612744737289e-07, 6.146996254273401e-07, 5.882918889228967e-07, 5.627004850046849e-07, 5.38159658349079e-07, 5.145990600592633e-07, 4.921869780672747e-07, 4.7026959248413893e-07, 4.4929439924650744e-07, 4.29385831318861e-07, 4.1063412134313774e-07, 3.9254229743241923e-07, 3.7532597684597323e-07, 3.5873620371135493e-07, 3.42619327513025e-07, 3.2729007568246675e-07, 3.1267887163738753e-07, 2.98717397341633e-07, 2.8526544041577146e-07, 2.7256978651198036e-07, 2.603023878070221e-07]
ndim2: 500
W_list: [2.4]
L_list: [23.28096765474717]
