C_list:
1.974549742867013e-06 0.159370104884097
ndim2: 500
W_list: [2.6]
L_list: [6.274702527975726]
