R_list= [ 1  2  3  4  5  6  7  8  9 10 11 12 13 14 15 16 17 18 19 20 21 22 23 24
 25 26 27 28 29 30 31 32 33 34 35 36 37 38]
C_final_list= [6.833844167820075e-07, 5.739182173495907e-07, 4.775702335679778e-07, 3.959561756321217e-07, 3.288455131054307e-07, 2.7213949585327767e-07, 2.253899528106305e-07, 1.8655956724515652e-07, 1.5421901688398936e-07, 1.2712211400955518e-07, 1.0493067125583554e-07, 8.645231276361724e-08, 7.136100694513148e-08, 5.8882451198953235e-08, 4.8603782334905816e-08, 4.025223436775502e-08, 3.329537511725121e-08, 2.7467469917021557e-08, 2.2638232565657253e-08, 1.8603590478908263e-08, 1.5275189739542663e-08, 1.2530766709179531e-08, 1.032964498090087e-08, 8.503398324392446e-09, 6.980701389113222e-09, 5.717643248917802e-09, 4.670291713607418e-09, 3.823154958854635e-09, 3.132198012194707e-09, 2.571463045611015e-09, 2.113191429318485e-09, 1.734586776450656e-09, 1.4207361256570432e-09, 1.1581259224853843e-09, 9.419781230222543e-10, 7.65624785286577e-10, 6.267669767675756e-10, 5.141015784479144e-10]
W_list: [7]
L_list: [5.349601912475762]
