R_list= [ 1  2  3  4  5  6  7  8  9 10 11 12 13 14 15 16 17 18 19 20 21 22 23 24
 25 26 27 28 29 30 31 32 33 34 35 36 37 38]
C_final_list= [5.805551684305515e-06, 4.911555202626578e-06, 4.115637826129996e-06, 3.427661987492792e-06, 2.8501844879508127e-06, 2.368076195743707e-06, 1.969237567435399e-06, 1.6348883947325004e-06, 1.3562247505788075e-06, 1.1229743572764842e-06, 9.288625829077961e-07, 7.681049240372717e-07, 6.35080158215545e-07, 5.243381225067751e-07, 4.326528835107523e-07, 3.566744171642358e-07, 2.9406374787169485e-07, 2.4254608601583295e-07, 2.000823257621769e-07, 1.6500498464754254e-07, 1.358601332044036e-07, 1.1193805423834494e-07, 9.212620267406369e-08, 7.589289857762794e-08, 6.25386104682701e-08, 5.155483542101225e-08, 4.248479553161127e-08, 3.5019947232715796e-08, 2.8929010028813964e-08, 2.38902656024368e-08, 1.974257436701315e-08, 1.6329169873535885e-08, 1.3526615427368992e-08, 1.1180951903162607e-08, 9.22921795677362e-09, 7.628185087659372e-09, 6.31193882911185e-09, 5.216992734217263e-09]
W_list: [8.4]
L_list: [5.462929230107248]
