C_final_list: [1.7345985874755204e-06, 1.5783691857794631e-06, 1.4319668421438662e-06, 1.301468188097631e-06, 1.181932321088658e-06, 1.074382077829101e-06, 9.763563738413927e-07, 8.870449679986093e-07, 8.057833748075687e-07, 7.318518168144151e-07, 6.653079850666386e-07, 6.049599077642273e-07, 5.494982273913346e-07, 5.003445055391017e-07, 4.5502829344960056e-07, 4.1317270792676195e-07, 3.7436916289163936e-07, 3.3879815632338556e-07, 3.060471398653531e-07, 2.769768001706274e-07, 2.5053565762665127e-07, 2.2648889696528635e-07, 2.0478528935841893e-07, 1.8542156639182555e-07, 1.6767735955987706e-07, 1.513392353152134e-07, 1.3667261328991055e-07, 1.2329598897281364e-07, 1.1105947921899846e-07, 9.991598467183891e-08, 8.967057422729262e-08, 8.063072628861805e-08, 7.251683976602972e-08, 6.522289853412794e-08, 5.8639823483180496e-08, 5.270191997527993e-08, 4.733888165771463e-08, 4.260598755099442e-08, 3.830860302492821e-08, 3.446750085013024e-08, 3.099134893767918e-08, 2.7948385882435216e-08, 2.5175627788569787e-08, 2.2671270044585027e-08, 2.036558456647889e-08, 1.828558634345609e-08, 1.6430668261920312e-08, 1.4768182289484968e-08, 1.3268780033404406e-08, 1.1916215673141656e-08]
ndim2: 500
W_list: [3.6]
L_list: [10.334456479534742]
