C_final_list: [2.153422747211973e-06, 2.118296255144013e-06, 2.0836181279886192e-06, 2.0500016759230932e-06, 2.0170418722730434e-06, 1.9847085288818666e-06, 1.9528840393983848e-06, 1.9216869108923097e-06, 1.8907986354587624e-06, 1.8604855932342442e-06, 1.8305213802358692e-06, 1.8012994940492637e-06, 1.7723086191580794e-06, 1.7434456108560547e-06, 1.715047231416766e-06, 1.686978211642568e-06, 1.6597022413190923e-06, 1.6323651873251828e-06, 1.6055951847785313e-06, 1.5793462129054786e-06, 1.5536373288814264e-06, 1.5286238881864467e-06, 1.5038977141553087e-06, 1.4795722839333131e-06, 1.4554779904768375e-06, 1.4317452410229996e-06, 1.4082783967079543e-06, 1.3852967924793003e-06, 1.362729932513345e-06, 1.3404986943060383e-06, 1.318636537856986e-06, 1.297123197114354e-06, 1.2760154818518272e-06, 1.2551931317605725e-06, 1.2347669148091482e-06]
ndim2: 500
W_list: [2.0]
L_list: [61.18237554187702]
