R_list= [ 1  2  3  4  5  6  7  8  9 10 11 12 13 14 15 16 17 18 19 20 21 22 23 24
 25 26 27 28 29 30 31 32 33 34 35 36 37 38]
C_final_list= [7.899481719294195e-07, 5.270937748697173e-07, 3.537521823294327e-07, 2.4429148140235383e-07, 1.704179811663669e-07, 1.1901357101288977e-07, 8.273579578950245e-08, 5.696273992427683e-08, 3.8996745444826926e-08, 2.6601407185909278e-08, 1.815969353170518e-08, 1.233506743937525e-08, 8.410350378939336e-09, 5.722458391716426e-09, 3.919914899178218e-09, 2.713503225173479e-09, 1.8860301352635698e-09, 1.320665567650879e-09, 9.188399338771036e-10, 6.365563935083973e-10, 4.4278319626418603e-10, 3.063102621965056e-10, 2.1076312419270364e-10, 1.4478677167631073e-10, 9.806107023528091e-11, 6.649297427968728e-11, 4.624773647545548e-11, 3.185789010952146e-11, 2.159054005368355e-11, 1.4535728783546662e-11, 9.78125057717777e-12, 6.48064446998912e-12, 4.189727529346971e-12, 2.7500502239426848e-12, 1.8399371731066106e-12, 1.2554971947261259e-12, 8.384334805989228e-13, 5.297148119366494e-13]
W_list: [6]
L_list: [2.5921483047861713]
