C_final_list: [1.9911969713967136e-06, 1.9375002687076814e-06, 1.900146861387821e-06, 1.856227893244221e-06, 1.8130763142606768e-06, 1.7719212654062225e-06, 1.7309319919678083e-06, 1.690770647190253e-06, 1.6513206996691691e-06, 1.6128992810131327e-06, 1.5749915884567464e-06, 1.5383371232173233e-06, 1.502389675672919e-06, 1.4671897557595047e-06, 1.4330626782691718e-06, 1.3998002731153415e-06, 1.3669116236605e-06, 1.3342033291227422e-06, 1.3028200525075652e-06, 1.2723358783040215e-06, 1.2423615489958367e-06, 1.2133414598098919e-06, 1.1849081108644844e-06, 1.157154197367847e-06, 1.1298640848675264e-06, 1.102994715688092e-06, 1.0765766918593757e-06, 1.0507823436419908e-06, 1.0256181601188597e-06, 1.0011445791640928e-06, 9.768297723836984e-07, 9.531852810375921e-07, 9.300062307871106e-07, 9.072115520721251e-07, 8.849391206614461e-07]
ndim2: 500
W_list: [1.2]
L_list: [42.178715474573195]
