R_list= [ 1  2  3  4  5  6  7  8  9 10 11 12 13 14 15 16 17 18 19 20 21 22 23 24
 25 26 27 28 29 30 31 32 33 34 35 36 37 38]
C_final_list= [5.789602626285208e-07, 5.238770146559938e-07, 4.711930151748363e-07, 4.221288209185998e-07, 3.777946148988755e-07, 3.378050054943096e-07, 3.02125503328383e-07, 2.702223485058111e-07, 2.4167309017257794e-07, 2.1597623304887436e-07, 1.9284898290748664e-07, 1.7231794161477952e-07, 1.5392217470360847e-07, 1.3753197569331606e-07, 1.229039398569485e-07, 1.0973212883353293e-07, 9.78691143090143e-08, 8.710265072264585e-08, 7.751050028687134e-08, 6.89448672756836e-08, 6.12565092453377e-08, 5.437031051619058e-08, 4.824963803979826e-08, 4.284598475214552e-08, 3.801254760056188e-08, 3.376000390637685e-08, 2.995303976367441e-08, 2.6582950186991517e-08, 2.3568610996366446e-08, 2.090240729333115e-08, 1.8538046605171165e-08, 1.6448936681426204e-08, 1.4615264241199393e-08, 1.301336721448802e-08, 1.15810795883788e-08, 1.0292994437261782e-08, 9.14223359899514e-09, 8.119913846038573e-09]
W_list: [7.2]
L_list: [8.952307296806028]
