R_list= [ 1  2  3  4  5  6  7  8  9 10 11 12 13 14 15 16 17 18 19 20 21 22 23 24
 25 26 27 28 29 30 31 32 33 34 35 36 37 38]
C_final_list= [3.9416964816254073e-07, 1.5968254978979437e-07, 5.1823000615698224e-08, 1.506846152045117e-08, 4.117673925784926e-09, 1.0894778334018465e-09, 2.8516336165691815e-10, 7.551821746649578e-11, 2.055963595773353e-11, 6.06809994683122e-12, 1.995998698065814e-12, 6.826057216590114e-13, 2.2492162495446391e-13, 7.232930390889874e-14, 2.188214716229866e-14, 5.9912917360994016e-15, 1.714641976557552e-15, 4.484839886040282e-16, 1.2203814727274403e-16, 3.3211463145134716e-17, 8.375031283953864e-18, 2.104225482965358e-18, 4.956319841701286e-19, 1.0814214783773762e-19, 2.4648536671203408e-20, 5.987684823016299e-21, 1.6889398942070354e-21, 5.847295077312868e-22, 2.5846912008311137e-22, 1.481993366470083e-22, 1.058188970108746e-22, 8.646971557457688e-23, 7.658932481234806e-23, 7.196007941728211e-23, 7.082064039464747e-23, 7.335207113799523e-23, 8.00126848413409e-23, 9.599129121347617e-23]
W_list: [6]
L_list: [1.0372033543160686]
