C_final_list: [1.5126930806287166e-06, 1.20106998238795e-06, 9.495079166253015e-07, 7.464531083739418e-07, 5.914542075620233e-07, 4.664661143481953e-07, 3.686558257055373e-07, 2.9071003144525975e-07, 2.2875802351287063e-07, 1.7942538582046483e-07, 1.4051824548534975e-07, 1.1071936941171617e-07, 8.688705668344207e-08, 6.797254389013812e-08, 5.303697901818549e-08, 4.145026920605466e-08, 3.255849872663161e-08, 2.5509377670826703e-08, 1.9956235072592218e-08, 1.55828352767701e-08, 1.2153237174626396e-08, 9.424384858704881e-09, 7.2956916551750816e-09, 5.611842507995039e-09, 4.328377121608379e-09, 3.3302859751300403e-09, 2.5792492283379615e-09, 1.995084674938973e-09, 1.548648167451151e-09, 1.2038252982285101e-09, 9.306899846143997e-10, 7.178544832937963e-10, 5.512260327087301e-10, 4.210305311527318e-10, 3.2343083372630697e-10]
ndim2: 500
W_list: [3.8]
L_list: [4.230675440053166]
