R_list= [ 1  2  3  4  5  6  7  8  9 10 11 12 13 14 15 16 17 18 19 20 21 22 23 24
 25 26 27 28 29 30 31 32 33 34 35 36 37 38]
C_final_list= [2.1402384602896978e-07, 1.8886091181485793e-07, 1.6467128201938517e-07, 1.4231712467705558e-07, 1.2269315126880436e-07, 1.0547591639639954e-07, 9.038715813190135e-08, 7.748062817067689e-08, 6.643347224700726e-08, 5.688058928765834e-08, 4.867284405857028e-08, 4.1584827807814004e-08, 3.5516967293812534e-08, 3.0321352834743846e-08, 2.5905134857877072e-08, 2.2110147915903126e-08, 1.8872385697367664e-08, 1.6094283047896165e-08, 1.3712668390283983e-08, 1.1673853337409121e-08, 9.938660955977474e-09, 8.457183955495488e-09, 7.184962856507959e-09, 6.1028261903319016e-09, 5.182443885998678e-09, 4.39476472715661e-09, 3.730627322910532e-09, 3.1662075522926854e-09, 2.689172797597713e-09, 2.28210946810521e-09, 1.9328847082347177e-09, 1.635433185251986e-09, 1.38271612201191e-09, 1.1695315733020977e-09, 9.894526222713774e-10, 8.384746085440259e-10, 7.125547592383408e-10, 6.058400054184227e-10]
W_list: [8.8]
L_list: [6.687713937318051]
