R_list= [ 1  2  3  4  5  6  7  8  9 10 11 12 13 14 15 16 17 18 19 20 21 22 23 24
 25 26 27 28 29 30 31 32 33 34 35 36 37 38]
C_final_list= [2.7163991253646647e-06, 2.417400850701398e-06, 2.132015771871384e-06, 1.8731785458892502e-06, 1.6434909647703035e-06, 1.4406879414630947e-06, 1.2618588753315528e-06, 1.1042400825042538e-06, 9.662805466156152e-07, 8.457472237427831e-07, 7.406308580227822e-07, 6.480557983237215e-07, 5.667763601288617e-07, 4.957054024657262e-07, 4.334651288756132e-07, 3.7871831691668105e-07, 3.3078729287461947e-07, 2.886441213618581e-07, 2.5175751053999054e-07, 2.196012854281683e-07, 1.9147449876005316e-07, 1.669851535388979e-07, 1.4561736845097825e-07, 1.268717023010076e-07, 1.1052280677417824e-07, 9.621823474090478e-08, 8.370273944565595e-08, 7.291723665475992e-08, 6.351037290037476e-08, 5.53176861407352e-08, 4.816745592986758e-08, 4.195748936475193e-08, 3.6583740222073234e-08, 3.191005716459793e-08, 2.7850883522399118e-08, 2.4325263207801265e-08, 2.1227524804935943e-08, 1.851713456687625e-08]
W_list: [8.0]
L_list: [7.615194817415243]
