R_list= [ 1  2  3  4  5  6  7  8  9 10 11 12 13 14 15 16 17 18 19 20 21 22 23 24
 25 26 27 28 29 30 31 32 33 34 35 36 37 38]
C_final_list= [5.276559203325881e-07, 3.769181513515188e-07, 2.6717140634474584e-07, 1.9114198685708393e-07, 1.367408750171003e-07, 9.76558210345004e-08, 6.95755043505774e-08, 4.9357772890797655e-08, 3.5007394258908144e-08, 2.479417869270461e-08, 1.7474646114235703e-08, 1.2273503959253173e-08, 8.582565193108299e-09, 5.9916926025265955e-09, 4.18506655257352e-09, 2.9181171630583485e-09, 2.0390133185338748e-09, 1.4371025101661255e-09, 1.0204933797050615e-09, 7.249085228106345e-10, 5.144501647626788e-10, 3.628170387234277e-10, 2.5386433970316845e-10, 1.7661922524926973e-10, 1.2278884115629693e-10, 8.557063450315837e-11, 5.925801745194933e-11, 4.1436274481604614e-11, 2.910106905351745e-11, 2.0394219043407297e-11, 1.4386153834897777e-11, 1.0268645844585482e-11, 7.38410831565886e-12, 5.209576023263995e-12, 3.6346953024460122e-12, 2.535870717488777e-12, 1.774224959463335e-12, 1.2274216297846782e-12]
W_list: [6]
L_list: [2.953475249610313]
