R_list= [ 1  2  3  4  5  6  7  8  9 10 11 12 13 14 15 16 17 18 19 20 21 22 23 24
 25 26 27 28 29 30 31 32 33 34 35 36 37 38]
C_final_list= [4.1469048865910406e-07, 3.696651922984035e-07, 3.270843354169271e-07, 2.881131818341147e-07, 2.5327410331127243e-07, 2.2262376889100801e-07, 1.961310005422649e-07, 1.724121862001988e-07, 1.5194171791496282e-07, 1.3369958598765192e-07, 1.1760293969414238e-07, 1.0324296720821817e-07, 9.069433121862521e-08, 7.965067785909845e-08, 6.987511986043377e-08, 6.135468274392379e-08, 5.372905655945806e-08, 4.705285098575126e-08, 4.122131783349483e-08, 3.605167609070539e-08, 3.155116762089762e-08, 2.7611092145705027e-08, 2.412829276847245e-08, 2.1077953898403305e-08, 1.8376636210516926e-08, 1.6004475938669334e-08, 1.3933212601728946e-08, 1.2125960452742475e-08, 1.0542946699311146e-08, 9.158013073358227e-09, 7.958637023771467e-09, 6.901588477702559e-09, 5.999951080482389e-09, 5.205369485778164e-09, 4.514277540249717e-09, 3.905638574392805e-09, 3.374830935589076e-09, 2.919342116156669e-09]
W_list: [7]
L_list: [7.831739849420716]
