R_list= [ 1  2  3  4  5  6  7  8  9 10 11 12 13 14 15 16 17 18 19 20 21 22 23 24
 25 26 27 28 29 30 31 32 33 34 35 36 37 38]
C_final_list= [2.983271360680102e-07, 2.6525765232940634e-07, 2.331464685270268e-07, 2.0343759578452944e-07, 1.7664401014315176e-07, 1.5306453235411461e-07, 1.3261163342614314e-07, 1.1479321863687511e-07, 9.929014140693244e-08, 8.584611122193487e-08, 7.423570095793922e-08, 6.412579375249898e-08, 5.536057651303644e-08, 4.774875408541174e-08, 4.1194793423394636e-08, 3.5570498210816594e-08, 3.0739542567243276e-08, 2.655354488389434e-08, 2.291456947629843e-08, 1.9782651805775134e-08, 1.7068037897410873e-08, 1.4712560884071072e-08, 1.2683592349924825e-08, 1.0910215778445868e-08, 9.369903621627346e-09, 8.043835121742695e-09, 6.904321484731813e-09, 5.923663999417898e-09, 5.073725651286853e-09, 4.345444514864938e-09, 3.715958316360467e-09, 3.1774834678690955e-09, 2.7193163609243756e-09, 2.3266996530853143e-09, 1.992986706934336e-09, 1.703700350609298e-09, 1.4590912236941551e-09, 1.2494205881075276e-09]
W_list: [8.8]
L_list: [7.10570991179377]
