R_list= [ 1  2  3  4  5  6  7  8  9 10 11 12 13 14 15 16 17 18 19 20 21 22 23 24
 25 26 27 28 29 30 31 32 33 34 35 36 37 38]
C_final_list= [1.7716513924167019e-06, 1.5268172940321525e-06, 1.3306584865245232e-06, 1.179662198265334e-06, 1.0499673432112224e-06, 9.33769674721134e-07, 8.31165218070552e-07, 7.404026638990757e-07, 6.594188147192007e-07, 5.866713942089074e-07, 5.2187861560189e-07, 4.6452848459755104e-07, 4.1371205206254724e-07, 3.6851411036371996e-07, 3.2850563850629295e-07, 2.925411004729016e-07, 2.601630787425064e-07, 2.3118493645304552e-07, 2.052569098666541e-07, 1.8218366252834586e-07, 1.6170326836546517e-07, 1.4342312515887615e-07, 1.2715533475733904e-07, 1.1277169737420453e-07, 1.0004620297045778e-07, 8.876992468799216e-08, 7.888049541952237e-08, 7.009948443179485e-08, 6.223614185227616e-08, 5.5165790945128076e-08, 4.880016792974251e-08, 4.318535753165371e-08, 3.8253193962998425e-08, 3.3914669374677097e-08, 3.00633177029193e-08, 2.665648407320783e-08, 2.364497637418056e-08, 2.0983568889275538e-08]
W_list: [4]
L_list: [8.334425895361862]
