C_final_list: [5.189627188460451e-07, 4.812911129665274e-07, 4.4411687668580984e-07, 4.0883925741858294e-07, 3.754934254319868e-07, 3.4472934887714715e-07, 3.1596211325546383e-07, 2.891138406519667e-07, 2.6420478024564514e-07, 2.4138822098814373e-07, 2.2020581214359775e-07, 2.0075429804543553e-07, 1.828906007842362e-07, 1.6654739547352217e-07, 1.5194812880654678e-07, 1.3873828713100226e-07, 1.2673362914566953e-07, 1.156880940257065e-07, 1.0547013975620344e-07, 9.612134970143623e-08, 8.76208333602187e-08, 7.96888993970298e-08, 7.237435162155055e-08, 6.567257944391711e-08, 5.96304654058961e-08, 5.416443459989492e-08, 4.9258796907878645e-08, 4.48061519991947e-08, 4.0758852788774465e-08, 3.707618089321823e-08, 3.37133283577543e-08, 3.069734370189663e-08, 2.7918041229695207e-08, 2.5401495552440006e-08, 2.3088710366206862e-08]
ndim2: 500
W_list: [4.2]
L_list: [11.226995911474363]
