C_final_list: [1.8729476604287767e-06, 1.8172561374094136e-06, 1.7622049488790095e-06, 1.7086348767725422e-06, 1.657521367097498e-06, 1.6074149462366166e-06, 1.558578558404171e-06, 1.5114866918610824e-06, 1.4663461048527707e-06, 1.4225241744426069e-06, 1.3808448393155944e-06, 1.340940038622862e-06, 1.302454053362563e-06, 1.2648272253778035e-06, 1.2277924333133877e-06, 1.1920211854822475e-06, 1.1570910041942643e-06, 1.1233443383430136e-06, 1.0907900292050433e-06, 1.0588764728636603e-06, 1.0278806969393015e-06, 9.977067262353888e-07, 9.682500199879324e-07, 9.396234849634658e-07, 9.116798429363615e-07, 8.848356015680988e-07, 8.586212530358494e-07, 8.332108422800192e-07, 8.08720306717629e-07, 7.845735885380762e-07, 7.610712019616722e-07, 7.383645423551727e-07, 7.163017825435471e-07, 6.947794640568173e-07, 6.739262005877719e-07, 6.534612663047128e-07, 6.333900793498401e-07, 6.1402335977735e-07, 5.951913767907775e-07, 5.768661255957816e-07, 5.58903726258953e-07, 5.4161312516365e-07, 5.24765258559123e-07, 5.082566654981586e-07, 4.923175833643923e-07, 4.77136535232562e-07, 4.622191136835349e-07, 4.4772223294960703e-07, 4.334827856663636e-07, 4.197572271313376e-07]
ndim2: 500
W_list: [3.0]
L_list: [33.19266486633112]
