C_final_list: [2.0663296262068972e-06, 1.8350726419440337e-06, 1.6151782748865436e-06, 1.425004209178766e-06, 1.2553295647553634e-06, 1.1084122051179213e-06, 9.751298547543323e-07, 8.586805278804998e-07, 7.562242056116389e-07, 6.670194346341287e-07, 5.886280528027723e-07, 5.195122978023323e-07, 4.588545502719453e-07, 4.0468538918856707e-07, 3.5708724597302226e-07, 3.142771339311669e-07, 2.773488349801393e-07, 2.4360679572481945e-07, 2.1386256474501325e-07, 1.8726222135778e-07, 1.6404595445504318e-07, 1.4427649748538624e-07, 1.2699577635823682e-07, 1.114879730976484e-07, 9.803155556581608e-08, 8.613380395384725e-08, 7.541398601014453e-08, 6.609245447181686e-08, 5.777189335856321e-08, 5.0472040423358644e-08, 4.4060785870589484e-08, 3.848020055636493e-08, 3.363122975163334e-08, 2.9364115903534268e-08, 2.5654145602544328e-08]
ndim2: 500
W_list: [2.8]
L_list: [7.930411228432736]
