C_final_list: [2.2382914986390115e-06, 2.0525307156769474e-06, 1.8777659733878466e-06, 1.7197881725548685e-06, 1.5739729761035967e-06, 1.4426672656255983e-06, 1.322253893710126e-06, 1.209980484048728e-06, 1.1064709255427512e-06, 1.0104091981957557e-06, 9.224452719271685e-07, 8.425780750108531e-07, 7.684117850730297e-07, 7.009360159714297e-07, 6.385970168400332e-07, 5.822533386489646e-07, 5.30860343394366e-07, 4.841974968394686e-07, 4.4197936194990256e-07, 4.030620592075448e-07, 3.682703443935088e-07, 3.35906002551308e-07, 3.0645747326131014e-07, 2.794650483876156e-07, 2.5471074260267964e-07, 2.3181398287586055e-07, 2.1132970630006496e-07, 1.9261516500147214e-07, 1.753034698627196e-07, 1.5953234340562227e-07, 1.4504307423180382e-07, 1.3164117332756437e-07, 1.1952488113422957e-07, 1.0850371167172835e-07, 9.829323963448235e-08]
ndim2: 500
W_list: [2.2]
L_list: [11.105370557381656]
