C_list:
1.3832472900543304e-06 0.05220644527039096
ndim2: 500
W_list: [2.4]
L_list: [19.154723038903263]
