R_list= [ 1  2  3  4  5  6  7  8  9 10 11 12 13 14 15 16 17 18 19 20 21 22 23 24
 25 26 27 28 29 30 31 32 33 34 35 36 37 38]
C_final_list= [4.802044253594692e-07, 3.769530232953799e-07, 2.925193611428117e-07, 2.2610015668830821e-07, 1.7511173103385447e-07, 1.351691697867296e-07, 1.0386341111325208e-07, 7.949237880532918e-08, 6.074325911868765e-08, 4.6221758257626736e-08, 3.5079788238646264e-08, 2.6551494227365444e-08, 2.01555632936202e-08, 1.5289133428194995e-08, 1.1670075481260937e-08, 8.903701302030994e-09, 6.789749117635407e-09, 5.147428600314811e-09, 3.90605395557433e-09, 2.955224990870451e-09, 2.2307474387216273e-09, 1.682945307715001e-09, 1.2690011108980496e-09, 9.629427598472947e-10, 7.279634693569675e-10, 5.475028603793577e-10, 4.1320713180873396e-10, 3.1203075266225416e-10, 2.360707978696995e-10, 1.7924805798053864e-10, 1.3654872451586496e-10, 1.0463792098701968e-10, 8.044224316017788e-11, 6.130517867643532e-11, 4.722610886364311e-11, 3.6498809193572575e-11, 2.8244837322298852e-11, 2.2009532956744266e-11]
W_list: [8.2]
L_list: [3.896613564959529]
