R_list= [ 1  2  3  4  5  6  7  8  9 10 11 12 13 14 15 16 17 18 19 20 21 22 23 24
 25 26 27 28 29 30 31 32 33 34 35 36 37 38]
C_final_list= [1.376427724852258e-06, 1.2741227651355343e-06, 1.1901132049294061e-06, 1.1084668332511714e-06, 1.032742438936325e-06, 9.626313685640415e-07, 8.96429187767316e-07, 8.340664460855675e-07, 7.756505188721906e-07, 7.222669808124425e-07, 6.730860532722029e-07, 6.267851592829103e-07, 5.829443812128531e-07, 5.426736391677266e-07, 5.055038349644847e-07, 4.704369837396154e-07, 4.3774461475651605e-07, 4.0713859607859097e-07, 3.7820845512410875e-07, 3.5140485982171474e-07, 3.2674858514816214e-07, 3.0370040847731995e-07, 2.8207969630539535e-07, 2.6179648204990567e-07, 2.43250797672018e-07, 2.258217085282958e-07, 2.097341698201105e-07, 1.9481750406923832e-07, 1.8086381784576152e-07, 1.6772209488250824e-07, 1.556204116233384e-07, 1.4429532456631664e-07, 1.3382849943620437e-07, 1.2421269098072547e-07, 1.1513463486080844e-07, 1.066604238428622e-07, 9.885030237708828e-08, 9.157750690913957e-08]
W_list: [5]
L_list: [13.889194699861305]
