R_list= [ 1  2  3  4  5  6  7  8  9 10 11 12 13 14 15 16 17 18 19 20 21 22 23 24
 25 26 27 28 29 30 31 32 33 34 35 36 37 38]
C_final_list= [1.5878386257134413e-07, 6.267048361118666e-08, 1.930461952862692e-08, 5.263279596892174e-09, 1.3479202599268613e-09, 3.347720616409409e-10, 8.251674238717305e-11, 2.0327714377062205e-11, 5.093284250326074e-12, 1.3311407408145018e-12, 4.13959852784966e-13, 2.7007826650002845e-13, 2.801481155940261e-13, 1.8200311824612747e-13, 7.581154308980578e-14, 2.341847392376619e-14, 6.2099901357040155e-15, 1.9231421875522904e-15, 6.192601676226735e-16, 1.6928608874380917e-16, 3.648621125597388e-17, 6.885677988473547e-18, 1.2731016638635918e-18, 2.350057618841086e-19, 4.8215742970769497e-20, 1.0757700542699352e-20, 2.5007762493724152e-21, 6.457510646228917e-22, 2.0624574893773427e-22, 9.315714743683973e-23, 5.780587905847129e-23, 4.500395385062488e-23, 3.9522669888829423e-23, 3.6792069541601924e-23, 3.557760338689306e-23, 3.414564608232439e-23, 3.427162872765078e-23, 3.584595010284986e-23]
W_list: [6]
L_list: [1.0074171461674457]
