C_final_list: [1.8025720552009567e-06, 1.7796506931547432e-06, 1.7573159461702665e-06, 1.7357220409139482e-06, 1.7144517421952976e-06, 1.6938134292368695e-06, 1.6733999538805078e-06, 1.6531627165893816e-06, 1.6330879660895676e-06, 1.6133635858563717e-06, 1.5941255562243164e-06, 1.5750149911770142e-06, 1.5559900453642733e-06, 1.5372540863873445e-06, 1.5188970769642832e-06, 1.5003863779276771e-06, 1.4821883514070831e-06, 1.4643291721095208e-06, 1.4467088775332667e-06, 1.4292590250754636e-06, 1.4120758096600824e-06, 1.3949877527095928e-06, 1.3781545607235014e-06, 1.3615252921259507e-06, 1.3449363219260886e-06, 1.3286243794232343e-06, 1.3126700133626139e-06, 1.2967073794024906e-06, 1.2808225776090073e-06, 1.2652178639189197e-06, 1.2498653669725724e-06, 1.2346104908765793e-06, 1.2195226448841498e-06, 1.2046930455682002e-06, 1.1901564839351617e-06, 1.1758280641640722e-06, 1.1618144393566373e-06, 1.1480122349955085e-06, 1.1342423222142842e-06, 1.1206119284053129e-06, 1.1072604783753239e-06, 1.0940440794336027e-06, 1.0809637981530934e-06, 1.0680033643696828e-06, 1.055213149767778e-06, 1.0424695951235475e-06, 1.0298910766160595e-06, 1.0173408946718696e-06, 1.0048681096800323e-06, 9.925615371419017e-07]
ndim2: 500
W_list: [2.8]
L_list: [82.25761613533246]
