R_list= [ 1  2  3  4  5  6  7  8  9 10 11 12 13 14 15 16 17 18 19 20 21 22 23 24
 25 26 27 28 29 30 31 32 33 34 35 36 37 38]
C_final_list= [4.749485644820073e-06, 4.067588739463519e-06, 3.4665459654486026e-06, 2.9474846671845224e-06, 2.5023082582579197e-06, 2.120009853539244e-06, 1.7949689644965509e-06, 1.5193368833620065e-06, 1.2879486817987083e-06, 1.090405530939845e-06, 9.237520389527732e-07, 7.802675022069511e-07, 6.582969893482708e-07, 5.547934313739736e-07, 4.679577300956346e-07, 3.9436134985145733e-07, 3.322448338333143e-07, 2.8004404233232815e-07, 2.360630149958889e-07, 1.988450373180316e-07, 1.6731135057824214e-07, 1.408059433967426e-07, 1.1850020871863938e-07, 9.959302391292646e-08, 8.363511062246771e-08, 7.027163416310463e-08, 5.915017906790825e-08, 4.9798335644905354e-08, 4.18871889442163e-08, 3.5203968409033936e-08, 2.9535461332370243e-08, 2.4753671387526238e-08, 2.069755352691875e-08, 1.7316393179019855e-08, 1.4476807291962883e-08, 1.2102719462792552e-08, 1.0101712931266697e-08, 8.451912135262933e-09]
W_list: [7.4]
L_list: [6.083865145681053]
