C_final_list: [1.612564265175319e-06, 1.5854611683758076e-06, 1.558656631397448e-06, 1.5325434271376395e-06, 1.5066447285997893e-06, 1.4815052108761444e-06, 1.4569348806083792e-06, 1.4330234295111194e-06, 1.4090334591382325e-06, 1.3857104237081663e-06, 1.3625770156772198e-06, 1.3398716591913175e-06, 1.31735140083791e-06, 1.2953653685353653e-06, 1.2735171675946746e-06, 1.2519738650810704e-06, 1.2306598215292691e-06, 1.2097825160614685e-06, 1.1894971143344259e-06, 1.169740330656556e-06, 1.1504161267563361e-06, 1.131445038077655e-06, 1.112745922410673e-06, 1.094417039120594e-06, 1.0763422046747572e-06, 1.0588269941698596e-06, 1.041509991545032e-06, 1.0242932992265475e-06, 1.0072842479223179e-06, 9.905831091745334e-07, 9.741941847572496e-07, 9.581734748580254e-07, 9.42289905096248e-07, 9.267728415946615e-07, 9.115403284099215e-07, 8.965231690225592e-07, 8.815023978632445e-07, 8.666557941738425e-07, 8.522210522328886e-07, 8.380238917860714e-07, 8.239872068912909e-07, 8.102034621675353e-07, 7.966982270071248e-07, 7.83311313483898e-07, 7.701124062047272e-07, 7.569640710330058e-07, 7.438982284131096e-07, 7.311071627636003e-07, 7.185509505275202e-07, 7.061462172892032e-07]
ndim2: 500
W_list: [3.0999999999999996]
L_list: [59.55954076754866]
