R_list= [ 1  2  3  4  5  6  7  8  9 10 11 12 13 14 15 16 17 18 19 20 21 22 23 24
 25 26 27 28 29 30 31 32 33 34 35 36 37 38]
C_final_list= [3.550236392297474e-05, 2.2994644074043733e-05, 1.4873356511963517e-05, 9.59841554832759e-06, 6.195068460622067e-06, 3.993340941633052e-06, 2.563900288317144e-06, 1.6463634600657588e-06, 1.0575017567295677e-06, 6.792041024296562e-07, 4.3613883675309064e-07, 2.7992483727701514e-07, 1.8093447815173646e-07, 1.159232729259152e-07, 7.459891220991314e-08, 4.8137892809003414e-08, 3.114111428332613e-08, 2.0223969299910276e-08, 1.3114359975936232e-08, 8.483954173788025e-09, 5.51220370672501e-09, 3.589921527726253e-09, 2.3444579539923353e-09, 1.530977880975918e-09, 1.007532422778164e-09, 6.565932986432795e-10, 4.2634035251263784e-10, 2.766053661705057e-10, 1.8042222976170184e-10, 1.1921106364506552e-10, 7.885640257423377e-11, 5.0725925499539873e-11, 3.252469182882932e-11, 2.126824665639441e-11, 1.413419698752781e-11, 9.375891750806599e-12, 6.2981339230650426e-12, 4.116899941132117e-12]
W_list: [8.25]
L_list: [2.291558861234489]
