R_list= [ 1  2  3  4  5  6  7  8  9 10 11 12 13 14 15 16 17 18 19 20 21 22 23 24
 25 26 27 28 29 30 31 32 33 34 35 36 37 38]
C_final_list= [2.749950600711721e-06, 2.4538615184338785e-06, 2.1693341246769257e-06, 1.9099378509415046e-06, 1.6784667343706186e-06, 1.4740114305372067e-06, 1.2950370931529331e-06, 1.1383841707426297e-06, 1.0002656864211922e-06, 8.787990969267702e-07, 7.716500187313563e-07, 6.776167377104572e-07, 5.951075146527086e-07, 5.22100284258495e-07, 4.5780666918376166e-07, 4.012450205336664e-07, 3.515380355577015e-07, 3.078225140712185e-07, 2.6949132300687997e-07, 2.3594355606651696e-07, 2.0662731322587503e-07, 1.8081176720553892e-07, 1.5820550478125738e-07, 1.383535214674151e-07, 1.2095900152129798e-07, 1.0575177253329881e-07, 9.24483946213929e-08, 8.076043838651143e-08, 7.059889501408338e-08, 6.169045301255938e-08, 5.390726504477186e-08, 4.712009961688138e-08, 4.115460881956251e-08, 3.5943311395156444e-08, 3.1366198676579373e-08, 2.7368598067230765e-08, 2.3891810841710495e-08, 2.0856276028885518e-08]
W_list: [7.95]
L_list: [7.784459065524503]
