R_list= [ 1  2  3  4  5  6  7  8  9 10 11 12 13 14 15 16 17 18 19 20 21 22 23 24
 25 26 27 28 29 30 31 32 33 34 35 36 37 38]
C_final_list= [9.007000525126452e-07, 5.562273151246243e-07, 3.46557042016563e-07, 2.1495710187929996e-07, 1.3170533492060246e-07, 8.058668572913584e-08, 4.926828149002249e-08, 2.9798939468809474e-08, 1.7910416250462018e-08, 1.0741496250833929e-08, 6.394507406211961e-09, 3.815268745035223e-09, 2.275076775341497e-09, 1.3368078744651578e-09, 7.759800439169887e-10, 4.588052085180783e-10, 2.721123304587702e-10, 1.5886578169119561e-10, 9.298354159126539e-11, 5.6935594525952784e-11, 3.423194721491701e-11, 2.0749113324225136e-11, 1.2988793023880738e-11, 7.68500130521368e-12, 4.5190357891370806e-12, 2.475456646864664e-12, 1.435916685800559e-12, 7.895314028924633e-13, 4.275414165673521e-13, 2.45328367130675e-13, 1.3729260913201446e-13, 7.195736398107432e-14, 3.845657681939621e-14, 2.1309977121868863e-14, 1.2886665190810621e-14, 7.628856766271643e-15, 4.860617747064544e-15, 3.0925152668664406e-15]
W_list: [8.2]
L_list: [2.0822857898047418]
