R_list= [ 1  2  3  4  5  6  7  8  9 10 11 12 13 14 15 16 17 18 19 20 21 22 23 24
 25 26 27 28 29 30 31 32 33 34 35 36 37 38]
C_final_list= [5.716723041760809e-07, 4.428490431724396e-07, 3.456915366435957e-07, 2.6861281688882044e-07, 2.0897100180726068e-07, 1.6179582039758568e-07, 1.2575647890796237e-07, 9.672313581403342e-08, 7.433815837168362e-08, 5.7251914927263764e-08, 4.401897345867127e-08, 3.3874918226828446e-08, 2.6030997799893945e-08, 2.00609876333752e-08, 1.5437222678314042e-08, 1.1880445085010758e-08, 9.145857599469488e-09, 7.051812563650542e-09, 5.434086531114973e-09, 4.1852720810668985e-09, 3.241966773603442e-09, 2.495300731958195e-09, 1.908605636003255e-09, 1.45252662790672e-09, 1.1077127342581337e-09, 8.430430990465849e-10, 6.405335159080796e-10, 4.871425702250181e-10, 3.6979424324671083e-10, 2.7954767102990836e-10, 2.1426177334150141e-10, 1.6351887643604768e-10, 1.2611646431511024e-10, 9.598263495695078e-11, 7.365403888606548e-11, 5.687796857266961e-11, 4.4246517483845685e-11, 3.4403658753574945e-11]
W_list: [7]
L_list: [3.941973576655042]
