R_list= [ 1  2  3  4  5  6  7  8  9 10 11 12 13 14 15 16 17 18 19 20 21 22 23 24
 25 26 27 28 29 30 31 32 33 34 35 36 37 38]
C_final_list= [2.159500357135077e-07, 1.8809242461597754e-07, 1.6157581456938508e-07, 1.378504235017817e-07, 1.1719894069397469e-07, 9.922249639229443e-08, 8.391784831250533e-08, 7.089435236296669e-08, 5.97708929309578e-08, 5.0319873723153207e-08, 4.2255150232646776e-08, 3.541373358812734e-08, 2.963446824673862e-08, 2.47873926995824e-08, 2.069973324631102e-08, 1.7269634918110997e-08, 1.4412142926940157e-08, 1.202683739242929e-08, 1.0025358577135799e-08, 8.366000091610217e-09, 6.991272273171519e-09, 5.8455183918784084e-09, 4.882395051528707e-09, 4.078848155782917e-09, 3.400432394146876e-09, 2.8314301734788257e-09, 2.35345856223409e-09, 1.951849539486592e-09, 1.614696395361859e-09, 1.3330703518878687e-09, 1.1005482674961316e-09, 9.106229144526916e-10, 7.542584043009512e-10, 6.249639628376031e-10, 5.174272821145753e-10, 4.2842647073324684e-10, 3.534652645683586e-10, 2.9192807843571665e-10]
W_list: [9.2]
L_list: [6.097286518559796]
