R_list= [ 1  2  3  4  5  6  7  8  9 10 11 12 13 14 15 16 17 18 19 20 21 22 23 24
 25 26 27 28 29 30 31 32 33 34 35 36 37 38]
C_final_list= [2.8711220305757546e-07, 2.40086883543129e-07, 1.982388658227544e-07, 1.6249645892693152e-07, 1.3270879132830815e-07, 1.0816190272724547e-07, 8.812734540682623e-08, 7.166897486941704e-08, 5.8189609357417984e-08, 4.724648669535605e-08, 3.83250677974227e-08, 3.095313940450328e-08, 2.4978233801530306e-08, 2.0148568145361103e-08, 1.6274673456006133e-08, 1.3154807557439217e-08, 1.0615491575232241e-08, 8.560329077807885e-09, 6.9100192912933945e-09, 5.5688499520149154e-09, 4.466412145867366e-09, 3.5785823407786503e-09, 2.8464360651533524e-09, 2.264446924946471e-09, 1.800999553916842e-09, 1.430434133359112e-09, 1.1341433788626715e-09, 9.020353027790959e-10, 7.192571931337553e-10, 5.75172608540753e-10, 4.591969633112781e-10, 3.6634469089108244e-10, 2.912414713161895e-10, 2.3111596388417731e-10, 1.8332111937384867e-10, 1.4554893024312833e-10, 1.158089207185804e-10, 9.220263762797331e-11]
W_list: [9.0]
L_list: [4.997166672764817]
