R_list= [ 1  2  3  4  5  6  7  8  9 10 11 12 13 14 15 16 17 18 19 20 21 22 23 24
 25 26 27 28 29 30 31 32 33 34 35 36 37 38]
C_final_list= [5.036475955696214e-07, 3.5787082102589663e-07, 2.3812462754946656e-07, 1.5494484533059268e-07, 1.0034363533068068e-07, 6.494196988457585e-08, 4.1907425947859844e-08, 2.6846441137653984e-08, 1.713425258796785e-08, 1.0944972266248866e-08, 6.993234226748824e-09, 4.457577429483095e-09, 2.8317697553159626e-09, 1.7930639771039194e-09, 1.1337457496623664e-09, 7.155302871408509e-10, 4.4843619251373177e-10, 2.813150810763535e-10, 1.765020549780896e-10, 1.1182499150707127e-10, 7.085487289713526e-11, 4.437074176241473e-11, 2.7852880659210013e-11, 1.761892489564779e-11, 1.1260833916416448e-11, 7.233225066938818e-12, 4.613652075568066e-12, 2.935979029810565e-12, 1.867045840324499e-12, 1.1829280042962238e-12, 7.539032448355499e-13, 4.874953366340182e-13, 3.206322090657954e-13, 2.1337817805864587e-13, 1.4130024267925133e-13, 9.31910619410788e-14, 6.260909480583567e-14, 4.125902370186246e-14]
W_list: [5]
L_list: [2.511053896500071]
