R_list= [ 1  2  3  4  5  6  7  8  9 10 11 12 13 14 15 16 17 18 19 20 21 22 23 24
 25 26 27 28 29 30 31 32 33 34 35 36 37 38]
C_final_list= [6.902272012280931e-07, 5.792173550657508e-07, 4.815236007536516e-07, 4.01741531137266e-07, 3.3364804455373056e-07, 2.769479483460896e-07, 2.2949181410215439e-07, 1.8977641138659576e-07, 1.5709723709312246e-07, 1.3014553334329436e-07, 1.0764539655680845e-07, 8.904150303688015e-08, 7.361246496242721e-08, 6.089917252417006e-08, 5.058301834106684e-08, 4.191092132133602e-08, 3.4613757111299666e-08, 2.8573199303266347e-08, 2.3572207241176536e-08, 1.9397376511602377e-08, 1.5945178324970876e-08, 1.3058895311699486e-08, 1.0664163133418728e-08, 8.71233790944192e-09, 7.137542529668375e-09, 5.8504857805920785e-09, 4.780286862426423e-09, 3.90543941342232e-09, 3.179636491951504e-09, 2.5875661060522282e-09, 2.1085513943426386e-09, 1.7128296333320491e-09, 1.394058208940743e-09, 1.136818252984169e-09, 9.321216815705349e-10, 7.634242059743594e-10, 6.269987326037926e-10, 5.130583879337468e-10]
W_list: [7]
L_list: [5.393525095975557]
