R_list= [ 1  2  3  4  5  6  7  8  9 10 11 12 13 14 15 16 17 18 19 20 21 22 23 24
 25 26 27 28 29 30 31 32 33 34 35 36 37 38]
C_final_list= [5.88123193638695e-06, 4.974161779862242e-06, 4.16013080009344e-06, 3.460043145226828e-06, 2.873525246709455e-06, 2.383213600254391e-06, 1.974475006511269e-06, 1.6358759624414182e-06, 1.3558465088089967e-06, 1.1246225527127137e-06, 9.322914583310208e-07, 7.717294194948975e-07, 6.386242368975275e-07, 5.280981795381416e-07, 4.372867273508981e-07, 3.6245647841370324e-07, 2.998688998483204e-07, 2.4762916081033903e-07, 2.0443885126708017e-07, 1.6882062128814894e-07, 1.3935381205873527e-07, 1.1511629107528697e-07, 9.521913445096287e-08, 7.875625404646853e-08, 6.510303191624887e-08, 5.374548599946857e-08, 4.437053321283083e-08, 3.666345268010731e-08, 3.029524587415804e-08, 2.507131944964166e-08, 2.075725127212979e-08, 1.7162697544443786e-08, 1.4194071797841189e-08, 1.1713753894330194e-08, 9.662079677375708e-09, 7.978917005133306e-09, 6.587561372818881e-09, 5.443027171084286e-09]
W_list: [8.4]
L_list: [5.433973374189898]
