C_final_list: [1.7711495109602282e-06, 1.6327810865844827e-06, 1.5030241251666527e-06, 1.38171781251381e-06, 1.2697554998382263e-06, 1.1670952327069948e-06, 1.0722870692109003e-06, 9.845938914809864e-07, 9.027825382951863e-07, 8.279579373947128e-07, 7.590796114261826e-07, 6.966133283450916e-07, 6.385646420319147e-07, 5.858731913961332e-07, 5.373134660937962e-07, 4.923626848181656e-07, 4.5075874304470745e-07, 4.128323807078725e-07, 3.781707925271208e-07, 3.460038571049717e-07, 3.1646399176895794e-07, 2.892762965381804e-07, 2.647818324878905e-07, 2.4222056320003793e-07, 2.2152245925183244e-07, 2.030509093324278e-07, 1.8613304773327555e-07, 1.70734735603408e-07, 1.5606003922872875e-07, 1.4271113484405406e-07, 1.3048785721910266e-07, 1.1935731228907521e-07, 1.091920642864431e-07, 9.984021333530569e-08, 9.119381189654515e-08, 8.333166463698681e-08, 7.614759238014811e-08, 6.95353228480969e-08, 6.356708551732723e-08, 5.815904490268458e-08, 5.3095263621005336e-08, 4.845010630584299e-08, 4.421378922009364e-08, 4.0293173207860576e-08, 3.671679765997745e-08, 3.345399048569481e-08, 3.053103535296431e-08, 2.7811123441536335e-08, 2.5360617629365377e-08, 2.3099835456017537e-08]
ndim2: 500
W_list: [3.4000000000000004]
L_list: [11.601359843617356]
