R_list= [ 1  2  3  4  5  6  7  8  9 10 11 12 13 14 15 16 17 18 19 20 21 22 23 24
 25 26 27 28 29 30 31 32 33 34 35 36 37 38]
C_final_list= [3.5990605994185726e-05, 2.3448726790938447e-05, 1.5222122007637401e-05, 9.839261306408264e-06, 6.351887902879661e-06, 4.084079039264543e-06, 2.6278720331975255e-06, 1.692271350965342e-06, 1.0919348065351246e-06, 7.020952846049169e-07, 4.511300773646807e-07, 2.888163164461896e-07, 1.8545379953913205e-07, 1.1920728956019476e-07, 7.596008879170226e-08, 4.8504464907087693e-08, 3.0957997444869566e-08, 1.9960525897802385e-08, 1.291875871462725e-08, 8.338541064224561e-09, 5.407088908033309e-09, 3.47537992424416e-09, 2.2300281096791727e-09, 1.43174038038515e-09, 9.233326620246396e-10, 5.939266852770631e-10, 3.8432401121511084e-10, 2.5227720873100786e-10, 1.6278877415913638e-10, 1.0703862532846814e-10, 6.998481705306194e-11, 4.6134575479496934e-11, 2.9723713566851855e-11, 1.907417854495414e-11, 1.233528979593889e-11, 7.941504506586002e-12, 5.078537359869236e-12, 3.1879031358707276e-12]
W_list: [8.2]
L_list: [2.3089562289371797]
