C_final_list: [1.6624319263064366e-06, 1.6366491599683137e-06, 1.6111281587276998e-06, 1.5863424139659686e-06, 1.5621249728253713e-06, 1.5388385797482525e-06, 1.5159045193764203e-06, 1.4936569355098128e-06, 1.4713667735997305e-06, 1.4493202923113182e-06, 1.4275679608251362e-06, 1.4061044831816052e-06, 1.3846822609626918e-06, 1.3640653239250695e-06, 1.3436539298580416e-06, 1.323397325297038e-06, 1.3035898059224884e-06, 1.2841054682191336e-06, 1.264861913105854e-06, 1.2457367134707117e-06, 1.2267525468933746e-06, 1.20831397900023e-06, 1.190157851423354e-06, 1.172207167034459e-06, 1.1545181208448175e-06, 1.1369706821917043e-06, 1.1195289982626624e-06, 1.1023065524673918e-06, 1.0853046197520422e-06, 1.0683708820325539e-06, 1.0517648840252402e-06, 1.035329284486129e-06, 1.0191118708071627e-06, 1.0031730071088425e-06, 9.87480384691737e-07, 9.720260422129064e-07, 9.56720050226893e-07, 9.417622048579626e-07, 9.269666495804181e-07, 9.124595252751583e-07, 8.981269836282645e-07, 8.840700568280642e-07, 8.702165583672386e-07, 8.565167792679335e-07, 8.429881923183585e-07, 8.296270347108659e-07, 8.165750991441163e-07, 8.03747241378444e-07, 7.910144358659783e-07, 7.784724073193206e-07]
ndim2: 500
W_list: [3.0]
L_list: [65.01571654608536]
