C_final_list: [2.123255247284992e-06, 1.894682557999786e-06, 1.6871974620155208e-06, 1.4967987270109015e-06, 1.3283252667960888e-06, 1.1775395511923198e-06, 1.0444713478661876e-06, 9.281852066457187e-07, 8.240250788771271e-07, 7.301139847768149e-07, 6.461462386532733e-07, 5.721636314808683e-07, 5.065883692964755e-07, 4.4784268376909497e-07, 3.962492562202535e-07, 3.506265687250223e-07, 3.095069607689263e-07, 2.7352440305997535e-07, 2.4164551041854345e-07, 2.138692969861487e-07, 1.8880139475509964e-07, 1.667650382125941e-07, 1.4699078103527235e-07, 1.2976397183590293e-07, 1.1411575946214168e-07, 1.0042735313919046e-07, 8.87972575059057e-08, 7.84193503848707e-08, 6.940438556405397e-08, 6.142049620839114e-08, 5.4226498627969487e-08, 4.791696603013974e-08, 4.231863935219215e-08, 3.733654099895864e-08, 3.291534659714272e-08, 2.90490312931322e-08, 2.562326023879241e-08, 2.253759810161823e-08, 1.9825318698708243e-08, 1.7399753183880617e-08, 1.529835715975852e-08, 1.341859307520329e-08, 1.1802045326512407e-08, 1.0388286108642813e-08, 9.152604864567218e-09, 8.068536150783002e-09, 7.1105341704982316e-09, 6.2493841805875205e-09, 5.4848661438148805e-09, 4.821405965985596e-09]
ndim2: 500
W_list: [2.8499999999999996]
L_list: [8.318826799185533]
