C_final_list: [1.7007202604768242e-06, 1.5731947778460193e-06, 1.4549733685735675e-06, 1.3417283791799965e-06, 1.239764145885784e-06, 1.1452465751059546e-06, 1.0565161882032496e-06, 9.751091745942275e-07, 9.000950007748767e-07, 8.302842281871407e-07, 7.661724584331175e-07, 7.062721420483335e-07, 6.519598152704136e-07, 6.004464437481213e-07, 5.5301297391853e-07, 5.099890708652139e-07, 4.6984799114239175e-07, 4.330612300329382e-07, 3.9828673933013536e-07, 3.6588010186188433e-07, 3.3600608124057687e-07, 3.0939315493530384e-07, 2.844175931415257e-07, 2.6183661497983953e-07, 2.405108725009785e-07, 2.2082312260079008e-07, 2.0307558157772594e-07, 1.8663654860027455e-07, 1.717916941296264e-07, 1.5788832311734858e-07, 1.4485896098915658e-07, 1.3292373497512148e-07, 1.218604080651448e-07, 1.1167284331865999e-07, 1.0237022028119599e-07]
ndim2: 500
W_list: [2.0]
L_list: [12.337770784022732]
