R_list= [ 1  2  3  4  5  6  7  8  9 10 11 12 13 14 15 16 17 18 19 20 21 22 23 24
 25 26 27 28 29 30 31 32 33 34 35 36 37 38]
C_final_list= [9.868650726334641e-07, 6.431737433972527e-07, 3.628261735712835e-07, 1.880097581817222e-07, 9.2416584519826e-08, 4.384939959836707e-08, 2.0302350117839996e-08, 9.238058258696192e-09, 4.16170216895004e-09, 1.866813883704438e-09, 8.411306646835626e-10, 3.8416793232395836e-10, 1.7867392561435854e-10, 8.403369955568625e-11, 3.9283727035907185e-11, 1.8189908905274084e-11, 8.42700618479115e-12, 3.933903032463863e-12, 1.874104152814474e-12, 9.034791384836287e-13, 4.3154870917045776e-13, 2.0401288516957085e-13, 9.56731860762157e-14, 4.397350824041516e-14, 1.981576968508273e-14, 8.812462667041264e-15, 3.887575900649866e-15, 1.7133346059880563e-15, 7.570362189519507e-16, 3.3727740493513227e-16, 1.5060613836711914e-16, 6.827531873772391e-17, 3.218203095042343e-17, 1.5850616992964674e-17, 7.83156028742365e-18, 3.743551049958322e-18, 1.7519856315063617e-18, 8.066794153515781e-19]
W_list: [4]
L_list: [1.869597905728182]
