R_list= [ 1  2  3  4  5  6  7  8  9 10 11 12 13 14 15 16 17 18 19 20 21 22 23 24
 25 26 27 28 29 30 31 32 33 34 35 36 37 38]
C_final_list= [2.990713896949207e-05, 2.2427744186423253e-05, 1.6703246606328185e-05, 1.2404068153393177e-05, 9.199020914961806e-06, 6.817290420448715e-06, 5.048721956929218e-06, 3.7372730986384445e-06, 2.764355777336152e-06, 2.0433833252837096e-06, 1.5098021693508576e-06, 1.1132453851702824e-06, 8.215343081635372e-07, 6.060583641779649e-07, 4.476099205908044e-07, 3.305072999415766e-07, 2.437519332599238e-07, 1.7944668041591918e-07, 1.323348035762942e-07, 9.760920019213902e-08, 7.194154321869068e-08, 5.32890090260768e-08, 3.944125507580174e-08, 2.926604101479714e-08, 2.1805974268224185e-08, 1.62317279647173e-08, 1.2037293026239906e-08, 8.951669714197574e-09, 6.697254119543139e-09, 5.039180612750311e-09, 3.7825808112723255e-09, 2.82089231963122e-09, 2.0912361070904023e-09, 1.5492689455596947e-09, 1.1436686329541793e-09, 8.392950020330296e-10, 6.142954188023557e-10, 4.481964433480669e-10]
W_list: [8.3]
L_list: [3.378730326362341]
