R_list= [ 1  2  3  4  5  6  7  8  9 10 11 12 13 14 15 16 17 18 19 20 21 22 23 24
 25 26 27 28 29 30 31 32 33 34 35 36 37 38]
C_final_list= [2.364928650557716e-06, 2.220067000002052e-06, 2.1113946331301823e-06, 2.002811647764651e-06, 1.8999368646170257e-06, 1.8042876688880016e-06, 1.7137634637855192e-06, 1.6265325729096753e-06, 1.5434747784004968e-06, 1.46566898011335e-06, 1.3909408362086858e-06, 1.3193598706602138e-06, 1.2524337191561381e-06, 1.1884420294271956e-06, 1.127762545254567e-06, 1.0682721449293764e-06, 1.0122762358814777e-06, 9.595867964143504e-07, 9.092434625677228e-07, 8.613197854126544e-07, 8.161689703602288e-07, 7.737309478104356e-07, 7.328083121689367e-07, 6.940874333430176e-07, 6.575636052590403e-07, 6.23166077066181e-07, 5.898358603548328e-07, 5.584430600002576e-07, 5.289862340869945e-07, 5.008942945759364e-07, 4.744551893431117e-07, 4.4912900461449465e-07, 4.250106901086855e-07, 4.023356344634467e-07, 3.8088311410566675e-07, 3.6054804395753817e-07, 3.4138288311191744e-07, 3.233925346379191e-07]
W_list: [4]
L_list: [18.827923522116958]
