C_final_list: [9.102335372912884e-07, 8.773154299524295e-07, 8.422470143038884e-07, 8.080191416157505e-07, 7.743511251520077e-07, 7.422447504988265e-07, 7.107625310824145e-07, 6.803337177560299e-07, 6.508605445491511e-07, 6.230750113982063e-07, 5.961608043998778e-07, 5.703174314222332e-07, 5.453976966716468e-07, 5.213428470417052e-07, 4.986195487979807e-07, 4.768682183585472e-07, 4.561474226795858e-07, 4.362224982274547e-07, 4.1732149161520605e-07, 3.9920669622613034e-07, 3.8202406258715513e-07, 3.6523802809518337e-07, 3.492949972578619e-07, 3.3397909202594157e-07, 3.1910948130446724e-07, 3.0488599448759266e-07, 2.913685230273573e-07, 2.783903206822185e-07, 2.660552059504233e-07, 2.5425752806353036e-07, 2.42955268043983e-07, 2.3203201145236187e-07, 2.2170227112855447e-07, 2.1175067025281818e-07, 2.0221981296088225e-07]
ndim2: 500
W_list: [2.6]
L_list: [22.683745562537798]
