C_list:
1.4872233943524304e-06 0.037073995439578886
ndim2: 500
W_list: [2.0]
L_list: [26.97308418321796]
