R_list= [ 1  2  3  4  5  6  7  8  9 10 11 12 13 14 15 16 17 18 19 20 21 22 23 24
 25 26 27 28 29 30 31 32 33 34 35 36 37 38]
C_final_list= [9.494026388884552e-07, 8.370408878208552e-07, 7.382682476933889e-07, 6.505984013823884e-07, 5.73298599854691e-07, 5.042053335216584e-07, 4.433709102424164e-07, 3.898746241046988e-07, 3.428864706377267e-07, 3.018430753072903e-07, 2.6613355686178476e-07, 2.3424101926166158e-07, 2.0598319248786669e-07, 1.8084304870352673e-07, 1.585925938320505e-07, 1.3902267762850901e-07, 1.2163374657649377e-07, 1.0625211944332021e-07, 9.276203747920576e-08, 8.094582317659325e-08, 7.074658403806895e-08, 6.184531617597823e-08, 5.4062803507196155e-08, 4.729921768836945e-08, 4.1414867597852025e-08, 3.616731523342517e-08, 3.16660269394809e-08, 2.7673256118087267e-08, 2.4100102028015105e-08, 2.1035159073423596e-08, 1.8341309418145353e-08, 1.5985946192092932e-08, 1.3943515981747936e-08, 1.2168667823959713e-08, 1.062243638809975e-08, 9.266310882658607e-09, 8.072905520057674e-09, 7.020572108227611e-09]
W_list: [6]
L_list: [7.796102691813935]
