R_list= [ 1  2  3  4  5  6  7  8  9 10 11 12 13 14 15 16 17 18 19 20 21 22 23 24
 25 26 27 28 29 30 31 32 33 34 35 36 37 38]
C_final_list= [9.996677987215414e-07, 5.621325931124813e-07, 2.7080342059377733e-07, 1.2032450435500457e-07, 5.1220549739149164e-08, 2.130462449050479e-08, 8.714128159629578e-09, 3.5062230414825846e-09, 1.3988619505772164e-09, 5.564753332045942e-10, 2.2320706762204994e-10, 9.04018794629909e-11, 3.719170450986008e-11, 1.5305901061563478e-11, 6.237085828460332e-12, 2.4421806166137925e-12, 9.339902619481014e-13, 3.5691556457809375e-13, 1.344645523286409e-13, 5.1116554907750457e-14, 1.9775003399483235e-14, 7.960979749991433e-15, 3.3369862019370118e-15, 1.2930770317464474e-15, 4.967179780227147e-16, 1.8989911888666887e-16, 7.003087118190053e-17, 2.517118367020419e-17, 9.865268869392629e-18, 4.0904070879149386e-18, 1.7110634565715588e-18, 5.944409391525591e-19, 2.1236328103897577e-19, 7.137379550560736e-20, 2.328306616241275e-20, 7.350433270852017e-21, 2.4320365809289244e-21, 8.586947754252709e-22]
W_list: [5]
L_list: [1.5167276619546097]
