C_final_list: [1.124247155845902e-06, 9.445038589723475e-07, 7.912008058756498e-07, 6.618724960948922e-07, 5.535434199772348e-07, 4.640392819872111e-07, 3.8977110496014775e-07, 3.25929301010875e-07, 2.729125892066984e-07, 2.2843373514074811e-07, 1.9035214299826506e-07, 1.586847641503449e-07, 1.3173697051951218e-07, 1.094826361416034e-07, 9.078218100692146e-08, 7.524896957528017e-08, 6.246968818614299e-08, 5.171690950485714e-08, 4.302199550430642e-08, 3.582691641210523e-08, 2.971936275512691e-08, 2.471802503284136e-08, 2.056261574155899e-08, 1.7062482649567937e-08, 1.4149075554755579e-08, 1.16901660959786e-08, 9.613561090767903e-09, 7.930370053602718e-09, 6.532247146114139e-09, 5.375566976765492e-09, 4.407028685618517e-09, 3.6131942029249244e-09, 2.9668436328291007e-09, 2.4364261139386725e-09, 2.0099378881554684e-09]
ndim2: 500
W_list: [4.2]
L_list: [5.612110453218641]
