R_list= [ 1  2  3  4  5  6  7  8  9 10 11 12 13 14 15 16 17 18 19 20 21 22 23 24
 25 26 27 28 29 30 31 32 33 34 35 36 37 38]
C_final_list= [3.7482048409182355e-05, 2.4885147593227587e-05, 1.6487755833447205e-05, 1.0887289365000176e-05, 7.163644001393507e-06, 4.724303602956609e-06, 3.111261719299158e-06, 2.0484249833729713e-06, 1.3524692550277036e-06, 8.906515663659643e-07, 5.845228939806036e-07, 3.8194943335600986e-07, 2.509107489903927e-07, 1.6500289365557613e-07, 1.0885275306652232e-07, 7.196607739770928e-08, 4.740274645422949e-08, 3.139610039438368e-08, 2.077101408700101e-08, 1.3725935878629674e-08, 9.107422953787556e-09, 6.074470883669602e-09, 4.034527149098836e-09, 2.6592100923704123e-09, 1.7469204637494234e-09, 1.1587003072594773e-09, 7.660444761681781e-10, 5.014002070339437e-10, 3.263198338298526e-10, 2.1733062975174433e-10, 1.4346573507496603e-10, 9.4296109295855e-11, 6.275277166246019e-11, 4.1973053712022204e-11, 2.812074024257654e-11, 1.8739726528458876e-11, 1.2482124152854397e-11, 8.41457181860003e-12]
W_list: [8.0]
L_list: [2.421423983776681]
