R_list= [ 1  2  3  4  5  6  7  8  9 10 11 12 13 14 15 16 17 18 19 20 21 22 23 24
 25 26 27 28 29 30 31 32 33 34 35 36 37 38]
C_final_list= [3.4048906290443207e-07, 3.1486949029786656e-07, 2.8924545707365837e-07, 2.646073439870057e-07, 2.4183943113358604e-07, 2.2084261252873108e-07, 2.0157477254245162e-07, 1.8389921921296274e-07, 1.677920206228991e-07, 1.530452215167271e-07, 1.3963456425396827e-07, 1.273360689022124e-07, 1.1611816254814688e-07, 1.0600248870976262e-07, 9.665958745589938e-08, 8.805323925214643e-08, 8.024233038897854e-08, 7.306651498576976e-08, 6.647885601279401e-08, 6.045775193505265e-08, 5.494614217416276e-08, 4.9939669796186214e-08, 4.539182191558473e-08, 4.122160721103973e-08, 3.739821401387687e-08, 3.389513086374985e-08, 3.070544068288455e-08, 2.7825796938470788e-08, 2.5211477968513403e-08, 2.285659814889147e-08, 2.0714734662098035e-08, 1.8763654970861634e-08, 1.697384231637291e-08, 1.5367791233052257e-08, 1.3896089059748491e-08, 1.255023227678604e-08, 1.1332695808255848e-08, 1.0233623256344734e-08]
W_list: [7.0]
L_list: [10.93180016762391]
