C_final_list: [2.238825298280356e-06, 2.162924252224828e-06, 2.0862147473875034e-06, 2.0134340374518038e-06, 1.9422980177480634e-06, 1.8726041966674531e-06, 1.804807824174589e-06, 1.7396440451266709e-06, 1.6769745620925509e-06, 1.618229502880361e-06, 1.5619102491230864e-06, 1.5065305540437577e-06, 1.453141930707841e-06, 1.4015206223106228e-06, 1.3515858527229323e-06, 1.3038585170164328e-06, 1.257498959772262e-06, 1.2131972976099395e-06, 1.170139184092575e-06, 1.1286397867215416e-06, 1.088608453594828e-06, 1.0502258661304538e-06, 1.0131159923661582e-06, 9.77214246541012e-07, 9.430616909661718e-07, 9.103254408503046e-07, 8.785246703005466e-07, 8.477674679304053e-07, 8.180963057773002e-07, 7.89406601079384e-07, 7.613958676200105e-07, 7.342661537282942e-07, 7.084027361346851e-07, 6.835465923214197e-07, 6.592640097608874e-07, 6.356279124990222e-07, 6.125242819593369e-07, 5.902989028953869e-07, 5.687690125532047e-07, 5.476330194570247e-07, 5.271352687728387e-07, 5.077394036032663e-07, 4.891183662301728e-07, 4.7109580839545037e-07, 4.537762221643794e-07, 4.3712065329514744e-07, 4.209346410865274e-07, 4.0530656723735394e-07, 3.904309400140545e-07, 3.7594970766645407e-07]
ndim2: 500
W_list: [2.0]
L_list: [27.675340263105245]
