R_list= [ 1  2  3  4  5  6  7  8  9 10 11 12 13 14 15 16 17 18 19 20 21 22 23 24
 25 26 27 28 29 30 31 32 33 34 35 36 37 38]
C_final_list= [1.2930897094035638e-06, 1.219947192980072e-06, 1.157436173080378e-06, 1.095528712889823e-06, 1.0374832425020877e-06, 9.826031559839165e-07, 9.306638599230045e-07, 8.818413931617715e-07, 8.359317805243888e-07, 7.916789731774879e-07, 7.499496704063167e-07, 7.105397141381785e-07, 6.72837174304216e-07, 6.367024293182971e-07, 6.025780172612669e-07, 5.705154039588746e-07, 5.401094139344865e-07, 5.110832646352301e-07, 4.832808879319226e-07, 4.567550200288661e-07, 4.313788830889393e-07, 4.073220283013357e-07, 3.8464549352908246e-07, 3.632949342218733e-07, 3.4326080871338283e-07, 3.2434211821441523e-07, 3.0643811498368527e-07, 2.8958484395460435e-07, 2.738092220823002e-07, 2.587270498888537e-07, 2.4442027714849654e-07, 2.3097462615729998e-07, 2.1822783484296904e-07, 2.061101523537132e-07, 1.9451685610583227e-07, 1.835349945633352e-07, 1.7321694577584594e-07, 1.6337927677559437e-07]
W_list: [5]
L_list: [18.1346307154998]
