C_final_list: [1.4584239886448776e-06, 1.4019538703943314e-06, 1.3451731114742428e-06, 1.289358832810896e-06, 1.2370308040551509e-06, 1.186188070706861e-06, 1.1376021621595428e-06, 1.0903361517498867e-06, 1.0451760786178745e-06, 1.0016729880210546e-06, 9.604251332415727e-07, 9.204410274670824e-07, 8.819278041362239e-07, 8.4481776820105e-07, 8.095325669661933e-07, 7.755682138786568e-07, 7.429532588549342e-07, 7.116657892904149e-07, 6.816757621762088e-07, 6.527049860438138e-07, 6.247852554563615e-07, 5.981824318411673e-07, 5.720298087284366e-07, 5.473152356193253e-07, 5.240105967008589e-07, 5.017392787736294e-07, 4.802332560252565e-07, 4.592778745754553e-07, 4.3941910769555417e-07, 4.203457695518027e-07, 4.0222201779569e-07, 3.848100617024206e-07, 3.6840449621420526e-07, 3.5266304189979717e-07, 3.3730220828387944e-07]
ndim2: 500
W_list: [2.0]
L_list: [23.354811004632595]
