C_final_list: [1.5349944000758128e-06, 1.352968853539201e-06, 1.1928948122625733e-06, 1.0507779843102933e-06, 9.260293387857447e-07, 8.171028265558991e-07, 7.194380364774911e-07, 6.311751743582413e-07, 5.522078065502907e-07, 4.83885329676981e-07, 4.2410531860548886e-07, 3.7176308411927696e-07, 3.261386137731962e-07, 2.853683751871425e-07, 2.49300518410557e-07, 2.181197401406806e-07, 1.9066843101039532e-07, 1.6667683913930082e-07, 1.4576632760265855e-07, 1.2752975796681613e-07, 1.117230491603306e-07, 9.787562315442413e-08, 8.586096969957254e-08, 7.517548087762185e-08, 6.572768208952671e-08, 5.751415579055874e-08, 5.033032577583826e-08, 4.4135680019727546e-08, 3.853959691408799e-08, 3.3596132217812737e-08, 2.9325181190220824e-08, 2.5577886291372785e-08, 2.2279534931557004e-08, 1.941575987439004e-08, 1.6903261993906213e-08, 1.4710143960379698e-08, 1.28015211833566e-08, 1.1150088826646794e-08, 9.73670417966664e-09, 8.492413921420944e-09, 7.406920346322679e-09, 6.480801374527729e-09, 5.653133688514258e-09, 4.94081967762897e-09, 4.318762671469407e-09, 3.760862089127592e-09, 3.2686239703628303e-09, 2.8249490255265587e-09, 2.4491483928047404e-09, 2.1257229091591927e-09]
ndim2: 500
W_list: [4.0]
L_list: [7.725775004651202]
