C_final_list: [2.225409491875477e-06, 2.0123301705142864e-06, 1.810879021810585e-06, 1.6312925154879522e-06, 1.473651395421144e-06, 1.3276205206572185e-06, 1.1957802640246625e-06, 1.078809601473591e-06, 9.706612173939573e-07, 8.756611853828135e-07, 7.872953252663842e-07, 7.078622212112904e-07, 6.374694849739595e-07, 5.738660277759237e-07, 5.175784494333652e-07, 4.6583948808184656e-07, 4.197252576354669e-07, 3.7839144703184923e-07, 3.407742578028803e-07, 3.066848402690809e-07, 2.751855305724503e-07, 2.4709453615460195e-07, 2.2201547843113237e-07, 1.99572055154158e-07, 1.796347171157693e-07, 1.6193276492603713e-07, 1.4574358598391865e-07, 1.3128014695388334e-07, 1.1774859797187566e-07, 1.0582920098088099e-07, 9.509633571896559e-08, 8.543210498460053e-08, 7.671246933765334e-08, 6.89663426474758e-08, 6.208363663030291e-08, 5.5882845329697726e-08, 5.0220844574121625e-08, 4.513680684132698e-08, 4.054645082341043e-08, 3.634935186777457e-08, 3.2564722499255974e-08, 2.9142681182178757e-08, 2.60799573670144e-08, 2.3369065673411085e-08, 2.0972128495923304e-08, 1.8789151358888835e-08, 1.6824316729630363e-08, 1.5077871695114028e-08, 1.3471375144300507e-08, 1.2014934853520062e-08]
ndim2: 500
W_list: [2.6]
L_list: [9.573419861338849]
