R_list= [ 1  2  3  4  5  6  7  8  9 10 11 12 13 14 15 16 17 18 19 20 21 22 23 24
 25 26 27 28 29 30 31 32 33 34 35 36 37 38]
C_final_list= [2.340123692437835e-05, 1.9357832075031836e-05, 1.5886542791808015e-05, 1.2988594054859998e-05, 1.0605781966587235e-05, 8.653566092413073e-06, 7.058992962077397e-06, 5.752409695335183e-06, 4.683059186524702e-06, 3.8146566441558112e-06, 3.108962074342676e-06, 2.5302540988064676e-06, 2.0587299238517426e-06, 1.6740767372242272e-06, 1.361696608201953e-06, 1.1065461628640582e-06, 8.992574146053386e-07, 7.30116497159457e-07, 5.931872756525586e-07, 4.8172214107269e-07, 3.9129961910740384e-07, 3.184003586033393e-07, 2.586249969072895e-07, 2.103866055404353e-07, 1.7085518197295135e-07, 1.387936435733948e-07, 1.1274636085121722e-07, 9.163989274231418e-08, 7.462074963704541e-08, 6.067006071737573e-08, 4.940846114263682e-08, 4.029238858587163e-08, 3.2853256455150506e-08, 2.6724062576584606e-08, 2.171060534214389e-08, 1.765372322641725e-08, 1.4354115712598605e-08, 1.1649247403879227e-08]
W_list: [8.0]
L_list: [4.969478383373413]
