R_list= [ 1  2  3  4  5  6  7  8  9 10 11 12 13 14 15 16 17 18 19 20 21 22 23 24
 25 26 27 28 29 30 31 32]
C_final_list= [3.6879382191053654e-07, 2.756104661633706e-07, 2.0313528498822103e-07, 1.5056112816369958e-07, 1.1198951239454397e-07, 8.307344367774745e-08, 6.149986299222608e-08, 4.559880810817042e-08, 3.386251944671712e-08, 2.5122851460707657e-08, 1.857496082930059e-08, 1.373279856683273e-08, 1.0118730859211244e-08, 7.417393613903388e-09, 5.408959073511575e-09, 3.928596389962218e-09, 2.849043107030855e-09, 2.0706195188321582e-09, 1.5016839793507969e-09, 1.084551047934564e-09, 7.823616935280498e-10, 5.698788272168734e-10, 4.1733411559353236e-10, 3.0458434359476357e-10, 2.216537150987225e-10, 1.6133093697933363e-10, 1.1742789102965358e-10, 8.57033465739336e-11, 6.261100834017294e-11, 4.554056260002379e-11, 3.31318081063679e-11, 2.4149876747008977e-11]
W_list: [6]
L_list: [3.3483211800253203]
