R_list= [ 1  2  3  4  5  6  7  8  9 10 11 12 13 14 15 16 17 18 19 20 21 22 23 24
 25 26 27 28 29 30 31 32 33 34 35 36 37 38]
C_final_list= [2.4207825703399417e-07, 2.1825608765747125e-07, 1.9487076119088266e-07, 1.7289763579724887e-07, 1.531988635750802e-07, 1.3554047406827208e-07, 1.1975550013355938e-07, 1.0560333209059071e-07, 9.293770352165711e-08, 8.177345061283332e-08, 7.193392740113665e-08, 6.3303475827889e-08, 5.5735621818003115e-08, 4.904663341617519e-08, 4.316578713428325e-08, 3.797453558125782e-08, 3.338283110587856e-08, 2.9326261726963616e-08, 2.574207796873033e-08, 2.256762453100083e-08, 1.975514937144405e-08, 1.7278918563321825e-08, 1.5087012559275876e-08, 1.3166273168174748e-08, 1.1486577101948827e-08, 1.0015030671813775e-08, 8.734100999993981e-09, 7.607042174597656e-09, 6.617491055728513e-09, 5.753089126425143e-09, 4.993730543437281e-09, 4.334695236400815e-09, 3.761982737319198e-09, 3.2608954160786345e-09, 2.8340821411819975e-09, 2.4640946152625115e-09, 2.142942991648183e-09, 1.863152789226889e-09]
W_list: [7.800000000000001]
L_list: [8.087462259300244]
