C_list:
1.1900006195852577e-06 0.026199906481290763
ndim2: 500
W_list: [2.2]
L_list: [38.16807516905053]
