R_list= [ 1  2  3  4  5  6  7  8  9 10 11 12 13 14 15 16 17 18 19 20 21 22 23 24
 25 26 27 28 29 30 31 32 33 34 35 36 37 38]
C_final_list= [1.1776047210154866e-06, 9.318807066466102e-07, 6.94520426153769e-07, 5.067539239952178e-07, 3.689929050472566e-07, 2.697157290563696e-07, 1.978428903885842e-07, 1.454917098927543e-07, 1.070533297046869e-07, 7.863748898535416e-08, 5.759083002691906e-08, 4.211230887050043e-08, 3.0709150615830694e-08, 2.2325820449236242e-08, 1.618612306759071e-08, 1.1706031031907742e-08, 8.468360656344644e-09, 6.136531241517808e-09, 4.441603121758503e-09, 3.2061152569771558e-09, 2.312034355937434e-09, 1.669778094884013e-09, 1.208057524284126e-09, 8.739525712916496e-10, 6.290881510054996e-10, 4.504658080311168e-10, 3.2129554123564566e-10, 2.2953408155711468e-10, 1.644955929538107e-10, 1.1819598984995537e-10, 8.509302308336747e-11, 6.166281620208651e-11, 4.5062438045717855e-11, 3.330749939200708e-11, 2.495016559653428e-11, 1.8847662221064745e-11, 1.4145350589568587e-11, 1.0492664319111487e-11]
W_list: [4]
L_list: [3.4073731948704022]
