R_list= [ 1  2  3  4  5  6  7  8  9 10 11 12 13 14 15 16 17 18 19 20 21 22 23 24
 25 26 27 28 29 30 31 32 33 34 35 36 37 38]
C_final_list= [4.3577535097391157e-07, 1.9006565537449883e-07, 6.751766846272826e-08, 2.1599894898626817e-08, 6.572609341266294e-09, 1.9456345505054407e-09, 5.670028813969643e-10, 1.6453018528590314e-10, 4.7364904951347226e-11, 1.3599510900364398e-11, 3.864035930973999e-12, 1.0776172435373088e-12, 2.9844110477658127e-13, 8.169948060116737e-14, 2.2401533509066025e-14, 6.07424300945491e-15, 1.6392071418048644e-15, 4.547138189341737e-16, 1.3705988838073847e-16, 4.295505997936992e-17, 1.3148658437846046e-17, 3.780720091198077e-18, 9.78034633659796e-19, 2.300070404767093e-19, 5.132975798906099e-20, 1.0833650565173635e-20, 2.3158838431596007e-21, 5.160694127671818e-22, 1.2706259563907737e-22, 3.6220699842823464e-23, 1.3562695526865265e-23, 7.145271963065993e-24, 6.823041003671993e-24, 7.028613873206256e-24, 4.386016862332262e-24, 2.5117022515777288e-24, 1.9379452637736058e-24, 1.8097264841155496e-24]
W_list: [6]
L_list: [1.117221654857317]
