R_list= [ 1  2  3  4  5  6  7  8  9 10 11 12 13 14 15 16 17 18 19 20 21 22 23 24
 25 26 27 28 29 30 31 32 33 34 35 36 37 38]
C_final_list= [2.4729877723021815e-06, 1.920224455533282e-06, 1.4726454677748894e-06, 1.1245197629309937e-06, 8.576427056094956e-07, 6.525795600856539e-07, 4.949711464448187e-07, 3.745175771875827e-07, 2.827160527168155e-07, 2.1297366821056823e-07, 1.6028431355348958e-07, 1.2073648034095048e-07, 9.074974549693653e-08, 6.806198737701517e-08, 5.0952060543145515e-08, 3.812061116503706e-08, 2.859439726246232e-08, 2.14352551622048e-08, 1.6107210018368747e-08, 1.2056439011241082e-08, 8.985056440895664e-09, 6.731774265379967e-09, 5.084529406856301e-09, 3.83883094967767e-09, 2.8983203066606e-09, 2.181293030508847e-09, 1.6534795531052478e-09, 1.2621177063658805e-09, 9.487425953420649e-10, 7.104622103149287e-10, 5.315100193619477e-10, 3.9795885364210145e-10, 2.9529946415888827e-10, 2.2121014915466562e-10, 1.6730701027376313e-10, 1.2779201930935615e-10, 9.654914170673318e-11, 7.228980917912386e-11]
W_list: [9.0]
L_list: [3.7236055150285208]
