R_list= [ 1  2  3  4  5  6  7  8  9 10 11 12 13 14 15 16 17 18 19 20 21 22 23 24
 25 26 27 28 29 30 31 32 33 34 35 36 37 38]
C_final_list= [6.257812717305489e-07, 5.180051821725331e-07, 4.2506109186732776e-07, 3.484060038520654e-07, 2.859345673452422e-07, 2.338964129576545e-07, 1.907376644714883e-07, 1.56248763611501e-07, 1.2770047989882266e-07, 1.0446131659466708e-07, 8.589143779981037e-08, 7.044903787688465e-08, 5.7655511879836915e-08, 4.7024512697715547e-08, 3.83460238868821e-08, 3.123083959286797e-08, 2.5463008298829187e-08, 2.0672726378409194e-08, 1.675206293692745e-08, 1.3561526785446347e-08, 1.1009424994003208e-08, 8.922695697309594e-09, 7.218542223729991e-09, 5.8509503229530515e-09, 4.735498311135341e-09, 3.8457850580623825e-09, 3.1257912228496214e-09, 2.5268014858771927e-09, 2.0475555910704804e-09, 1.6589219667758627e-09, 1.3422155436597272e-09, 1.085969670336821e-09, 8.768382644984014e-10, 7.110627038543729e-10, 5.73213055920218e-10, 4.6030160902589556e-10, 3.720197966033965e-10, 3.000203920110615e-10]
W_list: [7.0]
L_list: [5.034710574830786]
