R_list= [ 1  2  3  4  5  6  7  8  9 10 11 12 13 14 15 16 17 18 19 20 21 22 23 24
 25 26 27 28 29 30 31 32 33 34 35 36 37 38]
C_final_list= [1.1455572493614113e-06, 1.0473490843234828e-06, 9.701291067249107e-07, 8.977181219671367e-07, 8.301846573306057e-07, 7.681303220098816e-07, 7.09994135306451e-07, 6.567305249786571e-07, 6.079068608340144e-07, 5.627314720822706e-07, 5.21241205941863e-07, 4.827928040144391e-07, 4.4690443776922187e-07, 4.1338594934741294e-07, 3.823947253984029e-07, 3.5372387145295477e-07, 3.269725059357499e-07, 3.020763833385424e-07, 2.7915809188666623e-07, 2.577277720771615e-07, 2.3792886573944557e-07, 2.1968148451510496e-07, 2.0275122219550346e-07, 1.8706117185838956e-07, 1.726958101411907e-07, 1.5944580444716472e-07, 1.4722836003433785e-07, 1.3601078886111988e-07, 1.2559281990398084e-07, 1.1588839673116143e-07, 1.0692556460010186e-07, 9.87115495546049e-08, 9.109713544462464e-08, 8.394223959545359e-08, 7.734787578625106e-08, 7.126197022404735e-08, 6.566330120140342e-08, 6.051789402739367e-08]
W_list: [5]
L_list: [12.761133768848232]
