R_list= [ 1  2  3  4  5  6  7  8  9 10 11 12 13 14 15 16 17 18 19 20 21 22 23 24
 25 26 27 28 29 30 31 32 33 34 35 36 37 38]
C_final_list= [9.98999020809178e-07, 9.215178045898141e-07, 8.451497345886304e-07, 7.72573641060294e-07, 7.057539228885224e-07, 6.45020407048282e-07, 5.8946489210137e-07, 5.38013995878542e-07, 4.910111094842733e-07, 4.4810885697070006e-07, 4.089576321063394e-07, 3.7309770277684235e-07, 3.405586640738342e-07, 3.107931873392841e-07, 2.836192235646043e-07, 2.588724323166792e-07, 2.3619745496833382e-07, 2.154665833945611e-07, 1.962781671259739e-07, 1.786958777866965e-07, 1.625089088954442e-07, 1.476509508493293e-07, 1.3419204695496895e-07, 1.219377879655041e-07, 1.1083114489387803e-07, 1.0071200469853595e-07, 9.148450776652776e-08, 8.304191269565855e-08, 7.53681323946773e-08, 6.836729733642221e-08, 6.196303772501065e-08, 5.6148050306778145e-08, 5.08736646036851e-08, 4.60798767108402e-08, 4.1785211241480144e-08, 3.788592234338871e-08, 3.432440582946353e-08, 3.109703350969469e-08]
W_list: [7.2]
L_list: [10.975904175075682]
