C_final_list: [1.5791240680015133e-06, 1.5491060056440538e-06, 1.519434757772254e-06, 1.4906519706999307e-06, 1.4626193516935237e-06, 1.4354581028132943e-06, 1.4087458930861605e-06, 1.382307619142003e-06, 1.3563831833368834e-06, 1.330910974838412e-06, 1.305980909865622e-06, 1.2811230813945684e-06, 1.2564900506522802e-06, 1.232280182288938e-06, 1.2084666721770368e-06, 1.1850209029470312e-06, 1.1619425856042164e-06, 1.1393524296798733e-06, 1.117349327964911e-06, 1.0956215924904705e-06, 1.074217705923678e-06, 1.0534430581036502e-06, 1.0329161260900967e-06, 1.0131232875473819e-06, 9.936799421577463e-07, 9.746010515648046e-07, 9.560647169645077e-07, 9.378526653242303e-07, 9.199333790608255e-07, 9.024537207388557e-07, 8.853138940899115e-07, 8.685258678259125e-07, 8.516835236507731e-07, 8.35141754573097e-07, 8.187416847062902e-07, 8.026714376147464e-07, 7.869590209922289e-07, 7.715356645307322e-07, 7.565383652038315e-07, 7.417186724893759e-07, 7.27333723401121e-07, 7.130615807927121e-07, 6.991098353945591e-07, 6.853022840021254e-07, 6.717821776387699e-07, 6.583617443807402e-07, 6.452361891887281e-07, 6.323251225866947e-07, 6.196728875746606e-07, 6.072601282202884e-07]
ndim2: 500
W_list: [3.1999999999999997]
L_list: [51.487047606285905]
