C_final_list: [1.8328470126595605e-06, 1.7799112998287158e-06, 1.728334740744454e-06, 1.6782056819503676e-06, 1.6290821904936592e-06, 1.5818332110120678e-06, 1.535293002978785e-06, 1.4905067138092634e-06, 1.4475031777203032e-06, 1.4059919565790959e-06, 1.366113715877593e-06, 1.3269366607010677e-06, 1.2885937707421248e-06, 1.251763085727198e-06, 1.2159364413402366e-06, 1.1810637747206286e-06, 1.1463921317309647e-06, 1.1129696922884687e-06, 1.0806052230445726e-06, 1.0496055029487535e-06, 1.0192459796398844e-06, 9.894805926012567e-07, 9.604977382586326e-07, 9.324421755627236e-07, 9.051821244551545e-07, 8.78985692612164e-07, 8.532475411019826e-07, 8.283413883778876e-07, 8.040578232957788e-07, 7.805796816597987e-07, 7.579737032681948e-07, 7.360840979031725e-07, 7.146236425736747e-07, 6.939332607415826e-07, 6.738306601148646e-07, 6.542937870114899e-07, 6.35278085782445e-07, 6.168057227549806e-07, 5.987106669722835e-07, 5.809347317724034e-07, 5.637897641271498e-07, 5.470779624412169e-07, 5.30912433660922e-07, 5.152920259287516e-07, 5.000236079977503e-07, 4.851354140819072e-07, 4.705064865953706e-07, 4.5626449975806696e-07, 4.4235520102152746e-07, 4.288763159630797e-07]
ndim2: 500
W_list: [2.9499999999999997]
L_list: [33.93736446970676]
