R_list= [ 1  2  3  4  5  6  7  8  9 10 11 12 13 14 15 16 17 18 19 20 21 22 23 24
 25 26 27 28 29 30 31 32 33 34 35 36 37 38]
C_final_list= [4.563278337118119e-07, 2.929623082466706e-07, 1.9006300397073023e-07, 1.2389355815988998e-07, 8.080554684768787e-08, 5.249024929516294e-08, 3.396681882750055e-08, 2.1833544500917106e-08, 1.4028512047680176e-08, 9.072057976252019e-09, 5.845454210217503e-09, 3.727739962013407e-09, 2.377842069383481e-09, 1.5031976000512227e-09, 9.473477573551696e-10, 5.992078331043499e-10, 3.778768317859469e-10, 2.414187058291503e-10, 1.5629556212396695e-10, 1.008396179837084e-10, 6.393136184288962e-11, 4.005353649940935e-11, 2.523226663555522e-11, 1.5823358799705162e-11, 9.874181060650403e-12, 6.1812557349339054e-12, 3.989130437372717e-12, 2.4302513536197788e-12, 1.4773700949624578e-12, 8.939884594100346e-13, 5.64343635318258e-13, 3.7657221872644226e-13, 2.44135877708947e-13, 1.425425663047465e-13, 8.243850883831629e-14, 5.0310561911420515e-14, 3.174111787826781e-14, 1.9397058039743018e-14]
W_list: [7]
L_list: [2.2985194998729392]
