C_final_list: [2.0864953486938546e-06, 1.980165333218768e-06, 1.875221259558267e-06, 1.7767611465219548e-06, 1.6844636270239854e-06, 1.5971052927241395e-06, 1.5123880160596911e-06, 1.4318137818667221e-06, 1.3563754929091339e-06, 1.2842261325307903e-06, 1.2159304498368375e-06, 1.1507055074070682e-06, 1.0898808519876286e-06, 1.0322004785488681e-06, 9.772922828556889e-07, 9.256285272019043e-07, 8.764758611132422e-07, 8.300438901164786e-07, 7.861899479398209e-07, 7.443043897253531e-07, 7.044365400354895e-07, 6.66403839726339e-07, 6.306182352209131e-07, 5.964876375801662e-07, 5.642086304635452e-07, 5.337184940246377e-07, 5.046749159189927e-07, 4.770084121796781e-07, 4.508612473980436e-07, 4.2610883608979037e-07, 4.026750608751097e-07, 3.804440973315852e-07, 3.595389921452979e-07, 3.3955008971008e-07, 3.2059404434085044e-07, 3.026777853017188e-07, 2.8593766044764835e-07, 2.7004917404859225e-07, 2.5496091828054334e-07, 2.4079239750774065e-07, 2.2739706028139487e-07, 2.1482028289816002e-07, 2.0275720638762713e-07, 1.9147126498447263e-07, 1.8066613881320392e-07, 1.706422615890466e-07, 1.6115856294613918e-07, 1.5221772481680139e-07, 1.436217931274711e-07, 1.3550467499051888e-07]
ndim2: 500
W_list: [2.8]
L_list: [18.217569435928482]
