C_final_list: [1.93138011654219e-06, 1.8865583907301645e-06, 1.8421049046683968e-06, 1.7995212727106515e-06, 1.7571207302938862e-06, 1.7157663497382607e-06, 1.6752763224177054e-06, 1.6356181763873625e-06, 1.5970072176471863e-06, 1.559102069807896e-06, 1.5219669602127459e-06, 1.485709059453319e-06, 1.4504483495603765e-06, 1.4155692866604625e-06, 1.3812852576911033e-06, 1.3480211602633903e-06, 1.315354936660934e-06, 1.283260524737351e-06, 1.2519067231928874e-06, 1.2218332704584253e-06, 1.192171261948024e-06, 1.1632300412615462e-06, 1.1349491157346174e-06, 1.1072017411874128e-06, 1.0799869992348483e-06, 1.0537236307247383e-06, 1.0277812687312973e-06, 1.002109513032545e-06, 9.77323510625883e-07, 9.531229901937389e-07, 9.29341089353563e-07, 9.061072231152988e-07, 8.834492676332401e-07, 8.612760184643768e-07, 8.394448733289028e-07]
ndim2: 500
W_list: [2.6]
L_list: [40.99909695967493]
