R_list= [ 1  2  3  4  5  6  7  8  9 10 11 12 13 14 15 16 17 18 19 20 21 22 23 24
 25 26 27 28 29 30 31 32 33 34 35 36 37 38]
C_final_list= [6.806844114314193e-06, 5.867744249423666e-06, 5.0180600619100794e-06, 4.275627385001687e-06, 3.636150779743713e-06, 3.08815524980377e-06, 2.6191438911685457e-06, 2.2201735411906214e-06, 1.8815505401257034e-06, 1.594772682470338e-06, 1.3515156131568602e-06, 1.1448297004549448e-06, 9.69759455484316e-07, 8.216429791961838e-07, 6.95470395271169e-07, 5.88058960582139e-07, 4.970104622795911e-07, 4.2000823838769643e-07, 3.55322802901371e-07, 3.002864289571025e-07, 2.537480583779079e-07, 2.1432901925509853e-07, 1.8103556108078082e-07, 1.5293702026818888e-07, 1.2917273369711463e-07, 1.0923651186533749e-07, 9.244666459537489e-08, 7.824750622925609e-08, 6.619212939469816e-08, 5.6043940408060474e-08, 4.7465390406607956e-08, 4.021580308948504e-08, 3.405899890867553e-08, 2.888875427202751e-08, 2.4518537020540546e-08, 2.0799002307964203e-08, 1.7646577922050953e-08, 1.495779504754e-08]
W_list: [8.05]
L_list: [6.1736079083394415]
