C_final_list: [1.6925510501598489e-06, 1.666745800491828e-06, 1.6410874966577937e-06, 1.6162877183415644e-06, 1.5919504449945437e-06, 1.5680042537737364e-06, 1.5445853731469134e-06, 1.5215863833767677e-06, 1.4989407662700047e-06, 1.476657041127411e-06, 1.4547985889524009e-06, 1.4332981384148296e-06, 1.4120471202391706e-06, 1.391173387865809e-06, 1.3704844054777096e-06, 1.3503569052709718e-06, 1.3305197735715938e-06, 1.311012629315003e-06, 1.2916668571852251e-06, 1.2726547672005594e-06, 1.2538520479294749e-06, 1.2354747351223317e-06, 1.2172219575432794e-06, 1.1992716703926187e-06, 1.1814336018890255e-06, 1.1636491923965619e-06, 1.146275756767843e-06, 1.1287782008362034e-06, 1.111891868684065e-06, 1.0950128402339394e-06, 1.0784585223181117e-06, 1.062080474948498e-06, 1.0460327808840724e-06, 1.030101294803431e-06, 1.0144874591122544e-06, 9.989511636942418e-07, 9.835081704274088e-07, 9.68510142855313e-07, 9.537032350421158e-07, 9.390609763854981e-07, 9.24641840935658e-07, 9.105040466739965e-07, 8.963891484880365e-07, 8.827273890748701e-07, 8.691654953673307e-07, 8.559113485522329e-07, 8.429744714484741e-07, 8.301284927808438e-07, 8.175062050951252e-07, 8.050765253210351e-07]
ndim2: 500
W_list: [3.0]
L_list: [66.28866101409439]
