R_list= [ 1  2  3  4  5  6  7  8  9 10 11 12 13 14 15 16 17 18 19 20 21 22 23 24
 25 26 27 28 29 30 31 32 33 34 35 36 37 38]
C_final_list= [3.837672167562635e-05, 2.5557841278254545e-05, 1.6940693835096233e-05, 1.1203748289105252e-05, 7.387394143420747e-06, 4.868443180737477e-06, 3.2157211137843904e-06, 2.11516570145639e-06, 1.3898468474320959e-06, 9.133451978657439e-07, 6.020266056088112e-07, 3.955757941473074e-07, 2.6007878007317105e-07, 1.7138607505250652e-07, 1.1300060456185928e-07, 7.466725013863737e-08, 4.913088396432626e-08, 3.242714301196221e-08, 2.132581062293566e-08, 1.3968536154976124e-08, 9.10128238213592e-09, 5.943855888653372e-09, 3.918580901032131e-09, 2.6057957952842704e-09, 1.7320728710237071e-09, 1.136435253298047e-09, 7.467548819710539e-10, 4.866735885563442e-10, 3.1537242323867353e-10, 2.0568940151633643e-10, 1.333916522970532e-10, 8.732779855000116e-11, 5.696268442805718e-11, 3.7482956312246034e-11, 2.4097829758524722e-11, 1.5702108328600087e-11, 1.0424020653745302e-11, 6.9919844903452166e-12]
W_list: [7.95]
L_list: [2.4307597860566785]
