C_list:
1.6014582028776805e-06 0.019391413459424328
ndim2: 500
W_list: [1.4]
L_list: [51.5692165551756]
