R_list= [ 1  2  3  4  5  6  7  8  9 10 11 12 13 14 15 16 17 18 19 20 21 22 23 24
 25 26 27 28 29 30 31 32 33 34 35 36 37 38]
C_final_list= [2.0407441476144243e-05, 1.6468823708897524e-05, 1.31544831302171e-05, 1.0469198457929573e-05, 8.324170373255907e-06, 6.614220958106063e-06, 5.255540997307939e-06, 4.177399156796108e-06, 3.322939857092585e-06, 2.644202550186092e-06, 2.1046627432023727e-06, 1.6749945228039557e-06, 1.3344067238504815e-06, 1.0621396434707556e-06, 8.452836797353989e-07, 6.711993966261039e-07, 5.325747055396282e-07, 4.2235152625894834e-07, 3.3500130605147736e-07, 2.6570908995341435e-07, 2.1057593287584632e-07, 1.6720602061972227e-07, 1.329787572959335e-07, 1.0583288579291209e-07, 8.434544255617328e-08, 6.730618536520288e-08, 5.37444175433666e-08, 4.286158149052344e-08, 3.4139064223037784e-08, 2.7168490796508414e-08, 2.1595983634021295e-08, 1.7142897453891115e-08, 1.3598968647059888e-08, 1.082635899052717e-08, 8.652262995152994e-09, 6.887430424832807e-09, 5.4892129752594874e-09, 4.3776640504289155e-09]
W_list: [8.35]
L_list: [4.416431720223003]
