R_list= [ 1  2  3  4  5  6  7  8  9 10 11 12 13 14 15 16 17 18 19 20 21 22 23 24
 25 26 27 28 29 30 31 32 33 34 35 36 37 38]
C_final_list= [1.988671610526796e-06, 1.9532321748307816e-06, 1.91902734799541e-06, 1.8863539479112725e-06, 1.8545340022632374e-06, 1.8233066702862358e-06, 1.7926616294326266e-06, 1.7626976580438859e-06, 1.733304504808656e-06, 1.7040170003802504e-06, 1.675421249413747e-06, 1.6472488810086633e-06, 1.6195998100831963e-06, 1.5926528635653695e-06, 1.5665847777111332e-06, 1.5407371511964758e-06, 1.5154675432403804e-06, 1.4906792322681903e-06, 1.4664393196038935e-06, 1.4424286322795768e-06, 1.4187872041019627e-06, 1.3956903039758693e-06, 1.3728768118460115e-06, 1.350389192499849e-06, 1.328184024734311e-06, 1.3064313069126407e-06, 1.284873214412147e-06, 1.26353627671314e-06, 1.2424850152172457e-06, 1.2218308049941704e-06, 1.201495470189439e-06, 1.1817243479215038e-06, 1.1621182471272547e-06, 1.1428506095755695e-06, 1.1241015940418085e-06, 1.1056131534848821e-06, 1.0872952164635726e-06, 1.069216076748669e-06]
W_list: [4]
L_list: [59.832272551085275]
