R_list= [ 1  2  3  4  5  6  7  8  9 10 11 12 13 14 15 16 17 18 19 20 21 22 23 24
 25 26 27 28 29 30 31 32 33 34 35 36 37 38]
C_final_list= [6.654602895674728e-07, 5.585041864750032e-07, 4.664518994747445e-07, 3.888797151027508e-07, 3.235870480268967e-07, 2.695438222406862e-07, 2.2437840618086802e-07, 1.86540315806217e-07, 1.550721531990212e-07, 1.2905641682943958e-07, 1.0730453892465782e-07, 8.931112641820814e-08, 7.416809319075559e-08, 6.149763600794458e-08, 5.086357802497167e-08, 4.193231298994565e-08, 3.454533445278253e-08, 2.8503507166401972e-08, 2.3505627957367835e-08, 1.9328405998608682e-08, 1.5962178681697858e-08, 1.3225924508613137e-08, 1.0950641959647446e-08, 9.054253084511163e-09, 7.477164465512015e-09, 6.165706375665099e-09, 5.083118130618884e-09, 4.187046726632461e-09, 3.4410635347117985e-09, 2.8282262286689016e-09, 2.322661710311171e-09, 1.904235279068004e-09, 1.560218378035034e-09, 1.2747130258285818e-09, 1.044700465213524e-09, 8.552050077588984e-10, 6.972716827740757e-10, 5.683298594592428e-10]
W_list: [6.800000000000001]
L_list: [5.4743924683039324]
