R_list= [ 1  2  3  4  5  6  7  8  9 10 11 12 13 14 15 16 17 18 19 20 21 22 23 24
 25 26 27 28 29 30 31 32 33 34 35 36 37 38]
C_final_list= [4.1206909795914037e-07, 3.5781372448867126e-07, 3.0768784433625576e-07, 2.629058251725387e-07, 2.2410787291048063e-07, 1.9083946158860096e-07, 1.6241806177524405e-07, 1.3777704268018016e-07, 1.1684231274960842e-07, 9.914062834522228e-08, 8.406020178521577e-08, 7.135790986547803e-08, 6.06116437468419e-08, 5.154304172752751e-08, 4.374552761222472e-08, 3.7023105155054474e-08, 3.134796556491937e-08, 2.652127005873896e-08, 2.243343299502954e-08, 1.8945678622941536e-08, 1.5993497665919604e-08, 1.3495638909159458e-08, 1.1395339518553143e-08, 9.618411317673507e-09, 8.138642727716956e-09, 6.873280541900587e-09, 5.81279114694685e-09, 4.906684617434938e-09, 4.136169093012556e-09, 3.485741038907878e-09, 2.938909925136475e-09, 2.4741354275399123e-09, 2.0792460445740072e-09, 1.7442737261029128e-09, 1.4643113157143425e-09, 1.2296279005496106e-09, 1.0293391531664993e-09, 8.601383757823804e-10]
W_list: [8.2]
L_list: [6.279109341432233]
