R_list= [ 1  2  3  4  5  6  7  8  9 10 11 12 13 14 15 16 17 18 19 20 21 22 23 24
 25 26 27 28 29 30 31 32]
C_final_list= [7.789999405056191e-07, 7.263805362006552e-07, 6.75314129722826e-07, 6.270180426979957e-07, 5.817581809546367e-07, 5.389899099133651e-07, 4.996466322396068e-07, 4.6280826044797e-07, 4.2884339235015483e-07, 3.9700611318748255e-07, 3.6751266398536016e-07, 3.403122295847587e-07, 3.150862543446204e-07, 2.918242481284032e-07, 2.7008451721658126e-07, 2.497801793932497e-07, 2.3108649971799467e-07, 2.1360301893238647e-07, 1.9751849634819971e-07, 1.8266526764307135e-07, 1.6898743798848433e-07, 1.5626386426539076e-07, 1.4451431253428492e-07, 1.336051852375465e-07, 1.2361709907951189e-07, 1.1444889725814267e-07, 1.0597802845474643e-07, 9.809780112668969e-08, 9.069708526367745e-08, 8.385061017195572e-08, 7.749779611723347e-08, 7.160628663772367e-08]
W_list: [6]
L_list: [13.07188725898211]
