C_final_list: [1.992785547870685e-06, 1.7649180786210695e-06, 1.5523314558025553e-06, 1.3681310745809906e-06, 1.2058669642064607e-06, 1.06221802944654e-06, 9.366540122678799e-07, 8.255154922925309e-07, 7.280813497651426e-07, 6.404278787461926e-07, 5.643398081938343e-07, 4.974345750349405e-07, 4.3799938348309456e-07, 3.857929416980855e-07, 3.399213339547319e-07, 2.999529851965349e-07, 2.6414165892191353e-07, 2.324174286799714e-07, 2.048368319096971e-07, 1.8082626276433392e-07, 1.592389158092407e-07, 1.400317024869152e-07, 1.2283857137856757e-07, 1.0770444609956912e-07, 9.442823535685267e-08, 8.278291042464698e-08, 7.245799884951756e-08, 6.344117793228791e-08, 5.5524105346748136e-08, 4.8525388644169527e-08, 4.232046177202002e-08, 3.6892583093979776e-08, 3.205286647844153e-08, 2.7922757951392826e-08, 2.4298861129162476e-08, 2.1178215721340946e-08, 1.8472468119696057e-08, 1.6187955590892822e-08, 1.415956691664032e-08, 1.2424722578874189e-08, 1.085944317037764e-08, 9.495374235597334e-09, 8.271052584813087e-09, 7.235967294698148e-09, 6.303697115086917e-09, 5.4827331949270026e-09, 4.765672248126374e-09, 4.133062381051211e-09, 3.581365132821129e-09, 3.1026468734524816e-09]
ndim2: 500
W_list: [2.9499999999999997]
L_list: [7.9021061607679375]
