C_final_list: [2.0853443881890428e-06, 1.8479861001061098e-06, 1.6335905863750483e-06, 1.4462492642643634e-06, 1.2776449578841931e-06, 1.130301381990687e-06, 9.977146159682842e-07, 8.797796604456025e-07, 7.754527759228351e-07, 6.818866592730162e-07, 6.001937949086637e-07, 5.271290484224536e-07, 4.6220067060029494e-07, 4.0369710599211013e-07, 3.5395004841819793e-07, 3.1020038507245047e-07, 2.723701228463752e-07, 2.3803630226354574e-07, 2.086057746374602e-07, 1.8288472475744036e-07, 1.5990633915306324e-07, 1.3999214542821213e-07, 1.225312307842572e-07, 1.07006482502479e-07, 9.372092493537312e-08, 8.192227032862448e-08, 7.152233737326793e-08, 6.252164241400271e-08, 5.4758255752781876e-08, 4.78956767437199e-08, 4.200686083154434e-08, 3.6841759913138e-08, 3.242021950951394e-08, 2.8459194703148327e-08, 2.5006186961833075e-08, 2.185417208855112e-08, 1.921552953104135e-08, 1.685656145677901e-08, 1.4756660407414824e-08, 1.2938089649224175e-08, 1.1325094436936884e-08, 9.902323319717041e-09, 8.632507606870872e-09, 7.538309915034144e-09, 6.585697868850537e-09, 5.77413734159026e-09, 5.057712125489783e-09, 4.462655754070311e-09, 3.9117335255339e-09, 3.4276832033755397e-09]
ndim2: 500
W_list: [2.9499999999999997]
L_list: [7.9153524624034155]
