R_list= [ 1  2  3  4  5  6  7  8  9 10 11 12 13 14 15 16 17 18 19 20 21 22 23 24
 25 26 27 28 29 30 31 32 33 34 35 36 37 38]
C_final_list= [1.3525961046903018e-06, 1.231118748070324e-06, 1.1371781026514692e-06, 1.046988266026341e-06, 9.632302795798802e-07, 8.875917980943077e-07, 8.179778280814416e-07, 7.541605174909452e-07, 6.950507759335311e-07, 6.402018660692367e-07, 5.897633372513784e-07, 5.432249452000535e-07, 4.996861140789665e-07, 4.5954324992593854e-07, 4.2268446149904096e-07, 3.8846814625229483e-07, 3.5708158443060063e-07, 3.2808492864300303e-07, 3.015001299540446e-07, 2.771137346237902e-07, 2.547441529458214e-07, 2.3406305472171443e-07, 2.151042205393861e-07, 1.9741215981185555e-07, 1.8109273356658503e-07, 1.6616229776656688e-07, 1.5247753929545107e-07, 1.4002434173799975e-07, 1.2858719931787608e-07, 1.1789506321536652e-07, 1.0804154663149774e-07, 9.903335161380634e-08, 9.075771480316385e-08, 8.313535044542848e-08, 7.620397604265776e-08, 6.977032856484769e-08, 6.385459637621437e-08, 5.8480956751032945e-08]
W_list: [5]
L_list: [12.015823166147426]
