R_list= [ 1  2  3  4  5  6  7  8  9 10 11 12 13 14 15 16 17 18 19 20 21 22 23 24
 25 26 27 28 29 30 31 32]
C_final_list= [5.905650232425796e-07, 5.042297356702871e-07, 4.3445799690402124e-07, 3.737001381966696e-07, 3.2117259155700144e-07, 2.759577543449237e-07, 2.372653249700745e-07, 2.0403033222371783e-07, 1.7521049573246193e-07, 1.4997177546064287e-07, 1.2818934339360675e-07, 1.0973851681284466e-07, 9.391670993465259e-08, 8.024737492745355e-08, 6.854220173753842e-08, 5.8643088500721236e-08, 5.016557895596826e-08, 4.2930081267438554e-08, 3.6684061671630876e-08, 3.1282174703816515e-08, 2.6653229172909597e-08, 2.272064631884366e-08, 1.936893344358532e-08, 1.648834371506959e-08, 1.3976271583602545e-08, 1.1823371253762164e-08, 1.0007335695900893e-08, 8.479244061187836e-09, 7.188503962115525e-09, 6.098323588321428e-09, 5.172432445611958e-09, 4.38120457195889e-09]
W_list: [6]
L_list: [6.539201093597217]
