R_list= [ 1  2  3  4  5  6  7  8  9 10 11 12 13 14 15 16 17 18 19 20 21 22 23 24
 25 26 27 28 29 30 31 32 33 34 35 36 37 38]
C_final_list= [2.421165595190471e-06, 2.135447926776444e-06, 1.8671832630301699e-06, 1.625836124590624e-06, 1.41320353572238e-06, 1.2265295276352947e-06, 1.0641486772524128e-06, 9.21493977849887e-07, 7.965673005104172e-07, 6.885057823580066e-07, 5.953261298125629e-07, 5.143478668228405e-07, 4.4408912696772313e-07, 3.8340722600535257e-07, 3.3092866397526583e-07, 2.856426308706181e-07, 2.46479616509688e-07, 2.126269869182656e-07, 1.8334891911962832e-07, 1.581324448226002e-07, 1.3628923043015893e-07, 1.1737718912450048e-07, 1.0105681321068992e-07, 8.700377731344175e-08, 7.477893992091941e-08, 6.424053156898753e-08, 5.516123245209265e-08, 4.739000930796148e-08, 4.076382804287578e-08, 3.50957875546741e-08, 3.02052071792873e-08, 2.6002678536605028e-08, 2.2369047888604274e-08, 1.9217625510516965e-08, 1.6480877971674882e-08, 1.4131904147898975e-08, 1.211982411448308e-08, 1.0409648179764557e-08]
W_list: [8.2]
L_list: [7.065813109489114]
