C_final_list: [1.8726150632881297e-06, 1.7452922473478876e-06, 1.6228264447605307e-06, 1.508567194228766e-06, 1.4009496411778964e-06, 1.3017091135709456e-06, 1.2089031783166079e-06, 1.1240439241410221e-06, 1.0440775035292415e-06, 9.694604866923747e-07, 9.005953741403642e-07, 8.354957982793039e-07, 7.757276344114861e-07, 7.197982085123346e-07, 6.681038023579638e-07, 6.192602894163111e-07, 5.742062750666028e-07, 5.311372859409665e-07, 4.922150219621615e-07, 4.556540238939514e-07, 4.222495270657129e-07, 3.914650339932572e-07, 3.6289670845256104e-07, 3.3591685994266026e-07, 3.112648523808129e-07, 2.880059614877988e-07, 2.669286873164249e-07, 2.471940120869323e-07, 2.288601916932172e-07, 2.1190667064503543e-07, 1.9612380622176636e-07, 1.8136014145279055e-07, 1.676964072204431e-07, 1.5514926767784785e-07, 1.4364724098025515e-07, 1.3302626168050893e-07, 1.230378227615704e-07, 1.1369380079723568e-07, 1.0498251944055651e-07, 9.692544297922531e-08, 8.94452848076243e-08, 8.248162456060383e-08, 7.606828485191551e-08, 7.008866393747879e-08, 6.459399737686717e-08, 5.947992346997298e-08, 5.4856587200655485e-08, 5.052586969315303e-08, 4.663365132098921e-08, 4.303524404300838e-08]
ndim2: 500
W_list: [3.1999999999999997]
L_list: [13.37130100101447]
