R_list= [ 1  2  3  4  5  6  7  8  9 10 11 12 13 14 15 16 17 18 19 20 21 22 23 24
 25 26 27 28 29 30 31 32 33 34 35 36 37 38]
C_final_list= [2.027709000960608e-05, 1.6373341878863348e-05, 1.3106217538382083e-05, 1.0454415452229934e-05, 8.328822626274553e-06, 6.627956647479562e-06, 5.272338048738747e-06, 4.194946789844348e-06, 3.3364586207950666e-06, 2.6498122258646633e-06, 2.1037526315021176e-06, 1.66920643247739e-06, 1.3233699218643096e-06, 1.050544360206684e-06, 8.340875226964155e-07, 6.632328898175556e-07, 5.27207047615431e-07, 4.187334405230135e-07, 3.3272869001757027e-07, 2.645565731628801e-07, 2.1018939819077082e-07, 1.6668744269143882e-07, 1.3209221212130506e-07, 1.0489082426957588e-07, 8.341318977466999e-08, 6.644812625563898e-08, 5.277973485670538e-08, 4.18996229944799e-08, 3.328036986180908e-08, 2.6480046590090334e-08, 2.1130504788351845e-08, 1.6862698454670233e-08, 1.3436859384322836e-08, 1.0744961336852272e-08, 8.604132608170183e-09, 6.86378803215885e-09, 5.474443292422438e-09, 4.368708861799499e-09]
W_list: [8.35]
L_list: [4.43857232343269]
