R_list= [ 1  2  3  4  5  6  7  8  9 10 11 12 13 14 15 16 17 18 19 20 21 22 23 24
 25 26 27 28 29 30 31 32 33 34 35 36 37 38]
C_final_list= [6.746216490680141e-07, 6.01704585430916e-07, 5.317553373538174e-07, 4.6857435443102705e-07, 4.1246953154342466e-07, 3.6308987656388935e-07, 3.1944777414171014e-07, 2.808289542072056e-07, 2.4663769230292506e-07, 2.165523261348133e-07, 1.8960858922698445e-07, 1.6584301582834183e-07, 1.449082379440213e-07, 1.2652486390806359e-07, 1.1036063228516789e-07, 9.608633884006007e-08, 8.358782825703637e-08, 7.270806147233923e-08, 6.320601269885375e-08, 5.494848946152122e-08, 4.7738040720422744e-08, 4.146384802968739e-08, 3.597880484721342e-08, 3.123324650917524e-08, 2.7087765104258336e-08, 2.3500011853931467e-08, 2.0383725806169422e-08, 1.7649970119866554e-08, 1.5301445290720467e-08, 1.3244343166022585e-08, 1.1439894085293995e-08, 9.878469765633784e-09, 8.521691591072616e-09, 7.351710940576155e-09, 6.359952826660253e-09, 5.509848001347755e-09, 4.772800317889505e-09, 4.126040970599311e-09]
W_list: [8.0]
L_list: [7.723536304582959]
