C_final_list: [1.4994817307463237e-06, 1.322024768085721e-06, 1.164953509358668e-06, 1.027562072161439e-06, 9.080252306722046e-07, 8.00829441949005e-07, 7.052546054628585e-07, 6.21922704321239e-07, 5.473862718733708e-07, 4.81277113244192e-07, 4.2222055735034695e-07, 3.7068036295064516e-07, 3.2549313067575003e-07, 2.8522781485341823e-07, 2.491869429907481e-07, 2.178619162206724e-07, 1.9076687135566134e-07, 1.6699879413923572e-07, 1.4622572793104773e-07, 1.283398182807508e-07, 1.1238211142423486e-07, 9.832978626904372e-08, 8.605935919305705e-08, 7.527734488146522e-08, 6.595731671893627e-08, 5.773066635744867e-08, 5.048853662998677e-08, 4.4125689777099106e-08, 3.8667536019274986e-08, 3.3918248855582216e-08, 2.976171671101612e-08, 2.6050554816013776e-08, 2.2749727535114882e-08, 1.9853166714093577e-08, 1.7363267948574804e-08, 1.5152392465710687e-08, 1.3191119979946421e-08, 1.1466439236587941e-08, 9.96641965706927e-09, 8.665444513036469e-09, 7.528298469025645e-09, 6.5281882163373e-09, 5.658160028189381e-09, 4.887071308794367e-09, 4.222320564996182e-09, 3.655007349177778e-09, 3.1592629335856813e-09, 2.7306983056265594e-09, 2.3580257114607804e-09, 2.0402296412961417e-09]
ndim2: 500
W_list: [4.0]
L_list: [7.81974074184925]
