R_list= [ 1  2  3  4  5  6  7  8  9 10 11 12 13 14 15 16 17 18 19 20 21 22 23 24
 25 26 27 28 29 30 31 32 33 34 35 36 37 38]
C_final_list= [5.831952927018369e-07, 5.109373752834281e-07, 4.447608864984137e-07, 3.862146559955915e-07, 3.3497496633518306e-07, 2.901967229899439e-07, 2.516853043134117e-07, 2.1794631434353762e-07, 1.885026667675753e-07, 1.6297317135495432e-07, 1.4068238340903764e-07, 1.214682432016805e-07, 1.0461799734864666e-07, 9.014882696204164e-08, 7.750907068950145e-08, 6.649966674358194e-08, 5.703946425172674e-08, 4.8823596923320385e-08, 4.180814920725878e-08, 3.5790356757869474e-08, 3.0646776933364515e-08, 2.627581376837533e-08, 2.253567605180368e-08, 1.935464305614361e-08, 1.6606043351665664e-08, 1.424912125612649e-08, 1.217668198335283e-08, 1.039527340685639e-08, 8.877197883254335e-09, 7.571857861656343e-09, 6.476687254801059e-09, 5.5426268602624756e-09, 4.728378607200715e-09, 4.02388576978208e-09, 3.425152478827115e-09, 2.918036651715304e-09, 2.485567699661685e-09, 2.1138115123332462e-09]
W_list: [7]
L_list: [6.9579710083149795]
