R_list= [ 1  2  3  4  5  6  7  8  9 10 11 12 13 14 15 16 17 18 19 20 21 22 23 24
 25 26 27 28 29 30 31 32]
C_final_list= [3.608100227788287e-07, 2.689677001679299e-07, 1.9824924562565724e-07, 1.4594265369245995e-07, 1.0761402402567352e-07, 7.919889006599453e-08, 5.830145946369182e-08, 4.2921407572367617e-08, 3.161398810588928e-08, 2.331588127797059e-08, 1.720310471595843e-08, 1.2645773592591567e-08, 9.273523334587369e-09, 6.815040322844405e-09, 4.997792331043492e-09, 3.6703487327364427e-09, 2.7053562227794683e-09, 1.991360046991322e-09, 1.4638242903316751e-09, 1.0744043154885153e-09, 7.873687630429657e-10, 5.767262162455928e-10, 4.2097400516421515e-10, 3.0685722638508825e-10, 2.2361971333976336e-10, 1.635161864300437e-10, 1.19058030614565e-10, 8.610329327729157e-11, 6.212831766020233e-11, 4.5123965104249724e-11, 3.29792289673783e-11, 2.404443072643993e-11]
W_list: [6]
L_list: [3.298102257497771]
