R_list= [ 1  2  3  4  5  6  7  8  9 10 11 12 13 14 15 16 17 18 19 20 21 22 23 24
 25 26 27 28 29 30 31 32 33 34 35 36 37 38]
C_final_list= [7.079742965935195e-06, 6.121502636446621e-06, 5.248385672514727e-06, 4.485971235349053e-06, 3.826405756821103e-06, 3.259322259677527e-06, 2.774271036034773e-06, 2.361792259980303e-06, 2.0088836457038583e-06, 1.70931410866916e-06, 1.4542275868491424e-06, 1.2374095870507645e-06, 1.0530793120672528e-06, 8.962995908449606e-07, 7.629483931310945e-07, 6.491326931990852e-07, 5.522368520849969e-07, 4.6960574944078194e-07, 3.9969453072511444e-07, 3.4028417659179347e-07, 2.8952739978847006e-07, 2.460719142875786e-07, 2.0903725257901633e-07, 1.776150085007368e-07, 1.5080801872552413e-07, 1.281426446591055e-07, 1.0871653858695818e-07, 9.216498423650981e-08, 7.818144426148741e-08, 6.648767349564731e-08, 5.6544004174077435e-08, 4.8081622735731804e-08, 4.080262203277443e-08, 3.465654406667788e-08, 2.9394322492104412e-08, 2.4897747754086312e-08, 2.108756540841819e-08, 1.7888294432747335e-08]
W_list: [8.0]
L_list: [6.308767948910758]
