C_final_list: [2.0814035121651694e-06, 1.8622693831005794e-06, 1.6613162429413485e-06, 1.4802423189773687e-06, 1.321552708117582e-06, 1.181669573194737e-06, 1.0523937989059517e-06, 9.377126180071219e-07, 8.353364123246157e-07, 7.442429653480749e-07, 6.626248465970857e-07, 5.90350287058679e-07, 5.266107197783738e-07, 4.691654461958332e-07, 4.1925944997312605e-07, 3.739908576514521e-07, 3.3382528818097624e-07, 2.9739911182757544e-07, 2.646677194884601e-07, 2.3535398424940626e-07, 2.0923395491067948e-07, 1.8562581252908243e-07, 1.6505262491353028e-07, 1.465075328543519e-07, 1.29684883653399e-07, 1.1489597890748222e-07, 1.0153658748651316e-07, 8.957983622916331e-08, 7.92372924105341e-08, 6.997231182377111e-08, 6.171791506440565e-08, 5.422283095642232e-08, 4.786145750861302e-08, 4.2319085109248874e-08, 3.7228845126828456e-08, 3.291482967859981e-08, 2.911763905781277e-08, 2.5753934750898836e-08, 2.2803511933344357e-08, 2.0177558514485263e-08, 1.786254445526184e-08, 1.5763548335637874e-08, 1.3855584501930089e-08, 1.2212823085714567e-08, 1.0725352551174415e-08, 9.4322078888069e-09, 8.287627457510859e-09, 7.2843811456041116e-09, 6.4049134022846114e-09, 5.624529859408889e-09]
ndim2: 500
W_list: [2.8]
L_list: [8.700043639625918]
