C_final_list: [2.0841580798124884e-06, 1.9830092212213405e-06, 1.8826103541252455e-06, 1.787847173544153e-06, 1.6982587834783278e-06, 1.6125105583354115e-06, 1.5321912984861286e-06, 1.455958047202067e-06, 1.382149083748574e-06, 1.3132889698535114e-06, 1.2466666054729448e-06, 1.1834008789049772e-06, 1.1235034109133626e-06, 1.06670006164497e-06, 1.0122938873230353e-06, 9.605117336001564e-07, 9.121038649742724e-07, 8.654328317352558e-07, 8.214494053264594e-07, 7.791037753389744e-07, 7.387094902625487e-07, 7.004468120938845e-07, 6.637264340582661e-07, 6.286000883974457e-07, 5.95187477210003e-07, 5.63465063968887e-07, 5.335226462255071e-07, 5.046556097764038e-07, 4.77617885444528e-07, 4.5207377005291644e-07, 4.279002480166941e-07, 4.0478140489680223e-07, 3.8251600655155056e-07, 3.615453994290144e-07, 3.416787426998894e-07]
ndim2: 500
W_list: [2.6]
L_list: [19.103352540659202]
