R_list= [ 1  2  3  4  5  6  7  8  9 10 11 12 13 14 15 16 17 18 19 20 21 22 23 24
 25 26 27 28 29 30 31 32 33 34 35 36 37 38]
C_final_list= [2.1076002002437115e-05, 1.709257574695538e-05, 1.3727652960538997e-05, 1.0989296244972712e-05, 8.774093144584604e-06, 7.000122199075629e-06, 5.58311869191366e-06, 4.4476406911e-06, 3.541489840744366e-06, 2.820037113862848e-06, 2.243210502282161e-06, 1.7847516686464497e-06, 1.4202687998501737e-06, 1.1303920947232187e-06, 8.997615600619752e-07, 7.164384773154248e-07, 5.691281594384046e-07, 4.5255830185439663e-07, 3.6097020720388887e-07, 2.8813748406522044e-07, 2.2984725223869364e-07, 1.8302185703779368e-07, 1.4601004520944655e-07, 1.1668151449834668e-07, 9.314648712711659e-08, 7.419332663334337e-08, 5.9153938112568265e-08, 4.711900642077428e-08, 3.75190092562909e-08, 2.990719435836474e-08, 2.3857202822559278e-08, 1.907600017970547e-08, 1.527544865232657e-08, 1.2215550587828845e-08, 9.730919431026784e-09, 7.744033774678596e-09, 6.156613750196762e-09, 4.898097577956288e-09]
W_list: [8.3]
L_list: [4.4947929224839935]
