R_list= [ 1  2  3  4  5  6  7  8  9 10 11 12 13 14 15 16 17 18 19 20 21 22 23 24
 25 26 27 28 29 30 31 32 33 34 35 36 37 38]
C_final_list= [2.8433819613548038e-05, 2.1064096156733875e-05, 1.5497582789725706e-05, 1.1398806959423877e-05, 8.369811727739084e-06, 6.140491882343149e-06, 4.496085574134365e-06, 3.2898043775288233e-06, 2.4034871266521337e-06, 1.7546209097880037e-06, 1.2816802020334823e-06, 9.360344753092193e-07, 6.837067047829609e-07, 4.98707932668237e-07, 3.6314698681010844e-07, 2.6463354724617023e-07, 1.931720547121963e-07, 1.4065422773998525e-07, 1.0266573451541828e-07, 7.494558612866561e-08, 5.4683521708359636e-08, 3.986487914457554e-08, 2.8972561910631278e-08, 2.105209671626731e-08, 1.531364123969293e-08, 1.114500104448482e-08, 8.083073167322786e-09, 5.840281103372122e-09, 4.22410463220651e-09, 3.073631454782988e-09, 2.2573714139115687e-09, 1.6617027245788207e-09, 1.2151461296662062e-09, 8.887946949694247e-10, 6.521351196375303e-10, 4.766280636042994e-10, 3.488914973008708e-10, 2.540509762431742e-10]
W_list: [8.45]
L_list: [3.258253261208251]
