R_list= [ 1  2  3  4  5  6  7  8  9 10 11 12 13 14 15 16 17 18 19 20 21 22 23 24
 25 26 27 28 29 30 31 32 33 34 35 36 37 38]
C_final_list= [5.927468708378456e-07, 4.7601208623015165e-07, 3.770734496662909e-07, 2.975426478321672e-07, 2.3406217323963858e-07, 1.8371137234090225e-07, 1.442514722709624e-07, 1.1333636348127195e-07, 8.940998770002401e-08, 7.05633548779587e-08, 5.547838828266526e-08, 4.363360515608292e-08, 3.4168694194986496e-08, 2.6795656992106914e-08, 2.0910818908075762e-08, 1.6313276062614473e-08, 1.2729267882192387e-08, 9.96331324431812e-09, 7.757985296828227e-09, 6.051517970245979e-09, 4.727481480743817e-09, 3.681246532257432e-09, 2.8827117399742327e-09, 2.25415861758806e-09, 1.7587239460635464e-09, 1.373586960388204e-09, 1.0733399449239196e-09, 8.334343593244103e-10, 6.44209767946734e-10, 4.997437831730012e-10, 3.866666162387995e-10, 2.999956218236685e-10, 2.3169061310799245e-10, 1.8061229093895867e-10, 1.4129064130109383e-10, 1.1087527449336116e-10, 8.756478522392957e-11, 6.873441205097664e-11]
W_list: [8.2]
L_list: [4.242331213868033]
