R_list= [ 1  2  3  4  5  6  7  8  9 10 11 12 13 14 15 16 17 18 19 20 21 22 23 24
 25 26 27 28 29 30 31 32]
C_final_list= [7.465308422596238e-08, 2.86795372505591e-08, 8.490142614441369e-09, 2.203701070740208e-09, 5.322985174259637e-10, 1.2395825000155752e-10, 2.825649847055877e-11, 6.304040997963947e-12, 1.3942402029113612e-12, 3.0507011884851487e-13, 6.741100856673689e-14, 1.4971603057506666e-14, 3.2665810191830696e-15, 7.522889119931749e-16, 1.8789801776719995e-16, 4.333162541785087e-17, 9.768106256621826e-18, 2.1592736174303794e-18, 4.988881047226546e-19, 1.2227794416735788e-19, 3.360222413010871e-20, 1.1073364818157505e-20, 4.288152766060079e-21, 1.791404331448207e-21, 8.044081863638403e-22, 4.012147135779578e-22, 2.4878819743084674e-22, 1.9080190322810191e-22, 1.6884356454541232e-22, 1.620468594320054e-22, 1.6159397834272576e-22, 1.614846036012425e-22]
W_list: [6]
L_list: [0.9812657010038768]
