C_final_list: [1.8741994034920273e-06, 1.7390691036475337e-06, 1.6080191793942956e-06, 1.4894705348114933e-06, 1.3790462415452592e-06, 1.27830006851362e-06, 1.183557094241374e-06, 1.0961879397140595e-06, 1.0162947598106318e-06, 9.39878993394059e-07, 8.692264880897655e-07, 8.02878509085105e-07, 7.424958464634459e-07, 6.869365676857763e-07, 6.358321255069867e-07, 5.882306051659188e-07, 5.439796341005455e-07, 5.026818155546367e-07, 4.643051726596653e-07, 4.2962170852036623e-07, 3.9706993320858167e-07, 3.6735790929576343e-07, 3.395952601871504e-07, 3.1354737145455043e-07, 2.8931360661030957e-07, 2.667894287228137e-07, 2.461831109631279e-07, 2.2692849348112387e-07, 2.0917216137639123e-07, 1.9263330423278333e-07, 1.7753396796635074e-07, 1.6348720302492443e-07, 1.5041644546245295e-07, 1.3816073358383977e-07, 1.2701918494580645e-07, 1.1680246371988542e-07, 1.073731594108206e-07, 9.880593381175714e-08, 9.08959523059623e-08, 8.352453585945995e-08, 7.672307857524481e-08, 7.050135544579759e-08, 6.466790677662018e-08, 5.9324586964114166e-08, 5.437062203355707e-08, 4.9844973305698236e-08, 4.572889744913875e-08, 4.1940362334264896e-08, 3.85201468066869e-08, 3.537282987962934e-08]
ndim2: 500
W_list: [3.3]
L_list: [12.816236533197161]
