C_final_list: [1.8945237927035127e-06, 1.65245808537302e-06, 1.4288357977201317e-06, 1.2407681434518698e-06, 1.07914356798314e-06, 9.336923511407448e-07, 8.076143390804044e-07, 6.956637627248667e-07, 6.027759333158431e-07, 5.202887065080233e-07, 4.489216313622123e-07, 3.875432154754501e-07, 3.3371375369294563e-07, 2.8762748169196124e-07, 2.483192961758958e-07, 2.1352314277325673e-07, 1.8335306005060203e-07, 1.580971847547418e-07, 1.360349800573623e-07, 1.1666126060731755e-07, 9.993334282502998e-08, 8.554329439970199e-08, 7.355364864420565e-08, 6.326277170506217e-08, 5.427569808666297e-08, 4.655498450887481e-08, 4.009609959917372e-08, 3.46063859664241e-08, 2.982864771647326e-08, 2.5724400474591072e-08, 2.22606854601863e-08, 1.9150506948369503e-08, 1.648027001837939e-08, 1.411615111146081e-08, 1.2081487672855133e-08, 1.0323269266224047e-08, 8.841455657988632e-09, 7.570793977170115e-09, 6.4969606671301496e-09, 5.545852489108324e-09, 4.755652437131281e-09, 4.074338838677853e-09, 3.4790537391346777e-09, 2.9844950584445035e-09, 2.5687486790027996e-09, 2.207460980348314e-09, 1.891104099953211e-09, 1.614287666107638e-09, 1.3817334545849383e-09, 1.1834590603549681e-09]
ndim2: 500
W_list: [3.2]
L_list: [6.9060400244027]
