R_list= [ 1  2  3  4  5  6  7  8  9 10 11 12 13 14 15 16 17 18 19 20 21 22 23 24
 25 26 27 28 29 30 31 32 33 34 35 36 37 38]
C_final_list= [2.916952345661498e-07, 2.4052490702072854e-07, 1.9554385578662324e-07, 1.5751109187473656e-07, 1.264465982980367e-07, 1.0129382790724189e-07, 8.109074123732828e-08, 6.489935802731511e-08, 5.170869877039992e-08, 4.1092284368763774e-08, 3.258232077553208e-08, 2.573798999353151e-08, 2.0334971018541082e-08, 1.6063414561097202e-08, 1.2660933802263524e-08, 9.957805579730884e-09, 7.828443222564167e-09, 6.147390576646205e-09, 4.832450983772016e-09, 3.790640465024959e-09, 2.967663517515085e-09, 2.3266368954084627e-09, 1.8277701864676267e-09, 1.4359174814259736e-09, 1.1273555389194865e-09, 8.853139808943842e-10, 6.962989231917638e-10, 5.498237314596454e-10, 4.3158919688543546e-10, 3.3605449853965066e-10, 2.6243249881482944e-10, 2.0457676795643382e-10, 1.5957735606434124e-10, 1.2391981859057458e-10, 9.576152691130273e-11, 7.406941416206031e-11, 5.6995930918576936e-11, 4.384541898507302e-11]
W_list: [9.4]
L_list: [4.620902243057282]
