R_list= [ 1  2  3  4  5  6  7  8  9 10 11 12 13 14 15 16 17 18 19 20 21 22 23 24
 25 26 27 28 29 30 31 32 33 34 35 36 37 38]
C_final_list= [1.3430872272709955e-06, 1.2857168437276915e-06, 1.231563785273784e-06, 1.1795096286527652e-06, 1.1293940921935306e-06, 1.0813935577522774e-06, 1.0353304487447342e-06, 9.912550714376125e-07, 9.489413501253501e-07, 9.087797001004257e-07, 8.702578664086952e-07, 8.330576848823266e-07, 7.9755866803853e-07, 7.63180790349808e-07, 7.30124359513811e-07, 6.984581733443574e-07, 6.68465555610786e-07, 6.397493525510617e-07, 6.122053654897533e-07, 5.858343308729989e-07, 5.600129340102115e-07, 5.358834062158211e-07, 5.127954087500114e-07, 4.907964513685473e-07, 4.695674263903238e-07, 4.491636264949675e-07, 4.2982896251889696e-07, 4.1134790129842416e-07, 3.935862283933703e-07, 3.763818703531232e-07, 3.599703293937613e-07, 3.4435552418250914e-07, 3.292305279147091e-07, 3.1472429007769034e-07, 3.0075241745679007e-07, 2.8742977423780895e-07, 2.7465861307577583e-07, 2.623083523821263e-07]
W_list: [5]
L_list: [22.790646304670137]
