R_list= [ 1  2  3  4  5  6  7  8  9 10 11 12 13 14 15 16 17 18 19 20 21 22 23 24
 25 26 27 28 29 30 31 32 33 34 35 36 37 38]
C_final_list= [8.586260986926015e-07, 7.844030111387603e-07, 7.145380868606866e-07, 6.49788046959156e-07, 5.912928080810838e-07, 5.375949781699059e-07, 4.88224350099585e-07, 4.4346297744026123e-07, 4.022582027570269e-07, 3.6531427142944154e-07, 3.315879050526265e-07, 3.0072453999802044e-07, 2.727213874518276e-07, 2.473005273097092e-07, 2.2426333461411267e-07, 2.0331550294563779e-07, 1.8421186831425773e-07, 1.667817160398712e-07, 1.509646072284407e-07, 1.3662088079407465e-07, 1.2364528349068265e-07, 1.120291164706015e-07, 1.0153570407176122e-07, 9.202912532789083e-08, 8.336364466282197e-08, 7.549274197067764e-08, 6.837064173253121e-08, 6.188718491288224e-08, 5.6058895742152556e-08, 5.075265020128265e-08, 4.59757893629876e-08, 4.1647572444717324e-08, 3.7757244813622226e-08, 3.4267450257038715e-08, 3.104626262797854e-08, 2.808150786768207e-08, 2.539678268936793e-08, 2.295857018980668e-08]
W_list: [6]
L_list: [10.355419524577473]
