C_final_list: [2.0595490514822875e-06, 2.0142047972135447e-06, 1.970107664395779e-06, 1.92703049982279e-06, 1.8854111538333867e-06, 1.84456368068364e-06, 1.8048314532696438e-06, 1.7661345596451719e-06, 1.7285876396385862e-06, 1.6914633191606725e-06, 1.6549075262265345e-06, 1.6188114964511368e-06, 1.5837543585529963e-06, 1.549248488210807e-06, 1.5149996846758531e-06, 1.4813333986351444e-06, 1.4486750232974717e-06, 1.4163564141643087e-06, 1.3847443322995866e-06, 1.3535666687699473e-06, 1.3234065215372412e-06, 1.2936617236762355e-06, 1.2648828688407432e-06, 1.2365670368844415e-06, 1.2092436442493196e-06, 1.1820460027374138e-06, 1.15540858105031e-06, 1.129383843908041e-06, 1.1038426520932537e-06, 1.0791897169680248e-06, 1.0548840414725007e-06, 1.031163305312713e-06, 1.0075962090952226e-06, 9.846777568972979e-07, 9.620915638497458e-07, 9.399799014882437e-07, 9.18254563517138e-07, 8.97141951511215e-07, 8.764768219065518e-07, 8.566875023074492e-07, 8.373064800602812e-07, 8.182031956647478e-07, 7.996727666226038e-07, 7.814164044079907e-07, 7.635723601131414e-07, 7.462069673537207e-07, 7.290003517834027e-07, 7.122193897351371e-07, 6.959264998462974e-07, 6.799139013332245e-07]
ndim2: 500
W_list: [2.6]
L_list: [44.446537632315305]
