C_final_list: [1.9153155801525094e-06, 1.79669828145678e-06, 1.6814178823894716e-06, 1.5742726899607385e-06, 1.47610691806993e-06, 1.3825523245778344e-06, 1.295714687784108e-06, 1.214868554611056e-06, 1.1363530818397573e-06, 1.0623998143199243e-06, 9.925868216458978e-07, 9.269233367359817e-07, 8.659248929434341e-07, 8.088488603641163e-07, 7.558074975751429e-07, 7.06277512867034e-07, 6.597024305631025e-07, 6.160056678174711e-07, 5.751649970982119e-07, 5.371388564295734e-07, 5.008998867954069e-07, 4.67594551132874e-07, 4.361931402521841e-07, 4.0690683763368313e-07, 3.7934463332165105e-07, 3.5344002131353596e-07, 3.2939399726924235e-07, 3.065742562507202e-07, 2.8565354257604345e-07, 2.661856286385722e-07, 2.4812511228080867e-07, 2.3150193087161966e-07, 2.1582787029596146e-07, 2.0093780161230534e-07, 1.86870666182875e-07, 1.7359948281658721e-07, 1.61378905886373e-07, 1.4989869046711935e-07, 1.3913067326639145e-07, 1.292151564786569e-07, 1.2011406795061414e-07, 1.1160309097088614e-07, 1.0362030175122155e-07, 9.625589370718878e-08, 8.944578911733465e-08, 8.316337299632036e-08, 7.72934345477975e-08, 7.189816215910748e-08, 6.684653226244761e-08, 6.207576794385132e-08]
ndim2: 500
W_list: [3.0999999999999996]
L_list: [14.766238762128651]
