R_list= [ 1  2  3  4  5  6  7  8  9 10 11 12 13 14 15 16 17 18 19 20 21 22 23 24
 25 26 27 28 29 30 31 32 33 34 35 36 37 38]
C_final_list= [9.620951359791749e-07, 8.511521921453524e-07, 7.498817973139693e-07, 6.590864921251852e-07, 5.788748186356105e-07, 5.083473811941187e-07, 4.458680460777607e-07, 3.9054801814536544e-07, 3.425921612613359e-07, 3.0075152102808227e-07, 2.637219730971439e-07, 2.312543413448522e-07, 2.0262579886009572e-07, 1.7780090996116622e-07, 1.5567196679411772e-07, 1.362468745576936e-07, 1.1925582669190754e-07, 1.044193323339645e-07, 9.146312057702326e-08, 7.993548022686747e-08, 6.995671550938284e-08, 6.107685085588194e-08, 5.330410405860374e-08, 4.651999165952003e-08, 4.068565887595364e-08, 3.554172179896648e-08, 3.1014611985290094e-08, 2.702067854039575e-08, 2.3529289243916304e-08, 2.0535576043871297e-08, 1.7950265610401737e-08, 1.5685075242255322e-08, 1.364267417159525e-08, 1.1831977981409279e-08, 1.0276647663345915e-08, 8.934955289819512e-09, 7.747192945655868e-09, 6.712037237606525e-09]
W_list: [6]
L_list: [7.6743256095752015]
