C_final_list: [1.4120126153105192e-06, 1.0714673662820326e-06, 8.123489144777649e-07, 6.169295574944793e-07, 4.653007809820033e-07, 3.505987119068724e-07, 2.630394226528564e-07, 1.9852117734878203e-07, 1.5083197003877728e-07, 1.1403153688483444e-07, 8.576055494185048e-08, 6.479673631330436e-08, 4.88996323747995e-08, 3.6945613098128546e-08, 2.776698081340119e-08, 2.086511561960612e-08, 1.5648511565670764e-08, 1.1611628547887111e-08, 8.721567125702594e-09, 6.4621249624476855e-09, 4.781253104909529e-09, 3.5075836294983557e-09, 2.585264445522397e-09, 1.9112987810268084e-09, 1.4078374947944352e-09, 1.0377922680668173e-09, 7.719815124978391e-10, 5.703391302529534e-10, 4.156941666463247e-10, 3.0153964454962357e-10, 2.2107790314388733e-10, 1.5946832705472042e-10, 1.1618486912939096e-10, 8.318962386798963e-11, 6.03397466956957e-11]
ndim2: 500
W_list: [4.2]
L_list: [3.586503250091744]
