C_final_list: [1.647795515954393e-06, 1.6222974757992128e-06, 1.5971078059291936e-06, 1.572864209198796e-06, 1.5490868916282205e-06, 1.525939073553602e-06, 1.5032758833124168e-06, 1.4809422066754498e-06, 1.459335268650627e-06, 1.4379902790100837e-06, 1.4170474465592079e-06, 1.3963732613387367e-06, 1.3759850872370486e-06, 1.3560019997357974e-06, 1.336278000959865e-06, 1.3167848898472472e-06, 1.2974070913173943e-06, 1.2786451970301576e-06, 1.2599984772725156e-06, 1.2416870693734902e-06, 1.2236166368675828e-06, 1.2057315768493298e-06, 1.1881332612437009e-06, 1.1705962685102227e-06, 1.1533562685129915e-06, 1.1360920304736067e-06, 1.1194500378088982e-06, 1.1030476249108965e-06, 1.087090868769557e-06, 1.071541072177938e-06, 1.0561708839285477e-06, 1.0410709586794316e-06, 1.0261483902092612e-06, 1.01147484895876e-06, 9.97017633521487e-07, 9.82676052521395e-07, 9.686096376358181e-07, 9.546815345327317e-07, 9.408673429699649e-07, 9.272348099651686e-07, 9.136745547636673e-07, 9.003876047903743e-07, 8.871511067379769e-07, 8.740869809801667e-07, 8.61105232754757e-07, 8.482957185335969e-07, 8.356317774338733e-07, 8.231816359525023e-07, 8.109104581934667e-07, 7.987711727397814e-07]
ndim2: 500
W_list: [3.0]
L_list: [67.99624120309048]
