C_final_list: [1.9380747619803677e-06, 1.8460569229151153e-06, 1.7524836101350367e-06, 1.6617602333131758e-06, 1.5780216624578298e-06, 1.4977669090908394e-06, 1.4242541944868092e-06, 1.353597268052001e-06, 1.286898711668005e-06, 1.223410044078237e-06, 1.1635517724347894e-06, 1.1058206362990109e-06, 1.050607495384113e-06, 9.990938606463783e-07, 9.498259457849812e-07, 9.031841511172693e-07, 8.574608270364948e-07, 8.143347186832565e-07, 7.72996676364447e-07, 7.344223103562675e-07, 6.975011691920459e-07, 6.630465044908217e-07, 6.293616297521879e-07, 5.978182389120762e-07, 5.670631932871343e-07, 5.379542359802316e-07, 5.104472601466168e-07, 4.837307744281708e-07, 4.5839285382913524e-07, 4.345866922256014e-07, 4.117904338587995e-07, 3.900694777868456e-07, 3.694261422068223e-07, 3.4969843788305494e-07, 3.3083719567552694e-07]
ndim2: 500
W_list: [2.2]
L_list: [19.47655140046366]
