R_list= [ 1  2  3  4  5  6  7  8  9 10 11 12 13 14 15 16 17 18 19 20 21 22 23 24
 25 26 27 28 29 30 31 32 33 34 35 36 37 38]
C_final_list= [1.6449079622559048e-07, 1.4213329386130177e-07, 1.2096290161464105e-07, 1.0197772690869524e-07, 8.559537687585218e-08, 7.16402993444089e-08, 5.984120114224995e-08, 4.986101990189544e-08, 4.146666545259579e-08, 3.4506339456654636e-08, 2.8712399644426442e-08, 2.3847324464514608e-08, 1.9768731843227738e-08, 1.6357735351688707e-08, 1.3513740744698431e-08, 1.1116075416173824e-08, 9.13335229673576e-09, 7.506756067040589e-09, 6.168483380527379e-09, 5.079555807891908e-09, 4.188541798617801e-09, 3.456627091778074e-09, 2.850233461975171e-09, 2.3502704468993314e-09, 1.9359722963003894e-09, 1.5952135134737603e-09, 1.3110967794493581e-09, 1.0786062938858328e-09, 8.877153122245556e-10, 7.326503082994626e-10, 6.057485863729524e-10, 5.007860558605549e-10, 4.1408173716716834e-10, 3.4246144015229013e-10, 2.8347619967895354e-10, 2.3437789167501937e-10, 1.9387518883328944e-10, 1.603265747395525e-10]
W_list: [9.2]
L_list: [5.727976688343994]
