R_list= [ 1  2  3  4  5  6  7  8  9 10 11 12 13 14 15 16 17 18 19 20 21 22 23 24
 25 26 27 28 29 30 31 32 33 34 35 36 37 38]
C_final_list= [6.102163501302963e-07, 5.398685309634859e-07, 4.7341159224084027e-07, 4.130804347824065e-07, 3.593470410430446e-07, 3.1285697055118576e-07, 2.7223463659862474e-07, 2.3676096849077079e-07, 2.057094006899309e-07, 1.785073013661182e-07, 1.546888503736518e-07, 1.34005229435445e-07, 1.1600461895299864e-07, 1.0034623974618435e-07, 8.683225877964886e-08, 7.509113264701159e-08, 6.492790748462946e-08, 5.611598294191252e-08, 4.844508627670856e-08, 4.18149192590379e-08, 3.60235686733913e-08, 3.100609453200384e-08, 2.6650901457382095e-08, 2.2927506407812165e-08, 1.971961241188031e-08, 1.696861301421461e-08, 1.4588366395301433e-08, 1.2552955032330356e-08, 1.0798897502260642e-08, 9.284691757057219e-09, 7.982470076424419e-09, 6.865107194024982e-09, 5.9103545085774255e-09, 5.0852646788627665e-09, 4.374373169725166e-09, 3.7548007060530436e-09, 3.2208852512130543e-09, 2.75941670842217e-09]
W_list: [8.2]
L_list: [7.198343903529361]
