C_final_list: [1.6607989153144672e-06, 1.5389136525426626e-06, 1.423747923257223e-06, 1.3113120781947206e-06, 1.2111396301158323e-06, 1.117129565007622e-06, 1.030266533208599e-06, 9.480533644113395e-07, 8.735002713984432e-07, 8.05929339025143e-07, 7.41668594843865e-07, 6.826805339945354e-07, 6.279981335520321e-07, 5.773858209844545e-07, 5.303673611315765e-07, 4.868046605760778e-07, 4.4730426632040885e-07, 4.104365576824668e-07, 3.766952034422178e-07, 3.460327962172818e-07, 3.177378906380655e-07, 2.9175748647891545e-07, 2.678778052961134e-07, 2.4578323106179226e-07, 2.2523116596665976e-07, 2.0626607444856057e-07, 1.884695956342695e-07, 1.7254992381169895e-07, 1.5799390105910063e-07, 1.4467555670715916e-07, 1.3256511687035496e-07, 1.2135801156905196e-07, 1.1099092556075783e-07, 1.0158653048634056e-07, 9.274851401543492e-08]
ndim2: 500
W_list: [2.0]
L_list: [12.083299978496067]
