C_list:
1.3057743344474237e-06 0.22043081991484223
ndim2: 500
W_list: [4.0]
L_list: [4.53657070452455]
