R_list= [ 1  2  3  4  5  6  7  8  9 10 11 12 13 14 15 16 17 18 19 20 21 22 23 24
 25 26 27 28 29 30 31 32 33 34 35 36 37 38]
C_final_list= [7.516548459521899e-07, 6.749710978930861e-07, 6.004242651230659e-07, 5.326567495546438e-07, 4.7171733615283843e-07, 4.1753056704627166e-07, 3.6978053723626386e-07, 3.2718402059174587e-07, 2.8970292128908024e-07, 2.5661825756709264e-07, 2.2723681145192285e-07, 2.0098375981180879e-07, 1.775241054748946e-07, 1.5662476699302782e-07, 1.3805693176094668e-07, 1.2166337921723753e-07, 1.0725294162002626e-07, 9.453685686561628e-08, 8.330601036990908e-08, 7.343913657927643e-08, 6.474315045313102e-08, 5.712114676284856e-08, 5.0370791041614674e-08, 4.4366676371596403e-08, 3.9034957023297854e-08, 3.428574410070044e-08, 3.012346515391932e-08, 2.6438991986810446e-08, 2.3206046155898526e-08, 2.0386614207896513e-08, 1.7906917234417377e-08, 1.5714776935656086e-08, 1.3789125585084564e-08, 1.2074231835429304e-08, 1.0566254264965376e-08, 9.25744363396156e-09, 8.125346461991098e-09, 7.127734853052611e-09]
W_list: [7.8]
L_list: [8.227849245141549]
