C_final_list: [2.0073258485016235e-06, 1.7665540869819499e-06, 1.5456883904028954e-06, 1.3564662909525133e-06, 1.1927913732463648e-06, 1.0449304810045304e-06, 9.132338106773209e-07, 7.997490699915536e-07, 6.971831022266951e-07, 6.094180725906821e-07, 5.304941133582159e-07, 4.6370354465928793e-07, 4.060962978707682e-07, 3.5434086128378106e-07, 3.0885661127157e-07, 2.6890898600917714e-07, 2.3443170090433246e-07, 2.0443881479590107e-07, 1.7802907276179209e-07, 1.5541364431704986e-07, 1.3508206678821632e-07, 1.1734016751506962e-07, 1.0182619451006825e-07, 8.849769491406076e-08, 7.678801393290473e-08, 6.668138770839851e-08, 5.8017417487415574e-08, 5.060754736020689e-08, 4.411327075679507e-08, 3.843312218964181e-08, 3.35371610299887e-08, 2.9183085470387334e-08, 2.5330758134822717e-08, 2.2008522081330736e-08, 1.913799058761384e-08, 1.6637384818064525e-08, 1.4444040391731931e-08, 1.2498209243944006e-08, 1.0873302793213522e-08, 9.438943937008833e-09, 8.196443919744206e-09, 7.1007388915999615e-09, 6.1419473104575095e-09, 5.308780708840707e-09, 4.609333328711884e-09, 3.983491475259742e-09, 3.4568825043331e-09, 2.987144414727759e-09, 2.5734037415245732e-09, 2.2146778253292148e-09]
ndim2: 500
W_list: [3.05]
L_list: [7.484667962225874]
