C_final_list: [1.6655028795229666e-06, 1.5966771713101978e-06, 1.529031550586372e-06, 1.4645957912125318e-06, 1.403895751797083e-06, 1.345330411781392e-06, 1.2892960041201758e-06, 1.2353346379721565e-06, 1.1843647986800188e-06, 1.135129244626753e-06, 1.088487252068703e-06, 1.043200723086074e-06, 9.995246001674046e-07, 9.570059816358586e-07, 9.16812593592065e-07, 8.780133328019206e-07, 8.411492445646574e-07, 8.055803786151355e-07, 7.71050500556907e-07, 7.383209899013187e-07, 7.069616925956554e-07, 6.766193241132286e-07, 6.476747087602112e-07, 6.197849019334208e-07, 5.92845276090936e-07, 5.672779224978899e-07, 5.427894062493025e-07, 5.193898467452601e-07, 4.971284995653829e-07, 4.7571120179661165e-07, 4.55553855176553e-07, 4.361375996421259e-07, 4.1759496383253e-07, 3.9959764872801777e-07, 3.822397606383677e-07, 3.657663698418599e-07, 3.4997484207655816e-07, 3.347771452177007e-07, 3.1993379566814095e-07, 3.058972212451552e-07, 2.924006003245402e-07, 2.7946605876159924e-07, 2.669567489537782e-07, 2.54807688348818e-07, 2.432657405134561e-07, 2.3222073047788985e-07, 2.2165016214815303e-07, 2.1156616081306804e-07, 2.0190668547477087e-07, 1.9265411240264353e-07]
ndim2: 500
W_list: [3.3499999999999996]
L_list: [23.08559600259057]
