R_list= [ 1  2  3  4  5  6  7  8  9 10 11 12 13 14 15 16 17 18 19 20 21 22 23 24
 25 26 27 28 29 30 31 32 33 34 35 36 37 38]
C_final_list= [3.9914144516031953e-07, 3.002208658430345e-07, 2.2376627922842589e-07, 1.6566935827491103e-07, 1.221840989663273e-07, 8.957376268621701e-08, 6.533556957186575e-08, 4.762420909860181e-08, 3.451960146572733e-08, 2.4905451362805356e-08, 1.7943563223265005e-08, 1.2875334179850898e-08, 9.247039066670022e-09, 6.6739291647428596e-09, 4.825076501197042e-09, 3.464493444189661e-09, 2.4905400080598894e-09, 1.7825179166182675e-09, 1.2814353436900043e-09, 9.285930771198399e-10, 6.70737189720955e-10, 4.839662973223986e-10, 3.4587728428744796e-10, 2.484590816102618e-10, 1.7903658965658213e-10, 1.299054496794313e-10, 9.486458092088454e-11, 6.926232261568113e-11, 5.0323498830025555e-11, 3.61864572245706e-11, 2.555033276691986e-11, 1.831726595414648e-11, 1.306582298314449e-11, 9.204882664580776e-12, 6.497302217519998e-12, 4.552422357484116e-12, 3.17759271866257e-12, 2.2538718894910704e-12]
W_list: [9.0]
L_list: [3.3307914405018155]
