R_list= [ 1  2  3  4  5  6  7  8  9 10 11 12 13 14 15 16 17 18 19 20 21 22 23 24
 25 26 27 28 29 30 31 32 33 34 35 36 37 38]
C_final_list= [5.8973932201083635e-06, 4.994448969265229e-06, 4.189427912352066e-06, 3.4995950678810103e-06, 2.9228838269626762e-06, 2.4380863114068316e-06, 2.0326080462860655e-06, 1.6937735172947573e-06, 1.4095054558166871e-06, 1.1719576034745136e-06, 9.734210141726468e-07, 8.070363516159179e-07, 6.689056890476853e-07, 5.541397218965264e-07, 4.5960624250603543e-07, 3.810960963148413e-07, 3.1623364434092256e-07, 2.619053938991256e-07, 2.1675112265377346e-07, 1.7912267683245747e-07, 1.4819568498025413e-07, 1.22590111811189e-07, 1.0133380303023716e-07, 8.376148172512156e-08, 6.920826132520808e-08, 5.713893580718906e-08, 4.7265058404235104e-08, 3.9092108029411795e-08, 3.2311240583109876e-08, 2.6712028551653656e-08, 2.2074449006431902e-08, 1.8239567826121074e-08, 1.5089987204367574e-08, 1.2445204056925222e-08, 1.02688604825716e-08, 8.481505333410982e-09, 7.009097613880293e-09, 5.798544107437978e-09]
W_list: [8.35]
L_list: [5.551038542738307]
