C_final_list: [1.957980630891167e-06, 1.6983377067369404e-06, 1.461302928388303e-06, 1.2616657224328579e-06, 1.0901803169659984e-06, 9.457621308931152e-07, 8.200742825772544e-07, 7.107677731041194e-07, 6.142415953769604e-07, 5.309441501176747e-07, 4.5968839728934144e-07, 3.970198341993617e-07, 3.4284722559571686e-07, 2.9558037457994703e-07, 2.5437530200502633e-07, 2.1903154868903272e-07, 1.88628231645696e-07, 1.6234274905601715e-07, 1.392621330325197e-07, 1.1944809085994452e-07, 1.0249640011905283e-07, 8.801696497776183e-08, 7.572151018410088e-08, 6.470962079359904e-08, 5.5133061393575134e-08, 4.698006263855219e-08, 4.006000815166546e-08, 3.41640093542427e-08, 2.9185444365753312e-08, 2.495904164552054e-08, 2.1248586230697597e-08, 1.8103570775817087e-08, 1.5461303593808387e-08, 1.3211658420807607e-08, 1.1258673726926695e-08, 9.557364877017802e-09, 8.088160210801335e-09, 6.8599495116135045e-09, 5.7809926298723985e-09, 4.8976978995744155e-09, 4.148195954485995e-09, 3.513713496592482e-09, 2.974290537123875e-09, 2.5113870675552957e-09, 2.118135255489323e-09, 1.7981680189375827e-09, 1.528527760067422e-09, 1.2924675003912461e-09, 1.0878022010706048e-09, 9.182863468270693e-10]
ndim2: 500
W_list: [3.25]
L_list: [6.854826845250619]
