C_final_list: [2.0174037254630545e-06, 1.9981378388408774e-06, 1.979305910358593e-06, 1.9612637107160097e-06, 1.943818925207447e-06, 1.926672886371836e-06, 1.909805690003526e-06, 1.8932241402847825e-06, 1.8770426751504977e-06, 1.8608473822107405e-06, 1.8446932258671184e-06, 1.8284497433954567e-06, 1.8122699843345358e-06, 1.796394192572962e-06, 1.7807645919234272e-06, 1.7652286734974468e-06, 1.749894418346434e-06, 1.7345862253254915e-06, 1.7196078352516575e-06, 1.704903250337466e-06, 1.6902484847691996e-06, 1.6756576776592102e-06, 1.6611838224753103e-06, 1.646848715657825e-06, 1.6327151958721013e-06, 1.6186988624353514e-06, 1.6048212760711734e-06, 1.5912197167827216e-06, 1.5776755790441545e-06, 1.5641222412541292e-06, 1.5508296511948971e-06, 1.5374827607618202e-06, 1.5241129850299353e-06, 1.5109230549262835e-06, 1.4975786882360734e-06, 1.4844128370132554e-06, 1.4713890768948301e-06, 1.4584707829746924e-06, 1.445698647081137e-06, 1.4330874137968328e-06, 1.4205040732219212e-06, 1.4080063947021427e-06, 1.3956412684761348e-06, 1.3833169946782857e-06, 1.3712587186613632e-06, 1.3592195925535017e-06, 1.3474042378936266e-06, 1.3355050798319823e-06, 1.3237042891972993e-06, 1.3119671166309496e-06]
ndim2: 500
W_list: [2.4]
L_list: [114.61773682479398]
