R_list= [ 1  2  3  4  5  6  7  8  9 10 11 12 13 14 15 16 17 18 19 20 21 22 23 24
 25 26 27 28 29 30 31 32 33 34 35 36 37 38]
C_final_list= [2.1000941444309276e-07, 1.2698576181990172e-07, 6.445253766852802e-08, 2.9561085663406593e-08, 1.2770318454195226e-08, 5.316525709272217e-09, 2.1642146560106907e-09, 8.69318800415565e-10, 3.477467270643617e-10, 1.393616065867327e-10, 5.630919734197959e-11, 2.2888153852223103e-11, 9.334770842366499e-12, 3.867139275545802e-12, 1.6805331891069083e-12, 7.752118169672399e-13, 3.608815038003959e-13, 1.555186132777219e-13, 6.616683919596116e-14, 2.921668323769708e-14, 1.3365055629360685e-14, 6.205339368827959e-15, 2.878860962622531e-15, 1.3676696980846038e-15, 6.777493702169172e-16, 3.478138543706146e-16, 1.7293929015746663e-16, 7.929564398352316e-17, 3.46627934239838e-17, 1.4879868329990828e-17, 6.56622566921821e-18, 3.097259421670004e-18, 1.5534216475728998e-18, 7.965361307793368e-19, 4.0162366057547977e-19, 1.9928313651426382e-19, 1.0033253610774501e-19, 5.263375852415526e-20]
W_list: [4]
L_list: [1.6393836731525326]
