C_final_list: [1.945281494592252e-06, 1.9251467669475144e-06, 1.9053550543250714e-06, 1.8866341627130316e-06, 1.8682184757391317e-06, 1.8502182797061009e-06, 1.8324723864391652e-06, 1.8149875524382279e-06, 1.7976655432228531e-06, 1.78079312045051e-06, 1.764058394783973e-06, 1.7477122077141614e-06, 1.7313981388990222e-06, 1.7152936486668052e-06, 1.6993115228763344e-06, 1.6834955334879541e-06, 1.6677452817953544e-06, 1.6520885045386681e-06, 1.6365623935196718e-06, 1.6212590578636275e-06, 1.6058583383046911e-06, 1.59070626271514e-06, 1.5756384199305116e-06, 1.5607343224281384e-06, 1.5459616944858175e-06, 1.531229346393281e-06, 1.5167533760088713e-06, 1.5023693266765126e-06, 1.487996919492762e-06, 1.4739820857479156e-06, 1.460128223633978e-06, 1.4464353075297305e-06, 1.4329601979583536e-06, 1.4195035684786242e-06, 1.4061911934878892e-06]
ndim2: 500
W_list: [2.4]
L_list: [105.33521154821467]
