R_list= [ 1  2  3  4  5  6  7  8  9 10 11 12 13 14 15 16 17 18 19 20 21 22 23 24
 25 26 27 28 29 30 31 32 33 34 35 36 37 38]
C_final_list= [2.9063578342729003e-05, 2.1741915567401317e-05, 1.614081914431796e-05, 1.1956359263237278e-05, 8.844194854522046e-06, 6.532351828710591e-06, 4.827295018164393e-06, 3.570212928593119e-06, 2.6419152623167752e-06, 1.949437885237787e-06, 1.4409780267766644e-06, 1.0637413336281691e-06, 7.839711883968742e-07, 5.775715287420082e-07, 4.2571194415838783e-07, 3.1331211706178464e-07, 2.3030625195789625e-07, 1.6973865417628929e-07, 1.2472840568429313e-07, 9.160247776191197e-08, 6.736610395501514e-08, 4.9632269047481637e-08, 3.662275836024372e-08, 2.7075178383287295e-08, 2.0033406463255996e-08, 1.4778626215040633e-08, 1.0870825129996847e-08, 8.019869873553014e-09, 5.934583382080953e-09, 4.375500206806579e-09, 3.212249340483308e-09, 2.365205213392679e-09, 1.7406781946651787e-09, 1.2775988043475158e-09, 9.350348146935113e-10, 6.896654268195632e-10, 5.115726111253546e-10, 3.8206374526719946e-10]
W_list: [8.35]
L_list: [3.350747487082795]
