R_list= [ 1  2  3  4  5  6  7  8  9 10 11 12 13 14 15 16 17 18 19 20 21 22 23 24
 25 26 27 28 29 30 31 32 33 34 35 36 37 38]
C_final_list= [3.9378409380385734e-07, 3.5727663221597947e-07, 3.212001426397462e-07, 2.877865920847931e-07, 2.573001529182348e-07, 2.2971986863406903e-07, 2.0482859950967017e-07, 1.8249926181818916e-07, 1.6240973572714176e-07, 1.4435977850624506e-07, 1.2831426516231743e-07, 1.1387434120237046e-07, 1.0106739018887436e-07, 8.970154430279896e-08, 7.963872161187804e-08, 7.0746160286195e-08, 6.28459836903212e-08, 5.5785136089356844e-08, 4.9465713032153925e-08, 4.3859537772436785e-08, 3.8861588866402614e-08, 3.44216516818214e-08, 3.0502647359642733e-08, 2.7039126094018803e-08, 2.3942952525677163e-08, 2.1174334301811615e-08, 1.871073122213667e-08, 1.6495941313136257e-08, 1.454160003722151e-08, 1.2806107389845425e-08, 1.1267679701427743e-08, 9.901955342125925e-09, 8.710436045741753e-09, 7.65103112397056e-09, 6.729831920086207e-09, 5.915783883576198e-09, 5.195540390275761e-09, 4.560844838221435e-09]
W_list: [8.4]
L_list: [8.717207901612717]
