C_final_list: [1.8734040835914872e-06, 1.5937126930751997e-06, 1.3531324920251217e-06, 1.1501261687391566e-06, 9.800221076602897e-07, 8.38654033380557e-07, 7.161805121822755e-07, 6.120169945655354e-07, 5.208756581209098e-07, 4.4180116697678335e-07, 3.7664356745343705e-07, 3.207549973823068e-07, 2.726912182956891e-07, 2.3107574488136605e-07, 1.9669456194187263e-07, 1.6740165069238515e-07, 1.4216176968662646e-07, 1.2060365742131624e-07, 1.0220131787626088e-07, 8.67891058305397e-08, 7.362860013459386e-08, 6.234053481873181e-08, 5.2714207096890406e-08, 4.4396896701327376e-08, 3.7373698970338495e-08, 3.143992478627389e-08, 2.65016172133103e-08, 2.22830997280215e-08, 1.8691567746670274e-08, 1.5691665470473507e-08, 1.3229396289020434e-08, 1.1156909885806958e-08, 9.425221381298122e-09, 7.973568520392325e-09, 6.7447983605856e-09, 5.704107033992926e-09, 4.831100211134799e-09, 4.071526830602359e-09, 3.417827024942441e-09, 2.8700487023707117e-09, 2.395039400081125e-09, 2.0073404465849013e-09, 1.6857331752527609e-09, 1.4050747248562356e-09, 1.1829779125470103e-09, 9.897482711427413e-10, 8.228062283908646e-10, 6.841792661687946e-10, 5.679574605014389e-10, 4.69985153378066e-10]
ndim2: 500
W_list: [3.4000000000000004]
L_list: [6.221029119894779]
