C_list:
1.0146149239688613e-06 0.03870028157765815
ndim2: 500
W_list: [2.6]
L_list: [25.839605275050626]
