R_list= [ 1  2  3  4  5  6  7  8  9 10 11 12 13 14 15 16 17 18 19 20 21 22 23 24
 25 26 27 28 29 30 31 32 33 34 35 36 37 38]
C_final_list= [1.2143636092696805e-06, 8.533922110473279e-07, 6.045856099051274e-07, 4.2661005310678525e-07, 3.048045240841985e-07, 2.17002022442256e-07, 1.538512136895119e-07, 1.1013169152648899e-07, 7.766802482814393e-08, 5.519306288285383e-08, 3.9230090469062716e-08, 2.802441311369805e-08, 2.0183126609986227e-08, 1.4358927017407212e-08, 1.025244329998042e-08, 7.185335360816111e-09, 4.995183362020575e-09, 3.482453675097248e-09, 2.4654614874153572e-09, 1.7440685325710256e-09, 1.2271327485825862e-09, 8.578644014648476e-10, 5.975501583970689e-10, 4.210555300182058e-10, 2.959027124820219e-10, 2.0624578630319266e-10, 1.4199352240877164e-10, 9.887559907241926e-11, 6.919514914190118e-11, 4.859555420497902e-11, 3.33930277658309e-11, 2.354788398092156e-11, 1.5981544710873473e-11, 1.080920271838211e-11, 7.360068930508657e-12, 5.0732949353967835e-12, 3.5141447768681823e-12, 2.440414856330584e-12]
W_list: [6.2]
L_list: [2.893196898684041]
