R_list= [ 1  2  3  4  5  6  7  8  9 10 11 12 13 14 15 16 17 18 19 20 21 22 23 24
 25 26 27 28 29 30 31 32 33 34 35 36 37 38]
C_final_list= [1.9416555416400374e-05, 1.5558765868862943e-05, 1.2343057235004315e-05, 9.757965769527621e-06, 7.696589252590158e-06, 6.058155708105636e-06, 4.757192042639988e-06, 3.736717754254968e-06, 2.9324410873686878e-06, 2.302906491099348e-06, 1.8088839062849063e-06, 1.4210734559050191e-06, 1.1149695298138615e-06, 8.738823706934816e-07, 6.848878588528902e-07, 5.371141462559366e-07, 4.2080189399241964e-07, 3.2936447253138115e-07, 2.57460619927369e-07, 2.0169574743445327e-07, 1.5790566632949017e-07, 1.2385676379078497e-07, 9.728130913574521e-08, 7.632658306789673e-08, 5.985737871095054e-08, 4.7053545167596126e-08, 3.698734997421234e-08, 2.9095386741253373e-08, 2.286732978365589e-08, 1.7989173429178355e-08, 1.4114383775077374e-08, 1.1011516993718263e-08, 8.590160528598889e-09, 6.714695271673528e-09, 5.273077327582562e-09, 4.121520769508772e-09, 3.2174168661091436e-09, 2.504802779600674e-09]
W_list: [8.5]
L_list: [4.252803672047099]
