R_list= [ 1  2  3  4  5  6  7  8  9 10 11 12 13 14 15 16 17 18 19 20 21 22 23 24
 25 26 27 28 29 30 31 32 33 34 35 36 37 38]
C_final_list= [6.12579549968705e-07, 4.928927116382574e-07, 3.932538244855292e-07, 3.1213946476099505e-07, 2.4833539392172016e-07, 1.968421697796963e-07, 1.5550933935098987e-07, 1.2257154186019576e-07, 9.637782382064624e-08, 7.587080684650325e-08, 5.9486115444543055e-08, 4.6496799404650854e-08, 3.642688908805468e-08, 2.8532605445164966e-08, 2.2368276661299057e-08, 1.7462570807944323e-08, 1.3599685846922753e-08, 1.061907646000315e-08, 8.294452785733039e-09, 6.4873255590237696e-09, 5.070566285574132e-09, 3.963644436483517e-09, 3.093166024710569e-09, 2.4143745045924468e-09, 1.8877122456569947e-09, 1.4809665227743837e-09, 1.1638661279597412e-09, 9.147836059645956e-10, 7.14511228270603e-10, 5.561814466181266e-10, 4.3647979500066427e-10, 3.4110169423710843e-10, 2.678536321530004e-10, 2.105693262333172e-10, 1.6652876798684923e-10, 1.3193486769662414e-10, 1.0438670956621792e-10, 8.251400438379125e-11]
W_list: [8.2]
L_list: [4.33972758323195]
