R_list= [ 1  2  3  4  5  6  7  8  9 10 11 12 13 14 15 16 17 18 19 20 21 22 23 24
 25 26 27 28 29 30 31 32 33 34 35 36 37 38]
C_final_list= [1.1256818307876545e-06, 7.18896389270086e-07, 4.57933653929042e-07, 2.9380748362331644e-07, 1.8838538040273355e-07, 1.1986292589304355e-07, 7.605561387290938e-08, 4.780911644394606e-08, 2.993238842080451e-08, 1.8597834122379273e-08, 1.1689684586968742e-08, 7.256370103851546e-09, 4.465432555293989e-09, 2.7801723139432826e-09, 1.7613870781278265e-09, 1.1058394236901353e-09, 6.955927334705577e-10, 4.436454087348072e-10, 2.7659784657833337e-10, 1.7373863566627018e-10, 1.0682833021352184e-10, 6.413909020737386e-11, 3.873891051990871e-11, 2.3173552173767273e-11, 1.3949487767240787e-11, 8.432842053474596e-12, 5.184438225128475e-12, 3.2085221527973093e-12, 2.0274997064862704e-12, 1.3581492708616384e-12, 9.392137425360163e-13, 6.149100261814758e-13, 3.8149265869219355e-13, 2.4084256138248124e-13, 1.4362158904492648e-13, 8.594419594641106e-14, 5.67982818678943e-14, 3.9095156500112564e-14]
W_list: [8.0]
L_list: [2.228747603751576]
