C_final_list: [1.7496144003765215e-06, 1.6872121902888758e-06, 1.6251819581200389e-06, 1.5656919614855056e-06, 1.5084408576014945e-06, 1.4537539651061277e-06, 1.4006478665905856e-06, 1.3498885102682973e-06, 1.3008113619938535e-06, 1.2535441933405164e-06, 1.2084240118729904e-06, 1.1642219244004341e-06, 1.1216540602273127e-06, 1.081050665955712e-06, 1.0416756920947587e-06, 1.0042721030305129e-06, 9.67019348722938e-07, 9.311220664603224e-07, 8.963980197855735e-07, 8.630434499483554e-07, 8.308511524981397e-07, 7.998220653734584e-07, 7.69659841086428e-07, 7.40576310354074e-07, 7.124005799976668e-07, 6.852606563085187e-07, 6.591074073335672e-07, 6.337113593041206e-07, 6.093890788824877e-07, 5.859793721070348e-07, 5.635486163689747e-07, 5.417979339667841e-07, 5.211502380475422e-07, 5.012082520387882e-07, 4.82270967415118e-07, 4.638030648373499e-07, 4.461117470834855e-07, 4.290457410367847e-07, 4.1243220199428146e-07, 3.963649590431388e-07, 3.810802429901763e-07, 3.6628150316913667e-07, 3.520239339227886e-07, 3.3815269923017643e-07, 3.2473852205878495e-07, 3.117783396867261e-07, 2.9939574282909666e-07, 2.874574284181656e-07, 2.760389070821541e-07, 2.650362090949631e-07]
ndim2: 500
W_list: [3.1999999999999997]
L_list: [26.366606075768143]
