R_list= [ 1  2  3  4  5  6  7  8  9 10 11 12 13 14 15 16 17 18 19 20 21 22 23 24
 25 26 27 28 29 30 31 32 33 34 35 36 37 38]
C_final_list= [1.293642168171953e-06, 1.2514618389621895e-06, 1.2107570327343588e-06, 1.1711300447642262e-06, 1.1326270220329997e-06, 1.0949680458746273e-06, 1.0584345107775378e-06, 1.022844442080987e-06, 9.887499705149564e-07, 9.552022343410852e-07, 9.228267179444069e-07, 8.913070428477379e-07, 8.605496169178982e-07, 8.306850707229568e-07, 8.019895306705383e-07, 7.741780918385708e-07, 7.47189610719388e-07, 7.21240425957135e-07, 6.962343300394072e-07, 6.720245947482466e-07, 6.48396689210226e-07, 6.25641184551498e-07, 6.03599292995468e-07, 5.823678790246362e-07, 5.618493079030961e-07, 5.4198827911159e-07, 5.227783037815206e-07, 5.040406695438821e-07, 4.860593117881974e-07, 4.686235777464765e-07, 4.5182241186242077e-07, 4.3549663874990583e-07, 4.197922783773119e-07, 4.0466129079408676e-07, 3.9020178625534566e-07, 3.7626478690426353e-07, 3.627883009560139e-07, 3.49686590682874e-07]
W_list: [5]
L_list: [28.4869259896352]
