C_final_list: [1.981472805170561e-06, 1.9381126473766387e-06, 1.8951605789070575e-06, 1.8535841720421286e-06, 1.8129362154809117e-06, 1.773075115495506e-06, 1.7344437392461167e-06, 1.6965591302808183e-06, 1.659140401619124e-06, 1.6226302019461181e-06, 1.5872618002890781e-06, 1.5522612237702267e-06, 1.5176241923844968e-06, 1.4840847224753493e-06, 1.4516252542993848e-06, 1.4201945911054558e-06, 1.3891845845333122e-06, 1.3587426346497758e-06, 1.3286997623153564e-06, 1.2995284741589758e-06, 1.2708930377426118e-06, 1.2428099324384029e-06, 1.2153679704440343e-06, 1.1885116793943714e-06, 1.1625432575938046e-06, 1.136918972409346e-06, 1.111828211450611e-06, 1.0875312288264828e-06, 1.0636586267505963e-06, 1.0401443874878818e-06, 1.017236073589669e-06, 9.946456789995752e-07, 9.722170604527732e-07, 9.501397032385866e-07, 9.286819925280944e-07, 9.076750709016303e-07, 8.873643093928629e-07, 8.67138699905546e-07, 8.474656852765108e-07, 8.281750157601099e-07, 8.090726079423422e-07, 7.903844178501111e-07, 7.72189593158538e-07, 7.545036551414015e-07, 7.37141023005399e-07, 7.201344882151515e-07, 7.033773941615757e-07, 6.869930165145027e-07, 6.710321407435847e-07, 6.554640330061161e-07]
ndim2: 500
W_list: [2.6]
L_list: [44.661542393944664]
