R_list= [ 1  2  3  4  5  6  7  8  9 10 11 12 13 14 15 16 17 18 19 20 21 22 23 24
 25 26 27 28 29 30 31 32 33 34 35 36 37 38]
C_final_list= [1.209312678473599e-06, 8.469309196427952e-07, 6.001122871324541e-07, 4.3015213632481775e-07, 3.051476867757542e-07, 2.153709074030845e-07, 1.5129538499597254e-07, 1.0721979106977562e-07, 7.555752796404402e-08, 5.294985139469207e-08, 3.734091982945162e-08, 2.6114489786002028e-08, 1.8184698292066638e-08, 1.2664263737773626e-08, 8.866082988238841e-09, 6.1835531727070615e-09, 4.307083955948722e-09, 3.01908168733286e-09, 2.0952615974620177e-09, 1.460403208725204e-09, 1.0170724129523894e-09, 7.018670121133212e-10, 4.738175512750453e-10, 3.2400239473044235e-10, 2.2395786723204048e-10, 1.5452254752975813e-10, 1.0685548506287588e-10, 7.409816499706619e-11, 5.160045347363895e-11, 3.539654429691875e-11, 2.4217000312725297e-11, 1.6357176657049856e-11, 1.103896705173298e-11, 7.673872752403704e-12, 5.324477958334818e-12, 3.753557704838964e-12, 2.5704522108062866e-12, 1.6931450348019982e-12]
W_list: [6.2]
L_list: [2.889270630735538]
