C_final_list: [2.1530520179760696e-06, 1.9270336224159064e-06, 1.7175857989124131e-06, 1.5335935463243623e-06, 1.3632913002507143e-06, 1.2109411193869984e-06, 1.0768889538205037e-06, 9.561707341041262e-07, 8.517699463112955e-07, 7.589046576740895e-07, 6.76240492863516e-07, 6.024870969930175e-07, 5.352621526788087e-07, 4.754916769472231e-07, 4.223058542967328e-07, 3.74960398430842e-07, 3.32136678675508e-07, 2.9483638371524576e-07, 2.6147385052904043e-07, 2.3243922527140998e-07, 2.0622943475673137e-07, 1.8232925828854283e-07, 1.6142220978911026e-07, 1.427410627078677e-07, 1.2646439607532023e-07, 1.1175657433116733e-07, 9.875112387590793e-08, 8.713248960315456e-08, 7.68262912199757e-08, 6.780251867858883e-08, 5.981314082421005e-08, 5.278137621694116e-08, 4.649197812605672e-08, 4.09523131807265e-08, 3.610262846056026e-08, 3.1794296891133614e-08, 2.8010691919006415e-08, 2.4611387402780868e-08, 2.1688513731045255e-08, 1.9075665813334093e-08, 1.6771945318514248e-08, 1.4736797657633829e-08, 1.2956179260727517e-08, 1.1338472240479748e-08, 9.962691620722175e-09, 8.756010948547183e-09, 7.714324050207725e-09, 6.803329704972652e-09, 6.002606357395222e-09, 5.2719739198043565e-09]
ndim2: 500
W_list: [2.8]
L_list: [8.546314346943205]
