R_list= [ 1  2  3  4  5  6  7  8  9 10 11 12 13 14 15 16 17 18 19 20 21 22 23 24
 25 26 27 28 29 30 31 32 33 34 35 36 37 38]
C_final_list= [2.872403909249767e-07, 2.394064483832641e-07, 1.9658470016561504e-07, 1.6037137463655718e-07, 1.305402264498133e-07, 1.0613893152345097e-07, 8.621388954879858e-08, 6.994672105108266e-08, 5.6607162950126324e-08, 4.59872429724938e-08, 3.727051973096996e-08, 3.013514075032105e-08, 2.4374693424159126e-08, 1.9714438187129425e-08, 1.5929740614268125e-08, 1.2858195085609093e-08, 1.0366016891964566e-08, 8.346230726427408e-09, 6.716916142540128e-09, 5.382166227127826e-09, 4.299102104861778e-09, 3.424933524456775e-09, 2.7185935981099826e-09, 2.1626246823502032e-09, 1.7216997754598186e-09, 1.3717155548507386e-09, 1.0930380338653586e-09, 8.677133525351363e-10, 6.893940222344215e-10, 5.463814023282595e-10, 4.3466375756755617e-10, 3.4594526508225006e-10, 2.7472510896885673e-10, 2.1822332339857042e-10, 1.7333583097138976e-10, 1.3761371892254897e-10, 1.0858809280020803e-10, 8.556343847614726e-11]
W_list: [9.0]
L_list: [4.9230113502530015]
