R_list= [ 1  2  3  4  5  6  7  8  9 10 11 12 13 14 15 16 17 18 19 20 21 22 23 24
 25 26 27 28 29 30 31 32 33 34 35 36 37 38]
C_final_list= [9.10534373899202e-07, 7.332440345464659e-07, 6.006293866462517e-07, 4.931416555154982e-07, 4.0538133067506626e-07, 3.3380663061532576e-07, 2.736778378474352e-07, 2.2449312149277355e-07, 1.842438041659405e-07, 1.5091288777277263e-07, 1.2393474894913998e-07, 1.0131130996271608e-07, 8.281542813803009e-08, 6.773240818094613e-08, 5.537731737879519e-08, 4.517630127064915e-08, 3.6881341424021634e-08, 3.0166637290345975e-08, 2.4665476503782718e-08, 2.009864503760918e-08, 1.6380535553997247e-08, 1.3379551954986026e-08, 1.0915506144471989e-08, 8.895204504208801e-09, 7.214323917264161e-09, 5.828834694308742e-09, 4.727555063762566e-09, 3.8348314438097245e-09, 3.1118167901619025e-09, 2.5244638522957308e-09, 2.0463233192042116e-09, 1.6634055343653178e-09, 1.3529834629791616e-09, 1.0930958214088537e-09, 8.783214961880226e-10, 7.081474418992739e-10, 5.69890559436715e-10, 4.5858106951697775e-10]
W_list: [6]
L_list: [5.004607024910449]
