C_final_list: [2.1624342966943707e-06, 1.9413033003923898e-06, 1.7364397939204193e-06, 1.5534447428455817e-06, 1.3931728459748827e-06, 1.2471859532844996e-06, 1.1193543947676134e-06, 1.003786777790202e-06, 8.980234484131245e-07, 8.051637271724654e-07, 7.197922347493101e-07, 6.432430301456677e-07, 5.76664044656944e-07, 5.166194885618753e-07, 4.6292067336842976e-07, 4.1391715287564724e-07, 3.7045263437320887e-07, 3.3183449737597324e-07, 2.9700406285125053e-07, 2.662719493403988e-07, 2.3856947264300213e-07, 2.1348741243782715e-07, 1.9078597531713132e-07, 1.7073543863468692e-07, 1.527707185273437e-07, 1.3620963862918405e-07, 1.2138796011765448e-07, 1.0804957328440834e-07, 9.592701793980621e-08, 8.524378218636086e-08, 7.559665789476106e-08, 6.699586795700642e-08, 5.959141178429751e-08, 5.2852758424474235e-08, 4.6883233348572264e-08]
ndim2: 500
W_list: [2.6]
L_list: [9.064227003928908]
