R_list= [ 1  2  3  4  5  6  7  8  9 10 11 12 13 14 15 16 17 18 19 20 21 22 23 24
 25 26 27 28 29 30 31 32 33 34 35 36 37 38]
C_final_list= [3.4292022713956398e-06, 2.8010590770155653e-06, 2.2641744856017614e-06, 1.8267633346426238e-06, 1.4726584209437915e-06, 1.1864468791135044e-06, 9.57065726217005e-07, 7.707923247322791e-07, 6.209207367709226e-07, 4.997142658180486e-07, 4.0103024897919755e-07, 3.2157284826914106e-07, 2.5760608309838464e-07, 2.0661073677564003e-07, 1.6520670971908738e-07, 1.3233502473513956e-07, 1.0598984230931328e-07, 8.48326413301706e-08, 6.781780141872815e-08, 5.4204921149248555e-08, 4.330166703903537e-08, 3.458136055615683e-08, 2.7692863945846214e-08, 2.2175166472715663e-08, 1.7805436255594756e-08, 1.4285587510910321e-08, 1.1417949983651393e-08, 9.085346932080837e-09, 7.2244352920947065e-09, 5.744678029395723e-09, 4.5792478313262715e-09, 3.6416290137214677e-09, 2.885886320568263e-09, 2.292932639022939e-09, 1.819854355890043e-09, 1.4432374399498832e-09, 1.1430845584930637e-09, 9.048747881705565e-10]
W_list: [8.2]
L_list: [4.67303930092767]
