C_final_list: [2.174949106272278e-06, 2.090460151218198e-06, 2.007177359239815e-06, 1.927629940081589e-06, 1.852526604821496e-06, 1.7792847241113892e-06, 1.709303851488111e-06, 1.6428546797213354e-06, 1.5786094146679874e-06, 1.5162349896639563e-06, 1.4569869327550507e-06, 1.400584630586021e-06, 1.3469481226900255e-06, 1.2947870812850303e-06, 1.2444693767615872e-06, 1.1955449824013045e-06, 1.149589941658053e-06, 1.1048451973271003e-06, 1.0618430046182367e-06, 1.0201658000727339e-06, 9.795198769050945e-07, 9.40991454398721e-07, 9.038733066476952e-07, 8.674822983583618e-07, 8.328740538188729e-07, 7.992841430856621e-07, 7.665659382425441e-07, 7.354720633928317e-07, 7.052598589918984e-07, 6.76475293441311e-07, 6.487679954187946e-07, 6.222266909684339e-07, 5.967743880539787e-07, 5.720515226571433e-07, 5.486235105129621e-07]
ndim2: 500
W_list: [2.2]
L_list: [24.927111759075032]
