C_final_list: [1.99638249481122e-06, 1.7222255762261362e-06, 1.4864748705090075e-06, 1.2817407698751834e-06, 1.1047617393104657e-06, 9.536510060015989e-07, 8.209903867743818e-07, 7.062497317185288e-07, 6.079141648423142e-07, 5.2213447569614e-07, 4.4749301903069884e-07, 3.8332792993346306e-07, 3.2784118610056273e-07, 2.808661813072723e-07, 2.4155264242090427e-07, 2.0741271790703227e-07, 1.7791794782579316e-07, 1.5308291154450395e-07, 1.315032146708101e-07, 1.125451149065947e-07, 9.659717007467523e-08, 8.255406529311149e-08, 7.097591574639927e-08, 6.089004761002282e-08, 5.246377078889026e-08, 4.5202927062431534e-08, 3.8975734579237855e-08, 3.361869076120021e-08, 2.8942510408932653e-08, 2.4896164493894326e-08, 2.142216587665382e-08, 1.839301253965491e-08, 1.579516625349562e-08, 1.3533211584874178e-08, 1.1577171261156551e-08, 9.940435467557596e-09, 8.54090480926273e-09, 7.336162261591911e-09, 6.32399244367044e-09, 5.466405412730802e-09, 4.715144793554769e-09, 4.064204460056632e-09, 3.4870727084936908e-09, 2.9816172547292553e-09, 2.5453459941745082e-09, 2.1864798966149305e-09, 1.8695263421783554e-09, 1.5881966624381024e-09, 1.347226101195373e-09, 1.138265260080346e-09]
ndim2: 500
W_list: [3.25]
L_list: [6.671082172091382]
