C_final_list: [1.7628040675549916e-06, 1.7072940797423343e-06, 1.6583934462540925e-06, 1.6068922738751405e-06, 1.5583626161225484e-06, 1.5107603203288466e-06, 1.464657244380487e-06, 1.4206163654035241e-06, 1.3776121411545313e-06, 1.3355604142984005e-06, 1.294889149821705e-06, 1.2550221536906508e-06, 1.2162065531462958e-06, 1.1783338686861952e-06, 1.141289731375645e-06, 1.105434034663e-06, 1.0702750295007363e-06, 1.0363558286013087e-06, 1.0030060873032644e-06, 9.710757997651688e-07, 9.401141406749694e-07, 9.102055196384282e-07, 8.808635952150184e-07, 8.522506790138039e-07, 8.244516936413196e-07, 7.974722518322439e-07, 7.710016788554669e-07, 7.457437723844502e-07, 7.21234593496621e-07, 6.977163104756814e-07, 6.746867094203818e-07, 6.522843337019083e-07, 6.309363388311326e-07, 6.102120677854388e-07, 5.896715260764531e-07]
ndim2: 500
W_list: [1.6]
L_list: [31.35553591829824]
