C_final_list: [2.216397804382983e-06, 2.1161219361641015e-06, 2.0161265666325207e-06, 1.9212193663314936e-06, 1.8290574174105454e-06, 1.7429729250924355e-06, 1.6595803872058784e-06, 1.5804872524559223e-06, 1.5051176865377895e-06, 1.4330425647342875e-06, 1.3643194231281928e-06, 1.2990797603667403e-06, 1.2372221020256155e-06, 1.178400975113459e-06, 1.1225590980546155e-06, 1.068414367693903e-06, 1.0174022635432516e-06, 9.683732100327134e-07, 9.221840809851744e-07, 8.782077970574567e-07, 8.36400608029797e-07, 7.966710596544689e-07, 7.588049183239381e-07, 7.225303981606776e-07, 6.882455494741603e-07, 6.556402719204186e-07, 6.245920465901183e-07, 5.950492739884938e-07, 5.668623035570263e-07, 5.403981229098084e-07, 5.150570025472687e-07, 4.903377419496023e-07, 4.6709507939796026e-07, 4.4463911310600056e-07, 4.2340452513770754e-07, 4.0311704560565413e-07, 3.8356854042977307e-07, 3.644753221141103e-07, 3.466303507125406e-07, 3.2945997826806577e-07, 3.130152589992738e-07, 2.9742007916886295e-07, 2.824060348145086e-07, 2.682086158634347e-07, 2.549128939560409e-07, 2.422626287349772e-07, 2.301177870212933e-07, 2.1861371134049204e-07, 2.077340514427874e-07, 1.9747640792017224e-07]
ndim2: 500
W_list: [2.6]
L_list: [20.454572694536818]
