R_list= [ 1  2  3  4  5  6  7  8  9 10 11 12 13 14 15 16 17 18 19 20 21 22 23 24
 25 26 27 28 29 30 31 32 33 34 35 36 37 38]
C_final_list= [8.515666804512343e-07, 7.801066394397363e-07, 7.118348140411477e-07, 6.479795113871005e-07, 5.897873913073713e-07, 5.369464216945898e-07, 4.891069426605694e-07, 4.454119340426007e-07, 4.0555120962459153e-07, 3.686175050966544e-07, 3.3490514038242037e-07, 3.0454003121495447e-07, 2.767238446052213e-07, 2.510778237673344e-07, 2.277985139275293e-07, 2.0656206424190998e-07, 1.875693591478125e-07, 1.6994382411245418e-07, 1.5403907588030406e-07, 1.396528217104071e-07, 1.266362534544285e-07, 1.1475853563108132e-07, 1.037949946829873e-07, 9.383812249134645e-08, 8.468903489145876e-08, 7.658703365372306e-08, 6.93482757087834e-08, 6.2772684974504e-08, 5.683537894156068e-08, 5.14040884662995e-08, 4.6507466972277995e-08, 4.2089472613058716e-08, 3.8060957803818804e-08, 3.439672304570292e-08, 3.104596527711626e-08, 2.7981431787558518e-08, 2.5221928577883046e-08, 2.274688308977019e-08]
W_list: [6]
L_list: [10.507736100419569]
