R_list= [ 1  2  3  4  5  6  7  8  9 10 11 12 13 14 15 16 17 18 19 20 21 22 23 24
 25 26 27 28 29 30 31 32 33 34 35 36 37 38]
C_final_list= [2.4771011472063012e-06, 1.9182484637767134e-06, 1.4675480261268469e-06, 1.1178291415903801e-06, 8.495266684820063e-07, 6.457175785497535e-07, 4.902297269902952e-07, 3.71677063989672e-07, 2.816984483331891e-07, 2.127724916048416e-07, 1.6043143321157e-07, 1.203475469167106e-07, 9.009196612872448e-08, 6.744877759806518e-08, 5.0548371668351294e-08, 3.772896916895944e-08, 2.8256110180520258e-08, 2.1203152915677e-08, 1.5828906176514915e-08, 1.1862823200144987e-08, 8.940960352086987e-09, 6.703709652538267e-09, 5.043420149029029e-09, 3.8086718270812696e-09, 2.8875605997073783e-09, 2.1839035994034967e-09, 1.641731036714658e-09, 1.2277844170577081e-09, 9.125162445109469e-10, 6.80178038706433e-10, 5.119481956754503e-10, 3.875329974675782e-10, 2.922527991818253e-10, 2.211350764462572e-10, 1.6631431006103374e-10, 1.2489377927154482e-10, 9.42200716490945e-11, 7.140953284061488e-11]
W_list: [9.0]
L_list: [3.700794031749986]
