R_list= [ 1  2  3  4  5  6  7  8  9 10 11 12 13 14 15 16 17 18 19 20 21 22 23 24
 25 26 27 28 29 30]
C_final_list= [6.904141030157961e-07, 6.451371886488653e-07, 6.03054821179362e-07, 5.622611882905618e-07, 5.239434417441831e-07, 4.882897617425704e-07, 4.547720194662524e-07, 4.230163845669946e-07, 3.9339478033554504e-07, 3.65603646591299e-07, 3.399263706077169e-07, 3.1580238123507554e-07, 2.9327933325220655e-07, 2.7246866951009583e-07, 2.529299311073926e-07, 2.3476585435293375e-07, 2.1790764278762673e-07, 2.0232957275446868e-07, 1.8764363790425716e-07, 1.740348956734169e-07, 1.6133733896585673e-07, 1.494175741665086e-07, 1.3827181863940443e-07, 1.2800321890185309e-07, 1.1844814715434317e-07, 1.0963001320364646e-07, 1.0136686195683292e-07, 9.376102473461718e-08, 8.67443056923983e-08, 8.031904607385589e-08]
W_list: [6]
L_list: [13.727320359712301]
