C_final_list: [1.0683352540839547e-06, 1.0296191164393333e-06, 9.903905230025994e-07, 9.520673544327512e-07, 9.147415398393777e-07, 8.788325035362517e-07, 8.443575061445949e-07, 8.114001317765093e-07, 7.794542717435099e-07, 7.488870296427164e-07, 7.192047172729995e-07, 6.907635936604203e-07, 6.635697954511376e-07, 6.369767874969817e-07, 6.113020079125972e-07, 5.869052710077687e-07, 5.634181368961544e-07, 5.408428001097326e-07, 5.192963909418627e-07, 4.98302264378769e-07, 4.780502985124229e-07, 4.586302874365726e-07, 4.3987581110939864e-07, 4.2176455230557855e-07, 4.0432763787332953e-07, 3.877921721169561e-07, 3.718968173363391e-07, 3.5676337945447066e-07, 3.4207704084503836e-07, 3.280442902866209e-07, 3.144784447787102e-07, 3.012309100344249e-07, 2.885162033361931e-07, 2.7628960705508467e-07, 2.6456239031766824e-07, 2.5335079442770044e-07, 2.4264395091730157e-07, 2.3246180480052344e-07, 2.2270259376540556e-07, 2.1333366271779868e-07, 2.0430473335307744e-07, 1.9573687939343284e-07, 1.8756821615939658e-07, 1.7970884581366324e-07, 1.7214126794602703e-07, 1.648598699554998e-07, 1.5780753141227365e-07, 1.5104015470248589e-07, 1.445401055513802e-07, 1.3833547231562437e-07]
ndim2: 500
W_list: [3.8]
L_list: [24.321872293806262]
