R_list= [ 1  2  3  4  5  6  7  8  9 10 11 12 13 14 15 16 17 18 19 20 21 22 23 24
 25 26 27 28 29 30 31 32 33 34 35 36 37 38]
C_final_list= [6.332022656334724e-06, 5.397610568487545e-06, 4.557484375328673e-06, 3.834148244535765e-06, 3.2198834294789313e-06, 2.702528943323891e-06, 2.2680806138584715e-06, 1.9014721057611447e-06, 1.593081545309485e-06, 1.3334397622506098e-06, 1.115630789802446e-06, 9.33120019378893e-07, 7.80155246267751e-07, 6.514360737873039e-07, 5.439292780749369e-07, 4.5395139816632455e-07, 3.784911909339453e-07, 3.154750940069708e-07, 2.626091092192592e-07, 2.1860147640566387e-07, 1.8191061891566364e-07, 1.5127779896614613e-07, 1.257229943344255e-07, 1.0451634146684132e-07, 8.699295524194956e-08, 7.248269062607196e-08, 6.048118207145241e-08, 5.055325825727177e-08, 4.222508267122983e-08, 3.523321304552858e-08, 2.9358731091542545e-08, 2.4463023202705237e-08, 2.037210062153588e-08, 1.695020334849182e-08, 1.4145752328025576e-08, 1.1819900803964363e-08, 9.87866971508796e-09, 8.24541645481453e-09]
W_list: [8.25]
L_list: [5.754301217234768]
