C_final_list: [1.990247535494649e-06, 1.9399371641921947e-06, 1.8904326247208192e-06, 1.8430701237553399e-06, 1.7961835608649796e-06, 1.750710377778278e-06, 1.7063513501301263e-06, 1.6637766895818643e-06, 1.6220209495389016e-06, 1.581418198408898e-06, 1.5419900856396945e-06, 1.5032762743139864e-06, 1.4655049339119061e-06, 1.4282070384111022e-06, 1.391685625758607e-06, 1.356712738282564e-06, 1.3226760131079888e-06, 1.289185846186386e-06, 1.2560183669869592e-06, 1.2238483886741317e-06, 1.1921297518490176e-06, 1.1611945138162171e-06, 1.131111485748742e-06, 1.1016652417880953e-06, 1.072803728320163e-06, 1.044851332198857e-06, 1.01764140802268e-06, 9.910124949421866e-07, 9.650169759924642e-07, 9.397115776048882e-07, 9.153450462265873e-07, 8.915265708804262e-07, 8.683725318411612e-07, 8.455237336296583e-07, 8.233653720497717e-07, 8.015005103149896e-07, 7.799619591392402e-07, 7.590565368980617e-07, 7.385584098067636e-07, 7.185587502981903e-07, 6.991595444027807e-07, 6.803318529291551e-07, 6.619095293971569e-07, 6.439844095326557e-07, 6.265964924523505e-07, 6.095019731890497e-07, 5.929662696995122e-07, 5.769890149932824e-07, 5.613530834392117e-07, 5.462709501901154e-07]
ndim2: 500
W_list: [2.8]
L_list: [38.29440311572074]
