R_list= [ 1  2  3  4  5  6  7  8  9 10 11 12 13 14 15 16 17 18 19 20 21 22 23 24
 25 26 27 28 29 30 31 32 33 34 35 36 37 38]
C_final_list= [4.620822547856346e-07, 4.3279384733606e-07, 4.0293035182631306e-07, 3.739741680195539e-07, 3.467352044961971e-07, 3.2106420384338334e-07, 2.97261267151391e-07, 2.7496321162708763e-07, 2.5433990298906645e-07, 2.3542394049068542e-07, 2.1782125078002908e-07, 2.0136455059728238e-07, 1.8602782328953026e-07, 1.7177945716164987e-07, 1.5866443834656453e-07, 1.4650508270996479e-07, 1.3517831966358566e-07, 1.2462273924936912e-07, 1.1480391219445976e-07, 1.0575976542517879e-07, 9.738767034149835e-08, 8.957884554441022e-08, 8.2364664388214e-08, 7.570837136304957e-08, 6.95638762902917e-08, 6.385497140651226e-08, 5.858028921621454e-08, 5.37115742593211e-08, 4.9203181478303314e-08, 4.5075755048649097e-08, 4.1309604137619054e-08, 3.787877607317396e-08, 3.473826435632009e-08, 3.1875005466198633e-08, 2.9251158298307748e-08, 2.685172766493906e-08, 2.4648145999104538e-08, 2.2636137854705953e-08]
W_list: [7.2]
L_list: [12.72741839152114]
