R_list= [ 1  2  3  4  5  6  7  8  9 10 11 12 13 14 15 16 17 18 19 20 21 22 23 24
 25 26 27 28 29 30 31 32 33 34 35 36 37 38]
C_final_list= [8.759283784849962e-07, 7.439525471188442e-07, 6.359265300818e-07, 5.48858398623426e-07, 4.7408535681051187e-07, 4.0894317116150327e-07, 3.521004087024013e-07, 3.032090228705673e-07, 2.613021851734203e-07, 2.2531956949058076e-07, 1.9422072286770492e-07, 1.672563396836801e-07, 1.4374616919633776e-07, 1.233438829189781e-07, 1.0583696294032651e-07, 9.088948723701217e-08, 7.818800487527534e-08, 6.73224053784397e-08, 5.7964394743914966e-08, 4.9853457061921986e-08, 4.2851690855644353e-08, 3.679746991091684e-08, 3.155413911303432e-08, 2.7023615457131046e-08, 2.3119424208469317e-08, 1.9790775758436245e-08, 1.694820634249036e-08, 1.4487022406655313e-08, 1.2367437599541664e-08, 1.0555107892845892e-08, 9.005201798576594e-09, 7.676404131495818e-09, 6.5411328889201e-09, 5.576912403443677e-09, 4.750031113139381e-09, 4.050833885058441e-09, 3.456664183476137e-09, 2.950484715787249e-09]
W_list: [5]
L_list: [6.639060507337249]
