C_final_list: [1.9035354384861318e-06, 1.7773672624591098e-06, 1.657074274554746e-06, 1.544018585604696e-06, 1.438849111458752e-06, 1.3408755312530075e-06, 1.2488260700130343e-06, 1.1642863527940894e-06, 1.0853840596095902e-06, 1.011856049670242e-06, 9.426478151351336e-07, 8.780826506646431e-07, 8.175828318268425e-07, 7.611198552648368e-07, 7.084333947016358e-07, 6.597967787761167e-07, 6.142501613160641e-07, 5.710800822817868e-07, 5.309547794436809e-07, 4.93911069421773e-07, 4.5960026849917815e-07, 4.2753481258873316e-07, 3.9869684618237126e-07, 3.7104238401300453e-07, 3.4562452147174874e-07, 3.218187492728818e-07, 2.9942872948951603e-07, 2.7849979648189474e-07, 2.590487645177102e-07, 2.405369995612021e-07, 2.2339317050974962e-07, 2.076367995822964e-07, 1.929670294603203e-07, 1.7929639343726595e-07, 1.6657978960028815e-07, 1.5472134816326564e-07, 1.4361553345611902e-07, 1.3331593022132954e-07, 1.2385557303595356e-07, 1.1508928345798816e-07, 1.0676703359497317e-07, 9.912643707961507e-08, 9.213580989836858e-08, 8.559129361756641e-08, 7.952311766132876e-08, 7.379893110714695e-08, 6.847321212536071e-08, 6.34962187382177e-08, 5.887841306908997e-08, 5.4628747505723735e-08]
ndim2: 500
W_list: [3.15]
L_list: [14.036862934263645]
