R_list= [ 1  2  3  4  5  6  7  8  9 10 11 12 13 14 15 16 17 18 19 20 21 22 23 24
 25 26 27 28 29 30 31 32 33 34 35 36 37 38]
C_final_list= [5.999533143388813e-07, 5.698347527850429e-07, 5.398176602651607e-07, 5.104410931205393e-07, 4.82774302045833e-07, 4.564181298004647e-07, 4.3117507322027674e-07, 4.072593396491826e-07, 3.847638435547355e-07, 3.6342200268811915e-07, 3.4333425456221893e-07, 3.240857127369551e-07, 3.058877956638074e-07, 2.885964892544094e-07, 2.72294034926661e-07, 2.569131478972454e-07, 2.4232458909407925e-07, 2.285411468639259e-07, 2.1554898905437402e-07, 2.0316485204801022e-07, 1.914258001779214e-07, 1.8027170563008775e-07, 1.6976464665261646e-07, 1.598706702148868e-07, 1.5057991695775837e-07, 1.4177061137346347e-07, 1.3343974695338517e-07, 1.2562825399402216e-07, 1.1826653117845204e-07, 1.113084816023747e-07, 1.0477558070061336e-07, 9.861847882909592e-08, 9.275271112387618e-08, 8.72240860417719e-08, 8.203672412381115e-08, 7.70963576310928e-08, 7.2441595050885e-08, 6.808378756661371e-08]
W_list: [6.2]
L_list: [17.287981160355272]
