R_list= [ 1  2  3  4  5  6  7  8  9 10 11 12 13 14 15 16 17 18 19 20 21 22 23 24
 25 26 27 28 29 30 31 32 33 34 35 36 37 38]
C_final_list= [1.5391804323302014e-06, 1.381420781807901e-06, 1.2597839023057544e-06, 1.1441326613925284e-06, 1.040045150182161e-06, 9.452807621643126e-07, 8.588071898114241e-07, 7.800869292298353e-07, 7.086544825489926e-07, 6.43681285517259e-07, 5.843775399667297e-07, 5.307746202699624e-07, 4.821859308123289e-07, 4.383656675634966e-07, 3.986777178115519e-07, 3.618388627987725e-07, 3.286634547937029e-07, 2.98100268429278e-07, 2.698966864186752e-07, 2.4449658391532666e-07, 2.2109575542416567e-07, 1.9972444229119538e-07, 1.806346619631849e-07, 1.6306187818259512e-07, 1.4703408621364274e-07, 1.327708855257197e-07, 1.199501059513699e-07, 1.0831941992672288e-07, 9.785154369467993e-08, 8.842317586330152e-08, 7.983580594939515e-08, 7.216705913020808e-08, 6.519706566993705e-08, 5.8851957737563606e-08, 5.3106170557334974e-08, 4.8057787105505703e-08, 4.3401725899751565e-08, 3.906746342530833e-08]
W_list: [5]
L_list: [10.328719859723293]
