R_list= [ 1  2  3  4  5  6  7  8  9 10 11 12 13 14 15 16 17 18 19 20 21 22 23 24
 25 26 27 28 29 30 31 32 33 34 35 36 37 38]
C_final_list= [1.0878045536847563e-06, 6.981375347721329e-07, 4.4976496791913037e-07, 2.868408246490604e-07, 1.831489800091145e-07, 1.1756910063535044e-07, 7.517184399261634e-08, 4.7922558925853654e-08, 3.0085465367243946e-08, 1.8865480139962524e-08, 1.1717947451036773e-08, 7.3405013999812545e-09, 4.644358737926742e-09, 2.967906627288133e-09, 1.8734423795300207e-09, 1.1725313658920149e-09, 7.32576485128078e-10, 4.5699735189565276e-10, 2.773355266038778e-10, 1.701169341092891e-10, 1.0571483833085035e-10, 6.857782915533097e-11, 4.404278614262249e-11, 2.8178068868630335e-11, 1.8186880454680496e-11, 1.1870411631813504e-11, 7.32818147016084e-12, 4.5406110677368415e-12, 2.772032213425748e-12, 1.831752291590311e-12, 1.1348494938039829e-12, 6.823687681399654e-13, 4.3100607908756945e-13, 2.622592696529067e-13, 1.5829152977738682e-13, 9.126855364350384e-14, 5.232030432651869e-14, 2.894368682224433e-14]
W_list: [8.0]
L_list: [2.2502288509140667]
