R_list= [ 1  2  3  4  5  6  7  8  9 10 11 12 13 14 15 16 17 18 19 20 21 22 23 24
 25 26 27 28 29 30 31 32 33 34 35 36 37 38]
C_final_list= [1.2876809559290973e-06, 1.1444114287536469e-06, 1.0370783724172678e-06, 9.401803333511513e-07, 8.501937869390694e-07, 7.698438076196423e-07, 6.965958978613137e-07, 6.302319086511458e-07, 5.704363272455851e-07, 5.155481938544922e-07, 4.6587745346148696e-07, 4.212278755160934e-07, 3.8089140375453883e-07, 3.4399184094333694e-07, 3.1068708356231594e-07, 2.808303549271298e-07, 2.535773164942731e-07, 2.2888533408299048e-07, 2.0650879840253893e-07, 1.8610018442032685e-07, 1.6753801906610856e-07, 1.5068447645404275e-07, 1.3542953584504461e-07, 1.2184688806701056e-07, 1.0964691829331398e-07, 9.852352818638006e-08, 8.843481695312392e-08, 7.923521330840197e-08, 7.103352019505983e-08, 6.379609103857958e-08, 5.723002409979467e-08, 5.1318018906882193e-08, 4.602323811353039e-08, 4.1257608650293205e-08, 3.6982346406717816e-08, 3.318684800742887e-08, 2.9747072931004943e-08, 2.6626822234732964e-08]
W_list: [5]
L_list: [9.850759365209349]
