C_final_list: [2.1266413085714872e-06, 2.0426073718165867e-06, 1.9599008009016115e-06, 1.8807374376247995e-06, 1.8049620724313764e-06, 1.7317003837303746e-06, 1.6599733736439797e-06, 1.5907501421903383e-06, 1.523535085367134e-06, 1.4590616851248255e-06, 1.397754162168511e-06, 1.3395642265332681e-06, 1.2842166014586246e-06, 1.2309810449593087e-06, 1.1796279738230725e-06, 1.1303289749157073e-06, 1.0830071719984497e-06, 1.0364677497395235e-06, 9.92362365244835e-07, 9.492232025854825e-07, 9.087877210059454e-07, 8.695968544301355e-07, 8.31918893265953e-07, 7.959183936116308e-07, 7.616431175216324e-07, 7.286343888320286e-07, 6.973185070913718e-07, 6.675339532645382e-07, 6.389640531493037e-07, 6.116079675669524e-07, 5.852184296062266e-07, 5.596199066332016e-07, 5.355142964355236e-07, 5.121774274480346e-07, 4.897615160886684e-07, 4.683347852465771e-07, 4.477347252126953e-07, 4.280077629878e-07, 4.0901553728995066e-07, 3.910944963293792e-07, 3.7389297379248176e-07, 3.5758393660775814e-07, 3.4188530896161313e-07, 3.2692020183022565e-07, 3.125709757964054e-07, 2.98736657716073e-07, 2.855043817213071e-07, 2.7297394642617733e-07, 2.6090131402582324e-07, 2.4930985042491375e-07]
ndim2: 500
W_list: [2.4]
L_list: [23.121663753627757]
