C_final_list: [1.9444364062515456e-06, 1.7298188038456773e-06, 1.5324530555393493e-06, 1.3546142135927375e-06, 1.1991614585059275e-06, 1.0641797982212955e-06, 9.455699543497034e-07, 8.411280025858941e-07, 7.462341393987083e-07, 6.625790857318309e-07, 5.876440769803105e-07, 5.188658343228976e-07, 4.5900896515540644e-07, 4.051002924606597e-07, 3.586071264509593e-07, 3.158223323191801e-07, 2.7887818957395044e-07, 2.4586040465167453e-07, 2.1640455878930127e-07, 1.906278656453911e-07, 1.6755677019409594e-07, 1.4706401785210017e-07, 1.291959671006725e-07, 1.1346678581757422e-07, 9.967045091960454e-08, 8.725679293609278e-08, 7.669248863492312e-08, 6.732566124790269e-08, 5.915927239176698e-08, 5.1943558847409814e-08, 4.5638001370193055e-08, 4.014450984830723e-08, 3.5290212922376775e-08, 3.11403531765679e-08, 2.738937178583979e-08]
ndim2: 500
W_list: [2.4]
L_list: [8.242355176481281]
