R_list= [ 1  2  3  4  5  6  7  8  9 10 11 12 13 14 15 16 17 18 19 20 21 22 23 24
 25 26 27 28 29 30 31 32 33 34 35 36 37 38]
C_final_list= [2.7811790702292695e-05, 2.051979912894435e-05, 1.5005041449046036e-05, 1.0951838399200644e-05, 7.995622938907284e-06, 5.833008169162254e-06, 4.2475660922514045e-06, 3.099321176264502e-06, 2.2623219893612464e-06, 1.647544753353776e-06, 1.1992873331672185e-06, 8.729779289809291e-07, 6.3633190324115e-07, 4.6588300263260955e-07, 3.398497533725289e-07, 2.480940882484092e-07, 1.8074168774157128e-07, 1.3115068550690428e-07, 9.533432069859026e-08, 6.953589779373596e-08, 5.0551054617237724e-08, 3.672786232276783e-08, 2.669576690411057e-08, 1.9420165783785077e-08, 1.409841611285142e-08, 1.0220713150649424e-08, 7.4214640942803494e-09, 5.363706093108789e-09, 3.879028685448458e-09, 2.8312252220189503e-09, 2.0809661813494654e-09, 1.512012816462917e-09, 1.1080044900105342e-09, 8.080448961484814e-10, 5.868968038510055e-10, 4.189619588092822e-10, 2.9913267644352685e-10, 2.1398267370437457e-10]
W_list: [8.5]
L_list: [3.2018648604466984]
