C_final_list: [1.839966219159073e-06, 1.7858252528316348e-06, 1.7320277739218075e-06, 1.6809235695276942e-06, 1.6301245258137352e-06, 1.582171714494785e-06, 1.535401129246089e-06, 1.4897982564644048e-06, 1.4452662548344305e-06, 1.402128161915088e-06, 1.3603969300005652e-06, 1.3192885119754378e-06, 1.279497285656506e-06, 1.240847787060898e-06, 1.203439986199249e-06, 1.167354658082542e-06, 1.1320021750523927e-06, 1.0978224687973617e-06, 1.0647258846042896e-06, 1.032536282477204e-06, 1.0016512007955413e-06, 9.714330722205623e-07, 9.421403909203543e-07, 9.136357401517444e-07, 8.861913865751901e-07, 8.592613258171881e-07, 8.332395553426115e-07, 8.081597230666497e-07, 7.837236113346531e-07, 7.598728228202641e-07, 7.368719336835114e-07, 7.142196689078941e-07, 6.924420896172788e-07, 6.712965230428504e-07, 6.50755303559938e-07, 6.309097577618743e-07, 6.115763773087532e-07, 5.925688422456471e-07, 5.741089085208803e-07, 5.561295756447242e-07, 5.388525095800969e-07, 5.219132879867315e-07, 5.052312889448669e-07, 4.891403044484938e-07, 4.7335372209982854e-07, 4.5802507930390787e-07, 4.4310981399303645e-07, 4.2857981041474147e-07, 4.14491122693381e-07, 4.006232351508309e-07]
ndim2: 500
W_list: [3.0]
L_list: [32.562540867522614]
