C_final_list: [1.6086242086076082e-06, 1.545504756619809e-06, 1.482935426637054e-06, 1.4234878329498464e-06, 1.3662628671876521e-06, 1.3123931877021188e-06, 1.260743544149789e-06, 1.2107376482193945e-06, 1.1630950880997168e-06, 1.1169620741686173e-06, 1.072008133303715e-06, 1.0291689308665517e-06, 9.881459020355421e-07, 9.48317410247775e-07, 9.101413438719991e-07, 8.732161399736191e-07, 8.379903869275393e-07, 8.042087110428529e-07, 7.718859464486007e-07, 7.409975082466038e-07, 7.114595094833771e-07, 6.828804511515266e-07, 6.555535772672832e-07, 6.290789276720743e-07, 6.03729483919322e-07, 5.794562432460888e-07, 5.561436029839603e-07, 5.333101272903255e-07, 5.114729142619336e-07, 4.906058605673495e-07, 4.703972018843194e-07, 4.512437210542507e-07, 4.325932010920527e-07, 4.1462406797636236e-07, 3.9734913790052465e-07]
ndim2: 500
W_list: [3.2]
L_list: [24.442893801942507]
