R_list= [ 1  2  3  4  5  6  7  8  9 10 11 12 13 14 15 16 17 18 19 20 21 22 23 24
 25 26 27 28 29 30 31 32 33 34 35 36 37 38]
C_final_list= [1.295360757220984e-06, 8.994982542355955e-07, 6.261813807357138e-07, 4.334345776419909e-07, 3.0031122835232836e-07, 2.10936926692463e-07, 1.467027120203304e-07, 1.0157242042123228e-07, 7.057460635032905e-08, 4.9058369379390726e-08, 3.397557724175108e-08, 2.3470649708868284e-08, 1.6217456062070874e-08, 1.123601086141508e-08, 7.677927419521076e-09, 5.2837387060278246e-09, 3.6310677502205446e-09, 2.4832174320759127e-09, 1.7036085257440484e-09, 1.1691055044346231e-09, 7.926506399327289e-10, 5.371155862855874e-10, 3.6101515325498747e-10, 2.4587371906779695e-10, 1.634263380436818e-10, 1.1013573502397646e-10, 7.531424450743462e-11, 5.078606830206002e-11, 3.395667895589275e-11, 2.2749174700454e-11, 1.5605050280990747e-11, 1.0584097053734881e-11, 7.332019761561093e-12, 4.899743691906353e-12, 3.3093824270063423e-12, 2.1802457734032677e-12, 1.4436905504178108e-12, 9.50552045159846e-13]
W_list: [6.800000000000001]
L_list: [2.7464052675751818]
