R_list= [ 1  2  3  4  5  6  7  8  9 10 11 12 13 14 15 16 17 18 19 20 21 22 23 24
 25 26 27 28 29 30 31 32 33 34 35 36 37 38]
C_final_list= [1.910945410736044e-05, 1.5295653162361997e-05, 1.2117643545411367e-05, 9.566758875707977e-06, 7.5368025768429185e-06, 5.935633513759628e-06, 4.667035973924053e-06, 3.664848664022966e-06, 2.877028386354846e-06, 2.259051280476572e-06, 1.7739210552753985e-06, 1.39361337962717e-06, 1.0937510878976041e-06, 8.58240100057808e-07, 6.731384658805092e-07, 5.276272947313326e-07, 4.1352328169543936e-07, 3.244679854861818e-07, 2.543626288180381e-07, 1.994097806120073e-07, 1.5604351738508276e-07, 1.2179345006356384e-07, 9.525891404204656e-08, 7.43945704169551e-08, 5.81781220748515e-08, 4.5482686024992935e-08, 3.5668545480768235e-08, 2.790974911350696e-08, 2.1788353482288632e-08, 1.7045504870781495e-08, 1.3366610062913314e-08, 1.045208845173767e-08, 8.183988730134564e-09, 6.429133560550599e-09, 5.060202331905341e-09, 3.979997007399796e-09, 3.1202003079969904e-09, 2.4514208001774266e-09]
W_list: [8.5]
L_list: [4.241800662826471]
