C_final_list: [1.1490613196898663e-06, 1.0603669536795725e-06, 9.750996846272896e-07, 8.962184117132208e-07, 8.234092623766284e-07, 7.559905031221187e-07, 6.933475364685963e-07, 6.366712119312093e-07, 5.845149759299542e-07, 5.366779952835544e-07, 4.928718463312311e-07, 4.5229937680442286e-07, 4.1517026187508226e-07, 3.8066185350987574e-07, 3.4928502004180665e-07, 3.209561303718424e-07, 2.950443131127128e-07, 2.71168405643623e-07, 2.488221052900682e-07, 2.2813863940629162e-07, 2.0903406055309126e-07, 1.917355155306228e-07, 1.7581121161878736e-07, 1.6104381283551915e-07, 1.4739948027472055e-07, 1.3512187474150577e-07, 1.2363453180216199e-07, 1.1310206017353326e-07, 1.0351729840025717e-07, 9.476368575623028e-08, 8.667590833416491e-08, 7.931157982356595e-08, 7.271942177572816e-08, 6.665764430347734e-08, 6.102575665306675e-08]
ndim2: 500
W_list: [4.0]
L_list: [11.701852908207451]
