R_list= [ 1  2  3  4  5  6  7  8  9 10 11 12 13 14 15 16 17 18 19 20 21 22 23 24
 25 26 27 28 29 30 31 32]
C_final_list= [7.495412950467115e-08, 2.9051668981091e-08, 8.703501235514696e-09, 2.2878855339302136e-09, 5.56116095666057e-10, 1.283256472441465e-10, 2.862780347084694e-11, 6.260593748586588e-12, 1.3491245029185486e-12, 2.895461013730285e-13, 6.253137303292512e-14, 1.3605440642653173e-14, 2.9678845264557067e-15, 6.391375992289127e-16, 1.3805707286792256e-16, 2.9997095069296426e-17, 6.5873454914794846e-18, 1.4673973688794982e-18, 3.3074649176590023e-19, 7.67589930374751e-20, 1.8502684426674794e-20, 4.8329967532893085e-21, 1.5126212666973207e-21, 6.330806496371048e-22, 3.5791431595130793e-22, 2.573935691014131e-22, 2.1765801270297493e-22, 1.9997039092666546e-22, 1.8990640174425596e-22, 1.8209889360621381e-22, 1.7829814340994156e-22, 1.7631012456400038e-22]
W_list: [6]
L_list: [0.9893968825776247]
