C_list:
1.46574668448582e-06 0.03762016466909629
ndim2: 500
W_list: [2.0]
L_list: [26.5814891773046]
