R_list= [ 1  2  3  4  5  6  7  8  9 10 11 12 13 14 15 16 17 18 19 20 21 22 23 24
 25 26 27 28 29 30 31 32]
C_final_list= [7.629904961028204e-08, 2.9136517881707706e-08, 8.556223791453687e-09, 2.1968584666663217e-09, 5.2547625044994e-10, 1.2081400740427032e-10, 2.7327660399088962e-11, 6.2177130704261665e-12, 1.523646455545939e-12, 5.093812580646421e-13, 2.314351156833176e-13, 9.002901382119104e-14, 2.1114113533971218e-14, 5.445273310596448e-15, 1.0601238980714848e-15, 1.6044775210361286e-16, 2.6426811799637193e-17, 4.9725803410152784e-18, 9.11864610533133e-19, 1.7299105269622432e-19, 3.570554592592547e-20, 7.798667875088257e-21, 2.0708568048467777e-21, 7.389062754923481e-22, 3.72290653101042e-22, 2.530835700909743e-22, 2.074105296721146e-22, 1.8870180248130494e-22, 1.8397706833758555e-22, 1.85085227098925e-22, 1.8806630394318808e-22, 1.869944321994706e-22]
W_list: [6]
L_list: [0.9757786610538812]
