C_final_list: [1.7035678986112144e-06, 1.6769771240093134e-06, 1.6507299395210837e-06, 1.6249898109876012e-06, 1.600015780707602e-06, 1.575548125026795e-06, 1.5513862147672436e-06, 1.5275558030926841e-06, 1.5043787533749383e-06, 1.4816742455760671e-06, 1.4591983383535433e-06, 1.4370969445164297e-06, 1.4152168018357059e-06, 1.3941095935572817e-06, 1.3732123305003685e-06, 1.3525248352561431e-06, 1.3321348034746051e-06, 1.3121075538889163e-06, 1.2925303915020533e-06, 1.273261509666942e-06, 1.2541660091516835e-06, 1.2353527357484726e-06, 1.2168195249693092e-06, 1.1985461104196782e-06, 1.1807218824862286e-06, 1.1629290041746661e-06, 1.1454873361189263e-06, 1.1281529170313523e-06, 1.1113125161037585e-06, 1.0947006448638346e-06, 1.0781895221054368e-06, 1.061874437289417e-06, 1.0459559619025492e-06, 1.030357050426034e-06, 1.0149607305862873e-06, 9.995849603802456e-07, 9.84472591729296e-07, 9.695227126126242e-07, 9.548689929308578e-07, 9.404099347795242e-07, 9.261655489360386e-07, 9.121867111610691e-07, 8.984998240447603e-07, 8.84837128551841e-07, 8.714610921578986e-07, 8.583037317106713e-07, 8.454642758960734e-07, 8.327898811646475e-07, 8.201241080271891e-07, 8.077275542405939e-07]
ndim2: 500
W_list: [3.0]
L_list: [65.83335104145984]
