C_final_list: [2.0087510408453135e-06, 1.9051117752124943e-06, 1.803906120688479e-06, 1.7064245096056548e-06, 1.6163370134168863e-06, 1.5309704954832878e-06, 1.45085382761534e-06, 1.37453220935124e-06, 1.3014637017297054e-06, 1.232124442765991e-06, 1.166062268400919e-06, 1.1037871240851169e-06, 1.0442619293377118e-06, 9.866361772865161e-07, 9.323111284933257e-07, 8.813799765310469e-07, 8.32621568909639e-07, 7.867366697827832e-07, 7.438897733513924e-07, 7.029626027559795e-07, 6.640857476750834e-07, 6.268961929959086e-07, 5.919190406700263e-07, 5.590512415948866e-07, 5.283275951481917e-07, 4.992218757817678e-07, 4.7159980571288563e-07, 4.457045693915257e-07, 4.210009023759127e-07, 3.974432380737501e-07, 3.757856290308587e-07, 3.5555529505587317e-07, 3.3636618688927863e-07, 3.17996612351025e-07, 3.0046470045294434e-07, 2.8389221195733565e-07, 2.6787015365841925e-07, 2.527826933266662e-07, 2.3862000739092236e-07, 2.2532285387030992e-07, 2.1270433589723216e-07, 2.0075735998598778e-07, 1.896463113507566e-07, 1.7909631829946876e-07, 1.6924873377518623e-07, 1.5985097486620096e-07, 1.5100849805684187e-07, 1.4260811631872783e-07, 1.345409413501065e-07, 1.2684114555206904e-07]
ndim2: 500
W_list: [2.8]
L_list: [17.925524687185774]
