R_list= [ 1  2  3  4  5  6  7  8  9 10 11 12 13 14 15 16 17 18 19 20 21 22 23 24
 25 26 27 28 29 30 31 32 33 34 35 36 37 38]
C_final_list= [2.9248978567499217e-05, 2.1809486740710143e-05, 1.6130192132570446e-05, 1.1914489414854661e-05, 8.810220503649813e-06, 6.490637497624201e-06, 4.778923429788191e-06, 3.5188327985098756e-06, 2.592803473456083e-06, 1.909082368108981e-06, 1.403086263244471e-06, 1.0310463520506851e-06, 7.57039149677019e-07, 5.560007778462488e-07, 4.0881113374980336e-07, 3.0031281808727676e-07, 2.2072682364690377e-07, 1.6254654433184987e-07, 1.1921350455351316e-07, 8.759864273945428e-08, 6.449104537061112e-08, 4.742223696344225e-08, 3.4885853756657114e-08, 2.5534587813416298e-08, 1.8682687508880006e-08, 1.3698806650419724e-08, 9.975965482411902e-09, 7.292946282271936e-09, 5.370882288660053e-09, 3.9687176014955855e-09, 2.940563154193253e-09, 2.165512420913868e-09, 1.5868221071576573e-09, 1.1612817538814167e-09, 8.513795579504346e-10, 6.277132672812261e-10, 4.575163452823719e-10, 3.3783845127912203e-10]
W_list: [8.35]
L_list: [3.3185427263007217]
