C_final_list: [1.2605010483417279e-06, 1.1789736345579511e-06, 1.1002817524953143e-06, 1.025433702136722e-06, 9.5582992382391e-07, 8.910281254413689e-07, 8.298346165115114e-07, 7.733434701585806e-07, 7.207579189372054e-07, 6.707766267995865e-07, 6.245806593238883e-07, 5.812327883082557e-07, 5.410663642623255e-07, 5.034657204600809e-07, 4.6848084071308787e-07, 4.3628607010681883e-07, 4.0618728206384574e-07, 3.779304722609039e-07, 3.5143396327231833e-07, 3.2670192040013155e-07, 3.035818249577223e-07, 2.820248608459876e-07, 2.621379395343368e-07, 2.437195216876413e-07, 2.2654378130796868e-07, 2.105358807746254e-07, 1.954693233032175e-07, 1.8154702654569568e-07, 1.6849025969742865e-07, 1.5643323434847042e-07, 1.4510372203750508e-07, 1.3458253971150599e-07, 1.2469878687705742e-07, 1.1556472460141639e-07, 1.0702171849195969e-07]
ndim2: 500
W_list: [3.8]
L_list: [13.993521974026839]
