C_final_list: [1.187106386204862e-06, 1.0213982011342914e-06, 8.722758645630916e-07, 7.475521942019929e-07, 6.380965934214083e-07, 5.441748184246046e-07, 4.638701061075817e-07, 3.9471549831760147e-07, 3.3595142845434485e-07, 2.861002490236107e-07, 2.42814527074208e-07, 2.0651197725989976e-07, 1.7559964904908586e-07, 1.4955706500652344e-07, 1.2700452535272616e-07, 1.0794667905474728e-07, 9.120543927241266e-08, 7.727280574741756e-08, 6.517993386437793e-08, 5.50318429880454e-08, 4.6646829666873e-08, 3.9450433764704185e-08, 3.330414957961736e-08, 2.8219613907769914e-08, 2.373578016826585e-08, 2.0052053527307636e-08, 1.6931999669023083e-08, 1.4297992349364249e-08, 1.2142206954361625e-08, 1.0329411331679993e-08, 8.774544965140802e-09, 7.442667708985909e-09, 6.326579946985015e-09, 5.369998601202191e-09, 4.563309463051117e-09]
ndim2: 500
W_list: [3.2]
L_list: [6.289295391122991]
