R_list= [ 1  2  3  4  5  6  7  8  9 10 11 12 13 14 15 16 17 18 19 20 21 22 23 24
 25 26 27 28 29 30 31 32 33 34 35 36 37 38]
C_final_list= [9.417137512236555e-07, 5.951727884992348e-07, 3.75505461030587e-07, 2.3091054101720377e-07, 1.4185276207504453e-07, 8.684019796741685e-08, 5.361176663992898e-08, 3.285865922464359e-08, 1.9934548678227772e-08, 1.206814641866619e-08, 7.362077349826167e-09, 4.416377977774206e-09, 2.61577676509134e-09, 1.5644815590496936e-09, 9.35331056141369e-10, 5.527681120421758e-10, 3.323189014755144e-10, 1.985785398224649e-10, 1.1694187324036403e-10, 6.923808182893384e-11, 4.1819744970137545e-11, 2.526369042465648e-11, 1.5293533351057036e-11, 9.456715091602045e-12, 5.979197710062076e-12, 3.6017325349532475e-12, 2.1981422581349645e-12, 1.385100912091742e-12, 8.841071581249704e-13, 5.287495752954386e-13, 3.2474111744827215e-13, 2.0510535450303324e-13, 1.173914333933441e-13, 6.193593216126425e-14, 3.403952549845345e-14, 1.8940558622562457e-14, 1.0929575776787173e-14, 6.3324998113715375e-15]
W_list: [8.0]
L_list: [2.132708227736399]
