C_final_list: [1.969066795305128e-06, 1.7378710638097977e-06, 1.5294332497801935e-06, 1.3519927845152652e-06, 1.1913403928181831e-06, 1.0486215194028572e-06, 9.244074371533801e-07, 8.143253254305352e-07, 7.149725557327966e-07, 6.277731904056594e-07, 5.501833996856503e-07, 4.816963929800684e-07, 4.219260012735397e-07, 3.695880556469133e-07, 3.2403882585916104e-07, 2.826072039448255e-07, 2.466063572468655e-07, 2.151650414145956e-07, 1.882175796493664e-07, 1.6474280745402384e-07, 1.4441910681146993e-07, 1.2617143326109863e-07, 1.1033702634735227e-07, 9.592071241095494e-08, 8.352656438665536e-08, 7.251678964404575e-08, 6.289795809306054e-08, 5.4547189849559014e-08, 4.728597752514093e-08, 4.104512802538936e-08, 3.5528496018121805e-08, 3.076358719173622e-08, 2.660582438733117e-08, 2.3034549165848246e-08, 1.995494081495505e-08, 1.729692002601447e-08, 1.5039747525371027e-08, 1.311065737227755e-08, 1.1431403287858442e-08, 9.948001212008348e-09, 8.662969610870475e-09, 7.552067158045825e-09, 6.547043224587091e-09, 5.6819101663150584e-09, 4.903304863208896e-09, 4.251725674239057e-09, 3.687497033119507e-09, 3.1963862942178586e-09, 2.7650932477181472e-09, 2.3997200544943213e-09]
ndim2: 500
W_list: [3.0]
L_list: [7.757244410493835]
