R_list= [ 1  2  3  4  5  6  7  8  9 10 11 12 13 14 15 16 17 18 19 20 21 22 23 24
 25 26 27 28 29 30 31 32 33 34 35 36 37 38]
C_final_list= [3.153741725124344e-05, 2.4016833927522067e-05, 1.8154119369708924e-05, 1.3690522169285276e-05, 1.0315857692816054e-05, 7.759862812200438e-06, 5.8246837434391335e-06, 4.366404420117233e-06, 3.2662013363898744e-06, 2.4444674387286443e-06, 1.8352263986281178e-06, 1.377658766188646e-06, 1.0360549065924513e-06, 7.801516113601258e-07, 5.86231425332688e-07, 4.392973785304271e-07, 3.2892007128671404e-07, 2.461473257262548e-07, 1.8422066395171157e-07, 1.3797439814171113e-07, 1.0323502772584076e-07, 7.754571153845484e-08, 5.830971881923762e-08, 4.372708707041912e-08, 3.272124219177021e-08, 2.457909539776979e-08, 1.84814038282164e-08, 1.3937489732682308e-08, 1.0496529278658936e-08, 7.93258735081718e-09, 5.999095696842501e-09, 4.547736205705664e-09, 3.4301975711530696e-09, 2.5782020455508464e-09, 1.936830317095485e-09, 1.4615186747544071e-09, 1.1060181382806816e-09, 8.308385505786608e-10]
W_list: [8.1]
L_list: [3.5547854523958997]
