C_list:
7.560530572238756e-07 0.17796956612400555
ndim2: 500
W_list: [4.2]
L_list: [5.618938236345536]
