R_list= [ 1  2  3  4  5  6  7  8  9 10 11 12 13 14 15 16 17 18 19 20 21 22 23 24
 25 26 27 28 29 30 31 32 33 34 35 36 37 38]
C_final_list= [5.210925382743487e-07, 4.6853242868345e-07, 4.1796958803870106e-07, 3.717099316137071e-07, 3.302939777532723e-07, 2.933012400282624e-07, 2.603267193806279e-07, 2.3115029482883594e-07, 2.0514736697896006e-07, 1.8208676609371758e-07, 1.6155668656800716e-07, 1.4329937458478358e-07, 1.2706905786851032e-07, 1.1256293135569264e-07, 9.980498876418744e-08, 8.842252879224177e-08, 7.82244296465665e-08, 6.917658219979852e-08, 6.115499368403269e-08, 5.403273748232431e-08, 4.773707578924081e-08, 4.213889650734984e-08, 3.723445508333954e-08, 3.290965279824675e-08, 2.9046876395903566e-08, 2.5584717083565415e-08, 2.2530820958282662e-08, 1.9871839556564957e-08, 1.7532056779284598e-08, 1.542956056151366e-08, 1.3570467209456503e-08, 1.194255785699593e-08, 1.050561331891029e-08, 9.239987649293289e-09, 8.138531020231842e-09, 7.1699218195813e-09, 6.33273094393589e-09, 5.5907558458409815e-09]
W_list: [7]
L_list: [8.423338266460002]
