C_final_list: [1.818852513396362e-06, 1.6959090161439876e-06, 1.578474895890582e-06, 1.471715004612756e-06, 1.3696101692334058e-06, 1.2766227763803775e-06, 1.1889469350062654e-06, 1.1077992606638693e-06, 1.0309549303667565e-06, 9.584831011312433e-07, 8.911930667147827e-07, 8.28177477213828e-07, 7.705869688030279e-07, 7.161944570273539e-07, 6.659389073050667e-07, 6.180057513841618e-07, 5.736020613922044e-07, 5.325458203139559e-07, 4.948478052986329e-07, 4.5984235739543505e-07, 4.270854710446922e-07, 3.967523074530702e-07, 3.684292542947066e-07, 3.4188734936957516e-07, 3.1712872010356576e-07, 2.941351796411769e-07, 2.725099384010255e-07, 2.526494369968993e-07, 2.3415407481945702e-07, 2.1715773211755118e-07, 2.012788932773184e-07, 1.8640023955560686e-07, 1.7286892119345006e-07, 1.6027470168767058e-07, 1.4853408419150971e-07, 1.3775051571752274e-07, 1.2749181319092178e-07, 1.1799270573133051e-07, 1.0928500719275912e-07, 1.0109663791577296e-07, 9.350701599843428e-08, 8.629053539171066e-08, 7.97451947881114e-08, 7.360326981805927e-08, 6.802934339983527e-08, 6.290316618502238e-08, 5.8104932550782547e-08, 5.3691503872144085e-08, 4.9545776216478434e-08, 4.579395474838175e-08]
ndim2: 500
W_list: [3.1999999999999997]
L_list: [13.721467418455081]
