R_list= [ 1  2  3  4  5  6  7  8  9 10 11 12 13 14 15 16 17 18 19 20 21 22 23 24
 25 26 27 28 29 30 31 32 33 34 35 36 37 38]
C_final_list= [1.5513108964066067e-06, 1.4276584708407702e-06, 1.3189796708613115e-06, 1.218642283862857e-06, 1.1254051467037926e-06, 1.0393718649225984e-06, 9.590009530939989e-07, 8.845877225028818e-07, 8.15460221484622e-07, 7.510743728730607e-07, 6.914921632095721e-07, 6.357582750895404e-07, 5.843994364671211e-07, 5.37571165312732e-07, 4.949687305681428e-07, 4.550034686154934e-07, 4.1869406541128667e-07, 3.851862766193023e-07, 3.5397617854544364e-07, 3.2521000642156073e-07, 2.990056278537648e-07, 2.7416966904178254e-07, 2.5161094955143535e-07, 2.3099030957305645e-07, 2.119623533062486e-07, 1.9461173058406325e-07, 1.7840023770925933e-07, 1.6357064455558544e-07, 1.4992702376639977e-07, 1.3761354432617179e-07, 1.262233027596895e-07, 1.157716272512473e-07, 1.0606945550994268e-07, 9.719117127460746e-08, 8.918046433755151e-08, 8.173015216063042e-08, 7.48541347079725e-08, 6.860856657260178e-08]
W_list: [5]
L_list: [12.14096244028445]
