C_final_list: [1.7927804198913116e-06, 1.6554311953420455e-06, 1.5258343398965183e-06, 1.4062833955064717e-06, 1.2971646428297712e-06, 1.1959430234039902e-06, 1.1037324867176125e-06, 1.0188629974267689e-06, 9.409536891278221e-07, 8.682879045780603e-07, 8.002047375022587e-07, 7.38405344651806e-07, 6.813702295109031e-07, 6.285163246498218e-07, 5.794207270106253e-07, 5.340694676784677e-07, 4.926956253849078e-07, 4.5425125470886073e-07, 4.178634068371952e-07, 3.8399857530407246e-07, 3.530057190262523e-07, 3.2447426757249603e-07, 2.980039605743642e-07, 2.7359731472241107e-07, 2.514446809340112e-07, 2.307882338767207e-07, 2.11977891052405e-07, 1.9479450616520843e-07, 1.7882264013684736e-07, 1.64214055265755e-07, 1.5092816722659525e-07, 1.3870567846823878e-07, 1.274200013448656e-07, 1.1712659467023733e-07, 1.0765234080207659e-07, 9.889384715624759e-08, 9.090431751233638e-08, 8.346750549487117e-08, 7.665869373225904e-08, 7.045542140108214e-08, 6.480652699075123e-08, 5.95460675816899e-08, 5.469455353320861e-08, 5.0255527914218696e-08, 4.615996162110467e-08, 4.2353068728236474e-08, 3.8862998783929715e-08, 3.562868784394061e-08, 3.2631634502804845e-08, 2.989469877073721e-08]
ndim2: 500
W_list: [3.3499999999999996]
L_list: [12.264243246776335]
