C_final_list: [1.408492861685857e-06, 1.1234800383231407e-06, 8.822457005485212e-07, 6.971363188954974e-07, 5.527199619543739e-07, 4.389550068778278e-07, 3.4902528911720533e-07, 2.7662049025834937e-07, 2.1828733124206882e-07, 1.716036431978539e-07, 1.3524816609105828e-07, 1.0652159276912072e-07, 8.348078535589086e-08, 6.514220753394939e-08, 5.128793419873957e-08, 4.030043853566552e-08, 3.177513001098377e-08, 2.5089969530246898e-08, 1.950134095977567e-08, 1.53146915752631e-08, 1.1965333625579178e-08, 9.321362125161713e-09, 7.300218561605795e-09, 5.704483132642787e-09, 4.409526259210734e-09, 3.4001118459317503e-09, 2.6606941898800386e-09, 2.0689056755080054e-09, 1.603442672800437e-09, 1.2396061906521715e-09, 9.716825398613005e-10, 7.614376275626632e-10, 5.852761015962277e-10, 4.5247740092897725e-10, 3.4612248235161366e-10]
ndim2: 500
W_list: [3.0]
L_list: [4.271376984453428]
