C_final_list: [1.8672027950544887e-06, 1.7398635550432255e-06, 1.6186103345320771e-06, 1.5038876277283666e-06, 1.3975117358280038e-06, 1.2988524742507164e-06, 1.2069434719596962e-06, 1.1204086555613402e-06, 1.0404963805497272e-06, 9.660357957205183e-07, 8.975423181396729e-07, 8.347471083466191e-07, 7.749828215089623e-07, 7.20061211051755e-07, 6.691682508812006e-07, 6.218014681067889e-07, 5.777681079247411e-07, 5.370980444949785e-07, 4.988579939330846e-07, 4.634936387374139e-07, 4.307038168020963e-07, 4.0019325274292024e-07, 3.719553797799197e-07, 3.4554358285998697e-07, 3.207730709208069e-07, 2.974965827922903e-07, 2.7591111210409246e-07, 2.55785391341707e-07, 2.3750469233052102e-07, 2.2048584970295208e-07, 2.04528132223821e-07, 1.8949691355579956e-07, 1.7567238276351182e-07, 1.6270119615254043e-07, 1.5072037268911542e-07, 1.3978200746758765e-07, 1.2960419711836475e-07, 1.201392632184679e-07, 1.1137479688083658e-07, 1.0314266218057394e-07, 9.551176479943539e-08, 8.83174537621639e-08, 8.162039790831228e-08, 7.549667864529817e-08, 6.979615844108432e-08, 6.45388482369243e-08, 5.969321174430272e-08, 5.521305490073863e-08, 5.1025789692943214e-08, 4.713565341089444e-08]
ndim2: 500
W_list: [3.2]
L_list: [13.569270378621258]
