R_list= [ 1  2  3  4  5  6  7  8  9 10 11 12 13 14 15 16 17 18 19 20 21 22 23 24
 25 26 27 28 29 30 31 32 33 34 35 36 37 38]
C_final_list= [1.2667793538008536e-06, 1.2286528268395894e-06, 1.1910486930286278e-06, 1.1545427090579145e-06, 1.1190347129879199e-06, 1.084530955337082e-06, 1.0510240886202247e-06, 1.0185777149701656e-06, 9.871859446387781e-07, 9.57013960403096e-07, 9.277007045871909e-07, 8.994250040041593e-07, 8.718677495650793e-07, 8.450086403028463e-07, 8.188746813519913e-07, 7.937003964498059e-07, 7.693026825682046e-07, 7.454157306103196e-07, 7.222957027565054e-07, 6.995931334032335e-07, 6.774062827655576e-07, 6.559257350790246e-07, 6.351438312485503e-07, 6.151132283635116e-07, 5.956373064644045e-07, 5.767014214427585e-07, 5.583395796375158e-07, 5.405746650395211e-07, 5.233383986570693e-07, 5.068767859453235e-07, 4.908438396428291e-07, 4.7512851190050894e-07, 4.5989950945139085e-07, 4.451324130052903e-07, 4.307953530292239e-07, 4.169517772183023e-07, 4.034545196184403e-07, 3.903509215571923e-07]
W_list: [5]
L_list: [31.630542194567926]
