R_list= [ 1  2  3  4  5  6  7  8  9 10 11 12 13 14 15 16 17 18 19 20 21 22 23 24
 25 26 27 28 29 30 31 32 33 34 35 36 37 38]
C_final_list= [2.117079872900794e-06, 2.0113061942631515e-06, 1.9374112463422557e-06, 1.8587098125134941e-06, 1.7850356795864964e-06, 1.7142466166834662e-06, 1.6461007725566377e-06, 1.5801075110203035e-06, 1.5168519452947328e-06, 1.4570195792725847e-06, 1.3994917576758499e-06, 1.344750881639823e-06, 1.2918606347649417e-06, 1.2411790599178572e-06, 1.1929306665303133e-06, 1.1469429659811048e-06, 1.1025032350416956e-06, 1.059940777720626e-06, 1.018597873274026e-06, 9.790606933439048e-07, 9.408948292317635e-07, 9.039195143202583e-07, 8.687469389388417e-07, 8.351086405076309e-07, 8.024554733043984e-07, 7.705989679109892e-07, 7.399157527185534e-07, 7.104728065933259e-07, 6.820093801717121e-07, 6.548239325502808e-07, 6.287384434750799e-07, 6.039434623648221e-07, 5.797446894328381e-07, 5.563204377757991e-07, 5.336681815100494e-07, 5.120728719957018e-07, 4.914005527959907e-07, 4.712801931613625e-07]
W_list: [4]
L_list: [24.85729414123858]
