C_final_list: [1.982184096717874e-06, 1.7601197188227733e-06, 1.5546560524417859e-06, 1.3726579678955176e-06, 1.2141015229610446e-06, 1.0701430071356652e-06, 9.447130310037801e-07, 8.333440758595881e-07, 7.334551759858053e-07, 6.459368295612817e-07, 5.700473084964582e-07, 5.030859127516268e-07, 4.436162186118299e-07, 3.918438343738468e-07, 3.4569231872740184e-07, 3.053166297212188e-07, 2.700355890850334e-07, 2.384277406780172e-07, 2.098356854404826e-07, 1.8426556365815762e-07, 1.6187900646957345e-07, 1.4193120942775867e-07, 1.2461737730605503e-07, 1.0962092661282284e-07, 9.629174027195526e-08, 8.481175696067976e-08, 7.461694868102841e-08, 6.587522398849333e-08, 5.80226245838204e-08, 5.095577216843256e-08, 4.480928906988604e-08, 3.9280560842724076e-08, 3.43554613575255e-08, 3.0091061155758365e-08, 2.64178578348153e-08]
ndim2: 500
W_list: [2.8]
L_list: [8.001024153679216]
