R_list= [ 1  2  3  4  5  6  7  8  9 10 11 12 13 14 15 16 17 18 19 20 21 22 23 24
 25 26 27 28 29 30 31 32 33 34 35 36 37 38]
C_final_list= [1.0397665108508127e-07, 6.93291987236037e-08, 4.516631197654784e-08, 2.9203379220621644e-08, 1.88661104563505e-08, 1.2159248233172723e-08, 7.774959970141219e-09, 4.923952216538013e-09, 3.129447145044807e-09, 1.981303076110608e-09, 1.2491397753634156e-09, 7.865836793932057e-10, 4.989260152954127e-10, 3.143986501374733e-10, 1.9728156782320016e-10, 1.226004456033967e-10, 7.579047002242082e-11, 4.628432355371434e-11, 2.8057285579798816e-11, 1.7085094884236453e-11, 1.037284422796178e-11, 6.276082741303376e-12, 3.835849181291188e-12, 2.376779789624663e-12, 1.495114913417488e-12, 9.496941945696895e-13, 5.752576751972129e-13, 3.462408263469494e-13, 2.0758107869939565e-13, 1.2592300481361622e-13, 8.002742999389766e-14, 5.0489598888008596e-14, 3.140450278704334e-14, 1.9879382865518123e-14, 1.322960581992655e-14, 8.127701908293234e-15, 4.743909975225898e-15, 2.7777494050724525e-15]
W_list: [7]
L_list: [2.353693383563246]
