R_list= [ 1  2  3  4  5  6  7  8  9 10 11 12 13 14 15 16 17 18 19 20 21 22 23 24
 25 26 27 28 29 30 31 32 33 34 35 36 37 38]
C_final_list= [3.3641206505094626e-05, 2.1397337675780596e-05, 1.3565980335896054e-05, 8.583521181477543e-06, 5.416692489008481e-06, 3.4095591118263856e-06, 2.1435212982441016e-06, 1.3501067857409886e-06, 8.492911779204624e-07, 5.334242843952844e-07, 3.343866992118307e-07, 2.0894069021430387e-07, 1.3063776957743074e-07, 8.149336879496876e-08, 5.0717084714959425e-08, 3.174938784477845e-08, 1.9985872069855535e-08, 1.2489145068383701e-08, 7.808410474195978e-09, 4.928184688489723e-09, 3.0903867972645385e-09, 1.9395864028904164e-09, 1.2133020070872123e-09, 7.465012200353931e-10, 4.632449014948263e-10, 2.8935015359249414e-10, 1.7967837874940568e-10, 1.1391432769741828e-10, 7.292882201055519e-11, 4.679518134951022e-11, 2.9596192224745585e-11, 1.8498371393018784e-11, 1.1625400122408074e-11, 7.326011813717301e-12, 4.665786736271541e-12, 2.8329191386588525e-12, 1.717248801680251e-12, 1.0432329347156295e-12]
W_list: [8.45]
L_list: [2.192996196537531]
