R_list= [ 1  2  3  4  5  6  7  8  9 10 11 12 13 14 15 16 17 18 19 20 21 22 23 24
 25 26 27 28 29 30 31 32 33 34 35 36 37 38]
C_final_list= [3.138670549511846e-05, 2.3809669097409147e-05, 1.7937249111941732e-05, 1.3484859107688145e-05, 1.0151171291378586e-05, 7.6259239096701025e-06, 5.733583041810485e-06, 4.307458487708845e-06, 3.2300728178113785e-06, 2.42014658716339e-06, 1.8108188157616523e-06, 1.3545395840518695e-06, 1.0133855293295738e-06, 7.593395119307491e-07, 5.690072871502261e-07, 4.2625963238593817e-07, 3.1795117225282893e-07, 2.3770875493060694e-07, 1.772437023862173e-07, 1.3231403710079666e-07, 9.871773503399965e-08, 7.374360753400235e-08, 5.529886413944656e-08, 4.1398095354697355e-08, 3.111285772616493e-08, 2.3373689155594802e-08, 1.7478438291150215e-08, 1.303925270399405e-08, 9.75472019933228e-09, 7.319577221939838e-09, 5.465371367850435e-09, 4.1054547925544245e-09, 3.0877391338753747e-09, 2.318962301950917e-09, 1.7481514380653391e-09, 1.3197386952562718e-09, 9.945192135902025e-10, 7.549955978786899e-10]
W_list: [8.15]
L_list: [3.52916465657063]
