R_list= [ 1  2  3  4  5  6  7  8  9 10 11 12 13 14 15 16 17 18 19 20 21 22 23 24
 25 26 27 28 29 30 31 32 33 34 35 36 37 38]
C_final_list= [2.656917349511353e-07, 2.2322187955279702e-07, 1.845635031341328e-07, 1.5139576626770073e-07, 1.2379481108272617e-07, 1.0127730076324755e-07, 8.273896585528737e-08, 6.745573493132738e-08, 5.4711351527651705e-08, 4.4376859858496736e-08, 3.591800097328218e-08, 2.9125014820455828e-08, 2.369923525885978e-08, 1.9249789591659832e-08, 1.5638475722219926e-08, 1.2710681425064507e-08, 1.0303675485519662e-08, 8.340366312009655e-09, 6.736826177553843e-09, 5.437230203551254e-09, 4.391866269309633e-09, 3.5496033871300764e-09, 2.8651056603064315e-09, 2.3085672517221292e-09, 1.8592102975955799e-09, 1.4954579527491082e-09, 1.2025562558505952e-09, 9.65317922653864e-10, 7.77622595190856e-10, 6.2909333562812e-10, 5.097095320818103e-10, 4.1276372970947e-10, 3.3446581192435006e-10, 2.702829406430476e-10, 2.1875605125720287e-10, 1.7684120846060028e-10, 1.4350773123550211e-10, 1.1684698274146008e-10]
W_list: [8.600000000000001]
L_list: [5.046722413706897]
