R_list= [ 1  2  3  4  5  6  7  8  9 10 11 12 13 14 15 16 17 18 19 20 21 22 23 24
 25 26 27 28 29 30 31 32 33 34 35 36 37 38]
C_final_list= [1.6068086848982682e-07, 6.324366810547877e-08, 1.9565479863735802e-08, 5.352690138250798e-09, 1.3614619413317744e-09, 3.311397195361295e-10, 7.831195638603776e-11, 1.8273311997734903e-11, 4.185463689707708e-12, 9.54372124585393e-13, 2.2121356010647796e-13, 5.4982173036304726e-14, 1.644758952424705e-14, 4.705943104140073e-15, 9.043284785777652e-16, 1.83202815558635e-16, 4.0467761957426644e-17, 9.45253145061523e-18, 2.221490918902105e-18, 5.203794515358845e-19, 1.2909659631102424e-19, 3.7775156291429514e-20, 1.218414127156266e-20, 4.163076041845977e-21, 1.7017728581664194e-21, 8.434048831160335e-22, 5.10231509567664e-22, 3.599980554829967e-22, 2.929397939127579e-22, 2.700867822868683e-22, 2.683210754200173e-22, 2.693459280025763e-22, 2.6933441986310526e-22, 2.785277296158714e-22, 2.921490441190385e-22, 3.0214459381361663e-22, 2.9668721069991523e-22, 2.9059129789301564e-22]
W_list: [6]
L_list: [1.0062048257523843]
