C_list:
1.8293489999287538e-06 0.3388266183814158
ndim2: 500
W_list: [4.2]
L_list: [2.9513619820574544]
