C_final_list: [1.525612454748792e-06, 1.20328685862381e-06, 9.505978379444581e-07, 7.485452412767688e-07, 5.888386248750257e-07, 4.6405375499596155e-07, 3.64506917013908e-07, 2.8527761082236775e-07, 2.238512684597768e-07, 1.7531550317647982e-07, 1.3622325563144325e-07, 1.0603758031121533e-07, 8.261261892375767e-08, 6.42789500563785e-08, 5.0156464893358666e-08, 3.914323577628182e-08, 3.02841253510048e-08, 2.342510050106774e-08, 1.8146236251403976e-08, 1.410075872530642e-08, 1.0898654996852175e-08, 8.480967597871947e-09, 6.5859385269699935e-09, 5.13020306033132e-09, 3.952112105114426e-09, 3.0558111559229668e-09, 2.3537809667467666e-09, 1.811751560724123e-09, 1.3800825173517005e-09, 1.0430621028272714e-09, 7.870639440956866e-10, 6.013472348967664e-10, 4.5927712268714077e-10, 3.556496969864071e-10, 2.7481860651118094e-10]
ndim2: 500
W_list: [3.8]
L_list: [4.171252270659699]
