R_list= [ 1  2  3  4  5  6  7  8  9 10 11 12 13 14 15 16 17 18 19 20 21 22 23 24
 25 26 27 28 29 30 31 32 33 34 35 36 37 38]
C_final_list= [4.0683727327464224e-07, 3.535259776453634e-07, 3.0417410220582086e-07, 2.6019622803889463e-07, 2.2258165003936483e-07, 1.9051347323593965e-07, 1.6291241347926377e-07, 1.3919039842800184e-07, 1.1886114628564256e-07, 1.0111507624632762e-07, 8.587381803839518e-08, 7.299378915317124e-08, 6.193355869761836e-08, 5.250969472076582e-08, 4.466445088491308e-08, 3.803578294509597e-08, 3.241670568820585e-08, 2.7603900421634517e-08, 2.3529291893076158e-08, 2.0039545578597476e-08, 1.7050267036001706e-08, 1.4502103976718183e-08, 1.2304040103808e-08, 1.0444429284586909e-08, 8.855558789776094e-09, 7.496049666246295e-09, 6.349627338078938e-09, 5.396554547405779e-09, 4.582041384036191e-09, 3.879570421352529e-09, 3.2854174121461807e-09, 2.785221170869667e-09, 2.3530274388128782e-09, 1.987158930375528e-09, 1.6768615028374278e-09, 1.410355028034335e-09, 1.1898807930885744e-09, 1.0042238380760433e-09]
W_list: [8.2]
L_list: [6.401640784351957]
