C_list:
1.1846905117571454e-06 0.08426958502439576
ndim2: 500
W_list: [3.0]
L_list: [11.866677635952561]
