R_list= [ 1  2  3  4  5  6  7  8  9 10 11 12 13 14 15 16 17 18 19 20 21 22 23 24
 25 26 27 28 29 30 31 32 33 34 35 36 37 38]
C_final_list= [2.2585161679907862e-06, 2.0504875018789826e-06, 1.9169348576297295e-06, 1.7907017138450685e-06, 1.6703523155592328e-06, 1.5580206883537276e-06, 1.4539773488791554e-06, 1.3576532701709004e-06, 1.2677884718204954e-06, 1.183676764815966e-06, 1.1056706658449364e-06, 1.0315034098189127e-06, 9.62059686285781e-07, 8.976450873477494e-07, 8.383143599090877e-07, 7.826734952665364e-07, 7.306053696646324e-07, 6.820681814527082e-07, 6.364750198180344e-07, 5.935527033178108e-07, 5.534764328671991e-07, 5.159436596198052e-07, 4.805991948878563e-07, 4.472207048119993e-07, 4.1591013919326846e-07, 3.8728041152327977e-07, 3.6057891501944406e-07, 3.3587608837275417e-07, 3.126613088202204e-07, 2.907196634589089e-07, 2.705441167299771e-07, 2.518018363814687e-07, 2.3423179104373754e-07, 2.179632360006071e-07, 2.0289032222498684e-07, 1.8857046253667164e-07, 1.7515971979944518e-07, 1.6287785879741616e-07]
W_list: [4]
L_list: [14.320188347365155]
