C_final_list: [1.469660276331846e-06, 1.4385553191210102e-06, 1.4072451243785941e-06, 1.376591170051911e-06, 1.3466730191623991e-06, 1.3176608389609349e-06, 1.289262781819784e-06, 1.261166517304614e-06, 1.2335635580214146e-06, 1.2067274733081735e-06, 1.180696096309814e-06, 1.1547646846370566e-06, 1.129520342391819e-06, 1.1049279553092402e-06, 1.080600891939904e-06, 1.0568464396013417e-06, 1.0338953578900476e-06, 1.0113753078063812e-06, 9.893451482028471e-07, 9.680051200041094e-07, 9.471951862504396e-07, 9.269658193435341e-07, 9.070221073930711e-07, 8.873798968658859e-07, 8.682480692624275e-07, 8.493870422992896e-07, 8.309259721311597e-07, 8.128835921694984e-07, 7.953376785398176e-07, 7.781222206322444e-07, 7.612408345525199e-07, 7.445622195398188e-07, 7.280985150583952e-07, 7.122011072448509e-07, 6.965313666163611e-07, 6.811666486650412e-07, 6.659718525122344e-07, 6.510690486044194e-07, 6.362304433329348e-07, 6.218588652525924e-07, 6.077111138655016e-07, 5.938772973425489e-07, 5.803240040127354e-07, 5.671114081642413e-07, 5.541817140418359e-07, 5.415587904189421e-07, 5.290588901494774e-07, 5.168785819714022e-07, 5.049523238613303e-07, 4.932757659964554e-07]
ndim2: 500
W_list: [3.3]
L_list: [45.264768918025375]
