R_list= [ 1  2  3  4  5  6  7  8  9 10 11 12 13 14 15 16 17 18 19 20 21 22 23 24
 25 26 27 28 29 30 31 32 33 34 35 36 37 38]
C_final_list= [4.3532635578645943e-07, 3.8885904093771864e-07, 3.4373037902081014e-07, 3.0343745815267204e-07, 2.677657842285436e-07, 2.3584955978233948e-07, 2.076449128773579e-07, 1.8270878638360112e-07, 1.6052318024220418e-07, 1.409507619942938e-07, 1.2380957771589345e-07, 1.0893056899966345e-07, 9.59071828974618e-08, 8.448061565705786e-08, 7.446621576962701e-08, 6.557834542486872e-08, 5.758788058584972e-08, 5.0540441918385494e-08, 4.4340642627186894e-08, 3.889247019568328e-08, 3.4129735453224606e-08, 2.99389390274003e-08, 2.621498275540294e-08, 2.2956500591179434e-08, 2.0052161521271585e-08, 1.7494604341020356e-08, 1.5266039253274754e-08, 1.332922566537913e-08, 1.1637735019519535e-08, 1.0161934578845087e-08, 8.87174063178326e-09, 7.72796941155096e-09, 6.73398895736489e-09, 5.865444215998841e-09, 5.108155696095011e-09, 4.450368746351002e-09, 3.879338405309891e-09, 3.366619950143179e-09]
W_list: [7.0]
L_list: [7.895630901406737]
