C_list:
1.5362472258700825e-06 0.030052756821581577
ndim2: 500
W_list: [1.7999999999999998]
L_list: [33.27481754625176]
