R_list= [ 1  2  3  4  5  6  7  8  9 10 11 12 13 14 15 16 17 18 19 20 21 22 23 24
 25 26 27 28 29 30 31 32 33 34 35 36 37 38]
C_final_list= [6.141203115395265e-06, 5.219119311498298e-06, 4.3955508386863555e-06, 3.6883099902551614e-06, 3.0878578717598774e-06, 2.5809154321289356e-06, 2.156838156423094e-06, 1.804065524114896e-06, 1.5091057232408777e-06, 1.261675869711992e-06, 1.0530441754684405e-06, 8.771524600515026e-07, 7.29947535498003e-07, 6.075131908526767e-07, 5.054360791119066e-07, 4.2017569365159994e-07, 3.4925722401790663e-07, 2.9037225578125306e-07, 2.415802552623203e-07, 2.0114309529371195e-07, 1.6751358836461908e-07, 1.3941891641869315e-07, 1.1598841888963432e-07, 9.636475484535667e-08, 8.004507835882288e-08, 6.656022086073979e-08, 5.5338310276118204e-08, 4.610289422769851e-08, 3.8447623368753984e-08, 3.206290690709664e-08, 2.674180559645936e-08, 2.22038442943284e-08, 1.8409492555770624e-08, 1.5262235394844557e-08, 1.264509054078846e-08, 1.0499121163734978e-08, 8.705442861810555e-09, 7.2132969447989565e-09]
W_list: [8.3]
L_list: [5.661424039245548]
