C_final_list: [1.0567370203176283e-06, 1.0193102786690151e-06, 9.812470630803936e-07, 9.436447015955304e-07, 9.070963724754204e-07, 8.717787289019616e-07, 8.374500500496157e-07, 8.044055167651996e-07, 7.726167540498401e-07, 7.419539803155806e-07, 7.123310674777292e-07, 6.8412342211727e-07, 6.567913578171007e-07, 6.302466425311404e-07, 6.047770886214429e-07, 5.801143678373431e-07, 5.565132091539934e-07, 5.339928321164678e-07, 5.124433694680375e-07, 4.916929856945106e-07, 4.720294536162463e-07, 4.5292534923588045e-07, 4.3469025152956113e-07, 4.170012980030448e-07, 4.0017986599554e-07, 3.840221250193714e-07, 3.68471182891654e-07, 3.5350544822268904e-07, 3.3921566126142595e-07, 3.254734415005535e-07, 3.123957028130474e-07, 2.998590650965585e-07, 2.877403855954841e-07, 2.76028040542387e-07, 2.6472395821799797e-07, 2.538683195867784e-07, 2.4336502418243564e-07, 2.3323314747105417e-07, 2.2349366552247304e-07, 2.141700564768944e-07, 2.051081706719624e-07, 1.9639547306248072e-07, 1.8808111097059637e-07, 1.8002873514951462e-07, 1.723771031173144e-07, 1.650899781426968e-07, 1.5814662475833457e-07, 1.514880722177213e-07, 1.4515581757762896e-07, 1.3902188803311716e-07]
ndim2: 500
W_list: [3.8]
L_list: [24.40625937111926]
