C_list:
1.7693121738540656e-06 0.0347037288981605
ndim2: 500
W_list: [1.4]
L_list: [28.815347276788053]
