R_list= [ 1  2  3  4  5  6  7  8  9 10 11 12 13 14 15 16 17 18 19 20 21 22 23 24
 25 26 27 28 29 30 31 32 33 34 35 36 37 38]
C_final_list= [3.513620088488495e-07, 3.047702932779462e-07, 2.619489574128319e-07, 2.235763540573165e-07, 1.9024528203251197e-07, 1.6154497454175128e-07, 1.370567619935156e-07, 1.1614835206408787e-07, 9.83520708406352e-08, 8.322801864517158e-08, 7.034337222830616e-08, 5.933498203886891e-08, 4.998007945626009e-08, 4.205821744048422e-08, 3.536979848906962e-08, 2.97148364027622e-08, 2.494909056550338e-08, 2.093325991358212e-08, 1.7522654281602145e-08, 1.4679002780355363e-08, 1.2319211615443302e-08, 1.0361026390690239e-08, 8.703583074830074e-09, 7.3067027489553975e-09, 6.142693334685063e-09, 5.167987084484703e-09, 4.3353044573391044e-09, 3.6388211780219514e-09, 3.0548035325592816e-09, 2.5595513777831786e-09, 2.145837282010662e-09, 1.8010195628194686e-09, 1.5112590003403922e-09, 1.2676024373965757e-09, 1.0651260315784907e-09, 8.952726714749176e-10, 7.528112434990328e-10, 6.3353267094399e-10]
W_list: [7.800000000000001]
L_list: [6.181286687479328]
