C_final_list: [1.6573721868235211e-06, 1.5321057390311457e-06, 1.4123406303749597e-06, 1.3001862371634458e-06, 1.1978184255220726e-06, 1.1029862331169187e-06, 1.014792766966765e-06, 9.338845067203725e-07, 8.581122618019649e-07, 7.912189295625095e-07, 7.283682113226818e-07, 6.696409022072359e-07, 6.169084431347276e-07, 5.680613762831287e-07, 5.22753120220764e-07, 4.818685381005098e-07, 4.4299667078203733e-07, 4.079836402519998e-07, 3.7536439503386464e-07, 3.4500500183648206e-07, 3.171961244806495e-07, 2.9147176984377363e-07, 2.6759278179500385e-07, 2.452929824158691e-07, 2.2515390298094602e-07, 2.0643236557627654e-07, 1.8938417038110924e-07, 1.7386378086605963e-07, 1.5939160402118657e-07, 1.4626859832928887e-07, 1.3436450486104205e-07, 1.232175902683287e-07, 1.1288489448154242e-07, 1.0353420264372888e-07, 9.494254989132878e-08]
ndim2: 500
W_list: [2.0]
L_list: [12.049060854004894]
