C_final_list: [1.801790012668861e-06, 1.7407018449180717e-06, 1.680843415736139e-06, 1.6223661421414853e-06, 1.5662789569247315e-06, 1.5118465936420533e-06, 1.4592092735754081e-06, 1.4085919675161869e-06, 1.3594703643093514e-06, 1.3118101750009926e-06, 1.2657148577328993e-06, 1.2216863328440373e-06, 1.1784208113808887e-06, 1.137163543515984e-06, 1.0976153073048878e-06, 1.0594509228284736e-06, 1.0226223949420788e-06, 9.86906251261559e-07, 9.522720617895323e-07, 9.193510641480162e-07, 8.872614997367279e-07, 8.562940489253501e-07, 8.2638299318925e-07, 7.971655973144398e-07, 7.68737976729772e-07, 7.413924106688695e-07, 7.148526948703432e-07, 6.892138882183094e-07, 6.645156799752914e-07, 6.405361014227207e-07, 6.175860538011262e-07, 5.956536432661526e-07, 5.742170821944168e-07, 5.53706621294962e-07, 5.336833598677125e-07, 5.143579550719425e-07, 4.956596323811978e-07, 4.772763042084364e-07, 4.5976884618669045e-07, 4.4284952706523647e-07, 4.2650810421567717e-07, 4.1070965230259337e-07, 3.954104753185798e-07, 3.8071254563861016e-07, 3.666690516860358e-07, 3.530858023730665e-07, 3.400235076736669e-07, 3.2746632755248706e-07, 3.153506605038787e-07, 3.036008770063974e-07]
ndim2: 500
W_list: [3.15]
L_list: [27.848391921712643]
