R_list= [ 1  2  3  4  5  6  7  8  9 10 11 12 13 14 15 16 17 18 19 20 21 22 23 24
 25 26 27 28 29 30 31 32 33 34 35 36 37 38]
C_final_list= [5.113524924111968e-07, 4.807221825026988e-07, 4.496805002445914e-07, 4.1936504569876756e-07, 3.9056205348961374e-07, 3.631127962278021e-07, 3.377267795168962e-07, 3.1400134093036603e-07, 2.9187469991271355e-07, 2.7144919792218453e-07, 2.524217153552485e-07, 2.346448944499841e-07, 2.181366044895445e-07, 2.027542781571546e-07, 1.8855350435259285e-07, 1.7528118200697414e-07, 1.6296126371226506e-07, 1.5148034225101424e-07, 1.4070926690230032e-07, 1.3068723414181683e-07, 1.2131365243998354e-07, 1.126285819054423e-07, 1.045297571718153e-07, 9.695198503010762e-08, 8.98944419166092e-08, 8.331669364548331e-08, 7.722654267784349e-08, 7.15711633158287e-08, 6.63413351492328e-08, 6.149150015213505e-08, 5.69723390175638e-08, 5.2770533899273344e-08, 4.8869099786467584e-08, 4.524931285717028e-08, 4.188364469392485e-08, 3.874047751743962e-08, 3.5838015647279696e-08, 3.314924808480894e-08]
W_list: [7.0]
L_list: [13.767638653433199]
