C_final_list: [1.7294016912786023e-06, 1.6681602153823367e-06, 1.607760884228536e-06, 1.5497168823281897e-06, 1.493504818578009e-06, 1.4391302763170686e-06, 1.3865640112954224e-06, 1.3361638347450677e-06, 1.2871888849345993e-06, 1.2406237957152431e-06, 1.1954744439329737e-06, 1.1515934874378715e-06, 1.1101462841738787e-06, 1.0693643298468237e-06, 1.0306380741762876e-06, 9.932820274897352e-07, 9.573157772567006e-07, 9.226921025844969e-07, 8.89147443510691e-07, 8.566524132688405e-07, 8.254196703081064e-07, 7.95059733634176e-07, 7.658724258635323e-07, 7.374725753246729e-07, 7.099621940892681e-07, 6.835284939045116e-07, 6.581527029215491e-07, 6.33554113658419e-07, 6.096839527838498e-07, 5.868481122452072e-07, 5.650897053683261e-07, 5.43807293933344e-07, 5.232867571887661e-07, 5.036750129913836e-07, 4.845870051299518e-07, 4.659818097052022e-07, 4.481594718212382e-07, 4.31063307146968e-07, 4.1456831988471345e-07, 3.9856135839345733e-07, 3.830357499400101e-07, 3.681549015960542e-07, 3.5382963691934313e-07, 3.3984883310063097e-07, 3.264239151814599e-07, 3.135379971329518e-07, 3.01212975936631e-07, 2.8951603620108476e-07, 2.7829917476310105e-07, 2.674860652560814e-07]
ndim2: 500
W_list: [3.2]
L_list: [26.645179130977297]
