C_final_list: [1.928768649227606e-06, 1.6795350891572384e-06, 1.454574874069758e-06, 1.2574713537007637e-06, 1.0852416673743221e-06, 9.393509883430551e-07, 8.129002286202358e-07, 7.037368698701074e-07, 6.077730304759179e-07, 5.238444911808947e-07, 4.5212056148187273e-07, 3.9056386610887737e-07, 3.365156308598048e-07, 2.906731195379071e-07, 2.5158850363307784e-07, 2.1741368429401933e-07, 1.877494511875096e-07, 1.6181337592823686e-07, 1.394377485959693e-07, 1.2027732429516374e-07, 1.0364914733436824e-07, 8.948184606935096e-08, 7.707896552091096e-08, 6.64209580665209e-08, 5.708750554173905e-08, 4.9145971828035966e-08, 4.234341236767415e-08, 3.6461432511029625e-08, 3.133376081475526e-08, 2.692703418565377e-08, 2.3132808882806462e-08, 1.9867907254024148e-08, 1.700647053906842e-08, 1.4565110871215455e-08, 1.2523792283471469e-08, 1.0756775466338601e-08, 9.239943835364607e-09, 7.89163627323101e-09, 6.754031570126991e-09, 5.788465751159045e-09, 4.938093330452401e-09, 4.220791210390189e-09, 3.6220164018308563e-09, 3.098011345319818e-09, 2.649190539927068e-09, 2.2603548170912425e-09, 1.923963329604465e-09, 1.6294336253487217e-09, 1.3888460794406817e-09, 1.1836160865446369e-09]
ndim2: 500
W_list: [3.2]
L_list: [6.875480281121218]
