C_final_list: [2.066977037379627e-06, 1.8209037922316635e-06, 1.5956538150532626e-06, 1.406064758977123e-06, 1.239079270114826e-06, 1.0888585400977788e-06, 9.550468780365499e-07, 8.38570156502516e-07, 7.353085569620754e-07, 6.448521606245339e-07, 5.66334663076724e-07, 4.951481550470252e-07, 4.3381394526367e-07, 3.809203562792753e-07, 3.3421958101186333e-07, 2.932623097386411e-07, 2.571974806100983e-07, 2.2572167157362698e-07, 1.9780436649187946e-07, 1.7379051784814374e-07, 1.5229273132948761e-07, 1.335332861233393e-07, 1.1682525740559667e-07, 1.0215662867215203e-07, 8.942058737515824e-08, 7.813878571154792e-08, 6.823083380363839e-08, 5.9414218756325686e-08, 5.188039072626376e-08, 4.529223682380417e-08, 3.9509889642317765e-08, 3.447328241525841e-08, 3.0078011027199075e-08, 2.6336786153458465e-08, 2.3076545123849464e-08, 2.015444878834885e-08, 1.7544536350523198e-08, 1.5255703714899747e-08, 1.3276284736978708e-08, 1.1542913879226762e-08, 1.0014110497821537e-08, 8.702375598069271e-09, 7.58516625665282e-09, 6.593086114487637e-09, 5.719921891801648e-09, 4.9515557632923186e-09, 4.2936700059393124e-09, 3.7112117794958993e-09, 3.2096486807239244e-09, 2.7789500140091964e-09]
ndim2: 500
W_list: [3.0]
L_list: [7.692157660889093]
