C_final_list: [7.441385286049244e-07, 7.038740693635763e-07, 6.635160465384079e-07, 6.242459410303716e-07, 5.866927741576496e-07, 5.509877836550239e-07, 5.173255441544087e-07, 4.856242245572055e-07, 4.5587765451505844e-07, 4.276776491570625e-07, 4.011654530323848e-07, 3.7619284759502856e-07, 3.5277851608977324e-07, 3.305591711971921e-07, 3.096978470331323e-07, 2.901747454284173e-07, 2.717785661072934e-07, 2.5436674970220586e-07, 2.3803960261502334e-07, 2.226686821168966e-07, 2.0834103373214988e-07, 1.9486243935050117e-07, 1.8234754130078443e-07, 1.7056079287691447e-07, 1.594669717074012e-07, 1.4914060850028474e-07, 1.3944185303882813e-07, 1.3034855999331224e-07, 1.2191392942514886e-07, 1.1403117052105128e-07, 1.0668135250007483e-07, 9.977034471040376e-08, 9.329542339039586e-08, 8.723795063872643e-08, 8.162948683017047e-08, 7.640005091991184e-08, 7.144504691933216e-08, 6.678394050363194e-08, 6.240186394685295e-08, 5.830689589532393e-08, 5.4434491030499086e-08, 5.07685974619998e-08, 4.7362323845441655e-08, 4.413516657974895e-08, 4.114305050583536e-08, 3.832382583501241e-08, 3.569506014063182e-08, 3.3236191334747797e-08, 3.093683241662129e-08, 2.8791918027037435e-08]
ndim2: 500
W_list: [4.2]
L_list: [15.494292735085095]
