C_final_list: [1.5021156347233803e-06, 1.4329330520267052e-06, 1.3636360503199282e-06, 1.2979781145078156e-06, 1.236250865996916e-06, 1.1774042068845393e-06, 1.1215847247251837e-06, 1.068309603382975e-06, 1.016669799679822e-06, 9.684974001681958e-07, 9.221283550137648e-07, 8.780890161904602e-07, 8.351894505297928e-07, 7.945295968636749e-07, 7.559250496390247e-07, 7.190688804824733e-07, 6.845201118199535e-07, 6.512726903474315e-07, 6.195246972760624e-07, 5.893900973903834e-07, 5.604529092827643e-07, 5.330564865933342e-07, 5.068674309046294e-07, 4.819463521691226e-07, 4.581152821438825e-07, 4.3553156383500554e-07, 4.142341872447251e-07, 3.9383072623774183e-07, 3.7440572685164444e-07, 3.558869683950512e-07, 3.384491224604774e-07, 3.215134096840876e-07, 3.056209663897078e-07, 2.905302537032317e-07, 2.760661561737535e-07]
ndim2: 500
W_list: [3.4000000000000004]
L_list: [20.18733426607445]
