R_list= [ 1  2  3  4  5  6  7  8  9 10 11 12 13 14 15 16 17 18 19 20 21 22 23 24
 25 26 27 28 29 30 31 32 33 34 35 36 37 38]
C_final_list= [8.793356396530527e-07, 7.635826827201197e-07, 6.656856516490474e-07, 5.776935541711591e-07, 5.023875226387702e-07, 4.3661178451773455e-07, 3.801163908887639e-07, 3.3087305597744867e-07, 2.877605767105412e-07, 2.500085379416718e-07, 2.1725742959913692e-07, 1.8854476262700045e-07, 1.6369649881997024e-07, 1.4205251659516264e-07, 1.2293478023506022e-07, 1.0635655916579716e-07, 9.174308333288281e-08, 7.918827176855774e-08, 6.830533191345583e-08, 5.885372947449651e-08, 5.0602777971100594e-08, 4.3414720356025086e-08, 3.718245339687008e-08, 3.1860709949727625e-08, 2.735409667788939e-08, 2.3485942321980107e-08, 2.0158312622872405e-08, 1.7264166233675282e-08, 1.4776774260956638e-08, 1.2663647707308207e-08, 1.084973839282738e-08, 9.304182829510056e-09, 7.990558829226713e-09, 6.83400853916627e-09, 5.8609633722332684e-09, 5.020834524261762e-09, 4.2987543808890636e-09, 3.6947853288216873e-09]
W_list: [6.2]
L_list: [7.103495040915987]
