C_final_list: [1.9461105298139485e-06, 1.7018935866369952e-06, 1.480849447138578e-06, 1.2877292745758465e-06, 1.125682027839491e-06, 9.807733025388099e-07, 8.557030138469554e-07, 7.473472765062608e-07, 6.518289148910594e-07, 5.668632829786906e-07, 4.940115065618366e-07, 4.296804386716985e-07, 3.747771177825458e-07, 3.2722256114818795e-07, 2.8392307975856604e-07, 2.467025609914842e-07, 2.142885679259796e-07, 1.8585084248243383e-07, 1.611562062777922e-07, 1.3983772479387775e-07, 1.2155992880159309e-07, 1.0574344780659491e-07, 9.228231742023728e-08, 8.04593675815113e-08, 6.991351369205944e-08, 6.078811437010046e-08, 5.297514927849294e-08, 4.600481451299259e-08, 3.978845650881334e-08, 3.458313264712448e-08, 2.9911420332796397e-08, 2.5950942352851135e-08, 2.2525801159573972e-08, 1.947999538321808e-08, 1.6849740152061782e-08, 1.4547254061731041e-08, 1.2504892133031857e-08, 1.0792008158136263e-08, 9.26290908397804e-09, 7.974780633006212e-09, 6.848246130297454e-09, 5.891366892359571e-09, 5.062112093233103e-09, 4.3595954224525454e-09, 3.763051100716311e-09, 3.2465985943732783e-09, 2.80086496894659e-09, 2.4028741062148574e-09, 2.0707232016675397e-09, 1.780663951838341e-09]
ndim2: 500
W_list: [3.0999999999999996]
L_list: [7.266109864709999]
