R_list= [ 1  2  3  4  5  6  7  8  9 10 11 12 13 14 15 16 17 18 19 20 21 22 23 24
 25 26 27 28 29 30 31 32 33 34 35 36 37 38]
C_final_list= [7.209883666469756e-07, 5.977238819795826e-07, 4.919887997335848e-07, 4.0296654287067334e-07, 3.307751607869645e-07, 2.7218336619896055e-07, 2.2347576965451614e-07, 1.828914301323375e-07, 1.4985381909837742e-07, 1.2270022335674124e-07, 1.001786124730399e-07, 8.172013071524665e-08, 6.644996369160895e-08, 5.3975932526884726e-08, 4.379077457028065e-08, 3.553369968909559e-08, 2.8725454226493788e-08, 2.320276889732417e-08, 1.8696305964497397e-08, 1.5023510750227112e-08, 1.205478445823782e-08, 9.665783882289156e-09, 7.770789000660253e-09, 6.242154991962283e-09, 5.025785650294524e-09, 4.0405409596218655e-09, 3.259385283133701e-09, 2.6270330146437665e-09, 2.115036018572074e-09, 1.7026347726428202e-09, 1.361970091808254e-09, 1.086074053305333e-09, 8.67826798564365e-10, 6.948191061926551e-10, 5.585409353483495e-10, 4.500696620362481e-10, 3.6099554661156755e-10, 2.911002753825082e-10]
W_list: [7.6]
L_list: [5.065675229983449]
