R_list= [ 1  2  3  4  5  6  7  8  9 10 11 12 13 14 15 16 17 18 19 20 21 22 23 24
 25 26 27 28 29 30 31 32 33 34 35 36 37 38]
C_final_list= [1.2709310384976822e-06, 1.2330412170244911e-06, 1.1953905058700472e-06, 1.158937151140606e-06, 1.1234422725935985e-06, 1.0890323280605275e-06, 1.0553038998461448e-06, 1.0223561698601407e-06, 9.906129109439104e-07, 9.59861675021407e-07, 9.301611389853105e-07, 9.012756156498711e-07, 8.733089338884932e-07, 8.461854208949e-07, 8.199762674333092e-07, 7.941545230730184e-07, 7.691749698661687e-07, 7.449039690778679e-07, 7.214568789296828e-07, 6.989960879217583e-07, 6.772245135520821e-07, 6.559549498973961e-07, 6.352993400722967e-07, 6.152601351105186e-07, 5.956501088718187e-07, 5.766300533327971e-07, 5.583041630287373e-07, 5.404997359653404e-07, 5.232824533814684e-07, 5.064444885285287e-07, 4.90180914154714e-07, 4.7455888719768946e-07, 4.5934508809112403e-07, 4.446772101234059e-07, 4.303929260887261e-07, 4.1648700849776547e-07, 4.0307833175866445e-07, 3.899822156348072e-07]
W_list: [5]
L_list: [31.455107209942593]
