R_list= [ 1  2  3  4  5  6  7  8  9 10 11 12 13 14 15 16 17 18 19 20 21 22 23 24
 25 26 27 28 29 30 31 32 33 34 35 36 37 38]
C_final_list= [1.3331135498445256e-07, 7.643802332336509e-08, 3.7731500363622347e-08, 1.7259491535816496e-08, 7.548697107515515e-09, 3.2134174730730173e-09, 1.357836830523221e-09, 5.721452163740485e-10, 2.382575974500291e-10, 9.765573594302347e-11, 3.929890021958244e-11, 1.5544963652845847e-11, 6.058751529525012e-12, 2.3373336554679185e-12, 9.023517156305057e-13, 3.4483887761985127e-13, 1.2965376938509072e-13, 4.790641169346442e-14, 1.75510672896641e-14, 6.485588248442843e-15, 2.4519683030481114e-15, 9.429175095458993e-16, 3.5898500680457356e-16, 1.3073487378336758e-16, 4.636998830428002e-17, 1.6282214850117372e-17, 5.722749249999787e-18, 1.9853709675997575e-18, 6.826462436905901e-19, 2.3534620164620547e-19, 8.143221866361683e-20, 2.8242306650878557e-20, 9.751504910826842e-21, 3.4022495155847695e-21, 1.2320001371951935e-21, 4.621921280088408e-22, 1.7494854345268535e-22, 6.463316196488892e-23]
W_list: [5]
L_list: [1.5610634283160905]
