R_list= [ 1  2  3  4  5  6  7  8  9 10 11 12 13 14 15 16 17 18 19 20 21 22 23 24
 25 26 27 28 29 30 31 32 33 34 35 36 37 38]
C_final_list= [1.014218734291899e-07, 6.797887989549964e-08, 4.465518555926255e-08, 2.9126662360811913e-08, 1.8895678605721197e-08, 1.2126335005677413e-08, 7.783005439565284e-09, 4.9963890477600045e-09, 3.1919768342237915e-09, 2.039693819766359e-09, 1.297065715979106e-09, 8.20613979074427e-10, 5.154901519113147e-10, 3.22708137764101e-10, 2.0228176026052674e-10, 1.2797518316932739e-10, 8.114155220596228e-11, 5.09318551737834e-11, 3.200406575297418e-11, 2.0022369449829347e-11, 1.2507866385553074e-11, 7.804848226809065e-12, 4.767467778176016e-12, 2.8708186449172164e-12, 1.7087452455702534e-12, 1.0271759172231207e-12, 6.204745928411442e-13, 3.832439622553764e-13, 2.346003087830884e-13, 1.426170057034353e-13, 8.936731489252659e-14, 5.716107042995956e-14, 3.621443313895503e-14, 2.3303109140711847e-14, 1.4250594817222076e-14, 8.422274127444848e-15, 4.986202688822959e-15, 2.9480546966187345e-15]
W_list: [7]
L_list: [2.3870356069887784]
