R_list= [ 1  2  3  4  5  6  7  8  9 10 11 12 13 14 15 16 17 18 19 20 21 22 23 24
 25 26 27 28 29 30 31 32]
C_final_list= [7.666094271218071e-07, 7.165474584993734e-07, 6.676432352156212e-07, 6.21633050413515e-07, 5.784667328502759e-07, 5.380254433418028e-07, 4.99901703909072e-07, 4.647497676546746e-07, 4.3197506529331393e-07, 4.0152095035829765e-07, 3.7279852656691296e-07, 3.4614482997974776e-07, 3.211240858155121e-07, 2.98176576368261e-07, 2.7692556097745275e-07, 2.5718359560319206e-07, 2.388841984019674e-07, 2.2170263139618396e-07, 2.05731076333207e-07, 1.908371893764072e-07, 1.7692495759809963e-07, 1.6404109332443588e-07, 1.5220444559340206e-07, 1.4117214831731193e-07, 1.3093776218726066e-07, 1.214020869040625e-07, 1.1255919440991063e-07, 1.042893920051428e-07, 9.654098175673314e-08, 8.94019045003641e-08, 8.27315259307919e-08, 7.644034260527006e-08]
W_list: [6]
L_list: [13.604923531390467]
