C_final_list: [1.1690338089957941e-06, 1.1396482497740285e-06, 1.1085078174887271e-06, 1.077802504588781e-06, 1.047974339999609e-06, 1.0183813537722155e-06, 9.90007164443433e-07, 9.619301309911474e-07, 9.349884610887765e-07, 9.086697110834785e-07, 8.829603062208476e-07, 8.581723058340513e-07, 8.340728773329792e-07, 8.105985177800949e-07, 7.877306453808736e-07, 7.656099006647789e-07, 7.440588414532112e-07, 7.229524725326915e-07, 7.023685714985022e-07, 6.823844092900944e-07, 6.627493971582836e-07, 6.435862416270334e-07, 6.252326304340527e-07, 6.073465695197613e-07, 5.898911154816898e-07, 5.729307098256493e-07, 5.564034098944771e-07, 5.402806866804408e-07, 5.247115910850861e-07, 5.095754988089891e-07, 4.947932154326504e-07, 4.805259402799582e-07, 4.666744937594578e-07, 4.531193094275591e-07, 4.399478439754348e-07]
ndim2: 500
W_list: [2.2]
L_list: [34.83031543324357]
