R_list= [ 1  2  3  4  5  6  7  8  9 10 11 12 13 14 15 16 17 18 19 20 21 22 23 24
 25 26 27 28 29 30 31 32 33 34 35 36 37 38]
C_final_list= [8.432648435574992e-07, 7.697744378346012e-07, 7.011025856977533e-07, 6.379705454035004e-07, 5.800915989099232e-07, 5.279352802326804e-07, 4.807465195475322e-07, 4.376125048641904e-07, 3.9827174149114914e-07, 3.626368279708494e-07, 3.300507908882647e-07, 2.999839389245245e-07, 2.726480837577434e-07, 2.475713639820414e-07, 2.2453302291734692e-07, 2.0348643774795476e-07, 1.8443410798412485e-07, 1.67208939870003e-07, 1.514002419344466e-07, 1.3711207753528901e-07, 1.2424601677723398e-07, 1.126686913049791e-07, 1.0209075116549313e-07, 9.247800994888018e-08, 8.373917572763256e-08, 7.582593687346371e-08, 6.854731719411274e-08, 6.194305389700253e-08, 5.593423951353923e-08, 5.047547230797144e-08, 4.5524311616608646e-08, 4.108150970959316e-08, 3.712755145977968e-08, 3.353183179346495e-08, 3.033436835885625e-08, 2.738942815620058e-08, 2.473318879486885e-08, 2.2323144261084073e-08]
W_list: [6]
L_list: [10.47894545806721]
