C_list:
1.43578167114935e-06 0.04422176690907192
ndim2: 500
W_list: [2.2]
L_list: [22.613298153739173]
