R_list= [ 1  2  3  4  5  6  7  8  9 10 11 12 13 14 15 16 17 18 19 20 21 22 23 24
 25 26 27 28 29 30 31 32 33 34 35 36 37 38]
C_final_list= [3.330486938068306e-05, 2.5639830831722752e-05, 1.9572684989760763e-05, 1.490924318094622e-05, 1.136451754414342e-05, 8.663370578394973e-06, 6.598382038966685e-06, 5.006210752739329e-06, 3.803875312746841e-06, 2.8977686939447554e-06, 2.2007121952837245e-06, 1.6725723803629153e-06, 1.2693995500160595e-06, 9.618401411327899e-07, 7.277989656867004e-07, 5.512362472461139e-07, 4.177425135360771e-07, 3.1665850556047366e-07, 2.3984362921266127e-07, 1.818742375779154e-07, 1.3762712895609043e-07, 1.0434905818130359e-07, 7.901760960159576e-08, 5.981292120316305e-08, 4.5310032692120174e-08, 3.449965456265223e-08, 2.6291589341860164e-08, 2.003011336930976e-08, 1.5256137463197474e-08, 1.163070299264393e-08, 8.834439074773457e-09, 6.71317993555524e-09, 5.121719123464244e-09, 3.928827693466383e-09, 3.018865733647383e-09, 2.324643337171801e-09, 1.7806316907923002e-09, 1.3544460795214677e-09]
W_list: [7.95]
L_list: [3.7022614949814576]
