C_list:
1.626644925094616e-06 0.10112413689199384
ndim2: 500
W_list: [2.6]
L_list: [9.888835946931792]
