R_list= [ 1  2  3  4  5  6  7  8  9 10 11 12 13 14 15 16 17 18 19 20 21 22 23 24
 25 26 27 28 29 30 31 32 33 34 35 36 37 38]
C_final_list= [2.2721454384087583e-06, 1.9921218395591994e-06, 1.7276789003593462e-06, 1.4917197276031842e-06, 1.285588561986436e-06, 1.107030010091202e-06, 9.526010732606361e-07, 8.199946429512484e-07, 7.059993056679287e-07, 6.075662181588017e-07, 5.225839949847811e-07, 4.489485219354376e-07, 3.85271489369816e-07, 3.303775080843399e-07, 2.831938710965096e-07, 2.425897405052533e-07, 2.077831549352521e-07, 1.778604375922242e-07, 1.522379295506024e-07, 1.3023776569047002e-07, 1.1142905071201825e-07, 9.535249744314924e-08, 8.154352974406268e-08, 6.983578789354816e-08, 5.981424002444638e-08, 5.124316332088653e-08, 4.386951373951838e-08, 3.754901221001213e-08, 3.215809815583922e-08, 2.7547472829081768e-08, 2.3592089262633083e-08, 2.0236349419476476e-08, 1.734365393668985e-08, 1.4874064317970656e-08, 1.2755990875447548e-08, 1.0938067847526433e-08, 9.369989643852132e-09, 8.019908868424096e-09]
W_list: [8.3]
L_list: [6.746469625875562]
