R_list= [ 1  2  3  4  5  6  7  8  9 10 11 12 13 14 15 16 17 18 19 20 21 22 23 24
 25 26 27 28 29 30 31 32 33 34 35 36 37 38]
C_final_list= [5.09388662165786e-07, 3.9092198275421926e-07, 2.9820168825465833e-07, 2.2671579915830851e-07, 1.7209651265425676e-07, 1.3005122648273274e-07, 9.810739078692925e-08, 7.420681964190281e-08, 5.6120634655602236e-08, 4.2203833883074446e-08, 3.179865051601649e-08, 2.392813826542164e-08, 1.8054010212791862e-08, 1.364110524566222e-08, 1.0243098363410383e-08, 7.683122671826339e-09, 5.758728260446097e-09, 4.318052549705495e-09, 3.2250551914639863e-09, 2.421073417720908e-09, 1.8296342044983442e-09, 1.3808107060767638e-09, 1.0328927774033602e-09, 7.658074081980088e-10, 5.661395293413512e-10, 4.1839212288857754e-10, 3.082001307423136e-10, 2.2747937519590447e-10, 1.6891884379379088e-10, 1.2622665044121204e-10, 9.45225088401941e-11, 7.162915788331052e-11, 5.4213011513993346e-11, 4.09761907811573e-11, 3.12629233593869e-11, 2.386969291439991e-11, 1.8090043152578138e-11, 1.3247759555931444e-11]
W_list: [8.8]
L_list: [3.6497399252452234]
