R_list= [ 1  2  3  4  5  6  7  8  9 10 11 12 13 14 15 16 17 18 19 20 21 22 23 24
 25 26 27 28 29 30 31 32 33 34 35 36 37 38]
C_final_list= [5.5677640983731835e-06, 4.878961834447766e-06, 4.252640735543728e-06, 3.7016804055488782e-06, 3.2184961173590776e-06, 2.79934961172821e-06, 2.433412266759165e-06, 2.114690740120731e-06, 1.8388914331465962e-06, 1.5961461486576107e-06, 1.3835158853821507e-06, 1.1977580275761032e-06, 1.0368749533335894e-06, 8.980739962680042e-07, 7.78225472411145e-07, 6.741919405877111e-07, 5.833374424573301e-07, 5.048312068160474e-07, 4.369730093929666e-07, 3.7797496613734804e-07, 3.2702496716093985e-07, 2.824042547026969e-07, 2.438155984486358e-07, 2.1074646788491904e-07, 1.824276686330262e-07, 1.5792221847780324e-07, 1.3661479287350693e-07, 1.1788676447090444e-07, 1.0168351673462443e-07, 8.7639576214711e-08, 7.559710280126212e-08, 6.515458709804246e-08, 5.623652580944727e-08, 4.845881969526482e-08, 4.1819298044760365e-08, 3.6077937929941575e-08, 3.1079142725799566e-08, 2.6815554602433552e-08]
W_list: [7.0]
L_list: [7.1313060398261054]
