R_list= [ 1  2  3  4  5  6  7  8  9 10 11 12 13 14 15 16 17 18 19 20 21 22 23 24
 25 26 27 28 29 30 31 32 33 34 35 36 37 38]
C_final_list= [2.1111852474235653e-07, 1.524405598064312e-07, 1.0959471941256897e-07, 7.863033685403723e-08, 5.650140726102641e-08, 4.040327808805425e-08, 2.8804637189611262e-08, 2.0601555557939403e-08, 1.4801976347070421e-08, 1.0599919949335621e-08, 7.588127446435909e-09, 5.438627190390101e-09, 3.861713801285e-09, 2.7390852380379844e-09, 1.938723761385003e-09, 1.362550629399553e-09, 9.605422560838193e-10, 6.793108422086221e-10, 4.81525645655458e-10, 3.4060957452872863e-10, 2.4101799535260246e-10, 1.6980319707155666e-10, 1.1894737831542083e-10, 8.319663511847404e-11, 5.869188289946636e-11, 4.1097490569142025e-11, 2.8721970177713178e-11, 2.0160739777216653e-11, 1.403068282201459e-11, 9.744201995665738e-12, 6.721428166282257e-12, 4.686491605060658e-12, 3.2365668550001735e-12, 2.2157750272878023e-12, 1.5139807237069067e-12, 1.0190136888088554e-12, 7.040493086931655e-13, 4.925275410097806e-13]
W_list: [7]
L_list: [3.024797415258113]
