R_list= [ 1  2  3  4  5  6  7  8  9 10 11 12 13 14 15 16 17 18 19 20 21 22 23 24
 25 26 27 28 29 30 31 32 33 34 35 36 37 38]
C_final_list= [7.777105884581887e-08, 3.6884212689788007e-08, 1.4004232893006101e-08, 4.717289031510612e-09, 1.481541973200713e-09, 4.4553061222496813e-10, 1.3007030430302466e-10, 3.722032296486212e-11, 1.053144068663851e-11, 2.9637528330301734e-12, 8.315754247779376e-13, 2.324604395177163e-13, 6.474248424770983e-14, 1.8209613074603736e-14, 5.1609217239478504e-15, 1.4805832057438697e-15, 4.3642937167619905e-16, 1.2904794998048762e-16, 3.808707909580203e-17, 1.0869175504298481e-17, 3.070343377282798e-18, 8.709590275747137e-19, 2.473207660902965e-19, 6.962950972551946e-20, 2.0546606869911498e-20, 6.681390476253853e-21, 2.484942377132173e-21, 1.1143825960245416e-21, 6.333779973842114e-22, 4.3983906682925835e-22, 3.4285791309461997e-22, 2.8795934121542343e-22, 2.5803579250688234e-22, 2.444866169971983e-22, 2.407415526310001e-22, 2.3752250793677207e-22, 2.3424557840522507e-22, 2.3181223943494704e-22]
W_list: [5]
L_list: [1.2082274222797562]
