C_final_list: [1.1971390845648111e-06, 1.1133865553673203e-06, 1.031734403921584e-06, 9.535588321576381e-07, 8.800541835213647e-07, 8.121571944999845e-07, 7.494382270027259e-07, 6.923515743616905e-07, 6.383528252968776e-07, 5.882565699258365e-07, 5.418568615879572e-07, 4.991281746365799e-07, 4.6038712350635476e-07, 4.250179467081164e-07, 3.9236509978816365e-07, 3.623957222058047e-07, 3.3477500168053704e-07, 3.091924193171834e-07, 2.854290038314475e-07, 2.633457662770641e-07, 2.427647176620576e-07, 2.2359211552718486e-07, 2.060138471928609e-07, 1.897424704345026e-07, 1.7479943003352575e-07, 1.6104013771189878e-07, 1.4836762402706073e-07, 1.366078733366533e-07, 1.257352536253943e-07, 1.1574472555438215e-07, 1.0644624927478813e-07, 9.794475028722068e-08, 9.030417538116144e-08, 8.31644587223023e-08, 7.651072574635385e-08, 7.033389386752861e-08, 6.464688712006986e-08, 5.939378988936808e-08, 5.462299057332302e-08, 5.0250882516994864e-08, 4.62366191889198e-08, 4.2514985783432697e-08, 3.9100659085294134e-08, 3.5964302138246935e-08, 3.3035809566307734e-08, 3.030824328308021e-08, 2.7817127399622648e-08, 2.5525954079033046e-08, 2.3364005911339882e-08, 2.139131090544348e-08]
ndim2: 500
W_list: [4.0]
L_list: [12.43727083392781]
