R_list= [ 1  2  3  4  5  6  7  8  9 10 11 12 13 14 15 16 17 18 19 20 21 22 23 24
 25 26 27 28 29 30 31 32 33 34 35 36 37 38]
C_final_list= [5.701660565709736e-06, 4.806548010280297e-06, 4.009498515939826e-06, 3.329855450836274e-06, 2.758612134333104e-06, 2.280462288642278e-06, 1.8838862384401525e-06, 1.557127050020992e-06, 1.2847298347268322e-06, 1.0588894968764046e-06, 8.724201290509569e-07, 7.191220995434245e-07, 5.929671585649138e-07, 4.886168441341202e-07, 4.0247321800675536e-07, 3.3141897776162135e-07, 2.724781376668947e-07, 2.2403767991611183e-07, 1.8440865958285759e-07, 1.5172017892376603e-07, 1.2485037510133663e-07, 1.0272896809095132e-07, 8.450605820194692e-08, 6.94913190822585e-08, 5.7133459113222137e-08, 4.694552785117611e-08, 3.8613832761665715e-08, 3.183314268923789e-08, 2.6206189956347073e-08, 2.154592508082744e-08, 1.766784157402738e-08, 1.44973677342126e-08, 1.189426187402379e-08, 9.766405619227979e-09, 8.010740695871326e-09, 6.564915011197977e-09, 5.378412586761983e-09, 4.4177855447947606e-09]
W_list: [8.45]
L_list: [5.345890789060758]
