C_list:
1.125250136223892e-06 0.03281738942997175
ndim2: 500
W_list: [2.4]
L_list: [30.471649859105227]
