R_list= [ 1  2  3  4  5  6  7  8  9 10 11 12 13 14 15 16 17 18 19 20 21 22 23 24
 25 26 27 28 29 30 31 32 33 34 35 36 37 38]
C_final_list= [7.1185206398109906e-06, 6.154143736198442e-06, 5.270080113289782e-06, 4.491101633692374e-06, 3.823531770283118e-06, 3.254179463273097e-06, 2.7688838956116666e-06, 2.355642799224905e-06, 2.002231683754571e-06, 1.701897447511192e-06, 1.4455969345303208e-06, 1.2278580921191173e-06, 1.0420269427203846e-06, 8.83317922703463e-07, 7.485721829586875e-07, 6.344260082079348e-07, 5.373517174784044e-07, 4.5536458422272644e-07, 3.857184669674561e-07, 3.2687909967760676e-07, 2.768797667501779e-07, 2.3474551909344682e-07, 1.9903545052918137e-07, 1.6877386757664192e-07, 1.4314494794856961e-07, 1.2147363174255782e-07, 1.0310437561790064e-07, 8.767974346262966e-08, 7.458004216825222e-08, 6.338270888534105e-08, 5.3863580854485405e-08, 4.5758335484162725e-08, 3.886306876213737e-08, 3.3004526874918845e-08, 2.8024145361724216e-08, 2.3779197663176294e-08, 2.0146282348846878e-08, 1.7092667597863362e-08]
W_list: [8.0]
L_list: [6.249844876512238]
