C_final_list: [2.1576088967228714e-06, 2.1231053111297294e-06, 2.0894318301930463e-06, 2.056263414626016e-06, 2.024255492717129e-06, 1.992699151903366e-06, 1.9613924072071077e-06, 1.931073656244907e-06, 1.9008515617546505e-06, 1.8713808034484168e-06, 1.842424294576042e-06, 1.814323231189159e-06, 1.7864238677225733e-06, 1.7586450897364576e-06, 1.7310886515798369e-06, 1.7040980133827145e-06, 1.6777945014022163e-06, 1.6517902548986293e-06, 1.6263470720896924e-06, 1.6011570498001323e-06, 1.5763416465868572e-06, 1.5522636914310172e-06, 1.5287929130804407e-06, 1.5056486237015266e-06, 1.4826308337165532e-06, 1.4599348834016482e-06, 1.437582012057408e-06, 1.4151732780411652e-06, 1.3933446946773407e-06, 1.3717324897165015e-06, 1.3502798462879156e-06, 1.3291257274225667e-06, 1.3081730092972716e-06, 1.2876501018698166e-06, 1.2672636482409188e-06, 1.2471360355537896e-06, 1.2274391205512271e-06, 1.208005517119113e-06, 1.1888239023667253e-06, 1.1701156105444898e-06, 1.151693040028201e-06, 1.1336855518749154e-06, 1.115985906613317e-06, 1.0985134053703336e-06, 1.0810248914127762e-06, 1.0637798960420177e-06, 1.0468270007511738e-06, 1.0298913991423133e-06, 1.0133206160765554e-06, 9.971092036110409e-07]
ndim2: 500
W_list: [2.0]
L_list: [63.850107456111225]
