C_final_list: [1.8543788519409607e-06, 1.7235320869469257e-06, 1.5962981652209042e-06, 1.4798106382003634e-06, 1.3695795102032978e-06, 1.2671596493354235e-06, 1.172291281335347e-06, 1.0843661560506202e-06, 1.0038960696973591e-06, 9.303994644914601e-07, 8.610331177228342e-07, 7.981232817620075e-07, 7.397483362013425e-07, 6.859363743855022e-07, 6.354368320474724e-07, 5.892137626522911e-07, 5.463739992905482e-07, 5.066871184015757e-07, 4.701975008163754e-07, 4.3530058519602565e-07, 4.032650082600171e-07, 3.7406057163067586e-07, 3.4692645286105483e-07, 3.213842492100644e-07, 2.976319169059445e-07, 2.755296724986932e-07, 2.5511622029106257e-07, 2.3602175321642457e-07, 2.1850050753302115e-07, 2.0217531524939008e-07, 1.8718835499837498e-07, 1.731689692847795e-07, 1.6040095790577535e-07, 1.4828675001894636e-07, 1.3702002479680508e-07, 1.2653170904411458e-07, 1.1687307007231358e-07, 1.0790542738645261e-07, 9.954155881235132e-08, 9.178352791424155e-08, 8.455716005928572e-08, 7.794758730415353e-08, 7.182244565379008e-08, 6.620735727255326e-08, 6.109149778951608e-08, 5.634847606389858e-08, 5.183767754393253e-08, 4.766675984244226e-08, 4.3873135695901205e-08, 4.042135486750191e-08]
ndim2: 500
W_list: [3.25]
L_list: [13.052343823941012]
