R_list= [ 1  2  3  4  5  6  7  8  9 10 11 12 13 14 15 16 17 18 19 20 21 22 23 24
 25 26 27 28 29 30]
C_final_list= [4.912928156990639e-07, 4.311418722023546e-07, 3.7981554653326983e-07, 3.336676200529389e-07, 2.922186144349855e-07, 2.558237757020781e-07, 2.233748403426127e-07, 1.9489675693144075e-07, 1.7018660084157532e-07, 1.485486234275894e-07, 1.2948010776792548e-07, 1.1261108879583697e-07, 9.796714897270985e-08, 8.520423099329103e-08, 7.409601997491592e-08, 6.444776602844466e-08, 5.6047824968463164e-08, 4.876761190862305e-08, 4.2437601898884844e-08, 3.6881349610974956e-08, 3.200706477772273e-08, 2.775943397435204e-08, 2.410800805993981e-08, 2.093329427904193e-08, 1.8173738053465435e-08, 1.5785250250645373e-08, 1.3693698935629103e-08, 1.1850739917180567e-08, 1.0263820045225351e-08, 8.898499087556262e-09]
W_list: [6]
L_list: [7.437368752851698]
