R_list= [ 1  2  3  4  5  6  7  8  9 10 11 12 13 14 15 16 17 18 19 20 21 22 23 24
 25 26 27 28 29 30 31 32 33 34 35 36 37 38]
C_final_list= [3.544673920049776e-05, 2.3032503362501517e-05, 1.4883088458247142e-05, 9.56681509718249e-06, 6.15574250410223e-06, 3.957954415247815e-06, 2.5389902486179173e-06, 1.6301632979595615e-06, 1.0475191185871042e-06, 6.744307520484671e-07, 4.3288513745680915e-07, 2.7961538388819376e-07, 1.7919745017365976e-07, 1.1498803966980597e-07, 7.382206950779843e-08, 4.7303780350035857e-08, 3.045584607205079e-08, 1.95720909238686e-08, 1.2476128172738756e-08, 7.961519053663844e-09, 5.1387141372678975e-09, 3.294179621542798e-09, 2.1102755546122426e-09, 1.3532343242121727e-09, 8.775780098457277e-10, 5.664999780804456e-10, 3.652081275027791e-10, 2.339922219646924e-10, 1.4884566660095426e-10, 9.354802013574353e-11, 5.956502121955188e-11, 3.8277229285241045e-11, 2.458443765575673e-11, 1.5069701596003036e-11, 9.370393869521573e-12, 5.9808871204336665e-12, 3.689499325455603e-12, 2.324424915274082e-12]
W_list: [8.25]
L_list: [2.289817923610118]
