C_final_list: [2.081950182611952e-06, 1.859928168766734e-06, 1.6529124771793975e-06, 1.468830373455368e-06, 1.3029397312864071e-06, 1.1556583498614935e-06, 1.0271714178085485e-06, 9.13354600923353e-07, 8.107249001752874e-07, 7.167006310362004e-07, 6.329334624220476e-07, 5.564298158305934e-07, 4.898120635221656e-07, 4.32390999281461e-07, 3.8095934902023674e-07, 3.363553872756951e-07, 2.970797097714811e-07, 2.6193255149836126e-07, 2.30802303631372e-07, 2.0316497719138675e-07, 1.785118746611168e-07, 1.5705579649582418e-07, 1.3809621006214455e-07, 1.211907486354865e-07, 1.0662657363850044e-07, 9.360230437229026e-08, 8.236848263211442e-08, 7.255203522276388e-08, 6.36635868709489e-08, 5.579757225597961e-08, 4.8953151024018685e-08, 4.3031703773971524e-08, 3.7720063265341634e-08, 3.311681173469039e-08, 2.906257082072456e-08, 2.547556500804012e-08, 2.234195343587335e-08, 1.9625084100755104e-08, 1.7165629283297684e-08, 1.5062589842404225e-08, 1.3226120039681095e-08, 1.1625472582420407e-08, 1.0176610284064164e-08, 8.891002531312877e-09, 7.78571302996136e-09, 6.831795370371343e-09, 5.971792888860648e-09, 5.238728612072342e-09, 4.585672959556197e-09, 4.0154295269085835e-09]
ndim2: 500
W_list: [2.8499999999999996]
L_list: [8.248114444014448]
