R_list= [ 1  2  3  4  5  6  7  8  9 10 11 12 13 14 15 16 17 18 19 20 21 22 23 24
 25 26 27 28 29 30 31 32 33 34 35 36 37 38]
C_final_list= [4.589243696775367e-07, 4.2070812701777816e-07, 3.832947034440387e-07, 3.4757076307975826e-07, 3.1499581394516045e-07, 2.8498447261985466e-07, 2.5798304140925864e-07, 2.3361273249021997e-07, 2.1159629937549623e-07, 1.914111680563295e-07, 1.73332179204664e-07, 1.5690686781600106e-07, 1.41943191010808e-07, 1.283044783597492e-07, 1.1593147892409458e-07, 1.0459639699780423e-07, 9.42401112371759e-08, 8.486078134468146e-08, 7.638003453350307e-08, 6.874453019855475e-08, 6.190778051381566e-08, 5.5750650027328004e-08, 5.0257524746718206e-08, 4.532588162110461e-08, 4.086316938174697e-08, 3.684753619847768e-08, 3.322257536547947e-08, 2.994488962874788e-08, 2.6964715713333232e-08, 2.4247718507812778e-08, 2.1798833067184e-08, 1.957356090659359e-08, 1.7591612894807745e-08, 1.5803451526796935e-08, 1.4193300141688798e-08, 1.2744827669092885e-08, 1.145525968549516e-08, 1.0300257106001232e-08]
W_list: [7]
L_list: [10.031602169921548]
