R_list= [ 1  2  3  4  5  6  7  8  9 10 11 12 13 14 15 16 17 18 19 20 21 22 23 24
 25 26 27 28 29 30 31 32 33 34 35 36 37 38]
C_final_list= [1.9704777065383333e-06, 1.8561625325517197e-06, 1.7814395046228068e-06, 1.7118971346412711e-06, 1.6401810442195076e-06, 1.572246423491975e-06, 1.5079797094658372e-06, 1.4461831954863826e-06, 1.3867872454515495e-06, 1.329817311560334e-06, 1.2745853052210318e-06, 1.2223489246549163e-06, 1.1729086596253617e-06, 1.1251304525174513e-06, 1.0789858691760874e-06, 1.0348291924164059e-06, 9.918624106300646e-07, 9.503422262959939e-07, 9.103536127547388e-07, 8.720508467570527e-07, 8.350421572208306e-07, 7.997781770313472e-07, 7.663767165102418e-07, 7.340939917393309e-07, 7.029165065176999e-07, 6.732855034513264e-07, 6.447254066646772e-07, 6.171802841191252e-07, 5.910119560560861e-07, 5.657672299574259e-07, 5.415966833221011e-07, 5.185058514894061e-07, 4.962627950017665e-07, 4.749641940089626e-07, 4.5463470350036036e-07, 4.351011642532994e-07, 4.161527103170517e-07, 3.9804927070441583e-07]
W_list: [4]
L_list: [23.491269444326452]
