C_final_list: [1.7973551919415793e-06, 1.6827879944992487e-06, 1.5731135753747285e-06, 1.4692295990543757e-06, 1.3714282704873052e-06, 1.2823917159105593e-06, 1.1988657474839108e-06, 1.1206003822660664e-06, 1.0469359799096999e-06, 9.786409773369844e-07, 9.146495112160537e-07, 8.545735654303056e-07, 7.977542474117905e-07, 7.456456496894748e-07, 6.960725290938929e-07, 6.499123285566528e-07, 6.064385571815983e-07, 5.65859938223859e-07, 5.277987693552563e-07, 4.925902431185798e-07, 4.594235189110849e-07, 4.283524884294763e-07, 3.991221124942357e-07, 3.7243867776051423e-07, 3.4713616513761266e-07, 3.2352970925612565e-07, 3.0099583483783013e-07, 2.8037574896231075e-07, 2.611532619840841e-07, 2.4324831547825544e-07, 2.2676575759089164e-07, 2.1127371486475315e-07, 1.9698702668639464e-07, 1.8353348675381421e-07, 1.7090638263631997e-07]
ndim2: 500
W_list: [2.6]
L_list: [14.613919831543678]
