R_list= [ 1  2  3  4  5  6  7  8  9 10 11 12 13 14 15 16 17 18 19 20 21 22 23 24
 25 26 27 28 29 30 31 32 33 34 35 36 37 38]
C_final_list= [2.6862655540963947e-07, 2.0948667670319856e-07, 1.6398052637964413e-07, 1.276915501037519e-07, 9.877809754944942e-08, 7.622188992158752e-08, 5.881245191771675e-08, 4.518788573978581e-08, 3.464725009337059e-08, 2.653084486148121e-08, 2.0308731623600605e-08, 1.5579157983501212e-08, 1.192175603299153e-08, 9.136198068628927e-09, 7.013157352275119e-09, 5.349330279715145e-09, 4.081573387596876e-09, 3.1174452767292074e-09, 2.382259814932053e-09, 1.8209827893747405e-09, 1.3916795735378391e-09, 1.063099414691305e-09, 8.134194630083307e-10, 6.178919278788537e-10, 4.677570860054557e-10, 3.529695024168633e-10, 2.6574975391911527e-10, 1.9950844500303973e-10, 1.498675020841245e-10, 1.1330758351076383e-10, 8.52171823434067e-11, 6.394186912140799e-11, 4.805025604229123e-11, 3.608724065500742e-11, 2.688479685783021e-11, 1.98292534599391e-11, 1.4688805538176458e-11, 1.1009013921362581e-11]
W_list: [7]
L_list: [3.9391340680732503]
