R_list= [ 1  2  3  4  5  6  7  8  9 10 11 12 13 14 15 16 17 18 19 20 21 22 23 24
 25 26 27 28 29 30 31 32 33 34 35 36 37 38]
C_final_list= [1.0426881375415736e-06, 9.713181280333225e-07, 9.134805534619569e-07, 8.580537059384951e-07, 8.047393121686385e-07, 7.554705153566694e-07, 7.097121772958504e-07, 6.661495931919418e-07, 6.246610508837111e-07, 5.856612443150347e-07, 5.492030756003215e-07, 5.145691806164727e-07, 4.819688649493426e-07, 4.513920649187695e-07, 4.2268162058839384e-07, 3.960328314093092e-07, 3.7108501548208456e-07, 3.4732756059559023e-07, 3.2517356686884686e-07, 3.045163982321824e-07, 2.850190665706723e-07, 2.667266381781744e-07, 2.4951850567135927e-07, 2.3339912937052578e-07, 2.180843684255696e-07, 2.038343424578065e-07, 1.905780705442896e-07, 1.7809606782652706e-07, 1.6647365088054913e-07, 1.5573381410470523e-07, 1.4560003654997625e-07, 1.360561057496335e-07, 1.2714895945480913e-07, 1.1883503990315228e-07, 1.1096304325436988e-07, 1.0365036013046193e-07, 9.68075963457975e-08, 9.036867243144161e-08]
W_list: [5]
L_list: [15.386443386977446]
