C_final_list: [1.6004262348553051e-06, 1.5352294328624949e-06, 1.4702809705325317e-06, 1.4087129234657893e-06, 1.3494375386101424e-06, 1.2934639312826878e-06, 1.2396859785028148e-06, 1.1878360955650701e-06, 1.1383541656388041e-06, 1.0900260077097051e-06, 1.0435090305316567e-06, 9.993864736233367e-07, 9.573192519852693e-07, 9.166835674117303e-07, 8.778528957186667e-07, 8.410579293965399e-07, 8.054606233839888e-07, 7.71768593204887e-07, 7.390560566625678e-07, 7.076051483980587e-07, 6.77481813282566e-07, 6.488957557193933e-07, 6.216907997744153e-07, 5.95212683015195e-07, 5.700623389776728e-07, 5.460309221817329e-07, 5.228975598729654e-07, 5.004468556617631e-07, 4.789485599687005e-07, 4.583052438212536e-07, 4.384071232259872e-07, 4.1964860819156784e-07, 4.014739582953701e-07, 3.8398452220149486e-07, 3.6715748895811275e-07, 3.509463541705482e-07, 3.3543461043239346e-07, 3.204602408191658e-07, 3.0613114502577206e-07, 2.923228183168195e-07, 2.791462547124282e-07, 2.6657063567865075e-07, 2.5465085631283473e-07, 2.4320378711427854e-07, 2.3223616396357025e-07, 2.2162063276042942e-07, 2.115262572715086e-07, 2.0176417047361867e-07, 1.9252655084615224e-07, 1.838231292700205e-07]
ndim2: 500
W_list: [3.3499999999999996]
L_list: [23.037699998767735]
