C_final_list: [1.9922923544330913e-06, 1.973277920841024e-06, 1.9545281167334048e-06, 1.9367773157084556e-06, 1.9192093767001595e-06, 1.9022179332314762e-06, 1.885560373208485e-06, 1.8693512636056721e-06, 1.853234934658876e-06, 1.8374575287307814e-06, 1.821831178936767e-06, 1.8062909697397746e-06, 1.7907869936471412e-06, 1.775416061661669e-06, 1.760306280118861e-06, 1.7453339229088853e-06, 1.7306555537994115e-06, 1.716195895572482e-06, 1.7017411901573184e-06, 1.6874848021809714e-06, 1.6732527519684356e-06, 1.6590530772911623e-06, 1.6450939484172505e-06, 1.6312883299887537e-06, 1.6174424447420108e-06, 1.6038853255010118e-06, 1.5904846785836417e-06, 1.5772405979143199e-06, 1.5640373766255713e-06, 1.550971475016882e-06, 1.5380669741463656e-06, 1.5252485803429436e-06, 1.5126301705633895e-06, 1.5000754639171297e-06, 1.487637009837809e-06, 1.4752393427465298e-06, 1.4629190247643255e-06, 1.4505683812642183e-06, 1.4382785139092328e-06, 1.4260390921424313e-06, 1.4137862440059e-06, 1.4017746744013154e-06, 1.3897610034097574e-06, 1.3779458032875988e-06, 1.3661422295971963e-06, 1.354447610080965e-06, 1.3428952223335443e-06, 1.331479171770673e-06, 1.3201828468960496e-06, 1.309070347203599e-06]
ndim2: 500
W_list: [2.4]
L_list: [117.59223036773372]
