R_list= [ 1  2  3  4  5  6  7  8  9 10 11 12 13 14 15 16 17 18 19 20 21 22 23 24
 25 26 27 28 29 30 31 32 33 34 35 36 37 38]
C_final_list= [6.6074190473603174e-06, 5.667336068566218e-06, 4.818495530281465e-06, 4.081615121382415e-06, 3.451799216749609e-06, 2.9159049893370896e-06, 2.459385763004966e-06, 2.0751147892463807e-06, 1.7504287631574366e-06, 1.4754185695955662e-06, 1.2425210499052686e-06, 1.0459365614803958e-06, 8.788686978314517e-07, 7.38442725799008e-07, 6.199274821607332e-07, 5.201933145086729e-07, 4.3681267317309707e-07, 3.6692840157700047e-07, 3.0788998460384453e-07, 2.587433322415069e-07, 2.1743402893833644e-07, 1.8266303550014984e-07, 1.5329224205414364e-07, 1.2868845007391637e-07, 1.0803180945288351e-07, 9.059821385762992e-08, 7.589631571738441e-08, 6.361112563873181e-08, 5.325212214484761e-08, 4.456330036565447e-08, 3.718377353039892e-08, 3.106306561777622e-08, 2.5966033182185408e-08, 2.173701398211525e-08, 1.820810596855661e-08, 1.5245432214240163e-08, 1.2776146333741083e-08, 1.0714416867325633e-08]
W_list: [8.15]
L_list: [5.97020788537235]
