R_list= [ 1  2  3  4  5  6  7  8  9 10 11 12 13 14 15 16 17 18 19 20 21 22 23 24
 25 26 27 28 29 30 31 32 33 34 35 36 37 38]
C_final_list= [1.7594399325935277e-06, 1.4334813065560338e-06, 1.1573185560982618e-06, 9.56323808900474e-07, 8.054924645029591e-07, 6.814865662671634e-07, 5.752789979269511e-07, 4.846249598045676e-07, 4.079675559710063e-07, 3.434117448115397e-07, 2.8896858096427624e-07, 2.4285113968097604e-07, 2.0385778231008767e-07, 1.7110034107734084e-07, 1.4390186433922033e-07, 1.212285270296476e-07, 1.0205886487707164e-07, 8.568243246501946e-08, 7.159134305915896e-08, 5.968310254098757e-08, 4.9733635043937465e-08, 4.155624706769074e-08, 3.4860093591699784e-08, 2.925914617223352e-08, 2.4552218142154367e-08, 2.0620060631884552e-08, 1.726743385466741e-08, 1.4428054611626796e-08, 1.2030937657798311e-08, 1.0054275440090387e-08, 8.410000860847033e-09, 7.0081193015834385e-09, 5.8204294905335025e-09, 4.838096474012472e-09, 4.0202517139514e-09, 3.346740244369337e-09, 2.7899549090954383e-09, 2.328355594472121e-09]
W_list: [4]
L_list: [5.480564062517179]
