C_list:
1.9125989162818705e-06 0.24270451677712276
ndim2: 500
W_list: [3.4]
L_list: [4.120236463989284]
