C_final_list: [1.8286659687838296e-06, 1.7133969047590603e-06, 1.6158803682825094e-06, 1.513812611898893e-06, 1.4214858102176951e-06, 1.3355739128611352e-06, 1.2540371715084597e-06, 1.1774969380341097e-06, 1.1072231710767918e-06, 1.0406755693070952e-06, 9.795567680288518e-07, 9.225101455006801e-07, 8.667222388157116e-07, 8.143925705611576e-07, 7.651270894488651e-07, 7.183330625438021e-07, 6.743223827950149e-07, 6.319067747476606e-07, 5.923258781130448e-07, 5.5488469073009e-07, 5.19652763134952e-07, 4.867142426998899e-07, 4.555387973554164e-07, 4.261375499786675e-07, 3.9840901522452165e-07, 3.72240020064563e-07, 3.478263964692978e-07, 3.2504550380069136e-07, 3.0414892047908753e-07, 2.840131143925854e-07, 2.652769130045768e-07, 2.475070391356741e-07, 2.3105947949704062e-07, 2.1560252829408826e-07, 2.0128155771138835e-07]
ndim2: 500
W_list: [1.6]
L_list: [15.801433059323358]
