C_list:
7.58902016228959e-07 0.17831238573565295
ndim2: 500
W_list: [4.2]
L_list: [5.60813538484362]
