C_final_list: [2.3146720827427295e-06, 2.2302803385079526e-06, 2.1455048452020844e-06, 2.06381393040446e-06, 1.985602487291526e-06, 1.9101597475132487e-06, 1.8375072186999854e-06, 1.7684147785006559e-06, 1.7015845523387598e-06, 1.6371787654584326e-06, 1.574958531247962e-06, 1.5158797143163154e-06, 1.4591750583182992e-06, 1.4041384700552747e-06, 1.3509420025400245e-06, 1.3006848017326125e-06, 1.2518536816272328e-06, 1.2050743724130845e-06, 1.1592309836897e-06, 1.1148824704672922e-06, 1.0719608516304056e-06, 1.0304409626534803e-06, 9.906420927049867e-07, 9.520128704031622e-07, 9.148280722584235e-07, 8.792792321315283e-07, 8.451859531629372e-07, 8.121305760066327e-07, 7.805447377837663e-07, 7.502056385205876e-07, 7.212645912116157e-07, 6.933312844561615e-07, 6.659540279267011e-07, 6.4024829300032e-07, 6.15238759140243e-07, 5.912137178313939e-07, 5.681461361955281e-07, 5.458470407206336e-07, 5.240839268514034e-07, 5.03227282523561e-07, 4.832237722260481e-07, 4.642832478043242e-07, 4.45900837648236e-07, 4.281902716602086e-07, 4.11175020223497e-07, 3.947940043918427e-07, 3.793020564710806e-07, 3.6445974925455925e-07, 3.501231466132756e-07, 3.363221143024731e-07]
ndim2: 500
W_list: [2.2]
L_list: [25.641463928718288]
