C_final_list: [1.2664474309965516e-06, 1.2005651758364382e-06, 1.1323455117595266e-06, 1.0676805239777663e-06, 1.0065050937186352e-06, 9.476331536307482e-07, 8.922492414692554e-07, 8.407347652587161e-07, 7.917730457114122e-07, 7.464574942921687e-07, 7.033766354708662e-07, 6.627047573473218e-07, 6.23388512689685e-07, 5.86864747688603e-07, 5.52448621211396e-07, 5.199204193296515e-07, 4.891293706907166e-07, 4.597744965445658e-07, 4.324255528828676e-07, 4.0689472111888117e-07, 3.828003794619946e-07, 3.600374457553803e-07, 3.3811205739311016e-07, 3.177375981674815e-07, 2.9861974095501913e-07, 2.808715031646044e-07, 2.6414897510494916e-07, 2.4823695023104836e-07, 2.332117821257972e-07, 2.1907275605726314e-07, 2.0596088773233917e-07, 1.935235064590983e-07, 1.818532991887664e-07, 1.7067719840684948e-07, 1.60359960390088e-07]
ndim2: 500
W_list: [2.4000000000000004]
L_list: [16.592239107876814]
