C_final_list: [1.9893820455359613e-06, 1.8886254897315513e-06, 1.7890148400298852e-06, 1.6934323401271021e-06, 1.6023850307817811e-06, 1.515911981752426e-06, 1.4354309283538089e-06, 1.359739394666092e-06, 1.2876010316272143e-06, 1.2192115667661554e-06, 1.1539164244134105e-06, 1.0919529674940517e-06, 1.0334190379622106e-06, 9.779976773846037e-07, 9.255087680333834e-07, 8.753677917680781e-07, 8.283430052572568e-07, 7.829797611320909e-07, 7.400156816069628e-07, 6.988067804573992e-07, 6.603346943322145e-07, 6.243807198298396e-07, 5.899761257642629e-07, 5.575405264084323e-07, 5.273395792363007e-07, 4.99245177651181e-07, 4.723529689093775e-07, 4.467666407610953e-07, 4.225534956514131e-07, 3.993580520974436e-07, 3.77605023366228e-07, 3.571833936019898e-07, 3.376772167462989e-07, 3.191782500800699e-07, 3.016681728809076e-07, 2.850315200513014e-07, 2.6919615483998577e-07, 2.5427774196698005e-07, 2.399989254204213e-07, 2.2653773973026183e-07, 2.1395516435348583e-07, 2.019357490189574e-07, 1.9047583430715638e-07, 1.7954279682670115e-07, 1.6940825993377073e-07, 1.5981762812682302e-07, 1.507664013496596e-07, 1.4217547634174433e-07, 1.3413552921566236e-07, 1.2645625651180196e-07]
ndim2: 500
W_list: [2.8]
L_list: [18.025051760547942]
