R_list= [ 1  2  3  4  5  6  7  8  9 10 11 12 13 14 15 16 17 18 19 20 21 22 23 24
 25 26 27 28 29 30 31 32 33 34 35 36 37 38]
C_final_list= [2.0476138627975118e-06, 1.984562527593448e-06, 1.9330172761320736e-06, 1.880292224832996e-06, 1.8314207945133881e-06, 1.7826337130180379e-06, 1.7353767273641817e-06, 1.6894974643081669e-06, 1.6445143981685742e-06, 1.6012095546596648e-06, 1.559071668422182e-06, 1.518188944434272e-06, 1.477664367396409e-06, 1.4379739110620657e-06, 1.3996444578417512e-06, 1.3623949701081666e-06, 1.3257971383136352e-06, 1.2902063388939978e-06, 1.2558849147337175e-06, 1.2225091433032939e-06, 1.1896967461808645e-06, 1.1576101053800227e-06, 1.1259722590965268e-06, 1.095063251829556e-06, 1.065370383230437e-06, 1.0365625243339158e-06, 1.0080970764374323e-06, 9.80570144432486e-07, 9.536955929524508e-07, 9.272673410363314e-07, 9.018082199421757e-07, 8.771202828416837e-07, 8.53220693840926e-07, 8.300508169250508e-07, 8.072062674533823e-07, 7.847669483770789e-07, 7.630888498266772e-07, 7.418401677552788e-07]
W_list: [4]
L_list: [36.74218241883546]
