C_final_list: [1.8773570875777733e-06, 1.8232576864319406e-06, 1.7705953340650232e-06, 1.7206453352665885e-06, 1.671291379118773e-06, 1.624084989443152e-06, 1.5775016406870523e-06, 1.5328053304756321e-06, 1.4895644819802542e-06, 1.447446563429125e-06, 1.4065520550015698e-06, 1.3669955779707677e-06, 1.3277969539867693e-06, 1.289928579142801e-06, 1.2534272436605493e-06, 1.2178771247715994e-06, 1.1835672780421088e-06, 1.1497509701870628e-06, 1.117188290781427e-06, 1.0853057696997514e-06, 1.0538093820529678e-06, 1.0231877266159911e-06, 9.937236233697953e-07, 9.644724270572421e-07, 9.358614920637158e-07, 9.083139778507483e-07, 8.812789377563808e-07, 8.552115759945888e-07, 8.29956121659007e-07, 8.054488217343557e-07, 7.818575540313554e-07, 7.588557370936521e-07, 7.363600187523721e-07, 7.145992652206058e-07, 6.929996184482414e-07, 6.720275379103176e-07, 6.517102237506419e-07, 6.318572864727695e-07, 6.126699513377836e-07, 5.940600638390624e-07, 5.760428348159941e-07, 5.587410882083057e-07, 5.4208737647403e-07, 5.259190640741921e-07, 5.100332140067216e-07, 4.944248949937177e-07, 4.791197208433038e-07, 4.644609300828051e-07, 4.5011942249437033e-07, 4.36219048966922e-07]
ndim2: 500
W_list: [2.9499999999999997]
L_list: [33.9975414044875]
