R_list= [ 1  2  3  4  5  6  7  8  9 10 11 12 13 14 15 16 17 18 19 20 21 22 23 24
 25 26 27 28 29 30 31 32]
C_final_list= [1.4781602076569565e-07, 8.104459098764307e-08, 3.9771855193762615e-08, 1.875687640154466e-08, 8.68903970898842e-09, 3.9711985480815515e-09, 1.7848109621792446e-09, 7.961015319313044e-10, 3.5499224699219947e-10, 1.5757546103332982e-10, 6.976401831100335e-11, 3.093561438080047e-11, 1.4005902535057275e-11, 6.323679938179919e-12, 2.835465927047709e-12, 1.3063541605889163e-12, 6.251894178609052e-13, 3.019373432162667e-13, 1.44639816201153e-13, 7.133485653943097e-14, 3.3056978890983236e-14, 1.345889668573333e-14, 5.394994650494679e-15, 2.1674289884237036e-15, 8.818987532733875e-16, 3.852553949867209e-16, 1.8003993964487777e-16, 8.88077125941529e-17, 4.8861164966902614e-17, 3.353775930704648e-17, 1.9196724506669116e-17, 8.469429613333304e-18]
W_list: [6]
L_list: [1.5180795141306067]
