R_list= [ 1  2  3  4  5  6  7  8  9 10 11 12 13 14 15 16 17 18 19 20 21 22 23 24
 25 26 27 28 29 30]
C_final_list= [3.6721176402732037e-07, 3.062914915629843e-07, 2.5613224481040713e-07, 2.1421651651147948e-07, 1.790505386237975e-07, 1.4954267503404606e-07, 1.247982735571662e-07, 1.0412767198766341e-07, 8.673666192108666e-08, 7.225097443493981e-08, 6.009844007929665e-08, 4.994476255177129e-08, 4.152850989852574e-08, 3.442908000639192e-08, 2.8501349079393136e-08, 2.3599855772031293e-08, 1.9535352252750117e-08, 1.618689109603848e-08, 1.3425715666630066e-08, 1.116697871788858e-08, 9.285991777157922e-09, 7.692565775526479e-09, 6.377490013435092e-09, 5.285037113348024e-09, 4.3817303462808e-09, 3.6292606129237157e-09, 3.000090958851913e-09, 2.4788436787387484e-09, 2.0495277873538773e-09, 1.6970278287736184e-09]
W_list: [6]
L_list: [5.524552774900917]
