R_list= [ 1  2  3  4  5  6  7  8  9 10 11 12 13 14 15 16 17 18 19 20 21 22 23 24
 25 26 27 28 29 30 31 32 33 34 35 36 37 38]
C_final_list= [8.903883969133436e-07, 5.474616458616763e-07, 3.3704299223412034e-07, 2.055856684856095e-07, 1.2340191912215515e-07, 7.449603800472904e-08, 4.45709912462792e-08, 2.68232412274751e-08, 1.6008650185378874e-08, 9.472869291446295e-09, 5.610500095264304e-09, 3.3511838065971537e-09, 1.9885605095615413e-09, 1.189918128575633e-09, 7.200412986731599e-10, 4.348903779729567e-10, 2.547983469527453e-10, 1.5016674297112604e-10, 8.872354088210704e-11, 5.304000481402247e-11, 3.152294942788868e-11, 1.84135961735992e-11, 1.022003310518734e-11, 5.584874387590921e-12, 3.1105174917239773e-12, 1.6877722410700809e-12, 9.80311651045494e-13, 4.995091788872549e-13, 2.6674890644997836e-13, 1.6206298806194553e-13, 1.1381948194268197e-13, 6.463293695700601e-14, 3.3097243424047765e-14, 1.8070971218812096e-14, 1.01627487244142e-14, 6.14363615771968e-15, 4.011198355982002e-15, 2.4924441583925275e-15]
W_list: [8.2]
L_list: [2.037724232956956]
