C_list:
1.5646124428152295e-06 0.024650570330399937
ndim2: 500
W_list: [1.5999999999999999]
L_list: [40.5670127139722]
