R_list= [ 1  2  3  4  5  6  7  8  9 10 11 12 13 14 15 16 17 18 19 20 21 22 23 24
 25 26 27 28 29 30 31 32 33 34 35 36 37 38]
C_final_list= [5.573233289253798e-07, 5.262639595595243e-07, 4.945687647120315e-07, 4.6347516971250084e-07, 4.3386562483805145e-07, 4.05979109299152e-07, 3.7974192358330323e-07, 3.5510290800881016e-07, 3.3185679213718653e-07, 3.0992162205368073e-07, 2.8935851851739574e-07, 2.700873512172317e-07, 2.5218023913250956e-07, 2.35530468183206e-07, 2.1996223808452244e-07, 2.0539825699591966e-07, 1.9169551575427642e-07, 1.789568064137788e-07, 1.6707244328440647e-07, 1.5604306183766016e-07, 1.4565565201579145e-07, 1.3590533294459511e-07, 1.2677849054949518e-07, 1.1816710750894805e-07, 1.1018091070645306e-07, 1.0274685228879978e-07, 9.580660091250257e-08, 8.930793515428751e-08, 8.326379389701661e-08, 7.764712483670143e-08, 7.240656091061914e-08, 6.751567244837335e-08, 6.293249582034858e-08, 5.863970601953005e-08, 5.459836869764365e-08, 5.081666145365578e-08, 4.728811308260186e-08, 4.399898720614434e-08]
W_list: [6.8]
L_list: [14.757668595964482]
