R_list= [ 1  2  3  4  5  6  7  8  9 10 11 12 13 14 15 16 17 18 19 20 21 22 23 24
 25 26 27 28 29 30 31 32 33 34 35 36 37 38]
C_final_list= [5.146879144622338e-07, 4.0798438850741965e-07, 3.201237235060227e-07, 2.498064667539016e-07, 1.9526354411565156e-07, 1.5264273446783497e-07, 1.1899221931621963e-07, 9.271035024018787e-08, 7.206583771241099e-08, 5.585530698416747e-08, 4.327592761202203e-08, 3.3562678137018495e-08, 2.5970396956104917e-08, 2.0190863077706056e-08, 1.5615712723192588e-08, 1.2074815334117415e-08, 9.302838369472288e-09, 7.204981624722915e-09, 5.570453971926872e-09, 4.297475944906842e-09, 3.3228791284869668e-09, 2.5614101422348335e-09, 1.972499200833851e-09, 1.5273046608935285e-09, 1.1737623144022954e-09, 9.013678478163252e-10, 6.89343303711727e-10, 5.247859612583986e-10, 3.9616183288311687e-10, 3.013894485698351e-10, 2.2656904460154995e-10, 1.7166753340151032e-10, 1.2916912425615795e-10, 9.713323426329912e-11, 7.350247305920566e-11, 5.563027149200298e-11, 4.174828756121167e-11, 3.088471856283629e-11]
W_list: [8.0]
L_list: [4.080014860109094]
