C_list:
1.9374762812701645e-06 0.1982632517618168
ndim2: 500
W_list: [3.0]
L_list: [5.043799045530375]
