R_list= [ 1  2  3  4  5  6  7  8  9 10 11 12 13 14 15 16 17 18 19 20 21 22 23 24
 25 26 27 28 29 30 31 32 33 34 35 36 37 38]
C_final_list= [3.8553160120176136e-07, 1.5447146749176222e-07, 4.917858369258582e-08, 1.3988829393250859e-08, 3.749568996105433e-09, 9.742544885414003e-10, 2.4663752003598944e-10, 6.235253388963224e-11, 1.5909380479081146e-11, 4.0874906314931694e-12, 1.0683021150015456e-12, 2.8654325104573806e-13, 7.88888543894235e-14, 2.1855156423872675e-14, 5.941631664999161e-15, 1.5226387433179098e-15, 3.7998888120227963e-16, 8.972979632947619e-17, 2.141179948325432e-17, 5.236826990125843e-18, 1.3136634863678019e-18, 3.4065801176764135e-19, 8.830064102672326e-20, 2.4397596409230354e-20, 7.588478972007855e-21, 2.930268776134552e-21, 1.4686484852887222e-21, 9.743541004116589e-22, 7.772364780302695e-22, 6.813789725240988e-22, 6.354403130828292e-22, 6.386267915877718e-22, 6.596203236785311e-22, 6.742518630760246e-22, 6.560604547979388e-22, 6.264574111651791e-22, 5.951575589936796e-22, 5.592126874822024e-22]
W_list: [6]
L_list: [1.0249998139640981]
