C_final_list: [1.7169197057981283e-06, 1.4812477049328452e-06, 1.2751411158938083e-06, 1.0898989522463616e-06, 9.316758517333042e-07, 7.976124776005458e-07, 6.847467459474552e-07, 5.828346979119477e-07, 4.978568000762994e-07, 4.237817328629896e-07, 3.6169000968476815e-07, 3.076894566276105e-07, 2.6282140089042096e-07, 2.234050147337024e-07, 1.9204879137989815e-07, 1.638240760914903e-07, 1.3951407732219567e-07, 1.1910570261809519e-07, 1.012992617518053e-07, 8.647685827879936e-08, 7.339115069641291e-08, 6.22803778608548e-08, 5.2891170302735076e-08, 4.4922470004880334e-08, 3.8072760410649126e-08, 3.219617552030469e-08, 2.724049759537759e-08, 2.300359300987383e-08, 1.937009210841267e-08, 1.646608805940742e-08, 1.3891123117582761e-08, 1.169665386774322e-08, 9.834872958845185e-09, 8.276314298031717e-09, 6.980418340713978e-09]
ndim2: 500
W_list: [2.0]
L_list: [6.40860118168079]
