R_list= [ 1  2  3  4  5  6  7  8  9 10 11 12 13 14 15 16 17 18 19 20 21 22 23 24
 25 26 27 28 29 30 31 32 33 34 35 36 37 38]
C_final_list= [6.726552546559969e-06, 5.785159684266823e-06, 4.9296351214477476e-06, 4.188274455502238e-06, 3.5544756698557317e-06, 3.0140992431473015e-06, 2.5529017277363335e-06, 2.1613039867959406e-06, 1.8272370456432392e-06, 1.5439410803775896e-06, 1.3035814132678895e-06, 1.1002999238216375e-06, 9.292875862970147e-07, 7.837121823416314e-07, 6.611798322103266e-07, 5.574811419612352e-07, 4.6997562891829176e-07, 3.960182220899302e-07, 3.340496449127629e-07, 2.81739895280742e-07, 2.3786763019083354e-07, 2.0085300179381316e-07, 1.6959559990124357e-07, 1.4323704260089112e-07, 1.208947057732168e-07, 1.0195872027548715e-07, 8.601996055545019e-08, 7.254016539435741e-08, 6.118320802161385e-08, 5.148539174323304e-08, 4.3365964196763214e-08, 3.6547900094909346e-08, 3.087778286704966e-08, 2.6113581176303582e-08, 2.2079105509730474e-08, 1.8654296251065662e-08, 1.574178533967828e-08, 1.3289950907644844e-08]
W_list: [8.1]
L_list: [6.083770197085329]
