R_list= [ 1  2  3  4  5  6  7  8  9 10 11 12 13 14 15 16 17 18 19 20 21 22 23 24
 25 26 27 28 29 30 31 32 33 34 35 36 37 38]
C_final_list= [1.553744691734504e-07, 1.0082826767929025e-07, 6.383206731607706e-08, 4.029780103389423e-08, 2.5344217783035087e-08, 1.583299644676798e-08, 9.877068649619617e-09, 6.159420111974755e-09, 3.831598468006999e-09, 2.359151165758687e-09, 1.449870912342718e-09, 8.900762484954592e-10, 5.481228182245337e-10, 3.3741802326484706e-10, 2.0741990758170846e-10, 1.265489666169622e-10, 7.687848258372775e-11, 4.6694292261272847e-11, 2.8073217856626842e-11, 1.695512548975902e-11, 1.029057777787666e-11, 6.231988407333621e-12, 3.756279050527068e-12, 2.277379299585424e-12, 1.3607180427574452e-12, 8.050452601982048e-13, 4.757961555416354e-13, 2.719540756010165e-13, 1.5762886213755848e-13, 9.225027057896258e-14, 5.3513936235260734e-14, 3.209120812161396e-14, 1.8783011978196087e-14, 1.1217419313979911e-14, 6.9292666969389054e-15, 4.058478243405782e-15, 2.4042870376078866e-15, 1.5023680965798201e-15]
W_list: [7]
L_list: [2.2183181237954073]
