R_list= [ 1  2  3  4  5  6  7  8  9 10 11 12 13 14 15 16 17 18 19 20 21 22 23 24
 25 26 27 28 29 30 31 32 33 34 35 36 37 38]
C_final_list= [3.900163926964901e-07, 2.938964905610813e-07, 2.186521664238843e-07, 1.6122479954473978e-07, 1.1852206928216619e-07, 8.70668546896104e-08, 6.349568787631024e-08, 4.5812947291583655e-08, 3.32367608040592e-08, 2.4129575121426625e-08, 1.7481094740708044e-08, 1.268107854214721e-08, 9.179555642260066e-09, 6.6722788884076184e-09, 4.845234965558642e-09, 3.514721951149153e-09, 2.5495547009549395e-09, 1.8446906629666055e-09, 1.3270647838617994e-09, 9.539162180112203e-10, 6.870919246481453e-10, 4.966432056856071e-10, 3.603575828667314e-10, 2.6232210454837417e-10, 1.9082876532088268e-10, 1.3825279637274214e-10, 9.979175638695234e-11, 7.114466697712511e-11, 5.078988023539411e-11, 3.6227398981116344e-11, 2.5633535720405863e-11, 1.8103682449051297e-11, 1.269419487184905e-11, 8.812634867569633e-12, 6.167554882745914e-12, 4.323248830858813e-12, 3.0953777747690458e-12, 2.193364286915598e-12]
W_list: [9.0]
L_list: [3.318339236877466]
