C_final_list: [2.053683926279962e-06, 1.961703642999899e-06, 1.8702922809556222e-06, 1.784050007315657e-06, 1.7031452977995016e-06, 1.625141453688559e-06, 1.5497855034018966e-06, 1.477251055815219e-06, 1.4090749224439038e-06, 1.3431490081241418e-06, 1.2792290412236632e-06, 1.2176161888876957e-06, 1.158877847663298e-06, 1.1035059907031289e-06, 1.0513332960629454e-06, 1.00093582137722e-06, 9.528357260046242e-07, 9.063632059754877e-07, 8.62238020241481e-07, 8.200637517489227e-07, 7.79309600910597e-07, 7.410022632501513e-07, 7.045818511609005e-07, 6.703062094790418e-07, 6.376068462048298e-07, 6.059762316049822e-07, 5.7595757877667e-07, 5.473800862922091e-07, 5.200462925499355e-07, 4.937155661615199e-07, 4.6893604949529736e-07, 4.450900289233331e-07, 4.2272023205244347e-07, 4.015223944191392e-07, 3.8125581377850557e-07, 3.6198614248604985e-07, 3.4363475657764233e-07, 3.2626358809641374e-07, 3.1014795864749275e-07, 2.9456926633848004e-07, 2.798859624341066e-07, 2.6589388453341356e-07, 2.5251353136904016e-07, 2.400362708062855e-07, 2.280888197240649e-07, 2.1667457796632216e-07, 2.0580645830615802e-07, 1.9540825059113956e-07, 1.854433740091932e-07, 1.7604834737069042e-07]
ndim2: 500
W_list: [2.6]
L_list: [20.273435438336374]
