C_final_list: [1.4436394372686802e-06, 1.0973277212644665e-06, 8.296103522017212e-07, 6.263265576218336e-07, 4.7153968216314756e-07, 3.5416817217163687e-07, 2.644805379802981e-07, 2.0005518354974744e-07, 1.5087039669430153e-07, 1.132028680936377e-07, 8.568587952391207e-08, 6.466916964368354e-08, 4.868508590107581e-08, 3.6646849616496703e-08, 2.7507969998407347e-08, 2.0556653402851813e-08, 1.5298963073442936e-08, 1.1359482631530237e-08, 8.318687373476197e-09, 6.132942751242069e-09, 4.518387873944171e-09, 3.3294551421551484e-09, 2.4403466252390415e-09, 1.7986697669329342e-09, 1.3427726490573563e-09, 9.980831731886497e-10, 7.295307473601028e-10, 5.4287835038089e-10, 3.9733965553268127e-10, 2.9018508654450945e-10, 2.1539104418729646e-10, 1.5612046933311699e-10, 1.1397252719845849e-10, 8.485435388097926e-11, 6.127180637787085e-11]
ndim2: 500
W_list: [4.2]
L_list: [3.5557066741232317]
