R_list= [ 1  2  3  4  5  6  7  8  9 10 11 12 13 14 15 16 17 18 19 20 21 22 23 24
 25 26 27 28 29 30 31 32 33 34 35 36 37 38]
C_final_list= [2.729111802454707e-07, 2.2969184346588872e-07, 1.905457574371994e-07, 1.5717213676397786e-07, 1.294696378540743e-07, 1.063175680061313e-07, 8.692571812058213e-08, 7.096332679390364e-08, 5.7836962085630066e-08, 4.697490854324966e-08, 3.80138768210723e-08, 3.07586329065088e-08, 2.49070676524634e-08, 2.015302067566648e-08, 1.6287699607928695e-08, 1.3122977313217792e-08, 1.0559666126098295e-08, 8.491337989527139e-09, 6.810402432014155e-09, 5.472945884323528e-09, 4.404094724552329e-09, 3.545706377833372e-09, 2.8542686383664333e-09, 2.296566886558646e-09, 1.8461788095954055e-09, 1.4861576822767418e-09, 1.1971978283979236e-09, 9.610294400705863e-10, 7.713358103389942e-10, 6.210076129737861e-10, 4.980182890046254e-10, 4.0001315956012485e-10, 3.2139578591439677e-10, 2.580857519353025e-10, 2.0751838782555415e-10, 1.6648104221099345e-10, 1.3336951081371819e-10, 1.0717225003917364e-10]
W_list: [8.600000000000001]
L_list: [5.120065248565472]
