C_final_list: [1.1535207580341843e-06, 1.0837445983845357e-06, 1.0129025709759102e-06, 9.455525528668881e-07, 8.81933776982129e-07, 8.2241220123725e-07, 7.667341005284067e-07, 7.150460619641433e-07, 6.664941799175327e-07, 6.21925772489563e-07, 5.798891798501751e-07, 5.407250933988528e-07, 5.044666486923592e-07, 4.708336141336548e-07, 4.390209481878599e-07, 4.096156666781232e-07, 3.826222663522269e-07, 3.570337505994982e-07, 3.331545859115889e-07, 3.1087130405364286e-07, 2.898918359030498e-07, 2.7009572737326315e-07, 2.5179636476483794e-07, 2.3433683436199176e-07, 2.1807229707922504e-07, 2.0270181471183635e-07, 1.8860715974260422e-07, 1.753915539382205e-07, 1.6304677794132992e-07, 1.5165210373147398e-07, 1.4110794436430707e-07, 1.313084843050559e-07, 1.2221793331588197e-07, 1.1382802169367431e-07, 1.0598108150173187e-07]
ndim2: 500
W_list: [2.6]
L_list: [14.36262046833444]
