C_list:
1.3219460220035671e-06 0.06271021953180557
ndim2: 500
W_list: [2.6]
L_list: [15.946364204526773]
