C_final_list: [2.160294459045061e-06, 1.9852757866246723e-06, 1.8168024045997052e-06, 1.6616428775161322e-06, 1.519451472724707e-06, 1.3902404616762696e-06, 1.2715113506148592e-06, 1.1647333363896306e-06, 1.0670606709794417e-06, 9.77383702522291e-07, 8.955616202532362e-07, 8.199994247968953e-07, 7.507709640359394e-07, 6.859570112739983e-07, 6.287906957045473e-07, 5.753087409590467e-07, 5.262548328808505e-07, 4.812019801734412e-07, 4.3998097961124555e-07, 4.011302739394353e-07, 3.661850488426052e-07, 3.3454467031129634e-07, 3.0527285821978533e-07, 2.7874224058194805e-07, 2.5425162978998885e-07, 2.321624584784075e-07, 2.1166214082409552e-07, 1.9307355436742555e-07, 1.7574196960677002e-07, 1.599689580165026e-07, 1.4549617553530796e-07, 1.324949473641562e-07, 1.2047735616695583e-07, 1.095540468289876e-07, 9.951078718957669e-08]
ndim2: 500
W_list: [2.2]
L_list: [11.257355731911128]
