C_final_list: [1.8328778338745924e-06, 1.7749809533739576e-06, 1.7176203793534563e-06, 1.6610832996093974e-06, 1.6066406379722906e-06, 1.5552466155288947e-06, 1.5050891075362428e-06, 1.4569767633509925e-06, 1.4093595362391913e-06, 1.3629261871565104e-06, 1.3182342923166082e-06, 1.2754199791894227e-06, 1.2335716284184293e-06, 1.1931364593855983e-06, 1.1542168797174535e-06, 1.1159585978518365e-06, 1.079701206637316e-06, 1.0444097060633525e-06, 1.0099150196045577e-06, 9.76404779316244e-07, 9.432516238720277e-07, 9.111327413298415e-07, 8.80128427917673e-07, 8.498379294785867e-07, 8.20326361369731e-07, 7.917537418963007e-07, 7.641406046432519e-07, 7.37499722569666e-07, 7.116697604658544e-07, 6.870507211808109e-07, 6.632542346602089e-07, 6.401925037448133e-07, 6.179648192898376e-07, 5.963950881509795e-07, 5.754740529083515e-07, 5.552250896551395e-07, 5.3582755402219e-07, 5.168495292697083e-07, 4.98631328605679e-07, 4.809962427504999e-07, 4.6384438417023194e-07, 4.473951351370674e-07, 4.314131291922204e-07, 4.158762782021952e-07, 4.0084280478842154e-07, 3.864385294387473e-07, 3.7246297564970617e-07, 3.589084414629149e-07, 3.46026364014849e-07, 3.337061373160156e-07]
ndim2: 500
W_list: [3.0999999999999996]
L_list: [29.2513222134557]
