C_final_list: [1.9766205176987218e-06, 1.8810544415686237e-06, 1.7879051145070826e-06, 1.6987717537986964e-06, 1.6158484784723447e-06, 1.5369726034914554e-06, 1.462774559021957e-06, 1.3907080068417865e-06, 1.3220237397752321e-06, 1.255718690081148e-06, 1.1922502369833431e-06, 1.132745162293934e-06, 1.075335263977445e-06, 1.0214337973248526e-06, 9.690870374530945e-07, 9.199002712447825e-07, 8.729290603705851e-07, 8.278551521124597e-07, 7.855800349281079e-07, 7.449370455708144e-07, 7.065319548135532e-07, 6.697847818537528e-07, 6.350261543837896e-07, 6.019740289889644e-07, 5.705706086083842e-07, 5.405889230727245e-07, 5.120674804374959e-07, 4.850027660947508e-07, 4.592971701606709e-07, 4.3486145959754417e-07, 4.115853669786332e-07, 3.896775901242248e-07, 3.6904285354567853e-07, 3.496764407236209e-07, 3.311068297920931e-07]
ndim2: 500
W_list: [2.2]
L_list: [19.28040553491267]
