C_list:
1.565714922472582e-06 0.024941762297502796
ndim2: 500
W_list: [1.5999999999999999]
L_list: [40.09339789514879]
