R_list= [ 1  2  3  4  5  6  7  8  9 10 11 12 13 14 15 16 17 18 19 20 21 22 23 24
 25 26 27 28 29 30 31 32 33 34 35 36 37 38]
C_final_list= [3.1705926587372554e-07, 2.5923439510711847e-07, 2.1273091078455243e-07, 1.7415748208099077e-07, 1.415188541545717e-07, 1.1473408786125702e-07, 9.277404124777103e-08, 7.484051722341023e-08, 6.02122961895073e-08, 4.83281125823231e-08, 3.885363016235281e-08, 3.125419500264362e-08, 2.5146456466006507e-08, 2.027837776798705e-08, 1.638755229263169e-08, 1.3224301184293387e-08, 1.066033785421606e-08, 8.572150295771865e-09, 6.862868816857187e-09, 5.490968583491306e-09, 4.384602919003574e-09, 3.4973759498166473e-09, 2.7897083292743637e-09, 2.2346200419003975e-09, 1.789643032210836e-09, 1.4371739976967486e-09, 1.152274218614624e-09, 9.216342364896497e-10, 7.383955477071765e-10, 5.922003228148005e-10, 4.742177804200158e-10, 3.779229790349316e-10, 3.0245195812300794e-10, 2.423827295072961e-10, 1.9444010624441272e-10, 1.5649269853567745e-10, 1.265231340280186e-10, 1.0231396728903573e-10]
W_list: [7]
L_list: [4.825909742774785]
