R_list= [ 1  2  3  4  5  6  7  8  9 10 11 12 13 14 15 16 17 18 19 20 21 22 23 24
 25 26 27 28 29 30 31 32]
C_final_list= [7.791199796555954e-07, 7.258538382447043e-07, 6.740364226617497e-07, 6.254678498761546e-07, 5.798909855321831e-07, 5.380442099635677e-07, 4.989275540999595e-07, 4.625295058181677e-07, 4.285554832325001e-07, 3.9716840783621347e-07, 3.6775914079260034e-07, 3.404805973892343e-07, 3.1522242891191843e-07, 2.9178808333433727e-07, 2.6992151352975257e-07, 2.497125746527727e-07, 2.3089434042632089e-07, 2.1352741041933733e-07, 1.974481004642465e-07, 1.8267307970925153e-07, 1.6905861912085342e-07, 1.5652717913795093e-07, 1.4484933160369892e-07, 1.3406958676385062e-07, 1.2409373879727776e-07, 1.1481763111974046e-07, 1.0626864489518525e-07, 9.82966657450512e-08, 9.090322954614649e-08, 8.399657906076723e-08, 7.754355343323875e-08, 7.157845741590605e-08]
W_list: [6]
L_list: [13.089166353687233]
