R_list= [ 1  2  3  4  5  6  7  8  9 10 11 12 13 14 15 16 17 18 19 20 21 22 23 24
 25 26 27 28 29 30 31 32 33 34 35 36 37 38]
C_final_list= [4.537578255715388e-07, 3.4057948305926486e-07, 2.519316474261624e-07, 1.858298093458017e-07, 1.3597431815902952e-07, 9.97019133642491e-08, 7.284057158375613e-08, 5.3286992490542274e-08, 3.873381882843648e-08, 2.8338939357218246e-08, 2.0646334969470837e-08, 1.5048173265851252e-08, 1.0952229285234889e-08, 7.944158868052704e-09, 5.750317294098477e-09, 4.176858180695427e-09, 3.0444322859770804e-09, 2.2172938223991935e-09, 1.5985239803143484e-09, 1.1516403321359871e-09, 8.370946140502577e-10, 6.096507171540572e-10, 4.432443502109222e-10, 3.222935944692095e-10, 2.3394633977718043e-10, 1.676453752634936e-10, 1.2014442997230454e-10, 8.683513898665283e-11, 6.260757287671586e-11, 4.5622270281130506e-11, 3.33466244662857e-11, 2.3972399195597054e-11, 1.7393261534295108e-11, 1.2349639635125204e-11, 8.789090156468366e-12, 6.295012242594884e-12, 4.5251145237598794e-12, 3.321833776664544e-12]
W_list: [9.2]
L_list: [3.2971635469753156]
