R_list= [ 1  2  3  4  5  6  7  8  9 10 11 12 13 14 15 16 17 18 19 20 21 22 23 24
 25 26 27 28 29 30 31 32 33 34 35 36 37 38]
C_final_list= [5.872978839959025e-07, 4.526001392009616e-07, 3.516296765457448e-07, 2.7579281184731913e-07, 2.1639524204966748e-07, 1.693493789473889e-07, 1.3271965371197852e-07, 1.0417621238611832e-07, 8.17515541763011e-08, 6.413627699879847e-08, 5.009476450592322e-08, 3.918266305196677e-08, 3.062145511262174e-08, 2.3776487698917928e-08, 1.8467112715845515e-08, 1.430285874869854e-08, 1.1057987713095442e-08, 8.575389824195747e-09, 6.638550268224045e-09, 5.132855143447738e-09, 3.982341424204166e-09, 3.092882068576612e-09, 2.399394967885466e-09, 1.8608022423823927e-09, 1.4427990018031296e-09, 1.1185592035001695e-09, 8.660254691050107e-10, 6.682478536347313e-10, 5.112219983439972e-10, 3.893764770583499e-10, 2.98248311461955e-10, 2.2922459110352194e-10, 1.7499292543243874e-10, 1.336891054074592e-10, 1.0290914128950597e-10, 7.907207186575102e-11, 6.027646592482148e-11, 4.5649721825178124e-11]
W_list: [6]
L_list: [4.034718283934625]
