R_list= [ 1  2  3  4  5  6  7  8  9 10 11 12 13 14 15 16 17 18 19 20 21 22 23 24
 25 26 27 28 29 30 31 32 33 34 35 36 37 38]
C_final_list= [3.2957468723552975e-07, 1.6413896127701914e-07, 6.64404819998793e-08, 2.4069459903732647e-08, 8.193721146869489e-09, 2.697437917794278e-09, 8.722268081299484e-10, 2.794467347315942e-10, 8.930111853172236e-11, 2.8774898721282293e-11, 9.567031694540795e-12, 3.294982918210908e-12, 1.13868046468879e-12, 3.9979765964346755e-13, 1.3903707307290478e-13, 4.7922461318875126e-14, 1.578386088571001e-14, 4.815971753411283e-15, 1.4520580433127022e-15, 4.341811333123407e-16, 1.2969313271014495e-16, 3.927611011101059e-17, 1.2210263641298968e-17, 3.9023790679475846e-18, 1.2594137963695584e-18, 4.02614867408714e-19, 1.325278568469387e-19, 4.936016518656817e-20, 3.139556432427731e-20, 4.676120711694252e-20, 7.822201381661981e-20, 5.435961997957844e-20, 2.8837943333903196e-20, 1.3287394302846007e-20, 7.775280584921317e-21, 2.93386563814606e-21, 1.080903825341358e-21, 4.135967931832991e-22]
W_list: [5]
L_list: [1.2794621272884015]
