R_list= [ 1  2  3  4  5  6  7  8  9 10 11 12 13 14 15 16 17 18 19 20 21 22 23 24
 25 26 27 28 29 30 31 32 33 34 35 36 37 38]
C_final_list= [2.26435248314083e-05, 1.859390819608612e-05, 1.5130353033192309e-05, 1.2265736560982694e-05, 9.93191021430706e-06, 8.03951987385629e-06, 6.509258929128559e-06, 5.262323695545726e-06, 4.260632279304397e-06, 3.4521775477138596e-06, 2.793644472400926e-06, 2.260252255186546e-06, 1.8263740112590433e-06, 1.474396350608232e-06, 1.191122327569401e-06, 9.618410199033696e-07, 7.770590977856361e-07, 6.262131105994736e-07, 5.047320382174532e-07, 4.0694537583448345e-07, 3.28280702753511e-07, 2.647450459486628e-07, 2.1360382701969634e-07, 1.7232848891725473e-07, 1.3891218720388526e-07, 1.1218770469373294e-07, 9.067879652887538e-08, 7.333121433322089e-08, 5.9364903367308824e-08, 4.8166722473040665e-08, 3.908414533114195e-08, 3.1617852486169375e-08, 2.5540186709414226e-08, 2.0654381530241682e-08, 1.669733690265266e-08, 1.3491207485805319e-08, 1.0916873438475463e-08, 8.824630277809091e-09]
W_list: [8.1]
L_list: [4.7897625870166145]
