R_list= [ 1  2  3  4  5  6  7  8  9 10 11 12 13 14 15 16 17 18 19 20 21 22 23 24
 25 26 27 28 29 30 31 32 33 34 35 36 37 38]
C_final_list= [8.564383841720054e-07, 7.743970462802656e-07, 6.99761474131248e-07, 6.305812138988035e-07, 5.68020616573518e-07, 5.117074880359171e-07, 4.6092484364524976e-07, 4.1482545572717137e-07, 3.732351399891428e-07, 3.366429234482548e-07, 3.0334040310203046e-07, 2.7379967572342364e-07, 2.4722393989046695e-07, 2.2281230895529819e-07, 2.0076858017991435e-07, 1.804634196446187e-07, 1.6192290726041363e-07, 1.455833377469009e-07, 1.3073578953033573e-07, 1.1748350357936981e-07, 1.0545910459250156e-07, 9.460347896856194e-08, 8.489877961216857e-08, 7.611637491072375e-08, 6.828840011128812e-08, 6.125673694883238e-08, 5.487146213204393e-08, 4.915856164712252e-08, 4.3995388059229496e-08, 3.9360490598944065e-08, 3.525880026421585e-08, 3.1586730003765515e-08, 2.8267963335136163e-08, 2.5262631646173286e-08, 2.2571514238173266e-08, 2.0161103343385672e-08, 1.8018341973744575e-08, 1.611144265796941e-08]
W_list: [6]
L_list: [9.563370366636592]
