C_final_list: [1.9444701865669105e-06, 1.8382135834904955e-06, 1.7341285570701832e-06, 1.6359721045988317e-06, 1.5435277998330572e-06, 1.45613314648579e-06, 1.3740134462278448e-06, 1.2942585929109142e-06, 1.218697760697198e-06, 1.1462899857576455e-06, 1.0783495256839076e-06, 1.014519088987464e-06, 9.539721924282101e-07, 8.968421913167747e-07, 8.429858432887584e-07, 7.922707136818614e-07, 7.447792382592094e-07, 7.003278050753663e-07, 6.577465935888337e-07, 6.183852092625523e-07, 5.810401705408005e-07, 5.463972859471e-07, 5.139791965877962e-07, 4.830962979595792e-07, 4.541945440199309e-07, 4.2653675545995465e-07, 4.0031398520435725e-07, 3.759893817555164e-07, 3.526793061851478e-07, 3.312482581608867e-07, 3.1067780591496685e-07, 2.912121006430419e-07, 2.7287483401623873e-07, 2.557132958488153e-07, 2.3977344042912846e-07]
ndim2: 500
W_list: [2.4]
L_list: [16.465465945466867]
