R_list= [ 1  2  3  4  5  6  7  8  9 10 11 12 13 14 15 16 17 18 19 20 21 22 23 24
 25 26 27 28 29 30 31 32]
C_final_list= [7.551613160306858e-07, 6.941308921367907e-07, 6.38717392650299e-07, 5.865715037259747e-07, 5.385657226900533e-07, 4.940237464490328e-07, 4.526993941461098e-07, 4.144626940529695e-07, 3.792045610802162e-07, 3.467820228100634e-07, 3.169650411515554e-07, 2.893427535554844e-07, 2.6407874536340775e-07, 2.4095326181977476e-07, 2.1990123566321405e-07, 2.007275143484791e-07, 1.8308826308737947e-07, 1.6681852191705562e-07, 1.5190596036881477e-07, 1.3811636206168248e-07, 1.257045621235772e-07, 1.1427693322269741e-07, 1.0394185873045998e-07, 9.448797041228143e-08, 8.580960047488404e-08, 7.792136302181279e-08, 7.07500253675761e-08, 6.428389391665684e-08, 5.838939085753391e-08, 5.30216043104617e-08, 4.811406578092325e-08, 4.361263300180445e-08]
W_list: [6]
L_list: [11.206459693318399]
