R_list= [ 1  2  3  4  5  6  7  8  9 10 11 12 13 14 15 16 17 18 19 20 21 22 23 24
 25 26 27 28 29 30 31 32 33 34 35 36 37 38]
C_final_list= [3.093225854469423e-07, 2.216961669059269e-07, 1.4889090198532772e-07, 9.80565443992429e-08, 6.425945221278997e-08, 4.209028055888314e-08, 2.7522048439799678e-08, 1.8000661778817696e-08, 1.1750164003688157e-08, 7.652382472331483e-09, 4.965048365821744e-09, 3.2129844102670716e-09, 2.079312183382008e-09, 1.3441690974473567e-09, 8.70285041135271e-10, 5.616212604779634e-10, 3.6044983006564407e-10, 2.3087340776879643e-10, 1.4745047260361365e-10, 9.370799045026682e-11, 5.927817399627309e-11, 3.7385228344438735e-11, 2.3533052122584822e-11, 1.4964694514591064e-11, 9.613388548858425e-12, 6.117243011983081e-12, 3.804990265466192e-12, 2.3372673055703306e-12, 1.426375627432573e-12, 8.758794063929812e-13, 5.464486097662295e-13, 3.411825147310394e-13, 2.085286911333901e-13, 1.2553498382565895e-13, 7.475220635180566e-14, 4.488009041258472e-14, 2.714237554672997e-14, 1.627772947472298e-14]
W_list: [5]
L_list: [2.5725159637168984]
