R_list= [ 1  2  3  4  5  6  7  8  9 10 11 12 13 14 15 16 17 18 19 20 21 22 23 24
 25 26 27 28 29 30 31 32 33 34 35 36 37 38]
C_final_list= [4.870058452308801e-07, 3.791826459868719e-07, 2.931692977533834e-07, 2.2580308469598973e-07, 1.734088152773396e-07, 1.3274843846744097e-07, 1.0173918817970126e-07, 7.788464107390195e-08, 5.9312279414978065e-08, 4.525166479518896e-08, 3.446973709409968e-08, 2.624391240634406e-08, 2.0022312803112233e-08, 1.5273811084233758e-08, 1.1595773940999522e-08, 8.793391654772769e-09, 6.6572298438280325e-09, 5.046897118310358e-09, 3.828563213529708e-09, 2.8838034993270966e-09, 2.177954116301335e-09, 1.6341838368166188e-09, 1.2294195394028013e-09, 9.228409450370329e-10, 6.93386372579671e-10, 5.215017425340815e-10, 3.919961809358062e-10, 2.9542710876836186e-10, 2.2090387421534705e-10, 1.6585894363973758e-10, 1.242177246554816e-10, 9.249169866284856e-11, 6.899748132277701e-11, 5.1469930640493124e-11, 3.81531942211237e-11, 2.860230747044953e-11, 2.129041963449249e-11, 1.6192298860637735e-11]
W_list: [8.2]
L_list: [3.827099952424174]
