C_list:
4.133945008851833e-07 0.12569265462323456
ndim2: 500
W_list: [4.0]
L_list: [7.955914392909542]
