R_list= [ 1  2  3  4  5  6  7  8  9 10 11 12 13 14 15 16 17 18 19 20 21 22 23 24
 25 26 27 28 29 30 31 32 33 34 35 36 37 38]
C_final_list= [6.389391014724892e-07, 5.181740849345259e-07, 4.1719527693345346e-07, 3.3593979625666907e-07, 2.7016639764513147e-07, 2.1783023760049755e-07, 1.7516978580402362e-07, 1.4046891100524245e-07, 1.1269488383899167e-07, 9.031563008794825e-08, 7.21573160498787e-08, 5.7734002244307145e-08, 4.6053673463432036e-08, 3.665375192510466e-08, 2.91461066940525e-08, 2.3045527157175402e-08, 1.8268229141940767e-08, 1.4482591132976076e-08, 1.1497447122837428e-08, 9.096129664525968e-09, 7.212635929611456e-09, 5.726880075559563e-09, 4.536239956044784e-09, 3.583884438952085e-09, 2.8334722398327033e-09, 2.2419286081380356e-09, 1.7795955410305342e-09, 1.4096354190851498e-09, 1.1086503867634815e-09, 8.658409074894202e-10, 6.78048356347636e-10, 5.276984860247323e-10, 4.1172689432763136e-10, 3.2136024343075123e-10, 2.5132698318412795e-10, 1.962004840868571e-10, 1.5321633873360512e-10, 1.201266561729638e-10]
W_list: [8.0]
L_list: [4.601833423528693]
