R_list= [ 1  2  3  4  5  6  7  8  9 10 11 12 13 14 15 16 17 18 19 20 21 22 23 24
 25 26 27 28 29 30 31 32 33 34 35 36 37 38]
C_final_list= [4.1355124749486494e-07, 3.1447952126785363e-07, 2.3622440263837756e-07, 1.770619165771332e-07, 1.32495118462044e-07, 9.888266841635849e-08, 7.361420151069427e-08, 5.469184775384051e-08, 4.04320949884147e-08, 2.9833711478089726e-08, 2.2004717665426906e-08, 1.6232122621031797e-08, 1.1939204491759843e-08, 8.807625889355802e-09, 6.554643758145376e-09, 4.881544954584905e-09, 3.6537006738888922e-09, 2.7320491959796223e-09, 2.031805357964427e-09, 1.5014357996307164e-09, 1.1106277282418474e-09, 8.14975735872792e-10, 5.976846847903343e-10, 4.3828319103209704e-10, 3.225665899446027e-10, 2.4032984251971286e-10, 1.7932020008374805e-10, 1.338489585186639e-10, 9.90324886726233e-11, 7.340709632651221e-11, 5.403591249870075e-11, 3.9657862859968374e-11, 2.9070565112739925e-11, 2.1146307017768256e-11, 1.5570108264668313e-11, 1.1446675946846633e-11, 8.457432329038403e-12, 6.10473170838935e-12]
W_list: [8.8]
L_list: [3.477834350105302]
