R_list= [ 1  2  3  4  5  6  7  8  9 10 11 12 13 14 15 16 17 18 19 20 21 22 23 24
 25 26 27 28 29 30 31 32 33 34 35 36 37 38]
C_final_list= [1.0135145355131768e-06, 6.884013717089661e-07, 4.6667728054590514e-07, 3.149664944661318e-07, 2.1258825322637815e-07, 1.4417326211704235e-07, 9.73419090590695e-08, 6.541336406521366e-08, 4.4539674087958207e-08, 2.9993670138265924e-08, 2.0239255524323382e-08, 1.346888279268357e-08, 9.024023531945528e-09, 6.0417520837473725e-09, 3.978824406418929e-09, 2.6130405019814e-09, 1.697947765269926e-09, 1.1183804888179324e-09, 7.371551383996063e-10, 4.918936594022397e-10, 3.295623197422563e-10, 2.1816148451871527e-10, 1.4426567003300185e-10, 9.613985367966907e-11, 6.39558354567439e-11, 4.21977064974415e-11, 2.8878305582324594e-11, 2.003983943573985e-11, 1.34599988269049e-11, 9.041517397606429e-12, 6.244739002555026e-12, 4.40011523529043e-12, 2.9282698242065427e-12, 1.9933404077888194e-12, 1.2728242913920993e-12, 8.460377252449498e-13, 5.830653679437376e-13, 3.811791422237941e-13]
W_list: [6.800000000000001]
L_list: [2.5653144449894407]
