R_list= [ 1  2  3  4  5  6  7  8  9 10 11 12 13 14 15 16 17 18 19 20 21 22 23 24
 25 26 27 28 29 30 31 32 33 34 35 36 37 38]
C_final_list= [2.1590743350696425e-05, 1.762295532232926e-05, 1.4261864777752104e-05, 1.1506938805471198e-05, 9.260806057412673e-06, 7.451493209245985e-06, 5.989837724693539e-06, 4.815769991246009e-06, 3.874329465465933e-06, 3.111337095887851e-06, 2.497673825814248e-06, 2.0050536563729402e-06, 1.6084015604031456e-06, 1.2901178149898598e-06, 1.0354265993866393e-06, 8.314597623444261e-07, 6.667795218962277e-07, 5.345463090615746e-07, 4.284149114359533e-07, 3.434772029577167e-07, 2.751532916418651e-07, 2.2075245604479441e-07, 1.767391513267129e-07, 1.4174417677042086e-07, 1.1374293896722096e-07, 9.130489442923124e-08, 7.311371547346777e-08, 5.8531542063634294e-08, 4.6784522242854595e-08, 3.733526102245857e-08, 2.980383125630588e-08, 2.3877440230782138e-08, 1.915226265487592e-08, 1.5376365479407508e-08, 1.2338222470407234e-08, 9.908525594848705e-09, 7.957691514145798e-09, 6.373503439890806e-09]
W_list: [8.2]
L_list: [4.657818193237633]
