C_final_list: [1.8073927187822844e-06, 1.675316343940194e-06, 1.5507019841293614e-06, 1.435382490335872e-06, 1.3300008366389176e-06, 1.2312733164761758e-06, 1.138333084428438e-06, 1.0529441028948088e-06, 9.726810066817916e-07, 8.992782218340967e-07, 8.293858112706039e-07, 7.651503787883151e-07, 7.042490175515152e-07, 6.479018091441784e-07, 5.963369408175773e-07, 5.491508605168298e-07, 5.053789822041002e-07, 4.6501606405472164e-07, 4.273908836207845e-07, 3.92993350419443e-07, 3.611966909170577e-07, 3.322647515583894e-07, 3.0482140076482093e-07, 2.7987586632344787e-07, 2.572755893968475e-07, 2.3640568297460677e-07, 2.171574162640802e-07, 1.9944393032864892e-07, 1.8305162950131094e-07, 1.6810560552128862e-07, 1.5415280834105603e-07, 1.4121102052499097e-07, 1.2937364006052937e-07, 1.1853898917187924e-07, 1.0856904997515965e-07, 9.9400943051413e-08, 9.112873879057955e-08, 8.345393500117846e-08, 7.642787404360565e-08, 6.990808391041672e-08, 6.40493437817493e-08, 5.867162922071233e-08, 5.3743158569770315e-08, 4.9173564218766615e-08, 4.503496127445298e-08, 4.116901709106935e-08, 3.7617299739396935e-08, 3.4409104413942474e-08, 3.145146376072158e-08, 2.876494210176734e-08]
ndim2: 500
W_list: [3.3499999999999996]
L_list: [12.37970978261124]
