C_final_list: [1.6429984179880036e-06, 1.6167817805646782e-06, 1.5908881710837693e-06, 1.5659616135937848e-06, 1.5414147758488309e-06, 1.5170651058040568e-06, 1.493413364767216e-06, 1.469860785844553e-06, 1.4465817574457679e-06, 1.4239208184396765e-06, 1.4015468012456695e-06, 1.3795446735552333e-06, 1.3579856973760422e-06, 1.3367635873138249e-06, 1.315613359692072e-06, 1.294925276356129e-06, 1.274760795687583e-06, 1.2548725055173387e-06, 1.2352148784070527e-06, 1.216050441762934e-06, 1.1972337984960474e-06, 1.1787350424137285e-06, 1.1605238550826835e-06, 1.1424914088927831e-06, 1.1245690739964467e-06, 1.1070123041011068e-06, 1.0896095901067572e-06, 1.0724670085874433e-06, 1.0553854431391458e-06, 1.038770423779072e-06, 1.0224613975284099e-06, 1.0064225619416002e-06, 9.902890191012958e-07, 9.744445551914746e-07, 9.589078209368447e-07, 9.436255123978036e-07, 9.286037743672827e-07, 9.137507895983074e-07, 8.990857261907769e-07, 8.844849801376148e-07, 8.702641839595689e-07, 8.564060829154484e-07, 8.426320252177424e-07, 8.290231573856355e-07, 8.155966589427206e-07, 8.024319085175393e-07, 7.894402506364919e-07, 7.766601011701669e-07, 7.640098422809811e-07, 7.515979106343748e-07]
ndim2: 500
W_list: [3.05]
L_list: [62.99717829096195]
