R_list= [ 1  2  3  4  5  6  7  8  9 10 11 12 13 14 15 16 17 18 19 20 21 22 23 24
 25 26 27 28 29 30 31 32]
C_final_list= [5.876315817753889e-07, 5.012758481743849e-07, 4.3145441011434455e-07, 3.7045876245308423e-07, 3.175810157543783e-07, 2.712652050424263e-07, 2.3164522343243877e-07, 1.978853719066473e-07, 1.6894371058353e-07, 1.441282096304071e-07, 1.228495598584057e-07, 1.0480593684863273e-07, 8.94421181202476e-08, 7.619337846143373e-08, 6.496565547988677e-08, 5.549708218307377e-08, 4.737415207989492e-08, 4.037530628777618e-08, 3.429310003449136e-08, 2.9118469928893448e-08, 2.470912299594865e-08, 2.100458670921316e-08, 1.7870905602396784e-08, 1.5219355287753996e-08, 1.296081125927303e-08, 1.1005557694497901e-08, 9.32314690878545e-09, 7.888871999479875e-09, 6.661880687685091e-09, 5.628030420594014e-09, 4.7661350734704065e-09, 4.042270832921535e-09]
W_list: [6]
L_list: [6.393366653642555]
