C_final_list: [1.5553235152144599e-06, 1.5269033816239647e-06, 1.498766728029854e-06, 1.4716051682368886e-06, 1.4450807248582984e-06, 1.4193319680364009e-06, 1.3941653196011202e-06, 1.369377662922359e-06, 1.344945362764496e-06, 1.321164864129563e-06, 1.2980698684005533e-06, 1.275097152094653e-06, 1.2524778156480962e-06, 1.23026386713464e-06, 1.2083616605901848e-06, 1.1867032902009085e-06, 1.1652746380122352e-06, 1.1443516941523818e-06, 1.1237603199559556e-06, 1.1035836447067351e-06, 1.0837787769191694e-06, 1.0645761793720762e-06, 1.045713461274903e-06, 1.0271844170214935e-06, 1.0089959062146286e-06, 9.91119813244958e-07, 9.734483595915698e-07, 9.56125164459606e-07, 9.391267842561811e-07, 9.222850148277665e-07, 9.056974799783808e-07, 8.893756369083968e-07, 8.733924129718595e-07, 8.576351077473647e-07, 8.42191879439268e-07, 8.269309428381843e-07, 8.117796272372081e-07, 7.969329581816509e-07, 7.821991153450749e-07, 7.677112846647215e-07, 7.534070939153001e-07, 7.393039761046511e-07, 7.255471983844723e-07, 7.121499530512477e-07, 6.989370745429907e-07, 6.860167657311985e-07, 6.732293321929205e-07, 6.606384269563021e-07, 6.482734346047681e-07, 6.361663782512168e-07]
ndim2: 500
W_list: [3.15]
L_list: [55.230831418021516]
