R_list= [ 1  2  3  4  5  6  7  8  9 10 11 12 13 14 15 16 17 18 19 20 21 22 23 24
 25 26 27 28 29 30]
C_final_list= [1.620939319855451e-07, 1.1066833011023975e-07, 7.209906808892451e-08, 4.6349908839114405e-08, 2.9567432831178573e-08, 1.8790018697942437e-08, 1.1908621501267442e-08, 7.516752892889088e-09, 4.693020611156176e-09, 2.902693561900029e-09, 1.792118174716927e-09, 1.1083802090007312e-09, 6.895737647186472e-10, 4.2850061002178297e-10, 2.629587328761647e-10, 1.5946715708584672e-10, 9.595060837789005e-11, 5.7087841075030614e-11, 3.373535059745609e-11, 1.9933511194208705e-11, 1.1823311986478877e-11, 7.047006942833913e-12, 4.210368621851347e-12, 2.515252027455607e-12, 1.511048007721403e-12, 9.080538295926171e-13, 5.461356164028921e-13, 3.260151730965387e-13, 1.9466603235478728e-13, 1.1613887350230282e-13]
W_list: [6]
L_list: [2.3765515260012497]
