C_final_list: [1.7979393904970204e-06, 1.7744397954846523e-06, 1.7513575143108741e-06, 1.728964194549889e-06, 1.7072041453220756e-06, 1.686085194799107e-06, 1.6652569972606995e-06, 1.6444256911923961e-06, 1.6240766080549456e-06, 1.6041946208186624e-06, 1.5846554627068728e-06, 1.5653145250847085e-06, 1.546215523279772e-06, 1.5272471289291435e-06, 1.5087720455061591e-06, 1.4904463319853985e-06, 1.47213294746986e-06, 1.4542008389568942e-06, 1.4364842971466034e-06, 1.4189909652796067e-06, 1.4016376639236795e-06, 1.3845000638796432e-06, 1.3674610817201362e-06, 1.3506258092837261e-06, 1.3342240295661184e-06, 1.317969926768874e-06, 1.3018063221518667e-06, 1.2858212065237786e-06, 1.2701101217380438e-06, 1.2547496865442547e-06, 1.2395351960100307e-06, 1.2244239368095474e-06, 1.2096230744441293e-06, 1.1949543725991014e-06, 1.1804589801301538e-06, 1.1660890527392665e-06, 1.1519213079756081e-06, 1.1378245996518665e-06, 1.1238002983821793e-06, 1.10992943349468e-06, 1.0961934278128642e-06, 1.0826745292635402e-06, 1.0692131152600064e-06, 1.05601798245236e-06, 1.0429406725554261e-06, 1.0301191420159681e-06, 1.0174549939809708e-06, 1.0049004843708456e-06, 9.925978591531192e-07, 9.803201791787256e-07]
ndim2: 500
W_list: [2.8]
L_list: [81.14130269203957]
