R_list= [ 1  2  3  4  5  6  7  8  9 10 11 12 13 14 15 16 17 18 19 20 21 22 23 24
 25 26 27 28 29 30]
C_final_list= [7.095420958798169e-07, 6.687316284108565e-07, 6.295532648517274e-07, 5.919813477460233e-07, 5.561833694860228e-07, 5.21746457526516e-07, 4.891103660017246e-07, 4.582680934165637e-07, 4.296014651099542e-07, 4.0262357827760467e-07, 3.770842119813044e-07, 3.5335788245247047e-07, 3.309422995890654e-07, 3.0993201989144155e-07, 2.8996291471047776e-07, 2.7133172640992874e-07, 2.5396593942492194e-07, 2.3763260370437072e-07, 2.2225727650481152e-07, 2.079451201966631e-07, 1.9448205628694006e-07, 1.818661025765101e-07, 1.699655446735242e-07, 1.5885390105545976e-07, 1.485007004957968e-07, 1.3887932456619414e-07, 1.2987388661986824e-07, 1.2139226655881913e-07, 1.1343350091044662e-07, 1.0594270045536278e-07]
W_list: [6]
L_list: [15.393263416968114]
