C_final_list: [2.0564721148367178e-06, 1.933738174504083e-06, 1.8142283738245354e-06, 1.7032342287646822e-06, 1.5999419909501982e-06, 1.5024683440334817e-06, 1.4116037873459378e-06, 1.3261347292884996e-06, 1.2470607222730916e-06, 1.173148618510535e-06, 1.1040958346992838e-06, 1.039120741154017e-06, 9.776646552230631e-07, 9.203139956321552e-07, 8.661742122462952e-07, 8.146453742109475e-07, 7.661225734483467e-07, 7.212519564269951e-07, 6.784002235929639e-07, 6.380717935000203e-07, 5.99748353799484e-07, 5.63313763262085e-07, 5.295769960797962e-07, 4.976534095062747e-07, 4.6759408599134075e-07, 4.3882090115160444e-07, 4.117194966211037e-07, 3.8585395843979956e-07, 3.612201497050755e-07, 3.3857392687028056e-07, 3.1740190538823e-07, 2.975492041816871e-07, 2.7898973120591727e-07, 2.6131410731952595e-07, 2.447286972870947e-07, 2.2939656484510458e-07, 2.1482914538902222e-07, 2.0132490936346088e-07, 1.8866789023168241e-07, 1.7670073287878903e-07, 1.6553957704027622e-07, 1.5508289735810704e-07, 1.4543438422720816e-07, 1.3620892779970776e-07, 1.2756915556764416e-07, 1.1944648772890802e-07, 1.117778088006874e-07, 1.0467436237503634e-07, 9.796393412720606e-08, 9.164369221041677e-08]
ndim2: 500
W_list: [3.0]
L_list: [16.101162046110197]
