R_list= [ 1  2  3  4  5  6  7  8  9 10 11 12 13 14 15 16 17 18 19 20 21 22 23 24
 25 26 27 28 29 30 31 32 33 34 35 36 37 38]
C_final_list= [4.939210114336436e-07, 3.504762736662077e-07, 2.331366069843265e-07, 1.5189147575033135e-07, 9.853174040798773e-08, 6.387293615022357e-08, 4.144597838391292e-08, 2.6801578432499746e-08, 1.7183595156630103e-08, 1.0956655401387737e-08, 6.97500320304002e-09, 4.456818671749862e-09, 2.851244739995482e-09, 1.8224043667992179e-09, 1.172059553043532e-09, 7.567102446165364e-10, 4.877988255597146e-10, 3.147496115349156e-10, 2.0352146567632106e-10, 1.318469362635774e-10, 8.483424501714375e-11, 5.3652203789125873e-11, 3.3608206866593273e-11, 2.0979716843345857e-11, 1.3010709716462443e-11, 7.974997828505973e-12, 4.89538797046163e-12, 3.0397027730415255e-12, 1.8911818137590164e-12, 1.1805444235294214e-12, 7.446142494276038e-13, 4.660724326368002e-13, 2.933879314816464e-13, 1.8936826589765334e-13, 1.2352926450167758e-13, 8.052955393877641e-14, 5.57617581305242e-14, 4.0213342390095174e-14]
W_list: [5]
L_list: [2.512989097566709]
