C_final_list: [1.526073225775711e-06, 1.4969920462348917e-06, 1.4682281103527211e-06, 1.4400387044928093e-06, 1.4125121623484688e-06, 1.385677212150601e-06, 1.3595332220932017e-06, 1.3338158963941023e-06, 1.3084575755465669e-06, 1.2837312944605158e-06, 1.2591677463916014e-06, 1.235145830842375e-06, 1.2113853285940476e-06, 1.1882405059594895e-06, 1.1655736441130599e-06, 1.1432957432253297e-06, 1.1216917952548538e-06, 1.1005096342019895e-06, 1.0797706016242696e-06, 1.0594599951328326e-06, 1.0393751572774428e-06, 1.0197836102510174e-06, 1.000703038866337e-06, 9.818707570330468e-07, 9.633387870468409e-07, 9.452918804280518e-07, 9.275961544310403e-07, 9.102117416992425e-07, 8.93064406853763e-07, 8.763848095702592e-07, 8.600237554402681e-07, 8.439016203574991e-07, 8.278120666659211e-07, 8.120682915677902e-07, 7.965921684650253e-07, 7.813005238874637e-07, 7.663573116462725e-07, 7.515283809068119e-07, 7.367938069969883e-07, 7.223466870912114e-07, 7.082008620324132e-07, 6.941914750465209e-07, 6.806466341236598e-07, 6.673314864493585e-07, 6.541257530919427e-07, 6.41235329010845e-07, 6.285591745757133e-07, 6.160405725737507e-07, 6.037296729325715e-07, 5.91553976561268e-07]
ndim2: 500
W_list: [3.1999999999999997]
L_list: [52.10200193803556]
