C_final_list: [9.945001473815017e-07, 9.636110350012944e-07, 9.310487216739048e-07, 8.988363207528623e-07, 8.675743389529352e-07, 8.375429143942106e-07, 8.083482359787404e-07, 7.801678786106432e-07, 7.52654912937129e-07, 7.260587386987782e-07, 6.999420184238805e-07, 6.744565728842506e-07, 6.500281692864338e-07, 6.263775074755571e-07, 6.037393611193506e-07, 5.819323169878349e-07, 5.610915409431348e-07, 5.409904716958046e-07, 5.214929226066394e-07, 5.026640908800368e-07, 4.845194434043495e-07, 4.6686109867997804e-07, 4.500722809473324e-07, 4.3375778243374036e-07, 4.179738691058676e-07, 4.0268677530784403e-07, 3.879986415039996e-07, 3.737652065633505e-07, 3.600034240200182e-07, 3.46517804896263e-07, 3.3356398911241953e-07, 3.2116256274316805e-07, 3.09199900890329e-07, 2.977212433523177e-07, 2.868358426571249e-07]
ndim2: 500
W_list: [2.4000000000000004]
L_list: [27.42582017468509]
