R_list= [ 1  2  3  4  5  6  7  8  9 10 11 12 13 14 15 16 17 18 19 20 21 22 23 24
 25 26 27 28 29 30 31 32 33 34 35 36 37 38]
C_final_list= [2.100274527599768e-06, 2.045886952967101e-06, 1.9973161933513134e-06, 1.950018726250295e-06, 1.9034399439659644e-06, 1.8577188949433935e-06, 1.8133450050730887e-06, 1.7701433755603541e-06, 1.7281105614117975e-06, 1.6870513927860785e-06, 1.6474351640678287e-06, 1.6087065502286807e-06, 1.5704192463902086e-06, 1.5332996661469471e-06, 1.4968172084586897e-06, 1.461423975005076e-06, 1.4267476855492396e-06, 1.3929849433889022e-06, 1.3601068803672128e-06, 1.3273644970515757e-06, 1.2951062801121648e-06, 1.2639155293198337e-06, 1.2332272196230364e-06, 1.2035096103597026e-06, 1.1743950586335266e-06, 1.1460898046898302e-06, 1.1184725765323755e-06, 1.0915432175705567e-06, 1.0652267322166521e-06, 1.03933889415563e-06, 1.014157988963261e-06, 9.895148277290894e-07, 9.6553477570553e-07, 9.41972172955524e-07, 9.189378548895341e-07, 8.963717904974234e-07, 8.744470328088811e-07, 8.530081494004418e-07]
W_list: [4]
L_list: [41.2958400482053]
