R_list= [ 1  2  3  4  5  6  7  8  9 10 11 12 13 14 15 16 17 18 19 20 21 22 23 24
 25 26 27 28 29 30 31 32 33 34 35 36 37 38]
C_final_list= [3.216437126281247e-06, 2.586895939486778e-06, 2.058425092399288e-06, 1.6359685022918818e-06, 1.2951018319118355e-06, 1.0269450103103756e-06, 8.147061330141954e-07, 6.463574464638401e-07, 5.117049625890611e-07, 4.0363342025766386e-07, 3.173457784063042e-07, 2.4986052266035883e-07, 1.9658586802963052e-07, 1.543304159242782e-07, 1.212159203400746e-07, 9.496843375197672e-08, 7.441638419893298e-08, 5.831552824929187e-08, 4.5779055026419616e-08, 3.5819968831768615e-08, 2.8088540890354775e-08, 2.208614368027021e-08, 1.736787094536415e-08, 1.3659957543669084e-08, 1.0722795889305199e-08, 8.387189288946045e-09, 6.563065422241137e-09, 5.131511656154368e-09, 3.998042476737071e-09, 3.1163170557950666e-09, 2.4338019430877254e-09, 1.9068359479921104e-09, 1.4876974991863388e-09, 1.1570675560404466e-09, 9.037722843745181e-10, 7.053536859821846e-10, 5.502857722584017e-10, 4.2920050581877284e-10]
W_list: [8.4]
L_list: [4.346744464290202]
