R_list= [ 1  2  3  4  5  6  7  8  9 10 11 12 13 14 15 16 17 18 19 20 21 22 23 24
 25 26 27 28 29 30 31 32 33 34 35 36 37 38]
C_final_list= [4.795805070972781e-07, 4.1528344603643825e-07, 3.5671405471190394e-07, 3.0575000689181745e-07, 2.617682416124547e-07, 2.238537886474475e-07, 1.9122433873517613e-07, 1.6293348702601586e-07, 1.388532721259014e-07, 1.1838395805122736e-07, 1.0085977315485961e-07, 8.5819400596271e-08, 7.297195622283113e-08, 6.205447846840478e-08, 5.282596295870742e-08, 4.504651112526086e-08, 3.8390400498283996e-08, 3.2711115727158894e-08, 2.7841975746386187e-08, 2.3678027627126903e-08, 2.0112233748132513e-08, 1.7062535988550566e-08, 1.4471273288144304e-08, 1.2252571060975648e-08, 1.0374062548710134e-08, 8.790222725749025e-09, 7.444994136550752e-09, 6.299278551903573e-09, 5.328383640734918e-09, 4.509921846025383e-09, 3.8325123435089396e-09, 3.257558215024823e-09, 2.770027614593095e-09, 2.3445429005091482e-09, 1.993732233394422e-09, 1.688875207002065e-09, 1.4301443198085428e-09, 1.2060247312797976e-09]
W_list: [7]
L_list: [6.392832044628984]
