C_final_list: [2.1794729795419376e-06, 2.0067138480598887e-06, 1.8409291436640863e-06, 1.686280405254864e-06, 1.5467956126375216e-06, 1.416719496204667e-06, 1.299551806191397e-06, 1.1933671305046786e-06, 1.094529233871505e-06, 1.0035862208250935e-06, 9.208614704983205e-07, 8.431600116485581e-07, 7.729898059419022e-07, 7.075009844879115e-07, 6.473089801132982e-07, 5.912477309008456e-07, 5.387368507340504e-07, 4.912095633312221e-07, 4.4756136581063244e-07, 4.0759742969632865e-07, 3.713219834473881e-07, 3.3811947192390505e-07, 3.0831081317209637e-07, 2.799346122986942e-07, 2.5464746871876245e-07, 2.3140285765622092e-07, 2.1048731429616719e-07, 1.913276900816702e-07, 1.7398417707935188e-07, 1.5827987174821842e-07, 1.437642423600005e-07, 1.3058760659735151e-07, 1.1861818846634474e-07, 1.0786330614623814e-07, 9.795270240221506e-08, 8.907647998505289e-08, 8.093583727483539e-08, 7.376245850300673e-08, 6.70512444561943e-08, 6.092394474424492e-08, 5.5358753936348095e-08, 5.039200900267129e-08, 4.583756800746569e-08, 4.165553944561809e-08, 3.78664934149035e-08, 3.4440385217447535e-08, 3.133078843049405e-08, 2.84429984742976e-08, 2.5848637732445025e-08, 2.3510092082957086e-08]
ndim2: 500
W_list: [2.2]
L_list: [11.295249812822517]
