R_list= [ 1  2  3  4  5  6  7  8  9 10 11 12 13 14 15 16 17 18 19 20 21 22 23 24
 25 26 27 28 29 30 31 32 33 34 35 36 37 38]
C_final_list= [4.967374530562704e-07, 4.7036817851182173e-07, 4.438929191512501e-07, 4.178907724185288e-07, 3.931524212639255e-07, 3.6954265314414023e-07, 3.4720167876722093e-07, 3.2609207018973863e-07, 3.0633627019818776e-07, 2.8780306240241033e-07, 2.704074017988555e-07, 2.538611723380135e-07, 2.3814817817640513e-07, 2.2333970759051064e-07, 2.093287067115914e-07, 1.9613013854754814e-07, 1.8377275406881907e-07, 1.7216540899310786e-07, 1.6117726316837976e-07, 1.5089666520323066e-07, 1.41198490206414e-07, 1.32070466938955e-07, 1.2354289803538034e-07, 1.1557043896574813e-07, 1.0804907901752272e-07, 1.0104510255935896e-07, 9.448982955857499e-08, 8.839437644715285e-08, 8.263415390080702e-08, 7.725255633522926e-08, 7.225740711524727e-08, 6.757446280456531e-08, 6.320480313950413e-08, 5.9126302307273325e-08, 5.529825100639864e-08, 5.1720904204662006e-08, 4.838937948825316e-08, 4.5246820615688096e-08]
W_list: [6.4]
L_list: [15.710566821994048]
