R_list= [ 1  2  3  4  5  6  7  8  9 10 11 12 13 14 15 16 17 18 19 20 21 22 23 24
 25 26 27 28 29 30 31 32 33 34 35 36 37 38]
C_final_list= [6.624887566778103e-06, 5.678826003966551e-06, 4.819793280523029e-06, 4.077522254329127e-06, 3.439965407647326e-06, 2.898378866402092e-06, 2.4410966419865103e-06, 2.055940682183477e-06, 1.7308691818157668e-06, 1.4552181078365441e-06, 1.2237270507844953e-06, 1.0285211973332186e-06, 8.638290702243728e-07, 7.259138883074231e-07, 6.108209872859949e-07, 5.141281262705576e-07, 4.325413083229869e-07, 3.633917855508844e-07, 3.051537694767998e-07, 2.5618657644296857e-07, 2.1514180537011831e-07, 1.8062202553353832e-07, 1.515998433272772e-07, 1.2720883601934853e-07, 1.0669604749079033e-07, 8.954730601837373e-08, 7.51830209808211e-08, 6.319145233520639e-08, 5.317893813028794e-08, 4.472467985309781e-08, 3.7609413068157405e-08, 3.1629773715947356e-08, 2.656644173098125e-08, 2.231097422139554e-08, 1.8749868075004976e-08, 1.5749727655449812e-08, 1.324344415701381e-08, 1.1120883477679473e-08]
W_list: [8.15]
L_list: [5.917752403156873]
