R_list= [ 1  2  3  4  5  6  7  8  9 10 11 12 13 14 15 16 17 18 19 20 21 22 23 24
 25 26 27 28 29 30 31 32 33 34 35 36 37 38]
C_final_list= [2.1070541374144614e-06, 1.9789099994487023e-06, 1.8983297965857665e-06, 1.8141887421387867e-06, 1.733207468905852e-06, 1.657740551537524e-06, 1.5859634370345828e-06, 1.5171793604986393e-06, 1.450423692546899e-06, 1.3871926815464356e-06, 1.326276359885851e-06, 1.267763449083663e-06, 1.2113141250683687e-06, 1.158131289956766e-06, 1.1071964814762998e-06, 1.0577420616092488e-06, 1.0103984625359506e-06, 9.65313669349757e-07, 9.225767641643043e-07, 8.819079126989576e-07, 8.43069760814124e-07, 8.054093303154585e-07, 7.696921070844902e-07, 7.353719249912601e-07, 7.021467011019963e-07, 6.703245997774484e-07, 6.399620906351665e-07, 6.107580371094664e-07, 5.827970322819306e-07, 5.560321827551134e-07, 5.300647854409145e-07, 5.050930310259868e-07, 4.814586435317788e-07, 4.589380445505688e-07, 4.373501809397912e-07, 4.165983263884455e-07, 3.9691108720167976e-07, 3.7842805802323674e-07]
W_list: [4]
L_list: [21.955853639090897]
