R_list= [ 1  2  3  4  5  6  7  8  9 10 11 12 13 14 15 16 17 18 19 20 21 22 23 24
 25 26 27 28 29 30 31 32 33 34 35 36 37 38]
C_final_list= [8.365734297850403e-07, 7.595521225515927e-07, 6.853988851859753e-07, 6.168605908081919e-07, 5.539326789771925e-07, 4.969239989013295e-07, 4.4580810253963415e-07, 3.9942924946805384e-07, 3.575244894146206e-07, 3.1992645474472485e-07, 2.8584801080512066e-07, 2.554458123763916e-07, 2.280979083760257e-07, 2.0378899781743533e-07, 1.818445041659752e-07, 1.619945197594173e-07, 1.4422314481422784e-07, 1.2824598460643064e-07, 1.1402854470476645e-07, 1.013947608222698e-07, 9.018125526949731e-08, 8.033266208350439e-08, 7.160201354109876e-08, 6.370970697492126e-08, 5.6702583480762664e-08, 5.0419058927226124e-08, 4.480035896150008e-08, 3.98276374044173e-08, 3.5412198073148505e-08, 3.1434075565785666e-08, 2.7883740369309134e-08, 2.4739709730347838e-08, 2.1978443911653235e-08, 1.9525031256863702e-08, 1.7350332355652194e-08, 1.5415226655566184e-08, 1.3709217783430911e-08, 1.218470111499654e-08]
W_list: [7.6]
L_list: [9.088908376802356]
