C_final_list: [2.0015603347126752e-06, 1.764489212538024e-06, 1.5471358038660265e-06, 1.3567727280884163e-06, 1.1917081942885871e-06, 1.0480442465444168e-06, 9.205698901301831e-07, 8.107769610694938e-07, 7.139912756649918e-07, 6.283724137820623e-07, 5.53523891671996e-07, 4.885049520504162e-07, 4.298365595479014e-07, 3.776389449915471e-07, 3.313088167594955e-07, 2.9052108587579946e-07, 2.543574651308787e-07, 2.2265568221053651e-07, 1.949112881718011e-07, 1.7051404108498142e-07, 1.492797605744894e-07, 1.3056809192728783e-07, 1.1416965489438971e-07, 9.983283228188058e-08, 8.73868360651563e-08, 7.628335111635543e-08, 6.667961837036652e-08, 5.8031949126758103e-08, 5.054794187700655e-08, 4.404189085990401e-08, 3.843718954879287e-08, 3.350135911791927e-08, 2.9244131322207196e-08, 2.553452315817806e-08, 2.2337685833144714e-08, 1.9528785821690257e-08, 1.7106014081771137e-08, 1.497947237833175e-08, 1.3129373226290281e-08, 1.1495346518903603e-08, 1.0075968549943652e-08, 8.823268012290198e-09, 7.73331624600429e-09, 6.725832388402128e-09, 5.8847958093826895e-09, 5.120504230282128e-09, 4.452631546371898e-09, 3.8696890594118515e-09, 3.353340021537575e-09, 2.9109846633466668e-09]
ndim2: 500
W_list: [3.0]
L_list: [7.740442235981206]
