R_list= [ 1  2  3  4  5  6  7  8  9 10 11 12 13 14 15 16 17 18 19 20 21 22 23 24
 25 26 27 28 29 30 31 32 33 34 35 36 37 38]
C_final_list= [4.62171731792869e-07, 4.146864903531509e-07, 3.6900603990664826e-07, 3.2708675293737655e-07, 2.8889688572990177e-07, 2.553930584163898e-07, 2.258185370728902e-07, 1.9963813096572714e-07, 1.764696831234052e-07, 1.5587866241274392e-07, 1.3749905604211606e-07, 1.2129053911197327e-07, 1.0702366176175864e-07, 9.439904605584216e-08, 8.326459576497566e-08, 7.331656802698719e-08, 6.459693691685878e-08, 5.688024960129731e-08, 5.006485332466933e-08, 4.4141160749633703e-08, 3.882764775875892e-08, 3.41260677106726e-08, 3.0000296269530264e-08, 2.6350916531712196e-08, 2.3148013432480912e-08, 2.031836505089804e-08, 1.7804624121386272e-08, 1.561031158894628e-08, 1.3667523232073826e-08, 1.194526102814249e-08, 1.04392785896333e-08, 9.134532013076457e-09, 8.004629891396131e-09, 7.026677151810314e-09, 6.168108377257504e-09, 5.415892413691055e-09, 4.7509886237667415e-09, 4.169412168120031e-09]
W_list: [7]
L_list: [8.134220841124002]
