R_list= [ 1  2  3  4  5  6  7  8  9 10 11 12 13 14 15 16 17 18 19 20 21 22 23 24
 25 26 27 28 29 30 31 32 33 34 35 36 37 38]
C_final_list= [4.1569997748619804e-07, 2.5814636947078925e-07, 1.3574180257084133e-07, 6.467818066911309e-08, 2.906783746917613e-08, 1.261888009996763e-08, 5.363091818967651e-09, 2.2502831935514393e-09, 9.381101630908518e-10, 3.9087482426177036e-10, 1.638819605701288e-10, 6.931500139229536e-11, 2.957972167567116e-11, 1.2663724294937536e-11, 5.391809074155586e-12, 2.2944887526732603e-12, 9.711913009918212e-13, 4.0578912281392505e-13, 1.6910037631952493e-13, 7.07358886695503e-14, 3.026418933530403e-14, 1.3456907779735444e-14, 6.317050640764737e-15, 2.883791326772431e-15, 1.2903171880044919e-15, 5.743596568343244e-16, 2.63540771279474e-16, 1.2474017587400537e-16, 5.581995205451203e-17, 2.4368588191298333e-17, 1.091291289768311e-17, 5.1129395779920175e-18, 2.448915635683113e-18, 1.1847931413158997e-18, 5.509215195826385e-19, 2.5138798252938854e-19, 1.1501343636187746e-19, 5.427988787625816e-20]
W_list: [4]
L_list: [1.709853532736115]
