R_list= [ 1  2  3  4  5  6  7  8  9 10 11 12 13 14 15 16 17 18 19 20 21 22 23 24
 25 26 27 28 29 30 31 32]
C_final_list= [7.402293047645722e-08, 2.8304656611753496e-08, 8.349661408635658e-09, 2.158003178901016e-09, 5.17307923314069e-10, 1.194113988732934e-10, 2.686145600391325e-11, 5.9731809548713974e-12, 1.330842491305653e-12, 2.9204672261763843e-13, 6.322787044477447e-14, 1.357058452227928e-14, 2.8824925132119832e-15, 6.118176613190317e-16, 1.3190352847663927e-16, 2.8493840163064576e-17, 6.139504776057508e-18, 1.374431491968588e-18, 3.432108058615289e-19, 1.0758830683254393e-19, 4.346023849561473e-20, 1.6772202641855132e-20, 5.961847728586416e-21, 2.0050672726778414e-21, 6.454593661851452e-22, 2.9491130685640826e-22, 1.9427548468082922e-22, 1.57217869742408e-22, 1.4424466300328084e-22, 1.4210739009277656e-22, 1.4323592421423488e-22, 1.4356532061851179e-22]
W_list: [6]
L_list: [0.9774587814606589]
