C_final_list: [1.901895460038255e-06, 1.651223484723216e-06, 1.4284022314542048e-06, 1.233601582817381e-06, 1.0650249603586182e-06, 9.203184898717391e-07, 7.923405892787561e-07, 6.821676927763711e-07, 5.876566954697978e-07, 5.067661677005248e-07, 4.356101379466172e-07, 3.754747502570308e-07, 3.2326060473642883e-07, 2.776826309475169e-07, 2.384235032921852e-07, 2.043978046381969e-07, 1.7589581331630477e-07, 1.5117027634869222e-07, 1.298538179331568e-07, 1.1099197619952223e-07, 9.477018633857078e-08, 8.121175378839608e-08, 6.963701058583848e-08, 5.969308584475404e-08, 5.0941441584586986e-08, 4.359718926834889e-08, 3.720296591835969e-08, 3.186613352273218e-08, 2.7253014798613064e-08, 2.331049885338075e-08, 1.9989050982590142e-08, 1.710211722645774e-08, 1.468026248962263e-08, 1.2594636423812619e-08, 1.078581311934763e-08, 9.213025097810297e-09, 7.905159700194326e-09, 6.770091043354812e-09, 5.8225005392479274e-09, 4.994859604727917e-09, 4.2891990764608594e-09, 3.688004008280264e-09, 3.161770015190636e-09, 2.7149196428455406e-09, 2.3315562969232e-09, 2.003894807045986e-09, 1.716159988567529e-09, 1.470710632445793e-09, 1.2521271250201735e-09, 1.056878183118128e-09]
ndim2: 500
W_list: [3.25]
L_list: [6.758164337489493]
