R_list= [ 1  2  3  4  5  6  7  8  9 10 11 12 13 14 15 16 17 18 19 20 21 22 23 24
 25 26 27 28 29 30 31 32 33 34 35 36 37 38]
C_final_list= [7.84471748574975e-08, 3.7382574069883224e-08, 1.4210361025917328e-08, 4.768274579183663e-09, 1.4853470387607005e-09, 4.421387891810361e-10, 1.2816251076226897e-10, 3.653729090451582e-11, 1.028578249885237e-11, 2.8864607838637906e-12, 8.041325702638572e-13, 2.2246236775366832e-13, 6.130084275034879e-14, 1.7079463956490358e-14, 4.818198340359459e-15, 1.3541781311857727e-15, 3.744857300423948e-16, 1.0338183211888993e-16, 2.914223399470732e-17, 8.36783945080949e-18, 2.443203940609286e-18, 7.30105241213323e-19, 2.255432978156277e-19, 7.349648463971237e-20, 2.5926442976226262e-20, 1.047911171819551e-20, 4.978565368960964e-21, 2.702663784025307e-21, 1.6887047720046782e-21, 1.2366233112719603e-21, 1.028325427403578e-21, 9.351795982035098e-22, 8.963680608422022e-22, 8.792278189709833e-22, 8.667802511019108e-22, 8.539908286653698e-22, 8.43117403220095e-22, 8.360772893156766e-22]
W_list: [5]
L_list: [1.2123879077737476]
