R_list= [ 1  2  3  4  5  6  7  8  9 10 11 12 13 14 15 16 17 18 19 20 21 22 23 24
 25 26 27 28 29 30 31 32 33 34 35 36 37 38]
C_final_list= [4.0225844893685305e-07, 3.5535128999332483e-07, 3.129119044021954e-07, 2.74068751548624e-07, 2.4011222554171666e-07, 2.0980997994923668e-07, 1.8296589339867745e-07, 1.5926333209055005e-07, 1.386514790714148e-07, 1.2063164950150006e-07, 1.0497309225241792e-07, 9.132924456293057e-08, 7.943688859701573e-08, 6.890265390461878e-08, 5.984397071628501e-08, 5.1917056419484655e-08, 4.5121046021319884e-08, 3.9281598060697625e-08, 3.4179665238229295e-08, 2.9756761638799952e-08, 2.5847237223471176e-08, 2.246444867094789e-08, 1.951849809888057e-08, 1.6930125794585276e-08, 1.4657235625948658e-08, 1.2706541242609653e-08, 1.1009015001004246e-08, 9.531795507349268e-09, 8.243271384503021e-09, 7.116092266742289e-09, 6.13247797260163e-09, 5.277998415233681e-09, 4.5371632908457265e-09, 3.902593608343567e-09, 3.356855833830097e-09, 2.891124951200795e-09, 2.493478150877364e-09, 2.1499696325059784e-09]
W_list: [7]
L_list: [7.37876772437259]
