C_final_list: [2.0531815363522984e-06, 2.015544759338354e-06, 1.977788506343967e-06, 1.9418079548905573e-06, 1.9060182515524644e-06, 1.8714238142528035e-06, 1.8375564969746003e-06, 1.8044651563904096e-06, 1.7719223383559104e-06, 1.7401698905661102e-06, 1.708904188468569e-06, 1.6780515989849672e-06, 1.6477356215880455e-06, 1.6182822517831986e-06, 1.5894738430560923e-06, 1.5610951944868965e-06, 1.5330154495063398e-06, 1.5060258385952829e-06, 1.479260564218993e-06, 1.452877300951736e-06, 1.4266831433658665e-06, 1.4009110084263112e-06, 1.3754998977153114e-06, 1.3505700538572428e-06, 1.3259538636886421e-06, 1.3016615691856914e-06, 1.2778687095818856e-06, 1.2547665776725768e-06, 1.2319482399595547e-06, 1.209870418821178e-06, 1.1881964966561497e-06, 1.1668387084424172e-06, 1.1458043931012849e-06, 1.125083928014022e-06, 1.1046587531395709e-06]
ndim2: 500
W_list: [2.2]
L_list: [54.98766457772226]
