C_final_list: [8.399938951877011e-07, 7.997749111247487e-07, 7.589338518542152e-07, 7.194680249185215e-07, 6.813645840170179e-07, 6.449008421653897e-07, 6.102637621126164e-07, 5.780728358670555e-07, 5.466249235832657e-07, 5.166839062987593e-07, 4.882007702312246e-07, 4.610313276771594e-07, 4.3546811362519254e-07, 4.111715030494401e-07, 3.880389030604915e-07, 3.662170378631606e-07, 3.4558335507874447e-07, 3.260960067540222e-07, 3.077649255728667e-07, 2.904161429624774e-07, 2.7411177152463027e-07, 2.5890491821703326e-07, 2.444907746540666e-07, 2.3102057101497262e-07, 2.1832795791709956e-07, 2.062973558207154e-07, 1.9494229548453507e-07, 1.8421209303576332e-07, 1.739536982399072e-07, 1.6426371935515266e-07, 1.5505147972175992e-07, 1.4637864636705432e-07, 1.381303691407137e-07, 1.3037416571846837e-07, 1.230213657901171e-07]
ndim2: 500
W_list: [4.0]
L_list: [17.7528800305001]
