R_list= [ 1  2  3  4  5  6  7  8  9 10 11 12 13 14 15 16 17 18 19 20 21 22 23 24
 25 26 27 28 29 30 31 32 33 34 35 36 37 38]
C_final_list= [4.847178784938694e-07, 3.4248684841332396e-07, 2.2677995823774828e-07, 1.4711278213431375e-07, 9.492631353716051e-08, 6.111812002977299e-08, 3.916577462698581e-08, 2.5059204992611268e-08, 1.601645422051543e-08, 1.0222016399748875e-08, 6.522374414205932e-09, 4.163529294396759e-09, 2.664651887722709e-09, 1.7130975916651425e-09, 1.0993501259769557e-09, 6.996548817531316e-10, 4.4113341223861543e-10, 2.7653883083002277e-10, 1.7334132163106958e-10, 1.0889355457526494e-10, 6.841616226769365e-11, 4.3052645877530325e-11, 2.72895624260854e-11, 1.740015097286188e-11, 1.109187802009971e-11, 7.067973138259087e-12, 4.4944829907744096e-12, 2.8313897629449367e-12, 1.7700521538448998e-12, 1.1016326519510827e-12, 6.934098724128975e-13, 4.2848932890703327e-13, 2.569754661569784e-13, 1.5203017875619122e-13, 9.215115435765223e-14, 5.929922395989394e-14, 3.994818331364969e-14, 2.757012203877705e-14]
W_list: [5]
L_list: [2.4851525451886225]
