C_final_list: [1.9665516874768966e-06, 1.725789530014217e-06, 1.512165172036227e-06, 1.3282218924349157e-06, 1.167101806510194e-06, 1.0214884283257551e-06, 8.955414227200114e-07, 7.849865495254864e-07, 6.879385085268552e-07, 6.018627815809042e-07, 5.272517013445799e-07, 4.615296483840174e-07, 4.033534569713115e-07, 3.521679270582057e-07, 3.0733750493549177e-07, 2.683614044124724e-07, 2.3346535009796765e-07, 2.0395242528835768e-07, 1.7739360666290165e-07, 1.540184708053405e-07, 1.3415037589369094e-07, 1.16884686555327e-07, 1.0203691502793624e-07, 8.867512509875436e-08, 7.72971347365142e-08, 6.71729196082354e-08, 5.8515433323919806e-08, 5.087422979466659e-08, 4.442147227420344e-08, 3.87260487922516e-08, 3.359798725041358e-08, 2.9124444430164437e-08, 2.520247744375929e-08, 2.171241792979446e-08, 1.876378582621726e-08, 1.6232929608994283e-08, 1.4067882656941483e-08, 1.2189408643080814e-08, 1.0539736659771854e-08, 9.143119197035351e-09, 7.935534073479259e-09, 6.891369630050163e-09, 6.0040949395826404e-09, 5.229572027205103e-09, 4.532715041031494e-09, 3.928562103112362e-09, 3.3979454318640113e-09, 2.946877181434974e-09, 2.561992803223404e-09, 2.2228409553674175e-09]
ndim2: 500
W_list: [3.05]
L_list: [7.542075627746288]
