R_list= [ 1  2  3  4  5  6  7  8  9 10 11 12 13 14 15 16 17 18 19 20 21 22 23 24
 25 26 27 28 29 30 31 32 33 34 35 36 37 38]
C_final_list= [2.652661521768547e-06, 2.3567878400334146e-06, 2.0748819896809302e-06, 1.818803230218701e-06, 1.590617313708599e-06, 1.3890022049391388e-06, 1.2131731361142116e-06, 1.0590536055214745e-06, 9.243243565897511e-07, 8.070690145134089e-07, 7.044628877111686e-07, 6.145920755179116e-07, 5.358006320944156e-07, 4.671231303836502e-07, 4.073667957505067e-07, 3.5509794096563274e-07, 3.0953409102406766e-07, 2.6956588654437347e-07, 2.3478408052978292e-07, 2.0433856500980027e-07, 1.7753891152842006e-07, 1.5414802684927422e-07, 1.3384233977469191e-07, 1.1615119200365376e-07, 1.0070305722815071e-07, 8.73122580033796e-08, 7.57118574760452e-08, 6.572506372439605e-08, 5.7030437232491584e-08, 4.9492275540548404e-08, 4.2908810629465814e-08, 3.720573629797298e-08, 3.2253289434638923e-08, 2.7970708223837726e-08, 2.4269299791595024e-08, 2.102659062274996e-08, 1.8205998411101605e-08, 1.577715904764468e-08]
W_list: [8.05]
L_list: [7.465620920231811]
