C_final_list: [1.988479215699853e-06, 1.969902069348578e-06, 1.951548457332022e-06, 1.9339953473862748e-06, 1.9169115254534815e-06, 1.9000444909915046e-06, 1.8835529182722772e-06, 1.867287472402688e-06, 1.8513376523859984e-06, 1.8354653047303427e-06, 1.819609917240457e-06, 1.803940386934638e-06, 1.7883585422418165e-06, 1.7729379255419637e-06, 1.7577895703224383e-06, 1.7426857914759627e-06, 1.7276731753878504e-06, 1.7128217278145417e-06, 1.6981502494516904e-06, 1.6835456674103788e-06, 1.6691265504856745e-06, 1.6549375857918503e-06, 1.640870297364747e-06, 1.6267641878450048e-06, 1.6127848565420324e-06, 1.5989051085069822e-06, 1.5852653460421108e-06, 1.5716619024714427e-06, 1.5580477679417578e-06, 1.5446147342428059e-06, 1.5314180755675124e-06, 1.5181635046511272e-06, 1.505111482673203e-06, 1.4920750587813225e-06, 1.4791221550653685e-06, 1.4663757440653284e-06, 1.4538253197858177e-06, 1.4412632351629378e-06, 1.4288850814573317e-06, 1.4164668676211681e-06, 1.4041980119810894e-06, 1.3921632294780204e-06, 1.3802096117154262e-06, 1.3683111983500832e-06, 1.3564791695902903e-06, 1.3447125605112247e-06, 1.3328900486951973e-06, 1.3212203399318393e-06, 1.3097104326734908e-06, 1.2983358225878399e-06]
ndim2: 500
W_list: [2.4]
L_list: [115.53980899843657]
