C_final_list: [2.010009900191772e-06, 1.736931407715134e-06, 1.4830993292833957e-06, 1.2757627433282617e-06, 1.0979792884109185e-06, 9.412930691183782e-07, 8.073669729518701e-07, 6.930791678426879e-07, 5.932452756304298e-07, 5.072946904237918e-07, 4.332436631930889e-07, 3.704890461045674e-07, 3.1683924173232327e-07, 2.7023282636087054e-07, 2.3102112720283808e-07, 1.9804857012021492e-07, 1.6893361110351117e-07, 1.4430943001278964e-07, 1.2315440069449895e-07, 1.05646686592004e-07, 9.05265376494655e-08, 7.747611378803171e-08, 6.633127744557431e-08, 5.676105407709077e-08, 4.846734055571357e-08, 4.1388108697760266e-08, 3.521279234415202e-08, 2.9813992866050044e-08, 2.5200838252178973e-08, 2.1282759119491946e-08, 1.7974944543783905e-08, 1.522770742898598e-08, 1.2885003461850169e-08, 1.085228994048741e-08, 9.14233024758962e-09, 7.687660037699043e-09, 6.492005220880618e-09, 5.470722891106252e-09, 4.606572144208629e-09, 3.9085182809485556e-09, 3.325739316541341e-09, 2.8159634641030664e-09, 2.3718192457991512e-09, 2.009379633510941e-09, 1.6987453546172834e-09, 1.4438904540749593e-09, 1.2179803907827956e-09, 1.0385483453900656e-09, 8.809045628386363e-10, 7.519728154112617e-10]
ndim2: 500
W_list: [3.3]
L_list: [6.503363424438165]
