R_list= [ 1  2  3  4  5  6  7  8  9 10 11 12 13 14 15 16 17 18 19 20 21 22 23 24
 25 26 27 28 29 30 31 32 33 34 35 36 37 38]
C_final_list= [5.136097205193554e-07, 4.4508156947747135e-07, 3.830471649142701e-07, 3.2906209609445777e-07, 2.824631116125145e-07, 2.417704408931335e-07, 2.07189142195097e-07, 1.7712842875847143e-07, 1.511331181263454e-07, 1.2901084702827996e-07, 1.0993910160608545e-07, 9.367956515674327e-08, 7.979293321522062e-08, 6.794626603848484e-08, 5.7681735074335e-08, 4.892518848818671e-08, 4.1521508646516434e-08, 3.523353203770347e-08, 2.984788872958319e-08, 2.534281716498657e-08, 2.1478448008809274e-08, 1.8164667993730892e-08, 1.536337492336323e-08, 1.3005356533929107e-08, 1.0989648039458416e-08, 9.282743483866025e-09, 7.821938102020156e-09, 6.59994104824675e-09, 5.584395626429957e-09, 4.727398836111021e-09, 3.992065221919677e-09, 3.3734277586991914e-09, 2.8598484656338986e-09, 2.431336320390007e-09, 2.0704850080225485e-09, 1.7617592235239873e-09, 1.498815716499803e-09, 1.2762825819235218e-09]
W_list: [7]
L_list: [6.4517968506890995]
