C_final_list: [1.9112859847402016e-06, 1.8631355765390732e-06, 1.815258018779179e-06, 1.769010646471975e-06, 1.723521079691564e-06, 1.6798526531988381e-06, 1.6378468248315111e-06, 1.596458902395071e-06, 1.5552951531096262e-06, 1.5147337115084994e-06, 1.4755314299484627e-06, 1.4367919067314625e-06, 1.3993199270680238e-06, 1.3627790923070504e-06, 1.3273597482398042e-06, 1.2931312876017223e-06, 1.260090861188273e-06, 1.2280093266175434e-06, 1.1964379848301207e-06, 1.1650549792067719e-06, 1.1346064947645778e-06, 1.104944640157552e-06, 1.0761844659256232e-06, 1.0477846615641588e-06, 1.0204179752136783e-06, 9.938411378864051e-07, 9.678635869420617e-07, 9.422456740749931e-07, 9.17529894875899e-07, 8.931854857483238e-07, 8.695083650426724e-07, 8.459394939975773e-07, 8.231630418814484e-07, 8.010402376430978e-07, 7.792290348704739e-07, 7.578839480706552e-07, 7.3713108104047e-07, 7.170914206536101e-07, 6.974946111703157e-07, 6.784306596282584e-07, 6.594621735665538e-07, 6.410643543378967e-07, 6.232315016625442e-07, 6.060292280409829e-07, 5.893598976539628e-07, 5.731836339317014e-07, 5.574061130727745e-07, 5.419374717041826e-07, 5.268271837996703e-07, 5.122916956422131e-07]
ndim2: 500
W_list: [2.8]
L_list: [37.63151318198906]
