R_list= [ 1  2  3  4  5  6  7  8  9 10 11 12 13 14 15 16 17 18 19 20 21 22 23 24
 25 26 27 28 29 30 31 32 33 34 35 36 37 38]
C_final_list= [9.985477140631062e-07, 6.505990329039986e-07, 3.66825434447104e-07, 1.9005416992516517e-07, 9.366160686575023e-08, 4.471291373533339e-08, 2.0916056731646617e-08, 9.649168541409957e-09, 4.398978588397987e-09, 1.988283189061793e-09, 8.89924972745624e-10, 3.968265216080462e-10, 1.765023608597742e-10, 7.851063096320667e-11, 3.490437464767402e-11, 1.5661122505656147e-11, 7.1981517851101385e-12, 3.434477739322659e-12, 1.6899737888514458e-12, 8.291757704391649e-13, 4.004331714180427e-13, 1.8869313333124033e-13, 8.714644220676503e-14, 4.01428560835147e-14, 1.850439968315472e-14, 8.316784016633506e-15, 3.621066638476207e-15, 1.534802064007199e-15, 6.420212741957253e-16, 2.704477893225194e-16, 1.1625182989870928e-16, 5.0854666286212427e-17, 2.2539589531673488e-17, 9.985091291235933e-18, 4.342186587746478e-18, 1.8475888171827333e-18, 7.790691598208126e-19, 3.271044578499189e-19]
W_list: [4]
L_list: [1.8696791739379743]
