C_final_list: [1.1387302356330666e-06, 1.1019781465721412e-06, 1.0642219399116607e-06, 1.0274347864931903e-06, 9.911892991507733e-07, 9.561015462616651e-07, 9.226327968821605e-07, 8.899903388714681e-07, 8.587107938927325e-07, 8.283581395455159e-07, 7.991108873839277e-07, 7.707809312564553e-07, 7.433630875373059e-07, 7.170607187773496e-07, 6.918405383672637e-07, 6.673292666970059e-07, 6.436529004545238e-07, 6.209491105390861e-07, 5.990243849267464e-07, 5.776952711782858e-07, 5.570850483568662e-07, 5.370639726098882e-07, 5.178144643863643e-07, 4.991328723780146e-07, 4.811309924395651e-07, 4.637165158613073e-07, 4.46911107698805e-07, 4.3070568114824773e-07, 4.1511674177850355e-07, 3.999965897674809e-07, 3.854314905769152e-07, 3.713972582863809e-07, 3.578447759817701e-07, 3.4472728347565806e-07, 3.31856294206592e-07]
ndim2: 500
W_list: [3.6]
L_list: [27.68669471288082]
