R_list= [ 1  2  3  4  5  6  7  8  9 10 11 12 13 14 15 16 17 18 19 20 21 22 23 24
 25 26 27 28 29 30 31 32 33 34 35 36 37 38]
C_final_list= [7.19272995030799e-07, 6.006089926552253e-07, 4.984725957963614e-07, 4.1237710693794243e-07, 3.402994873343763e-07, 2.805926852842289e-07, 2.3120222486292257e-07, 1.903193912424749e-07, 1.564633903701579e-07, 1.2915704717016922e-07, 1.0655185570128321e-07, 8.785909076376849e-08, 7.252051135140789e-08, 6.002719321906109e-08, 4.955944039349091e-08, 4.08089107411852e-08, 3.3534905355634123e-08, 2.743049916241936e-08, 2.2491260323279183e-08, 1.8442729050006434e-08, 1.505796912106892e-08, 1.2295674003828498e-08, 1.0035033821653938e-08, 8.183140666831288e-09, 6.690684765994244e-09, 5.475833452196721e-09, 4.486168505899402e-09, 3.682104177524853e-09, 3.018685197689312e-09, 2.467663385025689e-09, 2.023723133105497e-09, 1.655703777113666e-09, 1.3502072903944714e-09, 1.1046292509036712e-09, 9.033370846399228e-10, 7.374949315642546e-10, 6.034530681721461e-10, 4.949127966449971e-10]
W_list: [7.4]
L_list: [5.249157127761439]
