R_list= [ 1  2  3  4  5  6  7  8  9 10 11 12 13 14 15 16 17 18 19 20 21 22 23 24
 25 26 27 28 29 30 31 32 33 34 35 36 37 38]
C_final_list= [1.996234623237775e-05, 1.606726942771467e-05, 1.2804968110650453e-05, 1.016859687413825e-05, 8.064959424639217e-06, 6.3836632876666334e-06, 5.056354967417379e-06, 4.005925536118734e-06, 3.1737002986286562e-06, 2.513226924538007e-06, 1.9885147925384165e-06, 1.573858182240717e-06, 1.246915082755709e-06, 9.86616290060009e-07, 7.791559868840339e-07, 6.15410651761925e-07, 4.865603995011901e-07, 3.845551400609203e-07, 3.0394055936336646e-07, 2.4072382542056483e-07, 1.9045861018304505e-07, 1.505814991278493e-07, 1.1893981142831541e-07, 9.390392466985617e-08, 7.399905933166466e-08, 5.829198487286646e-08, 4.585074422003922e-08, 3.6022956014420045e-08, 2.8322616980315578e-08, 2.222942190738403e-08, 1.7473872434559702e-08, 1.3780871719754802e-08, 1.0862776829601837e-08, 8.569182786413442e-09, 6.732682191870487e-09, 5.317887229827768e-09, 4.207945400969462e-09, 3.312481603972853e-09]
W_list: [8.4]
L_list: [4.359179832836397]
