R_list= [ 1  2  3  4  5  6  7  8  9 10 11 12 13 14 15 16 17 18 19 20 21 22 23 24
 25 26 27 28 29 30 31 32 33 34 35 36 37 38]
C_final_list= [5.028466120202545e-07, 3.479586714046844e-07, 2.451000030468652e-07, 1.7374172056382268e-07, 1.2271171876446087e-07, 8.625919711767324e-08, 6.045454441111872e-08, 4.221813189172274e-08, 2.9558085983695817e-08, 2.0618272225651887e-08, 1.4259208018350026e-08, 9.888716190142832e-09, 6.850375772069994e-09, 4.774016410535717e-09, 3.3340697404924937e-09, 2.3325630653482608e-09, 1.6410902772533647e-09, 1.140417157895385e-09, 7.890619575264648e-10, 5.45478541397344e-10, 3.759547946985427e-10, 2.585435392277672e-10, 1.7598699401699664e-10, 1.1991965561511678e-10, 8.25646474918311e-11, 5.6493666658546616e-11, 3.9033754575919734e-11, 2.74072809204241e-11, 1.8792856659975385e-11, 1.2876358653106236e-11, 8.81085035501451e-12, 6.031292841390405e-12, 4.162578862043501e-12, 2.8780598604542493e-12, 1.9964074845762988e-12, 1.3910460349852301e-12, 9.52468172085157e-13, 6.579065714009962e-13]
W_list: [7]
L_list: [2.8216744617944736]
