R_list= [ 1  2  3  4  5  6  7  8  9 10 11 12 13 14 15 16 17 18 19 20 21 22 23 24
 25 26 27 28 29 30 31 32]
C_final_list= [7.807236479999143e-07, 7.279820676516844e-07, 6.77186878421147e-07, 6.295576321967058e-07, 5.846176137374831e-07, 5.427347494143282e-07, 5.038735687240865e-07, 4.683046001667062e-07, 4.3476748343314596e-07, 4.036655209611007e-07, 3.747290067229212e-07, 3.4759652858468627e-07, 3.2248664919524167e-07, 2.991239226498264e-07, 2.7735155687919994e-07, 2.571070150332673e-07, 2.3828136729380738e-07, 2.2104682639559134e-07, 2.0507624254904494e-07, 1.9014467623457172e-07, 1.7621857115038364e-07, 1.6313045691833604e-07, 1.50945923555651e-07, 1.3955675024002696e-07, 1.289438712758474e-07, 1.1901513708739987e-07, 1.0996456001249998e-07, 1.0153487057861255e-07, 9.376342675369132e-08, 8.657513494132654e-08, 7.992546270548236e-08, 7.370375184511514e-08]
W_list: [6]
L_list: [13.375783987483935]
