R_list= [ 1  2  3  4  5  6  7  8  9 10 11 12 13 14 15 16 17 18 19 20 21 22 23 24
 25 26 27 28 29 30 31 32 33 34 35 36 37 38]
C_final_list= [1.210379825766591e-06, 8.432539192001824e-07, 5.89922661739173e-07, 4.17799990122037e-07, 2.9212023382900125e-07, 2.0424607103603213e-07, 1.440132137967945e-07, 1.0116979899663435e-07, 7.146931361147694e-08, 5.023992727165928e-08, 3.516793903507251e-08, 2.4749600237029046e-08, 1.7419658586887077e-08, 1.2135337238712838e-08, 8.387769387565597e-09, 5.815949651159051e-09, 3.995478032932491e-09, 2.774277074054686e-09, 1.916605731527798e-09, 1.322394710741531e-09, 9.061036578677981e-10, 6.225523675128714e-10, 4.324594628137479e-10, 2.9728722785506233e-10, 2.0207144925853e-10, 1.3684026798422173e-10, 9.437305360069615e-11, 6.689001219807201e-11, 4.6902456016863515e-11, 3.270797208023101e-11, 2.279859592979388e-11, 1.5947121799079577e-11, 1.1246695563322374e-11, 7.620135359416e-12, 5.6648275436336565e-12, 3.893073433408105e-12, 2.7929847459012833e-12, 1.8979332482081826e-12]
W_list: [6.2]
L_list: [2.8128674542820327]
