R_list= [ 1  2  3  4  5  6  7  8  9 10 11 12 13 14 15 16 17 18 19 20 21 22 23 24
 25 26 27 28 29 30 31 32 33 34 35 36 37 38]
C_final_list= [9.159445062278912e-07, 7.418332721522227e-07, 6.111893660283258e-07, 5.018160293681701e-07, 4.1137542693375276e-07, 3.37300236110523e-07, 2.766465242817302e-07, 2.2672794008017263e-07, 1.8555952590656753e-07, 1.5192425890764704e-07, 1.2410248144329856e-07, 1.0117309706102066e-07, 8.286680655880014e-08, 6.780703333560621e-08, 5.51607256934408e-08, 4.4927266208226495e-08, 3.666578817607608e-08, 2.996709229308799e-08, 2.4468779280452365e-08, 1.9916763411781014e-08, 1.623736193450528e-08, 1.3271806218520957e-08, 1.084002016527533e-08, 8.86050728110473e-09, 7.201332127236381e-09, 5.819393636861757e-09, 4.706848774968109e-09, 3.79950352356536e-09, 3.0582250898205613e-09, 2.4756064826271913e-09, 2.0011027541675192e-09, 1.6156575745010625e-09, 1.3035293296603438e-09, 1.0543595280944276e-09, 8.519879072413922e-10, 6.961907227064913e-10, 5.678797989941446e-10, 4.610681135973673e-10]
W_list: [6]
L_list: [5.009745671539232]
