R_list= [ 1  2  3  4  5  6  7  8  9 10 11 12 13 14 15 16 17 18 19 20 21 22 23 24
 25 26 27 28 29 30 31 32 33 34 35 36 37 38]
C_final_list= [5.417002056987139e-07, 4.872047721229202e-07, 4.350965130552967e-07, 3.8706883344109816e-07, 3.439397689363594e-07, 3.056299635039835e-07, 2.716286718603322e-07, 2.417313094347147e-07, 2.1520837180969907e-07, 1.9164683169857776e-07, 1.7058675466484643e-07, 1.5163283253632783e-07, 1.3478942374113236e-07, 1.1989310095748003e-07, 1.0651542443222147e-07, 9.446239854488599e-08, 8.371086824342309e-08, 7.410862897083199e-08, 6.554276774461008e-08, 5.796730734919007e-08, 5.11965856566632e-08, 4.5173975068257277e-08, 3.987607134009299e-08, 3.522058736745785e-08, 3.103502008462602e-08, 2.7335703876023158e-08, 2.409786331418548e-08, 2.122520782940174e-08, 1.8696274371499805e-08, 1.6468700519444825e-08, 1.4507715105701438e-08, 1.2766112514205746e-08, 1.1223080957534908e-08, 9.847028707171474e-09, 8.637622327158043e-09, 7.58909692764849e-09, 6.6623652675281765e-09, 5.850935269238229e-09]
W_list: [7.4]
L_list: [8.528313100217012]
