C_list:
1.825512195262293e-06 0.33763109056279783
ndim2: 500
W_list: [4.2]
L_list: [2.961812546152365]
