R_list= [ 1  2  3  4  5  6  7  8  9 10 11 12 13 14 15 16 17 18 19 20 21 22 23 24
 25 26 27 28 29 30 31 32 33 34 35 36 37 38]
C_final_list= [4.1717629403255824e-07, 3.725110207453862e-07, 3.302659943284074e-07, 2.920701141114028e-07, 2.5760064900724176e-07, 2.2644697854729185e-07, 1.9903304151327102e-07, 1.7496857314614531e-07, 1.5369655766489994e-07, 1.3514995233912706e-07, 1.1873154840759164e-07, 1.042976177573926e-07, 9.138392679061897e-08, 7.989671795968883e-08, 6.997389971065963e-08, 6.115265009658909e-08, 5.3481954098024576e-08, 4.676800506812674e-08, 4.0903195730205304e-08, 3.5759196443695617e-08, 3.120824549943915e-08, 2.7267655273318972e-08, 2.378958311599354e-08, 2.075399707048936e-08, 1.8114447170037503e-08, 1.5812064086155827e-08, 1.3819752330058405e-08, 1.2062956854645303e-08, 1.0516122345759933e-08, 9.173612254483577e-09, 7.998359589791222e-09, 6.97042441626807e-09, 6.069274099551421e-09, 5.2828240603320634e-09, 4.596100404559276e-09, 3.999873651052669e-09, 3.4749452802749006e-09, 3.0159458774427798e-09]
W_list: [7]
L_list: [7.831519056638014]
