C_list:
1.0653725610391176e-06 0.11089636694553758
ndim2: 500
W_list: [3.4]
L_list: [9.017427960386755]
