R_list= [ 1  2  3  4  5  6  7  8  9 10 11 12 13 14 15 16 17 18 19 20 21 22 23 24
 25 26 27 28 29 30 31 32 33 34 35 36 37 38]
C_final_list= [5.538815824756732e-07, 4.3184960626888626e-07, 3.3337959970834513e-07, 2.5725049485234945e-07, 1.9797531240198928e-07, 1.5196001650399794e-07, 1.1665025476415625e-07, 8.924051660492571e-08, 6.860073895292518e-08, 5.281085822378363e-08, 4.050365794133022e-08, 3.1032111771337896e-08, 2.3798052554744187e-08, 1.818939142148208e-08, 1.3987652376159173e-08, 1.0751510627081942e-08, 8.21276202917305e-09, 6.239357425740171e-09, 4.721525014048471e-09, 3.5879253486618093e-09, 2.7235647369769717e-09, 2.057858746463201e-09, 1.5460231043415763e-09, 1.1489169259969926e-09, 8.528623983187257e-10, 6.332096985588272e-10, 4.711535733337012e-10, 3.543527423994252e-10, 2.688572837573045e-10, 2.0525575635633786e-10, 1.5654439341475105e-10, 1.1932520223418853e-10, 9.079933474572461e-11, 6.837746073977906e-11, 5.17625604700502e-11, 3.930408896795819e-11, 2.980623080006859e-11, 2.2943343619538528e-11]
W_list: [8.6]
L_list: [3.8512462209253577]
