R_list= [ 1  2  3  4  5  6  7  8  9 10 11 12 13 14 15 16 17 18 19 20 21 22 23 24
 25 26 27 28 29 30 31 32 33 34 35 36 37 38]
C_final_list= [3.4396261862110874e-05, 2.2095100724852505e-05, 1.4143555322818518e-05, 9.0400555219344e-06, 5.766074541052963e-06, 3.667801886393343e-06, 2.330468998491775e-06, 1.4784940489519125e-06, 9.366510915528639e-07, 5.924068622368577e-07, 3.754681989022165e-07, 2.3783066509563689e-07, 1.502459886245306e-07, 9.509224465061953e-08, 6.02991921330858e-08, 3.809876295385174e-08, 2.4242678347943662e-08, 1.5428247482430537e-08, 9.8332529145303e-09, 6.31400509466402e-09, 4.034232174001035e-09, 2.575659464202227e-09, 1.6366187209159102e-09, 1.042153539832889e-09, 6.658574729444904e-10, 4.2802221492506657e-10, 2.7956188060587905e-10, 1.7907313259847754e-10, 1.1587030708422932e-10, 7.613599557962682e-11, 4.841680025199038e-11, 3.157952034963998e-11, 2.0448726870452947e-11, 1.309312311284842e-11, 8.26591793887018e-12, 5.118482853018023e-12, 3.2470972115210747e-12, 2.087092639856482e-12]
W_list: [8.35]
L_list: [2.241299940219839]
