R_list= [ 1  2  3  4  5  6  7  8  9 10 11 12 13 14 15 16 17 18 19 20 21 22 23 24
 25 26 27 28 29 30 31 32 33 34 35 36 37 38]
C_final_list= [2.0806473464331054e-06, 1.3499795087447804e-06, 7.579958402277417e-07, 3.913946847396857e-07, 1.916076304184768e-07, 9.074150494552645e-08, 4.208064477710866e-08, 1.9267300909716333e-08, 8.757493158449926e-09, 3.968559657632235e-09, 1.7900471168383633e-09, 8.04523294221254e-10, 3.58480266042673e-10, 1.577769957621365e-10, 6.900442877164061e-11, 3.035350493360136e-11, 1.348474719263606e-11, 6.0075938685169615e-12, 2.679356317499737e-12, 1.2011563117398814e-12, 5.40195389168099e-13, 2.4399400657366945e-13, 1.105741699493456e-13, 5.029027273063837e-14, 2.283116044891986e-14, 1.0394363009260481e-14, 4.7380128791511385e-15, 2.1562994024671992e-15, 9.848837670309534e-16, 4.528280859678478e-16, 2.0866058559590128e-16, 9.546625867602922e-17, 4.320741083621947e-17, 1.9499748920931902e-17, 8.798703439371405e-18, 4.033119472711924e-18, 1.8716500948039635e-18, 8.819535766781164e-19]
W_list: [4]
L_list: [1.8576986377762208]
