R_list= [ 1  2  3  4  5  6  7  8  9 10 11 12 13 14 15 16 17 18 19 20 21 22 23 24
 25 26 27 28 29 30 31 32 33 34 35 36 37 38]
C_final_list= [4.4209299927370423e-07, 3.628433712432551e-07, 2.9994213819135766e-07, 2.458262436877789e-07, 2.0127075362606736e-07, 1.6490090019006714e-07, 1.3475934559532546e-07, 1.0977398866203906e-07, 8.935228106776124e-08, 7.275471934913292e-08, 5.911956988836224e-08, 4.7916360764796404e-08, 3.8768731900426084e-08, 3.133617587565146e-08, 2.544191311443088e-08, 2.059101339897176e-08, 1.668133264625981e-08, 1.3471243689867617e-08, 1.0854009531618753e-08, 8.759958845382049e-09, 7.068001624848108e-09, 5.689198700249436e-09, 4.558397309830993e-09, 3.6534571482503052e-09, 2.9296467449412164e-09, 2.354287142257946e-09, 1.8946132657755483e-09, 1.5245490425133237e-09, 1.2291735854754613e-09, 9.923376932163793e-10, 8.002463002714561e-10, 6.448279672050461e-10, 5.200148550595438e-10, 4.1899797040693084e-10, 3.369112629599184e-10, 2.6960129787294634e-10, 2.1580413792696235e-10, 1.7197402383846414e-10]
W_list: [7]
L_list: [4.994614654771802]
