C_final_list: [2.1359775167546167e-06, 2.119137065924724e-06, 2.102404177061636e-06, 2.086429345896397e-06, 2.0709318307014987e-06, 2.0557166440322333e-06, 2.0407261035454144e-06, 2.0260122005108095e-06, 2.0113428618481824e-06, 1.9969115713389403e-06, 1.982451266439146e-06, 1.9681651821326637e-06, 1.953913287977482e-06, 1.9397636675016418e-06, 1.9257040511375243e-06, 1.9119038654044068e-06, 1.898067400035307e-06, 1.8843359021672203e-06, 1.8706707421703115e-06, 1.8572128290249816e-06, 1.8439814410661147e-06, 1.8307875248557495e-06, 1.8177541176525873e-06, 1.804827697111089e-06, 1.792038088649589e-06, 1.7792899622408194e-06, 1.766530078689484e-06, 1.7537777223492977e-06, 1.7411569834653117e-06, 1.7285526368445117e-06, 1.7161461733386093e-06, 1.7037942331096656e-06, 1.6916389218362137e-06, 1.679608306127979e-06, 1.6676733916682837e-06, 1.6558089452913648e-06, 1.6439705290673501e-06, 1.632303516678744e-06, 1.6207395131369295e-06, 1.6092380599853234e-06, 1.5978117424312925e-06, 1.5865105128524192e-06, 1.5752391329552857e-06, 1.5640038879461333e-06, 1.5529733288918918e-06, 1.5420708470749119e-06, 1.5312290286298491e-06, 1.5204454700154665e-06, 1.5097303092202858e-06, 1.4992654898840697e-06]
ndim2: 500
W_list: [2.0]
L_list: [138.7675522728857]
