R_list= [ 1  2  3  4  5  6  7  8  9 10 11 12 13 14 15 16 17 18 19 20 21 22 23 24
 25 26 27 28 29 30 31 32 33 34 35 36 37 38]
C_final_list= [4.774324915697863e-07, 4.2876437512088126e-07, 3.821301734654751e-07, 3.3897008679169344e-07, 3.002405305974372e-07, 2.657232585360437e-07, 2.3496645463744435e-07, 2.0779395961964052e-07, 1.8370653398374758e-07, 1.6236007986098228e-07, 1.4323931857417443e-07, 1.2627078363145365e-07, 1.112102565663199e-07, 9.789389783442472e-08, 8.610916315102856e-08, 7.577856417046555e-08, 6.66839632021385e-08, 5.8608090486234955e-08, 5.147556780058188e-08, 4.520696505084411e-08, 3.967739318208093e-08, 3.484152687214893e-08, 3.059006463467756e-08, 2.6828007500300208e-08, 2.3493507686706078e-08, 2.051180464944711e-08, 1.790523171325339e-08, 1.5639992066799404e-08, 1.365929389046294e-08, 1.1914488528106777e-08, 1.0391473419324331e-08, 9.056343691837976e-09, 7.903426474510011e-09, 6.9008954667012206e-09, 6.025897636192895e-09, 5.262070450757418e-09, 4.59826725793739e-09, 4.015485958468944e-09]
W_list: [7]
L_list: [8.14751524116753]
