C_final_list: [1.9786809492084396e-06, 1.882504121287144e-06, 1.7870871113418904e-06, 1.6975257909703732e-06, 1.6120024550895474e-06, 1.531268446994084e-06, 1.4543955269540925e-06, 1.3816051703776225e-06, 1.3131451768281244e-06, 1.2468676785656087e-06, 1.183540452204913e-06, 1.1243611340718767e-06, 1.0673431553469636e-06, 1.012970067741917e-06, 9.614092707395315e-07, 9.130121849950783e-07, 8.660663744272296e-07, 8.219990202419202e-07, 7.800718372205671e-07, 7.405483990259064e-07, 7.032035434548014e-07, 6.674128061250134e-07, 6.338287498843822e-07, 6.020200226225628e-07, 5.717048929110046e-07, 5.428747758776925e-07, 5.153620343732096e-07, 4.889400071603462e-07, 4.6386990105079264e-07, 4.4001286509679347e-07, 4.174459640134949e-07, 3.9584012496209703e-07, 3.7542379123299716e-07, 3.559137431029251e-07, 3.3740028292667565e-07]
ndim2: 500
W_list: [2.2]
L_list: [19.295456296465893]
