R_list= [ 1  2  3  4  5  6  7  8  9 10 11 12 13 14 15 16 17 18 19 20 21 22 23 24
 25 26 27 28 29 30 31 32 33 34 35 36 37 38]
C_final_list= [7.534093031974488e-07, 4.6330320162792674e-07, 2.752288469995302e-07, 1.6456285676328195e-07, 9.874386397003164e-08, 5.947335407542125e-08, 3.577365350051136e-08, 2.141354495223521e-08, 1.2753731276679237e-08, 7.533945858639944e-09, 4.396267436605824e-09, 2.5661376708461687e-09, 1.5016078316455143e-09, 8.855451949966222e-10, 5.280018243420417e-10, 3.143401309769422e-10, 1.8571114889352832e-10, 1.1057578981177505e-10, 6.701670577437075e-11, 4.0598331174115225e-11, 2.4383384039941507e-11, 1.4552801523425667e-11, 8.323223532245576e-12, 4.656904978081157e-12, 2.5605959310819524e-12, 1.4299733021808832e-12, 8.044970933641584e-13, 4.678100812774858e-13, 2.7508772063007827e-13, 1.7106227671471318e-13, 1.0780146153938535e-13, 6.772212021359865e-14, 4.517682337184945e-14, 2.9135050378314855e-14, 1.771303489857e-14, 1.0922757303168307e-14, 6.837021729104935e-15, 4.403297180426043e-15]
W_list: [6]
L_list: [1.9831631511781893]
