R_list= [ 1  2  3  4  5  6  7  8  9 10 11 12 13 14 15 16 17 18 19 20 21 22 23 24
 25 26 27 28 29 30 31 32]
C_final_list= [3.533874958481052e-07, 2.63919006060669e-07, 1.9467654516745527e-07, 1.4408054320516315e-07, 1.0608746269984055e-07, 7.800194816268027e-08, 5.726908900298519e-08, 4.20574719852407e-08, 3.077871105653529e-08, 2.243332564091852e-08, 1.637297268829614e-08, 1.1946850181152476e-08, 8.707473769546309e-09, 6.3348116846439566e-09, 4.611434760116354e-09, 3.348558413813544e-09, 2.4261596020974625e-09, 1.7654756287097814e-09, 1.2851620767808727e-09, 9.369130825642827e-10, 6.84908518180842e-10, 4.995582983557891e-10, 3.6358742524413335e-10, 2.631263269577382e-10, 1.894821402404117e-10, 1.3655679607793347e-10, 9.906229437152926e-11, 7.250179682827984e-11, 5.2599225484054795e-11, 3.812352648731304e-11, 2.7369364166230296e-11, 1.9723469172058925e-11]
W_list: [6]
L_list: [3.3035282256939555]
