R_list= [ 1  2  3  4  5  6  7  8  9 10 11 12 13 14 15 16 17 18 19 20 21 22 23 24
 25 26 27 28 29 30 31 32 33 34 35 36 37 38]
C_final_list= [8.747207160834419e-07, 8.303724449952449e-07, 7.846667417577169e-07, 7.398525298003103e-07, 6.97205374045873e-07, 6.565830807374972e-07, 6.178707208179385e-07, 5.810204237811776e-07, 5.459836037734941e-07, 5.127966258552361e-07, 4.816401337533346e-07, 4.522429278092884e-07, 4.2454812993268917e-07, 3.985965837790751e-07, 3.740867440571879e-07, 3.509693660716196e-07, 3.2940854119946894e-07, 3.091564383190053e-07, 2.900317977233507e-07, 2.7212457695462435e-07, 2.5537483411303946e-07, 2.3957670791612283e-07, 2.2477823053860966e-07, 2.1088362524633729e-07, 1.9784850859493482e-07, 1.8562339207732197e-07, 1.7412777987379297e-07, 1.6332346261529023e-07, 1.5321021988525058e-07, 1.4369408391163644e-07, 1.347042049395607e-07, 1.2625902353681899e-07, 1.1831402555945677e-07, 1.1081764698788737e-07, 1.0380762061869885e-07, 9.721460814661178e-08, 9.104488863377288e-08, 8.522291231450035e-08]
W_list: [7.2]
L_list: [16.069667885706092]
