R_list= [ 1  2  3  4  5  6  7  8  9 10 11 12 13 14 15 16 17 18 19 20 21 22 23 24
 25 26 27 28 29 30 31 32 33 34 35 36 37 38]
C_final_list= [1.8936682913884015e-06, 1.1984487491007573e-06, 6.49849542497207e-07, 3.2142924567843543e-07, 1.5036719786968598e-07, 6.799179518058675e-08, 3.0142159802993065e-08, 1.320141932616707e-08, 5.741772349341042e-09, 2.485579786895007e-09, 1.0722544094422107e-09, 4.624505785033858e-10, 2.0017229258718408e-10, 8.710749786515303e-11, 3.816049337674398e-11, 1.6884103166486484e-11, 7.513967345006762e-12, 3.36204410930518e-12, 1.512545523336099e-12, 6.889113676985425e-13, 3.172844782739748e-13, 1.460774748520247e-13, 6.679477092116869e-14, 3.034733628236223e-14, 1.3878530220188922e-14, 6.4145643684802735e-15, 2.97449709575286e-15, 1.3876455401919283e-15, 6.556188579871293e-16, 3.137690960716503e-16, 1.526389002859427e-16, 7.59240335370028e-17, 3.9084045994561166e-17, 2.093172057667573e-17, 1.1449094692246944e-17, 6.256006717006675e-18, 3.4214950170571615e-18, 1.877624624931188e-18]
W_list: [4]
L_list: [1.7733974800199892]
