C_final_list: [1.9534747545201745e-06, 1.7170671701713962e-06, 1.5474695591310746e-06, 1.3690072059692949e-06, 1.2104134052099946e-06, 1.0741550195014723e-06, 9.508482152346315e-07, 8.426670593604473e-07, 7.469281790502567e-07, 6.62212991365976e-07, 5.851248705478348e-07, 5.167770706876579e-07, 4.578368637812432e-07, 4.049064247347565e-07, 3.579934529327585e-07, 3.1682195936775583e-07, 2.7988024170868215e-07, 2.4680458575214336e-07, 2.185075002612047e-07, 1.9264277134795214e-07, 1.6917663263322092e-07, 1.4867057160116004e-07, 1.3038119062501625e-07, 1.1457415246654822e-07, 1.0082366500725104e-07, 8.855700402117169e-08, 7.793488120749153e-08, 6.882231077409754e-08, 6.076366162711835e-08, 5.365692437201559e-08, 4.733152235645736e-08, 4.185501711287498e-08, 3.702002026297942e-08, 3.2731741375941556e-08, 2.889278432095833e-08]
ndim2: 500
W_list: [1.4]
L_list: [8.24635323136299]
