R_list= [ 1  2  3  4  5  6  7  8  9 10 11 12 13 14 15 16 17 18 19 20 21 22 23 24
 25 26 27 28 29 30 31 32 33 34 35 36 37 38]
C_final_list= [6.059184289572677e-08, 3.3621141764569905e-08, 1.7583992399985843e-08, 9.092159481958991e-09, 4.660777889604198e-09, 2.3899285267087064e-09, 1.2226373446391155e-09, 6.239869292286532e-10, 3.151534084701817e-10, 1.6104109031961216e-10, 8.18501505371792e-11, 4.146986068335083e-11, 2.108835285166282e-11, 1.1028700538571066e-11, 5.919652879158339e-12, 3.1007683876800085e-12, 1.6085188868217608e-12, 8.125855965818595e-13, 3.9049494557868915e-13, 1.8616746206817191e-13, 8.841454367713924e-14, 4.325687859785514e-14, 2.081269701147426e-14, 1.0304369351097806e-14, 5.894542002866037e-15, 3.1648934699630204e-15, 1.4101808735936042e-15, 6.640830182829095e-16, 3.9470754525645765e-16, 1.6459327043353777e-16, 7.211195519673477e-17, 8.063671109730229e-17, 6.109937348961097e-17, 1.8581017250958134e-17, 6.559345384831282e-18, 8.285539111698879e-18, 2.9569719557396773e-18, 7.525045766232328e-19]
W_list: [7]
L_list: [1.6109103239186444]
