C_list:
1.2290991608662247e-06 0.07117577988346926
ndim2: 500
W_list: [2.8]
L_list: [14.049723117010092]
