R_list= [ 1  2  3  4  5  6  7  8  9 10 11 12 13 14 15 16 17 18 19 20 21 22 23 24
 25 26 27 28 29 30 31 32 33 34 35 36 37 38]
C_final_list= [1.2216524698698731e-06, 8.230001621097685e-07, 5.547704347736808e-07, 3.7250386625210954e-07, 2.487438132171419e-07, 1.6629203285169772e-07, 1.1023041838944891e-07, 7.3779260669694e-08, 4.923683734584555e-08, 3.2679740099430864e-08, 2.171831071244442e-08, 1.4453695191357467e-08, 9.646999932772628e-09, 6.4562825960832386e-09, 4.254622731650578e-09, 2.804008701099943e-09, 1.8343792669003742e-09, 1.202976219659232e-09, 7.721083470501559e-10, 4.987939582634585e-10, 3.246565283012813e-10, 2.096422764265232e-10, 1.3055557873604385e-10, 8.265939236895966e-11, 5.227175995941168e-11, 3.315555473600973e-11, 2.1708264057921046e-11, 1.3980819655310086e-11, 8.936722160072861e-12, 5.943485520329028e-12, 3.756981090926904e-12, 2.1787265032265116e-12, 1.3353046707701593e-12, 8.508029890927245e-13, 5.159410880280554e-13, 3.341050358040802e-13, 2.2526425308846168e-13, 1.3580904249377554e-13]
W_list: [7.4]
L_list: [2.514047110529937]
