R_list= [ 1  2  3  4  5  6  7  8  9 10 11 12 13 14 15 16 17 18 19 20 21 22 23 24
 25 26 27 28 29 30 31 32 33 34 35 36 37 38]
C_final_list= [4.903832075841197e-07, 4.4253327309694334e-07, 3.962970432059052e-07, 3.5379665737733465e-07, 3.152130341072018e-07, 2.8068267565724046e-07, 2.496254243304108e-07, 2.2182871076862816e-07, 1.971350488295766e-07, 1.7495116324532472e-07, 1.552178853230332e-07, 1.3774009718971068e-07, 1.2220984217254566e-07, 1.0837673835976375e-07, 9.610795155806386e-08, 8.5219936719036e-08, 7.556248374412177e-08, 6.69401970288794e-08, 5.925812272724764e-08, 5.2486025823405224e-08, 4.6463329348767874e-08, 4.105165581650461e-08, 3.6260110403954225e-08, 3.198955351974305e-08, 2.8170784671910446e-08, 2.4789489838338285e-08, 2.1835147238704546e-08, 1.9222029016055772e-08, 1.690851302015504e-08, 1.4857082703776892e-08, 1.3064995655469629e-08, 1.1479089081453109e-08, 1.0085709259130445e-08, 8.848365682490896e-09, 7.755851275905495e-09, 6.8021855203343096e-09, 5.96540071131023e-09, 5.237469283153458e-09]
W_list: [6.800000000000001]
L_list: [8.545437416221056]
