C_final_list: [2.0392108799416585e-06, 1.934178228847519e-06, 1.8305131412356033e-06, 1.7328026748902322e-06, 1.6408796487162099e-06, 1.5523617754776064e-06, 1.4697827660687605e-06, 1.3910016712271595e-06, 1.3166523673246266e-06, 1.2458739814526133e-06, 1.1784514419662649e-06, 1.1140689932612522e-06, 1.0545111711318777e-06, 9.971194929532612e-07, 9.431221926963138e-07, 8.922854017837181e-07, 8.443686903311171e-07, 7.991175172968097e-07, 7.56248231164589e-07, 7.150284428854567e-07, 6.758638375488469e-07, 6.385446387027319e-07, 6.031784259710831e-07, 5.696916743241262e-07, 5.386041967234338e-07, 5.089601644453345e-07, 4.810097777163582e-07, 4.5424671507690517e-07, 4.287533330835343e-07, 4.0513922397008854e-07, 3.821598165994863e-07, 3.60794656288489e-07, 3.40748210881452e-07, 3.2153278398681046e-07, 3.0313124772940073e-07, 2.857637796541924e-07, 2.69321598391924e-07, 2.539723999275588e-07, 2.391673942259738e-07, 2.2545316407336506e-07, 2.124505830706532e-07, 2.0017206840289539e-07, 1.8872349533605432e-07, 1.7776742980655928e-07, 1.6746143469212873e-07, 1.5766362104004563e-07, 1.4864456719849742e-07, 1.4015195972038154e-07, 1.3209596857464524e-07, 1.2450649309971047e-07]
ndim2: 500
W_list: [2.8]
L_list: [17.8928752447542]
