R_list= [ 1  2  3  4  5  6  7  8  9 10 11 12 13 14 15 16 17 18 19 20 21 22 23 24
 25 26 27 28 29 30 31 32 33 34 35 36 37 38]
C_final_list= [6.905747865664031e-07, 5.671238902506678e-07, 4.7288151825424783e-07, 3.948133097893729e-07, 3.2851603735289696e-07, 2.732253656356125e-07, 2.2707957948268096e-07, 1.8867532324823245e-07, 1.565649130554414e-07, 1.2987121663507203e-07, 1.07745517283639e-07, 8.930646180837763e-08, 7.396663197663828e-08, 6.117934514577351e-08, 5.055627553483664e-08, 4.1797527942908963e-08, 3.443672855183864e-08, 2.8416642404719576e-08, 2.3419195094841633e-08, 1.9254302003361892e-08, 1.5772517344614646e-08, 1.2941957013618396e-08, 1.0633494399288997e-08, 8.71414466013181e-09, 7.120252794058425e-09, 5.83045935790199e-09, 4.776435745912069e-09, 3.902277831528895e-09, 3.187199154792345e-09, 2.6082807362788606e-09, 2.134550949414281e-09, 1.7439295508986375e-09, 1.4248436854882388e-09, 1.165277731007923e-09, 9.545797253636058e-10, 7.818511257964492e-10, 6.367204243961015e-10, 5.174291385405888e-10]
W_list: [6]
L_list: [5.3870059840958655]
