R_list= [ 1  2  3  4  5  6  7  8  9 10 11 12 13 14 15 16 17 18 19 20 21 22 23 24
 25 26 27 28 29 30]
C_final_list= [7.187816390203596e-07, 6.764097440370085e-07, 6.358167770020318e-07, 5.970456047575584e-07, 5.598469040764605e-07, 5.245622775858524e-07, 4.912701988336508e-07, 4.599958529179259e-07, 4.3066707442402285e-07, 4.0308202877410556e-07, 3.769166690458209e-07, 3.525585676371112e-07, 3.297814712892964e-07, 3.0848087855032263e-07, 2.887018041832928e-07, 2.703552022222213e-07, 2.5307905616398304e-07, 2.367862430739574e-07, 2.2156769082131298e-07, 2.0723141411972814e-07, 1.9377634183303617e-07, 1.8121162791068469e-07, 1.6938708950920816e-07, 1.582977285753241e-07, 1.47968587748449e-07, 1.3838214769855006e-07, 1.2944018075493558e-07, 1.2103215908125816e-07, 1.1316311979586479e-07, 1.0583175007468119e-07]
W_list: [6]
L_list: [15.198315189660672]
