R_list= [ 1  2  3  4  5  6  7  8  9 10 11 12 13 14 15 16 17 18 19 20 21 22 23 24
 25 26 27 28 29 30 31 32 33 34 35 36 37 38]
C_final_list= [4.390077262651872e-07, 4.027996840882988e-07, 3.6670600778635744e-07, 3.326796247149283e-07, 3.0123520056906757e-07, 2.7254764496071283e-07, 2.464227189359765e-07, 2.2272716006964017e-07, 2.0128281668990281e-07, 1.8181237252994512e-07, 1.642483657898819e-07, 1.4831069776479197e-07, 1.3391988817027905e-07, 1.2089301079026692e-07, 1.0923831711786076e-07, 9.878010297310474e-08, 8.929166778596239e-08, 8.070878508112098e-08, 7.298796289474762e-08, 6.600484616414711e-08, 5.961862788815668e-08, 5.378036013600277e-08, 4.8457808773891164e-08, 4.366065332496431e-08, 3.9334277271970843e-08, 3.5470585681034663e-08, 3.1942482406733704e-08, 2.8763743662921048e-08, 2.591055527553588e-08, 2.331467965174178e-08, 2.0957665925946147e-08, 1.8857697804540516e-08, 1.696693976113554e-08, 1.526044133888056e-08, 1.3738682127411334e-08, 1.2358260006408824e-08, 1.1115582911964141e-08, 9.992810008029902e-09]
W_list: [7]
L_list: [9.988367968598348]
