C_final_list: [1.7573238189085907e-06, 1.6356597088199993e-06, 1.5245606609175343e-06, 1.4147153421217213e-06, 1.3132128658965958e-06, 1.2201219288513927e-06, 1.133544375342159e-06, 1.0529524971740715e-06, 9.78344587953631e-07, 9.082662053340234e-07, 8.433136421974185e-07, 7.84973945890191e-07, 7.305992566783115e-07, 6.792959943855135e-07, 6.315999622994087e-07, 5.873027964423708e-07, 5.471619104579933e-07, 5.085183837482321e-07, 4.7283196823677766e-07, 4.39060376807968e-07, 4.080892164572746e-07, 3.783123503487548e-07, 3.507679997004777e-07, 3.2601428098123315e-07, 3.0292715559292537e-07, 2.816697753871462e-07, 2.6153387571399294e-07, 2.4293989279611865e-07, 2.2533091535105045e-07, 2.09061631502148e-07, 1.940839861730921e-07, 1.8012117709130548e-07, 1.669691822411606e-07, 1.5496565473159972e-07, 1.4364656627591847e-07]
ndim2: 500
W_list: [1.8]
L_list: [13.64353159843268]
