R_list= [ 1  2  3  4  5  6  7  8  9 10 11 12 13 14 15 16 17 18 19 20 21 22 23 24
 25 26 27 28 29 30 31 32]
C_final_list= [6.559503296745928e-07, 5.785555378145332e-07, 5.131412767281418e-07, 4.536711785498903e-07, 4.0040709024520614e-07, 3.533575456232042e-07, 3.1124387952589016e-07, 2.740892642624322e-07, 2.416963817027988e-07, 2.129935677776192e-07, 1.877204983486955e-07, 1.6529837228079e-07, 1.457450539124373e-07, 1.2835214279233775e-07, 1.1297464751735398e-07, 9.948738221240785e-08, 8.771003514374032e-08, 7.72587481360273e-08, 6.786697158983855e-08, 5.954326566262296e-08, 5.2279767517510374e-08, 4.580113989736658e-08, 4.016840260365954e-08, 3.518284040585199e-08, 3.0785848996302566e-08, 2.693539207356406e-08, 2.360055554820324e-08, 2.0666795626411305e-08, 1.8058684957471077e-08, 1.577414111825326e-08, 1.3782301747914592e-08, 1.2054529383404375e-08]
W_list: [6]
L_list: [7.956064261641926]
