R_list= [ 1  2  3  4  5  6  7  8  9 10 11 12 13 14 15 16 17 18 19 20 21 22 23 24
 25 26 27 28 29 30 31 32 33 34 35 36 37 38]
C_final_list= [8.954308188737526e-07, 5.642922188208254e-07, 3.031679975801645e-07, 1.4808818523622664e-07, 6.832923136683808e-08, 3.0527141878761684e-08, 1.3383783864528596e-08, 5.820152614991175e-09, 2.525975821169123e-09, 1.0986059452572799e-09, 4.799402963148488e-10, 2.1101086601325797e-10, 9.394232436570093e-11, 4.2562280566789375e-11, 1.9528467351085473e-11, 8.927091722659241e-12, 4.0027157925146735e-12, 1.7655489853393278e-12, 7.746107129515005e-13, 3.370555104815352e-13, 1.4688371978739289e-13, 6.440225934281572e-14, 2.8450890633364606e-14, 1.2658201088030379e-14, 5.713247500168769e-15, 2.600735192312118e-15, 1.1877215375841987e-15, 5.458197520303666e-16, 2.5318010875759016e-16, 1.1795753493959162e-16, 5.5316407852526924e-17, 2.6061211682199087e-17, 1.2270170958377868e-17, 5.76382950659783e-18, 2.6941449995040004e-18, 1.2551849830851361e-18, 5.916806603831886e-19, 2.836469607682088e-19]
W_list: [4]
L_list: [1.7549748006221149]
