C_list:
1.5992754198912211e-06 0.11592939145976174
ndim2: 500
W_list: [2.8]
L_list: [8.625940215920938]
