R_list= [ 1  2  3  4  5  6  7  8  9 10 11 12 13 14 15 16 17 18 19 20 21 22 23 24
 25 26 27 28 29 30 31 32]
C_final_list= [7.903132596819247e-07, 7.386225644208856e-07, 6.884189034271897e-07, 6.408346412162479e-07, 5.962435730806016e-07, 5.545601512977926e-07, 5.160088312859974e-07, 4.800474023163e-07, 4.46499407757404e-07, 4.148861793351809e-07, 3.8545295755202284e-07, 3.5781791488891784e-07, 3.3195189252861784e-07, 3.0790679990844314e-07, 2.855843814240373e-07, 2.6497456590176754e-07, 2.4566043997220514e-07, 2.2761961834584693e-07, 2.110162875671703e-07, 1.9553025963831523e-07, 1.8111264036401877e-07, 1.6783335186246048e-07, 1.5546786099514346e-07, 1.4394618540132698e-07, 1.332953358899019e-07, 1.2340907746843059e-07, 1.1421710585939482e-07, 1.0560264192467801e-07, 9.771572017375351e-08, 9.035816055387453e-08, 8.35471296633682e-08, 7.725032113111842e-08]
W_list: [6]
L_list: [13.554398833488596]
