R_list= [ 1  2  3  4  5  6  7  8  9 10 11 12 13 14 15 16 17 18 19 20 21 22 23 24
 25 26 27 28 29 30 31 32 33 34 35 36 37 38]
C_final_list= [4.630861759555634e-07, 3.602040691407715e-07, 2.774949863596555e-07, 2.1252350595980293e-07, 1.6275799502523818e-07, 1.2376558780673547e-07, 9.388151637729106e-08, 7.086414711056269e-08, 5.35604162769067e-08, 4.0635024815823403e-08, 3.0669142690107726e-08, 2.312695735336885e-08, 1.750121523536412e-08, 1.3155299057445371e-08, 9.8763007171179e-09, 7.368881166563148e-09, 5.49753420347205e-09, 4.105866456619322e-09, 3.057069470531944e-09, 2.269732821207644e-09, 1.6930518302759658e-09, 1.2681820845461425e-09, 9.532274150563506e-10, 7.156599841746537e-10, 5.364661535576135e-10, 4.044718044995567e-10, 3.0470420391001646e-10, 2.2631944652492683e-10, 1.677470628214925e-10, 1.2441310138710177e-10, 9.227744665324983e-11, 6.81548097973582e-11, 5.02654982869265e-11, 3.751190637172223e-11, 2.784082379203483e-11, 2.056980221715283e-11, 1.5060871465649234e-11, 1.090804163806864e-11]
W_list: [8.4]
L_list: [3.756050596952356]
