R_list= [ 1  2  3  4  5  6  7  8  9 10 11 12 13 14 15 16 17 18 19 20 21 22 23 24
 25 26 27 28 29 30 31 32 33 34 35 36 37 38]
C_final_list= [2.9559423963671603e-05, 2.2222585090152507e-05, 1.6600879312079696e-05, 1.2348928078612636e-05, 9.18453147978808e-06, 6.823975389167458e-06, 5.063569948263184e-06, 3.751644664225301e-06, 2.7824407685091074e-06, 2.0640357099957185e-06, 1.5311979801493524e-06, 1.1359991371655983e-06, 8.402344347423011e-07, 6.215869505844223e-07, 4.60886815380363e-07, 3.4079484739796877e-07, 2.5194349585332253e-07, 1.8649926308677223e-07, 1.3809631179703512e-07, 1.0243960809711389e-07, 7.587871512908033e-08, 5.6169691994645065e-08, 4.164189900125832e-08, 3.0953780603574426e-08, 2.301810690193378e-08, 1.7105783502062995e-08, 1.2710388882628727e-08, 9.45823522843003e-09, 7.007875858440673e-09, 5.2130423687688575e-09, 3.873890707069715e-09, 2.86267633037728e-09, 2.1181676708463225e-09, 1.5669460301691677e-09, 1.1623075494407603e-09, 8.62221712587326e-10, 6.369398548023038e-10, 4.65773467853202e-10]
W_list: [8.3]
L_list: [3.4068800232915013]
