R_list= [ 1  2  3  4  5  6  7  8  9 10 11 12 13 14 15 16 17 18 19 20 21 22 23 24
 25 26 27 28 29 30 31 32 33 34 35 36 37 38]
C_final_list= [1.693513435843547e-06, 1.3793003729789072e-06, 1.1141412543878106e-06, 9.218494123135074e-07, 7.765303059206621e-07, 6.570270040609632e-07, 5.541713429737628e-07, 4.6574952990182093e-07, 3.912951416830944e-07, 3.2907195303369826e-07, 2.774764404933625e-07, 2.3415988820379818e-07, 1.9769854000175714e-07, 1.668731497900338e-07, 1.408073359983301e-07, 1.1881711143039707e-07, 1.0032322232233573e-07, 8.469154599379217e-08, 7.138345128181443e-08, 6.007858647342089e-08, 5.0628406668823904e-08, 4.275286543571385e-08, 3.611591254465215e-08, 3.047695625812446e-08, 2.5662203706793048e-08, 2.1566722630855853e-08, 1.8114050450502856e-08, 1.5223753089176107e-08, 1.2789631054748657e-08, 1.0720272797318248e-08, 8.962238178478313e-09, 7.482787823018213e-09, 6.257335920630787e-09, 5.241353978527844e-09, 4.399433163016107e-09, 3.7006982255251833e-09, 3.1164117472626767e-09, 2.620448267311775e-09]
W_list: [4]
L_list: [5.494989287966397]
