R_list= [ 1  2  3  4  5  6  7  8  9 10 11 12 13 14 15 16 17 18 19 20 21 22 23 24
 25 26 27 28 29 30 31 32 33 34 35 36 37 38]
C_final_list= [7.592415250470908e-07, 7.164092822272124e-07, 6.727021573080177e-07, 6.304863438168908e-07, 5.902028324242018e-07, 5.520565558635319e-07, 5.156785022687958e-07, 4.815822708229968e-07, 4.493578016475592e-07, 4.1913019554595846e-07, 3.9084806640357786e-07, 3.6454229621071456e-07, 3.398227761237991e-07, 3.16674340893305e-07, 2.951749574628894e-07, 2.7506615086401887e-07, 2.5629233785727716e-07, 2.3873612725591656e-07, 2.2213862203502482e-07, 2.0674706666770717e-07, 1.9233747355251658e-07, 1.7895837480776623e-07, 1.6648897720167018e-07, 1.5493815905355533e-07, 1.442108543944613e-07, 1.3427090767610115e-07, 1.2502788036279468e-07, 1.1645433267109464e-07, 1.0842877464728255e-07, 1.0089928860715565e-07, 9.383927518252202e-08, 8.726392214464001e-08, 8.113025112268132e-08, 7.540409358757018e-08, 7.005548698334812e-08, 6.508768133044625e-08, 6.048851809167691e-08, 5.619147163176997e-08]
W_list: [7.4]
L_list: [14.443178302133848]
