C_final_list: [9.002182427293014e-07, 8.604477991405942e-07, 8.202877132918258e-07, 7.813017538770749e-07, 7.433831397633323e-07, 7.066159010467192e-07, 6.717347824459808e-07, 6.383500422295172e-07, 6.064925107853797e-07, 5.762104294663843e-07, 5.475186838284452e-07, 5.200603295297964e-07, 4.940178567881147e-07, 4.694794356293059e-07, 4.461121735508534e-07, 4.235686453435547e-07, 4.020723671361877e-07, 3.814439929846214e-07, 3.6163586182867e-07, 3.429865743376086e-07, 3.2545253065029685e-07, 3.0871737656180205e-07, 2.9293034401364157e-07, 2.7770333583244225e-07, 2.6336064289730657e-07, 2.4966894921731587e-07, 2.365759837650995e-07, 2.2425079080547367e-07, 2.125665400373551e-07, 2.0147765740400253e-07, 1.9099551374748302e-07, 1.809650844829613e-07, 1.7148148953550513e-07, 1.625446846925309e-07, 1.5407314049893484e-07, 1.4606083390750774e-07, 1.384332049901335e-07, 1.3113687793092105e-07, 1.2416680384798756e-07, 1.1757974225214388e-07, 1.1132820731644852e-07, 1.0538583420199293e-07, 9.977901877983537e-08, 9.442778333502666e-08, 8.940282155567999e-08, 8.465398220121208e-08, 8.017855715000637e-08, 7.591761344256342e-08, 7.189924443251613e-08, 6.8098003482113e-08]
ndim2: 500
W_list: [4.0]
L_list: [19.28716791419634]
