R_list= [ 1  2  3  4  5  6  7  8  9 10 11 12 13 14 15 16 17 18 19 20 21 22 23 24
 25 26 27 28 29 30 31 32 33 34 35 36 37 38]
C_final_list= [1.2739119428290673e-06, 1.2264386421071018e-06, 1.183086584577554e-06, 1.140524645456873e-06, 1.0992100876821538e-06, 1.0591923190547102e-06, 1.0209063483200107e-06, 9.839270333245906e-07, 9.481289114707081e-07, 9.135172224803601e-07, 8.799338061897123e-07, 8.480115544255207e-07, 8.170139418334176e-07, 7.874581602016624e-07, 7.589848884179373e-07, 7.314981596056674e-07, 7.045874715405267e-07, 6.785040349277423e-07, 6.535284638602614e-07, 6.294673910031153e-07, 6.061704389384814e-07, 5.837105253789423e-07, 5.622621922502296e-07, 5.415709637688817e-07, 5.215355338336828e-07, 5.02270319074623e-07, 4.837250456401081e-07, 4.65759535642419e-07, 4.481653762496766e-07, 4.311687034887381e-07, 4.1469108474752217e-07, 3.988661680723121e-07, 3.83664668862252e-07, 3.6915071607183284e-07, 3.551790788647409e-07, 3.4162154193284235e-07, 3.286783146026641e-07, 3.162619474832588e-07]
W_list: [5]
L_list: [26.756959942073266]
