C_final_list: [1.8365974734238178e-06, 1.8118767237053994e-06, 1.7946999774022385e-06, 1.774508988865016e-06, 1.7551743343730748e-06, 1.7366085898620783e-06, 1.7179334836253495e-06, 1.6994227097790337e-06, 1.681193980423299e-06, 1.6632044476451682e-06, 1.6455392271876064e-06, 1.6278371158594292e-06, 1.6101695145785392e-06, 1.592893495842531e-06, 1.5756790961390949e-06, 1.5585157228145055e-06, 1.5416647812787603e-06, 1.5249961973682945e-06, 1.5085297625312646e-06, 1.492289457824426e-06, 1.476377324452042e-06, 1.460591495685806e-06, 1.4451387672739472e-06, 1.4298953497807126e-06, 1.4145914095401921e-06, 1.3997484347597037e-06, 1.3849282115526223e-06, 1.370191471317431e-06, 1.3555813318605551e-06, 1.340907710806078e-06, 1.3263988585511489e-06, 1.3121207684232036e-06, 1.2979351747360373e-06, 1.2839348856844445e-06, 1.2701223013818012e-06]
ndim2: 500
W_list: [1.2]
L_list: [92.62752811923966]
