R_list= [ 1  2  3  4  5  6  7  8  9 10 11 12 13 14 15 16 17 18 19 20 21 22 23 24
 25 26 27 28 29 30 31 32 33 34 35 36 37 38]
C_final_list= [5.609917469534183e-06, 4.718016780463445e-06, 3.926743181865965e-06, 3.2527790624831494e-06, 2.687186140674103e-06, 2.2177540168508516e-06, 1.8297519748278175e-06, 1.5097820837345553e-06, 1.2448773123951885e-06, 1.0263401533980198e-06, 8.458874328672864e-07, 6.969257365849167e-07, 5.740198246102767e-07, 4.7299424372390436e-07, 3.8963237965539357e-07, 3.210115342825524e-07, 2.639495683843613e-07, 2.1690110580722285e-07, 1.7843759623813684e-07, 1.468653172218771e-07, 1.2075174336352583e-07, 9.925266458668811e-08, 8.160510404793923e-08, 6.714468858212702e-08, 5.528033775730173e-08, 4.566607563039476e-08, 3.770930658208909e-08, 3.108872520616126e-08, 2.5620026867499184e-08, 2.1172168478832443e-08, 1.7512646248766095e-08, 1.4463552244785492e-08, 1.1928834130172313e-08, 9.827513503809278e-09, 8.100877934569898e-09, 6.673617239140232e-09, 5.498906473863392e-09, 4.530706542167211e-09]
W_list: [8.45]
L_list: [5.298703858436583]
