C_final_list: [1.3169816474810957e-06, 1.1424561463764977e-06, 9.87642076276015e-07, 8.556293962373033e-07, 7.400940324305938e-07, 6.404687943170713e-07, 5.534039622626046e-07, 4.794120065263851e-07, 4.1550258195949047e-07, 3.589947228656253e-07, 3.1003855946441324e-07, 2.6752124621060296e-07, 2.3070539050823794e-07, 1.9944228184763162e-07, 1.7272181281929125e-07, 1.4957691473896083e-07, 1.2896299422962253e-07, 1.1113298193110726e-07, 9.609452551511246e-08, 8.292108882238035e-08, 7.175373692337504e-08, 6.196078054058089e-08, 5.333775865848338e-08, 4.594729566180367e-08, 3.956543113301253e-08, 3.4124974389835136e-08, 2.9379146789962777e-08, 2.5325464771759918e-08, 2.1781348179405843e-08, 1.876360991964649e-08, 1.609679500434091e-08, 1.3848153614302492e-08, 1.1881291333392003e-08, 1.0175735934473101e-08, 8.751583923994184e-09]
ndim2: 500
W_list: [3.8]
L_list: [6.896449175867839]
