R_list= [ 1  2  3  4  5  6  7  8  9 10 11 12 13 14 15 16 17 18 19 20 21 22 23 24
 25 26 27 28 29 30 31 32]
C_final_list= [7.891284032710408e-07, 7.31947801359285e-07, 6.776500970735916e-07, 6.261718292724869e-07, 5.78280229816975e-07, 5.339434032615303e-07, 4.928227518524078e-07, 4.550992605798784e-07, 4.2002457207466594e-07, 3.8726032898964795e-07, 3.5693397187457185e-07, 3.2884334767764244e-07, 3.0306962156426807e-07, 2.793249997459101e-07, 2.5736928530584304e-07, 2.369669890584753e-07, 2.1817431043882518e-07, 2.0076803680215512e-07, 1.8474857552544514e-07, 1.7006358315878038e-07, 1.56480875870604e-07, 1.4393918055045865e-07, 1.3236623038390476e-07, 1.2168128005675777e-07, 1.117528034146579e-07, 1.025824315430824e-07, 9.416439601989178e-08, 8.643820910256804e-08, 7.942278881947451e-08, 7.293218123000983e-08, 6.688931269144604e-08, 6.13200126609002e-08]
W_list: [6]
L_list: [12.349342698657262]
