C_final_list: [1.4729054654758633e-06, 1.415295370640391e-06, 1.3562085113406105e-06, 1.2991995892161256e-06, 1.245842562309512e-06, 1.1930976924586533e-06, 1.1432307703495092e-06, 1.0962775883098612e-06, 1.0508251388869514e-06, 1.0076206710973205e-06, 9.657297281180804e-07, 9.255336364750441e-07, 8.873841668940593e-07, 8.504890489672304e-07, 8.154107290220651e-07, 7.818383882823784e-07, 7.495338533686974e-07, 7.192130144549574e-07, 6.9006709850591e-07, 6.617265108375157e-07, 6.344220232297459e-07, 6.079710808024549e-07, 5.826097229675877e-07, 5.585518748687501e-07, 5.35332495694472e-07, 5.130202366358612e-07, 4.913453996354649e-07, 4.7024708480635337e-07, 4.500874739872381e-07, 4.3092014292739566e-07, 4.1240378878127666e-07, 3.947284619911189e-07, 3.779303388798113e-07, 3.6133922090218523e-07, 3.4558599672887465e-07]
ndim2: 500
W_list: [2.0]
L_list: [23.610127153425797]
