R_list= [ 1  2  3  4  5  6  7  8  9 10 11 12 13 14 15 16 17 18 19 20 21 22 23 24
 25 26 27 28 29 30 31 32 33 34 35 36 37 38]
C_final_list= [4.847460925352792e-07, 4.374034682503111e-07, 3.924538128356652e-07, 3.510817214144429e-07, 3.139387267538296e-07, 2.8025932075830076e-07, 2.4980305705319023e-07, 2.2258612797666905e-07, 1.9819361166769635e-07, 1.7663195767850885e-07, 1.5752755558217692e-07, 1.4031230417949886e-07, 1.2487986723877002e-07, 1.1094583928924099e-07, 9.856002075176101e-08, 8.751709868608582e-08, 7.77881915850141e-08, 6.90339982084965e-08, 6.126490516200275e-08, 5.430470344067453e-08, 4.807956158259016e-08, 4.2522238684805966e-08, 3.755655499301459e-08, 3.32023824339895e-08, 2.934689985845992e-08, 2.5959363626809828e-08, 2.2963046486105144e-08, 2.0316425943118728e-08, 1.7954361486898668e-08, 1.585148144624348e-08, 1.3976826429686373e-08, 1.2323467046560662e-08, 1.0859927482440305e-08, 9.571369914224546e-09, 8.429335436838958e-09, 7.424003119300329e-09, 6.5448568044790845e-09, 5.7633718890822395e-09]
W_list: [6.800000000000001]
L_list: [8.72974795566354]
