R_list= [ 1  2  3  4  5  6  7  8  9 10 11 12 13 14 15 16 17 18 19 20 21 22 23 24
 25 26 27 28 29 30 31 32 33 34 35 36 37 38]
C_final_list= [1.6196135944272166e-07, 1.409505558845559e-07, 1.2097253330899696e-07, 1.0305576707024366e-07, 8.73542968086799e-08, 7.386380444701409e-08, 6.229006262101635e-08, 5.250180313203278e-08, 4.4084438598128795e-08, 3.6968221892093987e-08, 3.0981270984255565e-08, 2.5909794241220242e-08, 2.1680501491850407e-08, 1.8115257773693e-08, 1.513387748406982e-08, 1.2634936906402282e-08, 1.0537173978614044e-08, 8.789616155220322e-09, 7.3283183358444806e-09, 6.1042541884881146e-09, 5.081671618371192e-09, 4.228816144135538e-09, 3.524395266577469e-09, 2.941230280565906e-09, 2.454519551504622e-09, 2.048450110306148e-09, 1.712360198479177e-09, 1.4321550171116682e-09, 1.198441725635648e-09, 1.0021868671494946e-09, 8.385173706938639e-10, 7.017532045380814e-10, 5.857884493395762e-10, 4.877151211355914e-10, 4.0429672337866306e-10, 3.352434077849851e-10, 2.779327794917809e-10, 2.3037329983488557e-10]
W_list: [8.8]
L_list: [6.0318381457677255]
