C_final_list: [1.2680082048313208e-06, 1.2354596689073371e-06, 1.2023264836070276e-06, 1.1701771232760546e-06, 1.1387334695618107e-06, 1.108164405519681e-06, 1.0785021203231024e-06, 1.0494111479648588e-06, 1.0209988189670423e-06, 9.931885051795257e-07, 9.661377120372273e-07, 9.396723727556813e-07, 9.1421598845999e-07, 8.894603127322544e-07, 8.653243794135238e-07, 8.415935211666812e-07, 8.182688873367036e-07, 7.956742445160337e-07, 7.737099988973956e-07, 7.524498597593793e-07, 7.315881610498932e-07, 7.113125195625411e-07, 6.916693952809107e-07, 6.723010003442928e-07, 6.535042742797404e-07, 6.351990997604679e-07, 6.174250604255809e-07, 6.000279289678847e-07, 5.830935614184308e-07, 5.667637838526751e-07, 5.507309460082818e-07, 5.35220289340638e-07, 5.201474069434559e-07, 5.055601144470404e-07, 4.91281620348735e-07]
ndim2: 500
W_list: [3.4000000000000004]
L_list: [35.97257228420089]
