R_list= [ 1  2  3  4  5  6  7  8  9 10 11 12 13 14 15 16 17 18 19 20 21 22 23 24
 25 26 27 28 29 30 31 32 33 34 35 36 37 38]
C_final_list= [1.380148760580097e-06, 1.2763188400673553e-06, 1.1921999345196246e-06, 1.1098722635426657e-06, 1.034704249625966e-06, 9.656573949327725e-07, 9.015886672366852e-07, 8.413430580241416e-07, 7.84781833368704e-07, 7.321009974950991e-07, 6.83207894229855e-07, 6.376000641194764e-07, 5.94692432189631e-07, 5.551718995047355e-07, 5.176681979416524e-07, 4.822377215648096e-07, 4.495160046469576e-07, 4.1906929055859565e-07, 3.902095104018504e-07, 3.6280591881929904e-07, 3.3693871216414745e-07, 3.1280845765886836e-07, 2.9008944643842126e-07, 2.691387965093599e-07, 2.498888918555858e-07, 2.3193600002257189e-07, 2.152517919686124e-07, 1.9978200731567585e-07, 1.8532414625833674e-07, 1.7187003259915873e-07, 1.592426689335952e-07, 1.4747892352328605e-07, 1.3668437976262511e-07, 1.2667100300402488e-07, 1.174188483295692e-07, 1.088729491398289e-07, 1.009100755747889e-07, 9.349607413815372e-08]
W_list: [5]
L_list: [14.135435492541161]
