R_list= [ 1  2  3  4  5  6  7  8  9 10 11 12 13 14 15 16 17 18 19 20 21 22 23 24
 25 26 27 28 29 30 31 32 33 34 35 36 37 38]
C_final_list= [4.483075777271942e-07, 3.413187674354705e-07, 2.57673651769445e-07, 1.9400901918429729e-07, 1.4601672469526506e-07, 1.1024222649615066e-07, 8.266348369917442e-08, 6.177869826943806e-08, 4.5996585469253746e-08, 3.434939805948729e-08, 2.559649126050009e-08, 1.9010476283157935e-08, 1.4118136048522623e-08, 1.0524743456575398e-08, 7.814730197829093e-09, 5.7787155941451365e-09, 4.261270598597045e-09, 3.1123841847833563e-09, 2.2958612744696134e-09, 1.6965620607141167e-09, 1.2496469064951646e-09, 9.182395661962718e-10, 6.744269051626233e-10, 4.946403702873825e-10, 3.6178350977429554e-10, 2.6408937852416053e-10, 1.950715981799785e-10, 1.4390258284972107e-10, 1.0568050306998114e-10, 7.746648210499095e-11, 5.646108884814582e-11, 4.063839385064568e-11, 2.9253041105047414e-11, 2.0924443117438337e-11, 1.5084370447025173e-11, 1.0963157332582766e-11, 8.01379646486061e-12, 5.822932744733847e-12]
W_list: [8.600000000000001]
L_list: [3.5416301320987764]
