C_final_list: [2.1603847789142994e-06, 1.9743695953201726e-06, 1.7951431512973354e-06, 1.6332221944918533e-06, 1.4832922956432285e-06, 1.3482016365774434e-06, 1.226746101707128e-06, 1.116448101390077e-06, 1.0163220392532827e-06, 9.249967826706668e-07, 8.412483288024489e-07, 7.644069787233054e-07, 6.932359306496823e-07, 6.306156469212659e-07, 5.741211230786723e-07, 5.210475304968838e-07, 4.732854999410863e-07, 4.2980762191720074e-07, 3.9081508886902645e-07, 3.5497154322002024e-07, 3.222483436521593e-07, 2.924007134248947e-07, 2.6556208063481184e-07, 2.4068743791167224e-07, 2.182943553058232e-07, 1.9790605547615905e-07, 1.7943475308258266e-07, 1.6270671895616172e-07, 1.474788608440109e-07, 1.3361748461738813e-07, 1.2091952068956095e-07, 1.0926349747785098e-07, 9.888482689532709e-08, 8.925265772441145e-08, 8.061254135990532e-08, 7.27067152338536e-08, 6.556340336697456e-08, 5.8980847283044104e-08, 5.3125415004047445e-08, 4.781135294812712e-08, 4.304848325536404e-08, 3.876975678054346e-08, 3.486112333150654e-08, 3.138781780115927e-08, 2.8319507556043808e-08, 2.5525884884792726e-08, 2.2981010969843075e-08, 2.070298044764407e-08, 1.8634555367556575e-08, 1.6789468250978714e-08]
ndim2: 500
W_list: [2.4]
L_list: [10.48710905166066]
