C_final_list: [1.9195851621383514e-06, 1.6702677816124805e-06, 1.4498612605502158e-06, 1.257649343494178e-06, 1.0974548841950021e-06, 9.538750320730608e-07, 8.302567706248316e-07, 7.213485006608156e-07, 6.276621409526796e-07, 5.463557670732836e-07, 4.72358702855495e-07, 4.0899126316919185e-07, 3.544068128509801e-07, 3.076269564684399e-07, 2.666599109992858e-07, 2.3120896449690703e-07, 2.006193998691e-07, 1.7405562474754762e-07, 1.5148124528844462e-07, 1.3179734960166285e-07, 1.1448159394306347e-07, 9.91146753519395e-08, 8.570853330123476e-08, 7.421291079698425e-08, 6.423171788776506e-08, 5.5444423257151635e-08, 4.791461224030036e-08, 4.139023942319253e-08, 3.573268331777373e-08, 3.0901809827007444e-08, 2.6620002003297575e-08, 2.2825127094042318e-08, 1.9566017381417133e-08, 1.6746645291098735e-08, 1.4360588930057958e-08, 1.2309988298520508e-08, 1.057138429706078e-08, 9.076014600934492e-09, 7.798785708670036e-09, 6.672339632401938e-09, 5.71024764105321e-09, 4.87862317742357e-09, 4.184382535244288e-09, 3.5924486901354584e-09, 3.0868691594833096e-09, 2.6606595013517786e-09, 2.288610282808368e-09, 1.9715486585817473e-09, 1.6956464805661146e-09, 1.4514785264628306e-09]
ndim2: 500
W_list: [3.15]
L_list: [7.112451706485349]
