R_list= [ 1  2  3  4  5  6  7  8  9 10 11 12 13 14 15 16 17 18 19 20 21 22 23 24
 25 26 27 28 29 30 31 32 33 34 35 36 37 38]
C_final_list= [5.156645043962671e-07, 3.368821282149714e-07, 1.8996858727463157e-07, 9.802714712615555e-08, 4.784505207251957e-08, 2.257603687227724e-08, 1.0411531166794118e-08, 4.72556270889336e-09, 2.1257341533552414e-09, 9.483195106980521e-10, 4.208195242062088e-10, 1.855532527820192e-10, 8.113729079239948e-11, 3.527354765606584e-11, 1.5329647488464834e-11, 6.6859469512517444e-12, 2.935696747161336e-12, 1.2962554016354243e-12, 5.799614910365649e-13, 2.6454090109976996e-13, 1.2324513596296314e-13, 5.801772430820628e-14, 2.6944065370956335e-14, 1.2601050218510214e-14, 5.586653941447682e-15, 2.4629941398266686e-15, 1.060204257377075e-15, 4.554843712910139e-16, 1.9493573055167866e-16, 8.387058460810028e-17, 3.6688896174095594e-17, 1.626787698358594e-17, 7.282523635558306e-18, 3.2622431273497075e-18, 1.4487672466334424e-18, 6.427800480210253e-19, 2.8303310534472056e-19, 1.2224240137533603e-19]
W_list: [4]
L_list: [1.8693970970381]
