R_list= [ 1  2  3  4  5  6  7  8  9 10 11 12 13 14 15 16 17 18 19 20 21 22 23 24
 25 26 27 28 29 30 31 32 33 34 35 36 37 38]
C_final_list= [1.9197240487962546e-06, 1.7733410610356101e-06, 1.6681561827808696e-06, 1.5811470830382541e-06, 1.4946458891035601e-06, 1.4108620325266201e-06, 1.3326705654716206e-06, 1.2593398356867696e-06, 1.1900299856320016e-06, 1.124880210146249e-06, 1.0633948656845358e-06, 1.0050087039292555e-06, 9.492986251835312e-07, 8.966205953211451e-07, 8.469928612324682e-07, 7.998692491967019e-07, 7.546554239125911e-07, 7.118535839056912e-07, 6.717793658222856e-07, 6.33818287481817e-07, 5.976607548819669e-07, 5.632329881912651e-07, 5.305467203209068e-07, 4.997479244997475e-07, 4.7089382623404697e-07, 4.435734682175331e-07, 4.1802783744488376e-07, 3.9411334338892077e-07, 3.716417205153675e-07, 3.5064608433255304e-07, 3.305728388326548e-07, 3.113289010102489e-07, 2.9326276321178146e-07, 2.762807278871625e-07, 2.6010236734782044e-07, 2.4467066196064865e-07, 2.3006451779598956e-07, 2.1630339317413827e-07]
W_list: [4]
L_list: [17.279039103996283]
