R_list= [ 1  2  3  4  5  6  7  8  9 10 11 12 13 14 15 16 17 18 19 20 21 22 23 24
 25 26 27 28 29 30 31 32 33 34 35 36 37 38]
C_final_list= [3.3780250537289795e-07, 2.8100908127206937e-07, 2.3094077528425706e-07, 1.8845960424831327e-07, 1.5348054635217493e-07, 1.2456363809730464e-07, 1.0094434027695689e-07, 8.1593092167056e-08, 6.58499502397727e-08, 5.3145390346020446e-08, 4.293640361579187e-08, 3.472739498083093e-08, 2.8088304766842532e-08, 2.2649305728458977e-08, 1.8140060748694793e-08, 1.4523258736792094e-08, 1.166352134706723e-08, 9.3574219523722e-09, 7.480144159917912e-09, 5.979964525348426e-09, 4.769090770568271e-09, 3.798051884655221e-09, 3.0346648350587952e-09, 2.4191834721903704e-09, 1.926822625400326e-09, 1.5377170104563256e-09, 1.2226322797339752e-09, 9.693761015052954e-10, 7.658609455048219e-10, 6.025009911221681e-10, 4.767193706107542e-10, 3.7704379408395255e-10, 2.984994031107579e-10, 2.354584685809684e-10, 1.8629729380184353e-10, 1.4689245465726885e-10, 1.1589516893341375e-10, 9.126585821642642e-11]
W_list: [9.2]
L_list: [4.893779380876576]
