R_list= [ 1  2  3  4  5  6  7  8  9 10 11 12 13 14 15 16 17 18 19 20 21 22 23 24
 25 26 27 28 29 30 31 32 33 34 35 36 37 38]
C_final_list= [8.208158105142329e-07, 7.220458901889662e-07, 6.39684858876249e-07, 5.646543936802138e-07, 4.987572758687339e-07, 4.3976660591924753e-07, 3.870852169120367e-07, 3.4056869138495154e-07, 2.996926966607572e-07, 2.6363940827980486e-07, 2.3182228566575559e-07, 2.0345904667639856e-07, 1.784650262070062e-07, 1.566334528429459e-07, 1.3707514229870404e-07, 1.200214078441611e-07, 1.0514016737410228e-07, 9.219231309962457e-08, 8.074964696860919e-08, 7.070562333598179e-08, 6.189917409737304e-08, 5.4119015317128544e-08, 4.734985754402857e-08, 4.1426493030303164e-08, 3.627541780574492e-08, 3.173830928484097e-08, 2.7833330653923446e-08, 2.4411361800690688e-08, 2.1412860044002752e-08, 1.8754793714895435e-08, 1.6410219678934428e-08, 1.4346982365704176e-08, 1.2555340027947698e-08, 1.099659915718905e-08, 9.61303797133395e-09, 8.400740331981248e-09, 7.339794081338139e-09, 6.4063739809276715e-09]
W_list: [6]
L_list: [7.839956673587639]
