R_list= [ 1  2  3  4  5  6  7  8  9 10 11 12 13 14 15 16 17 18 19 20 21 22 23 24
 25 26 27 28 29 30 31 32 33 34 35 36 37 38]
C_final_list= [2.7737179436829506e-05, 2.0490380705486987e-05, 1.5012384882352746e-05, 1.0965664727763499e-05, 7.999024107773917e-06, 5.821671690479196e-06, 4.234072003380331e-06, 3.075158530130559e-06, 2.2350875090029895e-06, 1.6222979869898895e-06, 1.177282715711153e-06, 8.532110225898159e-07, 6.187346223980031e-07, 4.484070966049394e-07, 3.256966075963882e-07, 2.3612013456974005e-07, 1.715484946663711e-07, 1.2498695072076872e-07, 9.084052892455712e-08, 6.60120153653074e-08, 4.785988472017082e-08, 3.469532650690099e-08, 2.5191836291689393e-08, 1.828567224010009e-08, 1.330609838756345e-08, 9.689764864280472e-09, 7.1096461222611146e-09, 5.184610999320704e-09, 3.790310166542906e-09, 2.777110245306868e-09, 2.0420789143312396e-09, 1.4930530950937152e-09, 1.0934124768954412e-09, 7.994292475809823e-10, 5.883126399035991e-10, 4.337672776180952e-10, 3.190141679192993e-10, 2.332277632139901e-10]
W_list: [8.5]
L_list: [3.2028389486071833]
