C_final_list: [7.460520472538878e-07, 7.063728326146499e-07, 6.658213015114361e-07, 6.274595300558098e-07, 5.900682321906154e-07, 5.546766003538083e-07, 5.210619043079589e-07, 4.891146240217554e-07, 4.5875209418582196e-07, 4.3014406542896474e-07, 4.0293235907553687e-07, 3.776575123130491e-07, 3.5366670986726405e-07, 3.313520162450894e-07, 3.105283475376856e-07, 2.907779055861904e-07, 2.7234623012268733e-07, 2.550020683909185e-07, 2.3877641745102344e-07, 2.2353310072480785e-07, 2.092328747858334e-07, 1.957336613048859e-07, 1.831137113539276e-07, 1.7126493778963257e-07, 1.6009312555065713e-07, 1.495836960458364e-07, 1.3972366225927658e-07, 1.3050537346742411e-07, 1.2190412406419965e-07, 1.1393733286779843e-07, 1.0649017658740792e-07, 9.949739868226171e-08, 9.296302107765087e-08, 8.684662133679954e-08, 8.110059442569728e-08, 7.575728270047342e-08, 7.07580679928763e-08, 6.608869516085698e-08, 6.178243697622966e-08, 5.773420927525094e-08, 5.391828600098149e-08, 5.0324355107250715e-08, 4.6926680128905674e-08, 4.378059492211813e-08, 4.080877742708351e-08, 3.803380282184125e-08, 3.540934690785352e-08, 3.296606718180149e-08, 3.068845041289871e-08, 2.8556215172227904e-08]
ndim2: 500
W_list: [4.2]
L_list: [15.463662995301442]
