R_list= [ 1  2  3  4  5  6  7  8  9 10 11 12 13 14 15 16 17 18 19 20 21 22 23 24
 25 26 27 28 29 30 31 32 33 34 35 36 37 38]
C_final_list= [3.384706236749638e-07, 1.6809524800592965e-07, 6.799040243684077e-08, 2.4598816273803534e-08, 8.36631434809629e-09, 2.7412699866376946e-09, 8.834548455723208e-10, 2.816430315484598e-10, 8.877413181967235e-11, 2.7669018269015167e-11, 8.593218691091993e-12, 2.6759344717470024e-12, 8.310455084294741e-13, 2.5641657561335914e-13, 7.837695661797321e-14, 2.38970527961841e-14, 7.343149656049777e-15, 2.2591213552067834e-15, 6.930751286779901e-16, 2.1343359919368914e-16, 6.648202517429061e-17, 2.113126430319777e-17, 6.95437184420131e-18, 2.5105782895542556e-18, 1.0323716391271516e-18, 4.1893499119283354e-19, 1.533838968930482e-19, 5.515658552014822e-20, 2.047810836022972e-20, 8.264699539522127e-21, 3.656209978941861e-21, 1.6995882473998497e-21, 7.904956858301491e-22, 4.387954591684543e-22, 3.070726576642861e-22, 2.3658513007979085e-22, 1.773781472766508e-22, 1.3424928133961554e-22]
W_list: [5]
L_list: [1.276428088498507]
