R_list= [ 1  2  3  4  5  6  7  8  9 10 11 12 13 14 15 16 17 18 19 20 21 22 23 24
 25 26 27 28 29 30 31 32 33 34 35 36 37 38]
C_final_list= [3.559818421488034e-07, 3.201931903755845e-07, 2.8629484925248736e-07, 2.5542569144722047e-07, 2.276262870006941e-07, 2.025947464837681e-07, 1.802957921251499e-07, 1.6038297783893307e-07, 1.4264884115411923e-07, 1.2678439448924102e-07, 1.1259059773242903e-07, 9.996834264281614e-08, 8.870950365288328e-08, 7.867131504055507e-08, 6.965782424113494e-08, 6.168512422683296e-08, 5.461356105547373e-08, 4.8360326098612895e-08, 4.286243951548394e-08, 3.79851003069548e-08, 3.3664717481997656e-08, 2.986934701105848e-08, 2.6473471144618848e-08, 2.345338975760953e-08, 2.0788338051358006e-08, 1.841312111238057e-08, 1.631329057809958e-08, 1.4439626610322917e-08, 1.2788588620741394e-08, 1.1317448050648095e-08, 1.0004354213537962e-08, 8.85549298151763e-09, 7.833503960530159e-09, 6.927275508396134e-09, 6.132240513302206e-09, 5.428571106194028e-09, 4.804570290920255e-09, 4.2493602727970244e-09]
W_list: [7]
L_list: [8.556811183964303]
