R_list= [ 1  2  3  4  5  6  7  8  9 10 11 12 13 14 15 16 17 18 19 20 21 22 23 24
 25 26 27 28 29 30 31 32 33 34 35 36 37 38]
C_final_list= [2.1248952561344156e-06, 2.045933170491991e-06, 1.975063720548791e-06, 1.9073561719793193e-06, 1.8443672981654842e-06, 1.7832244039758205e-06, 1.723812865029954e-06, 1.6660755635703863e-06, 1.6100593477298869e-06, 1.5558740335099284e-06, 1.5034303200718245e-06, 1.453429776298333e-06, 1.4049892595106372e-06, 1.3577754591926375e-06, 1.3118208192180063e-06, 1.2673880859722507e-06, 1.2242449321178568e-06, 1.1824314520648178e-06, 1.142089089143918e-06, 1.1034545981798407e-06, 1.0659045659852357e-06, 1.0294267188055006e-06, 9.937790433051369e-07, 9.593418181905796e-07, 9.25928732888089e-07, 8.937162318974392e-07, 8.6242124671217e-07, 8.324406050734348e-07, 8.030141343702854e-07, 7.744606475227762e-07, 7.47049650165908e-07, 7.20546732608749e-07, 6.946937397259809e-07, 6.697259132207735e-07, 6.457674602435459e-07, 6.224853026890498e-07, 6.000224495956585e-07, 5.783313962921317e-07]
W_list: [4]
L_list: [28.82092175273521]
