R_list= [ 1  2  3  4  5  6  7  8  9 10 11 12 13 14 15 16 17 18 19 20 21 22 23 24
 25 26 27 28 29 30 31 32 33 34 35 36 37 38]
C_final_list= [4.313693494896409e-07, 2.657790787139078e-07, 1.3901312692023188e-07, 6.619432699694547e-08, 2.9793580905131086e-08, 1.2925869491657787e-08, 5.4794347543919116e-09, 2.2886783188317955e-09, 9.481912296849663e-10, 3.913841143507345e-10, 1.6220722800528745e-10, 6.77740998761936e-11, 2.852266344819798e-11, 1.2052000062528585e-11, 5.114566534553807e-12, 2.1880211945278623e-12, 9.432111679295776e-13, 3.912682084920749e-13, 1.5718024979881291e-13, 6.430958709785022e-14, 2.6849602149605224e-14, 1.1374364594810182e-14, 4.761209941400586e-15, 2.002030635717395e-15, 8.765710201266819e-16, 4.02435560646836e-16, 1.9941150471776883e-16, 1.061400740838219e-16, 5.566555793353564e-17, 2.6432893072935533e-17, 1.164237107219179e-17, 4.912389298458e-18, 2.0629570825852484e-18, 8.698579491463086e-19, 3.7269941708789025e-19, 1.6179275479041077e-19, 7.322900467140057e-20, 3.630381236008349e-20]
W_list: [4]
L_list: [1.6964067255701805]
