R_list= [ 1  2  3  4  5  6  7  8  9 10 11 12 13 14 15 16 17 18 19 20 21 22 23 24
 25 26 27 28 29 30 31 32 33 34 35 36 37 38]
C_final_list= [3.910238139697108e-07, 1.5850883518013232e-07, 5.098057549426948e-08, 1.4575938187580002e-08, 3.925614051605038e-09, 1.030895767096127e-09, 2.6902480684092914e-10, 7.068251757124324e-11, 1.8785519861784507e-11, 5.166701381519844e-12, 1.4917726148344704e-12, 4.3903244357477983e-13, 1.3710678733744747e-13, 4.586208833347024e-14, 1.480647736446097e-14, 4.629917463269862e-15, 1.5193435831470266e-15, 4.406163459867386e-16, 1.160833925730428e-16, 3.056841247374529e-17, 9.295389236924034e-18, 3.166866640731187e-18, 1.3538032094910446e-18, 5.979816380003988e-19, 1.8493785608669387e-19, 5.077292764887081e-20, 1.5504766933796583e-20, 4.8823313070864074e-21, 1.899213819390815e-21, 9.073699744067282e-22, 4.680792286647999e-22, 2.429467198608131e-22, 1.5618780390588105e-22, 1.2813931632307416e-22, 1.1662189353019854e-22, 1.093405614130124e-22, 1.0058533362165754e-22, 9.339991115617262e-23]
W_list: [6]
L_list: [1.035480191884501]
