R_list= [ 1  2  3  4  5  6  7  8  9 10 11 12 13 14 15 16 17 18 19 20 21 22 23 24
 25 26 27 28 29 30 31 32 33 34 35 36 37 38]
C_final_list= [4.3668260256092944e-07, 4.060024383026658e-07, 3.7507137846711326e-07, 3.45179001190784e-07, 3.172213016347698e-07, 2.9106381498834264e-07, 2.6673312695626776e-07, 2.4433995877876107e-07, 2.238499722880447e-07, 2.0506404928840475e-07, 1.879277077005003e-07, 1.7225997690069272e-07, 1.579345214973952e-07, 1.4480743696648723e-07, 1.3278010635280782e-07, 1.216856115294079e-07, 1.1148530096008968e-07, 1.0199578300064913e-07, 9.325201405080705e-08, 8.52409452900149e-08, 7.787244149194978e-08, 7.112387830738879e-08, 6.495477633407024e-08, 5.93275179784689e-08, 5.419856373435722e-08, 4.95327148660979e-08, 4.52763364607852e-08, 4.141002510894861e-08, 3.78548183167669e-08, 3.459380466924585e-08, 3.1587715538168845e-08, 2.8836731207624e-08, 2.632556026311141e-08, 2.4047364082842602e-08, 2.1958919922991453e-08, 2.0041406536401664e-08, 1.8293259719870197e-08, 1.6688773362935587e-08]
W_list: [7.4]
L_list: [11.553862652755061]
