R_list= [ 1  2  3  4  5  6  7  8  9 10 11 12 13 14 15 16 17 18 19 20 21 22 23 24
 25 26 27 28 29 30 31 32]
C_final_list= [4.634415102800637e-07, 3.754491067065651e-07, 3.0557135564199565e-07, 2.48966909132922e-07, 2.024501031534084e-07, 1.644505632348716e-07, 1.334540038768714e-07, 1.0810000883580466e-07, 8.750716473948927e-08, 7.062909621387219e-08, 5.693558094973519e-08, 4.579664366105037e-08, 3.684021846001554e-08, 2.9624182586640914e-08, 2.3820325025053777e-08, 1.9205650627520327e-08, 1.5499327504706584e-08, 1.2488742520008216e-08, 1.0052749259446567e-08, 8.085118387596075e-09, 6.504457808788017e-09, 5.223098820052396e-09, 4.1829294887676905e-09, 3.3394029562066012e-09, 2.6598588098189684e-09, 2.1164664341745165e-09, 1.6900709408847257e-09, 1.3571938968429959e-09, 1.0860808289569712e-09, 8.709246463442488e-10, 6.972018927992133e-10, 5.604923031140438e-10]
W_list: [6]
L_list: [4.7889889714325165]
