C_final_list: [1.899681094591835e-06, 1.7854013895742061e-06, 1.6748665389564738e-06, 1.5726366288094472e-06, 1.4739518312523856e-06, 1.3830101796713565e-06, 1.2963796879763811e-06, 1.217172212617816e-06, 1.1412403792610943e-06, 1.0700719496190108e-06, 1.0034875457715626e-06, 9.405958041511945e-07, 8.805820853774167e-07, 8.251930621666621e-07, 7.730823643232204e-07, 7.241016230385242e-07, 6.784375643620493e-07, 6.351059561093618e-07, 5.94333463944269e-07, 5.565654630882715e-07, 5.207645830181792e-07, 4.87043905753288e-07, 4.5561048824288597e-07, 4.2632467902667556e-07, 3.9885483566217295e-07, 3.7303662707320017e-07, 3.490810130306943e-07, 3.267426747377729e-07, 3.0579676892096423e-07, 2.8582212006012903e-07, 2.672091113385211e-07, 2.49822543132819e-07, 2.3361877101855408e-07, 2.1849860888111028e-07, 2.044531396692745e-07, 1.9104475861906475e-07, 1.7847052827225248e-07, 1.6669700602611704e-07, 1.5579947638618195e-07, 1.4542537568303514e-07, 1.3568540122430148e-07, 1.2661066345698168e-07, 1.1823399307775134e-07, 1.1043305687900959e-07, 1.0324486969757291e-07, 9.655021033647395e-08, 9.023080535660507e-08, 8.43819021410445e-08, 7.887016616250376e-08, 7.378680405514917e-08]
ndim2: 500
W_list: [3.05]
L_list: [15.341130389973083]
