C_final_list: [1.895721025490255e-06, 1.8478190701079311e-06, 1.8003375247889836e-06, 1.7542492502771238e-06, 1.7088513603367032e-06, 1.6648548724922362e-06, 1.6219206423174491e-06, 1.5799947024834758e-06, 1.538933615283688e-06, 1.4989739902264691e-06, 1.4602806993839346e-06, 1.4228487077639917e-06, 1.38644055602375e-06, 1.3508889967486765e-06, 1.316673672061758e-06, 1.2830824719938317e-06, 1.2500931747197914e-06, 1.2180157458395666e-06, 1.1869653225003513e-06, 1.1565300424672735e-06, 1.1269152090493523e-06, 1.097925837522618e-06, 1.069490556730686e-06, 1.0419229674524436e-06, 1.015063654609059e-06, 9.890919972120088e-07, 9.633270185269935e-07, 9.38310345836252e-07, 9.137442996921155e-07, 8.899111172851437e-07, 8.667244142070344e-07, 8.439129080258573e-07, 8.215683720398109e-07, 7.99695806298205e-07, 7.785751571274221e-07, 7.579142961106755e-07, 7.378675432550779e-07, 7.18241439709429e-07, 6.991286090174531e-07, 6.803857469842152e-07, 6.618666738160795e-07, 6.440742415576108e-07, 6.268002762738246e-07, 6.10175363006717e-07, 5.93738061840817e-07, 5.778990150835263e-07, 5.623091493247216e-07, 5.473972748440793e-07, 5.327754242692153e-07, 5.18533978609354e-07]
ndim2: 500
W_list: [2.8]
L_list: [38.07364696560956]
