R_list= [ 1  2  3  4  5  6  7  8  9 10 11 12 13 14 15 16 17 18 19 20 21 22 23 24
 25 26 27 28 29 30 31 32 33 34 35 36 37 38]
C_final_list= [1.9346985826905312e-07, 1.0347103713911262e-07, 5.185699231968081e-08, 2.5670550121118615e-08, 1.2565668950558601e-08, 6.110764245740695e-09, 2.917905010755076e-09, 1.3852198644537872e-09, 6.522384873399103e-10, 3.081353943867418e-10, 1.446872254158236e-10, 6.887081696609497e-11, 3.2914358354886495e-11, 1.5709856722517667e-11, 7.491893562932666e-12, 3.600329703324452e-12, 1.7299497708550434e-12, 8.33111486353505e-13, 3.8454733374095575e-13, 1.7302601585764025e-13, 7.980386609493614e-14, 3.7869898346651e-14, 1.9153786990190637e-14, 9.90517108252394e-15, 5.063103567777537e-15, 2.7714284617629736e-15, 1.3828428187210779e-15, 6.589394744502679e-16, 3.2417423238025918e-16, 1.6161976931325205e-16, 8.578797247491415e-17, 5.999496900227544e-17, 4.6813808791253143e-17, 3.6453068679248115e-17, 2.429962064689473e-17, 1.5276113153978142e-17, 4.333612321285739e-18, 1.519260150987873e-18]
W_list: [7]
L_list: [1.5186123123037347]
