R_list= [ 1  2  3  4  5  6  7  8  9 10 11 12 13 14 15 16 17 18 19 20 21 22 23 24
 25 26 27 28 29 30 31 32]
C_final_list= [2.6076295641471807e-07, 1.7309863969339297e-07, 1.0983714726942122e-07, 6.935262510674072e-08, 4.386646702334053e-08, 2.746839417726774e-08, 1.6983798378835542e-08, 1.0451774959886962e-08, 6.411532600155097e-09, 3.913572324255626e-09, 2.3745459064993737e-09, 1.4458360436249898e-09, 8.844454940056896e-10, 5.399271061947863e-10, 3.2874314427657435e-10, 1.9924539297655458e-10, 1.2045443222360236e-10, 7.342882674578208e-11, 4.501120359762467e-11, 2.7670338511254214e-11, 1.6910267517143466e-11, 1.0323956840413947e-11, 6.35569821993725e-12, 3.901605715128446e-12, 2.421290792162189e-12, 1.5516989411990398e-12, 1.009022474263311e-12, 6.548569930308703e-13, 4.274323029831251e-13, 2.6237838819466013e-13, 1.5599509814544167e-13, 9.626507394914957e-14]
W_list: [6]
L_list: [2.2610953508947467]
