C_final_list: [1.4716009805048795e-06, 1.403706782757754e-06, 1.3365774518479226e-06, 1.2714869003108841e-06, 1.2101447406009489e-06, 1.151920768104363e-06, 1.0961185022782325e-06, 1.0430421179662814e-06, 9.925981396631056e-07, 9.437195981267042e-07, 8.96790055705054e-07, 8.516193879172569e-07, 8.093380257386633e-07, 7.696236239576796e-07, 7.317607146783319e-07, 6.958020950398983e-07, 6.615776015112295e-07, 6.28700361355678e-07, 5.981189314267779e-07, 5.690270572697968e-07, 5.414836030667205e-07, 5.152878414943712e-07, 4.903630855252083e-07, 4.665365221284036e-07, 4.436808990736459e-07, 4.2206943390371864e-07, 4.0133002636744527e-07, 3.815360518765165e-07, 3.6297412683961004e-07, 3.4511568742583865e-07, 3.2811255806529306e-07, 3.115553937631058e-07, 2.9578472953551887e-07, 2.809295157954443e-07, 2.666748601167635e-07]
ndim2: 500
W_list: [3.0]
L_list: [19.94367291353244]
