R_list= [ 1  2  3  4  5  6  7  8  9 10 11 12 13 14 15 16 17 18 19 20 21 22 23 24
 25 26 27 28 29 30 31 32 33 34 35 36 37 38]
C_final_list= [9.656182873783976e-07, 6.175418616810047e-07, 3.9198952973749977e-07, 2.474117193476582e-07, 1.569195388609264e-07, 9.834825932654665e-08, 6.098573768648267e-08, 3.807850444478906e-08, 2.3897086197952142e-08, 1.499849572568881e-08, 9.416029824155966e-09, 5.856500952237237e-09, 3.5908059118152575e-09, 2.2000688649825134e-09, 1.3496844808198352e-09, 8.366808885566128e-10, 5.320614334835575e-10, 3.3270868625894477e-10, 2.1478795963452627e-10, 1.413984204640788e-10, 8.804506891814402e-11, 5.46269070525435e-11, 3.469463499743024e-11, 2.170097164030657e-11, 1.328982083004826e-11, 8.344559805689346e-12, 5.348178719936571e-12, 3.272016601084591e-12, 2.015538635177259e-12, 1.3081675422949744e-12, 8.012914978489614e-13, 4.793859254127366e-13, 2.4923264510124366e-13, 1.5241299684364846e-13, 8.773799085131897e-14, 5.338328523982526e-14, 3.1359371109066815e-14, 1.677837477471019e-14]
W_list: [7.6000000000000005]
L_list: [2.2012662356235895]
