R_list= [ 1  2  3  4  5  6  7  8  9 10 11 12 13 14 15 16 17 18 19 20 21 22 23 24
 25 26 27 28 29 30 31 32 33 34 35 36 37 38]
C_final_list= [8.190477982718741e-07, 5.934239370077957e-07, 4.3979873043911253e-07, 3.2942145491497534e-07, 2.46313644653216e-07, 1.840006137139784e-07, 1.375008584973677e-07, 1.0266473142158109e-07, 7.64401623886329e-08, 5.674062780095374e-08, 4.2038202541218366e-08, 3.09022728560253e-08, 2.2717325754701302e-08, 1.6727311608859936e-08, 1.232814035723276e-08, 9.098120851874296e-09, 6.678651810655253e-09, 4.871649097353182e-09, 3.5401084148555136e-09, 2.5740689935565373e-09, 1.87933058627853e-09, 1.3633741615954285e-09, 9.9162437278398e-10, 7.202437105043706e-10, 5.204671241326478e-10, 3.7729443453567e-10, 2.7302616751739026e-10, 1.9668072849855734e-10, 1.4159903727144962e-10, 1.0247934502597268e-10, 7.395568406096497e-11, 5.3463506000564754e-11, 3.879987411400732e-11, 2.7944447131367155e-11, 2.0069133732965964e-11, 1.4402829491599294e-11, 1.0374050055322498e-11, 7.46916250710478e-12]
W_list: [6]
L_list: [3.339230035858258]
