C_final_list: [1.3456738431540293e-06, 1.1579086057097e-06, 9.945204091780522e-07, 8.530942701144012e-07, 7.292601926156133e-07, 6.222463800824931e-07, 5.312196392900499e-07, 4.5320872233220366e-07, 3.8674786516147776e-07, 3.2971282712021207e-07, 2.8080865089701775e-07, 2.3924803635932604e-07, 2.0395456364406988e-07, 1.7416246105741216e-07, 1.4835571634684296e-07, 1.2644458940175809e-07, 1.0802405360076153e-07, 9.204774301528422e-08, 7.837395723210471e-08, 6.67166342680856e-08, 5.6852630619102516e-08, 4.852777577100331e-08, 4.139761736619924e-08, 3.522703378002344e-08, 2.992820261776951e-08, 2.539674045219339e-08, 2.1549299325614608e-08, 1.833071843880205e-08, 1.55812939011568e-08, 1.31963970069772e-08, 1.1196849531762372e-08, 9.509861041445533e-09, 8.070532141976762e-09, 6.838863427973226e-09, 5.7826311925992435e-09]
ndim2: 500
W_list: [4.2]
L_list: [6.378156691076986]
