R_list= [ 1  2  3  4  5  6  7  8  9 10 11 12 13 14 15 16 17 18 19 20 21 22 23 24
 25 26 27 28 29 30 31 32 33 34 35 36 37 38]
C_final_list= [8.62018828219417e-07, 7.859540345549628e-07, 7.143326806288913e-07, 6.487879958913129e-07, 5.893287725429753e-07, 5.340579569832803e-07, 4.840984616456246e-07, 4.390530602252132e-07, 3.985350174809708e-07, 3.6128303528288144e-07, 3.278099280861992e-07, 2.9703940901676796e-07, 2.690683306154472e-07, 2.4361954053074e-07, 2.2047002840853168e-07, 1.9946378766603541e-07, 1.8039275056608137e-07, 1.6305769626466665e-07, 1.4738152477302557e-07, 1.3328178107897258e-07, 1.2042016614107853e-07, 1.0883176744047468e-07, 9.832147588265149e-08, 8.886754553283464e-08, 8.014435342205333e-08, 7.231223336227925e-08, 6.513347375949793e-08, 5.866425719794322e-08, 5.2817411340719974e-08, 4.757631606750342e-08, 4.289591179721287e-08, 3.8684521665880216e-08, 3.4900149619224316e-08, 3.1495837625540354e-08, 2.8397329816989514e-08, 2.5579418705749335e-08, 2.3037794729131832e-08, 2.0734954009096312e-08]
W_list: [6]
L_list: [10.180795205067485]
