R_list= [ 1  2  3  4  5  6  7  8  9 10 11 12 13 14 15 16 17 18 19 20 21 22 23 24
 25 26 27 28 29 30 31 32 33 34 35 36 37 38]
C_final_list= [4.7092502201537274e-07, 4.175880244382654e-07, 3.6738359817995625e-07, 3.216471114254402e-07, 2.8151022029476264e-07, 2.4582390038493065e-07, 2.144463035976608e-07, 1.8691213916251664e-07, 1.6317596773976604e-07, 1.4227778615332711e-07, 1.241490325181809e-07, 1.0823207370872647e-07, 9.428856523556503e-08, 8.197678136201786e-08, 7.1299793599174e-08, 6.188337335817496e-08, 5.3582057941197856e-08, 4.631964667664201e-08, 4.0035649529446857e-08, 3.460069667347149e-08, 2.990338824174156e-08, 2.5867920802877978e-08, 2.2400525972672227e-08, 1.9375225504773332e-08, 1.6781824373458244e-08, 1.4510279189955427e-08, 1.253840461654207e-08, 1.0832437790853048e-08, 9.353557764099167e-09, 8.076938082219113e-09, 6.973305496531327e-09, 6.008240792935522e-09, 5.171097465023046e-09, 4.455434624042701e-09, 3.833862731487684e-09, 3.2920239306169224e-09, 2.822006329402795e-09, 2.4202650233315916e-09]
W_list: [7.8]
L_list: [7.400469320711631]
