C_final_list: [2.1456325405431787e-06, 2.1088565553044087e-06, 2.072188217654374e-06, 2.036607360104438e-06, 2.0020622087499545e-06, 1.9681757965610314e-06, 1.935077201491162e-06, 1.9025241032934576e-06, 1.8704474372464865e-06, 1.8384576150751176e-06, 1.8072684452924782e-06, 1.7765354787213017e-06, 1.7459621567124685e-06, 1.7159769875335448e-06, 1.686686492090315e-06, 1.6580644817054013e-06, 1.6295784758952935e-06, 1.6020968071807342e-06, 1.5748541355803062e-06, 1.5480306725868335e-06, 1.5216744939513394e-06, 1.495563179364077e-06, 1.4695163005976424e-06, 1.4438511565218328e-06, 1.4185358341066635e-06, 1.3934117570218385e-06, 1.3687750296401963e-06, 1.344864437390336e-06, 1.320840112233244e-06, 1.2973350161340519e-06, 1.2740609138229651e-06, 1.2510748373436943e-06, 1.228633702577943e-06, 1.2063697037650938e-06, 1.1846993698347323e-06, 1.1634646085787254e-06, 1.142641942763075e-06, 1.1221632077210091e-06, 1.1021585002383424e-06, 1.0825098487160863e-06, 1.0633105782518611e-06, 1.0442171953252288e-06, 1.0256441159219344e-06, 1.0072172320698998e-06, 9.89097782294133e-07, 9.71245534778783e-07, 9.536934368750917e-07, 9.363202844764338e-07, 9.191406645946604e-07, 9.024115810040393e-07]
ndim2: 500
W_list: [2.2]
L_list: [56.94250372204514]
