C_final_list: [1.59575225228217e-06, 1.5682698136341428e-06, 1.5410965326807907e-06, 1.5147016608477955e-06, 1.4891159353666653e-06, 1.4642708319009596e-06, 1.4399683348132366e-06, 1.4158780403145298e-06, 1.3923376752842945e-06, 1.3695517160347247e-06, 1.3472109569446701e-06, 1.3252358909866498e-06, 1.3035987243804422e-06, 1.282285111219532e-06, 1.261321689098532e-06, 1.240664051408278e-06, 1.2203168408209349e-06, 1.2000927126799298e-06, 1.1801667042569742e-06, 1.1604824051534563e-06, 1.141032011407914e-06, 1.12189550252824e-06, 1.1031139694919589e-06, 1.0846756657288355e-06, 1.0665720279493492e-06, 1.0487252569123578e-06, 1.0311193169405966e-06, 1.0138015975795763e-06, 9.966171894381688e-07, 9.79731685806726e-07, 9.630567087923735e-07, 9.466666972821056e-07, 9.304936578402858e-07, 9.144177381505337e-07, 8.987909179957854e-07, 8.832804002995025e-07, 8.680747230682433e-07, 8.531706647832597e-07, 8.383555900996584e-07, 8.239245764498797e-07, 8.097023009614069e-07, 7.957525257898988e-07, 7.820463866010293e-07, 7.685316593595486e-07, 7.553055656027748e-07, 7.424501638623755e-07, 7.296731135332272e-07, 7.17116501322972e-07, 7.047749821271117e-07, 6.924807221854906e-07]
ndim2: 500
W_list: [3.0999999999999996]
L_list: [59.10455512257145]
