C_final_list: [1.3497541623180117e-06, 1.290043551609316e-06, 1.2296570924627208e-06, 1.171502006239318e-06, 1.1165525277434593e-06, 1.064126128309993e-06, 1.0137923111321931e-06, 9.668732636698568e-07, 9.221150317973646e-07, 8.783208949280034e-07, 8.371443440798815e-07, 7.97868460894775e-07, 7.597362523827044e-07, 7.231108809683403e-07, 6.878351731770793e-07, 6.542184435460805e-07, 6.218540487132748e-07, 5.907388627799407e-07, 5.610529258293469e-07, 5.331541551978646e-07, 5.066896142646616e-07, 4.813949780242134e-07, 4.571998496789663e-07, 4.34217736035103e-07, 4.1229538648443783e-07, 3.9120488301989324e-07, 3.709365398288873e-07, 3.5180392362612247e-07, 3.337188610405753e-07, 3.163869891221822e-07, 3.0003140126924765e-07, 2.84214168007537e-07, 2.693912766461555e-07, 2.5511834356547787e-07, 2.4165196631914156e-07]
ndim2: 500
W_list: [2.2]
L_list: [20.153391062944916]
