R_list= [ 1  2  3  4  5  6  7  8  9 10 11 12 13 14 15 16 17 18 19 20 21 22 23 24
 25 26 27 28 29 30 31 32 33 34 35 36 37 38]
C_final_list= [2.685826083174954e-06, 2.10703972253768e-06, 1.635617719108974e-06, 1.265417317695673e-06, 9.776666821859682e-07, 7.531281141946917e-07, 5.798200456480792e-07, 4.4642010196325666e-07, 3.4337316200773216e-07, 2.6323688534579903e-07, 2.014316073599981e-07, 1.5381553431064773e-07, 1.1762979226247984e-07, 8.97962525372776e-08, 6.867262805410172e-08, 5.2603249636155513e-08, 4.029247748111593e-08, 3.065771276520488e-08, 2.335464830388753e-08, 1.778068966757127e-08, 1.3510929550252867e-08, 1.0253397648409717e-08, 7.78628400346791e-09, 5.932708647585268e-09, 4.516436688997494e-09, 3.4267135423006268e-09, 2.614508858283343e-09, 1.9949746002156067e-09, 1.516281533474482e-09, 1.1549422255462703e-09, 8.774211317895822e-10, 6.677654884682169e-10, 5.069103988018781e-10, 3.8596142419616337e-10, 2.9369823075838e-10, 2.2282936407187875e-10, 1.683252361670667e-10, 1.285481115517754e-10]
W_list: [8.8]
L_list: [3.90728633344084]
