R_list= [ 1  2  3  4  5  6  7  8  9 10 11 12 13 14 15 16 17 18 19 20 21 22 23 24
 25 26 27 28 29 30 31 32 33 34 35 36 37 38]
C_final_list= [3.88704115740495e-07, 3.4172704127842104e-07, 2.9736447389629356e-07, 2.5726234843483e-07, 2.2220510832438388e-07, 1.918173600977422e-07, 1.6540475658902754e-07, 1.4250111191209166e-07, 1.226686350069743e-07, 1.0561004798616657e-07, 9.086296041701445e-08, 7.819011727454336e-08, 6.716928774463261e-08, 5.767041073012597e-08, 4.948960429374938e-08, 4.240773979654067e-08, 3.63729292389172e-08, 3.124309776086247e-08, 2.6809934154354816e-08, 2.3001554079382803e-08, 1.9753132766258662e-08, 1.6924656584768926e-08, 1.450163223012244e-08, 1.2419451155572351e-08, 1.0643960748779008e-08, 9.128091805811857e-09, 7.828100125865027e-09, 6.713777304030125e-09, 5.75992527814844e-09, 4.932834228655118e-09, 4.232896655598627e-09, 3.6296735823495004e-09, 3.108201962938833e-09, 2.663902041290236e-09, 2.2799611459526487e-09, 1.9534628443677943e-09, 1.6757840492714597e-09, 1.4322912287262108e-09]
W_list: [7.4]
L_list: [6.82472568611663]
