R_list= [ 1  2  3  4  5  6  7  8  9 10 11 12 13 14 15 16 17 18 19 20 21 22 23 24
 25 26 27 28 29 30 31 32 33 34 35 36 37 38]
C_final_list= [3.390627299200311e-05, 2.1661453328472327e-05, 1.3752975209715576e-05, 8.73523510502147e-06, 5.524479545404801e-06, 3.4871759116443704e-06, 2.203388137615697e-06, 1.3922096650764121e-06, 8.754417140429172e-07, 5.52860539316393e-07, 3.4905119611587894e-07, 2.200015808609758e-07, 1.3877426331352562e-07, 8.835308852481995e-08, 5.633133870043913e-08, 3.617382605121644e-08, 2.3019008618328465e-08, 1.4591410432257855e-08, 9.292544658928742e-09, 5.887633202878989e-09, 3.760617501939423e-09, 2.3870100915176773e-09, 1.499876336890724e-09, 9.58154452607616e-10, 6.072466388589321e-10, 3.859353679767682e-10, 2.436816732650013e-10, 1.5113463112401926e-10, 9.387483614757917e-11, 5.91434317644642e-11, 3.7129332348515336e-11, 2.269782519639793e-11, 1.3906041194945553e-11, 8.62472644513751e-12, 5.216044910198485e-12, 3.1044257017705626e-12, 1.8520723616088906e-12, 1.11208111200005e-12]
W_list: [8.4]
L_list: [2.2081372606378715]
