R_list= [ 1  2  3  4  5  6  7  8  9 10 11 12 13 14 15 16 17 18 19 20 21 22 23 24
 25 26 27 28 29 30 31 32 33 34 35 36 37 38]
C_final_list= [3.2174271582124357e-07, 2.6470143886592915e-07, 2.1804580717229842e-07, 1.786167738400332e-07, 1.4584843139557998e-07, 1.1860284296543378e-07, 9.641661113319057e-08, 7.842501356109462e-08, 6.348716984162871e-08, 5.130061019385212e-08, 4.147678026797758e-08, 3.3577229580189663e-08, 2.7058075908408876e-08, 2.1835866671028777e-08, 1.760476379653047e-08, 1.4166518328596506e-08, 1.1413739162748543e-08, 9.198130394678778e-09, 7.418322816473323e-09, 5.96668710318523e-09, 4.7857298855902785e-09, 3.844021342017607e-09, 3.0911724518594604e-09, 2.483642255355262e-09, 1.990725690828138e-09, 1.5904492590161971e-09, 1.2675077777991825e-09, 1.0100783758450336e-09, 8.065065764167568e-10, 6.464014700268752e-10, 5.190104006963779e-10, 4.1735043376939574e-10, 3.3524269595292637e-10, 2.687196058717828e-10, 2.145646041041225e-10, 1.7177679902656107e-10, 1.3825348237439298e-10, 1.1187491555238549e-10]
W_list: [7]
L_list: [4.923069510727235]
