R_list= [ 1  2  3  4  5  6  7  8  9 10 11 12 13 14 15 16 17 18 19 20 21 22 23 24
 25 26 27 28 29 30 31 32 33 34 35 36 37 38]
C_final_list= [6.065869521451463e-07, 4.860648353837864e-07, 3.8353510655801613e-07, 3.0241477502864674e-07, 2.388704809119538e-07, 1.8844405234982389e-07, 1.486643165280823e-07, 1.1732683661648723e-07, 9.234512975270252e-08, 7.280742347240823e-08, 5.7099395902083456e-08, 4.475486184455566e-08, 3.503539823040729e-08, 2.743766356515033e-08, 2.1519114805945347e-08, 1.690604699555913e-08, 1.3263385735934653e-08, 1.0367748921979461e-08, 8.091404423884378e-09, 6.3101049459884944e-09, 4.904414817150305e-09, 3.824765883700646e-09, 2.971680000919064e-09, 2.320884647549176e-09, 1.8135194506418766e-09, 1.4191006773928619e-09, 1.1117720033442887e-09, 8.661852388351302e-10, 6.793648091018896e-10, 5.345440867564886e-10, 4.180017052646743e-10, 3.2652278516399763e-10, 2.560812445573874e-10, 1.9981759567376314e-10, 1.5545403581832846e-10, 1.2117105708839388e-10, 9.495511186223621e-11, 7.40747222857402e-11]
W_list: [8.2]
L_list: [4.250009239245851]
