R_list= [ 1  2  3  4  5  6  7  8  9 10 11 12 13 14 15 16 17 18 19 20 21 22 23 24
 25 26 27 28 29 30 31 32]
C_final_list= [3.591906049025435e-07, 2.6792058859227603e-07, 1.9787287142523113e-07, 1.4669297145867912e-07, 1.0874037364783986e-07, 8.029857140083457e-08, 5.9277255496642655e-08, 4.3670487125883297e-08, 3.2130489069596566e-08, 2.3626376741124977e-08, 1.7393206846681424e-08, 1.2775641502656374e-08, 9.3525729016588e-09, 6.8394546715978804e-09, 4.990186088925667e-09, 3.6364151604528004e-09, 2.6408492799840058e-09, 1.9182841031456125e-09, 1.3911606600914167e-09, 1.0108088568780455e-09, 7.332050265712967e-10, 5.294227882559384e-10, 3.789549306836704e-10, 2.7091410916563554e-10, 1.9412021681158505e-10, 1.402131132834823e-10, 1.0200924976158243e-10, 7.406520411747479e-11, 5.361770022596693e-11, 3.898050833742714e-11, 2.834196574495962e-11, 2.0893065240015457e-11]
W_list: [6]
L_list: [3.330169881633314]
