R_list= [ 1  2  3  4  5  6  7  8  9 10 11 12 13 14 15 16 17 18 19 20 21 22 23 24
 25 26 27 28 29 30 31 32 33 34 35 36 37 38]
C_final_list= [2.754646642003349e-07, 1.7873350392690163e-07, 9.972561139400362e-08, 5.0891034148005164e-08, 2.4597729406627854e-08, 1.1457530390548646e-08, 5.200226764696957e-09, 2.3182155154152292e-09, 1.0216451075035563e-09, 4.4739200132820123e-10, 1.955021360332169e-10, 8.532897893067973e-11, 3.704796791369532e-11, 1.589514888184146e-11, 6.717386292624575e-12, 2.8055979060184144e-12, 1.1606929127270979e-12, 4.765155179303549e-13, 1.9479768165233003e-13, 7.951066597748582e-14, 3.239632046941335e-14, 1.3139453802958126e-14, 5.2934403716826555e-15, 2.1165505094142222e-15, 8.411235413874655e-16, 3.3344427847036993e-16, 1.320124259959394e-16, 5.2389646816050675e-17, 2.0873915699150202e-17, 8.308138396943481e-18, 3.2947934806630425e-18, 1.2990018325663754e-18, 5.103384050799666e-19, 1.994512137629779e-19, 7.756963575585767e-20, 3.014484547589276e-20, 1.1721029525017729e-20, 4.5814382169876714e-21]
W_list: [4]
L_list: [1.8448661143461167]
