C_final_list: [1.7998035869491068e-06, 1.7433892332341764e-06, 1.6855259364206186e-06, 1.6306295765406576e-06, 1.5769451305501722e-06, 1.5252563334892514e-06, 1.4754487867203577e-06, 1.4269641382524853e-06, 1.379059395418822e-06, 1.333071595402698e-06, 1.2885087561101133e-06, 1.2449128240093594e-06, 1.2026974670058868e-06, 1.162087479181248e-06, 1.122774192682803e-06, 1.0844795777439377e-06, 1.0474793973771993e-06, 1.0121165273027011e-06, 9.775714312016497e-07, 9.44319497431632e-07, 9.116786260500402e-07, 8.803542308639235e-07, 8.501120052374166e-07, 8.206304245163232e-07, 7.923356089330573e-07, 7.646800141503204e-07, 7.380774976700566e-07, 7.125479606709173e-07, 6.879504187265088e-07, 6.639743996582976e-07, 6.404984068899663e-07, 6.181156999988213e-07, 5.961384081848805e-07, 5.751774634719284e-07, 5.547437727171956e-07, 5.351113290047793e-07, 5.161473091772875e-07, 4.978630542220057e-07, 4.800515989283467e-07, 4.628602536098716e-07, 4.461764045816197e-07, 4.302736349318404e-07, 4.1502774900817796e-07, 4.0008811144420606e-07, 3.857410989257662e-07, 3.718155778241347e-07, 3.5847677232523467e-07, 3.456148761393288e-07, 3.3324544903359984e-07, 3.214812312732334e-07]
ndim2: 500
W_list: [3.0999999999999996]
L_list: [28.760814961219165]
