C_final_list: [1.6684561895576848e-06, 1.340593559636659e-06, 1.070125193761848e-06, 8.607675897411204e-07, 6.925572919142748e-07, 5.556303587966185e-07, 4.468598067017534e-07, 3.58595479647132e-07, 2.8820231846216197e-07, 2.3176782316889568e-07, 1.864160581610868e-07, 1.480941685836176e-07, 1.1827487205090621e-07, 9.493351523900497e-08, 7.58319742343107e-08, 6.074453964379378e-08, 4.8676329010791075e-08, 3.904056674378663e-08, 3.121444653848594e-08, 2.5021638910762768e-08, 1.983676894312817e-08, 1.569104293990669e-08, 1.236713455161026e-08, 9.744887810312751e-09, 7.699600216629514e-09, 6.096315356001871e-09, 4.86207826220749e-09, 3.847297039122681e-09, 3.0700307098984417e-09, 2.4439849536620493e-09, 1.933998390212103e-09, 1.5422493398890458e-09, 1.216407443987376e-09, 9.698930762815958e-10, 7.671825780337393e-10, 6.010386601300582e-10, 4.737946364954607e-10, 3.712656473628055e-10, 2.889195606755382e-10, 2.2402652680694545e-10, 1.7297427698481568e-10, 1.3323369144351835e-10, 1.0304480812788796e-10, 7.822465110724355e-11, 5.885134921423928e-11, 4.49529319873458e-11, 3.4503151556501965e-11, 2.633180596607493e-11, 2.037506106006194e-11, 1.612365604076506e-11]
ndim2: 500
W_list: [4.0]
L_list: [4.546110406726649]
