R_list= [ 1  2  3  4  5  6  7  8  9 10 11 12 13 14 15 16 17 18 19 20 21 22 23 24
 25 26 27 28 29 30 31 32 33 34 35 36 37 38]
C_final_list= [2.0003074973731187e-05, 1.6114429047280954e-05, 1.2858500359240555e-05, 1.0228235159619483e-05, 8.12663380650727e-06, 6.4428117298867165e-06, 5.109446397222471e-06, 4.045785130677504e-06, 3.198399539031995e-06, 2.528428499448373e-06, 1.996893180527466e-06, 1.5758164052649103e-06, 1.2426357859906962e-06, 9.795603600890648e-07, 7.716092113552259e-07, 6.085890144619638e-07, 4.796560929472235e-07, 3.782509255947553e-07, 2.9834006250755874e-07, 2.3535257968320707e-07, 1.8568938784647342e-07, 1.4617937349567715e-07, 1.154083295975256e-07, 9.116823034215233e-08, 7.21049356631196e-08, 5.721120978656023e-08, 4.531963085084427e-08, 3.5856731195321534e-08, 2.8317844133582515e-08, 2.231773680071557e-08, 1.7515795371482856e-08, 1.3758464524046292e-08, 1.0815402695290044e-08, 8.507463629193447e-09, 6.709598728287618e-09, 5.27922867676709e-09, 4.166330656385898e-09, 3.2936820483330743e-09]
W_list: [8.4]
L_list: [4.373300382820988]
