R_list= [ 1  2  3  4  5  6  7  8  9 10 11 12 13 14 15 16 17 18 19 20 21 22 23 24
 25 26 27 28 29 30 31 32 33 34 35 36 37 38]
C_final_list= [2.1062066312090353e-05, 1.7075316187077055e-05, 1.3725542024348092e-05, 1.1002552614302785e-05, 8.800857205155559e-06, 7.029459740040027e-06, 5.608865800391476e-06, 4.472121081247506e-06, 3.5588700801357783e-06, 2.8312207420633307e-06, 2.251506418073048e-06, 1.7914689841582233e-06, 1.4264069910970222e-06, 1.1354160606070806e-06, 9.041505076847199e-07, 7.202647309916133e-07, 5.73582303948887e-07, 4.561614677280363e-07, 3.6271828855898276e-07, 2.887593182081447e-07, 2.2960250674417242e-07, 1.8235708957886335e-07, 1.4493763789135313e-07, 1.1525392014063223e-07, 9.14395868608998e-08, 7.245007859157825e-08, 5.755877402606212e-08, 4.568813023232667e-08, 3.633047167763078e-08, 2.887170602555569e-08, 2.2948078912334737e-08, 1.8309031480161192e-08, 1.4634084820677755e-08, 1.1638019747915788e-08, 9.236692178577493e-09, 7.34451433382496e-09, 5.8263608964986185e-09, 4.613042062886907e-09]
W_list: [8.3]
L_list: [4.509077217863493]
