R_list= [ 1  2  3  4  5  6  7  8  9 10 11 12 13 14 15 16 17 18 19 20 21 22 23 24
 25 26 27 28 29 30 31 32 33 34 35 36 37 38]
C_final_list= [5.938680198556327e-07, 5.446184140801334e-07, 4.970239323332394e-07, 4.5284413089496593e-07, 4.127680180544735e-07, 3.756882479220634e-07, 3.4166051251736847e-07, 3.106931819679219e-07, 2.8231520827885837e-07, 2.56704223516323e-07, 2.3322700788391776e-07, 2.1172494755750784e-07, 1.923876485484322e-07, 1.749696500454393e-07, 1.5918866384499385e-07, 1.447049923349988e-07, 1.3144105438152003e-07, 1.1935489768133998e-07, 1.0844433299374571e-07, 9.850369374958681e-08, 8.94855951991834e-08, 8.129423411198869e-08, 7.375474473448299e-08, 6.692260690340416e-08, 6.070257956492338e-08, 5.506973344489858e-08, 4.990658050032172e-08, 4.5170567297770944e-08, 4.093453948030686e-08, 3.710995728638946e-08, 3.3596694678815627e-08, 3.0408287127530126e-08, 2.753212684986476e-08, 2.4946897739166367e-08, 2.25908682396728e-08, 2.0463185441295886e-08, 1.85107983837378e-08, 1.675450753554349e-08]
W_list: [6.4]
L_list: [10.552599690563781]
