C_final_list: [2.069063555195775e-06, 1.955234329949116e-06, 1.8445745084482415e-06, 1.7410733896038441e-06, 1.6417693956955012e-06, 1.5498527458978642e-06, 1.4629734081214964e-06, 1.3821612927043236e-06, 1.305471420017772e-06, 1.2326501623906608e-06, 1.1651147068532687e-06, 1.1004512943285912e-06, 1.0380544885387146e-06, 9.784822540923385e-07, 9.221493815011047e-07, 8.693011893137518e-07, 8.19246444083797e-07, 7.725761977348187e-07, 7.286749087054772e-07, 6.874537864317855e-07, 6.484712528835042e-07, 6.114673154983942e-07, 5.763620649911995e-07, 5.43051742307309e-07, 5.111738356878039e-07, 4.812658379043233e-07, 4.524912967781125e-07, 4.2566342431078533e-07, 4.001471194343665e-07, 3.7637530465823e-07, 3.5427431899577617e-07, 3.335930689458606e-07, 3.1420402223376603e-07, 2.958393788397645e-07, 2.787459962343887e-07, 2.62466788114455e-07, 2.472893620587451e-07, 2.3305954955754718e-07, 2.1957678626810604e-07, 2.067484372684528e-07, 1.945683062779605e-07, 1.8318679284254616e-07, 1.7235017825955722e-07, 1.6199282217229339e-07, 1.5228045413685775e-07, 1.4297840154626483e-07, 1.3420333418998263e-07, 1.2590553550610719e-07, 1.1799295072546786e-07, 1.105850691014476e-07]
ndim2: 500
W_list: [2.9]
L_list: [17.074880306306646]
