R_list= [ 1  2  3  4  5  6  7  8  9 10 11 12 13 14 15 16 17 18 19 20 21 22 23 24
 25 26 27 28 29 30 31 32 33 34 35 36 37 38]
C_final_list= [2.0737228891725203e-06, 1.9965594831313157e-06, 1.937852988273658e-06, 1.8769965689988795e-06, 1.8208308155647464e-06, 1.7666747309965592e-06, 1.7127426966941295e-06, 1.661166037713382e-06, 1.6110673443595895e-06, 1.5616837870572524e-06, 1.514149643801995e-06, 1.4675990867461905e-06, 1.4224985097866043e-06, 1.378722945337201e-06, 1.3362968171161524e-06, 1.2950486294640497e-06, 1.2549151365324607e-06, 1.2159281190666195e-06, 1.17820480406155e-06, 1.1418077855088377e-06, 1.1062407608709582e-06, 1.0717883189055867e-06, 1.037987071536299e-06, 1.0050803355161207e-06, 9.730988232170426e-07, 9.41898214608596e-07, 9.117084702871411e-07, 8.825376991310572e-07, 8.544373600936521e-07, 8.273190776039298e-07, 8.011613555975254e-07, 7.759333532119611e-07, 7.515888790589759e-07, 7.278426758817844e-07, 7.048736791516181e-07, 6.826927679849811e-07, 6.611821243125174e-07, 6.402306597658915e-07]
W_list: [4]
L_list: [31.747466074461652]
