R_list= [ 1  2  3  4  5  6  7  8  9 10 11 12 13 14 15 16 17 18 19 20 21 22 23 24
 25 26 27 28 29 30 31 32 33 34 35 36 37 38]
C_final_list= [1.5751125824649442e-07, 1.3679494743551075e-07, 1.171766383123114e-07, 9.964849051119886e-08, 8.446765667981895e-08, 7.159331759653573e-08, 6.065488491396156e-08, 5.127358320763766e-08, 4.328112292567919e-08, 3.651371275131233e-08, 3.070250435237352e-08, 2.5783551235875234e-08, 2.1587294340512407e-08, 1.8053019278381784e-08, 1.5079948920198677e-08, 1.2600384864401254e-08, 1.0518066354469772e-08, 8.779519836761772e-09, 7.331440108684921e-09, 6.1248532029895e-09, 5.11425696160651e-09, 4.2616085281654e-09, 3.546304274174401e-09, 2.9409972913382523e-09, 2.435670602491677e-09, 2.0214768541885425e-09, 1.6791939032904983e-09, 1.3954076717625014e-09, 1.1593435681902095e-09, 9.617864236694797e-10, 7.963482441658312e-10, 6.605279215482665e-10, 5.468145917087988e-10, 4.527391795426468e-10, 3.745661905122202e-10, 3.0966859868504266e-10, 2.561724712558312e-10, 2.1196459913845415e-10]
W_list: [8.8]
L_list: [6.074039635303701]
