C_final_list: [1.5329407944052874e-06, 1.5045145578699366e-06, 1.4759599673779964e-06, 1.447909337097215e-06, 1.4204996844609298e-06, 1.39358825176125e-06, 1.3673544850998002e-06, 1.3418342385276241e-06, 1.3165251237865112e-06, 1.2914784445841448e-06, 1.267309529664426e-06, 1.2432033694470056e-06, 1.2199886327453255e-06, 1.1973029711713351e-06, 1.1750328796702277e-06, 1.1530497960538777e-06, 1.1316333558296828e-06, 1.1103449510088645e-06, 1.0894338587467494e-06, 1.0688687471323697e-06, 1.048574587802371e-06, 1.0285614312574952e-06, 1.0090688379745687e-06, 9.898891077839313e-07, 9.709896288877267e-07, 9.523106274097426e-07, 9.340992606137961e-07, 9.159318960305647e-07, 8.98333339802334e-07, 8.80908380078302e-07, 8.639502477767962e-07, 8.472462264238985e-07, 8.308852982080413e-07, 8.147617392323908e-07, 7.990666188811631e-07, 7.835761645800155e-07, 7.683506771771975e-07, 7.532954667440949e-07, 7.385684365129325e-07, 7.241754177790284e-07, 7.099403875472517e-07, 6.960047422002667e-07, 6.820908237643457e-07, 6.685313100331409e-07, 6.553306293636961e-07, 6.423927790852822e-07, 6.2977951898348e-07, 6.174549858590531e-07, 6.054450238034406e-07, 5.935694060553506e-07]
ndim2: 500
W_list: [3.1999999999999997]
L_list: [51.9414687953145]
