C_final_list: [1.7662543585113014e-06, 1.6331751728121047e-06, 1.5061510011881422e-06, 1.3911668987124268e-06, 1.2827190593946017e-06, 1.184092077000133e-06, 1.0925496302716741e-06, 1.0063007390301953e-06, 9.270928912797679e-07, 8.548233944813561e-07, 7.882098251727897e-07, 7.266947978880801e-07, 6.69767235062375e-07, 6.175080154094471e-07, 5.697969158750982e-07, 5.256009778115475e-07, 4.853199008408394e-07, 4.4816308611067357e-07, 4.135074867942748e-07, 3.8144441715744827e-07, 3.5218636241869163e-07, 3.248465762487628e-07, 2.997696097846897e-07, 2.7638179146928085e-07, 2.5486334380731446e-07, 2.3462138451418347e-07, 2.1633220983279392e-07, 1.991138752010976e-07, 1.832395990106093e-07, 1.6867823101591465e-07, 1.550886233539966e-07, 1.426624950184404e-07, 1.3115912437735433e-07, 1.2052340540689394e-07, 1.1083415369609995e-07, 1.0182928817705003e-07, 9.354963361732148e-08, 8.58118102561523e-08, 7.868862644161318e-08, 7.208403100181418e-08, 6.602383229811938e-08, 6.0459897363096e-08, 5.5359699234873555e-08, 5.070596681898361e-08, 4.653075768737177e-08, 4.264326735016192e-08, 3.913126024330504e-08, 3.58909369225453e-08, 3.2912408832574685e-08, 3.0187191891561974e-08]
ndim2: 500
W_list: [3.3499999999999996]
L_list: [12.342243017427517]
