R_list= [ 1  2  3  4  5  6  7  8  9 10 11 12 13 14 15 16 17 18 19 20 21 22 23 24
 25 26 27 28 29 30 31 32 33 34 35 36 37 38]
C_final_list= [1.506419242325286e-06, 1.3186861809626716e-06, 1.1809565128451832e-06, 1.0557587982177526e-06, 9.428849780471979e-07, 8.431835440673693e-07, 7.53029715872443e-07, 6.728403284272361e-07, 5.999960348139686e-07, 5.345542282901874e-07, 4.7657533911197487e-07, 4.2549852102291015e-07, 3.7849756251169933e-07, 3.364902205409818e-07, 2.988288389769698e-07, 2.6484803736543147e-07, 2.3492509332353597e-07, 2.0825272528208417e-07, 1.8454601394192243e-07, 1.6350494916484215e-07, 1.449459866384777e-07, 1.2877265681433706e-07, 1.1432431127424076e-07, 1.0154438128912188e-07, 9.014571844082824e-08, 7.976887958368759e-08, 7.049272558048899e-08, 6.23232509315805e-08, 5.509608949259277e-08, 4.8759939453476093e-08, 4.318189542076727e-08, 3.8216393352688226e-08, 3.3854747665252646e-08, 2.995736132817598e-08, 2.6467608716469886e-08, 2.3383470009343507e-08, 2.0641770984530667e-08, 1.8205358185604746e-08]
W_list: [5]
L_list: [8.663473627454993]
