C_final_list: [9.683982149365703e-07, 9.303763558762385e-07, 8.918024337103966e-07, 8.542876622753803e-07, 8.174533520091098e-07, 7.818142021366513e-07, 7.473415634255348e-07, 7.140156816153419e-07, 6.821806189450746e-07, 6.516010851352464e-07, 6.22443997030158e-07, 5.945384022787206e-07, 5.676900087647266e-07, 5.420015316220788e-07, 5.17799824299446e-07, 4.94413952075459e-07, 4.721680392069812e-07, 4.507260142000884e-07, 4.299956179107806e-07, 4.1013107304847565e-07, 3.9121687109290444e-07, 3.731379338143665e-07, 3.558513224431003e-07, 3.393822157337765e-07, 3.235394425193045e-07, 3.084113651075512e-07, 2.941332250815397e-07, 2.805817544444939e-07, 2.677078345316868e-07, 2.554809670793832e-07, 2.4393680853074207e-07, 2.328494773047469e-07, 2.2210004625200767e-07, 2.118862153670435e-07, 2.0218824980457435e-07]
ndim2: 500
W_list: [3.8]
L_list: [21.769403473598874]
