C_final_list: [1.958697445547058e-06, 1.71052647910434e-06, 1.4852045544732201e-06, 1.2919737775531146e-06, 1.1237103165508186e-06, 9.781481430848927e-07, 8.494631355983532e-07, 7.382494974340019e-07, 6.409511217802354e-07, 5.55775426318954e-07, 4.832737248204922e-07, 4.1992251947403505e-07, 3.644122305909883e-07, 3.160714864666777e-07, 2.7412575647686826e-07, 2.376074485309618e-07, 2.0580231451279992e-07, 1.7855740363282772e-07, 1.5512684690518015e-07, 1.344016950588234e-07, 1.163045271576408e-07, 1.004565489572796e-07, 8.695686118446456e-08, 7.490569936829919e-08, 6.47892495414651e-08, 5.578448098431423e-08, 4.804792378741863e-08, 4.1336158141997494e-08, 3.566127819937496e-08, 3.083924023638851e-08, 2.6678705103216793e-08, 2.3009464405143284e-08, 1.9739926708543063e-08, 1.697512897573691e-08, 1.4555730052379738e-08]
ndim2: 500
W_list: [3.0]
L_list: [7.11979298580875]
