R_list= [ 1  2  3  4  5  6  7  8  9 10 11 12 13 14 15 16 17 18 19 20 21 22 23 24
 25 26 27 28 29 30 31 32 33 34 35 36 37 38]
C_final_list= [2.0143344256882682e-06, 1.9382093922174555e-06, 1.8799213496933694e-06, 1.8194460010597472e-06, 1.7641758934352139e-06, 1.7110356902864808e-06, 1.658939193454544e-06, 1.6087268619898614e-06, 1.5610320606166957e-06, 1.5149853012413053e-06, 1.4702708418019066e-06, 1.4268152836808761e-06, 1.3849310349641698e-06, 1.343263114584208e-06, 1.3028623878755901e-06, 1.2639007583406316e-06, 1.2260885988773842e-06, 1.1893029811647535e-06, 1.1534205334957145e-06, 1.118622468937391e-06, 1.0844469426359794e-06, 1.0509153848369756e-06, 1.0181341237240474e-06, 9.86438960763484e-07, 9.557548044206721e-07, 9.259240909506772e-07, 8.97145187447567e-07, 8.690079694301396e-07, 8.418981838681434e-07, 8.157289285620998e-07, 7.902017765933353e-07, 7.656668299696616e-07, 7.420046265753952e-07, 7.190551727169209e-07, 6.96653431967414e-07, 6.747291122233253e-07, 6.535421218699787e-07, 6.33247883756931e-07]
W_list: [4]
L_list: [32.36776324760406]
