R_list= [ 1  2  3  4  5  6  7  8  9 10 11 12 13 14 15 16 17 18 19 20 21 22 23 24
 25 26 27 28 29 30 31 32 33 34 35 36 37 38]
C_final_list= [4.499730826895261e-07, 1.9529632212665205e-07, 6.918078091319714e-08, 2.2363116597194723e-08, 6.900496122909814e-09, 2.078752298970201e-09, 6.169477423155222e-10, 1.825550847707116e-10, 5.4934065555001296e-11, 1.7017266524050685e-11, 5.357603040923572e-12, 1.726877248773703e-12, 5.335664571579063e-13, 1.5174067103802272e-13, 4.037137775554644e-14, 1.0480395663010422e-14, 2.7139984020051206e-15, 7.168816624622649e-16, 1.9490534835132446e-16, 5.479749331374176e-17, 1.7127876144839684e-17, 6.3995552360062424e-18, 2.5348902702818766e-18, 8.816552907216688e-19, 2.4060708724916435e-19, 5.709475230946839e-20, 1.3180220149871534e-20, 3.3632756462485403e-21, 1.0780439874059017e-21, 4.1788723122497797e-22, 1.624527648058956e-22, 5.215628221194905e-23, 1.4958597362275162e-23, 5.055335600442341e-24, 2.1425812678793426e-24, 1.1072744699696798e-24, 7.088551844855763e-25, 5.691582189898583e-25]
W_list: [6]
L_list: [1.113204664666373]
