R_list= [ 1  2  3  4  5  6  7  8  9 10 11 12 13 14 15 16 17 18 19 20 21 22 23 24
 25 26 27 28 29 30 31 32 33 34 35 36 37 38]
C_final_list= [2.2607641217414814e-06, 1.715873212713657e-06, 1.2819162650007636e-06, 9.563336338720477e-07, 7.111610510783585e-07, 5.278759803894863e-07, 3.92353647749828e-07, 2.9199585110701717e-07, 2.167385150139536e-07, 1.6103405348360752e-07, 1.1921241528985888e-07, 8.830506041697686e-08, 6.527771276335431e-08, 4.82518694655538e-08, 3.5657612452986725e-08, 2.6354645866196634e-08, 1.9465097553396307e-08, 1.4412451577944824e-08, 1.0627133696607743e-08, 7.812236778467473e-09, 5.740486658123599e-09, 4.211727246143011e-09, 3.094664391971172e-09, 2.2695353721494733e-09, 1.6637000698756614e-09, 1.2206885516923239e-09, 8.945505825701568e-10, 6.499161477156068e-10, 4.729646747586309e-10, 3.4257331964785266e-10, 2.501315353121497e-10, 1.8111042254814016e-10, 1.2979945741949172e-10, 9.377056985858519e-11, 6.700800808090039e-11, 4.876475062898061e-11, 3.5509177668223924e-11, 2.6017673371959875e-11]
W_list: [9.2]
L_list: [3.4366595492747636]
