R_list= [ 1  2  3  4  5  6  7  8  9 10 11 12 13 14 15 16 17 18 19 20 21 22 23 24
 25 26 27 28 29 30 31 32 33 34 35 36 37 38]
C_final_list= [8.959081369787169e-07, 5.333940649481783e-07, 3.1683958986728647e-07, 1.8858351229758652e-07, 1.1066847917359904e-07, 6.561933528757135e-08, 3.876133521145416e-08, 2.271030105326771e-08, 1.3348322595173686e-08, 7.717741410382593e-09, 4.477874571253109e-09, 2.6048853040092785e-09, 1.4965718045784115e-09, 8.478082310235317e-10, 4.796643133430559e-10, 2.780552001140928e-10, 1.5932724515134726e-10, 9.620147017683092e-11, 5.705021773635143e-11, 3.327091214104384e-11, 1.944660119408236e-11, 1.1498840682733059e-11, 6.739342113481966e-12, 3.882236886370017e-12, 2.263210706336394e-12, 1.3266827001607064e-12, 7.961413068219274e-13, 4.745899091238319e-13, 2.904453829760073e-13, 1.5831447048270404e-13, 7.56287486031193e-14, 4.034559014138011e-14, 2.1926611117060533e-14, 1.2149854908975407e-14, 6.768596209651324e-15, 3.944954616615832e-15, 2.0672215398515464e-15, 1.2436639332466291e-15]
W_list: [8.600000000000001]
L_list: [1.9203006991105682]
