C_final_list: [1.916843394664684e-06, 1.8110493389876967e-06, 1.7083310667743603e-06, 1.6125578492513444e-06, 1.5187636073055989e-06, 1.4294066816968112e-06, 1.3457773020809767e-06, 1.2674983548099974e-06, 1.1930625343865684e-06, 1.1236003802597545e-06, 1.056641288373913e-06, 9.940869203928663e-07, 9.347393882526773e-07, 8.792277642701733e-07, 8.271055935077278e-07, 7.784153605701078e-07, 7.324778084977028e-07, 6.89180975355049e-07, 6.489014339706956e-07, 6.111494157481608e-07, 5.753641158679833e-07, 5.408607328079191e-07, 5.084476859340219e-07, 4.783103342643679e-07, 4.4993616487154563e-07, 4.233509601640297e-07, 3.9836741049621177e-07, 3.74733759937283e-07, 3.5256873467038973e-07, 3.3138072136383375e-07, 3.115985649368844e-07, 2.929633691503521e-07, 2.754538350013826e-07, 2.585809794002522e-07, 2.4275427198783916e-07]
ndim2: 500
W_list: [2.8]
L_list: [16.526559476538743]
