C_final_list: [1.0734847608650065e-06, 9.980889292253838e-07, 9.253415841838904e-07, 8.568168044925508e-07, 7.929746050443788e-07, 7.328297061777163e-07, 6.766792082474379e-07, 6.241447040779663e-07, 5.766285214944412e-07, 5.319652803033022e-07, 4.908480168514358e-07, 4.5253121329485963e-07, 4.169262170598795e-07, 3.8454194797075285e-07, 3.5475719886629176e-07, 3.266659818128822e-07, 3.009125817682543e-07, 2.769273840257735e-07, 2.5503761263702066e-07, 2.34943431568086e-07, 2.1631942135041847e-07, 1.9920908686094783e-07, 1.8334888421157248e-07, 1.6852811420081052e-07, 1.550932652288449e-07, 1.4290678768198304e-07, 1.3148185895757138e-07, 1.2106651609532567e-07, 1.112438499765023e-07, 1.0225575667606544e-07, 9.403184879703768e-08, 8.644785472258116e-08, 7.952357316236374e-08, 7.309792048589979e-08, 6.716722244000648e-08]
ndim2: 500
W_list: [2.8]
L_list: [12.46132233846235]
