R_list= [ 1  2  3  4  5  6  7  8  9 10 11 12 13 14 15 16 17 18 19 20 21 22 23 24
 25 26 27 28 29 30 31 32]
C_final_list= [8.855336399128542e-08, 3.8062754242636475e-08, 1.3312555062598731e-08, 4.217827537729394e-09, 1.273457323721431e-09, 3.738758720093526e-10, 1.0736055075013587e-10, 3.070558524937557e-11, 9.058568886608196e-12, 2.7752095334882475e-12, 8.783977664900366e-13, 2.9827310829785603e-13, 8.400350493127267e-14, 2.2268643172730338e-14, 6.360898820183845e-15, 1.7738304338438023e-15, 4.707319138696548e-16, 1.2652191990514276e-16, 3.227601976438822e-17, 7.621240181332681e-18, 1.759948076040627e-18, 4.351397796525584e-19, 1.2716056165921446e-19, 4.345853850155255e-20, 1.2411715035295476e-20, 2.723808855251922e-21, 5.705135946913341e-22, 1.3699643325028087e-22, 3.5876944650171445e-23, 8.80575489501088e-24, 2.1072804597710192e-24, 5.8616533409665895e-25]
W_list: [6]
L_list: [1.1014458513208918]
