C_final_list: [1.0972834253184234e-06, 1.0620139585034143e-06, 1.0267156173743924e-06, 9.923637524123344e-07, 9.587179711661158e-07, 9.257711914431768e-07, 8.93644272927401e-07, 8.622535030971165e-07, 8.319383999638328e-07, 8.025407218593403e-07, 7.739957019470658e-07, 7.46563814558061e-07, 7.201344839125275e-07, 6.946813071564571e-07, 6.698430139911833e-07, 6.458699772293811e-07, 6.230199856521997e-07, 6.009583238009494e-07, 5.794042155952816e-07, 5.585085992664704e-07, 5.382993269850067e-07, 5.188229747832015e-07, 4.998402551006836e-07, 4.81590797270362e-07, 4.6370418065148017e-07, 4.4636479770827113e-07, 4.297077308344163e-07, 4.136587072958397e-07, 3.981794288900081e-07, 3.833698335697933e-07, 3.6899108609095185e-07, 3.5516867693619035e-07, 3.418113042947853e-07, 3.2902224105971523e-07, 3.166146280438937e-07]
ndim2: 500
W_list: [3.6]
L_list: [27.57519806921424]
