R_list= [ 1  2  3  4  5  6  7  8  9 10 11 12 13 14 15 16 17 18 19 20 21 22 23 24
 25 26 27 28 29 30 31 32 33 34 35 36 37 38]
C_final_list= [6.213757388849282e-07, 5.150058427547851e-07, 4.246622015556758e-07, 3.48207516274938e-07, 2.8584690079040706e-07, 2.3391138365557007e-07, 1.909991606026302e-07, 1.5600725804225997e-07, 1.274394557819383e-07, 1.0416412316693099e-07, 8.508513898044837e-08, 6.937380168169968e-08, 5.64386636275676e-08, 4.597567694000571e-08, 3.7372838479380574e-08, 3.031341592456756e-08, 2.4575171526181454e-08, 1.9914550543838446e-08, 1.610740997379827e-08, 1.3005076857123534e-08, 1.0482039518684708e-08, 8.459504198645067e-09, 6.845382764883962e-09, 5.534265843532507e-09, 4.4646451791112196e-09, 3.6033260425592244e-09, 2.909276100496531e-09, 2.351857201348321e-09, 1.898236799621469e-09, 1.526905345871407e-09, 1.233243148460971e-09, 9.990834828324718e-10, 8.102299685351851e-10, 6.599297297233653e-10, 5.348070311526687e-10, 4.3229199118684095e-10, 3.485915072117168e-10, 2.8255257548423646e-10]
W_list: [7]
L_list: [5.041963680975708]
