R_list= [ 1  2  3  4  5  6  7  8  9 10 11 12 13 14 15 16 17 18 19 20 21 22 23 24
 25 26 27 28 29 30 31 32 33 34 35 36 37 38]
C_final_list= [7.919093246105998e-08, 3.747901497890789e-08, 1.4101894894174009e-08, 4.691118455130069e-09, 1.4535266201698567e-09, 4.3428902290755747e-10, 1.2702256076532448e-10, 3.6687245493804515e-11, 1.052507139685818e-11, 3.0039618019800396e-12, 8.60084221076409e-13, 2.444338833387413e-13, 6.934816541620839e-14, 2.0180831474895228e-14, 6.241333000946198e-15, 2.046188427975164e-15, 7.123747334603506e-16, 2.452355495657696e-16, 7.508437188322577e-17, 2.206175964798822e-17, 7.604694429715923e-18, 3.779969635627017e-18, 2.0437399709458525e-18, 8.7890183001998e-19, 2.9191213716397315e-19, 8.392991338330019e-20, 2.147452873221449e-20, 5.833528420885511e-21, 2.30888586559308e-21, 1.340736562452025e-21, 9.85145901736459e-22, 8.298426188770292e-22, 7.567128827277145e-22, 7.230126353891115e-22, 7.066536662100251e-22, 6.947376611248078e-22, 6.876761251975425e-22, 6.89156126316182e-22]
W_list: [5]
L_list: [1.2028668413287464]
