R_list= [ 1  2  3  4  5  6  7  8  9 10 11 12 13 14 15 16 17 18 19 20 21 22 23 24
 25 26 27 28 29 30 31 32 33 34 35 36 37 38]
C_final_list= [3.0879071794977445e-07, 2.595777703358653e-07, 2.1567723611743354e-07, 1.7804738566524395e-07, 1.4677141875674693e-07, 1.2087386398747602e-07, 9.943293998393664e-08, 8.161839725770224e-08, 6.694765685066436e-08, 5.48554003843966e-08, 4.4988379908003845e-08, 3.683585931373451e-08, 3.019155257589663e-08, 2.469921329740872e-08, 2.016029628586026e-08, 1.6450564818573166e-08, 1.3429866444818959e-08, 1.0952634382410663e-08, 8.934358925506188e-09, 7.28414953377472e-09, 5.9257609488416265e-09, 4.804549388937372e-09, 3.886426871201305e-09, 3.1439516521600426e-09, 2.540133710041139e-09, 2.0551640673607027e-09, 1.6612928704261659e-09, 1.3422632591785876e-09, 1.0855366364500294e-09, 8.746873764765698e-10, 7.046177707221983e-10, 5.67866970910231e-10, 4.559665063148384e-10, 3.6652742968124683e-10, 2.963243454364815e-10, 2.3951086849833247e-10, 1.9409128546186008e-10, 1.5770854162759358e-10]
W_list: [8.8]
L_list: [5.211567591908541]
