C_final_list: [6.203429686734111e-07, 5.824236418134111e-07, 5.445415211859818e-07, 5.085027378056289e-07, 4.7399494143216045e-07, 4.4087851573257304e-07, 4.097234187900982e-07, 3.8070635146833264e-07, 3.5340726173297144e-07, 3.280643560943807e-07, 3.043483493209168e-07, 2.8213321236044286e-07, 2.6138894504757945e-07, 2.419230503493314e-07, 2.2376744589589565e-07, 2.0699239188521745e-07, 1.9123231509780004e-07, 1.766349099660138e-07, 1.63151424102166e-07, 1.5063948202227176e-07, 1.3895230529924314e-07, 1.2810720630464287e-07, 1.180442936022509e-07, 1.0885794114991132e-07, 1.0039538656030734e-07, 9.258611549036164e-08, 8.535798277506346e-08, 7.866117557788062e-08, 7.257542250732409e-08, 6.695703282504583e-08, 6.17436272839516e-08, 5.696053299404427e-08, 5.2535286068689785e-08, 4.84498108961527e-08, 4.472213334484651e-08]
ndim2: 500
W_list: [4.0]
L_list: [13.29969733293635]
