C_final_list: [1.8374868996139682e-06, 1.7864496318506802e-06, 1.73551717238624e-06, 1.6861787515832228e-06, 1.6382314648473608e-06, 1.5918956863572037e-06, 1.5473120015807582e-06, 1.5039593336130487e-06, 1.4612753721294539e-06, 1.420020674449767e-06, 1.380602211260604e-06, 1.3417292908608476e-06, 1.3039212620289935e-06, 1.2673652533857587e-06, 1.2314371055420293e-06, 1.1965167796637681e-06, 1.1629336610284708e-06, 1.1304826008307968e-06, 1.0982605822652658e-06, 1.0668356280979642e-06, 1.0365572626492755e-06, 1.0070909183751254e-06, 9.783812459373934e-07, 9.504309490881244e-07, 9.230032669620628e-07, 8.962268963688416e-07, 8.703005484395987e-07, 8.453031030407041e-07, 8.209464866419957e-07, 7.972338442867863e-07, 7.741781472412961e-07, 7.519811803484974e-07, 7.302395497662423e-07, 7.091886539777153e-07, 6.890055031318409e-07]
ndim2: 500
W_list: [2.8]
L_list: [34.773760731696854]
