C_final_list: [1.5514162531464796e-06, 1.3822064213272749e-06, 1.2273997819357984e-06, 1.090632033922352e-06, 9.684093536106284e-07, 8.599427950692017e-07, 7.648875535352804e-07, 6.79652156228068e-07, 6.038862890812746e-07, 5.36301663943688e-07, 4.7500492365540167e-07, 4.204027717871921e-07, 3.719938116932706e-07, 3.2907383736559876e-07, 2.9092839375760005e-07, 2.572467155327727e-07, 2.2709408112754107e-07, 2.0058199688784697e-07, 1.7690372969561242e-07, 1.5596624157883795e-07, 1.378135850716444e-07, 1.2182612463946437e-07, 1.0752981755783869e-07, 9.498611302430999e-08, 8.3834951421709e-08, 7.376436624878024e-08, 6.498720796972437e-08, 5.726765037367122e-08, 5.041454467745408e-08, 4.437237421224046e-08, 3.902043416098247e-08, 3.427561765826944e-08, 3.0146512194171234e-08, 2.6380111542091724e-08, 2.3161305397990513e-08]
ndim2: 500
W_list: [3.8]
L_list: [8.348836725154287]
