R_list= [ 1  2  3  4  5  6  7  8  9 10 11 12 13 14 15 16 17 18 19 20 21 22 23 24
 25 26 27 28 29 30 31 32 33 34 35 36 37 38]
C_final_list= [3.717164272035488e-05, 2.4573619409140386e-05, 1.618201304486112e-05, 1.063628190030318e-05, 6.970355386447008e-06, 4.554982475294799e-06, 2.974268080700002e-06, 1.940667413721085e-06, 1.2651575612509906e-06, 8.2374762687607e-07, 5.345386547701474e-07, 3.4753609482707745e-07, 2.2589992000703104e-07, 1.4743947524068598e-07, 9.61819855675854e-08, 6.249942150868932e-08, 4.0783283839317664e-08, 2.671163229931863e-08, 1.752887795504417e-08, 1.1535044094354469e-08, 7.55024092880252e-09, 4.965991844888421e-09, 3.2536544438180616e-09, 2.108773295215555e-09, 1.3639808752113243e-09, 8.82209198911508e-10, 5.753240521906084e-10, 3.697416841217896e-10, 2.3558764232441975e-10, 1.5075412574559123e-10, 9.633999715029473e-11, 6.197121165858919e-11, 4.0319336552916706e-11, 2.6307767866890156e-11, 1.767518960243922e-11, 1.1650036833929419e-11, 7.490291567067466e-12, 4.709045794580907e-12]
W_list: [8.05]
L_list: [2.3904987835831317]
