R_list= [ 1  2  3  4  5  6  7  8  9 10 11 12 13 14 15 16 17 18 19 20 21 22 23 24
 25 26 27 28 29 30 31 32 33 34 35 36 37 38]
C_final_list= [2.024971927503529e-06, 1.984344848982618e-06, 1.946918317185564e-06, 1.9099896349324162e-06, 1.8746343028916692e-06, 1.8398441127785161e-06, 1.8065819593652557e-06, 1.7735441432298932e-06, 1.741276788975883e-06, 1.709523377404466e-06, 1.678142686891378e-06, 1.64759074452208e-06, 1.6173003423950756e-06, 1.5876494398303508e-06, 1.558308979702741e-06, 1.5296295607225223e-06, 1.50165419129289e-06, 1.4741440629954485e-06, 1.4474411840726036e-06, 1.421366190984395e-06, 1.3960208476071504e-06, 1.371211902562111e-06, 1.3465928962625432e-06, 1.3225830150109294e-06, 1.298751702659926e-06, 1.2752257148922567e-06, 1.252346821510465e-06, 1.229969311053179e-06, 1.2080791046041587e-06, 1.1864786164942574e-06, 1.1652170829464109e-06, 1.1443419762956022e-06, 1.1238248885209399e-06, 1.1035850321826811e-06, 1.0835546998221037e-06, 1.0640039236138588e-06, 1.0447140940854858e-06, 1.0257432705782368e-06]
W_list: [4]
L_list: [54.52104548263461]
