C_final_list: [2.2634499133009545e-06, 2.1874552663324473e-06, 2.1086339000576272e-06, 2.0331788338937104e-06, 1.9603990216124608e-06, 1.891447686875764e-06, 1.8253752655389655e-06, 1.761654220540144e-06, 1.698877711913327e-06, 1.6388281927781017e-06, 1.5807590784984562e-06, 1.5245884812511857e-06, 1.4695697917476593e-06, 1.41670383248806e-06, 1.3654359766147108e-06, 1.3165489445508697e-06, 1.2695663781792475e-06, 1.2243165152797345e-06, 1.1803041023826266e-06, 1.137756322157258e-06, 1.0962128737007408e-06, 1.0564619356783595e-06, 1.0176573558946862e-06, 9.810032794124946e-07, 9.452397947709328e-07, 9.110306306657058e-07, 8.785883062330537e-07, 8.472344684673654e-07, 8.165973605862628e-07, 7.867315680620943e-07, 7.577933050580009e-07, 7.299275388683936e-07, 7.031886482245315e-07, 6.776925496935714e-07, 6.532426650532705e-07, 6.297735812989688e-07, 6.070187263194509e-07, 5.853736172494055e-07, 5.639243980067318e-07, 5.43476134686525e-07, 5.233104256194686e-07, 5.039409319026416e-07, 4.851086056455471e-07, 4.6692917611027203e-07, 4.491350777642111e-07, 4.321084656724031e-07, 4.1572521006581787e-07, 3.9979518511306293e-07, 3.8450153972146365e-07, 3.69645906917921e-07]
ndim2: 500
W_list: [2.0]
L_list: [27.303459013346117]
