C_final_list: [2.0896690003272875e-06, 1.8656713016234643e-06, 1.654911552481197e-06, 1.4710914852495184e-06, 1.3067064052459965e-06, 1.160647350091883e-06, 1.0318271157485309e-06, 9.149950511746271e-07, 8.106261627986191e-07, 7.172319894270002e-07, 6.357450184158905e-07, 5.62547352964112e-07, 4.98690915290685e-07, 4.4203446191895656e-07, 3.908179930998935e-07, 3.457282051713854e-07, 3.064574766653921e-07, 2.715328862529482e-07, 2.406535895096958e-07, 2.1339152933320852e-07, 1.8936158605571712e-07, 1.6760059227708679e-07, 1.4830957610456482e-07, 1.3158931511704172e-07, 1.1640159450311254e-07, 1.0323250901952398e-07, 9.134464107540323e-08, 8.076091520564774e-08, 7.135640139638665e-08, 6.306913213542225e-08, 5.5867143102710146e-08, 4.925594146436648e-08, 4.3699552454196785e-08, 3.8795341822847275e-08, 3.42991385385115e-08, 3.0405563509027796e-08, 2.695346015809522e-08, 2.3843938232664077e-08, 2.111694194851193e-08, 1.8673874463006723e-08, 1.6479576645534883e-08, 1.4513121278861416e-08, 1.2812095651137007e-08, 1.1280466744595926e-08, 9.968561446255499e-09, 8.78849997237858e-09, 7.760899476740547e-09, 6.871090775747932e-09, 6.085884853196787e-09, 5.375241391395798e-09]
ndim2: 500
W_list: [2.8]
L_list: [8.352819870844993]
