R_list= [ 1  2  3  4  5  6  7  8  9 10 11 12 13 14 15 16 17 18 19 20 21 22 23 24
 25 26 27 28 29 30 31 32 33 34 35 36 37 38]
C_final_list= [3.32818070494294e-05, 2.558002972512842e-05, 1.9525767136577868e-05, 1.4874464760471562e-05, 1.1332317858513659e-05, 8.641771706960776e-06, 6.576325785083324e-06, 5.003156269443118e-06, 3.8145081612063782e-06, 2.9037576846776017e-06, 2.2108363455384907e-06, 1.6819896327120295e-06, 1.280293794169193e-06, 9.752535012286955e-07, 7.425316720682736e-07, 5.667257375905478e-07, 4.320793504320261e-07, 3.2965330659980935e-07, 2.517561159009597e-07, 1.9213246449792504e-07, 1.466403487382761e-07, 1.1162445034684305e-07, 8.49336323313614e-08, 6.4728302220942e-08, 4.938528010498704e-08, 3.764399982888937e-08, 2.8644703180638988e-08, 2.172796540057434e-08, 1.6390413462687187e-08, 1.2412865404098204e-08, 9.412776278735186e-09, 7.152284796336278e-09, 5.4296993593487405e-09, 4.141852700274051e-09, 3.1563882916385076e-09, 2.391551241887438e-09, 1.8138173936868718e-09, 1.3726985883799301e-09]
W_list: [7.95]
L_list: [3.701590953676918]
