R_list= [ 1  2  3  4  5  6  7  8  9 10 11 12 13 14 15 16 17 18 19 20 21 22 23 24
 25 26 27 28 29 30 31 32 33 34 35 36 37 38]
C_final_list= [8.018054707883297e-07, 5.768249991507568e-07, 4.232061202849926e-07, 3.144911006930206e-07, 2.3465024958330734e-07, 1.7544743703102903e-07, 1.31054227928599e-07, 9.767712557104457e-08, 7.286588159111762e-08, 5.435909363700186e-08, 4.036971890850826e-08, 2.979249286384599e-08, 2.2047461699934612e-08, 1.6333730138318365e-08, 1.2002837931739957e-08, 8.733576762705465e-09, 6.365901263245832e-09, 4.658446380488427e-09, 3.4190998880000932e-09, 2.4880720763159847e-09, 1.8173802661975293e-09, 1.3397088385369097e-09, 9.935546854238666e-10, 7.441944928571263e-10, 5.499819101675897e-10, 4.01702891119616e-10, 2.9285131450127207e-10, 2.1429625440738035e-10, 1.565699032395764e-10, 1.1399019628358195e-10, 8.297679269090641e-11, 6.103945062332273e-11, 4.4467242443039804e-11, 3.255354974192476e-11, 2.437908658214984e-11, 1.836651425543744e-11, 1.3863431209083015e-11, 1.0178327449411045e-11]
W_list: [6]
L_list: [3.2795179567400052]
