R_list= [ 1  2  3  4  5  6  7  8  9 10 11 12 13 14 15 16 17 18 19 20 21 22 23 24
 25 26 27 28 29 30 31 32 33 34 35 36 37 38]
C_final_list= [3.7984615274954e-07, 3.5421794901964553e-07, 3.2823522218144606e-07, 3.0349283496144336e-07, 2.7993551492563166e-07, 2.5773588486312374e-07, 2.3699976523537874e-07, 2.1788689853086416e-07, 2.00290815347544e-07, 1.841658435877514e-07, 1.6926911698131843e-07, 1.55527413668662e-07, 1.4285235019608158e-07, 1.3125389719421408e-07, 1.2054922117474143e-07, 1.1072167674019124e-07, 1.0173551273690544e-07, 9.348091941844571e-08, 8.58454935310413e-08, 7.87859519970716e-08, 7.230266644590334e-08, 6.632952253135732e-08, 6.0843615830603e-08, 5.578714892993161e-08, 5.113723657874907e-08, 4.6868588031245545e-08, 4.2947389066704436e-08, 3.9366629202753524e-08, 3.6043950780473574e-08, 3.2999023483661035e-08, 3.019810149632244e-08, 2.7643907401917722e-08, 2.530974800830919e-08, 2.3169418265508653e-08, 2.122085609353461e-08, 1.9432886756507336e-08, 1.7804370871659058e-08, 1.6306862054333925e-08]
W_list: [6.800000000000001]
L_list: [11.988937593682143]
