R_list= [ 1  2  3  4  5  6  7  8  9 10 11 12 13 14 15 16 17 18 19 20 21 22 23 24
 25 26 27 28 29 30 31 32 33 34 35 36 37 38]
C_final_list= [6.902665790856538e-08, 3.0293583251408546e-08, 1.1541935539407602e-08, 4.191439662075385e-09, 1.4968520515833412e-09, 5.257417527519586e-10, 1.814960987209561e-10, 6.1282536417688e-11, 2.0225345978940265e-11, 6.619988755033481e-12, 2.186219335222994e-12, 7.125069011912401e-13, 2.2727461211636633e-13, 7.519660363533652e-14, 2.4089769142239894e-14, 7.462966182230073e-15, 2.36105429356612e-15, 7.114724097963253e-16, 2.0696371681210448e-16, 6.007192537041964e-17, 1.6743311599872455e-17, 4.583546038078768e-18, 1.3625851046883562e-18, 4.021522062520106e-19, 1.1144237432934103e-19, 2.947945743163145e-20, 7.919280960081951e-21, 2.1559746489567264e-21, 5.963613969196373e-22, 1.7260863619246239e-22, 4.7653418075705534e-23, 1.3011968781370835e-23, 3.768686362694664e-24, 1.4281213721923318e-24, 6.2027102968558e-25, 2.675036702024556e-25, 6.854325945531032e-26, 1.94942247064903e-26]
W_list: [7]
L_list: [1.1487403317066214]
