R_list= [ 1  2  3  4  5  6  7  8  9 10 11 12 13 14 15 16 17 18 19 20 21 22 23 24
 25 26 27 28 29 30 31 32 33 34 35 36 37 38]
C_final_list= [8.438645774435127e-07, 7.702772658850929e-07, 7.009878221691152e-07, 6.38640377375086e-07, 5.819398677426342e-07, 5.305474140522879e-07, 4.833883999805156e-07, 4.4004869856070004e-07, 4.0017354587124434e-07, 3.641145958034015e-07, 3.3086142138584575e-07, 3.0040798511445996e-07, 2.7294177355585037e-07, 2.4817041525393296e-07, 2.25676263454022e-07, 2.050665072949908e-07, 1.8614075680350587e-07, 1.6882276803061572e-07, 1.5321937732202812e-07, 1.3882049809780364e-07, 1.2578717199208638e-07, 1.1372907797369949e-07, 1.0275534819195838e-07, 9.28038954990232e-08, 8.378219401041562e-08, 7.563133561471973e-08, 6.826500197339319e-08, 6.163854191143898e-08, 5.571176784763204e-08, 5.032501434500985e-08, 4.543205445825366e-08, 4.098114345163883e-08, 3.693583768488981e-08, 3.329986743812515e-08, 2.9986416302239284e-08, 2.703331157358627e-08, 2.438509493385249e-08, 2.1974558232829516e-08]
W_list: [6]
L_list: [10.509378203000091]
