C_list:
1.3561744102282453e-06 0.016943965296653762
ndim2: 500
W_list: [1.7999999999999998]
L_list: [59.018062330279236]
