R_list= [ 1  2  3  4  5  6  7  8  9 10 11 12 13 14 15 16 17 18 19 20 21 22 23 24
 25 26 27 28 29 30 31 32 33 34 35 36 37 38]
C_final_list= [2.918635012235056e-07, 2.670444944095233e-07, 2.422650136476773e-07, 2.1870835595632592e-07, 1.9686096709758623e-07, 1.7666020183307896e-07, 1.5864466794838535e-07, 1.4227723154269805e-07, 1.2761167050832706e-07, 1.1446021022637355e-07, 1.0255344619793319e-07, 9.183184302686857e-08, 8.217247641183219e-08, 7.35563609237904e-08, 6.58514866165123e-08, 5.8891858257488794e-08, 5.2705505466330713e-08, 4.71536400319342e-08, 4.220279662718437e-08, 3.772698508705975e-08, 3.373229160321233e-08, 3.013648075017194e-08, 2.69195710335293e-08, 2.4042680729052335e-08, 2.147011267682093e-08, 1.914569298496646e-08, 1.7053441390182953e-08, 1.5173439205715405e-08, 1.3482130805101244e-08, 1.1968244933724895e-08, 1.0622987999909936e-08, 9.429755464596043e-09, 8.373737564522874e-09, 7.4357302183591715e-09, 6.60472151763951e-09, 5.879859481054684e-09, 5.244957239633873e-09, 4.6836937760962785e-09]
W_list: [7.4]
L_list: [9.30968393494829]
