C_final_list: [1.105296100865797e-06, 1.0352970256714735e-06, 9.658520653023465e-07, 9.016877375667584e-07, 8.410049062720527e-07, 7.855501112600547e-07, 7.33364007310473e-07, 6.846708579908537e-07, 6.397756137265181e-07, 5.975708699384723e-07, 5.57791243008697e-07, 5.202251706478255e-07, 4.852816274293339e-07, 4.531152834861777e-07, 4.2256467005631964e-07, 3.944011587485125e-07, 3.6813550876786387e-07, 3.4336495782719703e-07, 3.2034287821140003e-07, 2.9842628804676203e-07, 2.7807091255653635e-07, 2.5913121440354775e-07, 2.412952486291066e-07, 2.2451239207155516e-07, 2.0891356619048066e-07, 1.9425767651503604e-07, 1.8069746655128477e-07, 1.6792505805079542e-07, 1.560894522848781e-07, 1.4513297123379015e-07, 1.3506453489592425e-07, 1.2555878256791245e-07, 1.1667076988216416e-07, 1.0827445089638143e-07, 1.0056385566784726e-07]
ndim2: 500
W_list: [2.6]
L_list: [14.41837315233387]
