C_final_list: [9.840980759065702e-07, 9.05687436505102e-07, 8.277198647952085e-07, 7.546665012236021e-07, 6.881416142316694e-07, 6.273393342897797e-07, 5.715199640807885e-07, 5.199805583152169e-07, 4.732620346683825e-07, 4.309410001198555e-07, 3.922118371607894e-07, 3.567297241659405e-07, 3.2468919108173165e-07, 2.9561904203038367e-07, 2.690561038431604e-07, 2.452442881829717e-07, 2.2349737237585838e-07, 2.036780155889374e-07, 1.8544759764560248e-07, 1.6887057062305955e-07, 1.538530988789218e-07, 1.4009385105699666e-07, 1.2766950042153202e-07, 1.1640551271955124e-07, 1.060565735567162e-07, 9.636816917791074e-08, 8.743699017510664e-08, 7.942532730026959e-08, 7.203935698260958e-08, 6.536034731981767e-08, 5.93099199201028e-08, 5.380647926385258e-08, 4.880925666909939e-08, 4.421431972247666e-08, 4.0058016701909574e-08]
ndim2: 500
W_list: [3.0]
L_list: [10.744495297772097]
