C_final_list: [1.945942402069642e-06, 1.7027415843424132e-06, 1.4860706149599676e-06, 1.297194541010959e-06, 1.1322034808042407e-06, 9.878976923423085e-07, 8.620329909878406e-07, 7.529681902578555e-07, 6.564127280045511e-07, 5.739012726643568e-07, 5.009626251100973e-07, 4.370841366573366e-07, 3.7992625986661785e-07, 3.2940416709579694e-07, 2.862817686236902e-07, 2.488115348676697e-07, 2.1590349426800185e-07, 1.8718928115580574e-07, 1.6206657413699004e-07, 1.4083770967541548e-07, 1.2228580593627064e-07, 1.0591946983687978e-07, 9.150886038107063e-08, 7.893543951660008e-08, 6.806940013773216e-08, 5.8811090386379226e-08, 5.0930635952241395e-08, 4.4181805481439246e-08, 3.812368684659326e-08, 3.284886450771183e-08, 2.8181177595005844e-08, 2.42914988986977e-08, 2.087494458812004e-08, 1.8018167509796252e-08, 1.557008488541468e-08, 1.3441958004107695e-08, 1.1572250322295009e-08, 9.94728017457026e-09, 8.537384364420094e-09, 7.357020492038603e-09, 6.3510029194440865e-09, 5.481043464633634e-09, 4.7201793223346776e-09, 4.088474189242462e-09, 3.5389583507462805e-09, 3.059876559850472e-09, 2.643806523740228e-09, 2.2855396902147187e-09, 1.9712024133110094e-09, 1.691420866896105e-09]
ndim2: 500
W_list: [3.0999999999999996]
L_list: [7.303937597579677]
