C_final_list: [2.0645841436557215e-06, 1.8438196983210866e-06, 1.6422416879353874e-06, 1.4580338938303156e-06, 1.294375541699339e-06, 1.1482433576256915e-06, 1.0159945492304424e-06, 8.987304243408181e-07, 7.968855157783245e-07, 7.058518821938665e-07, 6.251834284406353e-07, 5.541186107597876e-07, 4.897855559136163e-07, 4.330930702800588e-07, 3.8245752478640256e-07, 3.379157982720674e-07, 2.989907249011415e-07, 2.648579685701636e-07, 2.337623906394506e-07, 2.0673916242005636e-07, 1.8341149013103317e-07, 1.6193041015296142e-07, 1.4270122480494911e-07, 1.2565466520720165e-07, 1.1057246561219996e-07, 9.747551468185145e-08, 8.587684049065405e-08, 7.561086936179206e-08, 6.665547481683185e-08, 5.8623039742711315e-08, 5.166821227869585e-08, 4.556484682922232e-08, 4.016504626270256e-08, 3.533961937245546e-08, 3.096171014541429e-08, 2.7139173848038638e-08, 2.382807035816747e-08, 2.0913204750618617e-08, 1.8335567521896985e-08, 1.6065530857835683e-08, 1.408343980148245e-08, 1.2344422399921617e-08, 1.0835216613779134e-08, 9.513926678582686e-09, 8.368117970697652e-09, 7.345924116684416e-09, 6.465215429629437e-09, 5.670682519382571e-09, 4.9780461647763316e-09, 4.37508277724037e-09]
ndim2: 500
W_list: [2.8499999999999996]
L_list: [8.28809087362353]
