C_list:
4.233117801089109e-07 0.12569560154791198
ndim2: 500
W_list: [4.0]
L_list: [7.955727867047323]
