R_list= [ 1  2  3  4  5  6  7  8  9 10 11 12 13 14 15 16 17 18 19 20 21 22 23 24
 25 26 27 28 29 30 31 32 33 34 35 36 37 38]
C_final_list= [4.825388003846916e-07, 4.15787716167639e-07, 3.5389922180081273e-07, 2.997686274674146e-07, 2.534020335400922e-07, 2.1386358275043022e-07, 1.8026177424827283e-07, 1.5182498039238227e-07, 1.277936398418385e-07, 1.0737526456472777e-07, 9.022713915859839e-08, 7.571109954701234e-08, 6.343270130114553e-08, 5.319133937057522e-08, 4.4557417459289015e-08, 3.727364934364615e-08, 3.115488676183015e-08, 2.604878770258083e-08, 2.1769618317970672e-08, 1.8197750362390872e-08, 1.52090726915228e-08, 1.2681617285640776e-08, 1.059336351861048e-08, 8.866871733019667e-09, 7.3999854935822e-09, 6.165815289444478e-09, 5.130162271495474e-09, 4.266370742687123e-09, 3.5526515469720212e-09, 2.959613943398438e-09, 2.4620867310796004e-09, 2.044092497473184e-09, 1.6984664453417991e-09, 1.4126807397593803e-09, 1.1714823581120243e-09, 9.70828048606945e-10, 8.060085141820502e-10, 6.685181022295474e-10]
W_list: [8.6]
L_list: [5.948341683546852]
