C_final_list: [1.8423095818558212e-06, 1.7896759051231318e-06, 1.7375812053760136e-06, 1.6876622652435662e-06, 1.6391736970692546e-06, 1.5924620511010482e-06, 1.5467545150827888e-06, 1.5018840862755085e-06, 1.4586481025562193e-06, 1.4167595090278662e-06, 1.375582801723547e-06, 1.336012933527866e-06, 1.2974462835829549e-06, 1.2599011432568545e-06, 1.2236808048049668e-06, 1.1888935289276262e-06, 1.1554322325703636e-06, 1.1228011361312649e-06, 1.09068977353506e-06, 1.05961087991426e-06, 1.0291372960347665e-06, 9.994408924011264e-07, 9.70929355289039e-07, 9.430316204155795e-07, 9.160612551060944e-07, 8.897642940702704e-07, 8.640427651239774e-07, 8.39241101797705e-07, 8.153724419751449e-07, 7.920467439396512e-07, 7.692456237401538e-07, 7.468943694366436e-07, 7.253892879637895e-07, 7.043878409128254e-07, 6.837764916554822e-07, 6.63644337855617e-07, 6.442024210286119e-07, 6.252648421983599e-07, 6.066226228827913e-07, 5.8867503596036e-07, 5.709194426322005e-07, 5.537717558003549e-07, 5.371324010648985e-07, 5.209920623755498e-07, 5.050858727780149e-07, 4.897824976201848e-07, 4.747566690969426e-07, 4.60213230730298e-07, 4.460256461489764e-07, 4.324420503787086e-07]
ndim2: 500
W_list: [2.9499999999999997]
L_list: [34.173440494289494]
