R_list= [ 1  2  3  4  5  6  7  8  9 10 11 12 13 14 15 16 17 18 19 20 21 22 23 24
 25 26 27 28 29 30 31 32 33 34 35 36 37 38]
C_final_list= [1.5764108215170446e-07, 6.208269248115976e-08, 1.9155508277825286e-08, 5.206340328562086e-09, 1.3283860254290834e-09, 3.265919673266654e-10, 7.872539014970007e-11, 1.8962884737760636e-11, 4.529160843244394e-12, 1.0877821495488944e-12, 2.7788786289656077e-13, 7.958697849508251e-14, 2.0224168189598927e-14, 4.339223897399358e-15, 9.150869226167418e-16, 2.0654626649554578e-16, 5.063125021594789e-17, 1.2682793090947036e-17, 2.951315042020189e-18, 6.713297692716833e-19, 1.529303608470268e-19, 3.5484020268471506e-20, 8.684824693073875e-21, 2.3133368639475752e-21, 7.264712411940501e-22, 2.8421458197740286e-22, 1.3424801970031292e-22, 7.497557475302106e-23, 4.971692016774265e-23, 3.726691818203832e-23, 3.115287314454295e-23, 2.7567803720869777e-23, 2.5895494089492376e-23, 2.5731560000897327e-23, 2.6460910422946782e-23, 2.783309394133417e-23, 2.841624159210387e-23, 2.8251796198690097e-23]
W_list: [6]
L_list: [1.0060372520821572]
