R_list= [ 1  2  3  4  5  6  7  8  9 10 11 12 13 14 15 16 17 18 19 20 21 22 23 24
 25 26 27 28 29 30 31 32 33 34 35 36 37 38]
C_final_list= [5.73793405069985e-07, 4.4331937686784935e-07, 3.46898583000073e-07, 2.707677710213637e-07, 2.1088786595746957e-07, 1.639658704448423e-07, 1.2764983499618654e-07, 9.920561948070696e-08, 7.693422664778027e-08, 5.96262833527226e-08, 4.607974926488041e-08, 3.560832527535547e-08, 2.7313010389979687e-08, 2.0961595555789313e-08, 1.6190692719210068e-08, 1.2489654429448404e-08, 9.641680232552734e-09, 7.439618449804228e-09, 5.723166892487741e-09, 4.372529430488956e-09, 3.336303554249597e-09, 2.554266461738353e-09, 1.9419487633545066e-09, 1.4783863276780944e-09, 1.1295361918297032e-09, 8.520874078205325e-10, 6.483609891622969e-10, 4.932815465645289e-10, 3.766584347607595e-10, 2.8571810808955046e-10, 2.1359800062572685e-10, 1.5835304428397868e-10, 1.1860094746566124e-10, 8.877280094333763e-11, 6.631533968580162e-11, 4.9649104712297676e-11, 3.729817281298668e-11, 2.7942448203801196e-11]
W_list: [7]
L_list: [3.9834832426120075]
