R_list= [ 1  2  3  4  5  6  7  8  9 10 11 12 13 14 15 16 17 18 19 20 21 22 23 24
 25 26 27 28 29 30 31 32 33 34 35 36 37 38]
C_final_list= [2.4756449907165378e-06, 2.1887559611346676e-06, 1.9163510933736325e-06, 1.6699288582814258e-06, 1.4526032258264666e-06, 1.262093002048526e-06, 1.0952925069640796e-06, 9.498155965022047e-07, 8.231591642813722e-07, 7.132914564331265e-07, 6.175988371771709e-07, 5.345561962387471e-07, 4.626689490765858e-07, 3.9998171764487323e-07, 3.456031628642796e-07, 2.9847878882991617e-07, 2.576413707251701e-07, 2.2227549635888222e-07, 1.917515950114058e-07, 1.6531200919141764e-07, 1.42428933941822e-07, 1.2267246688611044e-07, 1.0552802525083577e-07, 9.07119897022866e-08, 7.800803896841214e-08, 6.708997711315371e-08, 5.778112388916384e-08, 4.9715688353965374e-08, 4.278530141551685e-08, 3.6844912509506565e-08, 3.1730270667528806e-08, 2.7322275161581934e-08, 2.3537073789764726e-08, 2.0297980424040345e-08, 1.7513507163569317e-08, 1.5117734266597507e-08, 1.303304068856571e-08, 1.1221715024430963e-08]
W_list: [8.15]
L_list: [7.127417881896263]
