C_final_list: [1.6372720733366397e-06, 1.608188045260911e-06, 1.578966375878818e-06, 1.5501454264632241e-06, 1.5220106886857301e-06, 1.494585576215405e-06, 1.4678171931901593e-06, 1.4413272701906643e-06, 1.4152989762580817e-06, 1.389674393287775e-06, 1.3648191839968302e-06, 1.340190886739089e-06, 1.3159383815914077e-06, 1.292125963636955e-06, 1.268971277126037e-06, 1.2460604530567387e-06, 1.2235787533837023e-06, 1.2015844490323705e-06, 1.18021760695629e-06, 1.1592344845862802e-06, 1.1386254907286875e-06, 1.1184178844047954e-06, 1.0985523984987468e-06, 1.0790895452297713e-06, 1.059844944756184e-06, 1.0409041512516886e-06, 1.022183677414089e-06, 1.0036460348128293e-06, 9.854548871167413e-07, 9.67559179738912e-07, 9.50012252920688e-07, 9.326517679750507e-07, 9.156020982162084e-07, 8.98946193232127e-07, 8.825252864674593e-07, 8.663356236795504e-07, 8.505215064643662e-07, 8.347812767319303e-07, 8.19299272963266e-07, 8.038033209588311e-07, 7.887029949443258e-07, 7.737565915571199e-07, 7.590848098657396e-07, 7.447686087992324e-07, 7.30546490317063e-07, 7.168001736395972e-07, 7.032370611830687e-07, 6.89935167773709e-07, 6.767638181093539e-07, 6.637444445138772e-07]
ndim2: 500
W_list: [3.15]
L_list: [54.743245308585465]
