C_final_list: [1.6297552123945526e-06, 1.5688138051883375e-06, 1.5090109506086988e-06, 1.4516309100819508e-06, 1.3974276816966987e-06, 1.3452518324828795e-06, 1.294682783505387e-06, 1.2459454137392032e-06, 1.198972200255223e-06, 1.1539032392178023e-06, 1.1108760754299151e-06, 1.0689469803586496e-06, 1.0284434436298098e-06, 9.9007853798607e-07, 9.525479152782306e-07, 9.162652126037604e-07, 8.808802910851348e-07, 8.473158339432505e-07, 8.153767066405381e-07, 7.846142384921023e-07, 7.554097695228933e-07, 7.272596870479757e-07, 6.998120203598944e-07, 6.731885788089832e-07, 6.476158556314817e-07, 6.22836755239276e-07, 5.98906985177595e-07, 5.76038875451935e-07, 5.536847804081091e-07, 5.32155774379755e-07, 5.114135216333792e-07, 4.914365141884918e-07, 4.7174441555755053e-07, 4.5271075320708056e-07, 4.3442696788211283e-07, 4.1688481554494665e-07, 3.999117520622508e-07, 3.8341142805656953e-07, 3.677263369199498e-07, 3.526223394219411e-07, 3.3824314791409596e-07, 3.243724291988006e-07, 3.109804611558652e-07, 2.984257297296956e-07, 2.862166963615456e-07, 2.7455556856587985e-07, 2.632053364169386e-07, 2.5230799646264987e-07, 2.419542391848608e-07, 2.3198859278488492e-07]
ndim2: 500
W_list: [3.25]
L_list: [25.652175649213248]
