R_list= [ 1  2  3  4  5  6  7  8  9 10 11 12 13 14 15 16 17 18 19 20 21 22 23 24
 25 26 27 28 29 30 31 32 33 34 35 36 37 38]
C_final_list= [5.574428430496391e-07, 4.4831069823281417e-07, 3.578890610955451e-07, 2.854100472707961e-07, 2.2706522709641935e-07, 1.8127112617238644e-07, 1.4507931217458142e-07, 1.1541092025814114e-07, 9.155467704219694e-08, 7.241790131138368e-08, 5.7182885052317125e-08, 4.511319534120564e-08, 3.561151448539116e-08, 2.810668497108094e-08, 2.220204864944186e-08, 1.7447830953925465e-08, 1.369307960013504e-08, 1.078674047186465e-08, 8.456947120698275e-09, 6.6453275374578536e-09, 5.206980228272723e-09, 4.0677265279644e-09, 3.1605191301955896e-09, 2.4605360441523544e-09, 1.9090116029828454e-09, 1.4712099649324558e-09, 1.1373799626429553e-09, 8.80878371062799e-10, 6.826832092364468e-10, 5.293825878648402e-10, 4.1044251849027383e-10, 3.1733744758935444e-10, 2.464495193773262e-10, 1.9209827264265727e-10, 1.4853077317058235e-10, 1.1556119651101893e-10, 8.958141119493828e-11, 6.959510807029481e-11]
W_list: [7.6000000000000005]
L_list: [4.418146188518771]
