C_list:
1.1208129949265493e-06 0.09596122272018145
ndim2: 500
W_list: [3.2]
L_list: [10.420875971077967]
