C_final_list: [2.079373778117868e-06, 1.8494175730132634e-06, 1.6406165239540555e-06, 1.453671938288508e-06, 1.2890875494948344e-06, 1.1419660570248444e-06, 1.0126475846812246e-06, 8.961787210319742e-07, 7.931046074226855e-07, 7.003647042877656e-07, 6.188575669959322e-07, 5.470172813370594e-07, 4.832338839524789e-07, 4.2740865679191205e-07, 3.7690832560262404e-07, 3.333614277598043e-07, 2.954428811997256e-07, 2.6102274156587e-07, 2.3108134833206664e-07, 2.0415532863074707e-07, 1.8038031745757248e-07, 1.5888959514048942e-07, 1.3997260221205477e-07, 1.2331825814290695e-07, 1.0856275607885734e-07, 9.570446115956952e-08, 8.441159070016696e-08, 7.456453731200445e-08, 6.579368150874963e-08, 5.7927150264671156e-08, 5.101193497563797e-08, 4.4753932703191476e-08, 3.928324446632948e-08, 3.429480983150867e-08, 3.0065887201143134e-08, 2.6309286605030588e-08, 2.304461585951274e-08, 2.0252758290531522e-08, 1.7771894677164683e-08, 1.560192575371679e-08, 1.3683784623984578e-08, 1.2012128259250876e-08, 1.0525698086278254e-08, 9.252296467276177e-09, 8.13607335652082e-09, 7.160239256959747e-09, 6.317313719106818e-09, 5.5492200539248715e-09, 4.894634530940451e-09, 4.3015261844536315e-09]
ndim2: 500
W_list: [2.9]
L_list: [8.202530744166587]
