C_list:
1.9753799608943075e-06 0.17481239005261728
ndim2: 500
W_list: [2.8]
L_list: [5.720418327894305]
