C_final_list: [9.746840401451167e-07, 9.386847781999886e-07, 9.017247311635537e-07, 8.659144423982059e-07, 8.313596315476824e-07, 7.975275403261876e-07, 7.651525712593483e-07, 7.33568938302303e-07, 7.026404620298804e-07, 6.727304059114672e-07, 6.440523557314698e-07, 6.163873052914822e-07, 5.901281814413297e-07, 5.642930924260356e-07, 5.395037725305835e-07, 5.155269444752328e-07, 4.926593341288537e-07, 4.7076948855510746e-07, 4.49861302451962e-07, 4.2997122682771163e-07, 4.108349534670758e-07, 3.925978067690756e-07, 3.753219931867466e-07, 3.588628052812612e-07, 3.4309222192062417e-07, 3.2797393002728844e-07, 3.1370713879313223e-07, 3.0003780821303876e-07, 2.869126085343977e-07, 2.74346179506214e-07, 2.623199117184587e-07, 2.5082636952647586e-07, 2.3986093183589036e-07, 2.293013890748727e-07, 2.1923401941807922e-07]
ndim2: 500
W_list: [3.4000000000000004]
L_list: [22.838086236176217]
