R_list= [ 1  2  3  4  5  6  7  8  9 10 11 12 13 14 15 16 17 18 19 20 21 22 23 24
 25 26 27 28 29 30 31 32]
C_final_list= [4.668120217301416e-07, 3.7751822467713373e-07, 3.070312683365455e-07, 2.506649111634088e-07, 2.0443096519587205e-07, 1.6660044898536744e-07, 1.3576854578138815e-07, 1.1064173538838011e-07, 9.003758096367253e-08, 7.320044412042527e-08, 5.938335333131238e-08, 4.810005314854923e-08, 3.8828103767206867e-08, 3.1299028962856706e-08, 2.5226002360653216e-08, 2.0301474058199974e-08, 1.6323877738735862e-08, 1.3163710129267913e-08, 1.062070367910226e-08, 8.56888672433674e-09, 6.90106746362905e-09, 5.5603298607565995e-09, 4.477554769283472e-09, 3.6078222946117463e-09, 2.902889582494816e-09, 2.3376795045307767e-09, 1.884761771544723e-09, 1.5192803857584902e-09, 1.2210358273084533e-09, 9.801694329447304e-10, 7.863558985245204e-10, 6.334119050886353e-10]
W_list: [6]
L_list: [4.845013192696648]
