C_final_list: [2.0053523386074412e-06, 1.8963247641167233e-06, 1.7890106797128676e-06, 1.6898246463005107e-06, 1.5960178914401836e-06, 1.5067689058919268e-06, 1.4229896932301187e-06, 1.3438165340923857e-06, 1.2696048259734032e-06, 1.199301718393648e-06, 1.1331936780422195e-06, 1.0707914026554063e-06, 1.0114994030592362e-06, 9.548444739791244e-07, 9.004465533779423e-07, 8.488653367224889e-07, 7.999412914628113e-07, 7.536768117033758e-07, 7.106671925818293e-07, 6.705065332104802e-07, 6.328530799465591e-07, 5.970259556205902e-07, 5.636312084099719e-07, 5.315949200809874e-07, 5.009692621585227e-07, 4.7213905328309074e-07, 4.44507677466154e-07, 4.1876178164875934e-07, 3.9466445819993057e-07, 3.7183673830072274e-07, 3.5001520341458115e-07, 3.294932288751469e-07, 3.1006819882754584e-07, 2.9183308456557084e-07, 2.747939278598828e-07, 2.5858048177900665e-07, 2.4340438916866973e-07, 2.2867814898035764e-07, 2.1508236915785992e-07, 2.0251618379823023e-07, 1.9053957741894907e-07, 1.7922187626379747e-07, 1.6857121764446928e-07, 1.5855127032434858e-07, 1.4906309858513862e-07, 1.4003273753410554e-07, 1.3152995700419254e-07, 1.2347611848316897e-07, 1.1593312466516711e-07, 1.089988122830684e-07]
ndim2: 500
W_list: [2.9]
L_list: [17.19669681801023]
