R_list= [ 1  2  3  4  5  6  7  8  9 10 11 12 13 14 15 16 17 18 19 20 21 22 23 24
 25 26 27 28 29 30 31 32 33 34 35 36 37 38]
C_final_list= [3.9801048100668807e-07, 1.6252543456480794e-07, 5.248565850612703e-08, 1.4974839554818252e-08, 3.982154190750324e-09, 1.0249526241378088e-09, 2.622171093005644e-10, 6.72227157706331e-11, 1.7133449953609098e-11, 4.364639046241776e-12, 1.1222918151367742e-12, 2.951919509799089e-13, 8.013986129801648e-14, 2.459780395816854e-14, 7.244898174951862e-15, 1.677951984057244e-15, 3.741172903538612e-16, 8.577248083834044e-17, 1.9956459603091943e-17, 4.906678454279449e-18, 1.2638961904662978e-18, 3.331800078122063e-19, 9.085164610664338e-20, 2.5453415450369926e-20, 7.426731145830024e-21, 2.3193605126581167e-21, 8.251639567534331e-22, 3.470739400907642e-22, 1.7421203687993022e-22, 1.0954662235411933e-22, 8.273271686132095e-23, 7.117795201686043e-23, 6.775077346477033e-23, 6.78299104967787e-23, 6.845391718742266e-23, 6.70723051916346e-23, 6.412705947146934e-23, 6.075987190024692e-23]
W_list: [6]
L_list: [1.0414789533283575]
