R_list= [ 1  2  3  4  5  6  7  8  9 10 11 12 13 14 15 16 17 18 19 20 21 22 23 24
 25 26 27 28 29 30 31 32 33 34 35 36 37 38]
C_final_list= [5.732984671257538e-06, 4.837259327291624e-06, 4.036594296161324e-06, 3.3545382117022984e-06, 2.7804550731179907e-06, 2.3032459540182e-06, 1.9071322073940585e-06, 1.5768008782225116e-06, 1.3010468816199149e-06, 1.0722520052659164e-06, 8.845014043866003e-07, 7.295225376103483e-07, 6.01652388799926e-07, 4.962559491827118e-07, 4.092998975802323e-07, 3.375985905666706e-07, 2.78361025399854e-07, 2.2956320089567692e-07, 1.8945191970061877e-07, 1.5636201451270068e-07, 1.2887711302688452e-07, 1.0608258002872353e-07, 8.735411865383353e-08, 7.195137603316733e-08, 5.9106919020351196e-08, 4.848322271068673e-08, 3.980494775495595e-08, 3.263675050550422e-08, 2.6738928384028564e-08, 2.194587893312851e-08, 1.8018095090361306e-08, 1.4742680168985954e-08, 1.207668257753987e-08, 9.892476246355297e-09, 8.098769502360755e-09, 6.620510481032699e-09, 5.404181041726267e-09, 4.417601647531477e-09]
W_list: [8.45]
L_list: [5.370486703688411]
