C_final_list: [1.737744301026418e-06, 1.4313478356041957e-06, 1.1727368383419923e-06, 9.633377600480976e-07, 7.875278666550235e-07, 6.472285896416655e-07, 5.318172689916237e-07, 4.376283674041358e-07, 3.6134904388136395e-07, 2.974494267383484e-07, 2.447831184692407e-07, 2.008380203140583e-07, 1.650984813281274e-07, 1.351966314471431e-07, 1.108305548802831e-07, 9.086387825017794e-08, 7.434752201667943e-08, 6.078607950627732e-08, 4.954934156169702e-08, 4.037036348001876e-08, 3.2934069476184136e-08, 2.6771275551251894e-08, 2.182195960252196e-08, 1.780263308480001e-08, 1.4516388904039956e-08, 1.1812177131277504e-08, 9.59921912478352e-09, 7.793969580899422e-09, 6.309242560983223e-09, 5.108872453047707e-09, 4.141367927857389e-09, 3.3772782367024997e-09, 2.7444702701161e-09, 2.2009568653002626e-09, 1.7463874953356167e-09, 1.4015971488716197e-09, 1.1120977014256967e-09, 8.855545960028525e-10, 7.016683455546283e-10, 5.588161581228268e-10, 4.4196549949918984e-10, 3.4949281614148513e-10, 2.7297116178381436e-10, 2.1576679080484342e-10, 1.7086170937613008e-10, 1.3409914234236798e-10, 1.0494455109342161e-10, 8.215625788076634e-11, 6.414620728754984e-11, 5.0082989042077634e-11]
ndim2: 500
W_list: [3.8]
L_list: [5.077248357273404]
