R_list= [ 1  2  3  4  5  6  7  8  9 10 11 12 13 14 15 16 17 18 19 20 21 22 23 24
 25 26 27 28 29 30 31 32 33 34 35 36 37 38]
C_final_list= [6.909839288226559e-06, 5.9538695696830125e-06, 5.082404070722423e-06, 4.327067492212858e-06, 3.6766934749045877e-06, 3.118940375863737e-06, 2.6445378838074207e-06, 2.2400447905184187e-06, 1.8952419057715288e-06, 1.6030461344237805e-06, 1.3559920071037737e-06, 1.1478927986020392e-06, 9.719399558743815e-07, 8.225080585692551e-07, 6.958589722175375e-07, 5.884999716402019e-07, 4.974707677504969e-07, 4.2074303142973563e-07, 3.555575472573197e-07, 3.0078348068145447e-07, 2.5442805200241675e-07, 2.1521115317258601e-07, 1.8191822770535515e-07, 1.536425055509473e-07, 1.2979190508131082e-07, 1.0955150726720643e-07, 9.24378150292709e-08, 7.798473302886556e-08, 6.579231252285051e-08, 5.5544107062386645e-08, 4.6835600198276094e-08, 3.943422847180555e-08, 3.326266326187028e-08, 2.8033906632363813e-08, 2.3628679266885348e-08, 1.9942631282172473e-08, 1.6855475908718354e-08, 1.4231972517857087e-08]
W_list: [8.05]
L_list: [6.137410206840466]
