R_list= [ 1  2  3  4  5  6  7  8  9 10 11 12 13 14 15 16 17 18 19 20 21 22 23 24
 25 26 27 28 29 30 31 32 33 34 35 36 37 38]
C_final_list= [3.9272603988952867e-07, 3.665812881264903e-07, 3.4005494529958885e-07, 3.14680298591177e-07, 2.9058894173195053e-07, 2.680184634438225e-07, 2.4713666655373223e-07, 2.2760998780251765e-07, 2.0966470956975567e-07, 1.9304363039618145e-07, 1.7768566958821974e-07, 1.6365939534308736e-07, 1.5068263954802731e-07, 1.386978912950617e-07, 1.2757866162591806e-07, 1.1731258158371042e-07, 1.077954104124172e-07, 9.910104058492179e-08, 9.110879076487835e-08, 8.374826759565541e-08, 7.695122729802071e-08, 7.065042733384953e-08, 6.490495729933864e-08, 5.966081218127429e-08, 5.4841022612875e-08, 5.042349295716911e-08, 4.6375749519031145e-08, 4.266198402693697e-08, 3.9227812721762954e-08, 3.608634663932657e-08, 3.316756952798418e-08, 3.0479417352225755e-08, 2.7996534574969203e-08, 2.5711759729709466e-08, 2.359940042039828e-08, 2.1623961511432865e-08, 1.980500629012251e-08, 1.8130218810990932e-08]
W_list: [6.800000000000001]
L_list: [12.227752498334734]
