R_list= [ 1  2  3  4  5  6  7  8  9 10 11 12 13 14 15 16 17 18 19 20 21 22 23 24
 25 26 27 28 29 30 31 32 33 34 35 36 37 38]
C_final_list= [3.6313734077070177e-07, 3.3155473271573335e-07, 3.004551892695937e-07, 2.7109457630044645e-07, 2.4421364621403525e-07, 2.1945724208043905e-07, 1.9708581823020195e-07, 1.7689802876856167e-07, 1.5882386749809538e-07, 1.4260983462848363e-07, 1.2787573297212474e-07, 1.1451348013319758e-07, 1.0251602241892732e-07, 9.170172320775779e-08, 8.217658049568633e-08, 7.357992227189565e-08, 6.584285022345559e-08, 5.888908883089339e-08, 5.267302127119613e-08, 4.7065503284382885e-08, 4.207006013171233e-08, 3.7620950409969175e-08, 3.36146525944113e-08, 2.999151205759261e-08, 2.681341816264924e-08, 2.3954902512969135e-08, 2.1375209749245358e-08, 1.9051424993155553e-08, 1.696525353107286e-08, 1.509705841249261e-08, 1.3430190213563517e-08, 1.1951252433584507e-08, 1.0637688938643654e-08, 9.469237745263186e-09, 8.418180717341862e-09, 7.479727633069853e-09, 6.6451491795894885e-09, 5.910789685298022e-09]
W_list: [7]
L_list: [9.335811948309809]
