C_final_list: [2.265770487126532e-06, 2.0836863014101797e-06, 1.9075195226526163e-06, 1.7489102493931282e-06, 1.602902594989743e-06, 1.4691456853112637e-06, 1.3469400994419859e-06, 1.2349805652131933e-06, 1.1328386474623983e-06, 1.0383629382387563e-06, 9.514577303701914e-07, 8.706689338704156e-07, 7.97245959595744e-07, 7.289781101292414e-07, 6.659600302106286e-07, 6.08742496422162e-07, 5.562889886073791e-07, 5.086558668454315e-07, 4.647000285458217e-07, 4.2433932866536984e-07, 3.8844722203770164e-07, 3.546991825604058e-07, 3.2377290048160904e-07, 2.9501355271990777e-07, 2.688358102858976e-07, 2.4510354182359165e-07, 2.2352549610639484e-07, 2.0359269912699923e-07, 1.8576164025247192e-07, 1.6941625003935036e-07, 1.5445788103375104e-07, 1.4074326871307606e-07, 1.282661748152601e-07, 1.1685681020326359e-07, 1.0647613013913823e-07, 9.675692154779417e-08, 8.786349275086904e-08, 7.973677641187916e-08, 7.242995017429875e-08, 6.561325423130028e-08, 5.950731455604116e-08, 5.394944894202636e-08, 4.89436031392633e-08, 4.4437517872985844e-08, 4.0328702014102286e-08, 3.658237026231188e-08, 3.318712125542717e-08, 3.016365353491428e-08, 2.7383358237068123e-08, 2.4843069542578146e-08]
ndim2: 500
W_list: [2.2]
L_list: [11.313410215845492]
