R_list= [ 1  2  3  4  5  6  7  8  9 10 11 12 13 14 15 16 17 18 19 20 21 22 23 24
 25 26 27 28 29 30 31 32 33 34 35 36 37 38]
C_final_list= [1.194386273767337e-06, 1.0243684288351731e-06, 8.957367226205418e-07, 7.894665588814077e-07, 6.945391146365996e-07, 6.094126057645204e-07, 5.345024742750954e-07, 4.6893168431804655e-07, 4.1086741632974645e-07, 3.5965601470370235e-07, 3.1449475968574804e-07, 2.754466936495581e-07, 2.414406457054336e-07, 2.1148184224733624e-07, 1.8496368366262e-07, 1.6167770102365708e-07, 1.413430007983853e-07, 1.2328247515725972e-07, 1.0729493560452065e-07, 9.365491104035933e-08, 8.202731355356422e-08, 7.180495585027511e-08, 6.28056230360978e-08, 5.4897882694493644e-08, 4.7984588317291624e-08, 4.189502228544546e-08, 3.653896352463888e-08, 3.184810007074857e-08, 2.7738007731350374e-08, 2.413429231119448e-08, 2.0960189988477038e-08, 1.818666968935899e-08, 1.5802952228248076e-08, 1.3733776152204995e-08, 1.1914925100555176e-08, 1.032869970230773e-08, 8.97122995880332e-09, 7.79380515008166e-09]
W_list: [5]
L_list: [7.532021662048365]
