R_list= [ 1  2  3  4  5  6  7  8  9 10 11 12 13 14 15 16 17 18 19 20 21 22 23 24
 25 26 27 28 29 30 31 32 33 34 35 36 37 38]
C_final_list= [2.1060797450330124e-06, 2.0020481664455593e-06, 1.9279263794304154e-06, 1.8484678591684947e-06, 1.7755715279876363e-06, 1.7057378277578507e-06, 1.637273628288901e-06, 1.5724323224695801e-06, 1.5103233536416131e-06, 1.4508426926314682e-06, 1.393423552100974e-06, 1.3378526355760154e-06, 1.2841462356002957e-06, 1.2330779640941674e-06, 1.1850727945712207e-06, 1.1389210039594356e-06, 1.0937589181679328e-06, 1.05061376362903e-06, 1.0093917826739482e-06, 9.692117289753874e-07, 9.300938548384695e-07, 8.925538333515831e-07, 8.566681633790173e-07, 8.216029147584989e-07, 7.875592921646838e-07, 7.550834871750335e-07, 7.241772713593787e-07, 6.946207349012935e-07, 6.660669530836357e-07, 6.38530806559215e-07, 6.123151937177224e-07, 5.865785199834555e-07, 5.619541635296924e-07, 5.382890072755346e-07, 5.155008276647122e-07, 4.93605163883915e-07, 4.7249535914807483e-07, 4.522070993824443e-07]
W_list: [4]
L_list: [24.45008007074824]
