R_list= [ 1  2  3  4  5  6  7  8  9 10 11 12 13 14 15 16 17 18 19 20 21 22 23 24
 25 26 27 28 29 30 31 32 33 34 35 36 37 38]
C_final_list= [1.5688756898136903e-07, 7.666250889066942e-08, 3.0217272999147054e-08, 1.0556357973193474e-08, 3.4345375586229584e-09, 1.0751459688640885e-09, 3.3082001721731793e-10, 1.0139184262036712e-10, 3.103146989632591e-11, 9.527390408320173e-12, 2.907749593991113e-12, 8.827798730226055e-13, 2.6654494498952143e-13, 8.03084069614129e-14, 2.3889564640800766e-14, 7.054186211472078e-15, 2.1004389020891822e-15, 6.301065163625763e-16, 1.8645097520368448e-16, 5.482036428715811e-17, 1.603689931849979e-17, 4.676436667395395e-18, 1.3598380892792234e-18, 4.0434757107837906e-19, 1.2117887686971907e-19, 3.6752353275380306e-20, 1.1550223993367416e-20, 3.8535818877642375e-21, 1.4454380618639953e-21, 7.491703791082568e-22, 5.74216377032744e-22, 3.480054714189138e-22, 1.5450108547897582e-22, 6.286470380368979e-23, 3.266883824030686e-23, 2.262363262159871e-23, 1.9247015255151236e-23, 1.8345888814599944e-23]
W_list: [5]
L_list: [1.2493232182313534]
