C_final_list: [9.785036895407081e-07, 9.002317217106883e-07, 8.239189630476283e-07, 7.538324469503204e-07, 6.884202457885681e-07, 6.277073142819344e-07, 5.721931976677297e-07, 5.208220522386708e-07, 4.7453697265770424e-07, 4.3205241027387414e-07, 3.9259363337715534e-07, 3.564640906897842e-07, 3.2369979112075593e-07, 2.941789605324265e-07, 2.67390259969138e-07, 2.433356528151027e-07, 2.214552330813522e-07, 2.0155522865834986e-07, 1.8359179452215408e-07, 1.671004830750868e-07, 1.518951632247522e-07, 1.37981221670969e-07, 1.2536213400609172e-07, 1.1378627239851184e-07, 1.0324327213091523e-07, 9.378683603747915e-08, 8.506602484243584e-08, 7.718870287738117e-08, 7.00834286626364e-08, 6.357328677432241e-08, 5.7690423646893384e-08, 5.2285221421749975e-08, 4.744342656952501e-08, 4.3005079941855595e-08, 3.89721366879242e-08]
ndim2: 500
W_list: [3.0]
L_list: [10.724379613436204]
