R_list= [ 1  2  3  4  5  6  7  8  9 10 11 12 13 14 15 16 17 18 19 20 21 22 23 24
 25 26 27 28 29 30 31 32 33 34 35 36 37 38]
C_final_list= [3.444549046882373e-05, 2.2111777531385372e-05, 1.4100462829332582e-05, 8.97927561625396e-06, 5.71103708550593e-06, 3.6177411449533697e-06, 2.2958297960192804e-06, 1.4544013841961582e-06, 9.198657177659845e-07, 5.81110199165868e-07, 3.686067707435677e-07, 2.3402064232612653e-07, 1.4858058945792768e-07, 9.439966073417639e-08, 5.981489979790402e-08, 3.790192169130796e-08, 2.4031665735176267e-08, 1.520299015651585e-08, 9.625627009554326e-09, 6.136165957221439e-09, 3.90199866814951e-09, 2.466092953501936e-09, 1.587071431302108e-09, 1.0034242504954152e-09, 6.267443376824101e-10, 3.932855208989815e-10, 2.4995434924972526e-10, 1.5643103549875737e-10, 9.842380863770261e-11, 6.255228743007488e-11, 3.9411009057542416e-11, 2.468408294045365e-11, 1.5222229083008726e-11, 9.776503659699018e-12, 6.204585197220095e-12, 4.1637045121159514e-12, 2.8056310912444453e-12, 1.8473831012094575e-12]
W_list: [8.35]
L_list: [2.2289504205370823]
