R_list= [ 1  2  3  4  5  6  7  8  9 10 11 12 13 14 15 16 17 18 19 20 21 22 23 24
 25 26 27 28 29 30 31 32 33 34 35 36 37 38]
C_final_list= [2.1134988522648687e-06, 1.5872198679487129e-06, 1.175139856094479e-06, 8.649989992748785e-07, 6.33978842181454e-07, 4.6374650974013686e-07, 3.392414803212149e-07, 2.47348152189568e-07, 1.8025831352989616e-07, 1.3150290042579692e-07, 9.544432210635337e-08, 6.904482012091147e-08, 4.9954792864140445e-08, 3.6190492340542754e-08, 2.6307870119148225e-08, 1.905888824420791e-08, 1.3854143381879686e-08, 1.0019270444868327e-08, 7.224215453596171e-09, 5.1986257836047084e-09, 3.726840430940179e-09, 2.6828333018276603e-09, 1.9290062801599797e-09, 1.3945563618519243e-09, 1.0031743926759385e-09, 7.187386467061531e-10, 5.139263713709267e-10, 3.694493563871735e-10, 2.6533929666797403e-10, 1.9238913330560405e-10, 1.3849023920442393e-10, 9.919058669523173e-11, 7.167234991300734e-11, 5.181854828183755e-11, 3.6770621988171967e-11, 2.5856240040863103e-11, 1.7852107784935077e-11, 1.2397409176024134e-11]
W_list: [9.4]
L_list: [3.2952959465876557]
