R_list= [ 1  2  3  4  5  6  7  8  9 10 11 12 13 14 15 16 17 18 19 20 21 22 23 24
 25 26 27 28 29 30 31 32 33 34 35 36 37 38]
C_final_list= [6.7510676373955244e-06, 5.80988338640672e-06, 4.950551808132606e-06, 4.199837858924786e-06, 3.5562231909022235e-06, 3.0077129589350306e-06, 2.540018048880663e-06, 2.144564571482986e-06, 1.810254751929391e-06, 1.5286216384364416e-06, 1.2904480387419205e-06, 1.0888558586627752e-06, 9.182755074072345e-07, 7.745299194163981e-07, 6.520617832467956e-07, 5.483826642504778e-07, 4.6128022640675135e-07, 3.8799501193682473e-07, 3.2642221585276484e-07, 2.746263938304271e-07, 2.3113312037369905e-07, 1.946528106415788e-07, 1.6397439004504462e-07, 1.3806274742670247e-07, 1.1633492749020012e-07, 9.809966151172123e-08, 8.266085950052448e-08, 6.952720040193305e-08, 5.854259310859159e-08, 4.9266023438942356e-08, 4.144243850170044e-08, 3.491345912532347e-08, 2.9444458969593327e-08, 2.480435623099782e-08, 2.0919568463408588e-08, 1.7648267336147198e-08, 1.4890023838107017e-08, 1.2566248183799985e-08]
W_list: [8.1]
L_list: [6.031301561362004]
