R_list= [ 1  2  3  4  5  6  7  8  9 10 11 12 13 14 15 16 17 18 19 20 21 22 23 24
 25 26 27 28 29 30 31 32 33 34 35 36 37 38]
C_final_list= [4.3562179566383945e-07, 3.8837749048732965e-07, 3.435823654195469e-07, 3.032347690464815e-07, 2.672184881431918e-07, 2.3546588559683475e-07, 2.0739805041077618e-07, 1.8268809038050592e-07, 1.6074943867982153e-07, 1.4139578958703804e-07, 1.244087901262311e-07, 1.0929244374265878e-07, 9.587388027470654e-08, 8.401157296108078e-08, 7.358684009013038e-08, 6.448455058098685e-08, 5.644301020553362e-08, 4.938513062406209e-08, 4.321377903606111e-08, 3.776780394792254e-08, 3.3003069165133725e-08, 2.882761274292409e-08, 2.5168943232102857e-08, 2.1936281238913526e-08, 1.9079621967741175e-08, 1.656736772148997e-08, 1.4399430359322083e-08, 1.2500141137011948e-08, 1.084047370952136e-08, 9.385241790596585e-09, 8.114654765162611e-09, 7.0220422897274386e-09, 6.081421191180998e-09, 5.271021195290722e-09, 4.5664571857378465e-09, 3.9614118104582476e-09, 3.439621666717632e-09, 2.9878802163428136e-09]
W_list: [7]
L_list: [7.854611555563627]
