R_list= [ 1  2  3  4  5  6  7  8  9 10 11 12 13 14 15 16 17 18 19 20 21 22 23 24
 25 26 27 28 29 30 31 32 33 34 35 36 37 38]
C_final_list= [1.5430882961802658e-06, 1.4294270257792804e-06, 1.3222677612234698e-06, 1.2231343224164497e-06, 1.131515490181554e-06, 1.0457562647639752e-06, 9.65471298001971e-07, 8.907278560462394e-07, 8.213669709671285e-07, 7.576922292124912e-07, 6.991060534705347e-07, 6.444886679298563e-07, 5.942664804620954e-07, 5.476946491861012e-07, 5.051592307685012e-07, 4.6560236753450944e-07, 4.2948996398468505e-07, 3.962770479251499e-07, 3.6547768251662156e-07, 3.3679134986147545e-07, 3.1004939056992676e-07, 2.856034727104509e-07, 2.6302848521629966e-07, 2.423519861896128e-07, 2.2342440185754243e-07, 2.0591274707101758e-07, 1.8968710626122132e-07, 1.7485367227567316e-07, 1.6116805304607294e-07, 1.4841005690131744e-07, 1.365141600308475e-07, 1.254582749845469e-07, 1.1517456764818404e-07, 1.0580872590178689e-07, 9.711099669238469e-08, 8.92138942861377e-08, 8.191725270787809e-08, 7.525235185319638e-08]
W_list: [5]
L_list: [12.439444737429877]
