R_list= [ 1  2  3  4  5  6  7  8  9 10 11 12 13 14 15 16 17 18 19 20 21 22 23 24
 25 26 27 28 29 30 31 32 33 34 35 36 37 38]
C_final_list= [1.26927750614311e-06, 1.221674788146057e-06, 1.1776745095474037e-06, 1.134130395586597e-06, 1.0923475811502385e-06, 1.0521129141041763e-06, 1.0138596827145043e-06, 9.771443115287161e-07, 9.414711723445791e-07, 9.074412919008644e-07, 8.739431790826735e-07, 8.416576255161556e-07, 8.104814802614349e-07, 7.805193870864356e-07, 7.515230144012409e-07, 7.234016649255186e-07, 6.962966865453166e-07, 6.701021034061327e-07, 6.448169281278942e-07, 6.204116055259773e-07, 5.970804548766536e-07, 5.745410302688949e-07, 5.530644094194035e-07, 5.323088728925716e-07, 5.123462327057909e-07, 4.929894446022797e-07, 4.744104854683595e-07, 4.5653010678722865e-07, 4.3911340437991146e-07, 4.2242923026337517e-07, 4.063142572811374e-07, 3.9080586527569633e-07, 3.7581826929488807e-07, 3.6136030702051477e-07, 3.474569766594501e-07, 3.3390614193667935e-07, 3.207793023208509e-07, 3.081771922658397e-07]
W_list: [5]
L_list: [26.358921177818903]
