C_final_list: [1.601516511273633e-06, 1.5742840130996933e-06, 1.5474812565041025e-06, 1.5212144844482333e-06, 1.495396022856036e-06, 1.470291160059536e-06, 1.4459803335091597e-06, 1.4218582776150148e-06, 1.39807063635901e-06, 1.3749716946730301e-06, 1.351997653319952e-06, 1.3296293060570944e-06, 1.3076344725695516e-06, 1.2857904846938517e-06, 1.264397287101963e-06, 1.243254228450784e-06, 1.2224002297458235e-06, 1.2019499683642672e-06, 1.181935673542259e-06, 1.16222319943362e-06, 1.1428757931209837e-06, 1.12369926875056e-06, 1.1048547723613896e-06, 1.0863554930642058e-06, 1.068127016695604e-06, 1.05010410247711e-06, 1.0324304324436485e-06, 1.0150274057069566e-06, 9.980439867066975e-07, 9.8126691492883e-07, 9.648069136151448e-07, 9.48485863124845e-07, 9.323175260117125e-07, 9.165526880369034e-07, 9.011084227075182e-07, 8.859743114969925e-07, 8.711897384282647e-07, 8.566817023927239e-07, 8.42352378699907e-07, 8.281886744297931e-07, 8.142867531346008e-07, 8.005220263500028e-07, 7.870196249563431e-07, 7.735532055224853e-07, 7.603948803827765e-07, 7.473538848675002e-07, 7.345790619025788e-07, 7.219946316458772e-07, 7.095902353313372e-07, 6.97307864919884e-07]
ndim2: 500
W_list: [3.0999999999999996]
L_list: [59.14511175531178]
