C_final_list: [7.835811215514848e-07, 7.496069684798812e-07, 7.145095736766173e-07, 6.801623562343994e-07, 6.468299670576592e-07, 6.147330547488127e-07, 5.838615871410365e-07, 5.547675599105024e-07, 5.265593104052353e-07, 5.000429014259272e-07, 4.7462089717854954e-07, 4.5075202800580745e-07, 4.2805552692908837e-07, 4.062551739612732e-07, 3.8550673977702974e-07, 3.6553253082982795e-07, 3.4667722282759636e-07, 3.2890662978032603e-07, 3.114805190360347e-07, 2.9491070594499845e-07, 2.7916027904742005e-07, 2.641302718870643e-07, 2.5007305460127574e-07, 2.3669555482910921e-07, 2.2402878976483618e-07, 2.1206423900955422e-07, 2.0073040482032834e-07, 1.8991174479116627e-07, 1.7967509584730124e-07, 1.700382815659754e-07, 1.608804953896054e-07, 1.5220267265510746e-07, 1.4389029755850517e-07, 1.3600717263621454e-07, 1.2862809744432123e-07]
ndim2: 500
W_list: [2.8]
L_list: [19.077447491624977]
