C_final_list: [1.6503190705569583e-06, 1.622258226996144e-06, 1.5943820698792153e-06, 1.5672687412962523e-06, 1.5404283160838759e-06, 1.514645792409219e-06, 1.4890753968124496e-06, 1.4640476963820145e-06, 1.4395172969977656e-06, 1.415435860898606e-06, 1.3917478843218062e-06, 1.3686241011972115e-06, 1.3461031922870504e-06, 1.323971014875528e-06, 1.3019778949394483e-06, 1.2799122479621594e-06, 1.2580266410671899e-06, 1.236517520471733e-06, 1.2154139163433466e-06, 1.1948076322251735e-06, 1.1743655402702663e-06, 1.1544389422643892e-06, 1.1346779689433754e-06, 1.1149791274599034e-06, 1.0954043711262697e-06, 1.0763834132244178e-06, 1.0576844213154607e-06, 1.0391684838210833e-06, 1.020829010716909e-06, 1.002756398628734e-06, 9.850875388773834e-07, 9.678344894123036e-07, 9.50757926498012e-07, 9.340202342336523e-07, 9.17521465832532e-07, 9.013985687063475e-07, 8.854519388931402e-07, 8.69812988972501e-07, 8.54251999702679e-07, 8.392290694167326e-07, 8.243580298824314e-07, 8.09799866996544e-07, 7.95301641088139e-07, 7.809869918094209e-07, 7.669740982240404e-07, 7.531379767112749e-07, 7.395714418418362e-07, 7.262748175921404e-07, 7.132494055832417e-07, 7.004905073995923e-07]
ndim2: 500
W_list: [3.0999999999999996]
L_list: [57.5854162299008]
