R_list= [ 1  2  3  4  5  6  7  8  9 10 11 12 13 14 15 16 17 18 19 20 21 22 23 24
 25 26 27 28 29 30 31 32 33 34 35 36 37 38]
C_final_list= [2.9775177241554992e-05, 2.238144279748232e-05, 1.6667248576693502e-05, 1.2393496848392454e-05, 9.205505452114837e-06, 6.840672559686726e-06, 5.074789231468006e-06, 3.7620136041896053e-06, 2.789007138084991e-06, 2.0643819855842108e-06, 1.5258700000938573e-06, 1.1275621548602023e-06, 8.347166680827558e-07, 6.175972941326094e-07, 4.563909947324346e-07, 3.3725608833194135e-07, 2.4843696584965544e-07, 1.8337562631362502e-07, 1.3506654608763037e-07, 9.965940048494252e-08, 7.384606590015412e-08, 5.465510693078547e-08, 4.0479030382603926e-08, 3.010190046632123e-08, 2.2308929934315257e-08, 1.6558577641619484e-08, 1.2221438058461013e-08, 8.949332803878888e-09, 6.5800969777778205e-09, 4.823027666863286e-09, 3.5454062442245196e-09, 2.5956476974885034e-09, 1.900309709725614e-09, 1.3834363807034045e-09, 1.008071458863769e-09, 7.367313957876662e-10, 5.38435812037573e-10, 3.9448770165686923e-10]
W_list: [8.3]
L_list: [3.394869077343514]
