C_final_list: [1.8515398678834618e-06, 1.7964160124334756e-06, 1.7415547493122672e-06, 1.6885496162700815e-06, 1.6363324131840432e-06, 1.586249370677688e-06, 1.5371727114740721e-06, 1.490371891566966e-06, 1.4451215268940264e-06, 1.4004100948346078e-06, 1.3580779800809926e-06, 1.3165166931824474e-06, 1.2759015747032514e-06, 1.2370077777944658e-06, 1.199505616819437e-06, 1.1629410730956808e-06, 1.1277520671517609e-06, 1.0936076964745713e-06, 1.0602803492884446e-06, 1.0277591274603933e-06, 9.96297464632291e-07, 9.660198738460003e-07, 9.366029457734402e-07, 9.078303259096811e-07, 8.799596361533173e-07, 8.531008857676769e-07, 8.269781702059147e-07, 8.015737122001399e-07, 7.769230757537375e-07, 7.527968273463518e-07, 7.292253220901765e-07, 7.066885894512219e-07, 6.845680198434405e-07, 6.630804488910957e-07, 6.419154321840608e-07, 6.213199835544363e-07, 6.01424471336636e-07, 5.821800530264305e-07, 5.635598372815976e-07, 5.455132182121907e-07, 5.279222846873505e-07, 5.108847936501986e-07, 4.94495957859683e-07, 4.78487841370631e-07, 4.632247989980178e-07, 4.4842322259435055e-07, 4.339585130844481e-07, 4.1999982380541896e-07, 4.065903132947746e-07, 3.9375479048890954e-07]
ndim2: 500
W_list: [3.0]
L_list: [31.9663928092151]
