C_final_list: [2.0006982825697483e-06, 1.945494340586107e-06, 1.907131423648328e-06, 1.8627356705662773e-06, 1.8200933944570754e-06, 1.7788159969001087e-06, 1.7376110683550752e-06, 1.6976316826934263e-06, 1.6584289634651505e-06, 1.6203902907083325e-06, 1.5826632393706132e-06, 1.545813300600742e-06, 1.5098481383073665e-06, 1.4746419510107542e-06, 1.4399982018915538e-06, 1.4059352977320133e-06, 1.3732738603526485e-06, 1.3412930459261613e-06, 1.3099925143895453e-06, 1.2790374213669527e-06, 1.2490023415364441e-06, 1.2192860794753989e-06, 1.190542009735578e-06, 1.1623105212175615e-06, 1.1346726848370745e-06, 1.107679576352998e-06, 1.0811326506839789e-06, 1.0554481343217133e-06, 1.0304648031816238e-06, 1.0060312992146052e-06, 9.821930946474318e-07, 9.586599603583543e-07, 9.356941265477547e-07, 9.132611829253184e-07, 8.916747004444756e-07]
ndim2: 500
W_list: [1.2]
L_list: [42.26740011228676]
