R_list= [ 1  2  3  4  5  6  7  8  9 10 11 12 13 14 15 16 17 18 19 20 21 22 23 24
 25 26 27 28 29 30 31 32 33 34 35 36 37 38]
C_final_list= [2.6146361587834754e-06, 2.321789159510949e-06, 2.0446464276602442e-06, 1.7926845756622953e-06, 1.5687838810024185e-06, 1.371819482346072e-06, 1.1981997015584631e-06, 1.0454578809432498e-06, 9.115550342278645e-07, 7.947154930866977e-07, 6.928490025484478e-07, 6.042282073689628e-07, 5.264320579643313e-07, 4.5816548073250683e-07, 3.9848872188998565e-07, 3.4635097362463413e-07, 3.011330099983151e-07, 2.618993329243961e-07, 2.2785776130159138e-07, 1.9845131629320224e-07, 1.727080836338764e-07, 1.5018320761584893e-07, 1.3064672492954936e-07, 1.1359148320404778e-07, 9.860618176966595e-08, 8.565618811827975e-08, 7.446000648848204e-08, 6.473385102957739e-08, 5.62831377155402e-08, 4.89296878624841e-08, 4.251933219117283e-08, 3.6932549535265486e-08, 3.2075630756961e-08, 2.785738009149449e-08, 2.4183273581513043e-08, 2.0994840571964033e-08, 1.8218948397707068e-08, 1.5812984593671055e-08]
W_list: [8.05]
L_list: [7.451957765027255]
