C_final_list: [1.4902227968699315e-06, 1.327208657422067e-06, 1.1771306887245523e-06, 1.0441210122932276e-06, 9.257504555180393e-07, 8.229246223426898e-07, 7.302795159691143e-07, 6.469218308545319e-07, 5.717432876896053e-07, 5.05893264100984e-07, 4.4787678371030985e-07, 3.9738419025114197e-07, 3.525380372512266e-07, 3.114752701611253e-07, 2.755166060544831e-07, 2.436825338818677e-07, 2.1526677756226466e-07, 1.9064483996697924e-07, 1.6856772697241488e-07, 1.4907065478612293e-07, 1.3193126172348603e-07, 1.1640318312160494e-07, 1.0276349086578511e-07, 9.05336361416484e-08, 7.97795628852265e-08, 7.028764847881193e-08, 6.195838375575517e-08, 5.466089708824297e-08, 4.8014246506585803e-08, 4.229909429103174e-08, 3.7335055367459996e-08, 3.2838583975709405e-08, 2.8818745541244673e-08, 2.5287173453797748e-08, 2.2180693872457597e-08]
ndim2: 500
W_list: [3.8]
L_list: [8.27896639459597]
