R_list= [ 1  2  3  4  5  6  7  8  9 10 11 12 13 14 15 16 17 18 19 20 21 22 23 24
 25 26 27 28 29 30 31 32 33 34 35 36 37 38]
C_final_list= [4.098364357876519e-07, 3.792526565531878e-07, 3.4840060895346185e-07, 3.1882207577090195e-07, 2.912414654340921e-07, 2.6569966838997954e-07, 2.421128408117634e-07, 2.2066113551261005e-07, 2.0093813841834348e-07, 1.8277555789454287e-07, 1.6627095331692305e-07, 1.5133701431548613e-07, 1.377354425317316e-07, 1.2524968862914017e-07, 1.138223162982507e-07, 1.0334528179332406e-07, 9.382381874392566e-08, 8.513908625020946e-08, 7.715275712262083e-08, 6.988729758897778e-08, 6.331144865863517e-08, 5.735727870650195e-08, 5.194066539352558e-08, 4.7035243890804624e-08, 4.2637683519973974e-08, 3.8627905261354e-08, 3.4976771294021255e-08, 3.1668246728759595e-08, 2.865492870474473e-08, 2.596258893783794e-08, 2.3528549685815648e-08, 2.1324631573195277e-08, 1.9339840013995865e-08, 1.754269717246795e-08, 1.590450117003565e-08, 1.4419196477251446e-08, 1.3056616024978724e-08, 1.1824121084677617e-08]
W_list: [7.6]
L_list: [10.726283613559923]
