C_final_list: [2.2549038380657937e-06, 2.078870875620755e-06, 1.9054609804566578e-06, 1.7455325665310912e-06, 1.5960929801506683e-06, 1.4589210327768058e-06, 1.3316431774766188e-06, 1.2168890397188113e-06, 1.1113079552040267e-06, 1.0145694004244598e-06, 9.263052893033836e-07, 8.449027813042239e-07, 7.710179791202882e-07, 7.042122852409707e-07, 6.434222673947434e-07, 5.871222446900602e-07, 5.352835779011815e-07, 4.890562995333273e-07, 4.464425188405669e-07, 4.0732278660023435e-07, 3.718075364699692e-07, 3.39914846570835e-07, 3.1048568548249293e-07, 2.833073740287625e-07, 2.588894173013237e-07, 2.364590372330133e-07, 2.1647600755968868e-07, 1.9788860255733195e-07, 1.8064100011898662e-07, 1.647929158072913e-07, 1.506028748381339e-07, 1.3739168594703886e-07, 1.2526242341742718e-07, 1.1429054833481984e-07, 1.0411062538290776e-07, 9.469601601852843e-08, 8.61846509866863e-08, 7.835760860884515e-08, 7.113879004900412e-08, 6.470932192608853e-08, 5.887683484858002e-08, 5.3585580094077136e-08, 4.876308530235751e-08, 4.435925371674165e-08, 4.0393792916082806e-08, 3.6705492803430095e-08, 3.333796459379373e-08, 3.025323978658405e-08, 2.7485498487770892e-08, 2.4935547285450368e-08]
ndim2: 500
W_list: [2.2]
L_list: [11.082771538693795]
