C_final_list: [1.2055924767819732e-06, 1.1702728088785575e-06, 1.1350525069820566e-06, 1.100588478981912e-06, 1.0673691928336759e-06, 1.0342942597332487e-06, 1.002180982419767e-06, 9.709464651519588e-07, 9.41077517933239e-07, 9.120720512873755e-07, 8.837877931555095e-07, 8.565345095266553e-07, 8.299633321296197e-07, 8.040905904149416e-07, 7.791039628392523e-07, 7.54818834441619e-07, 7.311587179161786e-07, 7.083196059352791e-07, 6.864307370706609e-07, 6.651465670289479e-07, 6.444813215918662e-07, 6.244035633191451e-07, 6.050099210038635e-07, 5.862089699560998e-07, 5.677437904664146e-07, 5.500216473629136e-07, 5.328109692982295e-07, 5.161086213966028e-07, 4.997620422259376e-07, 4.839896413591229e-07, 4.687685501412252e-07, 4.5369821102898686e-07, 4.3922042812794555e-07, 4.2504215675639485e-07, 4.112792248047921e-07, 3.979336694737787e-07, 3.8495970659754227e-07, 3.7248069958582583e-07, 3.604098056842136e-07, 3.4869701924461484e-07, 3.3748197718813253e-07, 3.2659129189035973e-07, 3.160829571307826e-07, 3.059138354390547e-07, 2.9604607788353776e-07, 2.8641338472035226e-07, 2.771022826911418e-07, 2.6809687633647047e-07, 2.593071338780809e-07, 2.507572265706119e-07]
ndim2: 500
W_list: [3.6]
L_list: [31.46223387079235]
