R_list= [ 1  2  3  4  5  6  7  8  9 10 11 12 13 14 15 16 17 18 19 20 21 22 23 24
 25 26 27 28 29 30 31 32 33 34 35 36 37 38]
C_final_list= [1.5011192282873157e-06, 1.3114254782892109e-06, 1.1726179427165101e-06, 1.0475083924379352e-06, 9.352360291714433e-07, 8.347754093077645e-07, 7.438372365372933e-07, 6.615932891897567e-07, 5.888355753873219e-07, 5.242054495555504e-07, 4.6723477252357614e-07, 4.1569518897526713e-07, 3.69805755439656e-07, 3.2867185995608183e-07, 2.922110153549754e-07, 2.596838863340219e-07, 2.3067471621079444e-07, 2.0461818956758107e-07, 1.8145942311511716e-07, 1.6095360424148946e-07, 1.4275775479585415e-07, 1.2668208263320417e-07, 1.123850832313385e-07, 9.980078574776649e-08, 8.857472288705557e-08, 7.859724633043514e-08, 6.991516668308486e-08, 6.214601533387066e-08, 5.513560548934457e-08, 4.8807833070658336e-08, 4.3209073681793204e-08, 3.820533981559087e-08, 3.3845731262575675e-08, 3.0023507247593147e-08, 2.6614850083503078e-08, 2.3526953409815925e-08, 2.074841654314619e-08, 1.827400106166617e-08]
W_list: [5]
L_list: [8.580223269791215]
