R_list= [ 1  2  3  4  5  6  7  8  9 10 11 12 13 14 15 16 17 18 19 20 21 22 23 24
 25 26 27 28 29 30 31 32 33 34 35 36 37 38]
C_final_list= [7.711313562129062e-07, 6.595764489789547e-07, 5.712736984839768e-07, 4.943144960759332e-07, 4.2730748933095555e-07, 3.6948214225377333e-07, 3.1864196274347213e-07, 2.743003783517075e-07, 2.356640301675179e-07, 2.0251696832862764e-07, 1.738305800847296e-07, 1.4887225049867568e-07, 1.2744223360803867e-07, 1.0920421337418899e-07, 9.383393745668749e-08, 8.047639151931538e-08, 6.898621844243967e-08, 5.9099639419348675e-08, 5.062531577611716e-08, 4.327145061062552e-08, 3.6894712756112075e-08, 3.1472208681020835e-08, 2.6823143188458866e-08, 2.2815122820433117e-08, 1.937880594498859e-08, 1.6468330761180214e-08, 1.4002639237003414e-08, 1.1878626845761342e-08, 1.0098086683472718e-08, 8.577245412242498e-09, 7.295083927392445e-09, 6.2132235984218685e-09, 5.293509016215538e-09, 4.503820207895869e-09, 3.8315079928652375e-09, 3.2560578715850884e-09, 2.7636518984111096e-09, 2.35026022937533e-09]
W_list: [6]
L_list: [6.697570497772579]
