R_list= [ 1  2  3  4  5  6  7  8  9 10 11 12 13 14 15 16 17 18 19 20 21 22 23 24
 25 26 27 28 29 30 31 32 33 34 35 36 37 38]
C_final_list= [2.8933403177968787e-07, 2.626494848617183e-07, 2.3602465798820435e-07, 2.1095535015080143e-07, 1.8783264895376437e-07, 1.669224951781013e-07, 1.4806682843987812e-07, 1.3121271437270844e-07, 1.1613971193043413e-07, 1.0266862118637661e-07, 9.062224635258704e-08, 7.995124854402767e-08, 7.059028255321657e-08, 6.239668306354366e-08, 5.5202148895179704e-08, 4.8791979966593045e-08, 4.3106677545635506e-08, 3.813358606241311e-08, 3.374932544590578e-08, 2.9846058583965346e-08, 2.6348191984413787e-08, 2.3228997572986817e-08, 2.048629231134267e-08, 1.8059103005848693e-08, 1.593989686680118e-08, 1.4070897055560002e-08, 1.2411021074130857e-08, 1.0945570161721878e-08, 9.650984639723451e-09, 8.503652146465039e-09, 7.496991218030957e-09, 6.6024156921971295e-09, 5.810477076004388e-09, 5.104317433799874e-09, 4.481996971896482e-09, 3.934186039448583e-09, 3.4523060930890917e-09, 3.0270327040856726e-09]
W_list: [8.2]
L_list: [8.429672599966715]
