R_list= [ 1  2  3  4  5  6  7  8  9 10 11 12 13 14 15 16 17 18 19 20 21 22 23 24
 25 26 27 28 29 30 31 32 33 34 35 36 37 38]
C_final_list= [1.0625967828157846e-06, 9.801705497769043e-07, 8.993848683982084e-07, 8.228557993158014e-07, 7.517552590750035e-07, 6.86286565430369e-07, 6.26613889526077e-07, 5.718946287616235e-07, 5.22049716736037e-07, 4.760274197320414e-07, 4.3363185509195994e-07, 3.945847108254541e-07, 3.59154671200676e-07, 3.268329498221469e-07, 2.9748890112569475e-07, 2.706288782722091e-07, 2.4607923381881067e-07, 2.2370103767268503e-07, 2.0316640625916868e-07, 1.8446113690930246e-07, 1.6747651043651542e-07, 1.5208287504470065e-07, 1.3825269335400436e-07, 1.2565409770069178e-07, 1.1415660801076654e-07, 1.036227038775212e-07, 9.399611642340186e-08, 8.524200403414435e-08, 7.735635056037318e-08, 7.02423101143518e-08, 6.374863972328913e-08, 5.784685242458343e-08, 5.2489492805506944e-08, 4.759467351495916e-08, 4.3168769290653145e-08, 3.917352192436821e-08, 3.552116061058252e-08, 3.221071243651091e-08]
W_list: [7.2]
L_list: [10.845307525849856]
