R_list= [ 1  2  3  4  5  6  7  8  9 10 11 12 13 14 15 16 17 18 19 20 21 22 23 24
 25 26 27 28 29 30 31 32 33 34 35 36 37 38]
C_final_list= [8.628485815499555e-07, 6.651660194983423e-07, 5.239243538879853e-07, 4.1361175190164514e-07, 3.282238246770736e-07, 2.598809888440503e-07, 2.0497109126933043e-07, 1.614757103107213e-07, 1.273458735461256e-07, 1.0027569061315305e-07, 7.843332915416094e-08, 6.11606577560737e-08, 4.768885941499123e-08, 3.730634218464725e-08, 2.921331958676693e-08, 2.2851890575010146e-08, 1.7871302586481446e-08, 1.397141261242204e-08, 1.092905367305272e-08, 8.554764271031929e-09, 6.6941288848851735e-09, 5.235124522882745e-09, 4.109709375602202e-09, 3.2371140359274007e-09, 2.5320530209091045e-09, 1.9658509325490807e-09, 1.5260735404660775e-09, 1.178150240609866e-09, 9.113033408870764e-10, 7.032928697365457e-10, 5.41593706365576e-10, 4.1721362410690314e-10, 3.2034014634487835e-10, 2.4584525326753084e-10, 1.8855479393529664e-10, 1.4472955897210973e-10, 1.1135430157266522e-10, 8.594817937657901e-11]
W_list: [6]
L_list: [4.163721234035929]
