C_final_list: [2.037113023946328e-06, 1.9946050935866665e-06, 1.9519180954701202e-06, 1.91090927989749e-06, 1.8711141541157448e-06, 1.8321751199265957e-06, 1.7942090530103423e-06, 1.7571269795050815e-06, 1.7203100103360908e-06, 1.684554629000905e-06, 1.6494694537203597e-06, 1.615328286606319e-06, 1.5817217136727937e-06, 1.548918622231364e-06, 1.516416799623391e-06, 1.4847919774699957e-06, 1.4536958974160507e-06, 1.4235526324598334e-06, 1.3938328853821227e-06, 1.3645974427489002e-06, 1.335737272572355e-06, 1.3075802490408082e-06, 1.2798240836969288e-06, 1.2526373175743824e-06, 1.2258792886559997e-06, 1.1996846780728718e-06, 1.1741115028812905e-06, 1.149170559635249e-06, 1.124614242510407e-06, 1.1008480953678679e-06, 1.0774178042231128e-06, 1.0541422552032856e-06, 1.0313568768412854e-06, 1.009086670339235e-06, 9.872850250069968e-07]
ndim2: 500
W_list: [2.4]
L_list: [47.150069396911746]
