C_final_list: [1.810991540141908e-06, 1.5195348748549564e-06, 1.2744682973137053e-06, 1.0663135689289723e-06, 8.918349022147784e-07, 7.447720744382763e-07, 6.22069685580422e-07, 5.204080120811319e-07, 4.349460579289992e-07, 3.632538382690132e-07, 3.0136215623147513e-07, 2.515876822768217e-07, 2.0933214884814488e-07, 1.7357769321067059e-07, 1.4413051891840842e-07, 1.1976012483756228e-07, 9.93480061130903e-08, 8.255108801019731e-08, 6.873987462955128e-08, 5.7347530339535355e-08, 4.789761209185836e-08, 3.998627410308691e-08, 3.3376925233266495e-08, 2.767430739940353e-08, 2.2751141725445313e-08, 1.8776264636974395e-08, 1.5443392736299414e-08, 1.265687199269828e-08, 1.038835133117396e-08, 8.496650172316372e-09, 6.973860881137818e-09, 5.722189428555076e-09, 4.709999801363037e-09, 3.8585617934485535e-09, 3.154353793874127e-09, 2.5848256460033788e-09, 2.106333967045503e-09, 1.7275483590604533e-09, 1.409538985257906e-09, 1.1524969568625072e-09, 9.453428456573324e-10, 7.735630355980548e-10, 6.285588450441704e-10, 5.112562886660067e-10, 4.1482986169155137e-10, 3.3834811730892807e-10, 2.768055044376145e-10, 2.262419939596498e-10, 1.8669171815265797e-10, 1.5479240100333049e-10]
ndim2: 500
W_list: [3.6]
L_list: [5.578929726112794]
