R_list= [ 1  2  3  4  5  6  7  8  9 10 11 12 13 14 15 16 17 18 19 20 21 22 23 24
 25 26 27 28 29 30 31 32 33 34 35 36 37 38]
C_final_list= [5.127321503931814e-07, 3.638547223951287e-07, 2.56584915193231e-07, 1.828651598977567e-07, 1.3058753244519165e-07, 9.31375302867299e-08, 6.60832750903852e-08, 4.688430106165838e-08, 3.3220350071922204e-08, 2.336572755710708e-08, 1.6311875557018915e-08, 1.1350997343848777e-08, 7.888431209486133e-09, 5.499805998813394e-09, 3.8382577390268086e-09, 2.676532745203747e-09, 1.8552212367593043e-09, 1.2764414183501383e-09, 8.751478053771875e-10, 5.964854438359556e-10, 4.0868800643895e-10, 2.821491016871876e-10, 1.942062426411915e-10, 1.3401191322588738e-10, 9.311897390305054e-11, 6.43042272117183e-11, 4.403167908058554e-11, 3.052400604909475e-11, 2.1227506657169892e-11, 1.505617547207315e-11, 1.0783621596837282e-11, 7.742920959986119e-12, 5.45428856949101e-12, 3.818471570534319e-12, 2.750601461157295e-12, 1.9670305584792797e-12, 1.3679060528890558e-12, 9.613307309939041e-13]
W_list: [6]
L_list: [2.9164463060345045]
