C_final_list: [2.2228905042391888e-06, 2.1875806780785585e-06, 2.152286917484886e-06, 2.117612493045859e-06, 2.083787980758453e-06, 2.050515728301486e-06, 2.0177959478473914e-06, 1.9859527462183575e-06, 1.954388493235732e-06, 1.9237509113770898e-06, 1.893591508233623e-06, 1.863734280483864e-06, 1.8344930820715693e-06, 1.8055073718507856e-06, 1.7770795270163148e-06, 1.7489301356068854e-06, 1.7208084398007137e-06, 1.6932881049941287e-06, 1.6665268541713203e-06, 1.6397233954584138e-06, 1.6136345470533963e-06, 1.5882988523748444e-06, 1.5633006964669505e-06, 1.5381306300369161e-06, 1.5135165130957067e-06, 1.4893743283245844e-06, 1.4651305108993068e-06, 1.4412810287177224e-06, 1.4177423787809e-06, 1.3948841486530864e-06, 1.3722355860621156e-06, 1.3499978951322384e-06, 1.328196242506024e-06, 1.3066028857975216e-06, 1.2853184566291384e-06, 1.2644033115898426e-06, 1.2437827605805075e-06, 1.223441713919363e-06, 1.2031544230042031e-06, 1.1834490381144595e-06, 1.1637583076087472e-06, 1.1446168912711452e-06, 1.125528792071337e-06, 1.1067449877905583e-06, 1.0883447612581082e-06, 1.0701977194501845e-06, 1.052447628055649e-06, 1.0352316013338235e-06, 1.0180293684453556e-06, 1.000994639599795e-06]
ndim2: 500
W_list: [2.0]
L_list: [61.78649348345251]
