C_final_list: [1.547141979661241e-06, 1.51904893090376e-06, 1.4911269590545636e-06, 1.4641201194737941e-06, 1.4377179056858808e-06, 1.4123619657303332e-06, 1.38751884667798e-06, 1.363078161317878e-06, 1.338880350730117e-06, 1.3153581925730374e-06, 1.2921537896324995e-06, 1.2691402688252293e-06, 1.2466256558931912e-06, 1.2246072523843153e-06, 1.2028629631453366e-06, 1.1815350653023805e-06, 1.1605009401962946e-06, 1.1399806092746178e-06, 1.1199228585051368e-06, 1.1003002414272487e-06, 1.0809399319922927e-06, 1.0620336937839621e-06, 1.0432361533101657e-06, 1.0246289394769866e-06, 1.0063043829150391e-06, 9.885224136463325e-07, 9.708627497473899e-07, 9.537400566056117e-07, 9.368052993668673e-07, 9.199786772830927e-07, 9.032769313646826e-07, 8.871496246850034e-07, 8.711443729231663e-07, 8.555169942960271e-07, 8.401532206225116e-07, 8.249635251753434e-07, 8.100464688776286e-07, 7.954848976097923e-07, 7.81150909812591e-07, 7.670589766429516e-07, 7.531826452466013e-07, 7.394911044310656e-07, 7.26042753081064e-07, 7.126806933337944e-07, 6.996619691273336e-07, 6.867612230125187e-07, 6.741774945813684e-07, 6.618834329510842e-07, 6.49789549377406e-07, 6.378964559305864e-07]
ndim2: 500
W_list: [3.15]
L_list: [55.624019382421764]
