C_final_list: [1.855877254092132e-06, 1.7163694891541655e-06, 1.5798018142838025e-06, 1.4573191747383433e-06, 1.3440082659768477e-06, 1.2402934471242829e-06, 1.1439434395733124e-06, 1.0546619772259662e-06, 9.71369362433056e-07, 8.953813728025283e-07, 8.255146566158253e-07, 7.610491608889793e-07, 7.014124218602156e-07, 6.469731543436446e-07, 5.966634480548178e-07, 5.496442638304151e-07, 5.072734546006798e-07, 4.677339418335948e-07, 4.316183367216736e-07, 3.984959604501605e-07, 3.6762175520730323e-07, 3.3884041341405956e-07, 3.120843717931213e-07, 2.870225411401728e-07, 2.643463100891936e-07, 2.432093585864829e-07, 2.2396547434695142e-07, 2.061915203553481e-07, 1.898810470022746e-07, 1.7469713395406257e-07, 1.6067894577891248e-07, 1.477377414631882e-07, 1.3584025734284528e-07, 1.248719208177381e-07, 1.1470391442044974e-07]
ndim2: 500
W_list: [3.2]
L_list: [12.309010980893035]
