C_final_list: [1.3661318702578766e-06, 1.185315326273557e-06, 1.0259648162354466e-06, 8.858922868529699e-07, 7.663314372653363e-07, 6.622042989077662e-07, 5.717915884560534e-07, 4.930461701569876e-07, 4.247511311115046e-07, 3.6577575080804336e-07, 3.150770477207703e-07, 2.7098110447785326e-07, 2.3334574098314584e-07, 2.0063255278951714e-07, 1.7241255366362532e-07, 1.4811236098406668e-07, 1.2741412751206418e-07, 1.0932346056213329e-07, 9.385858734149461e-08, 8.044905579275955e-08, 6.906989741026089e-08, 5.950788048795325e-08, 5.113417085013987e-08, 4.3758274996797526e-08, 3.7627507269699925e-08, 3.2282966887672e-08, 2.7691571034654328e-08, 2.3767467797116244e-08, 2.037321104907664e-08, 1.747107082507824e-08, 1.4956606906093586e-08, 1.281286648833879e-08, 1.0995256779838359e-08, 9.423659569036737e-09, 8.071233472076773e-09, 6.888200174313193e-09, 5.894186997297476e-09, 5.060861904050139e-09, 4.3423772550088834e-09, 3.732950893401364e-09, 3.196290119063314e-09, 2.7481987714224324e-09, 2.366506716290858e-09, 2.0295892994336716e-09, 1.7399772020351137e-09, 1.486924978057469e-09, 1.2654133545211162e-09, 1.0798012578156546e-09, 9.255284509634754e-10, 7.921694218324605e-10]
ndim2: 500
W_list: [4.2]
L_list: [6.788213322349905]
