C_final_list: [1.7428706475070684e-06, 1.4496436711395878e-06, 1.2025986350615723e-06, 9.99683049384344e-07, 8.281649893930873e-07, 6.862852620893503e-07, 5.67957411646666e-07, 4.692306392270209e-07, 3.8610865967511746e-07, 3.182715519560698e-07, 2.6181414462752826e-07, 2.147270514066953e-07, 1.7698546707415492e-07, 1.4582494793261368e-07, 1.19599830979745e-07, 9.832504111705179e-08, 8.066529380412241e-08, 6.638110028376828e-08, 5.4647938290462646e-08, 4.5081860867987736e-08, 3.6904199084344224e-08, 3.031796340170464e-08, 2.4686989969670256e-08, 2.020858040875751e-08, 1.6523753799423482e-08, 1.3569685069001283e-08, 1.1124210904329967e-08, 9.041420193770175e-09, 7.3732191565561835e-09, 5.9985995750674274e-09, 4.911694488863792e-09, 4.020457738606183e-09, 3.275892244476369e-09, 2.6591917367436973e-09, 2.1485889290654914e-09]
ndim2: 500
W_list: [3.6]
L_list: [5.291964591647075]
