R_list= [ 1  2  3  4  5  6  7  8  9 10 11 12 13 14 15 16 17 18 19 20 21 22 23 24
 25 26 27 28 29 30 31 32 33 34 35 36 37 38]
C_final_list= [2.229213571964178e-06, 1.97019307853002e-06, 1.7999874383039132e-06, 1.6560001199122772e-06, 1.524043273503731e-06, 1.4028778212995545e-06, 1.2899786115949201e-06, 1.186627043691277e-06, 1.0931622459371542e-06, 1.007137471165699e-06, 9.264636431346601e-07, 8.525964860351101e-07, 7.839922533793115e-07, 7.202281433813133e-07, 6.612966512552565e-07, 6.068656809316411e-07, 5.563384486696263e-07, 5.099967590586188e-07, 4.67345733242054e-07, 4.279617174696822e-07, 3.9193115988651364e-07, 3.586646727777103e-07, 3.27634611927516e-07, 2.9917939219078573e-07, 2.732385268209742e-07, 2.499025347116226e-07, 2.2876371396781136e-07, 2.088475235037864e-07, 1.9084142774142863e-07, 1.7455396284199422e-07, 1.5982329647139996e-07, 1.459002299048565e-07, 1.3301933887132105e-07, 1.2149248623085775e-07, 1.1088081342080082e-07, 1.010099441374398e-07, 9.20002193427085e-08, 8.393446757080058e-08]
W_list: [4]
L_list: [11.633151770766382]
