R_list= [ 1  2  3  4  5  6  7  8  9 10 11 12 13 14 15 16 17 18 19 20 21 22 23 24
 25 26 27 28 29 30 31 32]
C_final_list= [7.869622893606065e-07, 7.344713467869503e-07, 6.833140016633988e-07, 6.349459761766636e-07, 5.900415481135663e-07, 5.481660071188054e-07, 5.094701285166614e-07, 4.735844415542361e-07, 4.3996409476889946e-07, 4.092020165408114e-07, 3.802993243681348e-07, 3.5340084852261407e-07, 3.282015067601159e-07, 3.0471067205876215e-07, 2.8283877558863423e-07, 2.6240541736834406e-07, 2.4342398961242897e-07, 2.2558493960462147e-07, 2.0903431782263673e-07, 1.9352350929683605e-07, 1.7914693224082724e-07, 1.659048543523068e-07, 1.5376944956090023e-07, 1.4226700273346274e-07, 1.316329409590449e-07, 1.2179790340230294e-07, 1.1262179878907528e-07, 1.0420008716138391e-07, 9.635482383541397e-08, 8.905819368429816e-08, 8.226012797305678e-08, 7.599636673878474e-08]
W_list: [6]
L_list: [13.494020375906302]
