R_list= [ 1  2  3  4  5  6  7  8  9 10 11 12 13 14 15 16 17 18 19 20 21 22 23 24
 25 26 27 28 29 30 31 32 33 34 35 36 37 38]
C_final_list= [2.387886431613729e-05, 1.9801698000765706e-05, 1.6277356894905986e-05, 1.3348270615250388e-05, 1.0937302570391932e-05, 8.950186129730654e-06, 7.323085292842833e-06, 5.994897624363937e-06, 4.901007912253869e-06, 4.002626077886166e-06, 3.268126517937793e-06, 2.6662891979734372e-06, 2.1744671991599294e-06, 1.7755814180095985e-06, 1.4507547999305442e-06, 1.1852699020099547e-06, 9.666912112427033e-07, 7.883018054628682e-07, 6.431202993852532e-07, 5.247914543000092e-07, 4.285561951787619e-07, 3.501359388982168e-07, 2.85392319388478e-07, 2.3258701417542967e-07, 1.8966984516487295e-07, 1.5473600683456567e-07, 1.262934868603952e-07, 1.030033482570588e-07, 8.416580866247018e-08, 6.874649998648027e-08, 5.623144450927842e-08, 4.610113949487873e-08, 3.778678626434133e-08, 3.096380181832023e-08, 2.5375031480144352e-08, 2.0750578559263714e-08, 1.69776777123208e-08, 1.3901726364973133e-08]
W_list: [7.95]
L_list: [5.041691843936117]
