R_list= [ 1  2  3  4  5  6  7  8  9 10 11 12 13 14 15 16 17 18 19 20 21 22 23 24
 25 26 27 28 29 30 31 32 33 34 35 36 37 38]
C_final_list= [2.2837074407402116e-05, 1.8747503254693718e-05, 1.526320018329643e-05, 1.2390023433597194e-05, 1.0043416611516283e-05, 8.137009744359094e-06, 6.590348279412472e-06, 5.337856741378292e-06, 4.323952036401467e-06, 3.505551644599086e-06, 2.8401242965357655e-06, 2.299202788996986e-06, 1.860852631882966e-06, 1.505619306719575e-06, 1.2179614735248844e-06, 9.864034566071206e-07, 7.977516142023023e-07, 6.453759237261002e-07, 5.223439887501166e-07, 4.2178206574253373e-07, 3.4077189627760964e-07, 2.752767000384114e-07, 2.2237481293818217e-07, 1.7957688261967998e-07, 1.4506417823182065e-07, 1.1728199641331484e-07, 9.475107481307924e-08, 7.642691039133838e-08, 6.167392762538025e-08, 4.972300579352404e-08, 4.013639306944693e-08, 3.2387859681628526e-08, 2.619220098472948e-08, 2.1139913628319714e-08, 1.7074604681285694e-08, 1.3787952464657227e-08, 1.114777322967235e-08, 8.995076757292677e-09]
W_list: [8.1]
L_list: [4.808459513168911]
