R_list= [ 1  2  3  4  5  6  7  8  9 10 11 12 13 14 15 16 17 18 19 20 21 22 23 24
 25 26 27 28 29 30 31 32 33 34 35 36 37 38]
C_final_list= [1.3030401010019557e-06, 9.950366276101405e-07, 7.782664588136191e-07, 6.230936847322944e-07, 5.012890870261427e-07, 4.025133609628436e-07, 3.2360495048866715e-07, 2.6001914248725754e-07, 2.0766164362113881e-07, 1.657196039171809e-07, 1.3233982011815637e-07, 1.0614656982528751e-07, 8.509031499731876e-08, 6.793415410293681e-08, 5.410585260547835e-08, 4.316034156523558e-08, 3.431669239595543e-08, 2.7272663518168786e-08, 2.17658314544398e-08, 1.743536902777094e-08, 1.389815681718254e-08, 1.102633466063242e-08, 8.751356672205975e-09, 6.934892492763507e-09, 5.478101340453091e-09, 4.319699233139554e-09, 3.399188095326873e-09, 2.6731154840634885e-09, 2.0942092848109106e-09, 1.6441494598517744e-09, 1.293059803719264e-09, 1.014402684076233e-09, 7.950159600765247e-10, 6.225680528686395e-10, 4.885234643412982e-10, 3.8448080030202184e-10, 3.0462006308831934e-10, 2.4155442752784164e-10]
W_list: [5]
L_list: [4.317168119254917]
