C_list:
1.944896993623732e-06 0.17921961601767983
ndim2: 500
W_list: [2.8]
L_list: [5.579746359356952]
