C_final_list: [1.8410640637374023e-06, 1.7016209035904479e-06, 1.5679235924352429e-06, 1.4452033589209008e-06, 1.333411120813454e-06, 1.2304220537909278e-06, 1.1353617410447627e-06, 1.047282976880554e-06, 9.664101162077275e-07, 8.910026743858359e-07, 8.224001048698876e-07, 7.581923290543253e-07, 6.997640620211603e-07, 6.464482961919516e-07, 5.970472236030242e-07, 5.508688949983452e-07, 5.081036264663407e-07, 4.68349362466456e-07, 4.3185739835341443e-07, 3.9853345041170744e-07, 3.679175345062251e-07, 3.3958459396467085e-07, 3.1308090182103553e-07, 2.8855326637490114e-07, 2.6611277137797065e-07, 2.45219593129137e-07, 2.2590770667025588e-07, 2.0828612241106129e-07, 1.9175603108217738e-07, 1.7663394089487944e-07, 1.6236035832675554e-07, 1.4931112344410115e-07, 1.3730808088260018e-07, 1.2603993121870046e-07, 1.157507055753197e-07, 1.063331371868235e-07, 9.767122754900878e-08, 8.985377182426996e-08, 8.266200247130181e-08, 7.610447881232689e-08, 7.001900550699586e-08, 6.426486928557308e-08, 5.9082944138221353e-08, 5.432833073527476e-08, 4.98779202048486e-08, 4.581661521137076e-08, 4.2134592982218534e-08, 3.873698502726986e-08, 3.55444210669859e-08, 3.2574304166019035e-08]
ndim2: 500
W_list: [3.3499999999999996]
L_list: [12.378396539192014]
