C_final_list: [1.1901495569550784e-06, 1.1058238648109093e-06, 1.024941572802924e-06, 9.497806552528834e-07, 8.786046616356548e-07, 8.123969207997415e-07, 7.502863499786719e-07, 6.935297582945205e-07, 6.415657757853383e-07, 5.926670510995506e-07, 5.474717974812973e-07, 5.05804529133748e-07, 4.674266893584097e-07, 4.3227555266350565e-07, 3.9974850474663804e-07, 3.6963571419862085e-07, 3.418131981864858e-07, 3.1598242468117474e-07, 2.9186111394854575e-07, 2.698146589167649e-07, 2.493652604989429e-07, 2.3043431297165278e-07, 2.1301264838675876e-07, 1.9686198089890258e-07, 1.8203321520918594e-07, 1.6821030129187027e-07, 1.5537458352836136e-07, 1.43294471447163e-07, 1.3206974882545455e-07, 1.217760063640713e-07, 1.1216755797046065e-07, 1.0329270828872396e-07, 9.50601894519506e-08, 8.743831398615763e-08, 8.045823974445737e-08, 7.38973390980663e-08, 6.79129636147648e-08, 6.246850191874762e-08, 5.735958574189328e-08, 5.2757199979994026e-08, 4.8540346552242566e-08, 4.461027120966418e-08, 4.0978365924653424e-08, 3.766095396152425e-08, 3.460537629584029e-08, 3.178180182234998e-08, 2.9196493545932892e-08, 2.6840740272486865e-08, 2.4681466029790166e-08, 2.2674033837961607e-08]
ndim2: 500
W_list: [4.0]
L_list: [12.720449286250531]
