C_final_list: [1.5378550985819778e-06, 1.412981480413558e-06, 1.289525806184731e-06, 1.175847936988574e-06, 1.072521011151217e-06, 9.778850835024722e-07, 8.91623035455131e-07, 8.123278776401568e-07, 7.400515367976057e-07, 6.74004396810199e-07, 6.151420357889485e-07, 5.599854137853629e-07, 5.100687719154725e-07, 4.646912375890053e-07, 4.2406710762531106e-07, 3.8740331522789755e-07, 3.5435919213279103e-07, 3.2365364379236575e-07, 2.95952547177849e-07, 2.6951003907445586e-07, 2.457339137413731e-07, 2.2362373945870362e-07, 2.0377215193734958e-07, 1.858062079088572e-07, 1.6904250826815364e-07, 1.5375994719155437e-07, 1.396703500705342e-07, 1.2694373290790405e-07, 1.1516931200236712e-07, 1.0450795202936312e-07, 9.48682572920789e-08, 8.610303500678937e-08, 7.809563136093781e-08, 7.093892511801192e-08, 6.443756815262576e-08]
ndim2: 500
W_list: [2.2]
L_list: [10.842351562699957]
