C_final_list: [1.9465387480142135e-06, 1.830053848219192e-06, 1.7155131082024485e-06, 1.6091435361199781e-06, 1.5106904605658025e-06, 1.4184927611373734e-06, 1.3321045765030558e-06, 1.2519085106649757e-06, 1.1766208610905214e-06, 1.1044753136582103e-06, 1.0371279248679261e-06, 9.737118639792766e-07, 9.140187316139057e-07, 8.570965525547566e-07, 8.045873990829245e-07, 7.545538522422177e-07, 7.075433057589287e-07, 6.641492808155571e-07, 6.227508877586099e-07, 5.846077913209364e-07, 5.479347645377414e-07, 5.137316681156376e-07, 4.815958355454671e-07, 4.5136540844537693e-07, 4.2312332756612367e-07, 3.963578031217398e-07, 3.713235712534202e-07, 3.4789935258848743e-07, 3.2575927153418517e-07, 3.0543397349567173e-07, 2.8632602859764955e-07, 2.6845992033697674e-07, 2.518226083516083e-07, 2.3603613183288777e-07, 2.2142266163734245e-07, 2.0776228947409873e-07, 1.9498947525579156e-07, 1.8292108382217852e-07, 1.7153055434341445e-07, 1.6085806280547477e-07, 1.5082029103418645e-07, 1.413960239126856e-07, 1.3235491336184871e-07, 1.239927717602833e-07, 1.161110278694914e-07, 1.0873105136160969e-07, 1.019029680096231e-07, 9.549783963575631e-08, 8.93821329749664e-08, 8.365317028447878e-08]
ndim2: 500
W_list: [3.0]
L_list: [15.71412446527813]
