C_final_list: [1.927422095902994e-06, 1.8778746723025363e-06, 1.8290868089925693e-06, 1.781800727815453e-06, 1.7354178434099866e-06, 1.6917811224772308e-06, 1.6484763012865035e-06, 1.605986630092847e-06, 1.5643074168624598e-06, 1.5237497647030407e-06, 1.4842001023746192e-06, 1.4455140563059493e-06, 1.4073087834202048e-06, 1.3705315051531009e-06, 1.3350286114021016e-06, 1.3001631419805303e-06, 1.2662917021903211e-06, 1.2331635340993605e-06, 1.2004986587911002e-06, 1.1687428203560988e-06, 1.137785231204341e-06, 1.1073897068220731e-06, 1.0778761661611682e-06, 1.0490468050283905e-06, 1.0210857005194288e-06, 9.940474926752445e-07, 9.678829013646816e-07, 9.421958225380321e-07, 9.170698119657171e-07, 8.92142569987211e-07, 8.678964560847151e-07, 8.443683701927933e-07, 8.213273976250846e-07, 7.989928322189275e-07, 7.772877978021542e-07, 7.562543899494289e-07, 7.355868151336518e-07, 7.155267938825632e-07, 6.960711712089166e-07, 6.769151698056438e-07, 6.585648809682472e-07, 6.407011531030499e-07, 6.231527218402278e-07, 6.061679942422486e-07, 5.89402805863524e-07, 5.730365284473548e-07, 5.572870711288956e-07, 5.4195807335394e-07, 5.270594620470183e-07, 5.125100056773246e-07]
ndim2: 500
W_list: [2.8]
L_list: [37.277703423062704]
