R_list= [ 1  2  3  4  5  6  7  8  9 10 11 12 13 14 15 16 17 18 19 20 21 22 23 24
 25 26 27 28 29 30]
C_final_list= [7.270380830878762e-07, 6.881534203125601e-07, 6.496219539070782e-07, 6.122513805388323e-07, 5.767256122295571e-07, 5.428011719848916e-07, 5.106770376374791e-07, 4.805665177414167e-07, 4.51986922646302e-07, 4.251842881935421e-07, 3.998583097872264e-07, 3.7596822388040314e-07, 3.5349335553164035e-07, 3.3223057884386106e-07, 3.121157893048803e-07, 2.932479370878788e-07, 2.756579933207743e-07, 2.590214321899339e-07, 2.4334852927425723e-07, 2.2869591783037497e-07, 2.149651508536653e-07, 2.0211707875806794e-07, 1.8997460928945846e-07, 1.7850697279722768e-07, 1.677673729565424e-07, 1.5769793433873238e-07, 1.4820933034739617e-07, 1.392948005782164e-07, 1.3090920769427347e-07, 1.2303390364072469e-07]
W_list: [6]
L_list: [16.352709501535877]
