R_list= [ 1  2  3  4  5  6  7  8  9 10 11 12 13 14 15 16 17 18 19 20 21 22 23 24
 25 26 27 28 29 30 31 32 33 34 35 36 37 38]
C_final_list= [3.0695042487056335e-07, 2.1176242112783197e-07, 1.468951472693798e-07, 1.0221909341394379e-07, 7.057681001509594e-08, 4.841560624587758e-08, 3.309750002463806e-08, 2.2605904399197668e-08, 1.5381182171678285e-08, 1.0461856444156359e-08, 7.110555137087479e-09, 4.872192144885074e-09, 3.3473415513965524e-09, 2.2912313073271507e-09, 1.5565371261126533e-09, 1.0523907994617591e-09, 7.052175643442728e-10, 4.760377837812842e-10, 3.1935861365302364e-10, 2.118892538926591e-10, 1.4204193356862373e-10, 9.502061577113022e-11, 6.289415959704086e-11, 4.1412459575866147e-11, 2.724235001558813e-11, 1.7904339226992462e-11, 1.1727598425674445e-11, 7.666008697580397e-12, 4.945892527204913e-12, 3.1972400336067467e-12, 2.1154783995304543e-12, 1.3834188952902102e-12, 9.001498014843539e-13, 5.734909821924966e-13, 3.702492934385697e-13, 2.373581251170636e-13, 1.5260650073038793e-13, 9.830092656214948e-14]
W_list: [7]
L_list: [2.707010842641284]
