C_list:
1.6631099304709677e-06 0.08736633544122654
ndim2: 500
W_list: [2.4]
L_list: [11.446056366559226]
