R_list= [ 1  2  3  4  5  6  7  8  9 10 11 12 13 14 15 16 17 18 19 20 21 22 23 24
 25 26 27 28 29 30 31 32 33 34 35 36 37 38]
C_final_list= [1.2956637111431135e-06, 9.84916338836532e-07, 7.669362808934438e-07, 6.12938153223324e-07, 4.925086241017674e-07, 3.943421085567471e-07, 3.158363890630286e-07, 2.5301970879769134e-07, 2.0227634927135582e-07, 1.6134315329085594e-07, 1.2835459757406626e-07, 1.02199623256769e-07, 8.121228175820426e-08, 6.44862607960405e-08, 5.1178320833553695e-08, 4.061068712231703e-08, 3.218529407106395e-08, 2.5541225853877763e-08, 2.0280424791838768e-08, 1.603461473751749e-08, 1.2582345965275301e-08, 9.831342773047727e-09, 7.699686940027495e-09, 6.046228197732493e-09, 4.744555783614577e-09, 3.7135982152160195e-09, 2.914657399789141e-09, 2.2838863599259698e-09, 1.798602095331252e-09, 1.424294929890565e-09, 1.130851462505343e-09, 8.984759175031902e-10, 7.148411955414589e-10, 5.658130802059194e-10, 4.452032415316933e-10, 3.513982143301831e-10, 2.7726745902036403e-10, 2.1835984067640613e-10]
W_list: [5]
L_list: [4.258389793406285]
