C_list:
1.9252798817860946e-06 0.3125064022206223
ndim2: 500
W_list: [4.0]
L_list: [3.199934442603909]
