C_final_list: [7.016076129587135e-07, 6.651059156768108e-07, 6.272204167807142e-07, 5.90528617764678e-07, 5.560137044060293e-07, 5.228021053046374e-07, 4.912281276270187e-07, 4.6155365087724217e-07, 4.335579660193436e-07, 4.072438806013585e-07, 3.8242471260933565e-07, 3.5881895154321296e-07, 3.3662844637326216e-07, 3.1566592390904015e-07, 2.962626024219603e-07, 2.779768295852133e-07, 2.6111731660303346e-07, 2.4516406185912484e-07, 2.3015875092222479e-07, 2.1597756222756837e-07, 2.0254183387525324e-07, 1.8997747588071898e-07, 1.7818077787134987e-07, 1.6710952393107263e-07, 1.567164921024274e-07, 1.4711464555670072e-07, 1.3803684404254014e-07, 1.2952186636647344e-07, 1.214562575481813e-07, 1.1389520144729413e-07, 1.067621315324867e-07, 1.0004173382833638e-07, 9.370179968332767e-08, 8.770517829671097e-08, 8.21389406371799e-08]
ndim2: 500
W_list: [3.0]
L_list: [15.964439957263318]
