R_list= [ 1  2  3  4  5  6  7  8  9 10 11 12 13 14 15 16 17 18 19 20 21 22 23 24
 25 26 27 28 29 30 31 32 33 34 35 36 37 38]
C_final_list= [2.1672148813262249e-07, 1.3181937692901212e-07, 6.745068059917646e-08, 3.117981873509536e-08, 1.3541503701298224e-08, 5.655097533285567e-09, 2.305958529569502e-09, 9.281037914430815e-10, 3.722834664042112e-10, 1.497696657075243e-10, 6.068708282734842e-11, 2.4671269539155935e-11, 1.0025325411278151e-11, 4.089943355724879e-12, 1.6749644614896943e-12, 6.857283763610038e-13, 2.7992349349526283e-13, 1.1416965204799618e-13, 4.6672390756574536e-14, 1.9176526646161834e-14, 7.924973980011257e-15, 3.283940112579534e-15, 1.366649856877133e-15, 5.712982858257728e-16, 2.4483120830315995e-16, 1.1144689504993742e-16, 5.857651757419827e-17, 3.613596244200412e-17, 2.3600748385356884e-17, 1.5343750207660284e-17, 8.200177477586882e-18, 4.0180063910609926e-18, 1.689645507300364e-18, 6.370417777152282e-19, 2.243401642203442e-19, 8.104358436158287e-20, 3.114825060113316e-20, 1.2830832621127488e-20]
W_list: [4]
L_list: [1.6540221289770285]
