C_final_list: [2.096673372400866e-06, 1.8742339416599428e-06, 1.6692992878986676e-06, 1.4816412643981793e-06, 1.3156529121866874e-06, 1.1707094586722874e-06, 1.0438426512649827e-06, 9.303300279239869e-07, 8.297849779566679e-07, 7.407058835081058e-07, 6.57773557317508e-07, 5.842758293603361e-07, 5.186170323526666e-07, 4.6066151185497613e-07, 4.0755174782368846e-07, 3.617971591984689e-07, 3.209692816829282e-07, 2.854236212371056e-07, 2.533972282377939e-07, 2.2486390818978938e-07, 1.9941470687128997e-07, 1.7650692333829447e-07, 1.566078919507912e-07, 1.385714385393548e-07, 1.224379636030021e-07, 1.0853992872664783e-07, 9.593047443807828e-08, 8.510195631965413e-08, 7.506876056627218e-08, 6.634245445687277e-08, 5.8584831690372305e-08, 5.179182770264273e-08, 4.589423545361521e-08, 4.070017711033761e-08, 3.6107581842926337e-08, 3.1901919312838597e-08, 2.8152241997356503e-08, 2.483927151483159e-08, 2.1944549966905395e-08, 1.937458875061944e-08, 1.714292522746507e-08, 1.516968343490071e-08, 1.3419319078804112e-08, 1.18965012240426e-08, 1.0491225785418285e-08, 9.27452444342948e-09, 8.214569425249906e-09, 7.270687122049668e-09, 6.41409145970521e-09, 5.657812287863301e-09]
ndim2: 500
W_list: [2.8]
L_list: [8.532186670593365]
