R_list= [ 1  2  3  4  5  6  7  8  9 10 11 12 13 14 15 16 17 18 19 20 21 22 23 24
 25 26 27 28 29 30 31 32 33 34 35 36 37 38]
C_final_list= [5.11481208758696e-07, 4.604703421082088e-07, 4.112243121436945e-07, 3.659315188994939e-07, 3.255590533473692e-07, 2.8944143109118514e-07, 2.5695885917310234e-07, 2.2795439660423147e-07, 2.0215643750454407e-07, 1.7932286385190283e-07, 1.5886369819723056e-07, 1.4081644437275464e-07, 1.247668195531396e-07, 1.1051757265027885e-07, 9.778965550083471e-08, 8.650857342797402e-08, 7.643415448271604e-08, 6.73503682252047e-08, 5.934670485029485e-08, 5.2287684084214514e-08, 4.6091816475564366e-08, 4.0577609459450575e-08, 3.5696278279353015e-08, 3.147085793797522e-08, 2.7721482287132696e-08, 2.440122683604231e-08, 2.144730954402326e-08, 1.8883442338816775e-08, 1.661889424087203e-08, 1.4611577839581467e-08, 1.2835600352867889e-08, 1.128441743943479e-08, 9.915451846134387e-09, 8.71799526319146e-09, 7.66059801407862e-09, 6.723390121344948e-09, 5.8981241390545095e-09, 5.175215775799025e-09]
W_list: [7]
L_list: [8.406568923581002]
