R_list= [ 1  2  3  4  5  6  7  8  9 10 11 12 13 14 15 16 17 18 19 20 21 22 23 24
 25 26 27 28 29 30 31 32 33 34 35 36 37 38]
C_final_list= [2.261521055602516e-06, 1.7259891830861874e-06, 1.3013833853379068e-06, 9.743071489645497e-07, 7.265488800929978e-07, 5.425256438347868e-07, 4.04415816226195e-07, 3.0148720458367373e-07, 2.240515005315258e-07, 1.6594309302081116e-07, 1.229292720115442e-07, 9.083539533338208e-08, 6.729128970636933e-08, 4.98063746139823e-08, 3.665222074873565e-08, 2.6895231428920786e-08, 1.9802808864052053e-08, 1.4630023349869472e-08, 1.0844167686028388e-08, 8.052288940369184e-09, 6.011422895397661e-09, 4.482295089814031e-09, 3.3458748745440655e-09, 2.496225674099429e-09, 1.877522422691732e-09, 1.416508369196945e-09, 1.0630834253783115e-09, 7.890184005404725e-10, 5.858918299035043e-10, 4.2732017966104703e-10, 3.104489737947366e-10, 2.267598660057761e-10, 1.646358175904929e-10, 1.180528243053094e-10, 8.37814957405962e-11, 5.938493519260675e-11, 4.211451046989465e-11, 3.000147323266678e-11]
W_list: [9.2]
L_list: [3.493758648013465]
