R_list= [ 1  2  3  4  5  6  7  8  9 10 11 12 13 14 15 16 17 18 19 20 21 22 23 24
 25 26 27 28 29 30 31 32 33 34 35 36 37 38]
C_final_list= [2.9403287532690965e-06, 2.334718023882435e-06, 1.832674783928937e-06, 1.433143262696636e-06, 1.1179331230036856e-06, 8.720484210134206e-07, 6.801237567708605e-07, 5.319073911356341e-07, 4.158765180877639e-07, 3.244027793335104e-07, 2.524493538849864e-07, 1.9681937316049968e-07, 1.5310134407190361e-07, 1.190687085763654e-07, 9.22843932388646e-08, 7.146341116061316e-08, 5.5339370021205565e-08, 4.281734088137877e-08, 3.314331775226762e-08, 2.5713305652337198e-08, 1.999505186694409e-08, 1.552160068846283e-08, 1.2063596952399885e-08, 9.34520205918578e-09, 7.244592592343339e-09, 5.612399019228211e-09, 4.337504169046633e-09, 3.3481180247890698e-09, 2.5966465996784417e-09, 2.0115657574247945e-09, 1.5617509303537348e-09, 1.2132839936936612e-09, 9.46497561521361e-10, 7.388405921924598e-10, 5.793677864198551e-10, 4.5227981363646076e-10, 3.5143246255187374e-10, 2.7188268501956826e-10]
W_list: [8.6]
L_list: [4.09669804377333]
