R_list= [ 1  2  3  4  5  6  7  8  9 10 11 12 13 14 15 16 17 18 19 20 21 22 23 24
 25 26 27 28 29 30 31 32 33 34 35 36 37 38]
C_final_list= [2.9748001752078926e-07, 2.0541116977562793e-07, 1.4146605335367843e-07, 9.715924901912833e-08, 6.664324159323505e-08, 4.567235770293587e-08, 3.105154957987477e-08, 2.087457585108227e-08, 1.40328344607814e-08, 9.540995421612675e-09, 6.492601649316123e-09, 4.384938314145508e-09, 2.956647729867749e-09, 2.013563552763217e-09, 1.3743621557870381e-09, 9.419317983301807e-10, 6.468164962139679e-10, 4.4283170549421e-10, 3.0288834896542915e-10, 2.0527425424649097e-10, 1.390394861456156e-10, 9.371377886101507e-11, 6.282021416945063e-11, 4.2441580881852073e-11, 2.8731781662048406e-11, 1.9382644189482188e-11, 1.3198595341399695e-11, 8.91459505277153e-12, 5.8931651801532836e-12, 3.8075449948095715e-12, 2.4984141770512933e-12, 1.632436395797961e-12, 1.0736771800421369e-12, 6.945193277942152e-13, 4.4475195057734876e-13, 3.005196912955707e-13, 2.0347739846970317e-13, 1.2793210391916823e-13]
W_list: [7]
L_list: [2.6666225907130228]
