R_list= [ 1  2  3  4  5  6  7  8  9 10 11 12 13 14 15 16 17 18 19 20 21 22 23 24
 25 26 27 28 29 30 31 32]
C_final_list= [3.623417612762042e-07, 2.710750993484301e-07, 2.01352365026149e-07, 1.5042743431702385e-07, 1.1221386263970647e-07, 8.34328479212178e-08, 6.183255104561424e-08, 4.5774654185715924e-08, 3.380445991155766e-08, 2.4865310194616964e-08, 1.819762201094805e-08, 1.3268107088130881e-08, 9.66953799342225e-09, 7.038582594426131e-09, 5.121564971601087e-09, 3.735649184027541e-09, 2.7186370078429708e-09, 1.9743618707151465e-09, 1.431849428467617e-09, 1.0338457412501062e-09, 7.463401475087176e-10, 5.393579131518075e-10, 3.9050830793625225e-10, 2.810897586581797e-10, 2.0175778173051617e-10, 1.4466769087373416e-10, 1.0435816422929376e-10, 7.581628324852291e-11, 5.534554870370586e-11, 4.033349983372324e-11, 2.922025642644958e-11, 2.108584750679741e-11]
W_list: [6]
L_list: [3.3878658536361126]
