R_list= [ 1  2  3  4  5  6  7  8  9 10 11 12 13 14 15 16 17 18 19 20 21 22 23 24
 25 26 27 28 29 30 31 32 33 34 35 36 37 38]
C_final_list= [5.049480014883275e-07, 3.9086540671072895e-07, 2.9955173004623273e-07, 2.2866533001886522e-07, 1.7364600576180506e-07, 1.3142768605503224e-07, 9.96217962417359e-08, 7.583407876306833e-08, 5.7223388566847624e-08, 4.32153350049277e-08, 3.2511472726636376e-08, 2.4445179470916433e-08, 1.8305224838265894e-08, 1.3710098094649956e-08, 1.0261558456948848e-08, 7.653748802445549e-09, 5.692037100173646e-09, 4.248718591501713e-09, 3.1584537472753712e-09, 2.3362399595876885e-09, 1.73715870828542e-09, 1.2986716379788182e-09, 9.76577394086977e-10, 7.336382940434575e-10, 5.512198537191917e-10, 4.1240002772755616e-10, 3.0805674969427737e-10, 2.3110528173798746e-10, 1.7319519138150064e-10, 1.3003643686153615e-10, 9.692398118506766e-11, 7.25995134731101e-11, 5.389065701087988e-11, 3.9843092712191246e-11, 2.9455125497326554e-11, 2.1890776637418924e-11, 1.6029387601018257e-11, 1.1688734964191825e-11]
W_list: [8.8]
L_list: [3.7015740094730534]
