C_final_list: [1.0846759606031628e-06, 9.890104223309767e-07, 8.983165662447379e-07, 8.144489855004549e-07, 7.379184802719695e-07, 6.67297144957016e-07, 6.032582925424925e-07, 5.450009655880236e-07, 4.924072640420134e-07, 4.4450842037873187e-07, 4.0143784042077815e-07, 3.6230528180296283e-07, 3.2701170464587814e-07, 2.954986828831609e-07, 2.666429940733305e-07, 2.408776982746561e-07, 2.1763750297292502e-07, 1.9638655386738537e-07, 1.7702062990612476e-07, 1.595001007528452e-07, 1.436849667326604e-07, 1.2923288583444917e-07, 1.1630326903612242e-07, 1.0474713218334541e-07, 9.442132737646725e-08, 8.501141644812627e-08, 7.64121422244925e-08, 6.860954157095452e-08, 6.16441004134295e-08, 5.539947738160643e-08, 4.9750685629945856e-08, 4.4706818413431646e-08, 4.0172987389005464e-08, 3.609588708339857e-08, 3.247008957815359e-08]
ndim2: 500
W_list: [4.2]
L_list: [9.908514106661462]
