R_list= [ 1  2  3  4  5  6  7  8  9 10 11 12 13 14 15 16 17 18 19 20 21 22 23 24
 25 26 27 28 29 30 31 32 33 34 35 36 37 38]
C_final_list= [2.7641814833652983e-07, 1.7964034156416416e-07, 1.0069110688565647e-07, 5.1655420627214295e-08, 2.509506540008467e-08, 1.1750561218749257e-08, 5.360528025404189e-09, 2.4030798979264624e-09, 1.064882878813181e-09, 4.674577617452315e-10, 2.0308611692948515e-10, 8.719404538880534e-11, 3.7145187923694104e-11, 1.5690914524753332e-11, 6.569352043439453e-12, 2.734525758078633e-12, 1.1354828231635208e-12, 4.717873527596923e-13, 1.976335883584943e-13, 8.422432669876557e-14, 3.733060937959993e-14, 1.817996509704808e-14, 1.1290967654429217e-14, 1.144597342988969e-14, 1.452698189445737e-14, 1.3217302692416364e-14, 7.852702632314618e-15, 3.4723644237928893e-15, 1.2877925282942588e-15, 4.426035896974989e-16, 1.5292478732983502e-16, 5.207651154283629e-17, 1.8220418995067558e-17, 6.7599258804363764e-18, 2.799980965535425e-18, 1.2196039051192524e-18, 5.010400762502998e-19, 1.9729040199745594e-19]
W_list: [4]
L_list: [1.8538403359039946]
