R_list= [ 1  2  3  4  5  6  7  8  9 10 11 12 13 14 15 16 17 18 19 20 21 22 23 24
 25 26 27 28 29 30 31 32 33 34 35 36 37 38]
C_final_list= [7.755725441746821e-07, 6.641176324472817e-07, 5.740009779397783e-07, 4.945848782329469e-07, 4.256986519416643e-07, 3.664920990636974e-07, 3.160135495703109e-07, 2.7197597425493747e-07, 2.3349212242934287e-07, 2.0039401971820342e-07, 1.7215438209801392e-07, 1.475368638624739e-07, 1.2656497019946288e-07, 1.084532140947352e-07, 9.29106243960229e-08, 7.960386922131087e-08, 6.818942910508248e-08, 5.837198376391262e-08, 4.980002838739594e-08, 4.2487506366933857e-08, 3.6200007728712456e-08, 3.0801779314881956e-08, 2.625662736784729e-08, 2.2438970028929772e-08, 1.9122606466696475e-08, 1.6297246757758357e-08, 1.388527023980194e-08, 1.1834663346184617e-08, 1.0064746040367987e-08, 8.586009671713281e-09, 7.316402452231057e-09, 6.234179997823811e-09, 5.302484437441023e-09, 4.500724594355015e-09, 3.832185726894923e-09, 3.270678084107012e-09, 2.787807618934396e-09, 2.3793485209287978e-09]
W_list: [6]
L_list: [6.625306782304248]
