C_final_list: [1.9300487651338845e-06, 1.9106537847909956e-06, 1.8914521387191215e-06, 1.8730558056735428e-06, 1.8553885643398098e-06, 1.8379749486522859e-06, 1.8209673522252796e-06, 1.804202886809849e-06, 1.7877906090326135e-06, 1.771263980903171e-06, 1.755001847317171e-06, 1.7387264537953827e-06, 1.722700022224345e-06, 1.7069037644133544e-06, 1.6912441220543716e-06, 1.6756615466730716e-06, 1.6602208840680857e-06, 1.6449231845042344e-06, 1.6299894039758892e-06, 1.6152426232299643e-06, 1.600718046824085e-06, 1.5862951720249174e-06, 1.5718606561123131e-06, 1.5576403142817168e-06, 1.5434147282130033e-06, 1.529382632215514e-06, 1.5153238500833868e-06, 1.5015237013814344e-06, 1.4877192835306157e-06, 1.4739362694593927e-06, 1.460286208250537e-06, 1.446660329084329e-06, 1.4332923274370981e-06, 1.4198857863164285e-06, 1.4065149849145628e-06]
ndim2: 500
W_list: [2.4]
L_list: [108.24302477953321]
