R_list= [ 1  2  3  4  5  6  7  8  9 10 11 12 13 14 15 16 17 18 19 20 21 22 23 24
 25 26 27 28 29 30 31 32 33 34 35 36 37 38]
C_final_list= [4.1498019984885064e-07, 2.5687682029522043e-07, 1.351376607412788e-07, 6.473116871362064e-08, 2.92923589600654e-08, 1.279424779542195e-08, 5.4626368741864905e-09, 2.301039908316329e-09, 9.621157961581655e-10, 4.0000924252985826e-10, 1.6591825879620008e-10, 6.876451544023752e-11, 2.8579893330582075e-11, 1.1957402017956512e-11, 5.0446481845588815e-12, 2.138636295113832e-12, 9.088694864997687e-13, 3.839919426050104e-13, 1.6151844725278515e-13, 6.769727983917826e-14, 2.852792139011947e-14, 1.2098502190255138e-14, 5.274462671536397e-15, 2.444304892615935e-15, 1.2577928208890377e-15, 6.9732399453919975e-16, 3.867276753690726e-16, 1.9294416078492e-16, 8.305146433164456e-17, 3.3252740750277556e-17, 1.2828698788942396e-17, 5.116526300018986e-18, 2.1485060353250757e-18, 9.653799059577044e-19, 4.595140666374373e-19, 2.327138496278547e-19, 1.2567328424679365e-19, 7.376058622854794e-20]
W_list: [4]
L_list: [1.70861605835812]
