R_list= [ 1  2  3  4  5  6  7  8  9 10 11 12 13 14 15 16 17 18 19 20 21 22 23 24
 25 26 27 28 29 30 31 32 33 34 35 36 37 38]
C_final_list= [5.529421871460042e-06, 4.6455740551690776e-06, 3.860397870537452e-06, 3.1943094459132514e-06, 2.634055109672262e-06, 2.170699597730597e-06, 1.7867341507346717e-06, 1.468069866218691e-06, 1.205550664612086e-06, 9.898296480354911e-07, 8.123987227815283e-07, 6.660923358015367e-07, 5.457767320436476e-07, 4.469896109163231e-07, 3.6544218540361073e-07, 2.9878499214339774e-07, 2.4435614377846736e-07, 2.0008144246041055e-07, 1.638635736441902e-07, 1.3407722283103046e-07, 1.0956644299419898e-07, 8.95356900072415e-08, 7.324865227702263e-08, 5.98996651419662e-08, 4.8969987067346835e-08, 4.00561553050148e-08, 3.2810231014045346e-08, 2.6845804517078087e-08, 2.1999145868452442e-08, 1.8016531928754105e-08, 1.4752936238560455e-08, 1.210795714636303e-08, 9.94268683038869e-09, 8.169726224031984e-09, 6.697272791965103e-09, 5.501403323684511e-09, 4.509406398985759e-09, 3.6960736451964153e-09]
W_list: [8.5]
L_list: [5.233751956018358]
