C_final_list: [1.5344836156724737e-06, 1.1996894182652647e-06, 9.314056551879871e-07, 7.258209560118915e-07, 5.680134299214123e-07, 4.4368306392265447e-07, 3.4494878787923414e-07, 2.6853279259940646e-07, 2.0673515515947204e-07, 1.5964313869406467e-07, 1.2344338393218931e-07, 9.575344309640606e-08, 7.414058923490911e-08, 5.7677476553742516e-08, 4.466207340940353e-08, 3.432136141316626e-08, 2.625646575610346e-08, 2.0011906620673782e-08, 1.5286525456702947e-08, 1.1584412916590234e-08, 8.797151562374546e-09, 6.7809416103237534e-09, 5.214787598691157e-09, 3.989888608409459e-09, 3.070805604226762e-09, 2.344766890391222e-09, 1.7801718139954832e-09, 1.3541734689459945e-09, 1.0259990149816434e-09, 7.813869921845576e-10, 5.931149979411118e-10, 4.486973292138385e-10, 3.366949262247976e-10, 2.538261473319167e-10, 1.9333487432389643e-10]
ndim2: 500
W_list: [4.2]
L_list: [3.9995355165627906]
