C_final_list: [1.6961267802934805e-06, 1.6401241907991312e-06, 1.5831155957398365e-06, 1.5291254521982018e-06, 1.476344870656938e-06, 1.4267369739144646e-06, 1.3786221320453038e-06, 1.331788055390909e-06, 1.2862681666511468e-06, 1.2422694563546272e-06, 1.1993050264913874e-06, 1.157992228792185e-06, 1.1188719323696789e-06, 1.080949125590305e-06, 1.0439193362789749e-06, 1.0085040824034805e-06, 9.742700233278957e-07, 9.410609451926681e-07, 9.090882982495579e-07, 8.783520929049937e-07, 8.486092792490983e-07, 8.194767132094055e-07, 7.914120978320944e-07, 7.639743729306546e-07, 7.374656273618602e-07, 7.119842465556083e-07, 6.874291505795348e-07, 6.636594481438792e-07, 6.407474176134931e-07, 6.183793784533273e-07, 5.968066280979616e-07, 5.758720384995207e-07, 5.556290025690682e-07, 5.363046453192248e-07, 5.176913143613922e-07]
ndim2: 500
W_list: [2.6]
L_list: [28.751456228126145]
