R_list= [ 1  2  3  4  5  6  7  8  9 10 11 12 13 14 15 16 17 18 19 20 21 22 23 24
 25 26 27 28 29 30 31 32 33 34 35 36 37 38]
C_final_list= [1.0357753207716923e-06, 9.218916508963889e-07, 8.31802733814449e-07, 7.52606676264829e-07, 6.792037537328875e-07, 6.127657675026322e-07, 5.537184646091665e-07, 5.003513945871434e-07, 4.5115718828449443e-07, 4.06316823117823e-07, 3.656676485165185e-07, 3.2916672888876125e-07, 2.9655703381661625e-07, 2.673883018786417e-07, 2.4114428961771264e-07, 2.1767179795567924e-07, 1.9647724164343846e-07, 1.7721788847590486e-07, 1.5980839085360892e-07, 1.4394382706290058e-07, 1.297055770534259e-07, 1.1680648141702462e-07, 1.0517289444186403e-07, 9.46365093739325e-08, 8.521838503384406e-08, 7.673359301409424e-08, 6.911052605444581e-08, 6.228609930229525e-08, 5.608338247484768e-08, 5.0499738109086056e-08, 4.539886336344755e-08, 4.08115834689332e-08, 3.66951102995162e-08, 3.295749572653727e-08, 2.9625560298038656e-08, 2.663992223685828e-08, 2.3938178488348712e-08, 2.1474939560956658e-08]
W_list: [5]
L_list: [9.652857032485661]
