R_list= [ 1  2  3  4  5  6  7  8  9 10 11 12 13 14 15 16 17 18 19 20 21 22 23 24
 25 26 27 28 29 30 31 32 33 34 35 36 37 38]
C_final_list= [5.801569569153363e-07, 4.796760785405102e-07, 3.945878921808266e-07, 3.233429968226776e-07, 2.649050352774614e-07, 2.1750214695553118e-07, 1.7861615247677733e-07, 1.462979536451211e-07, 1.1959749067832877e-07, 9.740261305205536e-08, 7.940876878377152e-08, 6.479910764707212e-08, 5.255111412780104e-08, 4.268567386742315e-08, 3.474105702992452e-08, 2.8259357153638224e-08, 2.2898620168404123e-08, 1.855229793010283e-08, 1.5062332335458762e-08, 1.2224365739777647e-08, 9.92157297118271e-09, 8.02878296074169e-09, 6.498910856521078e-09, 5.267808748233744e-09, 4.251993041909341e-09, 3.4259714014185775e-09, 2.757248529574657e-09, 2.222975082278902e-09, 1.7979167743939166e-09, 1.4543139875500934e-09, 1.1729235159719517e-09, 9.502727781953798e-10, 7.687448131650637e-10, 6.179034285213948e-10, 5.004019704518904e-10, 4.051322122210902e-10, 3.271951459502098e-10, 2.629351184309862e-10]
W_list: [7]
L_list: [5.040115925032697]
