C_list:
1.972400435168169e-06 0.07686756932092466
ndim2: 500
W_list: [1.5999999999999999]
L_list: [13.009387558815172]
