R_list= [ 1  2  3  4  5  6  7  8  9 10 11 12 13 14 15 16 17 18 19 20 21 22 23 24
 25 26 27 28 29 30 31 32 33 34 35 36 37 38]
C_final_list= [2.5748256084294206e-07, 2.2650050335887928e-07, 1.964297857797887e-07, 1.6916870963617032e-07, 1.4502915831582784e-07, 1.2407310054337804e-07, 1.0592599501361408e-07, 9.028513504969991e-08, 7.706262342486044e-08, 6.577105216682273e-08, 5.616093237417731e-08, 4.802248528709099e-08, 4.106211390291657e-08, 3.510124238053203e-08, 2.9996553889454905e-08, 2.5635181830621418e-08, 2.1927046511300768e-08, 1.8761491149244707e-08, 1.6039733960637963e-08, 1.371421029158367e-08, 1.1704171296565832e-08, 9.965217369848618e-09, 8.472884374015538e-09, 7.197717886023327e-09, 6.115922077724866e-09, 5.187962269750108e-09, 4.404523755825351e-09, 3.73385404403058e-09, 3.1663043419298525e-09, 2.6803465220928517e-09, 2.2692515222594785e-09, 1.924578622358458e-09, 1.6340911328662594e-09, 1.3857889905194848e-09, 1.1740256413599384e-09, 9.933680988964615e-10, 8.390338575284932e-10, 7.082994917583659e-10]
W_list: [9.0]
L_list: [6.546118801503947]
