C_final_list: [1.8135358623910238e-06, 1.7918034307588412e-06, 1.7699711686638767e-06, 1.7489571542308852e-06, 1.7284737580753105e-06, 1.708603784715513e-06, 1.6890969496267581e-06, 1.6700881140401527e-06, 1.6514359374364126e-06, 1.63319536426667e-06, 1.6151633427326494e-06, 1.597284788138319e-06, 1.5797417553869438e-06, 1.5621886453353847e-06, 1.545083742725323e-06, 1.5279518820562914e-06, 1.5111437212052417e-06, 1.4944006705728496e-06, 1.4777599673601125e-06, 1.4613221107290786e-06, 1.445223346756546e-06, 1.4294226616614533e-06, 1.4137216143091293e-06, 1.3981133107985098e-06, 1.3827768069523308e-06, 1.3675521824791915e-06, 1.352362969652912e-06, 1.3375084526061197e-06, 1.3227176754874862e-06, 1.307866903541065e-06, 1.2930824504701497e-06, 1.278517886192138e-06, 1.2641438550686802e-06, 1.2498880379743255e-06, 1.2357680254160745e-06]
ndim2: 500
W_list: [2.6]
L_list: [89.30330178642039]
