R_list= [ 1  2  3  4  5  6  7  8  9 10 11 12 13 14 15 16 17 18 19 20 21 22 23 24
 25 26 27 28 29 30 31 32 33 34 35 36 37 38]
C_final_list= [2.1663091406551052e-05, 1.7676922689359628e-05, 1.4309761162396531e-05, 1.1549997218550943e-05, 9.313464161703873e-06, 7.501974919574301e-06, 6.036749951253024e-06, 4.853467545878464e-06, 3.8976040070508935e-06, 3.130406079009448e-06, 2.514146181324458e-06, 2.0217729676385728e-06, 1.6257490512279418e-06, 1.3061903535792032e-06, 1.0475279491404086e-06, 8.406335765658828e-07, 6.744863751639426e-07, 5.423835336960162e-07, 4.357938376731355e-07, 3.4969341883959114e-07, 2.8026942453922407e-07, 2.246145379641864e-07, 1.8014034937856948e-07, 1.446291806210481e-07, 1.1597650786043847e-07, 9.303017730464848e-08, 7.454071602409663e-08, 5.971832314720653e-08, 4.7855885562146625e-08, 3.8351486605277416e-08, 3.0646361683928966e-08, 2.4528766327841927e-08, 1.9601509702978922e-08, 1.5694092213509442e-08, 1.2537419786114283e-08, 1.0025728005330924e-08, 8.012051678076325e-09, 6.389238626186032e-09]
W_list: [8.2]
L_list: [4.669542838283251]
