C_list:
6.447576498426357e-07 0.08098326316546645
ndim2: 500
W_list: [3.4]
L_list: [12.34823049741503]
