C_final_list: [1.8239894645505392e-06, 1.769417803208203e-06, 1.714792551821825e-06, 1.6621561259333798e-06, 1.611244133579171e-06, 1.562005582301933e-06, 1.514120117134549e-06, 1.4672172564466536e-06, 1.421334105997982e-06, 1.3766915955539218e-06, 1.333281077100797e-06, 1.2909284939016885e-06, 1.25028494003198e-06, 1.2105162357486954e-06, 1.1723762099051377e-06, 1.1349067347421925e-06, 1.099205209722874e-06, 1.0642935496538748e-06, 1.030382335246234e-06, 9.97372454941719e-07, 9.655287152884107e-07, 9.346816367593239e-07, 9.051010782936181e-07, 8.763948687161746e-07, 8.487246207617189e-07, 8.220049550099328e-07, 7.964608386623612e-07, 7.716077216748314e-07, 7.474105820376004e-07, 7.242366767727153e-07, 7.021065426820641e-07, 6.804705767111626e-07, 6.59109208604523e-07, 6.382725342340216e-07, 6.17944134397364e-07, 5.983046554879879e-07, 5.791324491806905e-07, 5.603989648755107e-07, 5.423903384874371e-07, 5.247804998020427e-07, 5.075746202169133e-07, 4.909352549205835e-07, 4.7479415352593214e-07, 4.5928057550135037e-07, 4.443624073226053e-07, 4.298550993019075e-07, 4.1581277710767295e-07, 4.021333475938782e-07, 3.8908876845178226e-07, 3.764368868009704e-07]
ndim2: 500
W_list: [3.0]
L_list: [31.21299435247353]
