C_final_list: [1.9801029776790955e-06, 1.7682668923862712e-06, 1.574590801908856e-06, 1.4014802942646139e-06, 1.248192899955345e-06, 1.1119129483189615e-06, 9.889204275588296e-07, 8.818368306676215e-07, 7.853305200172212e-07, 6.990857862815952e-07, 6.22199089180389e-07, 5.543815178031408e-07, 4.937336116301713e-07, 4.395242053109514e-07, 3.9022645818297726e-07, 3.4637891252355443e-07, 3.0745362838792674e-07, 2.7232256657244047e-07, 2.4178273606392236e-07, 2.1465955238253626e-07, 1.909309197923394e-07, 1.692335310177113e-07, 1.5003805700502728e-07, 1.325189519042116e-07, 1.1744915329276842e-07, 1.0406729353365441e-07, 9.185194492047984e-08, 8.129213128028239e-08, 7.176721357935139e-08, 6.332901122729933e-08, 5.593213317832355e-08, 4.927502573302963e-08, 4.347236418565347e-08, 3.827359002098393e-08, 3.364645980760916e-08, 2.961380849199747e-08, 2.606730724711593e-08, 2.297828760461273e-08, 2.022643197402112e-08, 1.778706544496168e-08, 1.5660854218222405e-08, 1.3829897505203223e-08, 1.2183668490356765e-08, 1.0718637602188467e-08, 9.40827636128303e-09, 8.269505246668617e-09, 7.29088363448119e-09, 6.414107424222272e-09, 5.667703491767116e-09, 5.014253803406307e-09]
ndim2: 500
W_list: [2.8]
L_list: [8.575896499274856]
