C_final_list: [1.8909020151763707e-06, 1.7654239583535426e-06, 1.6459567997349056e-06, 1.533884308581126e-06, 1.430706957237942e-06, 1.3341728079576137e-06, 1.2440870401550274e-06, 1.1598713239508287e-06, 1.0816396162179279e-06, 1.007703590398057e-06, 9.39901169029873e-07, 8.769660231781643e-07, 8.183958807424551e-07, 7.633648106724783e-07, 7.120209892743878e-07, 6.639325180541177e-07, 6.18527959928316e-07, 5.762178444627147e-07, 5.369249646556127e-07, 4.997093439714581e-07, 4.6594653353295465e-07, 4.3473357487452787e-07, 4.0491077768468024e-07, 3.7740512416870936e-07, 3.513736376250183e-07, 3.2754832765322197e-07, 3.0482688253811593e-07, 2.8394154126755406e-07, 2.642570983202649e-07, 2.457061977339584e-07, 2.281861237246744e-07, 2.119290337041049e-07, 1.9701340910496257e-07, 1.8298008303645402e-07, 1.6974367989216248e-07, 1.573314370549796e-07, 1.457426335312967e-07, 1.3501485018745554e-07, 1.251002618355317e-07, 1.1602447858305618e-07, 1.0742972170450851e-07, 9.965188155377265e-08, 9.241494652980656e-08, 8.569278543332485e-08, 7.952727985254099e-08, 7.373346972405125e-08, 6.834254059479395e-08, 6.345386000661656e-08, 5.885864598159074e-08, 5.452015126105731e-08]
ndim2: 500
W_list: [3.15]
L_list: [14.204296066544916]
