C_final_list: [2.1680421125000663e-06, 2.1304393821321256e-06, 2.0929410063452652e-06, 2.0567829380603237e-06, 2.0209331595794223e-06, 1.986113989916056e-06, 1.9521657067696925e-06, 1.9183216939993398e-06, 1.8853419862496607e-06, 1.8530712410972778e-06, 1.8206809315890326e-06, 1.7893657435229288e-06, 1.7582731922757515e-06, 1.7277272603534889e-06, 1.697882509678712e-06, 1.6683084518137315e-06, 1.6394413091189234e-06, 1.611015930482261e-06, 1.5831524573757654e-06, 1.5560188030613245e-06, 1.529003167597074e-06, 1.5024768910373554e-06, 1.4761190953164315e-06, 1.449867445610023e-06, 1.424560018285196e-06, 1.3997945471799252e-06, 1.3757737250305736e-06, 1.3519466994987008e-06, 1.3286193299115762e-06, 1.3055778328030026e-06, 1.2829502936571456e-06, 1.260816823155049e-06, 1.2387823347440854e-06, 1.2170137319150633e-06, 1.1954965850121897e-06, 1.1745092805833274e-06, 1.1537376263003462e-06, 1.1334266465989257e-06, 1.1133180364189558e-06, 1.0936486525937818e-06, 1.0739730105861268e-06, 1.0549412685371758e-06, 1.0361452354017187e-06, 1.017793158446531e-06, 9.997695396990911e-07, 9.820784062956167e-07, 9.647320399117796e-07, 9.477831775263846e-07, 9.310652507476973e-07, 9.149111167888936e-07]
ndim2: 500
W_list: [2.2]
L_list: [56.95031651290474]
