C_final_list: [2.286616752573442e-06, 2.203531778102654e-06, 2.1208550378047636e-06, 2.041365581898145e-06, 1.964489378239472e-06, 1.8894525577735067e-06, 1.8184979574993208e-06, 1.7506224557586697e-06, 1.6845595060586503e-06, 1.6219281436439526e-06, 1.561175604458634e-06, 1.5021128154359276e-06, 1.4459437922455608e-06, 1.3917237362232794e-06, 1.339340004969365e-06, 1.288256847347913e-06, 1.2389946297669003e-06, 1.1916118005887728e-06, 1.1464393099248794e-06, 1.1022599123202914e-06, 1.0598268540473197e-06, 1.0188293548148508e-06, 9.79446827210969e-07, 9.412199192738293e-07, 9.049199864768296e-07, 8.696331308136926e-07, 8.359080279467375e-07, 8.035708304455065e-07, 7.725125437152813e-07, 7.426795275102868e-07, 7.140204548083478e-07, 6.863088735879503e-07, 6.598605047463058e-07, 6.34059391131176e-07, 6.094401087069667e-07, 5.858660188819374e-07, 5.630066804241784e-07, 5.410968460254594e-07, 5.198834833136051e-07, 4.994929033758402e-07, 4.803424225629157e-07, 4.6177980206340636e-07, 4.4404750434484994e-07, 4.270346027044218e-07, 4.1056874731371433e-07, 3.946605403497135e-07, 3.791576636681289e-07, 3.641365838191413e-07, 3.495424266667559e-07, 3.3563579285237697e-07]
ndim2: 500
W_list: [2.2]
L_list: [25.70260502425919]
