C_final_list: [1.524270605048252e-06, 1.223746872102872e-06, 9.78126203448045e-07, 7.831356235676624e-07, 6.282882876202305e-07, 5.063789498759834e-07, 4.072490649202712e-07, 3.269677693904291e-07, 2.630330900672207e-07, 2.108359493682038e-07, 1.6955409180124541e-07, 1.35489782773072e-07, 1.0827225307514377e-07, 8.630959396192553e-08, 6.859102870315946e-08, 5.4430358433300286e-08, 4.335317122793552e-08, 3.443239219461506e-08, 2.743796920624942e-08, 2.1744617874787918e-08, 1.713512988059586e-08, 1.3538828181867512e-08, 1.0631783353433048e-08, 8.322647988705742e-09, 6.53231814020714e-09, 5.167613865288739e-09, 4.094160847540738e-09, 3.2192864417477696e-09, 2.5504052439957836e-09, 2.029242683528581e-09, 1.5964495138709638e-09, 1.2601712479279736e-09, 1.00454378390934e-09, 7.967284998903091e-10, 6.34799870041737e-10]
ndim2: 500
W_list: [3.6]
L_list: [4.533364933556676]
