C_final_list: [2.213898032581137e-06, 1.9181207336407123e-06, 1.7939491112474497e-06, 1.6116774079398602e-06, 1.4506631299269134e-06, 1.3169283289206207e-06, 1.1872266648831561e-06, 1.070053241687971e-06, 9.656411540390303e-07, 8.724897904431536e-07, 7.873910773617377e-07, 7.103061225334525e-07, 6.430471054943754e-07, 5.810248250739887e-07, 5.236386243596672e-07, 4.7193485718796604e-07, 4.25409266659583e-07, 3.833838747865439e-07, 3.4572483033306405e-07, 3.114663645588243e-07, 2.8071488201702394e-07, 2.531055039781456e-07, 2.2802020676230912e-07, 2.056280040156937e-07, 1.849509285403259e-07, 1.6632087358337103e-07, 1.4949365946745764e-07, 1.3450963875835653e-07, 1.2098505827857934e-07, 1.0888772677224331e-07, 9.779869714010497e-08, 8.765050885145223e-08, 7.848427643552226e-08, 7.064870941427975e-08, 6.364507648364498e-08]
ndim2: 500
W_list: [1.0]
L_list: [9.769157316488469]
