C_list:
1.9855162599660793e-06 0.10635088053009176
ndim2: 500
W_list: [2.0]
L_list: [9.402837052365092]
