R_list= [ 1  2  3  4  5  6  7  8  9 10 11 12 13 14 15 16 17 18 19 20 21 22 23 24
 25 26 27 28 29 30 31 32 33 34 35 36 37 38]
C_final_list= [2.9596795478201904e-05, 2.2179329444589416e-05, 1.6496655835888607e-05, 1.2264755514670798e-05, 9.126123491583611e-06, 6.780510490684397e-06, 5.029405008786766e-06, 3.723705580969333e-06, 2.757254440968767e-06, 2.0389102309347967e-06, 1.5086786636358402e-06, 1.1165391760209027e-06, 8.257278179561443e-07, 6.099181777903664e-07, 4.499407532834603e-07, 3.3245713162618104e-07, 2.4588069593204436e-07, 1.8235389508493653e-07, 1.3523566670021195e-07, 1.0025549471501767e-07, 7.431902142933279e-08, 5.502335188410594e-08, 4.044394642096243e-08, 2.972105942936096e-08, 2.178552174231859e-08, 1.6024976856766367e-08, 1.1795887615647518e-08, 8.662054198683022e-09, 6.359084761941038e-09, 4.646636533045771e-09, 3.4041389618573916e-09, 2.5004135478855352e-09, 1.8349587288131248e-09, 1.3425647418000312e-09, 9.773238424798724e-10, 7.093259830264443e-10, 5.126984358940732e-10, 3.733095221590955e-10]
W_list: [8.3]
L_list: [3.38610952198469]
