R_list= [ 1  2  3  4  5  6  7  8  9 10 11 12 13 14 15 16 17 18 19 20 21 22 23 24
 25 26 27 28 29 30 31 32 33 34 35 36 37 38]
C_final_list= [1.0803274382361276e-06, 7.326614292953166e-07, 5.024109987508701e-07, 3.4685523531935524e-07, 2.377071045961413e-07, 1.614232603657812e-07, 1.1044354768982336e-07, 7.501294840222459e-08, 5.120343723233727e-08, 3.479316083371252e-08, 2.3917734751900117e-08, 1.6326291490953316e-08, 1.1121219630415049e-08, 7.527814241115295e-09, 5.044764952094327e-09, 3.3972066261288115e-09, 2.2874703899669715e-09, 1.5346417672738205e-09, 1.0209594634838972e-09, 6.714107349747267e-10, 4.444389161234983e-10, 2.9515938974240713e-10, 1.9368902083764738e-10, 1.2770778520194676e-10, 8.291544966931476e-11, 5.259199192174515e-11, 3.398262879261254e-11, 2.2313268563513637e-11, 1.450853634231638e-11, 9.525075718602244e-12, 6.1175389430833855e-12, 3.908617690311244e-12, 2.485647969130258e-12, 1.5845275198402855e-12, 1.0000564840446813e-12, 6.260591420078973e-13, 3.9802098179044425e-13, 2.570258913279659e-13]
W_list: [6.6000000000000005]
L_list: [2.6296318997877055]
