R_list= [ 1  2  3  4  5  6  7  8  9 10 11 12 13 14 15 16 17 18 19 20 21 22 23 24
 25 26 27 28 29 30 31 32 33 34 35 36 37 38]
C_final_list= [2.2267353990799984e-06, 1.966855189446412e-06, 1.7941921078762981e-06, 1.6467547982172243e-06, 1.5113176567460735e-06, 1.3873012820380106e-06, 1.2701225126733538e-06, 1.1637833910906012e-06, 1.0690628854636766e-06, 9.822383322498557e-07, 9.017021199638785e-07, 8.280669254353987e-07, 7.607027861291863e-07, 6.983597824504717e-07, 6.407595474526133e-07, 5.876306297043434e-07, 5.384191260030346e-07, 4.934787973287005e-07, 4.514384080597034e-07, 4.1253802551038976e-07, 3.771572916249898e-07, 3.448746996587291e-07, 3.1548797856454905e-07, 2.885333999513722e-07, 2.6313107036608983e-07, 2.3965887881843867e-07, 2.185480766236336e-07, 1.9952700074417814e-07, 1.823453313805999e-07, 1.6660890549157036e-07, 1.5206254911685776e-07, 1.3858483161245182e-07, 1.265436497954426e-07, 1.1560142917166245e-07, 1.0570471070693466e-07, 9.657613340122676e-08, 8.818820721615302e-08, 8.048723564389349e-08]
W_list: [4]
L_list: [11.3648179781459]
