R_list= [ 1  2  3  4  5  6  7  8  9 10 11 12 13 14 15 16 17 18 19 20 21 22 23 24
 25 26 27 28 29 30 31 32 33 34 35 36 37 38]
C_final_list= [8.536543353076165e-07, 7.790201307027488e-07, 7.106875162083795e-07, 6.472450380590626e-07, 5.891068733884451e-07, 5.362792492701492e-07, 4.876424680886725e-07, 4.4313263372872393e-07, 4.025461763263524e-07, 3.6568926228465184e-07, 3.3176979710877175e-07, 3.00550357081849e-07, 2.7199037312611396e-07, 2.461876060254862e-07, 2.228188192129296e-07, 2.0164671109952946e-07, 1.8263576804508365e-07, 1.6522230574737281e-07, 1.4948500010721345e-07, 1.350960403436806e-07, 1.2210127649357516e-07, 1.1029032127445119e-07, 9.964519925072015e-08, 9.003431243038974e-08, 8.129225329068484e-08, 7.338906697585684e-08, 6.632731670242926e-08, 5.991884373637816e-08, 5.410408777348114e-08, 4.8901423440516565e-08, 4.4145886665418086e-08, 3.9763629079898304e-08, 3.581498824604705e-08, 3.2264236921698914e-08, 2.9063373766753858e-08, 2.6152898461618907e-08, 2.3546880710092516e-08, 2.1204065827585107e-08]
W_list: [6]
L_list: [10.334361731776099]
