C_final_list: [1.3342489432775708e-06, 1.3028261848676454e-06, 1.2713821435410052e-06, 1.2406495942781482e-06, 1.2105290039162073e-06, 1.181315412992685e-06, 1.1528382176775345e-06, 1.1252041446407356e-06, 1.098236153111141e-06, 1.0719764415242567e-06, 1.0462258585695255e-06, 1.0208852384074638e-06, 9.961765563475706e-07, 9.721512009181238e-07, 9.488777099402631e-07, 9.259548573597692e-07, 9.034816442647036e-07, 8.813574325109097e-07, 8.598607980981539e-07, 8.388447923975221e-07, 8.183674383100055e-07, 7.980753136299422e-07, 7.782402919568487e-07, 7.59091788479009e-07, 7.4043716852364e-07, 7.222243319816361e-07, 7.044034606145271e-07, 6.868316027349366e-07, 6.696298525338034e-07, 6.528350358626873e-07, 6.364584655541335e-07, 6.203888347099211e-07, 6.046451288471838e-07, 5.892410712340341e-07, 5.740780461550259e-07, 5.592891915335749e-07, 5.448154791174592e-07, 5.306085165432498e-07, 5.167774105965301e-07, 5.033347373640128e-07, 4.901961950092083e-07, 4.773858316908597e-07, 4.6503925501046407e-07, 4.5290791456672386e-07, 4.411697930140769e-07, 4.2976434655733544e-07, 4.1864799287661025e-07, 4.076984423211908e-07, 3.9711931209046904e-07, 3.868401420726614e-07]
ndim2: 500
W_list: [3.4000000000000004]
L_list: [40.017047173148136]
