R_list= [ 1  2  3  4  5  6  7  8  9 10 11 12 13 14 15 16 17 18 19 20 21 22 23 24
 25 26 27 28 29 30 31 32 33 34 35 36 37 38]
C_final_list= [9.322188278455781e-07, 8.521927628215381e-07, 7.755352378943897e-07, 7.038574762002985e-07, 6.381369594068681e-07, 5.787158949817559e-07, 5.246696775817363e-07, 4.76031912611532e-07, 4.320933664960675e-07, 3.9226990384921297e-07, 3.5592095393875787e-07, 3.228056095734511e-07, 2.9276227627860775e-07, 2.653232835208994e-07, 2.406197651345063e-07, 2.1816442428265815e-07, 1.9769528819339163e-07, 1.78969831936376e-07, 1.619497269481335e-07, 1.4639725793058244e-07, 1.3212054069834298e-07, 1.1911362845843196e-07, 1.072510358203459e-07, 9.655323992198209e-08, 8.682604624261252e-08, 7.806243602292337e-08, 7.02205830133624e-08, 6.311722109279352e-08, 5.671467954987848e-08, 5.092526213683935e-08, 4.57250686920857e-08, 4.1056418048634006e-08, 3.6851881099654065e-08, 3.307365876803335e-08, 2.9699422648011812e-08, 2.6668643875437563e-08, 2.394069645189546e-08, 2.151206868029521e-08]
W_list: [7.4]
L_list: [10.211487711983875]
