R_list= [ 1  2  3  4  5  6  7  8  9 10 11 12 13 14 15 16 17 18 19 20 21 22 23 24
 25 26 27 28 29 30 31 32 33 34 35 36 37 38]
C_final_list= [8.129135435011082e-07, 4.676725575455394e-07, 2.7021659603248714e-07, 1.551394835623437e-07, 8.862745532079667e-08, 5.0799534037574006e-08, 2.9307286560740682e-08, 1.6946617138522904e-08, 9.772716523632279e-09, 5.748342156100672e-09, 3.3085380318654225e-09, 1.890924422209456e-09, 1.085170440590897e-09, 6.127941471037713e-10, 3.447892874203909e-10, 1.9469731638348583e-10, 1.0861831201591285e-10, 6.101179594716346e-11, 3.3631486159010257e-11, 1.7571787331228625e-11, 9.497539696741803e-12, 5.21187928176086e-12, 2.927667304689515e-12, 1.703035584534728e-12, 7.761638141948687e-13, 3.8851463958651587e-13, 2.1555786405721382e-13, 1.256423409869231e-13, 6.843893677868727e-14, 3.774809319457069e-14, 1.8561639410611214e-14, 9.014493752979598e-15, 4.599099492333428e-15, 2.397254369949795e-15, 1.21627938304013e-15, 5.995845148449821e-16, 2.9011102371999884e-16, 1.3822064005953675e-16]
W_list: [9.0]
L_list: [1.8103931845949404]
