C_final_list: [2.0359872527146315e-06, 1.7829630469316946e-06, 1.6387628469283307e-06, 1.4635863710830804e-06, 1.3089567819122288e-06, 1.1732665619257551e-06, 1.0442361712020285e-06, 9.336814518288688e-07, 8.360485199954024e-07, 7.49458731029679e-07, 6.701081057710385e-07, 5.985676125085851e-07, 5.340376144707137e-07, 4.7662536296053807e-07, 4.26173586456429e-07, 3.807658624150398e-07, 3.3971361875380507e-07, 3.0349305632208274e-07, 2.7066864851478797e-07, 2.4115424399631255e-07, 2.155504103782399e-07, 1.924164827445788e-07, 1.7131539391846413e-07, 1.5272505199838038e-07, 1.360155662540006e-07, 1.209007281114485e-07, 1.0757270230889434e-07, 9.55532782440162e-08, 8.48905313570373e-08, 7.52189327406928e-08, 6.686268824283435e-08, 5.925760044616217e-08, 5.242596177329492e-08, 4.656802607166946e-08, 4.141060409364649e-08]
ndim2: 500
W_list: [1.2]
L_list: [8.968672216332296]
