R_list= [ 1  2  3  4  5  6  7  8  9 10 11 12 13 14 15 16 17 18 19 20 21 22 23 24
 25 26 27 28 29 30 31 32 33 34 35 36 37 38]
C_final_list= [1.4334616230444853e-06, 1.3503313935470527e-06, 1.2722724227251148e-06, 1.1993292769994868e-06, 1.1310256504694173e-06, 1.0661517123225428e-06, 1.0050815020624566e-06, 9.48386231213515e-07, 8.942851628000705e-07, 8.425490045730369e-07, 7.930068906567944e-07, 7.461834776452058e-07, 7.015474682277505e-07, 6.600672194577417e-07, 6.211396445821424e-07, 5.842369877502006e-07, 5.492485309191638e-07, 5.165289861124114e-07, 4.856945358909861e-07, 4.566909545645943e-07, 4.2917145256608297e-07, 4.033237931245403e-07, 3.7892196823360713e-07, 3.559940047084537e-07, 3.344658282546264e-07, 3.141122112889464e-07, 2.9511108774784923e-07, 2.7709993030889796e-07, 2.5994462032705643e-07, 2.4415323862313034e-07, 2.2939939476893905e-07, 2.1537405472064032e-07, 2.0219091880649907e-07, 1.8972989365170596e-07, 1.7798892464474465e-07, 1.6687289870243615e-07, 1.565777257046371e-07, 1.4677920236069393e-07]
W_list: [5]
L_list: [16.49409435018281]
