C_list:
1.3093097169619605e-06 0.23748426716137588
ndim2: 500
W_list: [4.2]
L_list: [4.2108052543980845]
