R_list= [ 1  2  3  4  5  6  7  8  9 10 11 12 13 14 15 16 17 18 19 20 21 22 23 24
 25 26 27 28 29 30 31 32 33 34 35 36 37 38]
C_final_list= [3.566117087597793e-05, 2.3164775205852805e-05, 1.4934273706905578e-05, 9.597985042910743e-06, 6.162580170545779e-06, 3.95394023704584e-06, 2.5409405249661462e-06, 1.6296756766542515e-06, 1.0475536068224237e-06, 6.727187774432658e-07, 4.328305757079245e-07, 2.764873952567727e-07, 1.7659767838216967e-07, 1.1231789942598461e-07, 7.171081540745443e-08, 4.562922022990917e-08, 2.920502968159844e-08, 1.882166064590161e-08, 1.208955492887544e-08, 7.746178094722456e-09, 4.979090929653676e-09, 3.1932017501680358e-09, 2.0557852894252616e-09, 1.3256314550512354e-09, 8.479291776603287e-10, 5.39292646102403e-10, 3.4161150445989294e-10, 2.1532547177695198e-10, 1.361126350977827e-10, 8.79063204165653e-11, 5.826256343490601e-11, 3.873131299287882e-11, 2.6346243339379188e-11, 1.7829435793759567e-11, 1.1444815807034579e-11, 7.44048324194e-12, 5.031942769697098e-12, 3.5468487121502808e-12]
W_list: [8.25]
L_list: [2.2842117911576665]
