C_final_list: [2.0134914599783967e-06, 1.9058045948255591e-06, 1.7963994597098946e-06, 1.6957017760360241e-06, 1.6010918361484834e-06, 1.513368976611143e-06, 1.4300667615456854e-06, 1.3517315477335332e-06, 1.278620556948166e-06, 1.2102192213177572e-06, 1.1453491630414307e-06, 1.0836109733019503e-06, 1.0250034355618622e-06, 9.68527545204419e-07, 9.151488141117535e-07, 8.646428586887672e-07, 8.163283467984252e-07, 7.70847181343248e-07, 7.27705077308046e-07, 6.873263287883409e-07, 6.492559659817048e-07, 6.131993055911346e-07, 5.792955157054443e-07, 5.468082352785354e-07, 5.159785328553978e-07, 4.864275879978854e-07, 4.5848573384650467e-07, 4.3214873987872177e-07, 4.0701933270324276e-07, 3.83352083540119e-07, 3.6125133152455426e-07, 3.403456659304959e-07, 3.2072732768812134e-07, 3.021465938262424e-07, 2.8473000861912117e-07, 2.6819348839859403e-07, 2.5254313960067846e-07, 2.3768660354583104e-07, 2.2366853304187507e-07, 2.105890440681542e-07, 1.9826473477743937e-07, 1.8681823058476663e-07, 1.762362974124583e-07, 1.661724353234207e-07, 1.5659986089031676e-07, 1.4755775969576862e-07, 1.3911860800074173e-07, 1.3113279939734837e-07, 1.2356723679457632e-07, 1.1641763025519952e-07]
ndim2: 500
W_list: [2.8499999999999996]
L_list: [17.51179740906453]
