C_final_list: [1.7658948528000718e-06, 1.513313799153481e-06, 1.2974241265275149e-06, 1.104299254443222e-06, 9.471839480123581e-07, 8.093436205786415e-07, 6.91786555183518e-07, 5.913157604314673e-07, 5.052701191520771e-07, 4.309428696307899e-07, 3.6865145525910536e-07, 3.1493357144900175e-07, 2.6901228732801556e-07, 2.2755911043714103e-07, 1.925576858655506e-07, 1.636226706098377e-07, 1.393090645140216e-07, 1.1845185100946391e-07, 1.0076700018592482e-07, 8.5515321381325e-08, 7.269351817974426e-08, 6.184740360630461e-08, 5.262609885152393e-08, 4.456136406573505e-08, 3.7893347310366354e-08, 3.215379813295863e-08, 2.7205139320295284e-08, 2.32908583330213e-08, 1.9866175721224127e-08, 1.682004151190727e-08, 1.4223535799118688e-08, 1.2056584670992589e-08, 1.0263072157561178e-08, 8.648350274823598e-09, 7.323070105684019e-09]
ndim2: 500
W_list: [2.0]
L_list: [6.353481830105486]
