C_final_list: [1.7505935783517205e-06, 1.7261264670125908e-06, 1.7020191769773103e-06, 1.679067041879859e-06, 1.6566247947663394e-06, 1.6346653747655047e-06, 1.6130483162827409e-06, 1.5918589441057566e-06, 1.5709170877835706e-06, 1.5503697518242944e-06, 1.5297200189536438e-06, 1.5094794714102651e-06, 1.4894478250176317e-06, 1.469542084668328e-06, 1.4499058623134786e-06, 1.4306047854322013e-06, 1.4113681751956841e-06, 1.3924826130168517e-06, 1.3737893859001246e-06, 1.3553159806323625e-06, 1.3371094907232662e-06, 1.319234226284049e-06, 1.3016620333003462e-06, 1.284390678879354e-06, 1.2674100468790956e-06, 1.2503926851821785e-06, 1.2336484572075883e-06, 1.2170445526795004e-06, 1.2008122163850585e-06, 1.1847994931339335e-06, 1.1688400848614154e-06, 1.1535936572986048e-06, 1.1383620992988445e-06, 1.1233728989460097e-06, 1.1085714299200272e-06, 1.093845602442804e-06, 1.0792659002216564e-06, 1.0648470128826287e-06, 1.0505748537415952e-06, 1.036435389905625e-06, 1.022513080241404e-06, 1.008684251715461e-06, 9.950700533565527e-07, 9.816181500210444e-07, 9.684410016051554e-07, 9.55425987601297e-07, 9.426391389403733e-07, 9.300370404849899e-07, 9.173850315744862e-07, 9.051171010650026e-07]
ndim2: 500
W_list: [2.9]
L_list: [74.46962506257915]
