R_list= [ 1  2  3  4  5  6  7  8  9 10 11 12 13 14 15 16 17 18 19 20 21 22 23 24
 25 26 27 28 29 30 31 32 33 34 35 36 37 38]
C_final_list= [2.0891434492234473e-06, 2.0353486716789256e-06, 1.9881794749610408e-06, 1.9420858956205996e-06, 1.896832846408797e-06, 1.8516939321316274e-06, 1.8083792900165302e-06, 1.765831706912602e-06, 1.7241042594186283e-06, 1.6831759007702408e-06, 1.6430454410555454e-06, 1.6041692648358048e-06, 1.5665843610615895e-06, 1.5297912852422074e-06, 1.4937226634448053e-06, 1.4582402998889406e-06, 1.4233209404534427e-06, 1.389313546113012e-06, 1.355973611130942e-06, 1.3232173406952587e-06, 1.2913384661206391e-06, 1.260169282419358e-06, 1.2298159999993335e-06, 1.200353271321712e-06, 1.1716579410151476e-06, 1.1439178342609883e-06, 1.1167611492281107e-06, 1.0901911926695166e-06, 1.0640536566596213e-06, 1.0386430872964404e-06, 1.0136740626132689e-06, 9.890305328842528e-07, 9.648728462558173e-07, 9.415581151450509e-07, 9.187187288113867e-07, 8.961496979628234e-07, 8.741243553854513e-07, 8.52738235952381e-07]
W_list: [4]
L_list: [41.4825495776742]
