R_list= [ 1  2  3  4  5  6  7  8  9 10 11 12 13 14 15 16 17 18 19 20 21 22 23 24
 25 26 27 28 29 30 31 32]
C_final_list= [3.704004453547887e-07, 2.7705658428215336e-07, 2.0421247777991198e-07, 1.5049874004746194e-07, 1.1078568448659188e-07, 8.142042819535137e-08, 5.985443100626707e-08, 4.398537304122816e-08, 3.2200563995247925e-08, 2.354307691575413e-08, 1.7206871969511193e-08, 1.2587360629130596e-08, 9.209249989144983e-09, 6.709406038885331e-09, 4.8870568313532795e-09, 3.5538637239290876e-09, 2.5775729957473114e-09, 1.8679628358228087e-09, 1.3528892914833458e-09, 9.809643366297806e-10, 7.119988033417501e-10, 5.14779384466524e-10, 3.715662790143211e-10, 2.705410495481665e-10, 1.9679201732709089e-10, 1.417861228179861e-10, 1.0174803840401392e-10, 7.339137382922725e-11, 5.296224605654614e-11, 3.8070699564042886e-11, 2.717538101130208e-11, 1.928184119123662e-11]
W_list: [6]
L_list: [3.2980078837242313]
