R_list= [ 1  2  3  4  5  6  7  8  9 10 11 12 13 14 15 16 17 18 19 20 21 22 23 24
 25 26 27 28 29 30 31 32 33 34 35 36 37 38]
C_final_list= [9.167191568625639e-07, 5.668505188685428e-07, 3.563425207459838e-07, 2.239234356794641e-07, 1.4045740867656812e-07, 8.690617337799317e-08, 5.396062518702854e-08, 3.338954535384085e-08, 2.052934964604865e-08, 1.2633440506607015e-08, 7.717298427640405e-09, 4.674680227043078e-09, 2.8443586726263385e-09, 1.74861497753064e-09, 1.0285370311573533e-09, 6.153359568082231e-10, 3.639802086539012e-10, 2.1644613247195946e-10, 1.3250419156378253e-10, 8.000777029840258e-11, 4.912947716172641e-11, 3.175208859727604e-11, 2.0435667503902098e-11, 1.2828830015260968e-11, 8.292406158168543e-12, 4.973165857510654e-12, 2.7855396340915975e-12, 1.5413648627600215e-12, 9.43070357394076e-13, 5.186662801466e-13, 2.7994533199288005e-13, 1.5308241463349165e-13, 8.715748003360207e-14, 4.74501690838728e-14, 2.521666952592877e-14, 1.436818017929719e-14, 7.337017303462955e-15, 3.761163971284149e-15]
W_list: [8.0]
L_list: [2.1193358069431483]
