C_final_list: [1.3792901517246653e-06, 1.237723035849602e-06, 1.103571629713442e-06, 9.876589090817035e-07, 8.814555930351065e-07, 7.847606516377615e-07, 6.997494008759977e-07, 6.250673806864143e-07, 5.554806790139622e-07, 4.935446888630368e-07, 4.3933236426283713e-07, 3.9018355739251814e-07, 3.4713504899329405e-07, 3.089581937099683e-07, 2.756683730768615e-07, 2.456407791668156e-07, 2.1858995622164478e-07, 1.9476517895491482e-07, 1.7325915782986083e-07, 1.542549646199827e-07, 1.3697605063793259e-07, 1.2177147564078944e-07, 1.0798735775771806e-07, 9.57878761123035e-08, 8.498951546746176e-08, 7.54970830909602e-08, 6.694617707145306e-08, 5.945071484984654e-08, 5.2805140056789536e-08, 4.6795410416719545e-08, 4.1334416881895505e-08, 3.6422307426394786e-08, 3.207599242252307e-08, 2.8227464563163637e-08, 2.4876637914416438e-08]
ndim2: 500
W_list: [2.6]
L_list: [8.678100167019489]
