C_final_list: [1.994818309758312e-06, 1.764095471393889e-06, 1.552006213325339e-06, 1.3665891131007844e-06, 1.2030681248825481e-06, 1.0575143273700721e-06, 9.293585625693677e-07, 8.158152217144975e-07, 7.160467579500798e-07, 6.273918290479965e-07, 5.484788641930694e-07, 4.788399888520352e-07, 4.179691102438265e-07, 3.6608218715411145e-07, 3.2018432208734546e-07, 2.7932778378459244e-07, 2.446204817353356e-07, 2.1427299537392384e-07, 1.8751095843698326e-07, 1.6424667052898965e-07, 1.4362130821895001e-07, 1.259182764147332e-07, 1.1026485306568592e-07, 9.676610422892388e-08, 8.450396839959085e-08, 7.374414296077375e-08, 6.430819474013074e-08, 5.5967714057171955e-08, 4.8789770674447345e-08, 4.2379835060340314e-08, 3.694128783820207e-08, 3.208603127108951e-08, 2.7908548391326016e-08, 2.431909183317868e-08, 2.1219699868400942e-08, 1.847919526216787e-08, 1.6047828276541924e-08, 1.3916969707948291e-08, 1.2100900519811795e-08, 1.0529713590669347e-08, 9.170331717760058e-09, 7.990061568969157e-09, 6.979601075771115e-09, 6.0876162544345506e-09, 5.2880644552813636e-09, 4.6111154393582895e-09, 4.006359829839778e-09, 3.474654723553017e-09, 3.0231094524754324e-09, 2.626585811203809e-09]
ndim2: 500
W_list: [3.0]
L_list: [7.676429414567653]
