C_list:
1.6823622362275154e-06 0.07547466039374166
ndim2: 500
W_list: [2.2]
L_list: [13.249479955035607]
