R_list= [ 1  2  3  4  5  6  7  8  9 10 11 12 13 14 15 16 17 18 19 20 21 22 23 24
 25 26 27 28 29 30 31 32 33 34 35 36 37 38]
C_final_list= [4.841691089538684e-06, 4.1453652999290695e-06, 3.532149623601219e-06, 3.0005105222776482e-06, 2.547458190167589e-06, 2.1615077449253108e-06, 1.8337114530045162e-06, 1.5568659849662252e-06, 1.323493406164725e-06, 1.1239322741866246e-06, 9.547962511924336e-07, 8.104521173800549e-07, 6.874014242000167e-07, 5.825470528572908e-07, 4.935401145763388e-07, 4.178666520476284e-07, 3.5404334304825765e-07, 2.9996393130783233e-07, 2.538451558769336e-07, 2.1505771762987847e-07, 1.8205143398078483e-07, 1.5413748008376684e-07, 1.304782791449367e-07, 1.1056903709058952e-07, 9.368901350539047e-08, 7.932453007167454e-08, 6.704984837546611e-08, 5.658368831764423e-08, 4.771694851934791e-08, 4.015935289905079e-08, 3.380949389535111e-08, 2.8467212270924657e-08, 2.401116385787549e-08, 2.0304550306348796e-08, 1.7135359245183735e-08, 1.4479016719418805e-08, 1.2218822522425561e-08, 1.0307409796235861e-08]
W_list: [7.4]
L_list: [6.141984226979502]
