R_list= [ 1  2  3  4  5  6  7  8  9 10 11 12 13 14 15 16 17 18 19 20 21 22 23 24
 25 26 27 28 29 30 31 32 33 34 35 36 37 38]
C_final_list= [3.837261828249844e-07, 3.498603528620807e-07, 3.1620132221315766e-07, 2.8443886603290457e-07, 2.5531543989704697e-07, 2.292424376315377e-07, 2.0571496334262592e-07, 1.8443229432540579e-07, 1.6517683379141682e-07, 1.4786891227132677e-07, 1.3240803327135965e-07, 1.186130046563556e-07, 1.0620623645601836e-07, 9.4959184911963e-08, 8.48517232434641e-08, 7.582159599327549e-08, 6.77237799849273e-08, 6.043400126412764e-08, 5.38300935741672e-08, 4.793011465273325e-08, 4.269382374498732e-08, 3.8037769097775186e-08, 3.3891506455491304e-08, 3.019390083919194e-08, 2.687464675725551e-08, 2.3899630696193965e-08, 2.1241975897563003e-08, 1.8888260641972836e-08, 1.6788983541154815e-08, 1.4929583722780395e-08, 1.3274558693935302e-08, 1.1825063592552313e-08, 1.052150306225894e-08, 9.371087507866673e-09, 8.335081078861768e-09, 7.417728520772903e-09, 6.606360739832918e-09, 5.895753641316991e-09]
W_list: [7]
L_list: [9.179188206085298]
