R_list= [ 1  2  3  4  5  6  7  8  9 10 11 12 13 14 15 16 17 18 19 20 21 22 23 24
 25 26 27 28 29 30 31 32 33 34 35 36 37 38]
C_final_list= [6.825880554847057e-07, 5.583564344893755e-07, 4.5315850776235443e-07, 3.679783289091774e-07, 2.990637800159172e-07, 2.4314076522455406e-07, 1.9780375706080316e-07, 1.6109162235461146e-07, 1.3099817274483277e-07, 1.0624558037909634e-07, 8.632868096326218e-08, 7.000182546711775e-08, 5.651951149625351e-08, 4.545449397213676e-08, 3.644924986513248e-08, 2.9285101884677205e-08, 2.3517913069512197e-08, 1.8907113224770345e-08, 1.5217374431408475e-08, 1.2257299913494919e-08, 9.867037208420818e-09, 7.905948013311806e-09, 6.319305583744063e-09, 5.029635016237413e-09, 4.006348699939675e-09, 3.203335965939687e-09, 2.5795822232716472e-09, 2.0756762334190683e-09, 1.6633028560729567e-09, 1.3284148933957262e-09, 1.0571180205250955e-09, 8.432847849189882e-10, 6.709057379409841e-10, 5.35807890335944e-10, 4.2874192654497104e-10, 3.411238484322566e-10, 2.7086701803244604e-10, 2.1550054946821556e-10]
W_list: [7.8]
L_list: [4.824309374821746]
