C_list:
1.4790758664306661e-06 0.044476050068663946
ndim2: 500
W_list: [2.2]
L_list: [22.484011022924904]
