C_final_list: [1.7154985129036074e-06, 1.4481066404269757e-06, 1.2224002220300058e-06, 1.0282972220526338e-06, 8.710892634727254e-07, 7.367926395372759e-07, 6.257272528124233e-07, 5.279234103537516e-07, 4.4450345976257317e-07, 3.765475320990054e-07, 3.1795303738597027e-07, 2.682186757648463e-07, 2.2627251558705163e-07, 1.9118884163392977e-07, 1.6131629636079776e-07, 1.3589578990199794e-07, 1.1433774798868656e-07, 9.627809571900659e-08, 8.082926648510935e-08, 6.788456841383565e-08, 5.691563267808232e-08, 4.7864506974367304e-08, 4.028858880847255e-08, 3.3770932893205e-08, 2.83495040939035e-08, 2.382975400816815e-08, 2.0056443350845576e-08, 1.6781469955692746e-08, 1.4096384035476411e-08, 1.1777659814621225e-08, 9.873044376914288e-09, 8.277721807790594e-09, 6.934981993896959e-09, 5.8013852587891676e-09, 4.8575370446442786e-09]
ndim2: 500
W_list: [3.0]
L_list: [5.921224312250017]
