R_list= [ 1  2  3  4  5  6  7  8  9 10 11 12 13 14 15 16 17 18 19 20 21 22 23 24
 25 26 27 28 29 30 31 32 33 34 35 36 37 38]
C_final_list= [5.287484930645923e-07, 4.140024930133558e-07, 3.198446208653816e-07, 2.4596890428820843e-07, 1.8934363855577203e-07, 1.456435491651215e-07, 1.1159609232299748e-07, 8.566767407734162e-08, 6.576046303804442e-08, 5.0560640907780075e-08, 3.899018648022876e-08, 3.009510650541021e-08, 2.3201183694516637e-08, 1.7799953106038813e-08, 1.3709124014269983e-08, 1.0504514672940295e-08, 8.029910766541293e-09, 6.1339996469106165e-09, 4.6876884909203986e-09, 3.583563025398786e-09, 2.7431701661864656e-09, 2.0762441674673e-09, 1.569875584396017e-09, 1.1893087097255274e-09, 9.007161341114164e-10, 6.788345920975696e-10, 5.146814639008189e-10, 3.924548321665468e-10, 2.9649873633252206e-10, 2.2456361830727527e-10, 1.7123150114735808e-10, 1.3105673956230163e-10, 9.941725147958673e-11, 7.419540908583041e-11, 5.576319948623216e-11, 4.196988295270488e-11, 3.170893369054064e-11, 2.392581266474251e-11]
W_list: [8.6]
L_list: [3.8611669533479156]
