R_list= [ 1  2  3  4  5  6  7  8  9 10 11 12 13 14 15 16 17 18 19 20 21 22 23 24
 25 26 27 28 29 30 31 32 33 34 35 36 37 38]
C_final_list= [4.204387466919788e-07, 3.586109807027876e-07, 3.019839104462163e-07, 2.52699333786147e-07, 2.1087534902679081e-07, 1.7568125671148713e-07, 1.465306442422616e-07, 1.222648989292284e-07, 1.0188434918256753e-07, 8.489884823799502e-08, 7.082088260064461e-08, 5.901410202770809e-08, 4.912221325221615e-08, 4.0727829639648174e-08, 3.372042497865489e-08, 2.7890716289529156e-08, 2.3054935843726213e-08, 1.904257668962091e-08, 1.5707052440649753e-08, 1.2951352076123464e-08, 1.0663338599189242e-08, 8.7793974375736e-09, 7.227748241729696e-09, 5.961841454658307e-09, 4.919283793433707e-09, 4.052153221700732e-09, 3.33661098640753e-09, 2.7465599712767902e-09, 2.2585412436151346e-09, 1.8546874377338282e-09, 1.5239150703636584e-09, 1.2481239194573605e-09, 1.0209419605862482e-09, 8.392404740020584e-10, 6.893527519973997e-10, 5.653510258821001e-10, 4.65077917884955e-10, 3.829716429287216e-10]
W_list: [8.8]
L_list: [5.6029746680877475]
