C_list:
1.8325762540798471e-06 0.33172976048022096
ndim2: 500
W_list: [4.2]
L_list: [3.0145019203353143]
