R_list= [ 1  2  3  4  5  6  7  8  9 10 11 12 13 14 15 16 17 18 19 20 21 22 23 24
 25 26 27 28 29 30 31 32 33 34 35 36 37 38]
C_final_list= [1.810221302443107e-06, 1.566353226967367e-06, 1.3713142440491892e-06, 1.2205051126840836e-06, 1.0899923211249424e-06, 9.718703234782034e-07, 8.674091376291223e-07, 7.745432771001199e-07, 6.914449310643402e-07, 6.165817303154816e-07, 5.493793960269968e-07, 4.895289060383069e-07, 4.3602431484939976e-07, 3.882133093813702e-07, 3.4505052173864817e-07, 3.0649658492621607e-07, 2.72160096405275e-07, 2.417550684782903e-07, 2.1483586953170858e-07, 1.909155848405314e-07, 1.6959055139598424e-07, 1.506074113751959e-07, 1.3381859858690467e-07, 1.1898618243344227e-07, 1.0591817200402467e-07, 9.424691013300385e-08, 8.366494987846604e-08, 7.412757270558846e-08, 6.568050228279697e-08, 5.8170922314834034e-08, 5.1472668024767396e-08, 4.553067261867145e-08, 4.031553907667917e-08, 3.574149401307053e-08, 3.1672237835829865e-08, 2.8043650148131773e-08, 2.4842431306173443e-08, 2.2013322113500092e-08]
W_list: [4]
L_list: [8.486217582493703]
