R_list= [ 1  2  3  4  5  6  7  8  9 10 11 12 13 14 15 16 17 18 19 20 21 22 23 24
 25 26 27 28 29 30 31 32 33 34 35 36 37 38]
C_final_list= [1.1472489668178026e-06, 1.0641472384168289e-06, 9.834376301962538e-07, 9.076103555139715e-07, 8.367548956353641e-07, 7.715435821540934e-07, 7.114798378090595e-07, 6.562914515810363e-07, 6.052921364526428e-07, 5.583317854198873e-07, 5.150181939742388e-07, 4.7487693018695574e-07, 4.3765051755237467e-07, 4.0317083251827996e-07, 3.7130642632102984e-07, 3.4205599655264677e-07, 3.148364957788586e-07, 2.8998267545244384e-07, 2.671055852184392e-07, 2.4602230594644944e-07, 2.2633769310681405e-07, 2.083140329005694e-07, 1.9169312152679955e-07, 1.7641998110729903e-07, 1.622865082891617e-07, 1.492944783743889e-07, 1.3734143242117884e-07, 1.2628928538905452e-07, 1.162585112588057e-07, 1.0698728469192435e-07, 9.842779384344176e-08, 9.04766125252396e-08, 8.311042147655952e-08, 7.633029912697741e-08, 7.001958183651321e-08, 6.430128662321588e-08, 5.902313575657981e-08, 5.4113689257411745e-08]
W_list: [7.0]
L_list: [12.291256526375655]
