R_list= [ 1  2  3  4  5  6  7  8  9 10 11 12 13 14 15 16 17 18 19 20 21 22 23 24
 25 26 27 28 29 30 31 32 33 34 35 36 37 38]
C_final_list= [2.942083632574966e-05, 2.2053244600278214e-05, 1.64509490821378e-05, 1.2221262503353932e-05, 9.066836991508541e-06, 6.734706290908333e-06, 4.990627048561982e-06, 3.6949607997207484e-06, 2.7303442113119325e-06, 2.016571106095269e-06, 1.4902774416681298e-06, 1.1020250194702545e-06, 8.144175053588202e-07, 6.017378147213741e-07, 4.450381771395097e-07, 3.2840459099207265e-07, 2.4215713313720417e-07, 1.785901085787951e-07, 1.3172870084761406e-07, 9.742897694787171e-08, 7.205685118284374e-08, 5.3196562137161537e-08, 3.9303985977808837e-08, 2.892433789851771e-08, 2.140119707473709e-08, 1.5860442993913135e-08, 1.1807853345890968e-08, 8.818501142594489e-09, 6.536816898961097e-09, 4.840962574719531e-09, 3.557598731079042e-09, 2.6162401253624723e-09, 1.9118568577250533e-09, 1.3943022268632336e-09, 1.0254887995230284e-09, 7.519277621737597e-10, 5.522970165349968e-10, 4.0498285340775557e-10]
W_list: [8.3]
L_list: [3.385905677364729]
