C_final_list: [1.816454404253383e-06, 1.518964290394729e-06, 1.2665352387939301e-06, 1.0560468113626502e-06, 8.825725725029688e-07, 7.33701414732438e-07, 6.100279780016603e-07, 5.074217471237292e-07, 4.217960991558389e-07, 3.5166967800273874e-07, 2.923744984809456e-07, 2.465243581263672e-07, 2.0754650716837928e-07, 1.736891585633236e-07, 1.4527719680810536e-07, 1.2138803570404105e-07, 1.0170450376208529e-07, 8.489256733434044e-08, 7.105039320063283e-08, 5.945305268405856e-08, 4.947120222196589e-08, 4.10244193605004e-08, 3.3897548023182165e-08, 2.8052787476662866e-08, 2.324425888475158e-08, 1.9289529370288097e-08, 1.5983541553656818e-08, 1.320341539962293e-08, 1.0892340809673375e-08, 9.025967882021367e-09, 7.420432190417404e-09, 6.134753680990899e-09, 5.08855371872947e-09, 4.19996751005852e-09, 3.4616918732778154e-09, 2.855007583033761e-09, 2.3649909478546616e-09, 1.9388992757595406e-09, 1.6034859180174725e-09, 1.3182854612261685e-09, 1.0831036924663976e-09, 8.956574961560772e-10, 7.412508564752575e-10, 6.106195998345226e-10, 5.006472833739432e-10, 4.1359209274013227e-10, 3.4254108909524487e-10, 2.842965077201191e-10, 2.353836212728441e-10, 1.9582942599778037e-10]
ndim2: 500
W_list: [3.6]
L_list: [5.506456180705027]
