R_list= [ 1  2  3  4  5  6  7  8  9 10 11 12 13 14 15 16 17 18 19 20 21 22 23 24
 25 26 27 28 29 30 31 32 33 34 35 36 37 38]
C_final_list= [2.497730943001614e-06, 1.931174566836624e-06, 1.4719923340586596e-06, 1.1200237443116808e-06, 8.503565840836214e-07, 6.444821436539593e-07, 4.875038529110854e-07, 3.6816070375776546e-07, 2.7832128326820035e-07, 2.1026226757279345e-07, 1.5841584230414064e-07, 1.1965395122502367e-07, 9.008305642441106e-08, 6.790986628194885e-08, 5.120146357920801e-08, 3.8501936255350585e-08, 2.907171684081201e-08, 2.186616642392068e-08, 1.6486830418208872e-08, 1.237043098818053e-08, 9.247578259986715e-09, 6.8519698797247405e-09, 5.1023237405600045e-09, 3.789076177908837e-09, 2.815427288738818e-09, 2.115236770195529e-09, 1.5904212070649371e-09, 1.1941459194282506e-09, 8.915382185902007e-10, 6.685564554916987e-10, 5.034072270478559e-10, 3.799492524917962e-10, 2.8330938853538604e-10, 2.1086520890212185e-10, 1.5707140648431712e-10, 1.1526076358919816e-10, 8.476243691078852e-11, 6.302036410554815e-11]
W_list: [9.0]
L_list: [3.673872328750163]
