C_final_list: [2.306548385959539e-06, 2.106800877668389e-06, 1.9200682837732067e-06, 1.745185752135415e-06, 1.585563641335706e-06, 1.4388567009906617e-06, 1.3097754776600356e-06, 1.1913356613510132e-06, 1.0840616247915974e-06, 9.884883539813683e-07, 8.97915469740228e-07, 8.165200944934546e-07, 7.417841148593774e-07, 6.743279094525305e-07, 6.124207526903276e-07, 5.568697394306375e-07, 5.0559325651055e-07, 4.5952529666804384e-07, 4.1682106899095163e-07, 3.7781476594752774e-07, 3.432373718667829e-07, 3.1200528759463206e-07, 2.8332888269184815e-07, 2.5647590863138943e-07, 2.3212806856029277e-07, 2.1028123392498489e-07, 1.9024295538288636e-07, 1.7221724407127965e-07, 1.5591319551560562e-07, 1.4085128869938513e-07, 1.2721820182690692e-07, 1.1460081089667942e-07, 1.0351390326719023e-07, 9.32878503319676e-08, 8.392622932019505e-08, 7.544653933136443e-08, 6.782096785970343e-08, 6.10509953274779e-08, 5.4791543044726035e-08, 4.921887479289783e-08, 4.422516654746009e-08, 3.97142277894398e-08, 3.5623055695683315e-08, 3.206052158796496e-08, 2.8860179916849217e-08, 2.591427336994284e-08, 2.326440775453202e-08, 2.0928766918496372e-08, 1.8834660333930104e-08, 1.694429120029634e-08]
ndim2: 500
W_list: [2.4]
L_list: [10.471919446362824]
