R_list= [ 1  2  3  4  5  6  7  8  9 10 11 12 13 14 15 16 17 18 19 20 21 22 23 24
 25 26 27 28 29 30 31 32 33 34 35 36 37 38]
C_final_list= [2.967562789651085e-07, 2.43678203987634e-07, 1.96650865135676e-07, 1.5734764254117955e-07, 1.255905908358863e-07, 1.0021287531370336e-07, 7.96968586421326e-08, 6.326609303307282e-08, 5.0180201950109476e-08, 3.97583989212036e-08, 3.144076294422808e-08, 2.4862794910343412e-08, 1.966627838922449e-08, 1.5512503745984165e-08, 1.2227446109169118e-08, 9.601394713115807e-09, 7.53598828890512e-09, 5.901400447031063e-09, 4.622619742067731e-09, 3.622830207591475e-09, 2.8392871313555677e-09, 2.219168611824077e-09, 1.7362543789966323e-09, 1.3594655840056337e-09, 1.0622717300305328e-09, 8.253067139625854e-10, 6.402607438680478e-10, 4.988102183539618e-10, 3.891711497020167e-10, 3.039850631653443e-10, 2.366957629721732e-10, 1.8472795895905356e-10, 1.4415817636757668e-10, 1.1142162138785384e-10, 8.633918278151714e-11, 6.671474156901364e-11, 5.1655550098352734e-11, 4.0135321070394935e-11]
W_list: [9.4]
L_list: [4.513091412952127]
