C_final_list: [1.3410850921733822e-06, 1.2005677894471876e-06, 1.0685459461360297e-06, 9.496437107021511e-07, 8.439828310392027e-07, 7.528156021212888e-07, 6.697297250495243e-07, 5.973109233975106e-07, 5.29874948453937e-07, 4.7072692834331564e-07, 4.179046694421424e-07, 3.708771410721705e-07, 3.293815734849361e-07, 2.9194632415886423e-07, 2.5822713264838644e-07, 2.289089940816249e-07, 2.032613430953984e-07, 1.7998912661500163e-07, 1.593925725398546e-07, 1.4125352829946562e-07, 1.253498207857677e-07, 1.1123128446618262e-07, 9.849847409402533e-08, 8.730466201506034e-08, 7.742718574588582e-08, 6.841087271877995e-08, 6.049248872982083e-08, 5.3595968322410454e-08, 4.735559665020929e-08, 4.1928279348558124e-08, 3.7021051764190456e-08, 3.27142505581636e-08, 2.888766718667849e-08, 2.5505336649470192e-08, 2.2542087283852082e-08]
ndim2: 500
W_list: [2.6]
L_list: [8.492328579356528]
