C_final_list: [1.5943155221491247e-06, 1.5722421914907912e-06, 1.5500546929981895e-06, 1.528420858187185e-06, 1.5074550464159742e-06, 1.486547791748702e-06, 1.4660754700257464e-06, 1.4463196962891494e-06, 1.4268281569048503e-06, 1.4073883014597014e-06, 1.3882458887090256e-06, 1.3693249743422728e-06, 1.3507600113610524e-06, 1.3325989507131757e-06, 1.3146408694390148e-06, 1.296920964780128e-06, 1.2796062579080874e-06, 1.2624702740707674e-06, 1.2454591671734922e-06, 1.228625504756441e-06, 1.2120258591929728e-06, 1.1958956558460384e-06, 1.1797801738647348e-06, 1.1639244334071941e-06, 1.1482378214172674e-06, 1.1327786692966947e-06, 1.1175240274772185e-06, 1.102371764701022e-06, 1.0874433249570862e-06, 1.0726319084073733e-06, 1.0581740512854631e-06, 1.0438510077361946e-06, 1.029723831093481e-06, 1.0157077544770418e-06, 1.001920901376528e-06]
ndim2: 500
W_list: [2.4]
L_list: [73.39306492385391]
