C_list:
1.9613838682788978e-06 0.1587790129642948
ndim2: 500
W_list: [2.6]
L_list: [6.298061572059738]
