C_final_list: [1.2027763006633534e-06, 1.168347498849628e-06, 1.13377538047944e-06, 1.0994037948008015e-06, 1.066246589051431e-06, 1.0338127755820917e-06, 1.0018637406449708e-06, 9.704507204734427e-07, 9.40154260648672e-07, 9.108063524837206e-07, 8.822971223402373e-07, 8.545313967968495e-07, 8.276169377014366e-07, 8.014645915781394e-07, 7.76495366059872e-07, 7.523320572035305e-07, 7.289288584638714e-07, 7.060724370533039e-07, 6.83661177791321e-07, 6.619770632488725e-07, 6.407957454691572e-07, 6.204192476915932e-07, 6.006183063773288e-07, 5.815925741935778e-07, 5.632464811184977e-07, 5.453735466295154e-07, 5.278286629249311e-07, 5.107893214871831e-07, 4.94284414840956e-07, 4.782944182115752e-07, 4.626785099013737e-07, 4.475862775629538e-07, 4.32960886085826e-07, 4.189126968687535e-07, 4.052792938086535e-07, 3.9200176056736315e-07, 3.7906432929039173e-07, 3.665487768064807e-07, 3.544220428212132e-07, 3.426779616658333e-07, 3.312561691133948e-07, 3.201998768191894e-07, 3.094425641030877e-07, 2.991188324343581e-07, 2.892234596080394e-07, 2.796096539740383e-07, 2.702226235197924e-07, 2.6123600020514616e-07, 2.5250438360047477e-07, 2.4404625064464646e-07]
ndim2: 500
W_list: [3.6]
L_list: [31.03594218839233]
