R_list= [ 1  2  3  4  5  6  7  8  9 10 11 12 13 14 15 16 17 18 19 20 21 22 23 24
 25 26 27 28 29 30 31 32 33 34 35 36 37 38]
C_final_list= [2.654384222925392e-07, 2.2359159624792575e-07, 1.8780166122031887e-07, 1.566735142867074e-07, 1.3049832289187554e-07, 1.0852923268656233e-07, 9.001273302200752e-08, 7.444823886937893e-08, 6.153880754037017e-08, 5.082597080582801e-08, 4.19921233937559e-08, 3.474215936481375e-08, 2.8750819867943546e-08, 2.3780935218979555e-08, 1.9685602860867418e-08, 1.627211921464114e-08, 1.3433524208195246e-08, 1.1078670841380114e-08, 9.127893280401997e-09, 7.522804892720959e-09, 6.185520809916684e-09, 5.085559722265117e-09, 4.177119803624296e-09, 3.4342879596060037e-09, 2.8221405644116205e-09, 2.3228756343320502e-09, 1.913181188492642e-09, 1.5765584011083164e-09, 1.2967244186112908e-09, 1.0652296573412167e-09, 8.751278353079781e-10, 7.188431071730931e-10, 5.911171722761643e-10, 4.864820548799463e-10, 3.997542280201181e-10, 3.279977383905928e-10, 2.6928713698905635e-10, 2.2004892156236856e-10]
W_list: [7]
L_list: [5.453869589265115]
