R_list= [ 1  2  3  4  5  6  7  8  9 10 11 12 13 14 15 16 17 18 19 20 21 22 23 24
 25 26 27 28 29 30 31 32 33 34 35 36 37 38]
C_final_list= [3.351683090489244e-07, 1.6511848648231432e-07, 6.616898242385086e-08, 2.378643098001325e-08, 8.015145311481208e-09, 2.6123456185259843e-09, 8.398190308464949e-10, 2.707697031925859e-10, 8.948277562196776e-11, 3.1147242648441546e-11, 1.1651197194315445e-11, 4.532150093867312e-12, 1.7364624447834606e-12, 6.59870580763392e-13, 2.6353916912518324e-13, 1.2158547393875505e-13, 6.210642031145647e-14, 3.023148789591462e-14, 1.2978778802152141e-14, 4.895680617778549e-15, 1.6024460501093394e-15, 5.059463976709776e-16, 1.7330791576688973e-16, 6.404929594623093e-17, 2.480132722092876e-17, 9.327915734238834e-18, 3.29178815054144e-18, 1.123850470275965e-18, 3.766755473482978e-19, 1.2550207236277377e-19, 4.68778123443416e-20, 1.9795796359189297e-20, 9.57549115043433e-21, 5.441402651457983e-21, 3.663586057794073e-21, 2.8236522886107533e-21, 2.402053853981365e-21, 2.21277011315117e-21]
W_list: [5]
L_list: [1.2650996754575532]
