R_list= [ 1  2  3  4  5  6  7  8  9 10 11 12 13 14 15 16 17 18 19 20 21 22 23 24
 25 26 27 28 29 30]
C_final_list= [7.222617657578714e-07, 6.854660488726444e-07, 6.481920145330265e-07, 6.126015919132312e-07, 5.788239663893324e-07, 5.468378820561842e-07, 5.162623109675928e-07, 4.873903838988334e-07, 4.595212262317482e-07, 4.334317293310687e-07, 4.0864651481538367e-07, 3.8515365149533607e-07, 3.629494836697197e-07, 3.4201973095232085e-07, 3.223525602674828e-07, 3.0395967971997756e-07, 2.864740137315391e-07, 2.697851674115855e-07, 2.541232076961689e-07, 2.393320208257698e-07, 2.2532856533019327e-07, 2.1216055144233122e-07, 1.9972228483403906e-07, 1.879198916208729e-07, 1.7682947662567418e-07, 1.6623466525396232e-07, 1.5630614685114005e-07, 1.4692852276360107e-07, 1.3811069386782306e-07, 1.2969169320997597e-07]
W_list: [6]
L_list: [17.066278454136658]
