R_list= [ 1  2  3  4  5  6  7  8  9 10 11 12 13 14 15 16 17 18 19 20 21 22 23 24
 25 26 27 28 29 30 31 32 33 34 35 36 37 38]
C_final_list= [5.903265113588715e-06, 5.004764263560481e-06, 4.198180139445569e-06, 3.5072144469312223e-06, 2.92453340799995e-06, 2.4370629439058376e-06, 2.0297567475061394e-06, 1.6904146826317556e-06, 1.4057100302939413e-06, 1.168719301236332e-06, 9.719986034892597e-07, 8.086445230240823e-07, 6.721982210538364e-07, 5.587278486974024e-07, 4.6427247390320376e-07, 3.8502030385988903e-07, 3.194235227260357e-07, 2.651273585963682e-07, 2.1995958146534297e-07, 1.8245259111298967e-07, 1.5132215555142058e-07, 1.255332744084436e-07, 1.0432100145843566e-07, 8.677515799469714e-08, 7.208175050092264e-08, 5.978318176708599e-08, 4.955212024571064e-08, 4.113522511193274e-08, 3.4183131017534e-08, 2.843525985419514e-08, 2.3639510668160435e-08, 1.962622880885123e-08, 1.6300580696559023e-08, 1.3553550093859217e-08, 1.1276713576028712e-08, 9.377823344580032e-09, 7.795804732508367e-09, 6.471854574293106e-09]
W_list: [8.35]
L_list: [5.549514378666089]
