R_list= [ 1  2  3  4  5  6  7  8  9 10 11 12 13 14 15 16 17 18 19 20 21 22 23 24
 25 26 27 28 29 30 31 32]
C_final_list= [1.5005680435108722e-07, 8.23318739040903e-08, 4.044107311143536e-08, 1.9053284209457566e-08, 8.824572542189989e-09, 4.021828331957091e-09, 1.8058763395000043e-09, 8.060484714857871e-10, 3.579411818688967e-10, 1.576007826151696e-10, 6.934040495930314e-11, 3.045110480251624e-11, 1.3384061706371661e-11, 5.760351887443203e-12, 2.3821495415833073e-12, 9.741734918930806e-13, 3.956135031994468e-13, 1.623099916784042e-13, 6.780164606427282e-14, 2.932294271367571e-14, 1.3052990131067491e-14, 6.141446812530519e-15, 3.257964793120905e-15, 1.6880829224964175e-15, 1.0562094337810902e-15, 1.4788603692758538e-15, 2.6855767545692925e-15, 1.7323147895452933e-15, 4.358375956178723e-16, 7.988280880093091e-17, 1.7694698662104017e-17, 4.486290416554736e-18]
W_list: [6]
L_list: [1.5191572628982435]
