R_list= [ 1  2  3  4  5  6  7  8  9 10 11 12 13 14 15 16 17 18 19 20 21 22 23 24
 25 26 27 28 29 30 31 32 33 34 35 36 37 38]
C_final_list= [7.717460399351679e-08, 3.676868632931916e-08, 1.3966728399674833e-08, 4.676440274741598e-09, 1.459034893581869e-09, 4.3641147894874766e-10, 1.2701403328800173e-10, 3.616263847910799e-11, 1.0152164459471159e-11, 2.814675079738584e-12, 7.756844302482231e-13, 2.1357162983054315e-13, 5.930165648438906e-14, 1.6621069689099548e-14, 4.683482451874738e-15, 1.3081286029017626e-15, 3.599858981505268e-16, 9.726379161601766e-17, 2.6346206828584886e-17, 7.25407797699926e-18, 2.043454869694732e-18, 6.152032088675742e-19, 2.0900795694739858e-19, 6.991837236047416e-20, 2.17627962277967e-20, 7.161812417548234e-21, 2.7341203786835933e-21, 1.27258418733266e-21, 7.312954341075062e-22, 4.90592855370519e-22, 3.7040902111946967e-22, 3.072817025829527e-22, 2.723080437278833e-22, 2.521168793377424e-22, 2.446085369743625e-22, 2.4286143265409334e-22, 2.4453015296833583e-22, 2.492972958958622e-22]
W_list: [5]
L_list: [1.2118878722414226]
