C_final_list: [1.3409034412847878e-06, 1.282090823459145e-06, 1.2203292402347892e-06, 1.1615917466544178e-06, 1.1048344627636422e-06, 1.050917690043211e-06, 1.000339034342826e-06, 9.521050397056503e-07, 9.058891901751015e-07, 8.613636711275788e-07, 8.188875287887825e-07, 7.778655025157736e-07, 7.390539698305635e-07, 7.022054567118886e-07, 6.673322991694348e-07, 6.343719474649516e-07, 6.036036969218345e-07, 5.738077762227782e-07, 5.453803300810566e-07, 5.18398523767797e-07, 4.931431527022617e-07, 4.6879822543852043e-07, 4.4539615260073707e-07, 4.23575345827598e-07, 4.0253123461170286e-07, 3.8214513588804506e-07, 3.6301902845091164e-07, 3.4480073791899453e-07, 3.2753485719182825e-07, 3.1140104534601304e-07, 2.9604650577058164e-07, 2.813498169742895e-07, 2.6724514192110933e-07, 2.5383087257145187e-07, 2.4107154933438027e-07]
ndim2: 500
W_list: [2.2]
L_list: [19.85041080015836]
