C_final_list: [1.8584242993224845e-06, 1.731455428254311e-06, 1.613026467399616e-06, 1.5030285702673799e-06, 1.4013275394774914e-06, 1.3080532169431745e-06, 1.2207107770495858e-06, 1.1390221877009144e-06, 1.0628848834098027e-06, 9.899215673023775e-07, 9.214529715360198e-07, 8.583802727345944e-07, 7.995483326054698e-07, 7.448660928355568e-07, 6.93405569347233e-07, 6.456409430602892e-07, 6.008547452966171e-07, 5.592392207662116e-07, 5.208520039032459e-07, 4.85026383529407e-07, 4.5152545205795223e-07, 4.209604240425816e-07, 3.924863270396182e-07, 3.66294482612023e-07, 3.413755190374282e-07, 3.180894682520351e-07, 2.959851138334513e-07, 2.753950749079702e-07, 2.562297028254558e-07, 2.3862859549488053e-07, 2.21890264789876e-07, 2.0627141806187238e-07, 1.9132071110016726e-07, 1.7745992566100352e-07, 1.6458731207527405e-07, 1.5270295632151675e-07, 1.418048451046571e-07, 1.3159400539997107e-07, 1.2214213491072182e-07, 1.1346421325825302e-07, 1.0529073590552396e-07, 9.77458423289097e-08, 9.063984693551547e-08, 8.408102893325323e-08, 7.796891003642696e-08, 7.232950098256558e-08, 6.70352881914783e-08, 6.217693721639198e-08, 5.766117530343781e-08, 5.3447713821322686e-08]
ndim2: 500
W_list: [3.15]
L_list: [14.12084687001237]
