C_final_list: [1.6418530722815223e-06, 1.616577187707528e-06, 1.5913404612474535e-06, 1.56718350150164e-06, 1.5439567952627789e-06, 1.5209677675470842e-06, 1.4981872799567282e-06, 1.4757153488567979e-06, 1.4536581660360123e-06, 1.4319497266898935e-06, 1.410704387867993e-06, 1.3895862909679033e-06, 1.3688707109561232e-06, 1.348645940264715e-06, 1.3287482551126078e-06, 1.3090627697729434e-06, 1.2894587300260758e-06, 1.2702662752311156e-06, 1.251413669619581e-06, 1.232723087649774e-06, 1.214557490819858e-06, 1.196507643672294e-06, 1.1789427601822143e-06, 1.1615544588903614e-06, 1.1442671433454087e-06, 1.1272897923177394e-06, 1.1103932774872888e-06, 1.0940169240032304e-06, 1.0778573172979256e-06, 1.0620518574665548e-06, 1.0465035177359022e-06, 1.031194043590336e-06, 1.0160042632372992e-06, 1.0011167193564262e-06, 9.864254201440825e-07, 9.717841117229346e-07, 9.573056779962457e-07, 9.429608986198106e-07, 9.288120592525406e-07, 9.148853294135578e-07, 9.011858620385315e-07, 8.876440918190793e-07, 8.741348509058209e-07, 8.607698457597173e-07, 8.47684437444587e-07, 8.347301272567697e-07, 8.21826161896969e-07, 8.08975644234104e-07, 7.963665988781606e-07, 7.840008328556195e-07]
ndim2: 500
W_list: [3.0]
L_list: [66.7287059615879]
