C_list:
1.1659922561613702e-06 0.08468803801113914
ndim2: 500
W_list: [3.0]
L_list: [11.808043065875118]
