R_list= [ 1  2  3  4  5  6  7  8  9 10 11 12 13 14 15 16 17 18 19 20 21 22 23 24
 25 26 27 28 29 30 31 32 33 34 35 36 37 38]
C_final_list= [3.345606460206876e-07, 1.6571080783502063e-07, 6.670976031257372e-08, 2.406518573744176e-08, 8.176105716622632e-09, 2.6864859405578113e-09, 8.664991421322555e-10, 2.787408913216574e-10, 9.004582007901223e-11, 2.9219453770595285e-11, 9.597264314533074e-12, 3.208207953498418e-12, 1.077984725064312e-12, 3.52981588413885e-13, 1.0930864139076223e-13, 3.3802962299406277e-14, 1.0870475514070571e-14, 3.797957096295423e-15, 1.580044163559931e-15, 7.621705700550712e-16, 3.338130621206856e-16, 1.1632787566032124e-16, 3.86612445491314e-17, 1.2189475911997493e-17, 4.136195437446813e-18, 1.4110448843134331e-18, 5.418066278006687e-19, 2.241596600767488e-19, 9.513543337274261e-20, 4.174834810073038e-20, 1.9921966008074147e-20, 1.093406969672322e-20, 6.7565300268200696e-21, 4.530998381664077e-21, 3.38307481912928e-21, 2.7667693624487925e-21, 2.437073291256237e-21, 2.254852487893631e-21]
W_list: [5]
L_list: [1.2720848098866764]
