R_list= [ 1  2  3  4  5  6  7  8  9 10 11 12 13 14 15 16 17 18 19 20 21 22 23 24
 25 26 27 28 29 30 31 32 33 34 35 36 37 38]
C_final_list= [1.243520515592088e-06, 1.1576025554263218e-06, 1.0886865365684257e-06, 1.0212542078031046e-06, 9.579742171606594e-07, 8.986610736135652e-07, 8.423460709045895e-07, 7.894164073580057e-07, 7.402749573765725e-07, 6.946085070718761e-07, 6.518150573087732e-07, 6.109949581173002e-07, 5.728549682913513e-07, 5.369649765649238e-07, 5.028145526044677e-07, 4.7075787149132593e-07, 4.4104116204411757e-07, 4.126069152949157e-07, 3.8597623892995676e-07, 3.612122763919749e-07, 3.3792633618996705e-07, 3.162496968718701e-07, 2.9574432499661546e-07, 2.765488838454315e-07, 2.5858678030338566e-07, 2.4188470943812e-07, 2.261551629247454e-07, 2.1125244190055728e-07, 1.972996010151183e-07, 1.8410395141752824e-07, 1.7195159368665764e-07, 1.605355835813331e-07, 1.4983524060744284e-07, 1.398547899546839e-07, 1.3046570090819065e-07, 1.2170731946349866e-07, 1.1345758298441367e-07, 1.0582789928708266e-07]
W_list: [5]
L_list: [15.32331965579818]
