C_list:
9.634442352714667e-07 0.1256332156367799
ndim2: 500
W_list: [3.6]
L_list: [7.959678457097804]
