R_list= [ 1  2  3  4  5  6  7  8  9 10 11 12 13 14 15 16 17 18 19 20 21 22 23 24
 25 26 27 28 29 30 31 32 33 34 35 36 37 38]
C_final_list= [6.059485735509529e-07, 5.642970442153107e-07, 5.222419206462834e-07, 4.817082930697712e-07, 4.434956464487107e-07, 4.0797211130563966e-07, 3.7509403219473766e-07, 3.4479916217273786e-07, 3.1680836769167005e-07, 2.9122523908569086e-07, 2.6761543482398065e-07, 2.457385850053951e-07, 2.2551813942303186e-07, 2.0684474885125978e-07, 1.8947184209029189e-07, 1.7347818087987925e-07, 1.588104115924256e-07, 1.4530889280039944e-07, 1.3288448781823008e-07, 1.2146010168751856e-07, 1.1096421082381439e-07, 1.0134112324052525e-07, 9.25539738871441e-08, 8.45527975731266e-08, 7.721300890250612e-08, 7.050930579651243e-08, 6.435713849355712e-08, 5.872399011285254e-08, 5.3617861752769386e-08, 4.8903543252712904e-08, 4.4557789857961284e-08, 4.059203584977164e-08, 3.696943672022454e-08, 3.364001074968379e-08, 3.058546359891961e-08, 2.7812819709820896e-08, 2.5283215596825858e-08, 2.2983255753201714e-08]
W_list: [7.8]
L_list: [11.750729313680784]
