R_list= [ 1  2  3  4  5  6  7  8  9 10 11 12 13 14 15 16 17 18 19 20 21 22 23 24
 25 26 27 28 29 30 31 32 33 34 35 36 37 38]
C_final_list= [3.872929616074357e-07, 3.5332132368162893e-07, 3.1983447578491653e-07, 2.882990233616603e-07, 2.5970207090466737e-07, 2.3356404260253893e-07, 2.0977467467196979e-07, 1.884252792233106e-07, 1.6906051945742414e-07, 1.5157692922663112e-07, 1.3583447240762062e-07, 1.2170241865688394e-07, 1.0892133395465285e-07, 9.739378356071608e-08, 8.719030290146308e-08, 7.801514495304286e-08, 6.982087052094209e-08, 6.250728986158801e-08, 5.5860799196307157e-08, 4.988240473112316e-08, 4.45190716711156e-08, 3.977873203521235e-08, 3.554361599213055e-08, 3.174964367836204e-08, 2.83079892337608e-08, 2.5230084639099364e-08, 2.2468337239465854e-08, 1.999771987503357e-08, 1.779287851484677e-08, 1.582006884053751e-08, 1.4058748543649818e-08, 1.2489907284006438e-08, 1.109736461082931e-08, 9.86179382879949e-09, 8.760209927833236e-09, 7.789692119586858e-09, 6.920115120859799e-09, 6.1408274706891385e-09]
W_list: [7]
L_list: [9.307827887101995]
