C_final_list: [1.7154071125627233e-06, 1.558793993057194e-06, 1.411788321378717e-06, 1.2807482140404565e-06, 1.1631454037749127e-06, 1.0577381606968061e-06, 9.62324620438033e-07, 8.727399487012936e-07, 7.926533130133641e-07, 7.176476366498684e-07, 6.498198579378814e-07, 5.882876291807214e-07, 5.320978324867976e-07, 4.815508048363149e-07, 4.35321529785249e-07, 3.9358273889767873e-07, 3.5546535830525123e-07, 3.207266137872374e-07, 2.8965139742381573e-07, 2.615480842310162e-07, 2.3649991193473776e-07, 2.138041196421254e-07, 1.9364464522245718e-07, 1.7543441395327811e-07, 1.585983893055074e-07, 1.4314257000650776e-07, 1.2938859146078978e-07, 1.1667028410931059e-07, 1.0534753249874136e-07, 9.503905918834325e-08, 8.577074293516875e-08, 7.743454656601043e-08, 6.988633916089177e-08, 6.30604401146874e-08, 5.693494580165429e-08, 5.1424717830107414e-08, 4.6427896579481984e-08, 4.1803075767257466e-08, 3.7689471809123216e-08, 3.3966036044269574e-08, 3.058802870981165e-08, 2.7532412176329876e-08, 2.4750345678497353e-08, 2.2271490833708367e-08, 2.0065541422840963e-08, 1.8066608458693973e-08, 1.6262639571017318e-08, 1.4647487226077332e-08, 1.3190680349853622e-08, 1.1876931727272677e-08]
ndim2: 500
W_list: [3.6]
L_list: [10.15341170004865]
