C_final_list: [1.4428315820533332e-06, 1.1170604569859656e-06, 8.643439124925707e-07, 6.666728187186517e-07, 5.14321216136472e-07, 3.967455260341005e-07, 3.0414145907272103e-07, 2.3407049223097184e-07, 1.8041630874638508e-07, 1.385748583537001e-07, 1.059776182534592e-07, 8.107617960570592e-08, 6.177029285959155e-08, 4.688533727901789e-08, 3.576381471576145e-08, 2.728143426210345e-08, 2.07538621302324e-08, 1.5689158625829906e-08, 1.1908101397077772e-08, 9.148899379181e-09, 7.0203754580818754e-09, 5.359732727288116e-09, 4.122224212655264e-09, 3.18049474626317e-09, 2.462147667137994e-09, 1.8902569065638257e-09, 1.4575642694613303e-09, 1.1069887490139355e-09, 8.392541216458774e-10, 6.399989445941254e-10, 4.84046842839875e-10, 3.669724624921857e-10, 2.780207702588498e-10, 2.096656168589306e-10, 1.5879250959391268e-10]
ndim2: 500
W_list: [3.2]
L_list: [3.8535191911057587]
