R_list= [ 1  2  3  4  5  6  7  8  9 10 11 12 13 14 15 16 17 18 19 20 21 22 23 24
 25 26 27 28 29 30 31 32]
C_final_list= [7.186519890158291e-07, 6.478837082353833e-07, 5.868114582155306e-07, 5.302850798351471e-07, 4.797824876168273e-07, 4.335723764627339e-07, 3.915280400866618e-07, 3.5364833191651477e-07, 3.191161794497375e-07, 2.8738763386286227e-07, 2.589515858240608e-07, 2.3325953273898999e-07, 2.1019730683469576e-07, 1.8923673634647754e-07, 1.7051975315687526e-07, 1.5389374965401675e-07, 1.3884645479788873e-07, 1.2515877665610396e-07, 1.1271396622869526e-07, 1.0149654755031762e-07, 9.142244732330697e-08, 8.216296584711482e-08, 7.38919180716417e-08, 6.645416412865986e-08, 5.974448060338092e-08, 5.36433337411878e-08, 4.8138485408684625e-08, 4.3179968009137146e-08, 3.869008955601622e-08, 3.4668932115153536e-08, 3.107468211216373e-08, 2.787337896875977e-08]
W_list: [6]
L_list: [9.727705225983232]
