R_list= [ 1  2  3  4  5  6  7  8  9 10 11 12 13 14 15 16 17 18 19 20 21 22 23 24
 25 26 27 28 29 30 31 32 33 34 35 36 37 38]
C_final_list= [1.5528731115680482e-06, 1.3868755920640533e-06, 1.2579049406447058e-06, 1.1369094112603758e-06, 1.028540417953564e-06, 9.318129149169333e-07, 8.431599361585303e-07, 7.632154224664358e-07, 6.910615629238448e-07, 6.252385352461046e-07, 5.653780365383873e-07, 5.108305924321334e-07, 4.6129390781820234e-07, 4.167820746553705e-07, 3.762184173011864e-07, 3.3959100193849606e-07, 3.068145777090147e-07, 2.765668898080759e-07, 2.492642940504788e-07, 2.245430186807268e-07, 2.0239802253643085e-07, 1.8255788020221456e-07, 1.6465317182000351e-07, 1.4848382214332812e-07, 1.3366936575931816e-07, 1.204093540525956e-07, 1.0836306212323035e-07, 9.740793086554331e-08, 8.755472916766552e-08, 7.878557703536698e-08, 7.077606817484456e-08, 6.342426147729689e-08, 5.683263289687763e-08, 5.099531774167549e-08, 4.5794841327971925e-08, 4.114377691038479e-08, 3.697203923837174e-08, 3.32144288233636e-08]
W_list: [5]
L_list: [9.872926341221534]
